3263136,0.0647648,0.0647647976875305,0.768,0.184,-0.581,-0.730,-0.607,-0.209,-0.235,0.091,0.874,1.192,0.353,0.138,0.777,-0.165,0.462,0.394,1.000,1.000
3263146,0.0275944,0.0923591982573271,0.768,0.184,-0.581,-0.730,-0.607,-0.209,-0.235,0.091,0.874,1.192,0.353,0.138,0.776,-0.158,0.465,0.396,1.000,1.000
3263154,0.0485573,0.140916498377919,0.768,0.184,-0.581,-0.730,-0.607,-0.209,-0.235,0.091,0.874,1.192,0.353,0.137,0.775,-0.157,0.464,0.398,1.000,1.000
3263162,0.0405425,0.181458996608853,0.768,0.184,-0.581,-0.730,-0.607,-0.209,-0.235,0.091,0.874,1.191,0.353,0.137,0.776,-0.157,0.463,0.397,1.000,1.000
3263172,0.0424548,0.223913798108697,0.768,0.184,-0.581,-0.730,-0.607,-0.209,-0.235,0.091,0.874,1.192,0.352,0.138,0.776,-0.157,0.463,0.398,1.000,1.000
3263180,0.0474551,0.271368896588683,0.768,0.184,-0.581,-0.730,-0.607,-0.209,-0.235,0.091,0.874,1.192,0.352,0.139,0.777,-0.156,0.463,0.398,1.000,1.000
3263186,0.0339971,0.305365996435285,0.768,0.184,-0.581,-0.730,-0.607,-0.209,-0.235,0.091,0.874,1.193,0.351,0.140,0.777,-0.155,0.464,0.396,1.000,1.000
3263196,0.0405371,0.345903096720576,0.768,0.184,-0.581,-0.730,-0.607,-0.209,-0.235,0.091,0.874,1.192,0.351,0.139,0.777,-0.155,0.463,0.397,1.000,1.000
3263206,0.0465794,0.392482494935393,0.768,0.184,-0.581,-0.730,-0.607,-0.209,-0.235,0.091,0.874,1.191,0.352,0.139,0.776,-0.156,0.462,0.400,1.000,1.000
3263214,0.0435475,0.436029994860291,0.768,0.184,-0.581,-0.730,-0.607,-0.209,-0.235,0.091,0.874,1.191,0.351,0.139,0.776,-0.156,0.462,0.401,1.000,1.000
3263222,0.0454052,0.481435196474195,0.768,0.184,-0.581,-0.730,-0.607,-0.209,-0.235,0.091,0.874,1.191,0.350,0.139,0.775,-0.157,0.463,0.401,1.000,1.000
3263232,0.043304,0.524739196524024,0.768,0.184,-0.581,-0.730,-0.607,-0.209,-0.235,0.091,0.874,1.192,0.350,0.141,0.775,-0.156,0.463,0.400,1.000,1.000
3263242,0.0457644,0.570503598079085,0.768,0.184,-0.581,-0.730,-0.607,-0.209,-0.235,0.091,0.874,1.192,0.350,0.141,0.776,-0.155,0.462,0.400,1.000,1.000
3263250,0.0454433,0.615946898236871,0.768,0.184,-0.581,-0.730,-0.607,-0.209,-0.235,0.091,0.874,1.190,0.351,0.141,0.777,-0.153,0.461,0.400,1.000,1.000
3263258,0.0415601,0.657506996765733,0.768,0.184,-0.581,-0.730,-0.607,-0.209,-0.235,0.091,0.874,1.190,0.351,0.141,0.777,-0.154,0.460,0.400,1.000,1.000
3263268,0.0464445,0.703951498493552,0.768,0.184,-0.581,-0.730,-0.607,-0.209,-0.235,0.091,0.874,1.191,0.352,0.140,0.778,-0.154,0.461,0.399,1.000,1.000
3263278,0.0499516,0.753903100267053,0.768,0.184,-0.581,-0.730,-0.607,-0.209,-0.235,0.091,0.874,1.191,0.352,0.140,0.778,-0.154,0.461,0.399,1.000,1.000
3263288,0.0526347,0.806537801399827,0.768,0.184,-0.581,-0.730,-0.607,-0.209,-0.235,0.091,0.874,1.192,0.352,0.140,0.778,-0.153,0.462,0.399,1.000,1.000
3263296,0.0412966,0.847834402695298,0.768,0.184,-0.581,-0.730,-0.607,-0.209,-0.235,0.091,0.874,1.191,0.352,0.140,0.777,-0.153,0.461,0.400,1.000,1.000
3263306,0.0437567,0.891591103747487,0.768,0.184,-0.581,-0.730,-0.607,-0.209,-0.235,0.091,0.874,1.190,0.351,0.140,0.776,-0.154,0.461,0.403,1.000,1.000
3263314,0.0449737,0.936564804986119,0.768,0.184,-0.581,-0.730,-0.607,-0.209,-0.235,0.091,0.874,1.190,0.352,0.141,0.776,-0.153,0.461,0.403,1.000,1.000
3263322,0.0428285,0.979393305256963,0.768,0.184,-0.581,-0.730,-0.607,-0.209,-0.235,0.091,0.874,1.190,0.353,0.141,0.776,-0.152,0.462,0.402,1.000,1.000
3263332,0.0429069,1.02230020426214,0.768,0.184,-0.581,-0.730,-0.607,-0.209,-0.235,0.091,0.874,1.190,0.353,0.142,0.776,-0.152,0.462,0.402,1.000,1.000
3263340,0.0456084,1.06790860556066,0.768,0.184,-0.581,-0.730,-0.607,-0.209,-0.235,0.091,0.874,1.189,0.353,0.141,0.775,-0.151,0.463,0.402,1.000,1.000
3263350,0.0395967,1.10750530473888,0.768,0.184,-0.581,-0.730,-0.607,-0.209,-0.235,0.091,0.874,1.189,0.354,0.140,0.775,-0.150,0.465,0.402,1.000,1.000
3263358,0.0509973,1.15850260294974,0.768,0.184,-0.581,-0.730,-0.607,-0.209,-0.235,0.091,0.874,1.189,0.353,0.140,0.774,-0.150,0.466,0.401,1.000,1.000
3263366,0.0448053,1.20330790244043,0.768,0.184,-0.581,-0.730,-0.607,-0.209,-0.235,0.091,0.874,1.189,0.354,0.140,0.774,-0.149,0.467,0.400,1.000,1.000
3263376,0.040293,1.24360090307891,0.768,0.184,-0.581,-0.730,-0.607,-0.209,-0.235,0.091,0.874,1.189,0.353,0.140,0.773,-0.150,0.467,0.402,1.000,1.000
3263384,0.0463593,1.28996020369232,0.768,0.184,-0.581,-0.730,-0.607,-0.209,-0.235,0.091,0.874,1.189,0.352,0.140,0.773,-0.151,0.466,0.403,1.000,1.000
3263392,0.0427177,1.33267790265381,0.768,0.184,-0.581,-0.730,-0.607,-0.209,-0.235,0.091,0.874,1.189,0.353,0.141,0.773,-0.150,0.466,0.403,1.000,1.000
3263402,0.0446514,1.37732930295169,0.768,0.184,-0.581,-0.730,-0.607,-0.209,-0.235,0.091,0.874,1.190,0.354,0.141,0.773,-0.150,0.467,0.402,1.000,1.000
3263412,0.046253,1.42358230240643,0.768,0.184,-0.581,-0.730,-0.607,-0.209,-0.235,0.091,0.874,1.190,0.354,0.141,0.773,-0.149,0.466,0.403,1.000,1.000
3263420,0.0438761,1.46745840273798,0.768,0.184,-0.581,-0.730,-0.607,-0.209,-0.235,0.091,0.874,1.190,0.354,0.141,0.773,-0.149,0.467,0.403,1.000,1.000
3263428,0.045234,1.51269240118563,0.768,0.184,-0.581,-0.730,-0.607,-0.209,-0.235,0.091,0.874,1.190,0.355,0.141,0.774,-0.148,0.466,0.402,1.000,1.000
3263438,0.0432261,1.55591850169003,0.768,0.184,-0.581,-0.730,-0.607,-0.209,-0.235,0.091,0.874,1.189,0.356,0.140,0.774,-0.148,0.466,0.402,1.000,1.000
3263448,0.0467965,1.60271500237286,0.768,0.184,-0.581,-0.730,-0.607,-0.209,-0.235,0.091,0.874,1.186,0.357,0.139,0.773,-0.150,0.466,0.404,1.000,1.000
3263456,0.0456666,1.64838160388172,0.768,0.184,-0.581,-0.730,-0.607,-0.209,-0.235,0.091,0.874,1.184,0.359,0.137,0.772,-0.151,0.468,0.404,1.000,1.000
3263464,0.0391252,1.68750680424273,0.768,0.184,-0.581,-0.730,-0.607,-0.209,-0.235,0.091,0.874,1.177,0.366,0.131,0.769,-0.152,0.471,0.405,1.000,1.000
3263474,0.0472555,1.73476230539382,0.768,0.184,-0.581,-0.730,-0.607,-0.209,-0.235,0.091,0.874,1.170,0.374,0.120,0.763,-0.154,0.482,0.403,1.000,1.000
3263482,0.0450157,1.77977800555527,0.768,0.184,-0.581,-0.730,-0.607,-0.209,-0.235,0.091,0.874,1.164,0.378,0.110,0.754,-0.151,0.499,0.400,1.000,1.000
3263492,0.044968,1.82474600709975,0.768,0.184,-0.581,-0.730,-0.607,-0.209,-0.235,0.091,0.874,1.156,0.381,0.101,0.750,-0.149,0.507,0.398,1.000,1.000
3263500,0.0405743,1.86532030813396,0.768,0.184,-0.581,-0.730,-0.607,-0.209,-0.235,0.091,0.874,1.150,0.380,0.093,0.745,-0.149,0.515,0.396,1.000,1.000
3263510,0.0472831,1.91260340996087,0.768,0.184,-0.581,-0.730,-0.607,-0.209,-0.235,0.091,0.874,1.144,0.385,0.085,0.744,-0.148,0.520,0.392,1.000,1.000
3263518,0.04706,1.95966341160238,0.768,0.184,-0.581,-0.730,-0.607,-0.209,-0.235,0.091,0.874,1.138,0.387,0.080,0.741,-0.149,0.524,0.392,1.000,1.000
3263528,0.0422439,2.00190731324255,0.768,0.184,-0.581,-0.730,-0.607,-0.209,-0.235,0.091,0.874,1.135,0.392,0.080,0.736,-0.150,0.532,0.391,1.000,1.000
3263536,0.0475204,2.04942771233618,0.768,0.184,-0.581,-0.730,-0.607,-0.209,-0.235,0.091,0.874,1.132,0.394,0.078,0.732,-0.151,0.537,0.392,1.000,1.000
3263544,0.04338,2.09280771203339,0.768,0.184,-0.581,-0.730,-0.607,-0.209,-0.235,0.091,0.874,1.127,0.395,0.078,0.727,-0.152,0.540,0.395,1.000,1.000
3263554,0.0424436,2.13525131158531,0.768,0.184,-0.581,-0.730,-0.607,-0.209,-0.235,0.091,0.874,1.126,0.398,0.073,0.726,-0.144,0.548,0.390,1.000,1.000
3263562,0.0444129,2.1796642113477,0.768,0.184,-0.581,-0.730,-0.607,-0.209,-0.235,0.091,0.874,1.123,0.397,0.072,0.724,-0.140,0.554,0.387,1.000,0.968
3263572,0.0495307,2.22919491119683,0.768,0.184,-0.581,-0.730,-0.607,-0.209,-0.235,0.091,0.874,1.120,0.401,0.067,0.721,-0.137,0.559,0.386,1.000,0.914
3263580,0.0402943,2.26948921196163,0.768,0.184,-0.581,-0.730,-0.607,-0.209,-0.235,0.091,0.874,1.117,0.401,0.065,0.720,-0.138,0.558,0.388,1.000,0.941
3263588,0.0448681,2.31435731239617,0.768,0.184,-0.581,-0.730,-0.607,-0.209,-0.235,0.091,0.874,1.114,0.402,0.064,0.716,-0.144,0.555,0.398,1.000,0.982
3263598,0.0418769,2.3562342133373,0.768,0.184,-0.581,-0.730,-0.607,-0.209,-0.235,0.091,0.874,1.113,0.403,0.064,0.715,-0.146,0.552,0.404,1.000,0.997
3263608,0.044853,2.40108721517026,0.768,0.184,-0.581,-0.730,-0.607,-0.209,-0.235,0.091,0.874,1.112,0.403,0.064,0.713,-0.150,0.550,0.408,1.000,1.000
3263616,0.048295,2.44938221387565,0.768,0.184,-0.581,-0.730,-0.607,-0.209,-0.235,0.091,0.874,1.113,0.403,0.064,0.715,-0.149,0.549,0.407,1.000,1.000
3263624,0.04095,2.49033221416175,0.768,0.184,-0.581,-0.730,-0.607,-0.209,-0.235,0.091,0.874,1.114,0.402,0.065,0.715,-0.149,0.547,0.408,1.000,1.000
3263634,0.0465183,2.53685051389039,0.768,0.184,-0.581,-0.730,-0.607,-0.209,-0.235,0.091,0.874,1.113,0.406,0.064,0.716,-0.147,0.547,0.409,1.000,1.000
3263642,0.0449552,2.5818057153374,0.768,0.184,-0.581,-0.730,-0.607,-0.209,-0.235,0.091,0.874,1.112,0.406,0.063,0.715,-0.147,0.548,0.409,1.000,1.000
3263650,0.0421305,2.6239362154156,0.768,0.184,-0.581,-0.730,-0.607,-0.209,-0.235,0.091,0.874,1.110,0.407,0.063,0.713,-0.147,0.551,0.408,1.000,1.000
3263660,0.0379162,2.66185241378844,0.768,0.184,-0.581,-0.730,-0.607,-0.209,-0.235,0.091,0.874,1.104,0.407,0.062,0.712,-0.147,0.556,0.403,1.000,1.000
3263670,0.0484749,2.71032731421292,0.768,0.184,-0.581,-0.730,-0.607,-0.209,-0.235,0.091,0.874,1.101,0.408,0.062,0.709,-0.147,0.563,0.399,1.000,1.000
3263678,0.0460264,2.75635371543467,0.768,0.184,-0.581,-0.730,-0.607,-0.209,-0.235,0.091,0.874,1.098,0.409,0.062,0.706,-0.149,0.569,0.396,1.000,1.000
3263688,0.0458245,2.80217821709812,0.768,0.184,-0.581,-0.730,-0.607,-0.209,-0.235,0.091,0.874,1.094,0.409,0.063,0.703,-0.149,0.575,0.390,1.000,1.000
3263696,0.0437542,2.84593241848052,0.768,0.184,-0.581,-0.730,-0.607,-0.209,-0.235,0.091,0.874,1.089,0.409,0.063,0.698,-0.151,0.585,0.385,1.000,1.000
3263704,0.0429575,2.88888991810381,0.768,0.184,-0.581,-0.730,-0.607,-0.209,-0.235,0.091,0.874,1.081,0.410,0.064,0.692,-0.155,0.589,0.387,1.000,1.000
3263712,0.0468075,2.9356974195689,0.768,0.184,-0.581,-0.730,-0.607,-0.209,-0.235,0.091,0.874,1.079,0.410,0.062,0.689,-0.152,0.597,0.381,1.000,1.000
3263722,0.0369066,2.97260401956737,0.768,0.184,-0.581,-0.730,-0.607,-0.209,-0.235,0.091,0.874,1.073,0.411,0.062,0.686,-0.153,0.602,0.380,1.000,1.000
3263732,0.0554665,3.02807051874697,0.768,0.184,-0.581,-0.730,-0.607,-0.209,-0.235,0.091,0.874,1.068,0.411,0.061,0.683,-0.154,0.605,0.380,1.000,1.000
3263740,0.0419567,3.07002721913159,0.768,0.184,-0.581,-0.730,-0.607,-0.209,-0.235,0.091,0.874,1.062,0.413,0.062,0.681,-0.155,0.607,0.379,1.000,1.000
3263750,0.0437823,3.11380952037871,0.768,0.184,-0.581,-0.730,-0.607,-0.209,-0.235,0.091,0.874,1.058,0.414,0.062,0.675,-0.156,0.612,0.382,1.000,1.000
3263758,0.0466311,3.16044062189758,0.768,0.184,-0.581,-0.730,-0.607,-0.209,-0.235,0.091,0.874,1.054,0.413,0.061,0.672,-0.157,0.615,0.381,1.000,1.000
3263768,0.0435506,3.203991221264,0.768,0.184,-0.581,-0.730,-0.607,-0.209,-0.235,0.091,0.874,1.051,0.414,0.060,0.670,-0.157,0.617,0.382,1.000,1.000
3263776,0.0430295,3.2470207195729,0.768,0.184,-0.581,-0.730,-0.607,-0.209,-0.235,0.091,0.874,1.048,0.415,0.059,0.668,-0.158,0.620,0.381,1.000,1.000
3263784,0.044671,3.29169171862304,0.768,0.184,-0.581,-0.730,-0.607,-0.209,-0.235,0.091,0.874,1.045,0.414,0.059,0.667,-0.159,0.621,0.380,1.000,1.000
3263794,0.0409345,3.33262621797621,0.768,0.184,-0.581,-0.730,-0.607,-0.209,-0.235,0.091,0.874,1.043,0.416,0.058,0.665,-0.160,0.622,0.380,1.000,1.000
3263802,0.0480294,3.38065561838448,0.768,0.184,-0.581,-0.730,-0.607,-0.209,-0.235,0.091,0.874,1.041,0.416,0.057,0.665,-0.159,0.623,0.380,1.000,1.000
3263812,0.0421844,3.42284001968801,0.768,0.184,-0.581,-0.730,-0.607,-0.209,-0.235,0.091,0.874,1.040,0.417,0.057,0.664,-0.158,0.626,0.378,1.000,1.000
3263820,0.0468934,3.46973341889679,0.768,0.184,-0.581,-0.730,-0.607,-0.209,-0.235,0.091,0.874,1.039,0.416,0.055,0.663,-0.157,0.628,0.376,1.000,1.000
3263830,0.042373,3.51210642047226,0.768,0.184,-0.581,-0.730,-0.607,-0.209,-0.235,0.091,0.874,1.038,0.417,0.054,0.663,-0.155,0.630,0.374,1.000,1.000
3263838,0.0453301,3.55743652023375,0.768,0.184,-0.581,-0.730,-0.607,-0.209,-0.235,0.091,0.874,1.038,0.417,0.053,0.663,-0.154,0.631,0.373,1.000,1.000
3263846,0.0450658,3.60250232182443,0.768,0.184,-0.581,-0.730,-0.607,-0.209,-0.235,0.091,0.874,1.037,0.416,0.052,0.663,-0.153,0.631,0.373,1.000,1.000
3263856,0.0428304,3.64533272199333,0.768,0.184,-0.581,-0.730,-0.607,-0.209,-0.235,0.091,0.874,1.036,0.416,0.052,0.661,-0.154,0.631,0.376,1.000,1.000
3263864,0.0459326,3.69126532040536,0.768,0.184,-0.581,-0.730,-0.607,-0.209,-0.235,0.091,0.874,1.035,0.416,0.051,0.660,-0.154,0.631,0.378,1.000,1.000
3263874,0.0446788,3.73594412021339,0.768,0.184,-0.581,-0.730,-0.607,-0.209,-0.235,0.091,0.874,1.036,0.417,0.052,0.661,-0.151,0.633,0.374,1.000,1.000
3263882,0.0462238,3.78216792084277,0.768,0.184,-0.581,-0.730,-0.607,-0.209,-0.235,0.091,0.874,1.036,0.417,0.051,0.662,-0.148,0.634,0.372,1.000,1.000
3263892,0.0450297,3.82719762064517,0.768,0.184,-0.581,-0.730,-0.607,-0.209,-0.235,0.091,0.874,1.035,0.417,0.051,0.662,-0.147,0.634,0.372,1.000,1.000
3263898,0.0402656,3.86746322177351,0.768,0.184,-0.581,-0.730,-0.607,-0.209,-0.235,0.091,0.874,1.034,0.417,0.050,0.662,-0.147,0.633,0.373,1.000,1.000
3263908,0.0347279,3.90219112299383,0.768,0.184,-0.581,-0.730,-0.607,-0.209,-0.235,0.091,0.874,1.034,0.417,0.050,0.661,-0.147,0.634,0.375,1.000,1.000
3263916,0.0464803,3.94867142476141,0.768,0.184,-0.581,-0.730,-0.607,-0.209,-0.235,0.091,0.874,1.034,0.418,0.050,0.660,-0.147,0.634,0.375,1.000,1.000
3263926,0.0469674,3.99563882313669,0.768,0.184,-0.581,-0.730,-0.607,-0.209,-0.235,0.091,0.874,1.033,0.418,0.050,0.659,-0.148,0.635,0.375,1.000,1.000
3263934,0.0446193,4.04025812260807,0.768,0.184,-0.581,-0.730,-0.607,-0.209,-0.235,0.091,0.874,1.033,0.419,0.051,0.658,-0.146,0.637,0.375,1.000,1.000
3263944,0.0431733,4.08343142084777,0.768,0.184,-0.581,-0.730,-0.607,-0.209,-0.235,0.091,0.874,1.033,0.420,0.052,0.657,-0.146,0.638,0.374,1.000,1.000
3263952,0.0488295,4.13226092047989,0.768,0.184,-0.581,-0.730,-0.607,-0.209,-0.235,0.091,0.874,1.032,0.422,0.053,0.655,-0.148,0.639,0.376,1.000,1.000
3263962,0.0417229,4.17398382164538,0.768,0.184,-0.581,-0.730,-0.607,-0.209,-0.235,0.091,0.874,1.032,0.424,0.054,0.654,-0.150,0.639,0.376,1.000,1.000
3263970,0.0429319,4.21691572107375,0.768,0.184,-0.581,-0.730,-0.607,-0.209,-0.235,0.091,0.874,1.031,0.424,0.055,0.654,-0.149,0.639,0.377,1.000,1.000
3263980,0.0468034,4.26371912099421,0.768,0.184,-0.581,-0.730,-0.607,-0.209,-0.235,0.091,0.874,1.030,0.423,0.053,0.653,-0.151,0.639,0.378,1.000,1.000
3263988,0.0484168,4.3121359217912,0.768,0.184,-0.581,-0.730,-0.607,-0.209,-0.235,0.091,0.874,1.029,0.424,0.052,0.652,-0.151,0.639,0.380,1.000,1.000
3263998,0.0438922,4.35602812282741,0.768,0.184,-0.581,-0.730,-0.607,-0.209,-0.235,0.091,0.874,1.029,0.422,0.051,0.652,-0.153,0.639,0.380,1.000,1.000
3264008,0.0473741,4.40340222232044,0.768,0.184,-0.581,-0.730,-0.607,-0.209,-0.235,0.091,0.874,1.030,0.421,0.051,0.652,-0.152,0.639,0.379,1.000,1.000
3264016,0.0455192,4.44892142154276,0.768,0.184,-0.581,-0.730,-0.607,-0.209,-0.235,0.091,0.874,1.029,0.420,0.051,0.652,-0.153,0.640,0.377,1.000,1.000
3264024,0.0470743,4.49599572084844,0.768,0.184,-0.581,-0.730,-0.607,-0.209,-0.235,0.091,0.874,1.029,0.421,0.052,0.650,-0.153,0.642,0.376,1.000,1.000
3264034,0.0397118,4.53570752032101,0.768,0.184,-0.581,-0.730,-0.607,-0.209,-0.235,0.091,0.874,1.028,0.423,0.051,0.651,-0.150,0.643,0.375,1.000,1.000
3264040,0.0476129,4.58332042209804,0.768,0.184,-0.581,-0.730,-0.607,-0.209,-0.235,0.091,0.874,1.028,0.423,0.050,0.649,-0.149,0.644,0.377,1.000,1.000
3264050,0.0301345,4.61345492117107,0.768,0.184,-0.581,-0.730,-0.607,-0.209,-0.235,0.091,0.874,1.027,0.422,0.048,0.650,-0.151,0.643,0.377,1.000,1.000
3264058,0.0442822,4.65773712284863,0.768,0.184,-0.581,-0.730,-0.607,-0.209,-0.235,0.091,0.874,1.026,0.423,0.048,0.647,-0.155,0.642,0.380,1.000,1.000
3264068,0.0496716,4.70740872435272,0.768,0.184,-0.581,-0.730,-0.607,-0.209,-0.235,0.091,0.874,1.027,0.422,0.048,0.647,-0.155,0.643,0.380,1.000,1.000
3264076,0.0415067,4.74891542457044,0.768,0.184,-0.581,-0.730,-0.607,-0.209,-0.235,0.091,0.874,1.028,0.422,0.047,0.646,-0.154,0.644,0.380,1.000,1.000
3264086,0.044073,4.79298842512071,0.768,0.184,-0.581,-0.730,-0.607,-0.209,-0.235,0.091,0.874,1.027,0.422,0.046,0.646,-0.156,0.643,0.382,1.000,1.000
3264094,0.0441186,4.83710702694952,0.768,0.184,-0.581,-0.730,-0.607,-0.209,-0.235,0.091,0.874,1.028,0.422,0.046,0.646,-0.156,0.641,0.384,1.000,1.000
3264104,0.0457539,4.88286092691123,0.768,0.184,-0.581,-0.730,-0.607,-0.209,-0.235,0.091,0.874,1.030,0.423,0.048,0.646,-0.158,0.639,0.386,1.000,1.000
3264112,0.0481457,4.93100662715733,0.768,0.184,-0.581,-0.730,-0.607,-0.209,-0.235,0.091,0.874,1.032,0.424,0.048,0.646,-0.156,0.639,0.387,1.000,1.000
3264122,0.0391554,4.97016202844679,0.768,0.184,-0.581,-0.730,-0.607,-0.209,-0.235,0.091,0.874,1.033,0.423,0.047,0.649,-0.154,0.637,0.386,1.000,1.000
3264132,0.0541839,5.02434592880309,0.768,0.184,-0.581,-0.730,-0.607,-0.209,-0.235,0.091,0.874,1.034,0.422,0.046,0.651,-0.154,0.636,0.384,1.000,1.000
3264140,0.0426828,5.06702872924507,0.768,0.184,-0.581,-0.730,-0.607,-0.209,-0.235,0.091,0.874,1.037,0.421,0.044,0.653,-0.154,0.635,0.381,1.000,1.000
3264150,0.0454489,5.11247762851417,0.768,0.184,-0.581,-0.730,-0.607,-0.209,-0.235,0.091,0.874,1.038,0.421,0.043,0.655,-0.152,0.636,0.379,1.000,1.000
3264158,0.0451147,5.15759232826531,0.768,0.184,-0.581,-0.730,-0.607,-0.209,-0.235,0.091,0.874,1.039,0.422,0.041,0.655,-0.149,0.635,0.381,1.000,1.000
3264166,0.0428482,5.20044052787125,0.768,0.184,-0.581,-0.730,-0.607,-0.209,-0.235,0.091,0.874,1.042,0.422,0.038,0.655,-0.147,0.636,0.381,1.000,1.000
3264176,0.0450727,5.24551322869956,0.768,0.184,-0.581,-0.730,-0.607,-0.209,-0.235,0.091,0.874,1.040,0.425,0.042,0.652,-0.149,0.637,0.383,1.000,1.000
3264184,0.0474194,5.29293262772262,0.768,0.184,-0.581,-0.730,-0.607,-0.209,-0.235,0.091,0.874,1.041,0.426,0.043,0.651,-0.150,0.637,0.384,1.000,1.000
3264194,0.046022,5.33895462937653,0.768,0.184,-0.581,-0.730,-0.607,-0.209,-0.235,0.091,0.874,1.040,0.427,0.044,0.650,-0.152,0.635,0.389,1.000,1.000
3264202,0.0397073,5.37866192869842,0.768,0.184,-0.581,-0.730,-0.607,-0.209,-0.235,0.091,0.874,1.039,0.425,0.042,0.651,-0.156,0.632,0.391,1.000,1.000
3264212,0.0449493,5.4236112292856,0.768,0.184,-0.581,-0.730,-0.607,-0.209,-0.235,0.091,0.874,1.041,0.424,0.041,0.654,-0.156,0.630,0.389,1.000,1.000
3264218,0.0440245,5.46763573028147,0.768,0.184,-0.581,-0.730,-0.607,-0.209,-0.235,0.091,0.874,1.043,0.427,0.043,0.652,-0.152,0.633,0.388,1.000,1.000
3264228,0.0418694,5.50950512848794,0.768,0.184,-0.581,-0.730,-0.607,-0.209,-0.235,0.091,0.874,1.040,0.426,0.042,0.650,-0.157,0.631,0.392,1.000,1.000
3264238,0.0472552,5.55676032789052,0.768,0.184,-0.581,-0.730,-0.607,-0.209,-0.235,0.091,0.874,1.040,0.426,0.042,0.648,-0.158,0.632,0.395,1.000,1.000
3264248,0.051236,5.60799632780254,0.768,0.184,-0.581,-0.730,-0.607,-0.209,-0.235,0.091,0.874,1.040,0.428,0.043,0.647,-0.158,0.632,0.395,1.000,1.000
3264254,0.040319,5.64831532724202,0.768,0.184,-0.581,-0.730,-0.607,-0.209,-0.235,0.091,0.874,1.040,0.428,0.041,0.647,-0.160,0.632,0.395,1.000,1.000
3264262,0.0348993,5.68321462906897,0.768,0.184,-0.581,-0.730,-0.607,-0.209,-0.235,0.091,0.874,1.039,0.428,0.041,0.647,-0.162,0.631,0.396,1.000,1.000
3264272,0.043323,5.72653762809932,0.768,0.184,-0.581,-0.730,-0.607,-0.209,-0.235,0.091,0.874,1.037,0.429,0.041,0.646,-0.163,0.631,0.396,1.000,1.000
3264280,0.0508498,5.7773874271661,0.768,0.184,-0.581,-0.730,-0.607,-0.209,-0.235,0.091,0.874,1.038,0.429,0.041,0.648,-0.159,0.632,0.394,1.000,1.000
3264290,0.0384899,5.81587732769549,0.768,0.184,-0.581,-0.730,-0.607,-0.209,-0.235,0.091,0.874,1.038,0.429,0.040,0.649,-0.157,0.634,0.390,1.000,1.000
3264300,0.0498991,5.86577642895281,0.768,0.184,-0.581,-0.730,-0.607,-0.209,-0.235,0.091,0.874,1.035,0.429,0.037,0.651,-0.154,0.635,0.387,1.000,1.000
3264308,0.046611,5.91238742880523,0.768,0.184,-0.581,-0.730,-0.607,-0.209,-0.235,0.091,0.874,1.035,0.429,0.036,0.651,-0.153,0.635,0.387,1.000,1.000
3264316,0.0461745,5.9585619289428,0.768,0.184,-0.581,-0.730,-0.607,-0.209,-0.235,0.091,0.874,1.037,0.428,0.037,0.651,-0.150,0.636,0.386,1.000,1.000
3264324,0.0339174,5.99247932992876,0.768,0.184,-0.581,-0.730,-0.607,-0.209,-0.235,0.091,0.874,1.038,0.429,0.039,0.652,-0.152,0.636,0.384,1.000,1.000
3264334,0.0433934,6.03587272949517,0.768,0.184,-0.581,-0.730,-0.607,-0.209,-0.235,0.091,0.874,1.038,0.430,0.040,0.651,-0.155,0.634,0.388,1.000,1.000
3264342,0.0473555,6.08322822861373,0.768,0.184,-0.581,-0.730,-0.607,-0.209,-0.235,0.091,0.874,1.039,0.429,0.039,0.650,-0.158,0.631,0.393,1.000,1.000
3264352,0.0395982,6.12282642908394,0.768,0.184,-0.581,-0.730,-0.607,-0.209,-0.235,0.091,0.874,1.039,0.427,0.038,0.652,-0.159,0.628,0.394,1.000,1.000
3264360,0.0482385,6.17106493003666,0.768,0.184,-0.581,-0.730,-0.607,-0.209,-0.235,0.091,0.874,1.040,0.427,0.038,0.654,-0.157,0.627,0.392,1.000,1.000
3264368,0.0435719,6.21463683061302,0.768,0.184,-0.581,-0.730,-0.607,-0.209,-0.235,0.091,0.874,1.042,0.426,0.038,0.656,-0.156,0.626,0.391,1.000,1.000
3264378,0.0424672,6.25710402987897,0.768,0.184,-0.581,-0.730,-0.607,-0.209,-0.235,0.091,0.874,1.043,0.426,0.038,0.656,-0.156,0.626,0.391,1.000,1.000
3264388,0.047461,6.30456502921879,0.768,0.184,-0.581,-0.730,-0.607,-0.209,-0.235,0.091,0.874,1.044,0.426,0.039,0.657,-0.156,0.625,0.392,1.000,1.000
3264396,0.044685,6.34925002790987,0.768,0.184,-0.581,-0.730,-0.607,-0.209,-0.235,0.091,0.874,1.043,0.426,0.040,0.656,-0.156,0.625,0.394,1.000,1.000
3264406,0.0472195,6.39646952785552,0.768,0.184,-0.581,-0.730,-0.607,-0.209,-0.235,0.091,0.874,1.041,0.428,0.040,0.654,-0.157,0.624,0.397,1.000,1.000
3264416,0.0501257,6.44659522734582,0.768,0.184,-0.581,-0.730,-0.607,-0.209,-0.235,0.091,0.874,1.039,0.429,0.041,0.654,-0.155,0.625,0.397,1.000,1.000
3264424,0.0452653,6.49186052568257,0.768,0.184,-0.581,-0.730,-0.607,-0.209,-0.235,0.091,0.874,1.039,0.430,0.041,0.653,-0.154,0.626,0.398,1.000,1.000
3264434,0.0437292,6.53558972664177,0.768,0.184,-0.581,-0.730,-0.607,-0.209,-0.235,0.091,0.874,1.038,0.429,0.040,0.652,-0.153,0.628,0.397,1.000,1.000
3264442,0.044302,6.57989172823727,0.768,0.184,-0.581,-0.730,-0.607,-0.209,-0.235,0.091,0.874,1.040,0.428,0.040,0.651,-0.151,0.631,0.394,1.000,1.000
3264450,0.0440093,6.62390103004873,0.768,0.184,-0.581,-0.730,-0.607,-0.209,-0.235,0.091,0.874,1.039,0.429,0.041,0.650,-0.149,0.634,0.391,1.000,1.000
3264460,0.0413785,6.66527953185141,0.768,0.184,-0.581,-0.730,-0.607,-0.209,-0.235,0.091,0.874,1.038,0.430,0.041,0.651,-0.148,0.637,0.387,1.000,1.000
3264468,0.0489421,6.71422163210809,0.768,0.184,-0.581,-0.730,-0.607,-0.209,-0.235,0.091,0.874,1.037,0.431,0.043,0.649,-0.148,0.639,0.386,1.000,1.000
3264478,0.0469202,6.76114183105528,0.768,0.184,-0.581,-0.730,-0.607,-0.209,-0.235,0.091,0.874,1.036,0.431,0.045,0.646,-0.146,0.644,0.383,1.000,1.000
3264486,0.0396876,6.80082943104208,0.768,0.184,-0.581,-0.730,-0.607,-0.209,-0.235,0.091,0.874,1.034,0.432,0.045,0.645,-0.138,0.650,0.377,1.000,1.000
3264496,0.0463471,6.84717653132975,0.768,0.184,-0.581,-0.730,-0.607,-0.209,-0.235,0.091,0.874,1.032,0.432,0.046,0.643,-0.130,0.656,0.372,1.000,1.000
3264502,0.0435192,6.89069573022425,0.768,0.184,-0.581,-0.730,-0.607,-0.209,-0.235,0.091,0.874,1.029,0.434,0.049,0.640,-0.127,0.663,0.367,1.000,1.000
3264512,0.0350501,6.92574583180249,0.768,0.184,-0.581,-0.730,-0.607,-0.209,-0.235,0.091,0.874,1.025,0.436,0.050,0.634,-0.125,0.671,0.363,1.000,1.000
3264522,0.0454695,6.97121533192694,0.768,0.184,-0.581,-0.730,-0.607,-0.209,-0.235,0.091,0.874,1.019,0.436,0.052,0.627,-0.128,0.676,0.365,1.000,1.000
3264530,0.0484813,7.01969663240016,0.768,0.184,-0.581,-0.730,-0.607,-0.209,-0.235,0.091,0.874,1.015,0.437,0.052,0.620,-0.134,0.680,0.367,1.000,1.000
3264538,0.0449454,7.06464203260839,0.768,0.184,-0.581,-0.730,-0.607,-0.209,-0.235,0.091,0.874,1.008,0.437,0.056,0.615,-0.136,0.682,0.373,1.000,1.000
3264548,0.0402215,7.10486353375018,0.768,0.184,-0.581,-0.730,-0.607,-0.209,-0.235,0.091,0.874,0.997,0.437,0.056,0.608,-0.142,0.682,0.379,1.000,1.000
3264556,0.0501221,7.15498563461006,0.768,0.184,-0.581,-0.730,-0.607,-0.209,-0.235,0.091,0.874,0.987,0.437,0.056,0.604,-0.148,0.680,0.388,1.000,1.000
3264564,0.0436512,7.19863683544099,0.768,0.184,-0.581,-0.730,-0.607,-0.209,-0.235,0.091,0.874,0.981,0.436,0.057,0.602,-0.149,0.680,0.393,1.000,1.000
3264574,0.0389642,7.23760103620589,0.768,0.184,-0.581,-0.730,-0.607,-0.209,-0.235,0.091,0.874,0.973,0.436,0.060,0.599,-0.153,0.677,0.399,1.000,1.000
3264584,0.046018,7.28361903689802,0.768,0.184,-0.581,-0.730,-0.607,-0.209,-0.235,0.091,0.874,0.969,0.436,0.061,0.598,-0.158,0.678,0.398,1.000,1.000
3264594,0.0492191,7.33283813856542,0.768,0.184,-0.581,-0.730,-0.607,-0.209,-0.235,0.091,0.874,0.965,0.436,0.062,0.597,-0.159,0.679,0.397,1.000,1.000
3264602,0.0486316,7.38146973960102,0.768,0.184,-0.581,-0.730,-0.607,-0.209,-0.235,0.091,0.874,0.962,0.437,0.063,0.596,-0.161,0.679,0.397,1.000,1.000
3264612,0.0435936,7.42506333999336,0.768,0.184,-0.581,-0.730,-0.607,-0.209,-0.235,0.091,0.874,0.959,0.439,0.064,0.594,-0.163,0.681,0.396,1.000,1.000
3264620,0.0421551,7.4672184381634,0.768,0.184,-0.581,-0.730,-0.607,-0.209,-0.235,0.091,0.874,0.955,0.441,0.065,0.591,-0.166,0.682,0.397,1.000,1.000
3264630,0.0451975,7.512415939942,0.768,0.184,-0.581,-0.730,-0.607,-0.209,-0.235,0.091,0.874,0.954,0.441,0.066,0.589,-0.167,0.683,0.398,1.000,1.000
3264638,0.0459837,7.55839963816106,0.768,0.184,-0.581,-0.730,-0.607,-0.209,-0.235,0.091,0.874,0.953,0.439,0.068,0.588,-0.170,0.682,0.401,1.000,1.000
3264646,0.043576,7.60197563655674,0.768,0.184,-0.581,-0.730,-0.607,-0.209,-0.235,0.091,0.874,0.949,0.439,0.069,0.587,-0.175,0.680,0.403,1.000,1.000
3264656,0.0419513,7.64392693527043,0.768,0.184,-0.581,-0.730,-0.607,-0.209,-0.235,0.091,0.874,0.948,0.440,0.071,0.588,-0.179,0.677,0.405,1.000,1.000
3264664,0.0469311,7.69085803441703,0.768,0.184,-0.581,-0.730,-0.607,-0.209,-0.235,0.091,0.874,0.945,0.439,0.069,0.588,-0.185,0.675,0.406,1.000,1.000
3264674,0.0446248,7.73548283614218,0.768,0.184,-0.581,-0.730,-0.607,-0.209,-0.235,0.091,0.874,0.947,0.440,0.071,0.590,-0.186,0.674,0.404,1.000,1.000
3264682,0.0435561,7.77903893776238,0.768,0.184,-0.581,-0.730,-0.607,-0.209,-0.235,0.091,0.874,0.953,0.438,0.069,0.593,-0.181,0.677,0.397,1.000,1.000
3264692,0.0423221,7.82136103697121,0.768,0.184,-0.581,-0.730,-0.607,-0.209,-0.235,0.091,0.874,0.956,0.435,0.068,0.595,-0.179,0.679,0.392,1.000,1.000
3264700,0.0461572,7.86751823686063,0.768,0.184,-0.581,-0.730,-0.607,-0.209,-0.235,0.091,0.874,0.958,0.436,0.068,0.594,-0.176,0.682,0.389,1.000,1.000
3264710,0.0507423,7.91826053522527,0.768,0.184,-0.581,-0.730,-0.607,-0.209,-0.235,0.091,0.874,0.960,0.434,0.068,0.592,-0.175,0.685,0.386,1.000,1.000
3264718,0.0414641,7.95972463674843,0.768,0.184,-0.581,-0.730,-0.607,-0.209,-0.235,0.091,0.874,0.961,0.434,0.066,0.592,-0.172,0.689,0.382,1.000,1.000
3264726,0.0442624,8.00398703850806,0.768,0.184,-0.581,-0.730,-0.607,-0.209,-0.235,0.091,0.874,0.963,0.431,0.065,0.592,-0.169,0.690,0.380,1.000,1.000
3264736,0.0401553,8.04414233751595,0.768,0.184,-0.581,-0.730,-0.607,-0.209,-0.235,0.091,0.874,0.963,0.434,0.067,0.591,-0.165,0.694,0.377,1.000,1.000
3264744,0.0491459,8.09328823722899,0.768,0.184,-0.581,-0.730,-0.607,-0.209,-0.235,0.091,0.874,0.962,0.434,0.068,0.589,-0.166,0.694,0.378,1.000,1.000
3264752,0.0428479,8.13613613881171,0.768,0.184,-0.581,-0.730,-0.607,-0.209,-0.235,0.091,0.874,0.961,0.435,0.068,0.589,-0.167,0.693,0.381,1.000,1.000
3264760,0.0412749,8.17741104029119,0.768,0.184,-0.581,-0.730,-0.607,-0.209,-0.235,0.091,0.874,0.959,0.434,0.068,0.590,-0.168,0.691,0.383,1.000,1.000
3264772,0.0414388,8.21884983964264,0.768,0.184,-0.581,-0.730,-0.607,-0.209,-0.235,0.091,0.874,0.957,0.433,0.068,0.593,-0.169,0.689,0.382,1.000,1.000
3264780,0.0523955,8.27124533988535,0.768,0.184,-0.581,-0.730,-0.607,-0.209,-0.235,0.091,0.874,0.954,0.432,0.067,0.595,-0.168,0.687,0.381,1.000,1.000
3264788,0.0366367,8.30788203887641,0.768,0.184,-0.581,-0.730,-0.607,-0.209,-0.235,0.091,0.874,0.951,0.432,0.066,0.598,-0.166,0.686,0.380,1.000,1.000
3264798,0.0482018,8.35608383826911,0.768,0.184,-0.581,-0.730,-0.607,-0.209,-0.235,0.091,0.874,0.948,0.431,0.064,0.602,-0.161,0.687,0.373,1.000,1.000
3264806,0.0440239,8.40010773949325,0.768,0.184,-0.581,-0.730,-0.607,-0.209,-0.235,0.091,0.874,0.946,0.430,0.061,0.606,-0.156,0.688,0.368,1.000,1.000
3264814,0.0437364,8.44384413771331,0.768,0.184,-0.581,-0.730,-0.607,-0.209,-0.235,0.091,0.874,0.941,0.431,0.059,0.610,-0.147,0.688,0.364,1.000,1.000
3264824,0.043914,8.48775813914835,0.768,0.184,-0.581,-0.730,-0.607,-0.209,-0.235,0.091,0.874,0.939,0.428,0.056,0.614,-0.145,0.687,0.361,1.000,1.000
3264832,0.0434699,8.53122803755105,0.768,0.184,-0.581,-0.730,-0.607,-0.209,-0.235,0.091,0.874,0.934,0.427,0.053,0.614,-0.152,0.682,0.366,1.000,1.000
3264842,0.0405085,8.57173653878272,0.768,0.184,-0.581,-0.730,-0.607,-0.209,-0.235,0.091,0.874,0.931,0.426,0.050,0.617,-0.157,0.678,0.367,1.000,1.000
3264852,0.0518895,8.62362604029477,0.768,0.184,-0.581,-0.730,-0.607,-0.209,-0.235,0.091,0.874,0.928,0.426,0.050,0.620,-0.152,0.679,0.362,1.000,1.000
3264860,0.0459666,8.66959263943136,0.768,0.184,-0.581,-0.730,-0.607,-0.209,-0.235,0.091,0.874,0.927,0.425,0.051,0.622,-0.145,0.682,0.357,1.000,1.000
3264868,0.0409524,8.71054503880441,0.768,0.184,-0.581,-0.730,-0.607,-0.209,-0.235,0.091,0.874,0.927,0.426,0.056,0.623,-0.138,0.685,0.352,1.000,1.000
3264878,0.0452043,8.75574933923781,0.768,0.184,-0.581,-0.730,-0.607,-0.209,-0.235,0.091,0.874,0.927,0.426,0.062,0.622,-0.136,0.689,0.346,1.000,1.000
3264886,0.0469046,8.80265394039452,0.768,0.184,-0.581,-0.730,-0.607,-0.209,-0.235,0.091,0.874,0.926,0.429,0.068,0.620,-0.134,0.692,0.344,1.000,1.000
3264894,0.0355708,8.83822474069893,0.768,0.184,-0.581,-0.730,-0.607,-0.209,-0.235,0.091,0.874,0.922,0.429,0.072,0.617,-0.138,0.692,0.349,1.000,1.000
3264904,0.0498559,8.88808063976467,0.768,0.184,-0.581,-0.730,-0.607,-0.209,-0.235,0.091,0.874,0.919,0.428,0.079,0.613,-0.142,0.693,0.352,1.000,1.000
3264912,0.0445469,8.93262753821909,0.768,0.184,-0.581,-0.730,-0.607,-0.209,-0.235,0.091,0.874,0.915,0.429,0.083,0.611,-0.150,0.691,0.356,1.000,1.000
3264922,0.0454776,8.97810513712466,0.768,0.184,-0.581,-0.730,-0.607,-0.209,-0.235,0.091,0.874,0.912,0.429,0.090,0.610,-0.154,0.691,0.356,1.000,1.000
3264930,0.0428656,9.02097073756158,0.768,0.184,-0.581,-0.730,-0.607,-0.209,-0.235,0.091,0.874,0.915,0.428,0.097,0.608,-0.158,0.692,0.357,1.000,1.000
3264940,0.0482082,9.06917893700302,0.768,0.184,-0.581,-0.730,-0.607,-0.209,-0.235,0.091,0.874,0.919,0.430,0.103,0.606,-0.149,0.701,0.346,1.000,1.000
3264948,0.0447701,9.11394903622568,0.768,0.184,-0.581,-0.730,-0.607,-0.209,-0.235,0.091,0.874,0.921,0.429,0.108,0.607,-0.132,0.708,0.336,1.000,1.000
3264956,0.0369197,9.15086873807013,0.768,0.184,-0.581,-0.730,-0.607,-0.209,-0.235,0.091,0.874,0.925,0.431,0.114,0.609,-0.123,0.710,0.332,1.000,1.000
3264964,0.0417222,9.19259093888104,0.768,0.184,-0.581,-0.730,-0.607,-0.209,-0.235,0.091,0.874,0.928,0.430,0.119,0.612,-0.114,0.713,0.322,1.000,1.000
3264974,0.0461407,9.23873163945973,0.768,0.184,-0.581,-0.730,-0.607,-0.209,-0.235,0.091,0.874,0.928,0.430,0.123,0.614,-0.101,0.717,0.315,1.000,1.000
3264982,0.0421921,9.28092374093831,0.768,0.184,-0.581,-0.730,-0.607,-0.209,-0.235,0.091,0.874,0.928,0.429,0.126,0.613,-0.100,0.719,0.312,1.000,1.000
3264992,0.04522,9.32614373974502,0.768,0.184,-0.581,-0.730,-0.607,-0.209,-0.235,0.091,0.874,0.928,0.429,0.129,0.611,-0.102,0.721,0.310,1.000,1.000
3265000,0.0435689,9.36971264146268,0.768,0.184,-0.581,-0.730,-0.607,-0.209,-0.235,0.091,0.874,0.928,0.427,0.130,0.608,-0.108,0.723,0.310,1.000,1.000
3265010,0.0454003,9.41511294059455,0.768,0.184,-0.581,-0.730,-0.607,-0.209,-0.235,0.091,0.874,0.924,0.426,0.129,0.605,-0.115,0.723,0.314,1.000,1.000
3265018,0.0456705,9.46078343875706,0.768,0.184,-0.581,-0.730,-0.607,-0.209,-0.235,0.091,0.874,0.923,0.425,0.129,0.602,-0.120,0.723,0.317,1.000,1.000
3265028,0.0469493,9.50773273967206,0.768,0.184,-0.581,-0.730,-0.607,-0.209,-0.235,0.091,0.874,0.922,0.423,0.128,0.600,-0.122,0.724,0.316,1.000,1.000
3265038,0.0464292,9.55416193790734,0.768,0.184,-0.581,-0.730,-0.607,-0.209,-0.235,0.091,0.874,0.921,0.423,0.129,0.597,-0.122,0.727,0.317,1.000,1.000
3265046,0.0473545,9.6015164386481,0.768,0.184,-0.581,-0.730,-0.607,-0.209,-0.235,0.091,0.874,0.915,0.423,0.131,0.592,-0.125,0.731,0.316,1.000,1.000
3265056,0.045262,9.64677844010293,0.768,0.184,-0.581,-0.730,-0.607,-0.209,-0.235,0.091,0.874,0.908,0.427,0.138,0.587,-0.126,0.734,0.317,1.000,1.000
3265064,0.0450017,9.69178014062345,0.768,0.184,-0.581,-0.730,-0.607,-0.209,-0.235,0.091,0.874,0.899,0.434,0.142,0.582,-0.132,0.735,0.321,1.000,1.000
3265072,0.0453853,9.73716544173658,0.768,0.184,-0.581,-0.730,-0.607,-0.209,-0.235,0.091,0.874,0.895,0.437,0.143,0.579,-0.135,0.736,0.323,1.000,1.000
3265080,0.0320633,9.76922874338925,0.768,0.184,-0.581,-0.730,-0.607,-0.209,-0.235,0.091,0.874,0.892,0.437,0.141,0.574,-0.135,0.738,0.329,1.000,1.000
3265088,0.0434271,9.8126558419317,0.768,0.184,-0.581,-0.730,-0.607,-0.209,-0.235,0.091,0.874,0.889,0.439,0.140,0.573,-0.131,0.739,0.330,1.000,0.934
3265090,0.034685,9.84734084270895,0.768,0.184,-0.581,-0.730,-0.607,-0.209,-0.235,0.091,0.874,0.890,0.437,0.139,0.570,-0.131,0.740,0.333,1.000,0.867
3265098,0.0222905,9.86963134258986,0.768,0.184,-0.581,-0.730,-0.607,-0.209,-0.235,0.091,0.874,0.890,0.435,0.140,0.569,-0.129,0.742,0.332,1.000,0.823
3265102,0.0314488,9.90108014270663,0.768,0.184,-0.581,-0.730,-0.607,-0.209,-0.235,0.091,0.874,0.888,0.435,0.142,0.567,-0.124,0.746,0.327,1.000,0.795
3265112,0.0327681,9.93384824320674,0.768,0.184,-0.581,-0.730,-0.607,-0.209,-0.235,0.091,0.874,0.881,0.433,0.144,0.569,-0.111,0.750,0.318,1.000,0.750
3265118,0.0593424,9.99319064244628,0.768,0.184,-0.581,-0.730,-0.607,-0.209,-0.235,0.091,0.874,0.883,0.432,0.144,0.565,-0.100,0.757,0.314,1.000,0.672
3265128,0.0230138,10.0162044428289,0.768,0.184,-0.581,-0.730,-0.607,-0.209,-0.235,0.091,0.874,0.884,0.431,0.145,0.565,-0.094,0.758,0.312,1.000,0.695
3265138,0.0567548,10.0729592442513,0.768,0.184,-0.581,-0.730,-0.607,-0.209,-0.235,0.091,0.874,0.886,0.430,0.148,0.561,-0.086,0.762,0.310,1.000,0.761
3265144,0.0389224,10.1118816435337,0.768,0.184,-0.581,-0.730,-0.607,-0.209,-0.235,0.091,0.874,0.886,0.431,0.150,0.558,-0.076,0.767,0.307,1.000,0.846
3265154,0.0238448,10.1357264444232,0.768,0.184,-0.581,-0.730,-0.607,-0.209,-0.235,0.091,0.874,0.885,0.431,0.151,0.554,-0.070,0.771,0.305,1.000,0.871
3265162,0.0502081,10.1859345436096,0.768,0.184,-0.581,-0.730,-0.607,-0.209,-0.235,0.091,0.874,0.884,0.430,0.152,0.551,-0.067,0.774,0.303,1.000,0.845
3265170,0.0430277,10.2289622426033,0.768,0.184,-0.581,-0.730,-0.607,-0.209,-0.235,0.091,0.874,0.880,0.430,0.153,0.551,-0.066,0.774,0.305,1.000,0.806
3265180,0.0370662,10.2660284414887,0.768,0.184,-0.581,-0.730,-0.607,-0.209,-0.235,0.091,0.874,0.879,0.430,0.155,0.551,-0.064,0.775,0.303,1.000,0.818
3265188,0.044211,10.3102394416928,0.768,0.184,-0.581,-0.730,-0.607,-0.209,-0.235,0.091,0.874,0.879,0.429,0.156,0.549,-0.067,0.777,0.301,1.000,0.852
3265196,0.0366652,10.34690464288,0.768,0.184,-0.581,-0.730,-0.607,-0.209,-0.235,0.091,0.874,0.877,0.429,0.157,0.550,-0.070,0.775,0.303,1.000,0.847
3265206,0.0542699,10.4011745415628,0.768,0.184,-0.581,-0.730,-0.607,-0.209,-0.235,0.091,0.874,0.875,0.427,0.157,0.548,-0.079,0.774,0.305,1.000,0.795
3265216,0.0413725,10.4425470419228,0.768,0.184,-0.581,-0.730,-0.607,-0.209,-0.235,0.091,0.874,0.875,0.426,0.158,0.549,-0.084,0.773,0.307,1.000,0.784
3265226,0.0501474,10.4926944412291,0.768,0.184,-0.581,-0.730,-0.607,-0.209,-0.235,0.091,0.874,0.875,0.425,0.160,0.547,-0.085,0.774,0.307,1.000,0.781
3265236,0.0451036,10.5377980396152,0.768,0.184,-0.581,-0.730,-0.607,-0.209,-0.235,0.091,0.874,0.876,0.424,0.162,0.550,-0.079,0.776,0.299,1.000,0.804
3265244,0.054052,10.5918500386178,0.768,0.184,-0.581,-0.730,-0.607,-0.209,-0.235,0.091,0.874,0.876,0.424,0.164,0.551,-0.076,0.777,0.296,1.000,0.804
3265256,0.0440335,10.6358835399151,0.768,0.184,-0.581,-0.730,-0.607,-0.209,-0.235,0.091,0.874,0.875,0.423,0.164,0.550,-0.071,0.778,0.294,1.000,0.794
3265264,0.0540199,10.6899034380913,0.768,0.184,-0.581,-0.730,-0.607,-0.209,-0.235,0.091,0.874,0.875,0.422,0.165,0.551,-0.070,0.778,0.293,1.000,0.816
3265274,0.0454489,10.7353523373604,0.768,0.184,-0.581,-0.730,-0.607,-0.209,-0.235,0.091,0.874,0.875,0.420,0.166,0.550,-0.071,0.779,0.294,1.000,0.844
3265282,0.05289,10.7882423363626,0.768,0.184,-0.581,-0.730,-0.607,-0.209,-0.235,0.091,0.874,0.873,0.420,0.170,0.548,-0.073,0.779,0.296,1.000,0.837
3265292,0.0369322,10.825174536556,0.768,0.184,-0.581,-0.730,-0.607,-0.209,-0.235,0.091,0.874,0.870,0.422,0.176,0.548,-0.072,0.778,0.297,1.000,0.791
3265300,0.044828,10.8700025379658,0.768,0.184,-0.581,-0.730,-0.607,-0.209,-0.235,0.091,0.874,0.867,0.425,0.183,0.551,-0.072,0.777,0.295,1.000,0.748
3265308,0.0432406,10.9132431373,0.768,0.184,-0.581,-0.730,-0.607,-0.209,-0.235,0.091,0.874,0.865,0.428,0.187,0.553,-0.072,0.775,0.296,1.000,0.707
3265316,0.0444271,10.957670237869,0.768,0.184,-0.581,-0.730,-0.607,-0.209,-0.235,0.091,0.874,0.865,0.430,0.190,0.555,-0.069,0.774,0.297,1.000,0.680
3265326,0.0427986,11.0004688389599,0.768,0.184,-0.581,-0.730,-0.607,-0.209,-0.235,0.091,0.874,0.868,0.430,0.193,0.555,-0.074,0.771,0.303,1.000,0.693
3265336,0.0450946,11.0455634407699,0.768,0.184,-0.581,-0.730,-0.607,-0.209,-0.235,0.091,0.874,0.872,0.431,0.196,0.554,-0.074,0.771,0.305,1.000,0.748
3265344,0.0440128,11.089576240629,0.768,0.184,-0.581,-0.730,-0.607,-0.209,-0.235,0.091,0.874,0.873,0.430,0.199,0.554,-0.070,0.772,0.305,1.000,0.778
3265352,0.0438002,11.133376441896,0.768,0.184,-0.581,-0.730,-0.607,-0.209,-0.235,0.091,0.874,0.874,0.432,0.200,0.554,-0.069,0.772,0.304,1.000,0.756
3265362,0.0464271,11.1798035427928,0.768,0.184,-0.581,-0.730,-0.607,-0.209,-0.235,0.091,0.874,0.875,0.432,0.201,0.553,-0.067,0.773,0.305,1.000,0.760
3265370,0.043928,11.2237315438688,0.768,0.184,-0.581,-0.730,-0.607,-0.209,-0.235,0.091,0.874,0.878,0.430,0.202,0.554,-0.065,0.773,0.301,1.000,0.778
3265378,0.0418507,11.2655822448432,0.768,0.184,-0.581,-0.730,-0.607,-0.209,-0.235,0.091,0.874,0.885,0.428,0.201,0.555,-0.066,0.774,0.297,1.000,0.857
3265388,0.0449946,11.3105768449605,0.768,0.184,-0.581,-0.730,-0.607,-0.209,-0.235,0.091,0.874,0.892,0.426,0.203,0.555,-0.062,0.777,0.292,1.000,0.859
3265398,0.0453037,11.3558805435896,0.768,0.184,-0.581,-0.730,-0.607,-0.209,-0.235,0.091,0.874,0.900,0.424,0.203,0.558,-0.054,0.778,0.285,1.000,0.855
3265406,0.0453784,11.4012589417398,0.768,0.184,-0.581,-0.730,-0.607,-0.209,-0.235,0.091,0.874,0.911,0.420,0.205,0.560,-0.048,0.777,0.282,1.000,0.869
3265416,0.0457329,11.4469918422401,0.768,0.184,-0.581,-0.730,-0.607,-0.209,-0.235,0.091,0.874,0.920,0.419,0.209,0.562,-0.037,0.779,0.276,1.000,0.932
3265424,0.0436854,11.490677241236,0.768,0.184,-0.581,-0.730,-0.607,-0.209,-0.235,0.091,0.874,0.924,0.417,0.213,0.561,-0.037,0.779,0.278,1.000,0.921
3265432,0.0420782,11.5327554419637,0.768,0.184,-0.581,-0.730,-0.607,-0.209,-0.235,0.091,0.874,0.927,0.420,0.219,0.563,-0.034,0.778,0.277,1.000,0.873
3265442,0.0494808,11.5822362415493,0.768,0.184,-0.581,-0.730,-0.607,-0.209,-0.235,0.091,0.874,0.929,0.422,0.223,0.565,-0.035,0.777,0.276,1.000,0.887
3265450,0.0423458,11.624582041055,0.768,0.184,-0.581,-0.730,-0.607,-0.209,-0.235,0.091,0.874,0.931,0.425,0.227,0.565,-0.041,0.775,0.279,1.000,0.903
3265458,0.0424833,11.6670653410256,0.768,0.184,-0.581,-0.730,-0.607,-0.209,-0.235,0.091,0.874,0.930,0.428,0.232,0.566,-0.037,0.775,0.279,1.000,0.917
3265468,0.0433667,11.7104320414364,0.768,0.184,-0.581,-0.730,-0.607,-0.209,-0.235,0.091,0.874,0.931,0.429,0.236,0.565,-0.042,0.774,0.282,1.000,0.908
3265478,0.0491498,11.7595818415284,0.768,0.184,-0.581,-0.730,-0.607,-0.209,-0.235,0.091,0.874,0.929,0.429,0.237,0.565,-0.042,0.774,0.283,1.000,0.876
3265486,0.0466089,11.8061907403171,0.768,0.184,-0.581,-0.730,-0.607,-0.209,-0.235,0.091,0.874,0.930,0.428,0.238,0.564,-0.043,0.774,0.286,1.000,0.941
3265496,0.0383854,11.844576139003,0.768,0.184,-0.581,-0.730,-0.607,-0.209,-0.235,0.091,0.874,0.930,0.428,0.238,0.565,-0.040,0.774,0.283,1.000,0.948
3265504,0.0470195,11.8915956392884,0.768,0.184,-0.581,-0.730,-0.607,-0.209,-0.235,0.091,0.874,0.927,0.425,0.236,0.559,-0.047,0.775,0.290,1.000,0.981
3265514,0.0445485,11.9361441396177,0.768,0.184,-0.581,-0.730,-0.607,-0.209,-0.235,0.091,0.874,0.924,0.425,0.239,0.560,-0.043,0.776,0.286,1.000,0.936
3265520,0.0439831,11.9801272414625,0.768,0.184,-0.581,-0.730,-0.607,-0.209,-0.235,0.091,0.874,0.922,0.422,0.240,0.559,-0.044,0.777,0.286,1.000,0.933
3265530,0.0449968,12.0251240432262,0.768,0.184,-0.581,-0.730,-0.607,-0.209,-0.235,0.091,0.874,0.918,0.423,0.241,0.557,-0.049,0.777,0.289,1.000,0.906
3265540,0.0447648,12.0698888450861,0.768,0.184,-0.581,-0.730,-0.607,-0.209,-0.235,0.091,0.874,0.913,0.427,0.242,0.559,-0.042,0.778,0.284,1.000,0.872
3265548,0.0449736,12.1148624457419,0.768,0.184,-0.581,-0.730,-0.607,-0.209,-0.235,0.091,0.874,0.906,0.427,0.242,0.559,-0.041,0.779,0.280,1.000,0.881
3265558,0.0423231,12.1571855470538,0.768,0.184,-0.581,-0.730,-0.607,-0.209,-0.235,0.091,0.874,0.901,0.425,0.244,0.559,-0.039,0.781,0.277,1.000,0.891
3265566,0.0431758,12.2003613486886,0.768,0.184,-0.581,-0.730,-0.607,-0.209,-0.235,0.091,0.874,0.899,0.428,0.247,0.556,-0.028,0.787,0.265,1.000,0.884
3265576,0.0460622,12.2464235499501,0.768,0.184,-0.581,-0.730,-0.607,-0.209,-0.235,0.091,0.874,0.895,0.427,0.249,0.556,-0.025,0.789,0.261,1.000,0.815
3265584,0.0414251,12.2878486514091,0.768,0.184,-0.581,-0.730,-0.607,-0.209,-0.235,0.091,0.874,0.890,0.427,0.249,0.556,-0.024,0.789,0.260,1.000,0.736
3265594,0.0462729,12.3341215513647,0.768,0.184,-0.581,-0.730,-0.607,-0.209,-0.235,0.091,0.874,0.883,0.428,0.251,0.555,-0.022,0.791,0.257,1.000,0.717
3265602,0.0460972,12.3802187517285,0.768,0.184,-0.581,-0.730,-0.607,-0.209,-0.235,0.091,0.874,0.877,0.430,0.253,0.554,-0.022,0.792,0.256,1.000,0.709
3265608,0.0452866,12.4255053512752,0.768,0.184,-0.581,-0.730,-0.607,-0.209,-0.235,0.091,0.874,0.873,0.431,0.255,0.553,-0.021,0.793,0.254,1.000,0.713
3265618,0.0336423,12.4591476507485,0.768,0.184,-0.581,-0.730,-0.607,-0.209,-0.235,0.091,0.874,0.868,0.432,0.257,0.552,-0.020,0.794,0.254,1.000,0.686
3265620,0.0467331,12.5058807507157,0.768,0.184,-0.581,-0.730,-0.607,-0.209,-0.235,0.091,0.874,0.864,0.434,0.257,0.551,-0.018,0.795,0.252,1.000,0.690
3265634,0.0099975,12.5158782508224,0.768,0.184,-0.581,-0.730,-0.607,-0.209,-0.235,0.091,0.874,0.860,0.435,0.258,0.551,-0.015,0.796,0.251,1.000,0.691
3265640,0.0673814,12.5832596477121,0.768,0.184,-0.581,-0.730,-0.607,-0.209,-0.235,0.091,0.874,0.856,0.436,0.259,0.551,-0.014,0.796,0.250,1.000,0.671
3265650,0.0383223,12.621581947431,0.768,0.184,-0.581,-0.730,-0.607,-0.209,-0.235,0.091,0.874,0.850,0.437,0.258,0.548,-0.016,0.798,0.248,1.000,0.682
3265658,0.0447171,12.6662990469486,0.768,0.184,-0.581,-0.730,-0.607,-0.209,-0.235,0.091,0.874,0.846,0.436,0.259,0.549,-0.020,0.799,0.244,1.000,0.691
3265664,0.0475764,12.7138754483312,0.768,0.184,-0.581,-0.730,-0.607,-0.209,-0.235,0.091,0.874,0.844,0.438,0.261,0.552,-0.019,0.799,0.239,1.000,0.654
3265674,0.0236951,12.7375705484301,0.768,0.184,-0.581,-0.730,-0.607,-0.209,-0.235,0.091,0.874,0.841,0.438,0.261,0.553,-0.016,0.798,0.239,1.000,0.625
3265684,0.0466728,12.7842433471233,0.768,0.184,-0.581,-0.730,-0.607,-0.209,-0.235,0.091,0.874,0.836,0.440,0.260,0.553,-0.012,0.799,0.236,1.000,0.601
3265696,0.055374,12.8396173473448,0.768,0.184,-0.581,-0.730,-0.607,-0.209,-0.235,0.091,0.874,0.836,0.437,0.261,0.550,-0.011,0.799,0.242,1.000,0.598
3265706,0.0552731,12.8948904480785,0.768,0.184,-0.581,-0.730,-0.607,-0.209,-0.235,0.091,0.874,0.836,0.438,0.262,0.551,-0.013,0.798,0.243,1.000,0.628
3265718,0.0577881,12.9526785481721,0.768,0.184,-0.581,-0.730,-0.607,-0.209,-0.235,0.091,0.874,0.835,0.438,0.263,0.552,-0.012,0.798,0.242,1.000,0.685
3265730,0.0541501,13.0068286489695,0.768,0.184,-0.581,-0.730,-0.607,-0.209,-0.235,0.091,0.874,0.833,0.438,0.262,0.550,-0.012,0.798,0.244,1.000,0.695
3265742,0.0613553,13.0681839492172,0.768,0.184,-0.581,-0.730,-0.607,-0.209,-0.235,0.091,0.874,0.830,0.439,0.261,0.548,-0.013,0.800,0.245,1.000,0.714
3265754,0.0549917,13.1231756489724,0.768,0.184,-0.581,-0.730,-0.607,-0.209,-0.235,0.091,0.874,0.827,0.442,0.262,0.547,-0.012,0.801,0.243,1.000,0.672
3265762,0.0586218,13.1817974504083,0.768,0.184,-0.581,-0.730,-0.607,-0.209,-0.235,0.091,0.874,0.825,0.443,0.264,0.553,-0.007,0.800,0.235,1.000,0.589
3265772,0.0442265,13.2260239515454,0.768,0.184,-0.581,-0.730,-0.607,-0.209,-0.235,0.091,0.874,0.824,0.442,0.262,0.554,-0.005,0.801,0.226,1.000,0.504
3265782,0.0516844,13.2777083497494,0.768,0.184,-0.581,-0.730,-0.607,-0.209,-0.235,0.091,0.874,0.822,0.441,0.260,0.556,-0.004,0.800,0.224,1.000,0.500
3265792,0.0468349,13.3245432507247,0.768,0.184,-0.581,-0.730,-0.607,-0.209,-0.235,0.091,0.874,0.820,0.441,0.258,0.557,-0.005,0.800,0.223,1.000,0.534
3265800,0.0461656,13.3707088511437,0.768,0.184,-0.581,-0.730,-0.607,-0.209,-0.235,0.091,0.874,0.820,0.436,0.256,0.553,-0.007,0.801,0.228,1.000,0.557
3265808,0.0426779,13.413386752829,0.768,0.184,-0.581,-0.730,-0.607,-0.209,-0.235,0.091,0.874,0.820,0.437,0.255,0.547,-0.009,0.804,0.232,1.000,0.538
3265818,0.0447403,13.4581270534545,0.768,0.184,-0.581,-0.730,-0.607,-0.209,-0.235,0.091,0.874,0.819,0.439,0.256,0.542,-0.003,0.807,0.234,1.000,0.522
3265824,0.0437159,13.5018429551274,0.768,0.184,-0.581,-0.730,-0.607,-0.209,-0.235,0.091,0.874,0.817,0.439,0.257,0.541,-0.002,0.809,0.230,1.000,0.501
3265834,0.035569,13.5374119561166,0.768,0.184,-0.581,-0.730,-0.607,-0.209,-0.235,0.091,0.874,0.815,0.440,0.257,0.540,0.000,0.811,0.225,1.000,0.507
3265842,0.0421677,13.5795796569437,0.768,0.184,-0.581,-0.730,-0.607,-0.209,-0.235,0.091,0.874,0.812,0.442,0.256,0.541,0.000,0.810,0.225,1.000,0.500
3265850,0.0447693,13.6243489552289,0.768,0.184,-0.581,-0.730,-0.607,-0.209,-0.235,0.091,0.874,0.807,0.444,0.254,0.541,-0.002,0.810,0.225,1.000,0.488
3265860,0.0522218,13.6765707563609,0.768,0.184,-0.581,-0.730,-0.607,-0.209,-0.235,0.091,0.874,0.802,0.443,0.249,0.541,-0.008,0.810,0.226,1.000,0.510
3265868,0.0399658,13.7165365573019,0.768,0.184,-0.581,-0.730,-0.607,-0.209,-0.235,0.091,0.874,0.797,0.442,0.246,0.540,-0.010,0.810,0.228,1.000,0.600
3265876,0.0419733,13.7585098575801,0.768,0.184,-0.581,-0.730,-0.607,-0.209,-0.235,0.091,0.874,0.797,0.441,0.246,0.536,-0.012,0.813,0.227,1.000,0.637
3265886,0.041988,13.8004978578538,0.768,0.184,-0.581,-0.730,-0.607,-0.209,-0.235,0.091,0.874,0.796,0.443,0.246,0.533,-0.010,0.815,0.225,1.000,0.628
3265896,0.0492296,13.8497274573892,0.768,0.184,-0.581,-0.730,-0.607,-0.209,-0.235,0.091,0.874,0.793,0.444,0.246,0.528,-0.009,0.818,0.226,1.000,0.566
3265904,0.0436145,13.8933419566602,0.768,0.184,-0.581,-0.730,-0.607,-0.209,-0.235,0.091,0.874,0.790,0.445,0.246,0.522,-0.010,0.822,0.226,1.000,0.547
3265916,0.0506197,13.9439616557211,0.768,0.184,-0.581,-0.730,-0.607,-0.209,-0.235,0.091,0.874,0.789,0.446,0.246,0.519,-0.011,0.824,0.225,1.000,0.523
3265924,0.0486062,13.9925678540021,0.768,0.184,-0.581,-0.730,-0.607,-0.209,-0.235,0.091,0.874,0.786,0.446,0.245,0.518,-0.013,0.825,0.224,1.000,0.528
3265932,0.0491111,14.0416789557785,0.768,0.184,-0.581,-0.730,-0.607,-0.209,-0.235,0.091,0.874,0.783,0.446,0.244,0.518,-0.013,0.825,0.225,1.000,0.580
3265942,0.0338211,14.0755000542849,0.768,0.184,-0.581,-0.730,-0.607,-0.209,-0.235,0.091,0.874,0.781,0.446,0.242,0.516,-0.014,0.826,0.225,1.000,0.637
3265950,0.0505596,14.1260596532375,0.768,0.184,-0.581,-0.730,-0.607,-0.209,-0.235,0.091,0.874,0.781,0.447,0.240,0.510,-0.015,0.830,0.223,1.000,0.629
3265960,0.0443533,14.1704129520804,0.768,0.184,-0.581,-0.730,-0.607,-0.209,-0.235,0.091,0.874,0.780,0.448,0.239,0.506,-0.013,0.834,0.221,1.000,0.639
3265968,0.0430874,14.2135003525764,0.768,0.184,-0.581,-0.730,-0.607,-0.209,-0.235,0.091,0.874,0.779,0.448,0.241,0.502,-0.010,0.836,0.222,1.000,0.620
3265978,0.0425604,14.256060751155,0.768,0.184,-0.581,-0.730,-0.607,-0.209,-0.235,0.091,0.874,0.779,0.446,0.242,0.499,-0.010,0.837,0.222,1.000,0.608
3265986,0.0450996,14.3011603523046,0.768,0.184,-0.581,-0.730,-0.607,-0.209,-0.235,0.091,0.874,0.778,0.445,0.242,0.497,-0.009,0.839,0.223,1.000,0.608
3265994,0.0449162,14.3460765536875,0.768,0.184,-0.581,-0.730,-0.607,-0.209,-0.235,0.091,0.874,0.777,0.443,0.240,0.494,-0.010,0.840,0.225,1.000,0.621
3266004,0.0403337,14.3864102531224,0.768,0.184,-0.581,-0.730,-0.607,-0.209,-0.235,0.091,0.874,0.777,0.443,0.240,0.490,-0.011,0.841,0.227,1.000,0.637
3266012,0.0480392,14.4344494547695,0.768,0.184,-0.581,-0.730,-0.607,-0.209,-0.235,0.091,0.874,0.777,0.443,0.240,0.487,-0.011,0.843,0.227,1.000,0.641
3266022,0.0429911,14.4774405565113,0.768,0.184,-0.581,-0.730,-0.607,-0.209,-0.235,0.091,0.874,0.776,0.443,0.241,0.486,-0.010,0.844,0.227,1.000,0.623
3266030,0.046408,14.5238485578448,0.768,0.184,-0.581,-0.730,-0.607,-0.209,-0.235,0.091,0.874,0.774,0.443,0.242,0.484,-0.007,0.845,0.228,1.000,0.621
3266040,0.0460354,14.5698839593679,0.768,0.184,-0.581,-0.730,-0.607,-0.209,-0.235,0.091,0.874,0.775,0.441,0.241,0.483,-0.009,0.845,0.228,1.000,0.634
3266048,0.0445104,14.6143943611532,0.768,0.184,-0.581,-0.730,-0.607,-0.209,-0.235,0.091,0.874,0.774,0.439,0.242,0.485,-0.006,0.844,0.229,1.000,0.663
3266058,0.0403047,14.6546990629286,0.768,0.184,-0.581,-0.730,-0.607,-0.209,-0.235,0.091,0.874,0.775,0.436,0.244,0.485,-0.003,0.844,0.231,1.000,0.671
3266066,0.0473119,14.7020109612495,0.768,0.184,-0.581,-0.730,-0.607,-0.209,-0.235,0.091,0.874,0.775,0.436,0.244,0.484,-0.004,0.844,0.231,1.000,0.663
3266076,0.0446376,14.7466485630721,0.768,0.184,-0.581,-0.730,-0.607,-0.209,-0.235,0.091,0.874,0.773,0.437,0.247,0.482,-0.006,0.844,0.235,1.000,0.646
3266084,0.0465145,14.7931630630046,0.768,0.184,-0.581,-0.730,-0.607,-0.209,-0.235,0.091,0.874,0.771,0.437,0.247,0.482,-0.007,0.844,0.236,1.000,0.658
3266094,0.0400453,14.8332083616406,0.768,0.184,-0.581,-0.730,-0.607,-0.209,-0.235,0.091,0.874,0.771,0.436,0.250,0.482,-0.015,0.844,0.234,1.000,0.657
3266102,0.0464642,14.8796725627035,0.768,0.184,-0.581,-0.730,-0.607,-0.209,-0.235,0.091,0.874,0.770,0.436,0.254,0.482,-0.018,0.844,0.233,1.000,0.639
3266110,0.0445005,14.9241730626673,0.768,0.184,-0.581,-0.730,-0.607,-0.209,-0.235,0.091,0.874,0.769,0.435,0.257,0.482,-0.018,0.844,0.234,1.000,0.617
3266120,0.0446799,14.9688529614359,0.768,0.184,-0.581,-0.730,-0.607,-0.209,-0.235,0.091,0.874,0.769,0.434,0.257,0.480,-0.021,0.845,0.233,1.000,0.598
3266128,0.043861,15.0127139631659,0.768,0.184,-0.581,-0.730,-0.607,-0.209,-0.235,0.091,0.874,0.769,0.432,0.259,0.478,-0.023,0.846,0.234,1.000,0.582
3266138,0.0437396,15.0564535614103,0.768,0.184,-0.581,-0.730,-0.607,-0.209,-0.235,0.091,0.874,0.769,0.432,0.260,0.475,-0.027,0.847,0.236,1.000,0.570
3266146,0.0455051,15.1019586604089,0.768,0.184,-0.581,-0.730,-0.607,-0.209,-0.235,0.091,0.874,0.771,0.432,0.261,0.470,-0.025,0.849,0.239,1.000,0.588
3266156,0.0440764,15.1460350621492,0.768,0.184,-0.581,-0.730,-0.607,-0.209,-0.235,0.091,0.874,0.770,0.432,0.261,0.468,-0.023,0.850,0.240,1.000,0.650
3266164,0.0516703,15.1977053638548,0.768,0.184,-0.581,-0.730,-0.607,-0.209,-0.235,0.091,0.874,0.769,0.428,0.264,0.466,-0.019,0.850,0.243,1.000,0.721
3266172,0.0347375,15.2324428651482,0.768,0.184,-0.581,-0.730,-0.607,-0.209,-0.235,0.091,0.874,0.767,0.428,0.265,0.462,-0.018,0.851,0.248,1.000,0.715
3266182,0.0472869,15.2797297667712,0.768,0.184,-0.581,-0.730,-0.607,-0.209,-0.235,0.091,0.874,0.767,0.427,0.267,0.459,-0.018,0.852,0.252,1.000,0.695
3266190,0.0435004,15.3232301678509,0.768,0.184,-0.581,-0.730,-0.607,-0.209,-0.235,0.091,0.874,0.766,0.426,0.269,0.457,-0.018,0.852,0.254,1.000,0.698
3266200,0.0436116,15.3668417688459,0.768,0.184,-0.581,-0.730,-0.607,-0.209,-0.235,0.091,0.874,0.766,0.425,0.270,0.457,-0.019,0.852,0.255,1.000,0.696
3266208,0.0476764,15.4145181681961,0.768,0.184,-0.581,-0.730,-0.607,-0.209,-0.235,0.091,0.874,0.765,0.424,0.273,0.456,-0.018,0.852,0.257,1.000,0.693
3266216,0.0442101,15.4587282668799,0.768,0.184,-0.581,-0.730,-0.607,-0.209,-0.235,0.091,0.874,0.766,0.424,0.274,0.458,-0.016,0.851,0.257,1.000,0.702
3266222,0.0335386,15.4922668654472,0.768,0.184,-0.581,-0.730,-0.607,-0.209,-0.235,0.091,0.874,0.767,0.423,0.276,0.460,-0.017,0.850,0.255,1.000,0.701
3266228,0.0447197,15.5369865652174,0.768,0.184,-0.581,-0.730,-0.607,-0.209,-0.235,0.091,0.874,0.768,0.423,0.279,0.461,-0.018,0.849,0.256,1.000,0.682
3266236,0.0226219,15.5596084650606,0.768,0.184,-0.581,-0.730,-0.607,-0.209,-0.235,0.091,0.874,0.769,0.423,0.282,0.462,-0.018,0.849,0.256,1.000,0.655
3266240,0.0298167,15.5894251652062,0.768,0.184,-0.581,-0.730,-0.607,-0.209,-0.235,0.091,0.874,0.771,0.422,0.284,0.464,-0.019,0.848,0.255,1.000,0.639
3266246,0.0203216,15.6097467653453,0.768,0.184,-0.581,-0.730,-0.607,-0.209,-0.235,0.091,0.874,0.772,0.421,0.285,0.466,-0.019,0.847,0.254,1.000,0.626
3266256,0.0622986,15.6720453649759,0.768,0.184,-0.581,-0.730,-0.607,-0.209,-0.235,0.091,0.874,0.774,0.421,0.286,0.469,-0.019,0.846,0.251,1.000,0.615
3266262,0.0400731,15.7121184654534,0.768,0.184,-0.581,-0.730,-0.607,-0.209,-0.235,0.091,0.874,0.774,0.423,0.285,0.472,-0.018,0.845,0.250,1.000,0.667
3266270,0.0228743,15.7349927648902,0.768,0.184,-0.581,-0.730,-0.607,-0.209,-0.235,0.091,0.874,0.774,0.422,0.283,0.477,-0.020,0.844,0.246,1.000,0.682
3266280,0.0620746,15.7970673665404,0.768,0.184,-0.581,-0.730,-0.607,-0.209,-0.235,0.091,0.874,0.775,0.421,0.283,0.480,-0.021,0.842,0.244,1.000,0.711
3266288,0.0370942,15.8341615647078,0.768,0.184,-0.581,-0.730,-0.607,-0.209,-0.235,0.091,0.874,0.773,0.422,0.281,0.482,-0.022,0.842,0.241,1.000,0.756
3266298,0.0373472,15.8715087659657,0.768,0.184,-0.581,-0.730,-0.607,-0.209,-0.235,0.091,0.874,0.772,0.420,0.281,0.483,-0.024,0.842,0.238,1.000,0.761
3266304,0.0438274,15.9153361655772,0.768,0.184,-0.581,-0.730,-0.607,-0.209,-0.235,0.091,0.874,0.772,0.419,0.282,0.484,-0.025,0.843,0.235,1.000,0.720
3266314,0.0203091,15.9356452655047,0.768,0.184,-0.581,-0.730,-0.607,-0.209,-0.235,0.091,0.874,0.772,0.419,0.284,0.484,-0.024,0.843,0.231,1.000,0.708
3266322,0.0530672,15.9887124653906,0.768,0.184,-0.581,-0.730,-0.607,-0.209,-0.235,0.091,0.874,0.771,0.418,0.284,0.483,-0.026,0.844,0.231,1.000,0.683
3266332,0.0362353,16.024947764352,0.768,0.184,-0.581,-0.730,-0.607,-0.209,-0.235,0.091,0.874,0.772,0.419,0.285,0.478,-0.026,0.846,0.236,1.000,0.666
3266344,0.0570664,16.082014163956,0.768,0.184,-0.581,-0.730,-0.607,-0.209,-0.235,0.091,0.874,0.772,0.417,0.286,0.478,-0.027,0.846,0.235,1.000,0.666
3266356,0.0602914,16.1423055622727,0.768,0.184,-0.581,-0.730,-0.607,-0.209,-0.235,0.091,0.874,0.772,0.418,0.285,0.478,-0.025,0.846,0.235,1.000,0.652
3266368,0.0584678,16.200773363933,0.768,0.184,-0.581,-0.730,-0.607,-0.209,-0.235,0.091,0.874,0.772,0.418,0.282,0.478,-0.022,0.845,0.237,1.000,0.675
3266380,0.0561321,16.2569054644555,0.768,0.184,-0.581,-0.730,-0.607,-0.209,-0.235,0.091,0.874,0.773,0.415,0.280,0.478,-0.022,0.845,0.238,1.000,0.724
3266392,0.0552821,16.3121875654906,0.768,0.184,-0.581,-0.730,-0.607,-0.209,-0.235,0.091,0.874,0.775,0.412,0.281,0.472,-0.023,0.847,0.244,1.000,0.741
3266404,0.0644388,16.3766263630241,0.768,0.184,-0.581,-0.730,-0.607,-0.209,-0.235,0.091,0.874,0.771,0.417,0.278,0.473,-0.025,0.846,0.247,1.000,0.798
3266414,0.0583507,16.4349770639092,0.768,0.184,-0.581,-0.730,-0.607,-0.209,-0.235,0.091,0.874,0.774,0.419,0.276,0.473,-0.027,0.847,0.243,1.000,0.797
3266424,0.0485545,16.4835315626115,0.768,0.184,-0.581,-0.730,-0.607,-0.209,-0.235,0.091,0.874,0.775,0.421,0.278,0.471,-0.026,0.847,0.244,1.000,0.710
3266432,0.0544553,16.5379868615419,0.768,0.184,-0.581,-0.730,-0.607,-0.209,-0.235,0.091,0.874,0.777,0.421,0.278,0.471,-0.026,0.847,0.246,1.000,0.695
3266442,0.0427456,16.5807324629277,0.768,0.184,-0.581,-0.730,-0.607,-0.209,-0.235,0.091,0.874,0.781,0.420,0.282,0.470,-0.027,0.848,0.242,1.000,0.688
3266450,0.0420625,16.6227949615568,0.768,0.184,-0.581,-0.730,-0.607,-0.209,-0.235,0.091,0.874,0.782,0.418,0.284,0.471,-0.028,0.848,0.240,1.000,0.550
3266460,0.0463855,16.6691804621369,0.768,0.184,-0.581,-0.730,-0.607,-0.209,-0.235,0.091,0.874,0.782,0.418,0.281,0.472,-0.022,0.847,0.244,1.000,0.541
3266468,0.0474846,16.7166650611907,0.768,0.184,-0.581,-0.730,-0.607,-0.209,-0.235,0.091,0.874,0.784,0.418,0.278,0.471,-0.023,0.847,0.246,1.000,0.623
3266478,0.0447258,16.7613908629864,0.768,0.184,-0.581,-0.730,-0.607,-0.209,-0.235,0.091,0.874,0.785,0.419,0.278,0.472,-0.023,0.846,0.246,1.000,0.693
3266486,0.0415061,16.8028969634324,0.768,0.184,-0.581,-0.730,-0.607,-0.209,-0.235,0.091,0.874,0.784,0.421,0.276,0.471,-0.022,0.847,0.246,1.000,0.706
3266494,0.0473592,16.8502561617643,0.768,0.184,-0.581,-0.730,-0.607,-0.209,-0.235,0.091,0.874,0.780,0.423,0.271,0.471,-0.021,0.847,0.245,1.000,0.683
3266502,0.0382191,16.8884752634913,0.768,0.184,-0.581,-0.730,-0.607,-0.209,-0.235,0.091,0.874,0.779,0.423,0.272,0.475,-0.024,0.846,0.241,1.000,0.727
3266510,0.0391805,16.9276557620615,0.768,0.184,-0.581,-0.730,-0.607,-0.209,-0.235,0.091,0.874,0.778,0.423,0.273,0.477,-0.023,0.846,0.236,1.000,0.713
3266520,0.0420106,16.9696663636714,0.768,0.184,-0.581,-0.730,-0.607,-0.209,-0.235,0.091,0.874,0.778,0.425,0.271,0.481,-0.021,0.846,0.229,1.000,0.641
3266528,0.0497467,17.0194130633026,0.768,0.184,-0.581,-0.730,-0.607,-0.209,-0.235,0.091,0.874,0.775,0.426,0.270,0.483,-0.022,0.846,0.225,1.000,0.642
3266538,0.0417516,17.0611646641046,0.768,0.184,-0.581,-0.730,-0.607,-0.209,-0.235,0.091,0.874,0.780,0.423,0.269,0.479,-0.028,0.846,0.231,1.000,0.631
3266546,0.0447019,17.1058665644377,0.768,0.184,-0.581,-0.730,-0.607,-0.209,-0.235,0.091,0.874,0.783,0.421,0.269,0.474,-0.031,0.848,0.234,1.000,0.740
3266556,0.044671,17.1505375634879,0.768,0.184,-0.581,-0.730,-0.607,-0.209,-0.235,0.091,0.874,0.782,0.421,0.269,0.469,-0.030,0.852,0.231,1.000,0.914
3266564,0.043528,17.1940655652434,0.768,0.184,-0.581,-0.730,-0.607,-0.209,-0.235,0.091,0.874,0.776,0.423,0.269,0.464,-0.026,0.854,0.232,1.000,0.863
3266574,0.0449718,17.2390373665839,0.768,0.184,-0.581,-0.730,-0.607,-0.209,-0.235,0.091,0.874,0.768,0.426,0.271,0.465,-0.021,0.854,0.231,1.000,0.728
3266582,0.0436717,17.2827090676874,0.768,0.184,-0.581,-0.730,-0.607,-0.209,-0.235,0.091,0.874,0.759,0.426,0.271,0.465,-0.018,0.855,0.229,1.000,0.685
3266592,0.0485279,17.3312369678169,0.768,0.184,-0.581,-0.730,-0.607,-0.209,-0.235,0.091,0.874,0.744,0.428,0.270,0.470,-0.014,0.853,0.226,1.000,0.691
3266602,0.0467743,17.3780112694949,0.768,0.184,-0.581,-0.730,-0.607,-0.209,-0.235,0.091,0.874,0.733,0.433,0.267,0.472,-0.013,0.853,0.220,1.000,0.692
3266610,0.0466038,17.4246150683612,0.768,0.184,-0.581,-0.730,-0.607,-0.209,-0.235,0.091,0.874,0.724,0.435,0.269,0.472,-0.015,0.854,0.219,1.000,0.674
3266620,0.0410965,17.4657115694135,0.768,0.184,-0.581,-0.730,-0.607,-0.209,-0.235,0.091,0.874,0.716,0.440,0.270,0.473,-0.019,0.854,0.215,1.000,0.610
3266628,0.046648,17.5123595688492,0.768,0.184,-0.581,-0.730,-0.607,-0.209,-0.235,0.091,0.874,0.713,0.442,0.270,0.471,-0.024,0.855,0.214,1.000,0.584
3266638,0.0437722,17.556131767109,0.768,0.184,-0.581,-0.730,-0.607,-0.209,-0.235,0.091,0.874,0.708,0.446,0.270,0.468,-0.025,0.856,0.219,1.000,0.576
3266646,0.0444372,17.60056896694,0.768,0.184,-0.581,-0.730,-0.607,-0.209,-0.235,0.091,0.874,0.705,0.444,0.269,0.465,-0.026,0.856,0.224,1.000,0.590
3266654,0.0472182,17.6477871667594,0.768,0.184,-0.581,-0.730,-0.607,-0.209,-0.235,0.091,0.874,0.702,0.442,0.269,0.461,-0.030,0.856,0.231,1.000,0.598
3266664,0.0398904,17.6876775678247,0.768,0.184,-0.581,-0.730,-0.607,-0.209,-0.235,0.091,0.874,0.700,0.439,0.273,0.461,-0.035,0.856,0.233,1.000,0.637
3266672,0.0454541,17.7331316675991,0.768,0.184,-0.581,-0.730,-0.607,-0.209,-0.235,0.091,0.874,0.697,0.438,0.276,0.461,-0.037,0.855,0.233,1.000,0.599
3266680,0.0488998,17.7820314671844,0.768,0.184,-0.581,-0.730,-0.607,-0.209,-0.235,0.091,0.874,0.696,0.438,0.278,0.462,-0.038,0.855,0.232,1.000,0.571
3266690,0.0413059,17.8233373668045,0.768,0.184,-0.581,-0.730,-0.607,-0.209,-0.235,0.091,0.874,0.694,0.437,0.279,0.463,-0.040,0.855,0.231,1.000,0.555
3266700,0.0470247,17.8703620675951,0.768,0.184,-0.581,-0.730,-0.607,-0.209,-0.235,0.091,0.874,0.692,0.435,0.279,0.464,-0.042,0.854,0.230,1.000,0.556
3266708,0.0398656,17.910227669403,0.768,0.184,-0.581,-0.730,-0.607,-0.209,-0.235,0.091,0.874,0.692,0.435,0.278,0.465,-0.044,0.854,0.229,1.000,0.552
3266718,0.0506683,17.9608959686011,0.768,0.184,-0.581,-0.730,-0.607,-0.209,-0.235,0.091,0.874,0.693,0.435,0.275,0.464,-0.049,0.854,0.231,1.000,0.569
3266726,0.0429089,18.0038048680872,0.768,0.184,-0.581,-0.730,-0.607,-0.209,-0.235,0.091,0.874,0.695,0.435,0.274,0.463,-0.051,0.854,0.232,1.000,0.592
3266734,0.0429191,18.0467239674181,0.768,0.184,-0.581,-0.730,-0.607,-0.209,-0.235,0.091,0.874,0.699,0.435,0.274,0.461,-0.052,0.854,0.235,1.000,0.596
3266744,0.0436558,18.0903797689825,0.768,0.184,-0.581,-0.730,-0.607,-0.209,-0.235,0.091,0.874,0.701,0.435,0.275,0.461,-0.051,0.854,0.237,1.000,0.591
3266752,0.0427479,18.1331276688725,0.768,0.184,-0.581,-0.730,-0.607,-0.209,-0.235,0.091,0.874,0.704,0.435,0.276,0.461,-0.051,0.854,0.238,1.000,0.584
3266760,0.0459425,18.1790701691061,0.768,0.184,-0.581,-0.730,-0.607,-0.209,-0.235,0.091,0.874,0.707,0.434,0.279,0.460,-0.049,0.854,0.238,1.000,0.563
3266770,0.0432082,18.2222783695906,0.768,0.184,-0.581,-0.730,-0.607,-0.209,-0.235,0.091,0.874,0.710,0.434,0.281,0.462,-0.046,0.853,0.237,1.000,0.546
3266780,0.0453759,18.2676542680711,0.768,0.184,-0.581,-0.730,-0.607,-0.209,-0.235,0.091,0.874,0.712,0.435,0.283,0.464,-0.044,0.852,0.237,1.000,0.544
3266788,0.0478472,18.3155014682561,0.768,0.184,-0.581,-0.730,-0.607,-0.209,-0.235,0.091,0.874,0.714,0.437,0.283,0.466,-0.041,0.851,0.236,1.000,0.542
3266796,0.0436023,18.3591037672013,0.768,0.184,-0.581,-0.730,-0.607,-0.209,-0.235,0.091,0.874,0.716,0.438,0.283,0.468,-0.039,0.850,0.237,1.000,0.535
3266806,0.0415246,18.4006283674389,0.768,0.184,-0.581,-0.730,-0.607,-0.209,-0.235,0.091,0.874,0.718,0.439,0.282,0.469,-0.036,0.850,0.238,1.000,0.558
3266816,0.048429,18.4490573685616,0.768,0.184,-0.581,-0.730,-0.607,-0.209,-0.235,0.091,0.874,0.720,0.439,0.281,0.470,-0.037,0.849,0.238,1.000,0.599
3266824,0.0445067,18.4935640674084,0.768,0.184,-0.581,-0.730,-0.607,-0.209,-0.235,0.091,0.874,0.721,0.439,0.280,0.470,-0.038,0.849,0.239,1.000,0.605
3266832,0.0408562,18.5344202686101,0.768,0.184,-0.581,-0.730,-0.607,-0.209,-0.235,0.091,0.874,0.723,0.439,0.280,0.471,-0.037,0.848,0.240,1.000,0.600
3266838,0.0430712,18.5774914678186,0.768,0.184,-0.581,-0.730,-0.607,-0.209,-0.235,0.091,0.874,0.724,0.439,0.279,0.472,-0.038,0.848,0.239,1.000,0.599
3266842,0.0261613,18.603652767837,0.768,0.184,-0.581,-0.730,-0.607,-0.209,-0.235,0.091,0.874,0.725,0.439,0.279,0.473,-0.038,0.847,0.238,1.000,0.595
3266850,0.033413,18.6370657682419,0.768,0.184,-0.581,-0.730,-0.607,-0.209,-0.235,0.091,0.874,0.726,0.439,0.280,0.473,-0.038,0.847,0.239,1.000,0.578
3266862,0.0505116,18.6875773668289,0.768,0.184,-0.581,-0.730,-0.607,-0.209,-0.235,0.091,0.874,0.727,0.440,0.280,0.472,-0.038,0.848,0.239,1.000,0.570
3266870,0.0386634,18.7262407653034,0.768,0.184,-0.581,-0.730,-0.607,-0.209,-0.235,0.091,0.874,0.728,0.440,0.280,0.473,-0.037,0.847,0.239,1.000,0.570
3266880,0.042673,18.7689137645066,0.768,0.184,-0.581,-0.730,-0.607,-0.209,-0.235,0.091,0.874,0.729,0.440,0.280,0.473,-0.036,0.847,0.239,1.000,0.568
3266888,0.0431198,18.8120335638523,0.768,0.184,-0.581,-0.730,-0.607,-0.209,-0.235,0.091,0.874,0.731,0.441,0.281,0.473,-0.036,0.847,0.240,1.000,0.557
3266896,0.0417288,18.8537623621523,0.768,0.184,-0.581,-0.730,-0.607,-0.209,-0.235,0.091,0.874,0.733,0.439,0.281,0.475,-0.040,0.846,0.239,1.000,0.549
3266906,0.0464517,18.900214061141,0.768,0.184,-0.581,-0.730,-0.607,-0.209,-0.235,0.091,0.874,0.735,0.440,0.283,0.475,-0.039,0.845,0.241,1.000,0.566
3266914,0.0455438,18.9457578621805,0.768,0.184,-0.581,-0.730,-0.607,-0.209,-0.235,0.091,0.874,0.737,0.439,0.284,0.475,-0.034,0.845,0.242,1.000,0.569
3266924,0.0432824,18.9890402629972,0.768,0.184,-0.581,-0.730,-0.607,-0.209,-0.235,0.091,0.874,0.740,0.438,0.283,0.477,-0.031,0.845,0.241,1.000,0.580
3266932,0.0500938,19.0391340628266,0.768,0.184,-0.581,-0.730,-0.607,-0.209,-0.235,0.091,0.874,0.742,0.439,0.283,0.480,-0.028,0.844,0.238,1.000,0.614
3266942,0.0399538,19.0790878646076,0.768,0.184,-0.581,-0.730,-0.607,-0.209,-0.235,0.091,0.874,0.743,0.439,0.285,0.484,-0.023,0.843,0.234,1.000,0.585
3266950,0.0476616,19.1267494633794,0.768,0.184,-0.581,-0.730,-0.607,-0.209,-0.235,0.091,0.874,0.743,0.438,0.285,0.484,-0.024,0.842,0.235,1.000,0.588
3266962,0.0419539,19.1687033623457,0.768,0.184,-0.581,-0.730,-0.607,-0.209,-0.235,0.091,0.874,0.743,0.437,0.285,0.485,-0.025,0.842,0.234,1.000,0.589
3266970,0.0572988,19.226002164185,0.768,0.184,-0.581,-0.730,-0.607,-0.209,-0.235,0.091,0.874,0.743,0.436,0.285,0.484,-0.027,0.842,0.235,1.000,0.581
3266980,0.0407165,19.2667186632752,0.768,0.184,-0.581,-0.730,-0.607,-0.209,-0.235,0.091,0.874,0.743,0.436,0.284,0.485,-0.027,0.841,0.236,1.000,0.580
3266988,0.0494039,19.3161225616932,0.768,0.184,-0.581,-0.730,-0.607,-0.209,-0.235,0.091,0.874,0.742,0.435,0.282,0.485,-0.031,0.841,0.237,1.000,0.596
3266996,0.0394735,19.355596061796,0.768,0.184,-0.581,-0.730,-0.607,-0.209,-0.235,0.091,0.874,0.742,0.436,0.282,0.483,-0.033,0.842,0.238,1.000,0.605
3267006,0.0447223,19.4003183618188,0.768,0.184,-0.581,-0.730,-0.607,-0.209,-0.235,0.091,0.874,0.740,0.438,0.281,0.483,-0.035,0.842,0.237,1.000,0.599
3267014,0.0440949,19.4444132633507,0.768,0.184,-0.581,-0.730,-0.607,-0.209,-0.235,0.091,0.874,0.739,0.439,0.280,0.482,-0.036,0.843,0.238,1.000,0.601
3267024,0.0464453,19.4908585622907,0.768,0.184,-0.581,-0.730,-0.607,-0.209,-0.235,0.091,0.874,0.738,0.438,0.279,0.482,-0.039,0.843,0.237,1.000,0.601
3267032,0.046268,19.5371265634894,0.768,0.184,-0.581,-0.730,-0.607,-0.209,-0.235,0.091,0.874,0.736,0.438,0.278,0.479,-0.039,0.844,0.239,1.000,0.594
3267040,0.0431736,19.5803001634777,0.768,0.184,-0.581,-0.730,-0.607,-0.209,-0.235,0.091,0.874,0.736,0.437,0.277,0.478,-0.040,0.844,0.240,1.000,0.585
3267048,0.0341672,19.6144673638046,0.768,0.184,-0.581,-0.730,-0.607,-0.209,-0.235,0.091,0.874,0.738,0.436,0.276,0.478,-0.040,0.844,0.239,1.000,0.567
3267058,0.0510181,19.6654854640365,0.768,0.184,-0.581,-0.730,-0.607,-0.209,-0.235,0.091,0.874,0.737,0.434,0.275,0.477,-0.042,0.844,0.240,1.000,0.555
3267066,0.042401,19.7078864648938,0.768,0.184,-0.581,-0.730,-0.607,-0.209,-0.235,0.091,0.874,0.738,0.432,0.273,0.477,-0.041,0.845,0.240,1.000,0.549
3267074,0.0404108,19.7482972666621,0.768,0.184,-0.581,-0.730,-0.607,-0.209,-0.235,0.091,0.874,0.738,0.430,0.273,0.477,-0.041,0.844,0.240,1.000,0.547
3267084,0.0442636,19.7925608679652,0.768,0.184,-0.581,-0.730,-0.607,-0.209,-0.235,0.091,0.874,0.740,0.427,0.273,0.478,-0.042,0.844,0.239,1.000,0.541
3267092,0.043437,19.8359978683293,0.768,0.184,-0.581,-0.730,-0.607,-0.209,-0.235,0.091,0.874,0.741,0.425,0.274,0.479,-0.042,0.844,0.238,1.000,0.509
3267102,0.042285,19.878282867372,0.768,0.184,-0.581,-0.730,-0.607,-0.209,-0.235,0.091,0.874,0.739,0.422,0.276,0.480,-0.045,0.844,0.236,1.000,0.501
3267110,0.0459188,19.9242016673088,0.768,0.184,-0.581,-0.730,-0.607,-0.209,-0.235,0.091,0.874,0.738,0.419,0.276,0.481,-0.048,0.843,0.235,1.000,0.503
3267120,0.0457852,19.9699868671596,0.768,0.184,-0.581,-0.730,-0.607,-0.209,-0.235,0.091,0.874,0.739,0.419,0.276,0.482,-0.050,0.843,0.234,1.000,0.511
3267128,0.0458494,20.0158362686634,0.768,0.184,-0.581,-0.730,-0.607,-0.209,-0.235,0.091,0.874,0.740,0.419,0.276,0.485,-0.051,0.841,0.233,1.000,0.516
3267140,0.0438464,20.0596826672554,0.768,0.184,-0.581,-0.730,-0.607,-0.209,-0.235,0.091,0.874,0.740,0.421,0.276,0.486,-0.051,0.841,0.233,1.000,0.515
3267148,0.0562354,20.1159180663526,0.768,0.184,-0.581,-0.730,-0.607,-0.209,-0.235,0.091,0.874,0.740,0.422,0.276,0.487,-0.051,0.840,0.233,1.000,0.523
3267156,0.0407404,20.1566584669054,0.768,0.184,-0.581,-0.730,-0.607,-0.209,-0.235,0.091,0.874,0.741,0.423,0.277,0.489,-0.053,0.839,0.235,1.000,0.528
3267166,0.044419,20.2010774686933,0.768,0.184,-0.581,-0.730,-0.607,-0.209,-0.235,0.091,0.874,0.743,0.424,0.277,0.491,-0.055,0.837,0.235,1.000,0.524
3267176,0.0461709,20.2472483702004,0.768,0.184,-0.581,-0.730,-0.607,-0.209,-0.235,0.091,0.874,0.746,0.425,0.277,0.492,-0.056,0.836,0.235,1.000,0.518
3267184,0.0458739,20.2931222692132,0.768,0.184,-0.581,-0.730,-0.607,-0.209,-0.235,0.091,0.874,0.748,0.425,0.277,0.494,-0.057,0.836,0.234,1.000,0.516
3267190,0.0402515,20.3333737701178,0.768,0.184,-0.581,-0.730,-0.607,-0.209,-0.235,0.091,0.874,0.749,0.426,0.277,0.494,-0.058,0.835,0.236,1.000,0.520
3267198,0.0438779,20.3772516697645,0.768,0.184,-0.581,-0.730,-0.607,-0.209,-0.235,0.091,0.874,0.750,0.424,0.276,0.494,-0.057,0.835,0.238,1.000,0.520
3267202,0.0427982,20.4200498685241,0.768,0.184,-0.581,-0.730,-0.607,-0.209,-0.235,0.091,0.874,0.752,0.421,0.275,0.495,-0.054,0.834,0.237,1.000,0.526
3267210,0.0046266,20.4246764685959,0.768,0.184,-0.581,-0.730,-0.607,-0.209,-0.235,0.091,0.874,0.753,0.420,0.275,0.496,-0.055,0.834,0.237,1.000,0.526
3267222,0.0651792,20.4898556675762,0.768,0.184,-0.581,-0.730,-0.607,-0.209,-0.235,0.091,0.874,0.753,0.420,0.276,0.495,-0.061,0.833,0.238,1.000,0.537
3267230,0.0365446,20.5264002662152,0.768,0.184,-0.581,-0.730,-0.607,-0.209,-0.235,0.091,0.874,0.755,0.418,0.276,0.496,-0.063,0.832,0.239,1.000,0.537
3267238,0.041902,20.5683022644371,0.768,0.184,-0.581,-0.730,-0.607,-0.209,-0.235,0.091,0.874,0.755,0.418,0.277,0.497,-0.064,0.832,0.238,1.000,0.535
3267246,0.0423054,20.6106076631695,0.768,0.184,-0.581,-0.730,-0.607,-0.209,-0.235,0.091,0.874,0.755,0.417,0.278,0.497,-0.064,0.832,0.238,1.000,0.530
3267254,0.0361535,20.6467611622065,0.768,0.184,-0.581,-0.730,-0.607,-0.209,-0.235,0.091,0.874,0.756,0.416,0.277,0.499,-0.062,0.831,0.237,1.000,0.530
3267264,0.0450452,20.6918063629419,0.768,0.184,-0.581,-0.730,-0.607,-0.209,-0.235,0.091,0.874,0.757,0.415,0.275,0.498,-0.061,0.831,0.239,1.000,0.534
3267274,0.0440963,20.7359026614577,0.768,0.184,-0.581,-0.730,-0.607,-0.209,-0.235,0.091,0.874,0.757,0.415,0.275,0.498,-0.063,0.831,0.240,1.000,0.535
3267282,0.0464088,20.7823114600033,0.768,0.184,-0.581,-0.730,-0.607,-0.209,-0.235,0.091,0.874,0.757,0.415,0.274,0.498,-0.060,0.831,0.241,1.000,0.527
3267290,0.0436274,20.8259388599545,0.768,0.184,-0.581,-0.730,-0.607,-0.209,-0.235,0.091,0.874,0.757,0.415,0.273,0.499,-0.060,0.831,0.238,1.000,0.534
3267300,0.0455719,20.8715107608587,0.768,0.184,-0.581,-0.730,-0.607,-0.209,-0.235,0.091,0.874,0.755,0.415,0.272,0.498,-0.063,0.831,0.239,1.000,0.549
3267310,0.0503943,20.9219050612301,0.768,0.184,-0.581,-0.730,-0.607,-0.209,-0.235,0.091,0.874,0.756,0.421,0.274,0.495,-0.067,0.833,0.239,1.000,0.565
3267320,0.0472075,20.9691125620157,0.768,0.184,-0.581,-0.730,-0.607,-0.209,-0.235,0.091,0.874,0.754,0.423,0.274,0.495,-0.069,0.834,0.233,1.000,0.559
3267330,0.051689,21.0208015609533,0.768,0.184,-0.581,-0.730,-0.607,-0.209,-0.235,0.091,0.874,0.753,0.425,0.274,0.494,-0.068,0.834,0.234,1.000,0.521
3267340,0.0463442,21.0671457592398,0.768,0.184,-0.581,-0.730,-0.607,-0.209,-0.235,0.091,0.874,0.754,0.423,0.273,0.494,-0.068,0.833,0.239,1.000,0.537
3267348,0.0464549,21.1136006582528,0.768,0.184,-0.581,-0.730,-0.607,-0.209,-0.235,0.091,0.874,0.755,0.424,0.273,0.494,-0.065,0.834,0.238,1.000,0.600
3267358,0.0511115,21.1647121589631,0.768,0.184,-0.581,-0.730,-0.607,-0.209,-0.235,0.091,0.874,0.754,0.426,0.269,0.492,-0.060,0.836,0.235,1.000,0.651
3267366,0.041382,21.2060941588134,0.768,0.184,-0.581,-0.730,-0.607,-0.209,-0.235,0.091,0.874,0.752,0.428,0.268,0.492,-0.055,0.837,0.234,1.000,0.667
3267374,0.0418299,21.2479240577668,0.768,0.184,-0.581,-0.730,-0.607,-0.209,-0.235,0.091,0.874,0.751,0.427,0.267,0.490,-0.053,0.838,0.235,1.000,0.657
3267382,0.0354166,21.2833406571299,0.768,0.184,-0.581,-0.730,-0.607,-0.209,-0.235,0.091,0.874,0.749,0.427,0.266,0.489,-0.051,0.838,0.235,1.000,0.659
3267386,0.0420406,21.3253812585026,0.768,0.184,-0.581,-0.730,-0.607,-0.209,-0.235,0.091,0.874,0.748,0.426,0.265,0.489,-0.047,0.838,0.235,1.000,0.665
3267394,0.0167751,21.3421563580632,0.768,0.184,-0.581,-0.730,-0.607,-0.209,-0.235,0.091,0.874,0.747,0.426,0.264,0.488,-0.045,0.839,0.234,1.000,0.670
3267398,0.0472262,21.3893825598061,0.768,0.184,-0.581,-0.730,-0.607,-0.209,-0.235,0.091,0.874,0.748,0.425,0.263,0.488,-0.045,0.840,0.232,1.000,0.667
3267406,0.0266715,21.4160540606827,0.768,0.184,-0.581,-0.730,-0.607,-0.209,-0.235,0.091,0.874,0.747,0.426,0.263,0.488,-0.049,0.840,0.231,1.000,0.667
3267414,0.0249204,21.4409744609147,0.768,0.184,-0.581,-0.730,-0.607,-0.209,-0.235,0.091,0.874,0.746,0.427,0.263,0.486,-0.055,0.841,0.230,1.000,0.659
3267422,0.0628242,21.5037986580282,0.768,0.184,-0.581,-0.730,-0.607,-0.209,-0.235,0.091,0.874,0.743,0.427,0.263,0.483,-0.058,0.843,0.228,1.000,0.575
3267428,0.0433116,21.5471102576703,0.768,0.184,-0.581,-0.730,-0.607,-0.209,-0.235,0.091,0.874,0.743,0.426,0.264,0.482,-0.060,0.844,0.230,1.000,0.505
3267438,0.0215724,21.5686826575547,0.768,0.184,-0.581,-0.730,-0.607,-0.209,-0.235,0.091,0.874,0.744,0.425,0.264,0.481,-0.060,0.843,0.235,1.000,0.516
3267446,0.0370811,21.6057637576014,0.768,0.184,-0.581,-0.730,-0.607,-0.209,-0.235,0.091,0.874,0.746,0.423,0.264,0.481,-0.059,0.842,0.237,1.000,0.553
3267454,0.0533946,21.6591583583504,0.768,0.184,-0.581,-0.730,-0.607,-0.209,-0.235,0.091,0.874,0.747,0.421,0.267,0.483,-0.058,0.842,0.235,1.000,0.583
3267464,0.039316,21.6984743569046,0.768,0.184,-0.581,-0.730,-0.607,-0.209,-0.235,0.091,0.874,0.746,0.420,0.269,0.486,-0.055,0.841,0.232,1.000,0.575
3267472,0.044002,21.7424763571471,0.768,0.184,-0.581,-0.730,-0.607,-0.209,-0.235,0.091,0.874,0.743,0.418,0.270,0.486,-0.051,0.840,0.235,1.000,0.584
3267482,0.0454215,21.7878978569061,0.768,0.184,-0.581,-0.730,-0.607,-0.209,-0.235,0.091,0.874,0.743,0.414,0.273,0.489,-0.055,0.838,0.234,1.000,0.607
3267490,0.0453817,21.8332795556635,0.768,0.184,-0.581,-0.730,-0.607,-0.209,-0.235,0.091,0.874,0.744,0.410,0.274,0.494,-0.058,0.837,0.229,1.000,0.634
3267498,0.0421699,21.8754494544119,0.768,0.184,-0.581,-0.730,-0.607,-0.209,-0.235,0.091,0.874,0.745,0.406,0.274,0.496,-0.058,0.837,0.226,1.000,0.638
3267508,0.0342944,21.909743854776,0.768,0.184,-0.581,-0.730,-0.607,-0.209,-0.235,0.091,0.874,0.745,0.403,0.273,0.497,-0.062,0.836,0.224,1.000,0.634
3267518,0.0464719,21.956215756014,0.768,0.184,-0.581,-0.730,-0.607,-0.209,-0.235,0.091,0.874,0.746,0.401,0.273,0.498,-0.063,0.836,0.222,1.000,0.611
3267530,0.055373,22.0115887578577,0.768,0.184,-0.581,-0.730,-0.607,-0.209,-0.235,0.091,0.874,0.746,0.398,0.271,0.502,-0.065,0.834,0.219,1.000,0.582
3267542,0.0604084,22.0719971563667,0.768,0.184,-0.581,-0.730,-0.607,-0.209,-0.235,0.091,0.874,0.748,0.395,0.268,0.504,-0.065,0.833,0.220,1.000,0.573
3267552,0.0553099,22.127307055518,0.768,0.184,-0.581,-0.730,-0.607,-0.209,-0.235,0.091,0.874,0.751,0.394,0.268,0.508,-0.070,0.830,0.221,1.000,0.613
3267562,0.0496965,22.1770035568625,0.768,0.184,-0.581,-0.730,-0.607,-0.209,-0.235,0.091,0.874,0.754,0.391,0.269,0.512,-0.076,0.827,0.218,1.000,0.628
3267570,0.0500408,22.2270443569869,0.768,0.184,-0.581,-0.730,-0.607,-0.209,-0.235,0.091,0.874,0.758,0.387,0.270,0.516,-0.079,0.826,0.213,1.000,0.644
3267578,0.0414071,22.2684514578432,0.768,0.184,-0.581,-0.730,-0.607,-0.209,-0.235,0.091,0.874,0.758,0.382,0.270,0.527,-0.082,0.821,0.201,1.000,0.665
3267588,0.0457501,22.3142015580088,0.768,0.184,-0.581,-0.730,-0.607,-0.209,-0.235,0.091,0.874,0.758,0.382,0.267,0.534,-0.092,0.818,0.192,1.000,0.709
3267598,0.0448145,22.3590160589665,0.768,0.184,-0.581,-0.730,-0.607,-0.209,-0.235,0.091,0.874,0.756,0.382,0.267,0.543,-0.099,0.814,0.184,1.000,0.744
3267608,0.0526041,22.4116201605648,0.768,0.184,-0.581,-0.730,-0.607,-0.209,-0.235,0.091,0.874,0.755,0.382,0.267,0.547,-0.107,0.810,0.179,1.000,0.804
3267616,0.0446802,22.456300361082,0.768,0.184,-0.581,-0.730,-0.607,-0.209,-0.235,0.091,0.874,0.754,0.380,0.267,0.550,-0.118,0.808,0.173,1.000,0.816
3267626,0.0451661,22.5014664623886,0.768,0.184,-0.581,-0.730,-0.607,-0.209,-0.235,0.091,0.874,0.754,0.381,0.267,0.553,-0.123,0.807,0.168,1.000,0.844
3267634,0.0432508,22.5447172615677,0.768,0.184,-0.581,-0.730,-0.607,-0.209,-0.235,0.091,0.874,0.755,0.379,0.266,0.551,-0.126,0.807,0.169,1.000,0.853
3267644,0.0473781,22.5920953620225,0.768,0.184,-0.581,-0.730,-0.607,-0.209,-0.235,0.091,0.874,0.754,0.379,0.266,0.552,-0.128,0.806,0.171,1.000,0.839
3267652,0.0389292,22.6310245636851,0.768,0.184,-0.581,-0.730,-0.607,-0.209,-0.235,0.091,0.874,0.755,0.378,0.265,0.552,-0.131,0.805,0.173,1.000,0.827
3267660,0.0483954,22.6794199626893,0.768,0.184,-0.581,-0.730,-0.607,-0.209,-0.235,0.091,0.874,0.754,0.378,0.264,0.554,-0.133,0.804,0.172,1.000,0.823
3267670,0.0436717,22.7230916637927,0.768,0.184,-0.581,-0.730,-0.607,-0.209,-0.235,0.091,0.874,0.755,0.377,0.264,0.552,-0.131,0.805,0.172,1.000,0.819
3267678,0.0526838,22.7757754642516,0.768,0.184,-0.581,-0.730,-0.607,-0.209,-0.235,0.091,0.874,0.757,0.376,0.263,0.551,-0.133,0.805,0.174,1.000,0.819
3267688,0.0361328,22.8119082655758,0.768,0.184,-0.581,-0.730,-0.607,-0.209,-0.235,0.091,0.874,0.756,0.375,0.262,0.551,-0.133,0.806,0.172,1.000,0.868
3267696,0.0425073,22.8544155638665,0.768,0.184,-0.581,-0.730,-0.607,-0.209,-0.235,0.091,0.874,0.757,0.374,0.261,0.550,-0.133,0.806,0.170,1.000,0.906
3267704,0.0453157,22.899731265381,0.768,0.184,-0.581,-0.730,-0.607,-0.209,-0.235,0.091,0.874,0.756,0.373,0.260,0.551,-0.134,0.806,0.170,1.000,0.914
3267714,0.0443237,22.9440549667925,0.768,0.184,-0.581,-0.730,-0.607,-0.209,-0.235,0.091,0.874,0.755,0.372,0.260,0.553,-0.132,0.806,0.167,1.000,0.908
3267722,0.0392335,22.9832884650677,0.768,0.184,-0.581,-0.730,-0.607,-0.209,-0.235,0.091,0.874,0.754,0.371,0.260,0.555,-0.131,0.805,0.164,1.000,0.919
3267732,0.0480051,23.0312935654074,0.768,0.184,-0.581,-0.730,-0.607,-0.209,-0.235,0.091,0.874,0.754,0.370,0.260,0.556,-0.130,0.805,0.162,1.000,0.922
3267742,0.0493866,23.0806801635772,0.768,0.184,-0.581,-0.730,-0.607,-0.209,-0.235,0.091,0.874,0.755,0.369,0.260,0.556,-0.132,0.804,0.164,1.000,0.922
3267750,0.0423806,23.1230607647449,0.768,0.184,-0.581,-0.730,-0.607,-0.209,-0.235,0.091,0.874,0.756,0.369,0.260,0.555,-0.135,0.803,0.167,1.000,0.905
3267758,0.0442501,23.1673108655959,0.768,0.184,-0.581,-0.730,-0.607,-0.209,-0.235,0.091,0.874,0.756,0.368,0.259,0.555,-0.137,0.803,0.169,1.000,0.874
3267766,0.0416678,23.2089786659926,0.768,0.184,-0.581,-0.730,-0.607,-0.209,-0.235,0.091,0.874,0.756,0.368,0.258,0.555,-0.137,0.803,0.168,1.000,0.867
3267776,0.0450055,23.2539841663092,0.768,0.184,-0.581,-0.730,-0.607,-0.209,-0.235,0.091,0.874,0.755,0.368,0.256,0.555,-0.135,0.803,0.166,1.000,0.882
3267786,0.0470469,23.3010310661048,0.768,0.184,-0.581,-0.730,-0.607,-0.209,-0.235,0.091,0.874,0.754,0.368,0.255,0.557,-0.136,0.803,0.165,1.000,0.900
3267794,0.0468893,23.3479203674942,0.768,0.184,-0.581,-0.730,-0.607,-0.209,-0.235,0.091,0.874,0.754,0.367,0.256,0.557,-0.137,0.802,0.165,1.000,0.888
3267804,0.0410361,23.3889564666897,0.768,0.184,-0.581,-0.730,-0.607,-0.209,-0.235,0.091,0.874,0.754,0.367,0.257,0.557,-0.138,0.802,0.166,1.000,0.855
3267812,0.0473135,23.4362699668854,0.768,0.184,-0.581,-0.730,-0.607,-0.209,-0.235,0.091,0.874,0.754,0.366,0.258,0.557,-0.140,0.801,0.168,1.000,0.831
3267820,0.0356378,23.4719077665359,0.768,0.184,-0.581,-0.730,-0.607,-0.209,-0.235,0.091,0.874,0.754,0.365,0.258,0.558,-0.141,0.800,0.169,1.000,0.817
3267830,0.0542353,23.5261430647224,0.768,0.184,-0.581,-0.730,-0.607,-0.209,-0.235,0.091,0.874,0.755,0.365,0.258,0.560,-0.142,0.799,0.168,1.000,0.808
3267838,0.0422374,23.568380465731,0.768,0.184,-0.581,-0.730,-0.607,-0.209,-0.235,0.091,0.874,0.756,0.365,0.259,0.560,-0.141,0.799,0.168,1.000,0.804
3267848,0.0426831,23.6110635641962,0.768,0.184,-0.581,-0.730,-0.607,-0.209,-0.235,0.091,0.874,0.756,0.365,0.258,0.560,-0.140,0.799,0.167,1.000,0.806
3267856,0.043194,23.6542575638741,0.768,0.184,-0.581,-0.730,-0.607,-0.209,-0.235,0.091,0.874,0.756,0.365,0.258,0.561,-0.139,0.799,0.166,1.000,0.801
3267864,0.047659,23.7019165623933,0.768,0.184,-0.581,-0.730,-0.607,-0.209,-0.235,0.091,0.874,0.756,0.366,0.258,0.560,-0.138,0.800,0.166,1.000,0.799
3267874,0.0413151,23.7432316634804,0.768,0.184,-0.581,-0.730,-0.607,-0.209,-0.235,0.091,0.874,0.756,0.365,0.258,0.560,-0.138,0.800,0.167,1.000,0.786
3267884,0.0457046,23.7889362629503,0.768,0.184,-0.581,-0.730,-0.607,-0.209,-0.235,0.091,0.874,0.756,0.364,0.258,0.559,-0.138,0.800,0.167,1.000,0.754
3267892,0.0466715,23.8356077615172,0.768,0.184,-0.581,-0.730,-0.607,-0.209,-0.235,0.091,0.874,0.757,0.363,0.258,0.559,-0.138,0.800,0.166,1.000,0.736
3267902,0.047258,23.882865762338,0.768,0.184,-0.581,-0.730,-0.607,-0.209,-0.235,0.091,0.874,0.757,0.364,0.258,0.559,-0.138,0.801,0.165,1.000,0.743
3267910,0.0408061,23.9236718621105,0.768,0.184,-0.581,-0.730,-0.607,-0.209,-0.235,0.091,0.874,0.756,0.365,0.259,0.559,-0.136,0.802,0.163,1.000,0.763
3267920,0.0438308,23.967502662912,0.768,0.184,-0.581,-0.730,-0.607,-0.209,-0.235,0.091,0.874,0.756,0.365,0.259,0.559,-0.136,0.802,0.161,1.000,0.789
3267928,0.0487105,24.0162131618708,0.768,0.184,-0.581,-0.730,-0.607,-0.209,-0.235,0.091,0.874,0.755,0.365,0.261,0.561,-0.136,0.801,0.160,1.000,0.804
3267936,0.0428382,24.0590513627976,0.768,0.184,-0.581,-0.730,-0.607,-0.209,-0.235,0.091,0.874,0.756,0.363,0.260,0.562,-0.136,0.800,0.160,1.000,0.805
3267946,0.0444674,24.1035187635571,0.768,0.184,-0.581,-0.730,-0.607,-0.209,-0.235,0.091,0.874,0.756,0.362,0.260,0.562,-0.135,0.800,0.160,1.000,0.782
3267954,0.0419861,24.1455048639327,0.768,0.184,-0.581,-0.730,-0.607,-0.209,-0.235,0.091,0.874,0.757,0.362,0.260,0.563,-0.135,0.800,0.160,1.000,0.773
3267964,0.0421871,24.1876919623464,0.768,0.184,-0.581,-0.730,-0.607,-0.209,-0.235,0.091,0.874,0.758,0.361,0.261,0.563,-0.135,0.800,0.158,1.000,0.775
3267972,0.0459641,24.2336560618132,0.768,0.184,-0.581,-0.730,-0.607,-0.209,-0.235,0.091,0.874,0.759,0.361,0.262,0.567,-0.135,0.798,0.155,1.000,0.798
3267980,0.0442023,24.2778583634645,0.768,0.184,-0.581,-0.730,-0.607,-0.209,-0.235,0.091,0.874,0.761,0.362,0.266,0.571,-0.133,0.795,0.153,1.000,0.871
3267990,0.0445949,24.3224532622844,0.768,0.184,-0.581,-0.730,-0.607,-0.209,-0.235,0.091,0.874,0.764,0.362,0.269,0.576,-0.131,0.792,0.154,1.000,0.901
3267998,0.047047,24.3695002626628,0.768,0.184,-0.581,-0.730,-0.607,-0.209,-0.235,0.091,0.874,0.766,0.360,0.275,0.583,-0.131,0.787,0.154,1.000,0.939
3268008,0.0423676,24.4118678625673,0.768,0.184,-0.581,-0.730,-0.607,-0.209,-0.235,0.091,0.874,0.770,0.360,0.278,0.590,-0.130,0.782,0.154,1.000,0.944
3268016,0.0427126,24.4545804616064,0.768,0.184,-0.581,-0.730,-0.607,-0.209,-0.235,0.091,0.874,0.773,0.360,0.281,0.596,-0.130,0.777,0.155,1.000,0.909
3268024,0.0472687,24.501849161461,0.768,0.184,-0.581,-0.730,-0.607,-0.209,-0.235,0.091,0.874,0.777,0.360,0.286,0.608,-0.128,0.767,0.160,1.000,0.910
3268034,0.0392404,24.5410895626992,0.768,0.184,-0.581,-0.730,-0.607,-0.209,-0.235,0.091,0.874,0.779,0.362,0.290,0.620,-0.130,0.757,0.162,1.000,0.865
3268044,0.0521703,24.5932598616928,0.768,0.184,-0.581,-0.730,-0.607,-0.209,-0.235,0.091,0.874,0.784,0.363,0.293,0.629,-0.136,0.747,0.170,1.000,0.841
3268052,0.0407396,24.6339994613081,0.768,0.184,-0.581,-0.730,-0.607,-0.209,-0.235,0.091,0.874,0.790,0.364,0.298,0.639,-0.143,0.735,0.179,1.000,0.811
3268060,0.0479664,24.6819658596069,0.768,0.184,-0.581,-0.730,-0.607,-0.209,-0.235,0.091,0.874,0.794,0.362,0.305,0.655,-0.154,0.714,0.193,1.000,0.815
3268070,0.0399449,24.721910757944,0.768,0.184,-0.581,-0.730,-0.607,-0.209,-0.235,0.091,0.874,0.799,0.364,0.308,0.670,-0.164,0.695,0.204,1.000,0.818
3268078,0.0455735,24.7674842569977,0.768,0.184,-0.581,-0.730,-0.607,-0.209,-0.235,0.091,0.874,0.804,0.362,0.312,0.678,-0.181,0.679,0.216,1.000,0.883
3268086,0.0445642,24.8120484557003,0.768,0.184,-0.581,-0.730,-0.607,-0.209,-0.235,0.091,0.874,0.807,0.362,0.316,0.684,-0.193,0.666,0.224,1.000,0.935
3268094,0.036633,24.8486814554781,0.768,0.184,-0.581,-0.730,-0.607,-0.209,-0.235,0.091,0.874,0.808,0.360,0.317,0.689,-0.207,0.654,0.234,1.000,0.924
3268098,0.0452362,24.8939176555723,0.768,0.184,-0.581,-0.730,-0.607,-0.209,-0.235,0.091,0.874,0.809,0.360,0.317,0.692,-0.222,0.643,0.243,1.000,0.913
3268106,0.0097008,24.9036184558645,0.768,0.184,-0.581,-0.730,-0.607,-0.209,-0.235,0.091,0.874,0.808,0.360,0.317,0.693,-0.245,0.628,0.255,1.000,0.923
3268112,0.0524313,24.956049756147,0.768,0.184,-0.581,-0.730,-0.607,-0.209,-0.235,0.091,0.874,0.809,0.358,0.317,0.693,-0.254,0.624,0.258,1.000,0.877
3268116,0.0155118,24.9715615557507,0.768,0.184,-0.581,-0.730,-0.607,-0.209,-0.235,0.091,0.874,0.809,0.358,0.317,0.694,-0.257,0.621,0.258,1.000,0.888
3268126,0.0315002,25.003061757423,0.768,0.184,-0.581,-0.730,-0.607,-0.209,-0.235,0.091,0.874,0.813,0.359,0.318,0.696,-0.264,0.615,0.260,0.951,0.916
3268134,0.0688052,25.0718669602647,0.768,0.184,-0.581,-0.730,-0.607,-0.209,-0.235,0.091,0.874,0.816,0.359,0.318,0.697,-0.266,0.611,0.264,0.874,0.994
3268142,0.0342544,25.1061213584617,0.768,0.184,-0.581,-0.730,-0.607,-0.209,-0.235,0.091,0.874,0.815,0.361,0.313,0.700,-0.270,0.607,0.263,0.835,0.985
3268150,0.0196751,25.1257964586839,0.768,0.184,-0.581,-0.730,-0.607,-0.209,-0.235,0.091,0.874,0.814,0.360,0.311,0.701,-0.274,0.604,0.262,0.815,0.966
3268158,0.0428978,25.1686942605302,0.768,0.184,-0.581,-0.730,-0.607,-0.209,-0.235,0.091,0.874,0.813,0.359,0.309,0.702,-0.271,0.607,0.256,0.812,0.935
3268168,0.0432039,25.2118981620297,0.768,0.184,-0.581,-0.730,-0.607,-0.209,-0.235,0.091,0.874,0.812,0.358,0.305,0.700,-0.273,0.610,0.253,0.827,0.901
3268176,0.0455429,25.2574410615489,0.768,0.184,-0.581,-0.730,-0.607,-0.209,-0.235,0.091,0.874,0.810,0.357,0.305,0.697,-0.275,0.614,0.250,0.837,0.904
3268186,0.0446713,25.3021123623475,0.768,0.184,-0.581,-0.730,-0.607,-0.209,-0.235,0.091,0.874,0.809,0.357,0.302,0.692,-0.279,0.616,0.252,0.829,0.915
3268194,0.0453997,25.3475120617077,0.768,0.184,-0.581,-0.730,-0.607,-0.209,-0.235,0.091,0.874,0.809,0.360,0.299,0.687,-0.284,0.618,0.255,0.804,0.932
3268204,0.0468567,25.3943687630817,0.768,0.184,-0.581,-0.730,-0.607,-0.209,-0.235,0.091,0.874,0.808,0.363,0.297,0.681,-0.286,0.624,0.254,0.772,0.935
3268212,0.0434786,25.4378473637626,0.768,0.184,-0.581,-0.730,-0.607,-0.209,-0.235,0.091,0.874,0.808,0.364,0.298,0.675,-0.282,0.633,0.252,0.727,0.943
3268224,0.0432839,25.4811312621459,0.768,0.184,-0.581,-0.730,-0.607,-0.209,-0.235,0.091,0.874,0.807,0.367,0.299,0.671,-0.276,0.641,0.251,0.663,0.974
3268232,0.0537454,25.5348766623065,0.768,0.184,-0.581,-0.730,-0.607,-0.209,-0.235,0.091,0.874,0.807,0.368,0.299,0.668,-0.272,0.646,0.252,0.603,0.997
3268244,0.0467028,25.5815794607624,0.768,0.184,-0.581,-0.730,-0.607,-0.209,-0.235,0.091,0.874,0.806,0.370,0.298,0.666,-0.271,0.648,0.252,0.581,1.000
3268252,0.0542787,25.6358581623062,0.768,0.184,-0.581,-0.730,-0.607,-0.209,-0.235,0.091,0.874,0.806,0.369,0.298,0.666,-0.268,0.649,0.251,0.545,1.000
3268262,0.0440087,25.6798668606207,0.768,0.184,-0.581,-0.730,-0.607,-0.209,-0.235,0.091,0.874,0.803,0.369,0.298,0.665,-0.266,0.652,0.249,0.500,1.000
3268270,0.0464064,25.7262732600793,0.768,0.184,-0.581,-0.730,-0.607,-0.209,-0.235,0.091,0.874,0.802,0.369,0.298,0.665,-0.265,0.653,0.248,0.474,1.000
3268280,0.0419666,25.7682398585603,0.768,0.184,-0.581,-0.730,-0.607,-0.209,-0.235,0.091,0.874,0.802,0.369,0.299,0.663,-0.265,0.655,0.247,0.490,1.000
3268288,0.0447777,25.8130175573751,0.768,0.184,-0.581,-0.730,-0.607,-0.209,-0.235,0.091,0.874,0.803,0.370,0.302,0.660,-0.260,0.661,0.244,0.485,1.000
3268294,0.0458607,25.8588782576844,0.768,0.184,-0.581,-0.730,-0.607,-0.209,-0.235,0.091,0.874,0.801,0.370,0.303,0.659,-0.257,0.665,0.239,0.492,1.000
3268302,0.0297211,25.8885993575677,0.768,0.184,-0.581,-0.730,-0.607,-0.209,-0.235,0.091,0.874,0.799,0.371,0.303,0.658,-0.253,0.669,0.237,0.490,1.000
3268308,0.0466954,25.9352947575971,0.768,0.184,-0.581,-0.730,-0.607,-0.209,-0.235,0.091,0.874,0.796,0.373,0.303,0.657,-0.248,0.672,0.235,0.408,1.000
3268314,0.0163119,25.9516066582873,0.768,0.184,-0.581,-0.730,-0.607,-0.209,-0.235,0.091,0.874,0.792,0.375,0.301,0.659,-0.241,0.674,0.231,0.383,1.000
3268322,0.0517168,26.0033234590665,0.768,0.184,-0.581,-0.730,-0.607,-0.209,-0.235,0.091,0.874,0.788,0.377,0.301,0.664,-0.228,0.676,0.225,0.519,1.000
3268330,0.0410202,26.0443436587229,0.768,0.184,-0.581,-0.730,-0.607,-0.209,-0.235,0.091,0.874,0.787,0.377,0.299,0.666,-0.227,0.674,0.225,0.690,1.000
3268334,0.0234985,26.0678421584889,0.768,0.184,-0.581,-0.730,-0.607,-0.209,-0.235,0.091,0.874,0.784,0.377,0.300,0.667,-0.232,0.671,0.227,0.747,0.990
3268344,0.0289739,26.0968160582706,0.768,0.184,-0.581,-0.730,-0.607,-0.209,-0.235,0.091,0.874,0.781,0.376,0.302,0.659,-0.240,0.674,0.232,0.793,0.970
3268354,0.0596305,26.1564465565607,0.768,0.184,-0.581,-0.730,-0.607,-0.209,-0.235,0.091,0.874,0.780,0.375,0.304,0.650,-0.231,0.688,0.224,0.827,0.916
3268362,0.0413925,26.1978390580043,0.768,0.184,-0.581,-0.730,-0.607,-0.209,-0.235,0.091,0.874,0.778,0.378,0.304,0.638,-0.220,0.707,0.213,0.850,0.901
3268368,0.0337152,26.2315542576835,0.768,0.184,-0.581,-0.730,-0.607,-0.209,-0.235,0.091,0.874,0.775,0.380,0.306,0.621,-0.184,0.737,0.194,0.938,0.849
3268378,0.0372664,26.2688206573948,0.768,0.184,-0.581,-0.730,-0.607,-0.209,-0.235,0.091,0.874,0.774,0.383,0.308,0.609,-0.128,0.764,0.171,1.000,0.732
3268388,0.0496428,26.3184634586796,0.768,0.184,-0.581,-0.730,-0.607,-0.209,-0.235,0.091,0.874,0.776,0.382,0.309,0.601,-0.092,0.777,0.165,1.000,0.531
3268396,0.0373869,26.3558503603563,0.768,0.184,-0.581,-0.730,-0.607,-0.209,-0.235,0.091,0.874,0.779,0.381,0.310,0.593,-0.072,0.784,0.167,1.000,0.455
3268406,0.0438142,26.3996645612642,0.768,0.184,-0.581,-0.730,-0.607,-0.209,-0.235,0.091,0.874,0.780,0.383,0.308,0.586,-0.060,0.790,0.170,1.000,0.420
3268414,0.0464137,26.4460782622918,0.768,0.184,-0.581,-0.730,-0.607,-0.209,-0.235,0.091,0.874,0.783,0.383,0.308,0.582,-0.054,0.792,0.176,1.000,0.434
3268424,0.0419388,26.4880170626566,0.768,0.184,-0.581,-0.730,-0.607,-0.209,-0.235,0.091,0.874,0.786,0.380,0.308,0.580,-0.051,0.793,0.179,1.000,0.474
3268432,0.0493259,26.5373429609463,0.768,0.184,-0.581,-0.730,-0.607,-0.209,-0.235,0.091,0.874,0.789,0.380,0.307,0.580,-0.050,0.793,0.179,1.000,0.507
3268444,0.0469123,26.584255262278,0.768,0.184,-0.581,-0.730,-0.607,-0.209,-0.235,0.091,0.874,0.790,0.379,0.308,0.581,-0.050,0.793,0.179,1.000,0.509
3268452,0.0508698,26.6351250624284,0.768,0.184,-0.581,-0.730,-0.607,-0.209,-0.235,0.091,0.874,0.790,0.376,0.309,0.580,-0.050,0.793,0.180,1.000,0.530
3268464,0.0470685,26.6821935614571,0.768,0.184,-0.581,-0.730,-0.607,-0.209,-0.235,0.091,0.874,0.790,0.376,0.309,0.582,-0.052,0.791,0.181,1.000,0.553
3268472,0.054435,26.7366285612807,0.768,0.184,-0.581,-0.730,-0.607,-0.209,-0.235,0.091,0.874,0.792,0.375,0.309,0.582,-0.053,0.791,0.181,1.000,0.566
3268480,0.0442427,26.7808712599799,0.768,0.184,-0.581,-0.730,-0.607,-0.209,-0.235,0.091,0.874,0.793,0.376,0.308,0.583,-0.053,0.791,0.181,1.000,0.567
3268490,0.0400931,26.820964361541,0.768,0.184,-0.581,-0.730,-0.607,-0.209,-0.235,0.091,0.874,0.794,0.376,0.307,0.583,-0.053,0.791,0.181,1.000,0.572
3268498,0.0452837,26.8662480628118,0.768,0.184,-0.581,-0.730,-0.607,-0.209,-0.235,0.091,0.874,0.794,0.377,0.307,0.583,-0.053,0.790,0.181,1.000,0.571
3268508,0.0441667,26.9104147618636,0.768,0.184,-0.581,-0.730,-0.607,-0.209,-0.235,0.091,0.874,0.794,0.379,0.306,0.583,-0.053,0.790,0.181,1.000,0.567
3268516,0.045247,26.9556617615744,0.768,0.184,-0.581,-0.730,-0.607,-0.209,-0.235,0.091,0.874,0.793,0.380,0.306,0.582,-0.053,0.790,0.183,1.000,0.555
3268524,0.0382452,26.9939069626853,0.768,0.184,-0.581,-0.730,-0.607,-0.209,-0.235,0.091,0.874,0.794,0.381,0.306,0.581,-0.052,0.791,0.184,1.000,0.547
3268534,0.0456889,27.0395958637819,0.768,0.184,-0.581,-0.730,-0.607,-0.209,-0.235,0.091,0.874,0.794,0.382,0.306,0.581,-0.051,0.791,0.185,1.000,0.544
3268542,0.0483477,27.0879435641691,0.768,0.184,-0.581,-0.730,-0.607,-0.209,-0.235,0.091,0.874,0.793,0.382,0.307,0.580,-0.050,0.792,0.186,1.000,0.538
3268550,0.0459248,27.1338683655486,0.768,0.184,-0.581,-0.730,-0.607,-0.209,-0.235,0.091,0.874,0.794,0.382,0.307,0.579,-0.049,0.792,0.187,1.000,0.534
3268560,0.0439681,27.1778364656493,0.768,0.184,-0.581,-0.730,-0.607,-0.209,-0.235,0.091,0.874,0.794,0.382,0.307,0.579,-0.047,0.792,0.187,1.000,0.532
3268570,0.0429591,27.2207955671474,0.768,0.184,-0.581,-0.730,-0.607,-0.209,-0.235,0.091,0.874,0.794,0.382,0.307,0.579,-0.045,0.793,0.187,1.000,0.527
3268578,0.0475223,27.2683178661391,0.768,0.184,-0.581,-0.730,-0.607,-0.209,-0.235,0.091,0.874,0.794,0.383,0.308,0.579,-0.044,0.793,0.186,1.000,0.523
3268588,0.0438834,27.3122012643144,0.768,0.184,-0.581,-0.730,-0.607,-0.209,-0.235,0.091,0.874,0.794,0.383,0.308,0.578,-0.043,0.793,0.186,1.000,0.520
3268596,0.0453137,27.3575149653479,0.768,0.184,-0.581,-0.730,-0.607,-0.209,-0.235,0.091,0.874,0.794,0.383,0.308,0.577,-0.041,0.794,0.186,1.000,0.513
3268606,0.0382816,27.3957965662703,0.768,0.184,-0.581,-0.730,-0.607,-0.209,-0.235,0.091,0.874,0.794,0.383,0.307,0.576,-0.039,0.795,0.185,1.000,0.510
3268614,0.0540441,27.4498406676576,0.768,0.184,-0.581,-0.730,-0.607,-0.209,-0.235,0.091,0.874,0.793,0.383,0.308,0.575,-0.037,0.796,0.185,1.000,0.511
3268622,0.0425306,27.4923712676391,0.768,0.184,-0.581,-0.730,-0.607,-0.209,-0.235,0.091,0.874,0.792,0.384,0.308,0.575,-0.036,0.796,0.184,1.000,0.510
3268632,0.0412554,27.5336266672239,0.768,0.184,-0.581,-0.730,-0.607,-0.209,-0.235,0.091,0.874,0.791,0.385,0.308,0.574,-0.035,0.797,0.183,1.000,0.510
3268640,0.0460046,27.5796312680468,0.768,0.184,-0.581,-0.730,-0.607,-0.209,-0.235,0.091,0.874,0.791,0.387,0.310,0.573,-0.032,0.800,0.178,1.000,0.507
3268648,0.0414683,27.6210995679721,0.768,0.184,-0.581,-0.730,-0.607,-0.209,-0.235,0.091,0.874,0.789,0.389,0.310,0.569,-0.018,0.806,0.163,1.000,0.520
3268658,0.0429987,27.6640982693061,0.768,0.184,-0.581,-0.730,-0.607,-0.209,-0.235,0.091,0.874,0.789,0.388,0.310,0.555,0.009,0.819,0.145,1.000,0.562
3268668,0.0477501,27.7118483697996,0.768,0.184,-0.581,-0.730,-0.607,-0.209,-0.235,0.091,0.874,0.786,0.389,0.311,0.532,0.037,0.837,0.121,1.000,0.705
3268676,0.0476987,27.7595470687374,0.768,0.184,-0.581,-0.730,-0.607,-0.209,-0.235,0.091,0.874,0.784,0.386,0.315,0.499,0.068,0.859,0.094,1.000,0.738
3268684,0.0408017,27.8003487689421,0.768,0.184,-0.581,-0.730,-0.607,-0.209,-0.235,0.091,0.874,0.786,0.384,0.315,0.473,0.084,0.874,0.071,1.000,0.850
3268688,0.0440032,27.844351968728,0.768,0.184,-0.581,-0.730,-0.607,-0.209,-0.235,0.091,0.874,0.787,0.386,0.315,0.455,0.097,0.884,0.055,1.000,1.000
3268696,0.0250748,27.8694267692044,0.768,0.184,-0.581,-0.730,-0.607,-0.209,-0.235,0.091,0.874,0.788,0.387,0.315,0.436,0.099,0.893,0.049,1.000,1.000
3268700,0.0238614,27.8932881699875,0.768,0.184,-0.581,-0.730,-0.607,-0.209,-0.235,0.091,0.874,0.789,0.387,0.316,0.416,0.110,0.901,0.052,1.000,1.000
3268708,0.0339156,27.9272037716582,0.768,0.184,-0.581,-0.730,-0.607,-0.209,-0.235,0.091,0.874,0.789,0.389,0.317,0.403,0.118,0.906,0.047,1.000,1.000
3268712,0.0324373,27.9596410701051,0.768,0.184,-0.581,-0.730,-0.607,-0.209,-0.235,0.091,0.874,0.790,0.389,0.317,0.388,0.120,0.912,0.052,1.000,1.000
3268722,0.0197986,27.9794396692887,0.768,0.184,-0.581,-0.730,-0.607,-0.209,-0.235,0.091,0.874,0.791,0.391,0.317,0.376,0.126,0.917,0.048,1.000,1.000
3268730,0.0638957,28.0433353716508,0.768,0.184,-0.581,-0.730,-0.607,-0.209,-0.235,0.091,0.874,0.793,0.393,0.316,0.370,0.134,0.919,0.039,1.000,1.000
3268740,0.040457,28.0837923707441,0.768,0.184,-0.581,-0.730,-0.607,-0.209,-0.235,0.091,0.874,0.796,0.390,0.317,0.358,0.142,0.922,0.040,1.000,1.000
3268746,0.0447876,28.1285799713805,0.768,0.184,-0.581,-0.730,-0.607,-0.209,-0.235,0.091,0.874,0.797,0.390,0.317,0.352,0.143,0.924,0.038,1.000,0.961
3268756,0.0305365,28.1591164721176,0.768,0.184,-0.581,-0.730,-0.607,-0.209,-0.235,0.091,0.874,0.798,0.391,0.316,0.346,0.144,0.926,0.033,1.000,0.948
3268766,0.0462041,28.2053205734119,0.768,0.184,-0.581,-0.730,-0.607,-0.209,-0.235,0.091,0.874,0.799,0.391,0.315,0.338,0.146,0.929,0.027,1.000,0.931
3268774,0.0409125,28.2462330749258,0.768,0.184,-0.581,-0.730,-0.607,-0.209,-0.235,0.091,0.874,0.799,0.392,0.314,0.331,0.149,0.931,0.025,1.000,0.899
3268782,0.0419528,28.2881858749315,0.768,0.184,-0.581,-0.730,-0.607,-0.209,-0.235,0.091,0.874,0.802,0.390,0.313,0.313,0.154,0.937,0.019,1.000,0.862
3268792,0.045174,28.3333598738536,0.768,0.184,-0.581,-0.730,-0.607,-0.209,-0.235,0.091,0.874,0.803,0.387,0.315,0.301,0.161,0.940,0.012,1.000,0.821
3268800,0.0442552,28.3776150746271,0.768,0.184,-0.581,-0.730,-0.607,-0.209,-0.235,0.091,0.874,0.804,0.385,0.315,0.302,0.175,0.937,-0.003,1.000,0.789
3268810,0.0485762,28.4261912731454,0.768,0.184,-0.581,-0.730,-0.607,-0.209,-0.235,0.091,0.874,0.805,0.383,0.314,0.301,0.183,0.936,-0.016,1.000,0.788
3268820,0.0428964,28.4690876742825,0.768,0.184,-0.581,-0.730,-0.607,-0.209,-0.235,0.091,0.874,0.805,0.385,0.313,0.296,0.188,0.936,-0.031,1.000,0.774
3268830,0.0518567,28.5209443746135,0.768,0.184,-0.581,-0.730,-0.607,-0.209,-0.235,0.091,0.874,0.807,0.386,0.311,0.291,0.192,0.937,-0.039,1.000,0.770
3268838,0.0469639,28.5679082749411,0.768,0.184,-0.581,-0.730,-0.607,-0.209,-0.235,0.091,0.874,0.808,0.385,0.311,0.284,0.201,0.936,-0.048,1.000,0.764
3268850,0.0527006,28.6206088764593,0.768,0.184,-0.581,-0.730,-0.607,-0.209,-0.235,0.091,0.874,0.810,0.385,0.313,0.278,0.212,0.936,-0.050,1.000,0.759
3268858,0.0503672,28.6709760753438,0.768,0.184,-0.581,-0.730,-0.607,-0.209,-0.235,0.091,0.874,0.809,0.385,0.313,0.276,0.215,0.935,-0.053,1.000,0.758
3268868,0.0495543,28.720530374907,0.768,0.184,-0.581,-0.730,-0.607,-0.209,-0.235,0.091,0.874,0.808,0.387,0.312,0.272,0.216,0.936,-0.060,1.000,0.716
3268876,0.0346719,28.7552022738382,0.768,0.184,-0.581,-0.730,-0.607,-0.209,-0.235,0.091,0.874,0.808,0.389,0.311,0.265,0.212,0.938,-0.065,1.000,0.723
3268886,0.0445114,28.7997136740014,0.768,0.184,-0.581,-0.730,-0.607,-0.209,-0.235,0.091,0.874,0.808,0.389,0.312,0.261,0.209,0.940,-0.068,1.000,0.732
3268894,0.0471077,28.8468213742599,0.768,0.184,-0.581,-0.730,-0.607,-0.209,-0.235,0.091,0.874,0.809,0.390,0.313,0.254,0.212,0.941,-0.071,1.000,0.734
3268902,0.0413548,28.8881761757657,0.768,0.184,-0.581,-0.730,-0.607,-0.209,-0.235,0.091,0.874,0.809,0.391,0.313,0.253,0.213,0.941,-0.073,1.000,0.730
3268908,0.0466014,28.934777575545,0.768,0.184,-0.581,-0.730,-0.607,-0.209,-0.235,0.091,0.874,0.808,0.390,0.314,0.252,0.215,0.941,-0.075,1.000,0.708
3268914,0.0221456,28.9569231746718,0.768,0.184,-0.581,-0.730,-0.607,-0.209,-0.235,0.091,0.874,0.809,0.390,0.314,0.250,0.214,0.941,-0.076,1.000,0.689
3268922,0.0369569,28.9938800735399,0.768,0.184,-0.581,-0.730,-0.607,-0.209,-0.235,0.091,0.874,0.810,0.391,0.314,0.243,0.213,0.943,-0.081,1.000,0.667
3268932,0.053073,29.0469530737028,0.768,0.184,-0.581,-0.730,-0.607,-0.209,-0.235,0.091,0.874,0.810,0.393,0.314,0.233,0.221,0.943,-0.090,1.000,0.643
3268940,0.0343158,29.0812688721344,0.768,0.184,-0.581,-0.730,-0.607,-0.209,-0.235,0.091,0.874,0.808,0.396,0.313,0.229,0.226,0.942,-0.099,1.000,0.636
3268950,0.039705,29.1209738729522,0.768,0.184,-0.581,-0.730,-0.607,-0.209,-0.235,0.091,0.874,0.809,0.398,0.314,0.220,0.230,0.942,-0.110,1.000,0.638
3268958,0.0473381,29.1683119712397,0.768,0.184,-0.581,-0.730,-0.607,-0.209,-0.235,0.091,0.874,0.808,0.402,0.313,0.217,0.231,0.941,-0.123,1.000,0.612
3268966,0.0435811,29.2118930695578,0.768,0.184,-0.581,-0.730,-0.607,-0.209,-0.235,0.091,0.874,0.811,0.404,0.311,0.210,0.229,0.942,-0.125,1.000,0.570
3268976,0.0458979,29.257790970616,0.768,0.184,-0.581,-0.730,-0.607,-0.209,-0.235,0.091,0.874,0.813,0.404,0.311,0.195,0.227,0.946,-0.123,1.000,0.477
3268984,0.044198,29.301988969557,0.768,0.184,-0.581,-0.730,-0.607,-0.209,-0.235,0.091,0.874,0.815,0.403,0.309,0.172,0.239,0.947,-0.131,1.000,0.379
3268994,0.0435542,29.3455431712791,0.768,0.184,-0.581,-0.730,-0.607,-0.209,-0.235,0.091,0.874,0.816,0.403,0.309,0.153,0.254,0.945,-0.140,1.000,0.348
3269004,0.0460195,29.391562669538,0.768,0.184,-0.581,-0.730,-0.607,-0.209,-0.235,0.091,0.874,0.817,0.404,0.308,0.144,0.265,0.941,-0.151,1.000,0.314
3269012,0.0439777,29.4355403697118,0.768,0.184,-0.581,-0.730,-0.607,-0.209,-0.235,0.091,0.874,0.820,0.402,0.309,0.130,0.271,0.941,-0.155,1.000,0.331
3269022,0.0476141,29.4831544710323,0.768,0.184,-0.581,-0.730,-0.607,-0.209,-0.235,0.091,0.874,0.821,0.403,0.307,0.115,0.284,0.937,-0.165,1.000,0.327
3269032,0.0410648,29.5242192698643,0.768,0.184,-0.581,-0.730,-0.607,-0.209,-0.235,0.091,0.874,0.823,0.404,0.305,0.098,0.299,0.933,-0.174,1.000,0.349
3269040,0.0631942,29.5874134702608,0.768,0.184,-0.581,-0.730,-0.607,-0.209,-0.235,0.091,0.874,0.824,0.406,0.305,0.086,0.307,0.930,-0.180,1.000,0.427
3269050,0.0372975,29.6247109686956,0.768,0.184,-0.581,-0.730,-0.607,-0.209,-0.235,0.091,0.874,0.822,0.404,0.304,0.069,0.323,0.926,-0.183,1.000,0.467
3269058,0.0454866,29.6701975679025,0.768,0.184,-0.581,-0.730,-0.607,-0.209,-0.235,0.091,0.874,0.822,0.406,0.305,0.065,0.327,0.924,-0.188,1.000,0.532
3269068,0.0422445,29.7124420693144,0.768,0.184,-0.581,-0.730,-0.607,-0.209,-0.235,0.091,0.874,0.822,0.407,0.304,0.061,0.335,0.920,-0.194,1.000,0.580
3269076,0.0478429,29.7602849705145,0.768,0.184,-0.581,-0.730,-0.607,-0.209,-0.235,0.091,0.874,0.824,0.407,0.303,0.053,0.340,0.918,-0.198,1.000,0.600
3269084,0.0384601,29.7987450687215,0.768,0.184,-0.581,-0.730,-0.607,-0.209,-0.235,0.091,0.874,0.824,0.408,0.303,0.048,0.342,0.916,-0.203,1.000,0.631
3269094,0.0448616,29.8436066685244,0.768,0.184,-0.581,-0.730,-0.607,-0.209,-0.235,0.091,0.874,0.824,0.409,0.301,0.042,0.348,0.911,-0.215,1.000,0.619
3269104,0.0498443,29.8934509670362,0.768,0.184,-0.581,-0.730,-0.607,-0.209,-0.235,0.091,0.874,0.824,0.407,0.300,0.039,0.351,0.908,-0.225,1.000,0.647
3269112,0.0463465,29.9397974675521,0.768,0.184,-0.581,-0.730,-0.607,-0.209,-0.235,0.091,0.874,0.826,0.409,0.301,0.033,0.356,0.903,-0.241,1.000,0.676
3269118,0.0378999,29.9776973677799,0.768,0.184,-0.581,-0.730,-0.607,-0.209,-0.235,0.091,0.874,0.826,0.410,0.300,0.030,0.359,0.899,-0.250,1.000,0.775
3269126,0.0388919,30.0165892681107,0.768,0.184,-0.581,-0.730,-0.607,-0.209,-0.235,0.091,0.874,0.825,0.411,0.301,0.032,0.361,0.895,-0.259,1.000,0.890
3269132,0.0490202,30.0656094690785,0.768,0.184,-0.581,-0.730,-0.607,-0.209,-0.235,0.091,0.874,0.824,0.412,0.302,0.031,0.363,0.893,-0.263,1.000,0.954
3269136,0.0118393,30.0774487694725,0.768,0.184,-0.581,-0.730,-0.607,-0.209,-0.235,0.091,0.874,0.824,0.412,0.303,0.031,0.364,0.892,-0.267,1.000,0.968
3269144,0.023702,30.101150768809,0.768,0.184,-0.581,-0.730,-0.607,-0.209,-0.235,0.091,0.874,0.824,0.412,0.303,0.032,0.366,0.890,-0.270,1.000,0.987
3269152,0.0573021,30.1584528675303,0.768,0.184,-0.581,-0.730,-0.607,-0.209,-0.235,0.091,0.874,0.825,0.413,0.303,0.033,0.368,0.887,-0.276,1.000,1.000
3269160,0.0231904,30.1816432671621,0.768,0.184,-0.581,-0.730,-0.607,-0.209,-0.235,0.091,0.874,0.824,0.414,0.302,0.035,0.371,0.885,-0.280,1.000,1.000
3269170,0.0503299,30.2319731684402,0.768,0.184,-0.581,-0.730,-0.607,-0.209,-0.235,0.091,0.874,0.822,0.414,0.302,0.038,0.376,0.881,-0.285,1.000,1.000
3269178,0.0447154,30.2766885692254,0.768,0.184,-0.581,-0.730,-0.607,-0.209,-0.235,0.091,0.874,0.821,0.412,0.303,0.045,0.375,0.880,-0.287,1.000,1.000
3269184,0.0315636,30.308252167888,0.768,0.184,-0.581,-0.730,-0.607,-0.209,-0.235,0.091,0.874,0.822,0.410,0.304,0.052,0.373,0.882,-0.284,1.000,1.000
3269194,0.0395462,30.3477983670309,0.768,0.184,-0.581,-0.730,-0.607,-0.209,-0.235,0.091,0.874,0.822,0.410,0.307,0.068,0.358,0.892,-0.266,1.000,1.000
3269204,0.0438637,30.3916620658711,0.768,0.184,-0.581,-0.730,-0.607,-0.209,-0.235,0.091,0.874,0.821,0.412,0.311,0.107,0.338,0.904,-0.240,1.000,1.000
3269212,0.0448497,30.4365117670968,0.768,0.184,-0.581,-0.730,-0.607,-0.209,-0.235,0.091,0.874,0.815,0.418,0.315,0.186,0.320,0.904,-0.212,1.000,1.000
3269220,0.0467058,30.4832175681368,0.768,0.184,-0.581,-0.730,-0.607,-0.209,-0.235,0.091,0.874,0.817,0.424,0.321,0.280,0.261,0.908,-0.169,1.000,0.895
3269230,0.0433752,30.5265927696601,0.768,0.184,-0.581,-0.730,-0.607,-0.209,-0.235,0.091,0.874,0.819,0.420,0.328,0.348,0.243,0.901,-0.094,1.000,0.925
3269240,0.0427999,30.5693926708773,0.768,0.184,-0.581,-0.730,-0.607,-0.209,-0.235,0.091,0.874,0.827,0.433,0.327,0.428,0.083,0.900,0.011,1.000,0.952
3269250,0.0533309,30.6227235691622,0.768,0.184,-0.581,-0.730,-0.607,-0.209,-0.235,0.091,0.874,0.822,0.437,0.320,0.527,-0.025,0.847,0.064,1.000,0.889
3269258,0.044483,30.6672065677121,0.768,0.184,-0.581,-0.730,-0.607,-0.209,-0.235,0.091,0.874,0.828,0.433,0.321,0.585,-0.162,0.779,0.155,1.000,0.994
3269268,0.0471935,30.7144000688568,0.768,0.184,-0.581,-0.730,-0.607,-0.209,-0.235,0.091,0.874,0.836,0.432,0.323,0.612,-0.243,0.719,0.221,1.000,1.000
3269278,0.0495656,30.7639656672254,0.768,0.184,-0.581,-0.730,-0.607,-0.209,-0.235,0.091,0.874,0.842,0.426,0.325,0.642,-0.281,0.662,0.267,1.000,1.000
3269288,0.0524624,30.8164280662313,0.768,0.184,-0.581,-0.730,-0.607,-0.209,-0.235,0.091,0.874,0.845,0.420,0.327,0.663,-0.303,0.617,0.295,1.000,1.000
3269296,0.0409067,30.8573347674683,0.768,0.184,-0.581,-0.730,-0.607,-0.209,-0.235,0.091,0.874,0.850,0.411,0.326,0.689,-0.323,0.565,0.317,1.000,1.000
3269306,0.0397489,30.8970836671069,0.768,0.184,-0.581,-0.730,-0.607,-0.209,-0.235,0.091,0.874,0.853,0.409,0.324,0.704,-0.333,0.536,0.327,1.000,1.000
3269314,0.0500934,30.9471770683303,0.768,0.184,-0.581,-0.730,-0.607,-0.209,-0.235,0.091,0.874,0.858,0.407,0.317,0.709,-0.343,0.518,0.333,1.000,1.000
3269322,0.04372,30.9908970678225,0.768,0.184,-0.581,-0.730,-0.607,-0.209,-0.235,0.091,0.874,0.864,0.407,0.316,0.711,-0.348,0.507,0.341,0.927,1.000
3269332,0.045832,31.0367290684953,0.768,0.184,-0.581,-0.730,-0.607,-0.209,-0.235,0.091,0.874,0.869,0.408,0.315,0.712,-0.346,0.506,0.344,0.849,1.000
3269340,0.0423791,31.079108168371,0.768,0.184,-0.581,-0.730,-0.607,-0.209,-0.235,0.091,0.874,0.874,0.407,0.312,0.711,-0.347,0.498,0.355,0.867,1.000
3269350,0.0440838,31.1231919685379,0.768,0.184,-0.581,-0.730,-0.607,-0.209,-0.235,0.091,0.874,0.878,0.406,0.307,0.708,-0.348,0.488,0.374,0.865,1.000
3269358,0.0455795,31.1687714690343,0.768,0.184,-0.581,-0.730,-0.607,-0.209,-0.235,0.091,0.874,0.879,0.402,0.302,0.707,-0.347,0.486,0.379,0.875,1.000
3269366,0.0452889,31.2140603708103,0.768,0.184,-0.581,-0.730,-0.607,-0.209,-0.235,0.091,0.874,0.880,0.400,0.299,0.709,-0.346,0.484,0.379,0.844,1.000
3269374,0.0406455,31.2547058695927,0.768,0.184,-0.581,-0.730,-0.607,-0.209,-0.235,0.091,0.874,0.880,0.401,0.296,0.710,-0.344,0.485,0.378,0.790,1.000
3269384,0.0437311,31.29843697045,0.768,0.184,-0.581,-0.730,-0.607,-0.209,-0.235,0.091,0.874,0.882,0.399,0.293,0.708,-0.344,0.485,0.381,0.767,1.000
3269394,0.0448788,31.3433157699183,0.768,0.184,-0.581,-0.730,-0.607,-0.209,-0.235,0.091,0.874,0.880,0.399,0.291,0.707,-0.346,0.483,0.383,0.764,1.000
3269402,0.0470619,31.3903776714578,0.768,0.184,-0.581,-0.730,-0.607,-0.209,-0.235,0.091,0.874,0.881,0.398,0.289,0.708,-0.345,0.483,0.382,0.754,1.000
3269412,0.0439411,31.4343187706545,0.768,0.184,-0.581,-0.730,-0.607,-0.209,-0.235,0.091,0.874,0.880,0.399,0.287,0.708,-0.346,0.484,0.381,0.752,1.000
3269420,0.0458477,31.4801664697006,0.768,0.184,-0.581,-0.730,-0.607,-0.209,-0.235,0.091,0.874,0.882,0.398,0.287,0.706,-0.347,0.488,0.378,0.746,1.000
3269428,0.0465844,31.5267508709803,0.768,0.184,-0.581,-0.730,-0.607,-0.209,-0.235,0.091,0.874,0.883,0.398,0.287,0.704,-0.347,0.494,0.374,0.750,1.000
3269436,0.0392013,31.5659521715716,0.768,0.184,-0.581,-0.730,-0.607,-0.209,-0.235,0.091,0.874,0.883,0.400,0.286,0.702,-0.345,0.497,0.374,0.767,1.000
3269446,0.0390253,31.6049774708226,0.768,0.184,-0.581,-0.730,-0.607,-0.209,-0.235,0.091,0.874,0.883,0.401,0.285,0.700,-0.343,0.500,0.377,0.815,1.000
3269454,0.048563,31.6535404706374,0.768,0.184,-0.581,-0.730,-0.607,-0.209,-0.235,0.091,0.874,0.883,0.403,0.285,0.698,-0.341,0.505,0.377,0.867,1.000
3269464,0.0389616,31.6925020711496,0.768,0.184,-0.581,-0.730,-0.607,-0.209,-0.235,0.091,0.874,0.882,0.403,0.285,0.695,-0.338,0.512,0.375,0.891,1.000
3269472,0.0473486,31.7398506710306,0.768,0.184,-0.581,-0.730,-0.607,-0.209,-0.235,0.091,0.874,0.882,0.404,0.285,0.691,-0.336,0.521,0.372,0.907,1.000
3269480,0.0477553,31.7876059720293,0.768,0.184,-0.581,-0.730,-0.607,-0.209,-0.235,0.091,0.874,0.881,0.406,0.284,0.689,-0.333,0.527,0.369,0.908,1.000
3269490,0.0385095,31.8261154713109,0.768,0.184,-0.581,-0.730,-0.607,-0.209,-0.235,0.091,0.874,0.879,0.406,0.282,0.687,-0.332,0.529,0.371,0.923,1.000
3269498,0.0450325,31.8711479725316,0.768,0.184,-0.581,-0.730,-0.607,-0.209,-0.235,0.091,0.874,0.875,0.407,0.280,0.685,-0.329,0.532,0.373,0.943,1.000
3269508,0.0444462,31.915594172664,0.768,0.184,-0.581,-0.730,-0.607,-0.209,-0.235,0.091,0.874,0.872,0.408,0.279,0.683,-0.329,0.535,0.373,0.961,1.000
3269518,0.0450406,31.9606347726658,0.768,0.184,-0.581,-0.730,-0.607,-0.209,-0.235,0.091,0.874,0.870,0.408,0.278,0.679,-0.329,0.541,0.371,0.970,1.000
3269526,0.0490003,32.0096350731328,0.768,0.184,-0.581,-0.730,-0.607,-0.209,-0.235,0.091,0.874,0.867,0.408,0.278,0.676,-0.328,0.548,0.368,0.962,1.000
3269536,0.0458755,32.0555105740204,0.768,0.184,-0.581,-0.730,-0.607,-0.209,-0.235,0.091,0.874,0.864,0.407,0.278,0.673,-0.326,0.555,0.365,0.958,1.000
3269546,0.0428067,32.0983172738925,0.768,0.184,-0.581,-0.730,-0.607,-0.209,-0.235,0.091,0.874,0.862,0.407,0.276,0.669,-0.325,0.562,0.362,0.959,1.000
3269554,0.0483637,32.1466809744015,0.768,0.184,-0.581,-0.730,-0.607,-0.209,-0.235,0.091,0.874,0.860,0.407,0.275,0.664,-0.325,0.568,0.362,0.964,1.000
3269562,0.0434434,32.1901243748143,0.768,0.184,-0.581,-0.730,-0.607,-0.209,-0.235,0.091,0.874,0.858,0.407,0.273,0.662,-0.323,0.572,0.361,0.974,1.000
3269572,0.0445952,32.2347195753828,0.768,0.184,-0.581,-0.730,-0.607,-0.209,-0.235,0.091,0.874,0.855,0.407,0.273,0.660,-0.322,0.576,0.360,0.986,1.000
3269580,0.0446237,32.279343274422,0.768,0.184,-0.581,-0.730,-0.607,-0.209,-0.235,0.091,0.874,0.853,0.408,0.272,0.659,-0.320,0.578,0.359,0.987,1.000
3269588,0.0438751,32.3232183726504,0.768,0.184,-0.581,-0.730,-0.607,-0.209,-0.235,0.091,0.874,0.850,0.408,0.270,0.658,-0.319,0.581,0.358,0.989,1.000
3269598,0.0438004,32.3670187713578,0.768,0.184,-0.581,-0.730,-0.607,-0.209,-0.235,0.091,0.874,0.849,0.408,0.271,0.656,-0.318,0.586,0.354,0.979,1.000
3269608,0.0460093,32.4130280697718,0.768,0.184,-0.581,-0.730,-0.607,-0.209,-0.235,0.091,0.874,0.847,0.408,0.271,0.654,-0.318,0.591,0.349,0.971,1.000
3269616,0.04749,32.4605180704966,0.768,0.184,-0.581,-0.730,-0.607,-0.209,-0.235,0.091,0.874,0.845,0.408,0.272,0.653,-0.317,0.594,0.347,0.948,1.000
3269624,0.0407329,32.50125097204,0.768,0.184,-0.581,-0.730,-0.607,-0.209,-0.235,0.091,0.874,0.843,0.409,0.272,0.651,-0.315,0.598,0.346,0.947,1.000
3269634,0.0449808,32.5462317736819,0.768,0.184,-0.581,-0.730,-0.607,-0.209,-0.235,0.091,0.874,0.840,0.412,0.270,0.649,-0.314,0.600,0.346,0.945,1.000
3269644,0.0420003,32.5882320748642,0.768,0.184,-0.581,-0.730,-0.607,-0.209,-0.235,0.091,0.874,0.837,0.413,0.269,0.648,-0.313,0.602,0.346,0.946,1.000
3269652,0.0489305,32.6371625745669,0.768,0.184,-0.581,-0.730,-0.607,-0.209,-0.235,0.091,0.874,0.834,0.414,0.269,0.647,-0.311,0.605,0.345,0.951,1.000
3269660,0.0417358,32.6788983764127,0.768,0.184,-0.581,-0.730,-0.607,-0.209,-0.235,0.091,0.874,0.829,0.415,0.268,0.646,-0.312,0.606,0.344,0.952,1.000
3269670,0.0446712,32.7235695766285,0.768,0.184,-0.581,-0.730,-0.607,-0.209,-0.235,0.091,0.874,0.826,0.416,0.268,0.646,-0.312,0.607,0.342,0.961,1.000
3269678,0.0448507,32.7684202762321,0.768,0.184,-0.581,-0.730,-0.607,-0.209,-0.235,0.091,0.874,0.824,0.417,0.268,0.645,-0.312,0.609,0.340,0.949,1.000
3269688,0.0430081,32.8114283764735,0.768,0.184,-0.581,-0.730,-0.607,-0.209,-0.235,0.091,0.874,0.822,0.417,0.268,0.644,-0.311,0.611,0.339,0.957,1.000
3269696,0.0451125,32.8565408783033,0.768,0.184,-0.581,-0.730,-0.607,-0.209,-0.235,0.091,0.874,0.820,0.417,0.268,0.643,-0.310,0.613,0.339,0.947,1.000
3269706,0.0436722,32.9002130785957,0.768,0.184,-0.581,-0.730,-0.607,-0.209,-0.235,0.091,0.874,0.818,0.417,0.269,0.642,-0.310,0.614,0.339,0.951,1.000
3269714,0.0460849,32.946297978051,0.768,0.184,-0.581,-0.730,-0.607,-0.209,-0.235,0.091,0.874,0.817,0.417,0.269,0.641,-0.310,0.616,0.337,0.955,1.000
3269722,0.0440802,32.9903781795874,0.768,0.184,-0.581,-0.730,-0.607,-0.209,-0.235,0.091,0.874,0.817,0.416,0.269,0.640,-0.310,0.618,0.335,0.967,1.000
3269732,0.0427173,33.0330954799429,0.768,0.184,-0.581,-0.730,-0.607,-0.209,-0.235,0.091,0.874,0.817,0.415,0.269,0.640,-0.310,0.619,0.333,0.971,1.000
3269740,0.0504185,33.0835139798,0.768,0.184,-0.581,-0.730,-0.607,-0.209,-0.235,0.091,0.874,0.816,0.415,0.269,0.639,-0.310,0.621,0.332,0.979,1.000
3269750,0.0441945,33.1277084806934,0.768,0.184,-0.581,-0.730,-0.607,-0.209,-0.235,0.091,0.874,0.817,0.414,0.269,0.638,-0.311,0.622,0.331,0.978,1.000
3269758,0.0409418,33.1686502816156,0.768,0.184,-0.581,-0.730,-0.607,-0.209,-0.235,0.091,0.874,0.817,0.414,0.268,0.638,-0.311,0.622,0.330,0.981,1.000
3269768,0.0439352,33.2125854799524,0.768,0.184,-0.581,-0.730,-0.607,-0.209,-0.235,0.091,0.874,0.817,0.414,0.266,0.638,-0.310,0.625,0.328,0.984,1.000
3269776,0.0454105,33.2579959789291,0.768,0.184,-0.581,-0.730,-0.607,-0.209,-0.235,0.091,0.874,0.816,0.414,0.267,0.637,-0.309,0.627,0.325,1.000,1.000
3269784,0.0430537,33.3010496804491,0.768,0.184,-0.581,-0.730,-0.607,-0.209,-0.235,0.091,0.874,0.817,0.413,0.268,0.636,-0.306,0.631,0.322,1.000,1.000
3269792,0.0446646,33.3457142794505,0.768,0.184,-0.581,-0.730,-0.607,-0.209,-0.235,0.091,0.874,0.818,0.410,0.269,0.632,-0.302,0.637,0.321,1.000,1.000
3269802,0.0414895,33.3872037800029,0.768,0.184,-0.581,-0.730,-0.607,-0.209,-0.235,0.091,0.874,0.818,0.410,0.270,0.628,-0.299,0.643,0.321,1.000,1.000
3269812,0.0465763,33.4337800787762,0.768,0.184,-0.581,-0.730,-0.607,-0.209,-0.235,0.091,0.874,0.819,0.410,0.271,0.627,-0.297,0.645,0.322,1.000,1.000
3269820,0.0446437,33.478423778899,0.768,0.184,-0.581,-0.730,-0.607,-0.209,-0.235,0.091,0.874,0.819,0.410,0.270,0.627,-0.297,0.645,0.322,1.000,1.000
3269830,0.0441523,33.5225760797039,0.768,0.184,-0.581,-0.730,-0.607,-0.209,-0.235,0.091,0.874,0.819,0.409,0.270,0.627,-0.297,0.644,0.321,1.000,1.000
3269836,0.0443599,33.5669359797612,0.768,0.184,-0.581,-0.730,-0.607,-0.209,-0.235,0.091,0.874,0.819,0.408,0.270,0.627,-0.296,0.646,0.319,1.000,1.000
3269846,0.0429484,33.6098843785003,0.768,0.184,-0.581,-0.730,-0.607,-0.209,-0.235,0.091,0.874,0.819,0.408,0.270,0.627,-0.294,0.648,0.318,1.000,1.000
3269856,0.0489496,33.6588339777663,0.768,0.184,-0.581,-0.730,-0.607,-0.209,-0.235,0.091,0.874,0.819,0.408,0.271,0.626,-0.293,0.649,0.318,1.000,1.000
3269864,0.0470551,33.7058890769258,0.768,0.184,-0.581,-0.730,-0.607,-0.209,-0.235,0.091,0.874,0.818,0.407,0.272,0.626,-0.293,0.649,0.317,1.000,1.000
3269874,0.0385452,33.7444342756644,0.768,0.184,-0.581,-0.730,-0.607,-0.209,-0.235,0.091,0.874,0.818,0.406,0.273,0.625,-0.294,0.650,0.317,1.000,1.000
3269882,0.043446,33.7878802763298,0.768,0.184,-0.581,-0.730,-0.607,-0.209,-0.235,0.091,0.874,0.818,0.405,0.274,0.624,-0.294,0.652,0.315,1.000,1.000
3269890,0.0454137,33.8332939753309,0.768,0.184,-0.581,-0.730,-0.607,-0.209,-0.235,0.091,0.874,0.819,0.404,0.275,0.622,-0.292,0.655,0.314,1.000,1.000
3269900,0.0448866,33.8781805755571,0.768,0.184,-0.581,-0.730,-0.607,-0.209,-0.235,0.091,0.874,0.819,0.404,0.276,0.621,-0.290,0.657,0.313,1.000,1.000
3269910,0.0464776,33.9246581764892,0.768,0.184,-0.581,-0.730,-0.607,-0.209,-0.235,0.091,0.874,0.819,0.403,0.276,0.620,-0.290,0.659,0.313,1.000,1.000
3269918,0.0410824,33.9657405773178,0.768,0.184,-0.581,-0.730,-0.607,-0.209,-0.235,0.091,0.874,0.819,0.403,0.277,0.619,-0.290,0.659,0.313,1.000,1.000
3269926,0.0468396,34.0125801758841,0.768,0.184,-0.581,-0.730,-0.607,-0.209,-0.235,0.091,0.874,0.818,0.402,0.278,0.619,-0.289,0.661,0.310,1.000,1.000
3269936,0.0427978,34.0553779760376,0.768,0.184,-0.581,-0.730,-0.607,-0.209,-0.235,0.091,0.874,0.819,0.401,0.278,0.617,-0.288,0.665,0.306,1.000,1.000
3269944,0.0472276,34.1026055747643,0.768,0.184,-0.581,-0.730,-0.607,-0.209,-0.235,0.091,0.874,0.819,0.401,0.278,0.616,-0.286,0.668,0.303,1.000,1.000
3269954,0.0425353,34.1451408760622,0.768,0.184,-0.581,-0.730,-0.607,-0.209,-0.235,0.091,0.874,0.816,0.402,0.279,0.616,-0.286,0.670,0.300,1.000,1.000
3269962,0.0517787,34.1969195762649,0.768,0.184,-0.581,-0.730,-0.607,-0.209,-0.235,0.091,0.874,0.816,0.402,0.282,0.615,-0.284,0.674,0.294,1.000,1.000
3269972,0.0377317,34.2346512759104,0.768,0.184,-0.581,-0.730,-0.607,-0.209,-0.235,0.091,0.874,0.818,0.399,0.284,0.612,-0.285,0.676,0.294,1.000,1.000
3269980,0.0465637,34.2812149757519,0.768,0.184,-0.581,-0.730,-0.607,-0.209,-0.235,0.091,0.874,0.818,0.397,0.285,0.611,-0.285,0.677,0.294,1.000,1.000
3269988,0.0416115,34.3228264758363,0.768,0.184,-0.581,-0.730,-0.607,-0.209,-0.235,0.091,0.874,0.817,0.395,0.284,0.609,-0.284,0.679,0.297,1.000,1.000
3269992,0.042978,34.3658044757321,0.768,0.184,-0.581,-0.730,-0.607,-0.209,-0.235,0.091,0.874,0.816,0.395,0.283,0.611,-0.284,0.675,0.301,1.000,1.000
3270000,0.0223811,34.3881855765358,0.768,0.184,-0.581,-0.730,-0.607,-0.209,-0.235,0.091,0.874,0.815,0.395,0.282,0.611,-0.284,0.674,0.303,1.000,1.000
3270004,0.0349803,34.4231658773497,0.768,0.184,-0.581,-0.730,-0.607,-0.209,-0.235,0.091,0.874,0.814,0.395,0.283,0.611,-0.283,0.673,0.305,1.000,1.000
3270014,0.0246666,34.447832477279,0.768,0.184,-0.581,-0.730,-0.607,-0.209,-0.235,0.091,0.874,0.814,0.395,0.283,0.611,-0.283,0.673,0.305,1.000,1.000
3270020,0.0634345,34.511266973801,0.768,0.184,-0.581,-0.730,-0.607,-0.209,-0.235,0.091,0.874,0.812,0.395,0.283,0.610,-0.285,0.673,0.306,1.000,1.000
3270028,0.0046301,34.515897073783,0.768,0.184,-0.581,-0.730,-0.607,-0.209,-0.235,0.091,0.874,0.812,0.395,0.283,0.609,-0.286,0.673,0.305,1.000,1.000
3270036,0.0400479,34.5559449726716,0.768,0.184,-0.581,-0.730,-0.607,-0.209,-0.235,0.091,0.874,0.812,0.394,0.282,0.609,-0.287,0.675,0.303,1.000,1.000
3270046,0.0451194,34.6010643737391,0.768,0.184,-0.581,-0.730,-0.607,-0.209,-0.235,0.091,0.874,0.811,0.396,0.284,0.608,-0.287,0.674,0.306,1.000,1.000
3270054,0.0435714,34.6446357751265,0.768,0.184,-0.581,-0.730,-0.607,-0.209,-0.235,0.091,0.874,0.811,0.396,0.283,0.607,-0.288,0.675,0.306,1.000,1.000
3270062,0.0445862,34.6892219753936,0.768,0.184,-0.581,-0.730,-0.607,-0.209,-0.235,0.091,0.874,0.812,0.396,0.282,0.608,-0.287,0.675,0.306,1.000,1.000
3270072,0.0438936,34.733115577139,0.768,0.184,-0.581,-0.730,-0.607,-0.209,-0.235,0.091,0.874,0.810,0.396,0.280,0.611,-0.284,0.674,0.303,1.000,1.000
3270082,0.0455547,34.7786702783778,0.768,0.184,-0.581,-0.730,-0.607,-0.209,-0.235,0.091,0.874,0.811,0.397,0.281,0.610,-0.282,0.676,0.303,1.000,1.000
3270090,0.0537592,34.8324294770136,0.768,0.184,-0.581,-0.730,-0.607,-0.209,-0.235,0.091,0.874,0.811,0.397,0.283,0.607,-0.280,0.679,0.303,1.000,1.000
3270100,0.0442277,34.8766571776941,0.768,0.184,-0.581,-0.730,-0.607,-0.209,-0.235,0.091,0.874,0.815,0.397,0.283,0.606,-0.278,0.684,0.296,1.000,1.000
3270112,0.0507972,34.9274543793872,0.768,0.184,-0.581,-0.730,-0.607,-0.209,-0.235,0.091,0.874,0.816,0.398,0.284,0.607,-0.275,0.686,0.294,1.000,1.000
3270122,0.051332,34.9787863800302,0.768,0.184,-0.581,-0.730,-0.607,-0.209,-0.235,0.091,0.874,0.815,0.400,0.283,0.606,-0.272,0.689,0.291,1.000,1.000
3270130,0.0534442,35.0322305792943,0.768,0.184,-0.581,-0.730,-0.607,-0.209,-0.235,0.091,0.874,0.814,0.400,0.283,0.606,-0.271,0.688,0.294,1.000,1.000
3270136,0.0392614,35.0714919799939,0.768,0.184,-0.581,-0.730,-0.607,-0.209,-0.235,0.091,0.874,0.816,0.397,0.281,0.602,-0.274,0.688,0.298,1.000,1.000
3270140,0.0440365,35.1155284801498,0.768,0.184,-0.581,-0.730,-0.607,-0.209,-0.235,0.091,0.874,0.816,0.395,0.281,0.600,-0.275,0.689,0.300,1.000,1.000
3270152,0.0049335,35.1204619803466,0.768,0.184,-0.581,-0.730,-0.607,-0.209,-0.235,0.091,0.874,0.819,0.393,0.281,0.599,-0.275,0.691,0.297,1.000,1.000
3270158,0.0672846,35.1877465792932,0.768,0.184,-0.581,-0.730,-0.607,-0.209,-0.235,0.091,0.874,0.819,0.393,0.281,0.598,-0.276,0.692,0.298,1.000,1.000
3270168,0.0369114,35.2246579774655,0.768,0.184,-0.581,-0.730,-0.607,-0.209,-0.235,0.091,0.874,0.818,0.391,0.279,0.599,-0.278,0.688,0.301,1.000,1.000
3270174,0.0496392,35.2742971763946,0.768,0.184,-0.581,-0.730,-0.607,-0.209,-0.235,0.091,0.874,0.819,0.390,0.277,0.603,-0.280,0.683,0.303,1.000,1.000
3270184,0.0308336,35.3051307764836,0.768,0.184,-0.581,-0.730,-0.607,-0.209,-0.235,0.091,0.874,0.818,0.391,0.277,0.602,-0.282,0.683,0.303,1.000,1.000
3270194,0.0497501,35.3548808773048,0.768,0.184,-0.581,-0.730,-0.607,-0.209,-0.235,0.091,0.874,0.819,0.392,0.277,0.601,-0.280,0.684,0.303,1.000,1.000
3270202,0.0429546,35.3978354786523,0.768,0.184,-0.581,-0.730,-0.607,-0.209,-0.235,0.091,0.874,0.820,0.392,0.277,0.601,-0.279,0.687,0.299,1.000,1.000
3270210,0.0356861,35.4335215804167,0.768,0.184,-0.581,-0.730,-0.607,-0.209,-0.235,0.091,0.874,0.819,0.393,0.278,0.601,-0.278,0.688,0.297,1.000,1.000
3270218,0.0347286,35.4682501819916,0.768,0.184,-0.581,-0.730,-0.607,-0.209,-0.235,0.091,0.874,0.818,0.394,0.279,0.599,-0.279,0.688,0.299,1.000,1.000
3270226,0.0462508,35.5145009835251,0.768,0.184,-0.581,-0.730,-0.607,-0.209,-0.235,0.091,0.874,0.820,0.394,0.278,0.601,-0.279,0.687,0.298,1.000,1.000
3270238,0.041536,35.556036983151,0.768,0.184,-0.581,-0.730,-0.607,-0.209,-0.235,0.091,0.874,0.819,0.395,0.279,0.601,-0.279,0.684,0.305,1.000,1.000
3270250,0.0601751,35.6162120816298,0.768,0.184,-0.581,-0.730,-0.607,-0.209,-0.235,0.091,0.874,0.818,0.395,0.279,0.600,-0.279,0.684,0.308,1.000,1.000
3270260,0.0530891,35.6693011824973,0.768,0.184,-0.581,-0.730,-0.607,-0.209,-0.235,0.091,0.874,0.819,0.395,0.278,0.599,-0.279,0.685,0.307,1.000,1.000
3270272,0.0558727,35.7251738836057,0.768,0.184,-0.581,-0.730,-0.607,-0.209,-0.235,0.091,0.874,0.819,0.396,0.279,0.599,-0.278,0.687,0.304,1.000,1.000
3270282,0.0610287,35.7862025839277,0.768,0.184,-0.581,-0.730,-0.607,-0.209,-0.235,0.091,0.874,0.818,0.396,0.279,0.600,-0.279,0.686,0.303,1.000,1.000
3270292,0.0478418,35.8340443824418,0.768,0.184,-0.581,-0.730,-0.607,-0.209,-0.235,0.091,0.874,0.817,0.396,0.280,0.599,-0.278,0.687,0.303,1.000,1.000
3270300,0.046695,35.8807393838651,0.768,0.184,-0.581,-0.730,-0.607,-0.209,-0.235,0.091,0.874,0.817,0.396,0.281,0.599,-0.278,0.687,0.304,1.000,1.000
3270312,0.048143,35.9288823832758,0.768,0.184,-0.581,-0.730,-0.607,-0.209,-0.235,0.091,0.874,0.817,0.395,0.280,0.597,-0.278,0.688,0.304,1.000,1.000
3270320,0.0497669,35.978649281431,0.768,0.184,-0.581,-0.730,-0.607,-0.209,-0.235,0.091,0.874,0.817,0.395,0.281,0.597,-0.278,0.688,0.305,1.000,1.000
3270330,0.0455074,36.0241566826589,0.768,0.184,-0.581,-0.730,-0.607,-0.209,-0.235,0.091,0.874,0.816,0.394,0.281,0.599,-0.280,0.686,0.305,1.000,1.000
3270338,0.043359,36.0675156828947,0.768,0.184,-0.581,-0.730,-0.607,-0.209,-0.235,0.091,0.874,0.815,0.394,0.281,0.599,-0.280,0.686,0.304,1.000,1.000
3270346,0.0450912,36.1126068835147,0.768,0.184,-0.581,-0.730,-0.607,-0.209,-0.235,0.091,0.874,0.814,0.393,0.281,0.599,-0.282,0.685,0.303,1.000,1.000
3270356,0.0430839,36.1556907822378,0.768,0.184,-0.581,-0.730,-0.607,-0.209,-0.235,0.091,0.874,0.814,0.392,0.281,0.600,-0.282,0.686,0.301,1.000,1.000
3270364,0.0479324,36.2036231835373,0.768,0.184,-0.581,-0.730,-0.607,-0.209,-0.235,0.091,0.874,0.814,0.391,0.281,0.597,-0.283,0.689,0.298,1.000,1.000
3270374,0.0430025,36.2466256846674,0.768,0.184,-0.581,-0.730,-0.607,-0.209,-0.235,0.091,0.874,0.814,0.390,0.282,0.595,-0.282,0.692,0.296,1.000,1.000
3270382,0.0454242,36.2920498852618,0.768,0.184,-0.581,-0.730,-0.607,-0.209,-0.235,0.091,0.874,0.813,0.390,0.281,0.594,-0.281,0.694,0.293,1.000,1.000
3270390,0.0457966,36.3378464845009,0.768,0.184,-0.581,-0.730,-0.607,-0.209,-0.235,0.091,0.874,0.813,0.389,0.282,0.594,-0.281,0.695,0.292,1.000,1.000
3270398,0.0350915,36.3729379852302,0.768,0.184,-0.581,-0.730,-0.607,-0.209,-0.235,0.091,0.874,0.811,0.390,0.283,0.595,-0.279,0.696,0.291,1.000,1.000
3270408,0.0482171,36.4211550843902,0.768,0.184,-0.581,-0.730,-0.607,-0.209,-0.235,0.091,0.874,0.811,0.390,0.285,0.597,-0.277,0.694,0.290,1.000,1.000
3270416,0.0457222,36.4668772858568,0.768,0.184,-0.581,-0.730,-0.607,-0.209,-0.235,0.091,0.874,0.811,0.389,0.287,0.600,-0.277,0.692,0.289,1.000,1.000
3270424,0.0436318,36.5105090853758,0.768,0.184,-0.581,-0.730,-0.607,-0.209,-0.235,0.091,0.874,0.810,0.388,0.289,0.602,-0.277,0.691,0.288,1.000,1.000
3270434,0.0340252,36.5445342850871,0.768,0.184,-0.581,-0.730,-0.607,-0.209,-0.235,0.091,0.874,0.811,0.387,0.291,0.604,-0.276,0.691,0.286,1.000,1.000
3270442,0.0480418,36.5925760832615,0.768,0.184,-0.581,-0.730,-0.607,-0.209,-0.235,0.091,0.874,0.810,0.384,0.292,0.606,-0.276,0.690,0.285,1.000,1.000
3270452,0.0432798,36.6358558838256,0.768,0.184,-0.581,-0.730,-0.607,-0.209,-0.235,0.091,0.874,0.811,0.382,0.294,0.609,-0.278,0.686,0.285,1.000,1.000
3270460,0.0439569,36.6798127819784,0.768,0.184,-0.581,-0.730,-0.607,-0.209,-0.235,0.091,0.874,0.812,0.377,0.295,0.614,-0.281,0.681,0.285,1.000,1.000
3270470,0.046537,36.7263497826643,0.768,0.184,-0.581,-0.730,-0.607,-0.209,-0.235,0.091,0.874,0.813,0.374,0.296,0.619,-0.282,0.676,0.285,1.000,1.000
3270478,0.0442075,36.7705572810955,0.768,0.184,-0.581,-0.730,-0.607,-0.209,-0.235,0.091,0.874,0.814,0.371,0.298,0.624,-0.284,0.670,0.284,1.000,1.000
3270488,0.0472009,36.8177581806667,0.768,0.184,-0.581,-0.730,-0.607,-0.209,-0.235,0.091,0.874,0.816,0.368,0.298,0.627,-0.286,0.667,0.282,1.000,1.000
3270496,0.0469776,36.8647357788868,0.768,0.184,-0.581,-0.730,-0.607,-0.209,-0.235,0.091,0.874,0.816,0.367,0.299,0.628,-0.286,0.667,0.280,1.000,1.000
3270506,0.04176,36.9064957802184,0.768,0.184,-0.581,-0.730,-0.607,-0.209,-0.235,0.091,0.874,0.815,0.367,0.300,0.630,-0.287,0.665,0.280,1.000,1.000
3270516,0.0486498,36.9551455792971,0.768,0.184,-0.581,-0.730,-0.607,-0.209,-0.235,0.091,0.874,0.816,0.368,0.300,0.630,-0.288,0.665,0.279,1.000,1.000
3270524,0.0488429,37.0039884787984,0.768,0.184,-0.581,-0.730,-0.607,-0.209,-0.235,0.091,0.874,0.817,0.368,0.301,0.629,-0.288,0.665,0.279,1.000,1.000
3270534,0.0394123,37.0434007798322,0.768,0.184,-0.581,-0.730,-0.607,-0.209,-0.235,0.091,0.874,0.818,0.369,0.301,0.629,-0.288,0.665,0.280,1.000,1.000
3270542,0.0483469,37.091747679282,0.768,0.184,-0.581,-0.730,-0.607,-0.209,-0.235,0.091,0.874,0.820,0.371,0.300,0.629,-0.287,0.667,0.279,1.000,1.000
3270552,0.0423194,37.1340670776553,0.768,0.184,-0.581,-0.730,-0.607,-0.209,-0.235,0.091,0.874,0.820,0.370,0.299,0.629,-0.287,0.667,0.278,1.000,1.000
3270560,0.0456248,37.1796918776818,0.768,0.184,-0.581,-0.730,-0.607,-0.209,-0.235,0.091,0.874,0.820,0.372,0.300,0.629,-0.288,0.666,0.279,1.000,1.000
3270568,0.042598,37.2222898793407,0.768,0.184,-0.581,-0.730,-0.607,-0.209,-0.235,0.091,0.874,0.820,0.372,0.302,0.628,-0.287,0.667,0.280,1.000,1.000
3270578,0.0455774,37.2678672787733,0.768,0.184,-0.581,-0.730,-0.607,-0.209,-0.235,0.091,0.874,0.822,0.372,0.301,0.628,-0.286,0.666,0.282,1.000,1.000
3270588,0.0445983,37.3124655787833,0.768,0.184,-0.581,-0.730,-0.607,-0.209,-0.235,0.091,0.874,0.823,0.371,0.301,0.628,-0.287,0.666,0.282,1.000,1.000
3270596,0.0478257,37.3602912803181,0.768,0.184,-0.581,-0.730,-0.607,-0.209,-0.235,0.091,0.874,0.823,0.371,0.300,0.629,-0.287,0.664,0.284,1.000,1.000
3270604,0.0398272,37.4001184818335,0.768,0.184,-0.581,-0.730,-0.607,-0.209,-0.235,0.091,0.874,0.823,0.371,0.299,0.630,-0.287,0.663,0.284,1.000,1.000
3270614,0.0455222,37.4456406836398,0.768,0.184,-0.581,-0.730,-0.607,-0.209,-0.235,0.091,0.874,0.824,0.372,0.298,0.630,-0.288,0.663,0.283,1.000,1.000
3270622,0.0473983,37.4930389826186,0.768,0.184,-0.581,-0.730,-0.607,-0.209,-0.235,0.091,0.874,0.824,0.372,0.299,0.629,-0.287,0.666,0.280,1.000,1.000
3270632,0.0415942,37.5346331824549,0.768,0.184,-0.581,-0.730,-0.607,-0.209,-0.235,0.091,0.874,0.824,0.372,0.300,0.629,-0.285,0.666,0.281,1.000,1.000
3270640,0.0488838,37.5835169819184,0.768,0.184,-0.581,-0.730,-0.607,-0.209,-0.235,0.091,0.874,0.824,0.373,0.300,0.628,-0.285,0.667,0.282,1.000,1.000
3270650,0.041397,37.6249139835127,0.768,0.184,-0.581,-0.730,-0.607,-0.209,-0.235,0.091,0.874,0.824,0.373,0.299,0.626,-0.287,0.667,0.285,1.000,1.000
3270658,0.0448616,37.6697755833156,0.768,0.184,-0.581,-0.730,-0.607,-0.209,-0.235,0.091,0.874,0.823,0.373,0.298,0.624,-0.287,0.667,0.287,1.000,1.000
3270668,0.0424955,37.712271083612,0.768,0.184,-0.581,-0.730,-0.607,-0.209,-0.235,0.091,0.874,0.824,0.373,0.298,0.624,-0.287,0.667,0.288,1.000,1.000
3270676,0.0471125,37.7593835820444,0.768,0.184,-0.581,-0.730,-0.607,-0.209,-0.235,0.091,0.874,0.823,0.373,0.297,0.624,-0.287,0.667,0.289,1.000,1.000
3270684,0.0441586,37.8035421823151,0.768,0.184,-0.581,-0.730,-0.607,-0.209,-0.235,0.091,0.874,0.824,0.374,0.297,0.624,-0.287,0.667,0.288,1.000,1.000
3270694,0.0397223,37.8432644833811,0.768,0.184,-0.581,-0.730,-0.607,-0.209,-0.235,0.091,0.874,0.823,0.374,0.298,0.624,-0.286,0.668,0.288,1.000,1.000
3270702,0.0465747,37.8898391840048,0.768,0.184,-0.581,-0.730,-0.607,-0.209,-0.235,0.091,0.874,0.824,0.374,0.299,0.623,-0.284,0.670,0.287,1.000,1.000
3270712,0.0444687,37.9343078848906,0.768,0.184,-0.581,-0.730,-0.607,-0.209,-0.235,0.091,0.874,0.824,0.374,0.300,0.623,-0.283,0.670,0.286,1.000,1.000
3270720,0.0449765,37.9792843838222,0.768,0.184,-0.581,-0.730,-0.607,-0.209,-0.235,0.091,0.874,0.824,0.373,0.300,0.621,-0.284,0.671,0.289,1.000,1.000
3270728,0.0446491,38.023933485616,0.768,0.184,-0.581,-0.730,-0.607,-0.209,-0.235,0.091,0.874,0.825,0.371,0.300,0.618,-0.284,0.673,0.291,1.000,1.000
3270738,0.0423299,38.0662633855827,0.768,0.184,-0.581,-0.730,-0.607,-0.209,-0.235,0.091,0.874,0.824,0.370,0.300,0.619,-0.286,0.671,0.290,1.000,1.000
3270748,0.0462922,38.1125555862673,0.768,0.184,-0.581,-0.730,-0.607,-0.209,-0.235,0.091,0.874,0.824,0.370,0.302,0.622,-0.284,0.671,0.286,1.000,1.000
3270756,0.0487774,38.1613329877146,0.768,0.184,-0.581,-0.730,-0.607,-0.209,-0.235,0.091,0.874,0.823,0.371,0.303,0.625,-0.284,0.670,0.283,1.000,1.000
3270766,0.0388022,38.2001351867802,0.768,0.184,-0.581,-0.730,-0.607,-0.209,-0.235,0.091,0.874,0.822,0.371,0.303,0.625,-0.285,0.668,0.287,1.000,1.000
3270774,0.0505205,38.2506556850858,0.768,0.184,-0.581,-0.730,-0.607,-0.209,-0.235,0.091,0.874,0.823,0.371,0.302,0.623,-0.288,0.667,0.291,1.000,1.000
3270782,0.0387487,38.2894043852575,0.768,0.184,-0.581,-0.730,-0.607,-0.209,-0.235,0.091,0.874,0.824,0.371,0.301,0.622,-0.290,0.666,0.292,1.000,1.000
3270792,0.0451657,38.3345700842328,0.768,0.184,-0.581,-0.730,-0.607,-0.209,-0.235,0.091,0.874,0.822,0.372,0.300,0.626,-0.290,0.663,0.289,1.000,1.000
3270800,0.0449056,38.3794756834395,0.768,0.184,-0.581,-0.730,-0.607,-0.209,-0.235,0.091,0.874,0.823,0.373,0.300,0.625,-0.287,0.664,0.293,1.000,1.000
3270808,0.0437635,38.4232391831465,0.768,0.184,-0.581,-0.730,-0.607,-0.209,-0.235,0.091,0.874,0.821,0.372,0.296,0.616,-0.297,0.662,0.307,1.000,1.000
3270818,0.0428996,38.466138784308,0.768,0.184,-0.581,-0.730,-0.607,-0.209,-0.235,0.091,0.874,0.820,0.369,0.293,0.615,-0.303,0.659,0.311,1.000,1.000
3270828,0.0465525,38.5126912859268,0.768,0.184,-0.581,-0.730,-0.607,-0.209,-0.235,0.091,0.874,0.819,0.370,0.292,0.617,-0.308,0.656,0.308,0.929,0.739
3270836,0.0467236,38.5594148864038,0.768,0.184,-0.581,-0.730,-0.607,-0.209,-0.235,0.091,0.874,0.818,0.372,0.294,0.620,-0.314,0.654,0.298,0.785,0.428
3270844,0.0431963,38.6026111845858,0.768,0.184,-0.581,-0.730,-0.607,-0.209,-0.235,0.091,0.874,0.820,0.371,0.296,0.619,-0.319,0.655,0.294,0.608,0.322
3270854,0.043906,38.6465171840973,0.768,0.184,-0.581,-0.730,-0.607,-0.209,-0.235,0.091,0.874,0.820,0.370,0.296,0.619,-0.328,0.649,0.298,0.580,0.299
3270862,0.0467615,38.6932786856778,0.768,0.184,-0.581,-0.730,-0.607,-0.209,-0.235,0.091,0.874,0.820,0.370,0.295,0.619,-0.333,0.645,0.300,0.574,0.308
3270872,0.0406719,38.7339505855925,0.768,0.184,-0.581,-0.730,-0.607,-0.209,-0.235,0.091,0.874,0.820,0.371,0.295,0.621,-0.333,0.643,0.299,0.578,0.313
3270880,0.0470679,38.7810184848495,0.768,0.184,-0.581,-0.730,-0.607,-0.209,-0.235,0.091,0.874,0.821,0.372,0.295,0.622,-0.333,0.642,0.300,0.610,0.311
3270890,0.0445601,38.8255785857327,0.768,0.184,-0.581,-0.730,-0.607,-0.209,-0.235,0.091,0.874,0.820,0.372,0.295,0.621,-0.334,0.642,0.301,0.637,0.304
3270896,0.0435765,38.8691550870426,0.768,0.184,-0.581,-0.730,-0.607,-0.209,-0.235,0.091,0.874,0.820,0.374,0.295,0.620,-0.334,0.642,0.303,0.634,0.299
3270906,0.0352948,38.9044498880394,0.768,0.184,-0.581,-0.730,-0.607,-0.209,-0.235,0.091,0.874,0.821,0.373,0.294,0.620,-0.336,0.640,0.304,0.626,0.301
3270914,0.0439122,38.9483620864339,0.768,0.184,-0.581,-0.730,-0.607,-0.209,-0.235,0.091,0.874,0.822,0.371,0.292,0.620,-0.338,0.639,0.304,0.617,0.313
3270924,0.0529437,39.0013057854958,0.768,0.184,-0.581,-0.730,-0.607,-0.209,-0.235,0.091,0.874,0.822,0.369,0.292,0.620,-0.339,0.640,0.303,0.597,0.318
3270932,0.0413493,39.0426550847478,0.768,0.184,-0.581,-0.730,-0.607,-0.209,-0.235,0.091,0.874,0.822,0.369,0.292,0.619,-0.339,0.640,0.303,0.572,0.317
3270940,0.0445195,39.0871745836921,0.768,0.184,-0.581,-0.730,-0.607,-0.209,-0.235,0.091,0.874,0.821,0.369,0.291,0.619,-0.340,0.640,0.304,0.553,0.317
3270950,0.0415129,39.1286874827929,0.768,0.184,-0.581,-0.730,-0.607,-0.209,-0.235,0.091,0.874,0.821,0.369,0.290,0.618,-0.340,0.639,0.306,0.537,0.329
3270958,0.0430704,39.171757881064,0.768,0.184,-0.581,-0.730,-0.607,-0.209,-0.235,0.091,0.874,0.821,0.368,0.290,0.618,-0.341,0.639,0.305,0.520,0.336
3270968,0.0438784,39.2156362798996,0.768,0.184,-0.581,-0.730,-0.607,-0.209,-0.235,0.091,0.874,0.822,0.367,0.291,0.618,-0.343,0.639,0.304,0.503,0.346
3270976,0.044948,39.2605842803605,0.768,0.184,-0.581,-0.730,-0.607,-0.209,-0.235,0.091,0.874,0.823,0.369,0.292,0.617,-0.344,0.639,0.304,0.481,0.368
3270986,0.0488279,39.3094121818431,0.768,0.184,-0.581,-0.730,-0.607,-0.209,-0.235,0.091,0.874,0.824,0.371,0.293,0.618,-0.344,0.638,0.305,0.491,0.436
3270996,0.0402219,39.3496340815909,0.768,0.184,-0.581,-0.730,-0.607,-0.209,-0.235,0.091,0.874,0.825,0.372,0.294,0.618,-0.344,0.637,0.307,0.531,0.456
3271004,0.0553732,39.405007280875,0.768,0.184,-0.581,-0.730,-0.607,-0.209,-0.235,0.091,0.874,0.826,0.372,0.295,0.619,-0.342,0.636,0.307,0.551,0.476
3271014,0.0423731,39.447380379308,0.768,0.184,-0.581,-0.730,-0.607,-0.209,-0.235,0.091,0.874,0.827,0.374,0.296,0.620,-0.338,0.638,0.306,0.591,0.475
3271022,0.0467729,39.4941532802768,0.768,0.184,-0.581,-0.730,-0.607,-0.209,-0.235,0.091,0.874,0.827,0.374,0.299,0.622,-0.335,0.636,0.310,0.659,0.482
3271032,0.0406796,39.5348328803666,0.768,0.184,-0.581,-0.730,-0.607,-0.209,-0.235,0.091,0.874,0.829,0.374,0.301,0.625,-0.334,0.632,0.314,0.756,0.512
3271038,0.0441712,39.5790040795691,0.768,0.184,-0.581,-0.730,-0.607,-0.209,-0.235,0.091,0.874,0.832,0.372,0.304,0.629,-0.330,0.630,0.314,0.824,0.573
3271050,0.0436731,39.6226771813817,0.768,0.184,-0.581,-0.730,-0.607,-0.209,-0.235,0.091,0.874,0.835,0.372,0.307,0.635,-0.326,0.625,0.316,0.857,0.608
3271058,0.0476276,39.6703047831543,0.768,0.184,-0.581,-0.730,-0.607,-0.209,-0.235,0.091,0.874,0.837,0.370,0.309,0.641,-0.328,0.614,0.322,0.881,0.612
3271066,0.0419588,39.7122635846026,0.768,0.184,-0.581,-0.730,-0.607,-0.209,-0.235,0.091,0.874,0.838,0.369,0.308,0.650,-0.330,0.603,0.324,0.886,0.614
3271076,0.0439193,39.7561828834005,0.768,0.184,-0.581,-0.730,-0.607,-0.209,-0.235,0.091,0.874,0.840,0.367,0.306,0.654,-0.332,0.596,0.327,0.901,0.636
3271084,0.0435144,39.7996972841211,0.768,0.184,-0.581,-0.730,-0.607,-0.209,-0.235,0.091,0.874,0.840,0.367,0.305,0.655,-0.333,0.594,0.327,0.901,0.601
3271094,0.0434471,39.8431443837471,0.768,0.184,-0.581,-0.730,-0.607,-0.209,-0.235,0.091,0.874,0.840,0.369,0.304,0.655,-0.333,0.595,0.326,0.905,0.494
3271102,0.0467089,39.8898532842286,0.768,0.184,-0.581,-0.730,-0.607,-0.209,-0.235,0.091,0.874,0.841,0.369,0.304,0.655,-0.332,0.597,0.324,0.944,0.364
3271112,0.04468,39.9345332835801,0.768,0.184,-0.581,-0.730,-0.607,-0.209,-0.235,0.091,0.874,0.840,0.369,0.304,0.651,-0.333,0.602,0.322,1.000,0.214
3271120,0.0453302,39.9798634839244,0.768,0.184,-0.581,-0.730,-0.607,-0.209,-0.235,0.091,0.874,0.841,0.367,0.305,0.647,-0.333,0.609,0.316,1.000,0.087
3271130,0.04702,40.0268834833987,0.768,0.184,-0.581,-0.730,-0.607,-0.209,-0.235,0.091,0.874,0.841,0.365,0.308,0.642,-0.336,0.615,0.311,1.000,0.019
3271138,0.0450624,40.0719458837993,0.768,0.184,-0.581,-0.730,-0.607,-0.209,-0.235,0.091,0.874,0.843,0.363,0.308,0.637,-0.336,0.621,0.309,1.000,0.000
3271146,0.0462741,40.1182199832983,0.768,0.184,-0.581,-0.730,-0.607,-0.209,-0.235,0.091,0.874,0.846,0.362,0.307,0.634,-0.337,0.626,0.306,1.000,0.000
3271156,0.0355941,40.1538140815683,0.768,0.184,-0.581,-0.730,-0.607,-0.209,-0.235,0.091,0.874,0.849,0.361,0.306,0.630,-0.333,0.633,0.304,1.000,0.000
3271164,0.0469136,40.2007276830263,0.768,0.184,-0.581,-0.730,-0.607,-0.209,-0.235,0.091,0.874,0.852,0.362,0.306,0.627,-0.330,0.639,0.300,1.000,0.000
3271174,0.0448623,40.2455899831839,0.768,0.184,-0.581,-0.730,-0.607,-0.209,-0.235,0.091,0.874,0.852,0.363,0.304,0.626,-0.330,0.640,0.298,1.000,0.000
3271182,0.0443271,40.2899170820601,0.768,0.184,-0.581,-0.730,-0.607,-0.209,-0.235,0.091,0.874,0.853,0.361,0.302,0.623,-0.330,0.645,0.295,1.000,0.000
3271192,0.0420512,40.3319682818837,0.768,0.184,-0.581,-0.730,-0.607,-0.209,-0.235,0.091,0.874,0.855,0.360,0.303,0.618,-0.330,0.651,0.292,1.000,0.000
3271200,0.0484712,40.380439483095,0.768,0.184,-0.581,-0.730,-0.607,-0.209,-0.235,0.091,0.874,0.855,0.359,0.305,0.614,-0.329,0.657,0.286,1.000,0.000
3271208,0.0406449,40.4210843821056,0.768,0.184,-0.581,-0.730,-0.607,-0.209,-0.235,0.091,0.874,0.857,0.358,0.305,0.614,-0.327,0.661,0.283,1.000,0.000
3271218,0.0485193,40.4696036805399,0.768,0.184,-0.581,-0.730,-0.607,-0.209,-0.235,0.091,0.874,0.857,0.358,0.306,0.614,-0.321,0.666,0.276,1.000,0.000
3271226,0.0426288,40.5122324791737,0.768,0.184,-0.581,-0.730,-0.607,-0.209,-0.235,0.091,0.874,0.856,0.359,0.304,0.612,-0.319,0.669,0.275,1.000,0.000
3271234,0.0442008,40.5564332795329,0.768,0.184,-0.581,-0.730,-0.607,-0.209,-0.235,0.091,0.874,0.856,0.358,0.303,0.610,-0.316,0.674,0.273,1.000,0.000
3271246,0.0430793,40.5995125812478,0.768,0.184,-0.581,-0.730,-0.607,-0.209,-0.235,0.091,0.874,0.856,0.360,0.304,0.608,-0.314,0.677,0.272,1.000,0.000
3271254,0.05105,40.6505625811405,0.768,0.184,-0.581,-0.730,-0.607,-0.209,-0.235,0.091,0.874,0.856,0.361,0.304,0.607,-0.314,0.678,0.272,1.000,0.000
3271262,0.0398211,40.6903836806305,0.768,0.184,-0.581,-0.730,-0.607,-0.209,-0.235,0.091,0.874,0.855,0.362,0.304,0.606,-0.315,0.678,0.273,1.000,0.000
3271272,0.0441108,40.7344944817014,0.768,0.184,-0.581,-0.730,-0.607,-0.209,-0.235,0.091,0.874,0.856,0.362,0.303,0.605,-0.315,0.679,0.273,1.000,0.000
3271280,0.0464863,40.7809807811864,0.768,0.184,-0.581,-0.730,-0.607,-0.209,-0.235,0.091,0.874,0.856,0.362,0.302,0.604,-0.314,0.681,0.271,1.000,0.000
3271288,0.0419876,40.822968382854,0.768,0.184,-0.581,-0.730,-0.607,-0.209,-0.235,0.091,0.874,0.855,0.361,0.303,0.601,-0.314,0.684,0.268,1.000,0.000
3271298,0.0448098,40.8677781824954,0.768,0.184,-0.581,-0.730,-0.607,-0.209,-0.235,0.091,0.874,0.855,0.361,0.304,0.601,-0.314,0.685,0.266,1.000,0.000
3271306,0.044239,40.9120171819814,0.768,0.184,-0.581,-0.730,-0.607,-0.209,-0.235,0.091,0.874,0.855,0.360,0.303,0.602,-0.313,0.685,0.264,1.000,0.000
3271316,0.0425292,40.9545463812537,0.768,0.184,-0.581,-0.730,-0.607,-0.209,-0.235,0.091,0.874,0.857,0.359,0.302,0.604,-0.317,0.682,0.263,1.000,0.000
3271324,0.0430715,40.9976178822108,0.768,0.184,-0.581,-0.730,-0.607,-0.209,-0.235,0.091,0.874,0.858,0.358,0.301,0.605,-0.319,0.681,0.261,1.000,0.000
3271332,0.0474059,41.0450237807818,0.768,0.184,-0.581,-0.730,-0.607,-0.209,-0.235,0.091,0.874,0.858,0.356,0.301,0.605,-0.320,0.681,0.258,0.741,0.000
3271340,0.0418456,41.0868693818338,0.768,0.184,-0.581,-0.730,-0.607,-0.209,-0.235,0.091,0.874,0.857,0.357,0.302,0.605,-0.322,0.681,0.256,0.502,0.000
3271350,0.0443738,41.1312431809492,0.768,0.184,-0.581,-0.730,-0.607,-0.209,-0.235,0.091,0.874,0.857,0.356,0.302,0.605,-0.323,0.681,0.258,0.272,0.000
3271360,0.0486536,41.179896779824,0.768,0.184,-0.581,-0.730,-0.607,-0.209,-0.235,0.091,0.874,0.857,0.357,0.301,0.605,-0.326,0.679,0.258,0.127,0.000
3271368,0.0460174,41.2259141807444,0.768,0.184,-0.581,-0.730,-0.607,-0.209,-0.235,0.091,0.874,0.858,0.358,0.299,0.605,-0.329,0.677,0.260,0.065,0.000
3271378,0.0412448,41.2671589818783,0.768,0.184,-0.581,-0.730,-0.607,-0.209,-0.235,0.091,0.874,0.858,0.359,0.296,0.604,-0.332,0.676,0.260,0.021,0.000
3271386,0.0435757,41.3107346822508,0.768,0.184,-0.581,-0.730,-0.607,-0.209,-0.235,0.091,0.874,0.860,0.361,0.294,0.603,-0.336,0.675,0.261,0.000,0.000
3271396,0.0388035,41.3495381814428,0.768,0.184,-0.581,-0.730,-0.607,-0.209,-0.235,0.091,0.874,0.861,0.363,0.292,0.603,-0.339,0.673,0.262,0.000,0.000
3271404,0.0498289,41.3993670796044,0.768,0.184,-0.581,-0.730,-0.607,-0.209,-0.235,0.091,0.874,0.865,0.364,0.289,0.603,-0.340,0.673,0.262,0.000,0.000
3271412,0.0454139,41.4447809797712,0.768,0.184,-0.581,-0.730,-0.607,-0.209,-0.235,0.091,0.874,0.868,0.364,0.286,0.603,-0.340,0.673,0.262,0.000,0.000
3271422,0.0436106,41.4883915786631,0.768,0.184,-0.581,-0.730,-0.607,-0.209,-0.235,0.091,0.874,0.872,0.363,0.284,0.604,-0.338,0.672,0.263,0.000,0.000
3271430,0.0485169,41.5369084780104,0.768,0.184,-0.581,-0.730,-0.607,-0.209,-0.235,0.091,0.874,0.876,0.363,0.281,0.604,-0.333,0.675,0.262,0.000,0.000
3271440,0.0415153,41.5784237761982,0.768,0.184,-0.581,-0.730,-0.607,-0.209,-0.235,0.091,0.874,0.880,0.363,0.276,0.603,-0.331,0.677,0.262,0.000,0.000
3271448,0.0413458,41.6197695774026,0.768,0.184,-0.581,-0.730,-0.607,-0.209,-0.235,0.091,0.874,0.887,0.360,0.269,0.604,-0.326,0.680,0.258,0.000,0.000
3271458,0.0483745,41.6681440775283,0.768,0.184,-0.581,-0.730,-0.607,-0.209,-0.235,0.091,0.874,0.894,0.359,0.261,0.604,-0.320,0.684,0.254,0.000,0.000
3271466,0.0463433,41.7144873780198,0.768,0.184,-0.581,-0.730,-0.607,-0.209,-0.235,0.091,0.874,0.903,0.357,0.251,0.605,-0.319,0.684,0.252,0.000,0.000
3271476,0.0478221,41.7623094771989,0.768,0.184,-0.581,-0.730,-0.607,-0.209,-0.235,0.091,0.874,0.909,0.357,0.245,0.607,-0.316,0.686,0.246,0.000,0.000
3271482,0.0396545,41.8019639779814,0.768,0.184,-0.581,-0.730,-0.607,-0.209,-0.235,0.091,0.874,0.915,0.355,0.241,0.608,-0.315,0.685,0.246,0.000,0.000
3271488,0.0425564,41.8445203793235,0.768,0.184,-0.581,-0.730,-0.607,-0.209,-0.235,0.091,0.874,0.922,0.354,0.236,0.608,-0.320,0.683,0.249,0.000,0.000
3271494,0.0157621,41.8602824793197,0.768,0.184,-0.581,-0.730,-0.607,-0.209,-0.235,0.091,0.874,0.926,0.355,0.232,0.609,-0.321,0.681,0.250,0.000,0.000
3271502,0.0549828,41.9152652793564,0.768,0.184,-0.581,-0.730,-0.607,-0.209,-0.235,0.091,0.874,0.930,0.354,0.227,0.610,-0.324,0.678,0.251,0.000,0.000
3271506,0.0147234,41.9299886790104,0.768,0.184,-0.581,-0.730,-0.607,-0.209,-0.235,0.091,0.874,0.934,0.356,0.223,0.613,-0.323,0.676,0.252,0.000,0.000
3271512,0.0278101,41.9577987794764,0.768,0.184,-0.581,-0.730,-0.607,-0.209,-0.235,0.091,0.874,0.938,0.355,0.218,0.614,-0.321,0.674,0.255,0.000,0.000
3271520,0.0235487,41.9813474793918,0.768,0.184,-0.581,-0.730,-0.607,-0.209,-0.235,0.091,0.874,0.940,0.353,0.211,0.614,-0.324,0.671,0.259,0.000,0.000
3271530,0.0655094,42.0468568806537,0.768,0.184,-0.581,-0.730,-0.607,-0.209,-0.235,0.091,0.874,0.945,0.353,0.201,0.617,-0.312,0.674,0.259,0.000,0.000
3271538,0.0451963,42.0920531791635,0.768,0.184,-0.581,-0.730,-0.607,-0.209,-0.235,0.091,0.874,0.950,0.355,0.192,0.619,-0.292,0.681,0.260,0.016,0.000
3271546,0.0375312,42.1295843799599,0.768,0.184,-0.581,-0.730,-0.607,-0.209,-0.235,0.091,0.874,0.955,0.357,0.176,0.624,-0.285,0.676,0.270,0.182,0.000
3271554,0.0401259,42.1697102789767,0.768,0.184,-0.581,-0.730,-0.607,-0.209,-0.235,0.091,0.874,0.961,0.358,0.164,0.628,-0.278,0.671,0.280,0.347,0.420
3271564,0.0454246,42.2151348781772,0.768,0.184,-0.581,-0.730,-0.607,-0.209,-0.235,0.091,0.874,0.966,0.356,0.153,0.634,-0.274,0.664,0.288,0.426,0.716
3271574,0.0406855,42.2558203791268,0.768,0.184,-0.581,-0.730,-0.607,-0.209,-0.235,0.091,0.874,0.972,0.355,0.142,0.639,-0.274,0.657,0.292,0.583,1.000
3271582,0.0384505,42.294270880986,0.768,0.184,-0.581,-0.730,-0.607,-0.209,-0.235,0.091,0.874,0.978,0.352,0.130,0.644,-0.269,0.653,0.295,0.728,1.000
3271592,0.039245,42.3335158792324,0.768,0.184,-0.581,-0.730,-0.607,-0.209,-0.235,0.091,0.874,0.983,0.349,0.118,0.649,-0.269,0.646,0.297,0.953,1.000
3271600,0.0458779,42.379393779207,0.768,0.184,-0.581,-0.730,-0.607,-0.209,-0.235,0.091,0.874,0.989,0.346,0.107,0.652,-0.269,0.644,0.297,1.000,1.000
3271610,0.0437023,42.423096079845,0.768,0.184,-0.581,-0.730,-0.607,-0.209,-0.235,0.091,0.874,0.995,0.339,0.096,0.653,-0.269,0.642,0.297,1.000,1.000
3271618,0.0520694,42.4751654793508,0.768,0.184,-0.581,-0.730,-0.607,-0.209,-0.235,0.091,0.874,1.000,0.335,0.088,0.654,-0.272,0.640,0.298,1.000,1.000
3271626,0.0403115,42.5154769797809,0.768,0.184,-0.581,-0.730,-0.607,-0.209,-0.235,0.091,0.874,1.004,0.332,0.077,0.659,-0.272,0.636,0.296,1.000,1.000
3271636,0.0415517,42.5570286815055,0.768,0.184,-0.581,-0.730,-0.607,-0.209,-0.235,0.091,0.874,1.003,0.329,0.065,0.670,-0.281,0.621,0.295,1.000,1.000
3271646,0.0460588,42.6030874815769,0.768,0.184,-0.581,-0.730,-0.607,-0.209,-0.235,0.091,0.874,1.004,0.324,0.052,0.678,-0.284,0.612,0.292,1.000,1.000
3271656,0.0567313,42.6598187801428,0.768,0.184,-0.581,-0.730,-0.607,-0.209,-0.235,0.091,0.874,1.002,0.319,0.036,0.684,-0.293,0.604,0.285,1.000,1.000
3271666,0.0443472,42.7041659806855,0.768,0.184,-0.581,-0.730,-0.607,-0.209,-0.235,0.091,0.874,0.999,0.314,0.022,0.683,-0.305,0.608,0.269,1.000,1.000
3271676,0.0530226,42.7571885813959,0.768,0.184,-0.581,-0.730,-0.607,-0.209,-0.235,0.091,0.874,0.993,0.304,0.000,0.674,-0.314,0.624,0.240,1.000,1.000
3271684,0.0437787,42.8009672802873,0.768,0.184,-0.581,-0.730,-0.607,-0.209,-0.235,0.091,0.874,0.986,0.292,-0.023,0.670,-0.321,0.635,0.213,1.000,1.000
3271694,0.0441635,42.8451307793148,0.768,0.184,-0.581,-0.730,-0.607,-0.209,-0.235,0.091,0.874,0.982,0.288,-0.046,0.654,-0.327,0.661,0.170,1.000,1.000
3271700,0.0444486,42.8895793785341,0.768,0.184,-0.581,-0.730,-0.607,-0.209,-0.235,0.091,0.874,0.974,0.282,-0.066,0.641,-0.333,0.677,0.142,1.000,1.000
3271710,0.0444649,42.9340442796238,0.768,0.184,-0.581,-0.730,-0.607,-0.209,-0.235,0.091,0.874,0.969,0.270,-0.089,0.626,-0.335,0.694,0.118,1.000,1.000
3271720,0.0461872,42.980231479276,0.768,0.184,-0.581,-0.730,-0.607,-0.209,-0.235,0.091,0.874,0.963,0.263,-0.106,0.608,-0.344,0.710,0.087,1.000,1.000
3271728,0.0428471,43.0230785799213,0.768,0.184,-0.581,-0.730,-0.607,-0.209,-0.235,0.091,0.874,0.963,0.253,-0.126,0.580,-0.380,0.719,0.039,1.000,1.000
3271738,0.044801,43.067879580427,0.768,0.184,-0.581,-0.730,-0.607,-0.209,-0.235,0.091,0.874,0.967,0.240,-0.151,0.545,-0.410,0.731,-0.024,1.000,1.000
3271746,0.0433602,43.1112397802062,0.768,0.184,-0.581,-0.730,-0.607,-0.209,-0.235,0.091,0.874,0.973,0.236,-0.170,-0.512,0.453,-0.725,0.085,1.000,1.000
3271756,0.0497492,43.1609889795072,0.768,0.184,-0.581,-0.730,-0.607,-0.209,-0.235,0.091,0.874,0.978,0.225,-0.190,-0.487,0.472,-0.725,0.122,0.889,0.953
3271764,0.0393852,43.2003741790541,0.768,0.184,-0.581,-0.730,-0.607,-0.209,-0.235,0.091,0.874,0.989,0.215,-0.209,-0.485,0.497,-0.705,0.142,0.839,0.972
3271774,0.0463226,43.2466967781074,0.768,0.184,-0.581,-0.730,-0.607,-0.209,-0.235,0.091,0.874,0.999,0.206,-0.229,-0.488,0.512,-0.688,0.162,0.735,1.000
3271780,0.0440377,43.2907344778068,0.768,0.184,-0.581,-0.730,-0.607,-0.209,-0.235,0.091,0.874,1.015,0.199,-0.237,-0.488,0.515,-0.690,0.140,0.873,0.853
3271790,0.0429028,43.3336372789927,0.768,0.184,-0.581,-0.730,-0.607,-0.209,-0.235,0.091,0.874,1.015,0.207,-0.236,-0.488,0.519,-0.687,0.145,0.944,0.715
3271800,0.046036,43.3796732802875,0.768,0.184,-0.581,-0.730,-0.607,-0.209,-0.235,0.091,0.874,1.027,0.211,-0.218,-0.523,0.525,-0.654,0.151,0.852,0.619
3271806,0.0443246,43.423997879494,0.768,0.184,-0.581,-0.730,-0.607,-0.209,-0.235,0.091,0.874,1.022,0.209,-0.218,-0.572,0.558,-0.577,0.170,0.679,0.675
3271814,0.0341786,43.4581764792092,0.768,0.184,-0.581,-0.730,-0.607,-0.209,-0.235,0.091,0.874,1.025,0.209,-0.213,-0.614,0.583,-0.492,0.200,0.382,0.657
3271818,0.043588,43.5017644804902,0.768,0.184,-0.581,-0.730,-0.607,-0.209,-0.235,0.091,0.874,1.031,0.202,-0.210,-0.638,0.584,-0.451,0.220,0.073,0.338
3271824,0.0134119,43.5151763805188,0.768,0.184,-0.581,-0.730,-0.607,-0.209,-0.235,0.091,0.874,1.034,0.204,-0.209,-0.648,0.591,-0.419,0.235,0.028,0.278
3271832,0.0346045,43.549780881498,0.768,0.184,-0.581,-0.730,-0.607,-0.209,-0.235,0.091,0.874,1.034,0.206,-0.208,-0.653,0.596,-0.396,0.247,0.000,0.080
3271842,0.0546508,43.604431679938,0.768,0.184,-0.581,-0.730,-0.607,-0.209,-0.235,0.091,0.874,1.038,0.203,-0.205,-0.656,0.595,-0.391,0.252,0.000,0.105
3271846,0.0412963,43.6457279794849,0.768,0.184,-0.581,-0.730,-0.607,-0.209,-0.235,0.091,0.874,1.043,0.201,-0.194,-0.661,0.601,-0.381,0.238,0.000,0.133
3271856,0.0115769,43.6573048797436,0.768,0.184,-0.581,-0.730,-0.607,-0.209,-0.235,0.091,0.874,1.035,0.207,-0.193,-0.637,0.598,-0.406,0.268,0.000,0.126
3271864,0.0551716,43.7124764812179,0.768,0.184,-0.581,-0.730,-0.607,-0.209,-0.235,0.091,0.874,1.039,0.207,-0.191,-0.626,0.599,-0.413,0.280,0.000,0.000
3271874,0.0414424,43.7539188829251,0.768,0.184,-0.581,-0.730,-0.607,-0.209,-0.235,0.091,0.874,1.046,0.201,-0.181,-0.611,0.580,-0.442,0.307,0.000,0.000
3271882,0.0426853,43.7966041830368,0.768,0.184,-0.581,-0.730,-0.607,-0.209,-0.235,0.091,0.874,1.055,0.200,-0.171,-0.612,0.581,-0.445,0.301,0.000,0.000
3271892,0.0432319,43.8398360838182,0.768,0.184,-0.581,-0.730,-0.607,-0.209,-0.235,0.091,0.874,1.056,0.199,-0.160,-0.612,0.585,-0.445,0.293,0.000,0.000
3271900,0.0419536,43.8817896847613,0.768,0.184,-0.581,-0.730,-0.607,-0.209,-0.235,0.091,0.874,1.070,0.188,-0.159,-0.624,0.594,-0.433,0.267,0.000,0.000
3271908,0.0450155,43.9268051837571,0.768,0.184,-0.581,-0.730,-0.607,-0.209,-0.235,0.091,0.874,1.071,0.188,-0.158,-0.625,0.602,-0.420,0.263,0.000,0.000
3271918,0.0415806,43.9683857825585,0.768,0.184,-0.581,-0.730,-0.607,-0.209,-0.235,0.091,0.874,1.075,0.189,-0.145,-0.634,0.604,-0.410,0.255,0.000,0.000
3271928,0.0480244,44.0164101836272,0.768,0.184,-0.581,-0.730,-0.607,-0.209,-0.235,0.091,0.874,1.087,0.188,-0.135,-0.643,0.598,-0.411,0.245,0.000,0.000
3271938,0.0491948,44.0656049852259,0.768,0.184,-0.581,-0.730,-0.607,-0.209,-0.235,0.091,0.874,1.083,0.191,-0.137,-0.631,0.598,-0.421,0.258,0.000,0.000
3271946,0.0468209,44.1124258865602,0.768,0.184,-0.581,-0.730,-0.607,-0.209,-0.235,0.091,0.874,1.098,0.189,-0.132,-0.632,0.595,-0.425,0.256,0.000,0.000
3271956,0.0450081,44.1574339871295,0.768,0.184,-0.581,-0.730,-0.607,-0.209,-0.235,0.091,0.874,1.103,0.190,-0.128,-0.628,0.583,-0.440,0.269,0.000,0.000
3271966,0.0477743,44.2052082871087,0.768,0.184,-0.581,-0.730,-0.607,-0.209,-0.235,0.091,0.874,1.113,0.189,-0.122,-0.621,0.578,-0.451,0.277,0.000,0.000
3271974,0.0483724,44.2535806861706,0.768,0.184,-0.581,-0.730,-0.607,-0.209,-0.235,0.091,0.874,1.131,0.185,-0.113,-0.628,0.575,-0.451,0.266,0.000,0.000
3271984,0.0436545,44.2972351876087,0.768,0.184,-0.581,-0.730,-0.607,-0.209,-0.235,0.091,0.874,1.137,0.185,-0.108,-0.630,0.561,-0.463,0.274,0.000,0.000
3271992,0.0460628,44.343297988642,0.768,0.184,-0.581,-0.730,-0.607,-0.209,-0.235,0.091,0.874,1.151,0.177,-0.105,-0.637,0.543,-0.474,0.275,0.000,0.000
3272002,0.045073,44.3883709874935,0.768,0.184,-0.581,-0.730,-0.607,-0.209,-0.235,0.091,0.874,1.160,0.173,-0.100,-0.641,0.526,-0.485,0.278,0.000,0.036
3272010,0.0502807,44.4386516888626,0.768,0.184,-0.581,-0.730,-0.607,-0.209,-0.235,0.091,0.874,1.165,0.174,-0.097,-0.643,0.507,-0.496,0.288,0.029,0.222
3272020,0.0368294,44.4754810896702,0.768,0.184,-0.581,-0.730,-0.607,-0.209,-0.235,0.091,0.874,1.176,0.175,-0.093,-0.644,0.497,-0.503,0.292,0.050,0.282
3272030,0.0499333,44.5254143890925,0.768,0.184,-0.581,-0.730,-0.607,-0.209,-0.235,0.091,0.874,1.180,0.176,-0.089,-0.647,0.491,-0.506,0.290,0.078,0.348
3272038,0.0484709,44.5738852885552,0.768,0.184,-0.581,-0.730,-0.607,-0.209,-0.235,0.091,0.874,1.177,0.183,-0.090,-0.649,0.485,-0.515,0.282,0.120,0.420
3272048,0.0502545,44.6241397899576,0.768,0.184,-0.581,-0.730,-0.607,-0.209,-0.235,0.091,0.874,1.172,0.187,-0.084,-0.662,0.457,-0.539,0.250,0.183,0.595
3272054,0.042389,44.6665287916549,0.768,0.184,-0.581,-0.730,-0.607,-0.209,-0.235,0.091,0.874,1.165,0.197,-0.081,-0.666,0.452,-0.558,0.201,0.269,0.759
3272058,0.0454032,44.7119319927879,0.768,0.184,-0.581,-0.730,-0.607,-0.209,-0.235,0.091,0.874,1.153,0.212,-0.073,-0.663,0.449,-0.575,0.168,0.334,0.857
3272072,0.005858,44.7177899926901,0.768,0.184,-0.581,-0.730,-0.607,-0.209,-0.235,0.091,0.874,1.144,0.243,-0.055,-0.657,0.449,-0.605,0.033,0.334,0.857
3272078,0.0672718,44.7850617915392,0.768,0.184,-0.581,-0.730,-0.607,-0.209,-0.235,0.091,0.874,1.130,0.269,-0.048,0.660,-0.456,0.596,0.045,0.507,0.964
3272084,0.0326278,44.8176895901561,0.768,0.184,-0.581,-0.730,-0.607,-0.209,-0.235,0.091,0.874,1.121,0.289,-0.036,0.663,-0.449,0.592,0.095,0.652,1.000
3272092,0.0414828,44.8591723889112,0.768,0.184,-0.581,-0.730,-0.607,-0.209,-0.235,0.091,0.874,1.114,0.312,-0.013,0.655,-0.415,0.609,0.166,0.742,1.000
3272102,0.0331687,44.8923410885036,0.768,0.184,-0.581,-0.730,-0.607,-0.209,-0.235,0.091,0.874,1.109,0.331,-0.003,0.649,-0.371,0.625,0.227,0.796,1.000
3272110,0.0413772,44.93371829018,0.768,0.184,-0.581,-0.730,-0.607,-0.209,-0.235,0.091,0.874,1.104,0.346,0.019,0.650,-0.337,0.622,0.279,0.913,1.000
3272120,0.0433854,44.9771036915481,0.768,0.184,-0.581,-0.730,-0.607,-0.209,-0.235,0.091,0.874,1.102,0.358,0.041,0.652,-0.309,0.618,0.312,0.934,1.000
3272128,0.0473498,45.0244534909725,0.768,0.184,-0.581,-0.730,-0.607,-0.209,-0.235,0.091,0.874,1.099,0.365,0.058,0.655,-0.284,0.616,0.333,0.989,1.000
3272138,0.0399411,45.0643945895135,0.768,0.184,-0.581,-0.730,-0.607,-0.209,-0.235,0.091,0.874,1.098,0.374,0.070,0.657,-0.267,0.609,0.355,1.000,1.000
3272146,0.045538,45.109932590276,0.768,0.184,-0.581,-0.730,-0.607,-0.209,-0.235,0.091,0.874,1.097,0.385,0.087,0.661,-0.244,0.609,0.364,1.000,1.000
3272156,0.0484325,45.1583650894463,0.768,0.184,-0.581,-0.730,-0.607,-0.209,-0.235,0.091,0.874,1.097,0.394,0.096,0.662,-0.232,0.601,0.384,1.000,1.000
3272164,0.0445253,45.2028903886676,0.768,0.184,-0.581,-0.730,-0.607,-0.209,-0.235,0.091,0.874,1.099,0.403,0.101,0.660,-0.214,0.605,0.390,1.000,1.000
3272174,0.0473306,45.2502209879458,0.768,0.184,-0.581,-0.730,-0.607,-0.209,-0.235,0.091,0.874,1.100,0.414,0.105,0.662,-0.199,0.606,0.394,1.000,1.000
3272184,0.0475621,45.297783087939,0.768,0.184,-0.581,-0.730,-0.607,-0.209,-0.235,0.091,0.874,1.102,0.430,0.109,0.661,-0.184,0.608,0.399,1.000,1.000
3272192,0.0512481,45.3490311875939,0.768,0.184,-0.581,-0.730,-0.607,-0.209,-0.235,0.091,0.874,1.103,0.451,0.111,0.659,-0.164,0.614,0.401,1.000,1.000
3272200,0.0415095,45.39054068923,0.768,0.184,-0.581,-0.730,-0.607,-0.209,-0.235,0.091,0.874,1.109,0.464,0.115,0.655,-0.145,0.623,0.403,1.000,1.000
3272206,0.0316048,45.4221454896033,0.768,0.184,-0.581,-0.730,-0.607,-0.209,-0.235,0.091,0.874,1.112,0.474,0.118,0.654,-0.127,0.628,0.402,1.000,1.000
3272214,0.0437989,45.465944390744,0.768,0.184,-0.581,-0.730,-0.607,-0.209,-0.235,0.091,0.874,1.116,0.484,0.121,0.650,-0.115,0.630,0.409,1.000,1.000
3272220,0.0275322,45.4934765901417,0.768,0.184,-0.581,-0.730,-0.607,-0.209,-0.235,0.091,0.874,1.117,0.492,0.123,0.648,-0.108,0.629,0.415,1.000,1.000
3272226,0.0404344,45.533910991624,0.768,0.184,-0.581,-0.730,-0.607,-0.209,-0.235,0.091,0.874,1.120,0.502,0.123,0.644,-0.097,0.630,0.423,1.000,1.000
3272234,0.0254398,45.5593507923186,0.768,0.184,-0.581,-0.730,-0.607,-0.209,-0.235,0.091,0.874,1.122,0.508,0.124,0.643,-0.085,0.632,0.424,1.000,1.000
3272238,0.0305581,45.5899088922888,0.768,0.184,-0.581,-0.730,-0.607,-0.209,-0.235,0.091,0.874,1.124,0.517,0.125,0.639,-0.074,0.634,0.430,1.000,1.000
3272246,0.0316074,45.6215162929147,0.768,0.184,-0.581,-0.730,-0.607,-0.209,-0.235,0.091,0.874,1.125,0.523,0.127,0.636,-0.067,0.636,0.432,1.000,1.000
3272250,0.0324039,45.6539201941341,0.768,0.184,-0.581,-0.730,-0.607,-0.209,-0.235,0.091,0.874,1.127,0.531,0.129,0.633,-0.059,0.637,0.435,1.000,1.000
3272256,0.0249597,45.6788798943162,0.768,0.184,-0.581,-0.730,-0.607,-0.209,-0.235,0.091,0.874,1.128,0.538,0.130,0.631,-0.044,0.640,0.436,1.000,1.000
3272264,0.022197,45.7010768949986,0.768,0.184,-0.581,-0.730,-0.607,-0.209,-0.235,0.091,0.874,1.130,0.542,0.132,0.627,-0.029,0.643,0.438,1.000,1.000
3272274,0.0660585,45.7671353965998,0.768,0.184,-0.581,-0.730,-0.607,-0.209,-0.235,0.091,0.874,1.130,0.549,0.135,0.626,-0.019,0.646,0.437,1.000,1.000
3272282,0.0396367,45.8067720979452,0.768,0.184,-0.581,-0.730,-0.607,-0.209,-0.235,0.091,0.874,1.128,0.554,0.137,0.624,-0.010,0.647,0.439,1.000,1.000
3272290,0.0397818,45.8465538993478,0.768,0.184,-0.581,-0.730,-0.607,-0.209,-0.235,0.091,0.874,1.127,0.556,0.140,0.621,-0.005,0.647,0.441,1.000,0.999
3272300,0.0408058,45.887359701097,0.768,0.184,-0.581,-0.730,-0.607,-0.209,-0.235,0.091,0.874,1.124,0.559,0.142,0.621,-0.003,0.646,0.444,1.000,0.980
3272308,0.0460014,45.9333611018956,0.768,0.184,-0.581,-0.730,-0.607,-0.209,-0.235,0.091,0.874,1.121,0.560,0.145,0.619,-0.004,0.646,0.446,1.000,0.972
3272318,0.0332101,45.966571200639,0.768,0.184,-0.581,-0.730,-0.607,-0.209,-0.235,0.091,0.874,1.119,0.559,0.146,0.617,-0.005,0.647,0.447,1.000,0.973
3272326,0.0485284,46.0150995999575,0.768,0.184,-0.581,-0.730,-0.607,-0.209,-0.235,0.091,0.874,1.117,0.557,0.147,0.618,-0.002,0.649,0.443,1.000,0.985
3272334,0.039702,46.0548015981913,0.768,0.184,-0.581,-0.730,-0.607,-0.209,-0.235,0.091,0.874,1.115,0.555,0.147,0.620,0.003,0.653,0.435,1.000,0.991
3272344,0.0471137,46.1019152998924,0.768,0.184,-0.581,-0.730,-0.607,-0.209,-0.235,0.091,0.874,1.113,0.552,0.147,0.620,0.004,0.655,0.431,1.000,0.973
3272352,0.0433596,46.1452748999,0.768,0.184,-0.581,-0.730,-0.607,-0.209,-0.235,0.091,0.874,1.113,0.549,0.148,0.621,0.005,0.657,0.426,1.000,0.967
3272362,0.0468359,46.192110799253,0.768,0.184,-0.581,-0.730,-0.607,-0.209,-0.235,0.091,0.874,1.112,0.547,0.149,0.622,0.006,0.659,0.423,1.000,0.941
3272372,0.0448145,46.2369253002107,0.768,0.184,-0.581,-0.730,-0.607,-0.209,-0.235,0.091,0.874,1.112,0.545,0.149,0.624,0.007,0.660,0.419,1.000,0.925
3272382,0.0534672,46.2903924994171,0.768,0.184,-0.581,-0.730,-0.607,-0.209,-0.235,0.091,0.874,1.111,0.543,0.150,0.624,0.007,0.661,0.417,1.000,0.924
3272390,0.0429005,46.3332929983735,0.768,0.184,-0.581,-0.730,-0.607,-0.209,-0.235,0.091,0.874,1.111,0.542,0.150,0.624,0.006,0.662,0.416,1.000,0.933
3272402,0.0473541,46.3806470967829,0.768,0.184,-0.581,-0.730,-0.607,-0.209,-0.235,0.091,0.874,1.110,0.542,0.150,0.623,0.006,0.663,0.416,1.000,0.945
3272410,0.0519678,46.4326148964465,0.768,0.184,-0.581,-0.730,-0.607,-0.209,-0.235,0.091,0.874,1.109,0.541,0.152,0.623,0.004,0.662,0.416,1.000,0.965
3272418,0.0447466,46.4773614965379,0.768,0.184,-0.581,-0.730,-0.607,-0.209,-0.235,0.091,0.874,1.108,0.540,0.152,0.624,-0.003,0.659,0.420,1.000,0.973
3272428,0.0428012,46.5201626978815,0.768,0.184,-0.581,-0.730,-0.607,-0.209,-0.235,0.091,0.874,1.108,0.539,0.154,0.623,-0.005,0.658,0.422,1.000,0.973
3272438,0.0471728,46.5673354975879,0.768,0.184,-0.581,-0.730,-0.607,-0.209,-0.235,0.091,0.874,1.109,0.540,0.155,0.624,-0.004,0.657,0.423,1.000,0.985
3272446,0.0454366,46.6127720959485,0.768,0.184,-0.581,-0.730,-0.607,-0.209,-0.235,0.091,0.874,1.111,0.538,0.154,0.628,0.000,0.655,0.421,1.000,0.983
3272454,0.0465313,46.6593033969402,0.768,0.184,-0.581,-0.730,-0.607,-0.209,-0.235,0.091,0.874,1.113,0.538,0.154,0.630,0.002,0.654,0.419,1.000,0.936
3272464,0.0415804,46.7008837983012,0.768,0.184,-0.581,-0.730,-0.607,-0.209,-0.235,0.091,0.874,1.114,0.537,0.154,0.631,0.003,0.654,0.418,1.000,0.914
3272474,0.0466496,46.7475333996117,0.768,0.184,-0.581,-0.730,-0.607,-0.209,-0.235,0.091,0.874,1.115,0.533,0.155,0.635,0.003,0.649,0.420,1.000,0.917
3272480,0.0459135,46.7934468984604,0.768,0.184,-0.581,-0.730,-0.607,-0.209,-0.235,0.091,0.874,1.117,0.535,0.157,0.636,0.001,0.645,0.425,1.000,0.922
3272486,0.0328805,46.8263273984194,0.768,0.184,-0.581,-0.730,-0.607,-0.209,-0.235,0.091,0.874,1.119,0.534,0.159,0.634,-0.003,0.644,0.429,1.000,0.921
3272492,0.0292399,46.8555672988296,0.768,0.184,-0.581,-0.730,-0.607,-0.209,-0.235,0.091,0.874,1.121,0.534,0.159,0.635,-0.004,0.642,0.429,1.000,0.920
3272500,0.0435341,46.8991013988853,0.768,0.184,-0.581,-0.730,-0.607,-0.209,-0.235,0.091,0.874,1.123,0.536,0.158,0.637,-0.007,0.639,0.431,1.000,0.912
3272506,0.0408248,46.939926199615,0.768,0.184,-0.581,-0.730,-0.607,-0.209,-0.235,0.091,0.874,1.124,0.533,0.161,0.640,-0.004,0.638,0.429,1.000,0.917
3272512,0.0152636,46.9551897998899,0.768,0.184,-0.581,-0.730,-0.607,-0.209,-0.235,0.091,0.874,1.128,0.533,0.159,0.644,0.001,0.637,0.424,1.000,0.912
3272518,0.0384521,46.9936418998986,0.768,0.184,-0.581,-0.730,-0.607,-0.209,-0.235,0.091,0.874,1.132,0.531,0.159,0.647,0.004,0.637,0.419,1.000,0.927
3272524,0.0251701,47.0188120007515,0.768,0.184,-0.581,-0.730,-0.607,-0.209,-0.235,0.091,0.874,1.135,0.530,0.158,0.649,0.005,0.637,0.415,1.000,0.928
3272530,0.0307743,47.0495863016695,0.768,0.184,-0.581,-0.730,-0.607,-0.209,-0.235,0.091,0.874,1.137,0.527,0.158,0.649,0.004,0.639,0.413,1.000,0.942
3272536,0.0298984,47.0794847011566,0.768,0.184,-0.581,-0.730,-0.607,-0.209,-0.235,0.091,0.874,1.139,0.525,0.158,0.650,0.001,0.638,0.412,1.000,0.945
3272544,0.0404429,47.1199276000261,0.768,0.184,-0.581,-0.730,-0.607,-0.209,-0.235,0.091,0.874,1.138,0.522,0.158,0.651,-0.003,0.639,0.411,1.000,0.990
3272552,0.0511187,47.1710463017225,0.768,0.184,-0.581,-0.730,-0.607,-0.209,-0.235,0.091,0.874,1.144,0.518,0.156,0.657,-0.005,0.635,0.406,1.000,0.994
3272558,0.0116333,47.182679601945,0.768,0.184,-0.581,-0.730,-0.607,-0.209,-0.235,0.091,0.874,1.142,0.515,0.157,0.656,-0.010,0.634,0.409,1.000,0.999
3272568,0.041702,47.2243816005066,0.768,0.184,-0.581,-0.730,-0.607,-0.209,-0.235,0.091,0.874,1.141,0.512,0.159,0.660,-0.013,0.630,0.409,1.000,1.000
3272578,0.0521932,47.2765747988597,0.768,0.184,-0.581,-0.730,-0.607,-0.209,-0.235,0.091,0.874,1.140,0.509,0.161,0.665,-0.014,0.624,0.410,1.000,1.000
3272586,0.0435238,47.3200985984877,0.768,0.184,-0.581,-0.730,-0.607,-0.209,-0.235,0.091,0.874,1.141,0.507,0.160,0.670,-0.019,0.618,0.411,1.000,1.000
3272596,0.0441375,47.3642360987142,0.768,0.184,-0.581,-0.730,-0.607,-0.209,-0.235,0.091,0.874,1.142,0.505,0.160,0.676,-0.022,0.612,0.410,1.000,1.000
3272604,0.0458416,47.4100776994601,0.768,0.184,-0.581,-0.730,-0.607,-0.209,-0.235,0.091,0.874,1.143,0.505,0.161,0.679,-0.024,0.609,0.409,1.000,1.000
3272612,0.0335285,47.4436061987653,0.768,0.184,-0.581,-0.730,-0.607,-0.209,-0.235,0.091,0.874,1.146,0.506,0.163,0.680,-0.024,0.609,0.407,1.000,1.000
3272622,0.0451952,47.4888013983145,0.768,0.184,-0.581,-0.730,-0.607,-0.209,-0.235,0.091,0.874,1.146,0.506,0.164,0.682,-0.021,0.609,0.403,1.000,1.000
3272630,0.0449176,47.5337189966813,0.768,0.184,-0.581,-0.730,-0.607,-0.209,-0.235,0.091,0.874,1.146,0.505,0.163,0.685,-0.018,0.610,0.398,1.000,1.000
3272640,0.0469172,47.5806361967698,0.768,0.184,-0.581,-0.730,-0.607,-0.209,-0.235,0.091,0.874,1.145,0.504,0.162,0.689,-0.018,0.610,0.391,1.000,1.000
3272650,0.0430246,47.6236607963219,0.768,0.184,-0.581,-0.730,-0.607,-0.209,-0.235,0.091,0.874,1.144,0.503,0.162,0.691,-0.021,0.609,0.390,1.000,1.000
3272660,0.0549636,47.6786243962124,0.768,0.184,-0.581,-0.730,-0.607,-0.209,-0.235,0.091,0.874,1.143,0.502,0.162,0.691,-0.026,0.609,0.389,1.000,1.000
3272668,0.0429548,47.7215791950002,0.768,0.184,-0.581,-0.730,-0.607,-0.209,-0.235,0.091,0.874,1.141,0.501,0.162,0.690,-0.029,0.610,0.389,1.000,1.000
3272678,0.0448589,47.7664380939677,0.768,0.184,-0.581,-0.730,-0.607,-0.209,-0.235,0.091,0.874,1.141,0.501,0.163,0.689,-0.029,0.612,0.387,1.000,1.000
3272686,0.0478759,47.8143139937893,0.768,0.184,-0.581,-0.730,-0.607,-0.209,-0.235,0.091,0.874,1.142,0.501,0.164,0.688,-0.030,0.613,0.388,1.000,1.000
3272696,0.0512026,47.8655165927485,0.768,0.184,-0.581,-0.730,-0.607,-0.209,-0.235,0.091,0.874,1.142,0.504,0.164,0.685,-0.027,0.616,0.389,1.000,1.000
3272706,0.0464409,47.9119574921206,0.768,0.184,-0.581,-0.730,-0.607,-0.209,-0.235,0.091,0.874,1.143,0.504,0.163,0.683,-0.023,0.620,0.386,1.000,1.000
3272716,0.0556017,47.967559193261,0.768,0.184,-0.581,-0.730,-0.607,-0.209,-0.235,0.091,0.874,1.144,0.504,0.163,0.684,-0.019,0.620,0.383,1.000,1.000
3272724,0.0364793,48.0040384950116,0.768,0.184,-0.581,-0.730,-0.607,-0.209,-0.235,0.091,0.874,1.142,0.502,0.162,0.684,-0.022,0.619,0.385,1.000,1.000
3272732,0.0395706,48.043609094806,0.768,0.184,-0.581,-0.730,-0.607,-0.209,-0.235,0.091,0.874,1.141,0.500,0.162,0.686,-0.025,0.617,0.385,1.000,1.000
3272742,0.0453319,48.0889409938827,0.768,0.184,-0.581,-0.730,-0.607,-0.209,-0.235,0.091,0.874,1.139,0.499,0.162,0.688,-0.029,0.614,0.385,1.000,1.000
3272750,0.044671,48.1336119929329,0.768,0.184,-0.581,-0.730,-0.607,-0.209,-0.235,0.091,0.874,1.137,0.498,0.162,0.689,-0.029,0.614,0.385,1.000,1.000
3272760,0.0449986,48.1786105940118,0.768,0.184,-0.581,-0.730,-0.607,-0.209,-0.235,0.091,0.874,1.136,0.498,0.161,0.689,-0.031,0.613,0.384,1.000,1.000
3272766,0.0448957,48.2235062951222,0.768,0.184,-0.581,-0.730,-0.607,-0.209,-0.235,0.091,0.874,1.136,0.498,0.161,0.690,-0.030,0.613,0.383,1.000,1.000
3272772,0.0384264,48.2619326943532,0.768,0.184,-0.581,-0.730,-0.607,-0.209,-0.235,0.091,0.874,1.136,0.498,0.163,0.689,-0.031,0.614,0.383,1.000,1.000
3272780,0.025753,48.2876856951043,0.768,0.184,-0.581,-0.730,-0.607,-0.209,-0.235,0.091,0.874,1.134,0.499,0.163,0.689,-0.032,0.615,0.383,1.000,1.000
3272784,0.0432419,48.3309275945649,0.768,0.184,-0.581,-0.730,-0.607,-0.209,-0.235,0.091,0.874,1.135,0.500,0.164,0.688,-0.032,0.615,0.383,1.000,1.000
3272792,0.0356715,48.3665990931913,0.768,0.184,-0.581,-0.730,-0.607,-0.209,-0.235,0.091,0.874,1.136,0.500,0.165,0.688,-0.030,0.615,0.384,1.000,1.000
3272798,0.0181353,48.3847343930975,0.768,0.184,-0.581,-0.730,-0.607,-0.209,-0.235,0.091,0.874,1.136,0.500,0.164,0.690,-0.029,0.614,0.382,1.000,1.000
3272806,0.0340511,48.4187854947522,0.768,0.184,-0.581,-0.730,-0.607,-0.209,-0.235,0.091,0.874,1.137,0.500,0.164,0.691,-0.028,0.613,0.381,1.000,1.000
3272814,0.0609951,48.4797805929556,0.768,0.184,-0.581,-0.730,-0.607,-0.209,-0.235,0.091,0.874,1.135,0.499,0.164,0.693,-0.029,0.611,0.382,1.000,1.000
3272824,0.0365422,48.5163227925077,0.768,0.184,-0.581,-0.730,-0.607,-0.209,-0.235,0.091,0.874,1.131,0.499,0.165,0.694,-0.031,0.607,0.386,1.000,1.000
3272832,0.0416439,48.5579666914418,0.768,0.184,-0.581,-0.730,-0.607,-0.209,-0.235,0.091,0.874,1.131,0.499,0.167,0.695,-0.033,0.602,0.391,1.000,1.000
3272838,0.0274592,48.5854258919135,0.768,0.184,-0.581,-0.730,-0.607,-0.209,-0.235,0.091,0.874,1.133,0.501,0.165,0.699,-0.031,0.598,0.391,1.000,1.000
3272848,0.0369367,48.6223625922576,0.768,0.184,-0.581,-0.730,-0.607,-0.209,-0.235,0.091,0.874,1.139,0.501,0.163,0.703,-0.026,0.594,0.391,1.000,1.000
3272858,0.0455273,48.6678898939863,0.768,0.184,-0.581,-0.730,-0.607,-0.209,-0.235,0.091,0.874,1.141,0.500,0.164,0.706,-0.021,0.593,0.387,1.000,1.000
3272866,0.0445767,48.7124665947631,0.768,0.184,-0.581,-0.730,-0.607,-0.209,-0.235,0.091,0.874,1.143,0.501,0.163,0.706,-0.019,0.595,0.383,1.000,1.000
3272874,0.0440196,48.7564861932769,0.768,0.184,-0.581,-0.730,-0.607,-0.209,-0.235,0.091,0.874,1.146,0.502,0.164,0.705,-0.017,0.599,0.380,1.000,1.000
3272884,0.0434688,48.799954992719,0.768,0.184,-0.581,-0.730,-0.607,-0.209,-0.235,0.091,0.874,1.148,0.501,0.162,0.706,-0.019,0.597,0.380,1.000,1.000
3272892,0.0444552,48.8444101931527,0.768,0.184,-0.581,-0.730,-0.607,-0.209,-0.235,0.091,0.874,1.149,0.502,0.162,0.706,-0.020,0.596,0.382,1.000,1.000
3272902,0.046616,48.8910261923447,0.768,0.184,-0.581,-0.730,-0.607,-0.209,-0.235,0.091,0.874,1.151,0.501,0.160,0.706,-0.020,0.596,0.381,1.000,1.000
3272912,0.0458987,48.936924890615,0.768,0.184,-0.581,-0.730,-0.607,-0.209,-0.235,0.091,0.874,1.157,0.501,0.157,0.709,-0.018,0.594,0.380,1.000,1.000
3272920,0.0516979,48.9886227892712,0.768,0.184,-0.581,-0.730,-0.607,-0.209,-0.235,0.091,0.874,1.158,0.503,0.156,0.708,-0.021,0.596,0.378,1.000,1.000
3272932,0.0445753,49.0331980893388,0.768,0.184,-0.581,-0.730,-0.607,-0.209,-0.235,0.091,0.874,1.158,0.501,0.155,0.704,-0.022,0.600,0.379,1.000,1.000
3272942,0.0527872,49.0859852889553,0.768,0.184,-0.581,-0.730,-0.607,-0.209,-0.235,0.091,0.874,1.157,0.498,0.156,0.703,-0.025,0.599,0.384,1.000,1.000
3272950,0.0488718,49.1348570892587,0.768,0.184,-0.581,-0.730,-0.607,-0.209,-0.235,0.091,0.874,1.154,0.497,0.157,0.703,-0.026,0.597,0.385,1.000,1.000
3272960,0.0407439,49.1756009878591,0.768,0.184,-0.581,-0.730,-0.607,-0.209,-0.235,0.091,0.874,1.153,0.497,0.156,0.705,-0.028,0.594,0.386,1.000,1.000
3272968,0.0479638,49.2235647896305,0.768,0.184,-0.581,-0.730,-0.607,-0.209,-0.235,0.091,0.874,1.152,0.498,0.157,0.705,-0.028,0.594,0.386,1.000,1.000
3272978,0.0439119,49.2674766900018,0.768,0.184,-0.581,-0.730,-0.607,-0.209,-0.235,0.091,0.874,1.152,0.500,0.157,0.706,-0.027,0.594,0.385,1.000,1.000
3272986,0.0464925,49.3139691883698,0.768,0.184,-0.581,-0.730,-0.607,-0.209,-0.235,0.091,0.874,1.152,0.501,0.157,0.706,-0.027,0.594,0.384,1.000,1.000
3272994,0.0432839,49.3572530867532,0.768,0.184,-0.581,-0.730,-0.607,-0.209,-0.235,0.091,0.874,1.151,0.501,0.157,0.707,-0.025,0.593,0.384,1.000,1.000
3273002,0.0439542,49.4012072877958,0.768,0.184,-0.581,-0.730,-0.607,-0.209,-0.235,0.091,0.874,1.151,0.502,0.155,0.710,-0.021,0.593,0.380,1.000,1.000
3273010,0.0433263,49.4445335874334,0.768,0.184,-0.581,-0.730,-0.607,-0.209,-0.235,0.091,0.874,1.150,0.504,0.154,0.710,-0.019,0.595,0.376,1.000,1.000
3273020,0.0394921,49.4840256879106,0.768,0.184,-0.581,-0.730,-0.607,-0.209,-0.235,0.091,0.874,1.148,0.504,0.154,0.709,-0.020,0.596,0.375,1.000,1.000
3273030,0.0441344,49.5281600886956,0.768,0.184,-0.581,-0.730,-0.607,-0.209,-0.235,0.091,0.874,1.146,0.504,0.154,0.708,-0.022,0.597,0.377,1.000,1.000
3273038,0.0484512,49.5766112888232,0.768,0.184,-0.581,-0.730,-0.607,-0.209,-0.235,0.091,0.874,1.144,0.503,0.154,0.706,-0.024,0.597,0.381,1.000,1.000
3273046,0.0402186,49.6168298879638,0.768,0.184,-0.581,-0.730,-0.607,-0.209,-0.235,0.091,0.874,1.141,0.503,0.154,0.706,-0.023,0.594,0.385,1.000,1.000
3273056,0.0454594,49.6622892888263,0.768,0.184,-0.581,-0.730,-0.607,-0.209,-0.235,0.091,0.874,1.140,0.502,0.154,0.707,-0.025,0.592,0.385,1.000,1.000
3273064,0.042045,49.7043342897668,0.768,0.184,-0.581,-0.730,-0.607,-0.209,-0.235,0.091,0.874,1.141,0.504,0.154,0.705,-0.026,0.597,0.382,1.000,1.000
3273074,0.0449813,49.7493155905977,0.768,0.184,-0.581,-0.730,-0.607,-0.209,-0.235,0.091,0.874,1.141,0.504,0.155,0.702,-0.026,0.600,0.382,1.000,1.000
3273084,0.0497439,49.7990594888106,0.768,0.184,-0.581,-0.730,-0.607,-0.209,-0.235,0.091,0.874,1.140,0.505,0.154,0.703,-0.024,0.600,0.382,1.000,1.000
3273092,0.0454449,49.8445043871179,0.768,0.184,-0.581,-0.730,-0.607,-0.209,-0.235,0.091,0.874,1.139,0.505,0.153,0.704,-0.025,0.598,0.383,1.000,1.000
3273102,0.0444856,49.8889899859205,0.768,0.184,-0.581,-0.730,-0.607,-0.209,-0.235,0.091,0.874,1.138,0.505,0.152,0.703,-0.026,0.597,0.386,1.000,1.000
3273108,0.0431775,49.9321674862877,0.768,0.184,-0.581,-0.730,-0.607,-0.209,-0.235,0.091,0.874,1.137,0.507,0.151,0.703,-0.025,0.597,0.386,1.000,1.000
3273118,0.0459796,49.9781470866874,0.768,0.184,-0.581,-0.730,-0.607,-0.209,-0.235,0.091,0.874,1.137,0.508,0.151,0.703,-0.024,0.597,0.387,1.000,1.000
3273128,0.0428643,50.021011386998,0.768,0.184,-0.581,-0.730,-0.607,-0.209,-0.235,0.091,0.874,1.137,0.509,0.151,0.701,-0.025,0.597,0.389,1.000,1.000
3273138,0.0528421,50.0738534862176,0.768,0.184,-0.581,-0.730,-0.607,-0.209,-0.235,0.091,0.874,1.139,0.509,0.150,0.700,-0.023,0.597,0.390,1.000,1.000
3273146,0.0446247,50.1184781873599,0.768,0.184,-0.581,-0.730,-0.607,-0.209,-0.235,0.091,0.874,1.138,0.510,0.150,0.700,-0.022,0.598,0.391,1.000,1.000
3273156,0.0366238,50.1551019856706,0.768,0.184,-0.581,-0.730,-0.607,-0.209,-0.235,0.091,0.874,1.139,0.510,0.150,0.700,-0.020,0.597,0.391,1.000,1.000
3273164,0.0512947,50.2063966849819,0.768,0.184,-0.581,-0.730,-0.607,-0.209,-0.235,0.091,0.874,1.138,0.510,0.148,0.701,-0.019,0.597,0.390,1.000,1.000
3273172,0.0409157,50.2473123865202,0.768,0.184,-0.581,-0.730,-0.607,-0.209,-0.235,0.091,0.874,1.141,0.511,0.147,0.700,-0.019,0.600,0.386,1.000,1.000
3273180,0.0429821,50.2902944879606,0.768,0.184,-0.581,-0.730,-0.607,-0.209,-0.235,0.091,0.874,1.142,0.513,0.146,0.701,-0.015,0.602,0.384,1.000,1.000
3273190,0.0433506,50.3336450876668,0.768,0.184,-0.581,-0.730,-0.607,-0.209,-0.235,0.091,0.874,1.141,0.513,0.144,0.702,-0.012,0.601,0.382,1.000,1.000
3273198,0.0456841,50.3793291868642,0.768,0.184,-0.581,-0.730,-0.607,-0.209,-0.235,0.091,0.874,1.141,0.511,0.143,0.703,-0.013,0.601,0.380,1.000,1.000
3273206,0.0414233,50.4207524852827,0.768,0.184,-0.581,-0.730,-0.607,-0.209,-0.235,0.091,0.874,1.142,0.510,0.142,0.704,-0.014,0.599,0.381,1.000,1.000
3273216,0.040202,50.4609544845298,0.768,0.184,-0.581,-0.730,-0.607,-0.209,-0.235,0.091,0.874,1.141,0.510,0.141,0.704,-0.015,0.599,0.381,1.000,1.000
3273226,0.0473123,50.5082667851821,0.768,0.184,-0.581,-0.730,-0.607,-0.209,-0.235,0.091,0.874,1.142,0.510,0.141,0.704,-0.016,0.600,0.381,1.000,1.000
3273234,0.0472201,50.5554868848994,0.768,0.184,-0.581,-0.730,-0.607,-0.209,-0.235,0.091,0.874,1.143,0.511,0.141,0.702,-0.017,0.601,0.382,1.000,1.000
3273244,0.044646,50.6001328835264,0.768,0.184,-0.581,-0.730,-0.607,-0.209,-0.235,0.091,0.874,1.144,0.510,0.141,0.701,-0.016,0.601,0.382,1.000,1.000
3273252,0.0452991,50.6454319851473,0.768,0.184,-0.581,-0.730,-0.607,-0.209,-0.235,0.091,0.874,1.143,0.510,0.141,0.700,-0.018,0.601,0.385,1.000,1.000
3273260,0.0417619,50.6871938863769,0.768,0.184,-0.581,-0.730,-0.607,-0.209,-0.235,0.091,0.874,1.144,0.510,0.141,0.700,-0.018,0.601,0.386,1.000,1.000
3273268,0.0434177,50.7306115860119,0.768,0.184,-0.581,-0.730,-0.607,-0.209,-0.235,0.091,0.874,1.144,0.511,0.141,0.700,-0.017,0.600,0.386,1.000,1.000
3273278,0.0343802,50.7649917872623,0.768,0.184,-0.581,-0.730,-0.607,-0.209,-0.235,0.091,0.874,1.144,0.512,0.141,0.700,-0.015,0.601,0.386,1.000,1.000
3273286,0.0549857,50.8199774855748,0.768,0.184,-0.581,-0.730,-0.607,-0.209,-0.235,0.091,0.874,1.143,0.513,0.141,0.699,-0.014,0.601,0.387,1.000,1.000
3273296,0.0476042,50.8675816850737,0.768,0.184,-0.581,-0.730,-0.607,-0.209,-0.235,0.091,0.874,1.143,0.512,0.141,0.698,-0.014,0.601,0.389,1.000,1.000
3273304,0.0446137,50.9121953854337,0.768,0.184,-0.581,-0.730,-0.607,-0.209,-0.235,0.091,0.874,1.142,0.511,0.142,0.699,-0.015,0.598,0.392,1.000,1.000
3273314,0.0406156,50.9528109850362,0.768,0.184,-0.581,-0.730,-0.607,-0.209,-0.235,0.091,0.874,1.142,0.511,0.142,0.699,-0.016,0.597,0.393,1.000,1.000
3273322,0.0439448,50.9967557834461,0.768,0.184,-0.581,-0.730,-0.607,-0.209,-0.235,0.091,0.874,1.142,0.512,0.143,0.700,-0.016,0.596,0.393,1.000,1.000
3273330,0.0412886,51.038044382818,0.768,0.184,-0.581,-0.730,-0.607,-0.209,-0.235,0.091,0.874,1.142,0.512,0.143,0.700,-0.015,0.596,0.393,1.000,1.000
3273340,0.0446511,51.0826954813674,0.768,0.184,-0.581,-0.730,-0.607,-0.209,-0.235,0.091,0.874,1.142,0.512,0.143,0.699,-0.014,0.597,0.393,1.000,1.000
3273350,0.0497162,51.132411682047,0.768,0.184,-0.581,-0.730,-0.607,-0.209,-0.235,0.091,0.874,1.141,0.513,0.143,0.699,-0.014,0.599,0.392,1.000,1.000
3273360,0.0484445,51.1808561803773,0.768,0.184,-0.581,-0.730,-0.607,-0.209,-0.235,0.091,0.874,1.141,0.513,0.142,0.699,-0.013,0.600,0.390,1.000,1.000
3273368,0.0472428,51.2280989820138,0.768,0.184,-0.581,-0.730,-0.607,-0.209,-0.235,0.091,0.874,1.141,0.512,0.142,0.699,-0.013,0.600,0.389,1.000,1.000
3273376,0.0396464,51.2677453802899,0.768,0.184,-0.581,-0.730,-0.607,-0.209,-0.235,0.091,0.874,1.141,0.510,0.142,0.700,-0.017,0.598,0.390,1.000,1.000
3273384,0.0427004,51.3104457790032,0.768,0.184,-0.581,-0.730,-0.607,-0.209,-0.235,0.091,0.874,1.140,0.511,0.143,0.700,-0.019,0.597,0.392,1.000,1.000
3273394,0.0429228,51.3533685775474,0.768,0.184,-0.581,-0.730,-0.607,-0.209,-0.235,0.091,0.874,1.141,0.511,0.143,0.699,-0.020,0.597,0.392,1.000,1.000
3273402,0.0482821,51.4016506792977,0.768,0.184,-0.581,-0.730,-0.607,-0.209,-0.235,0.091,0.874,1.141,0.511,0.144,0.699,-0.020,0.597,0.394,1.000,1.000
3273412,0.0380117,51.4396623792127,0.768,0.184,-0.581,-0.730,-0.607,-0.209,-0.235,0.091,0.874,1.142,0.511,0.145,0.700,-0.020,0.596,0.394,1.000,1.000
3273422,0.0486261,51.4882884779945,0.768,0.184,-0.581,-0.730,-0.607,-0.209,-0.235,0.091,0.874,1.140,0.513,0.145,0.702,-0.017,0.595,0.392,1.000,1.000
3273430,0.0473878,51.5356762791052,0.768,0.184,-0.581,-0.730,-0.607,-0.209,-0.235,0.091,0.874,1.139,0.513,0.144,0.704,-0.018,0.593,0.391,1.000,1.000
3273438,0.0436694,51.5793456779793,0.768,0.184,-0.581,-0.730,-0.607,-0.209,-0.235,0.091,0.874,1.140,0.513,0.143,0.704,-0.019,0.592,0.392,1.000,1.000
3273446,0.0415099,51.6208555782214,0.768,0.184,-0.581,-0.730,-0.607,-0.209,-0.235,0.091,0.874,1.144,0.513,0.144,0.701,-0.019,0.597,0.390,1.000,1.000
3273456,0.0442793,51.6651348778978,0.768,0.184,-0.581,-0.730,-0.607,-0.209,-0.235,0.091,0.874,1.146,0.515,0.144,0.698,-0.018,0.600,0.390,1.000,1.000
3273464,0.0435315,51.7086663777009,0.768,0.184,-0.581,-0.730,-0.607,-0.209,-0.235,0.091,0.874,1.148,0.516,0.144,0.697,-0.015,0.603,0.387,1.000,1.000
3273474,0.0474606,51.7561269784346,0.768,0.184,-0.581,-0.730,-0.607,-0.209,-0.235,0.091,0.874,1.150,0.515,0.144,0.698,-0.013,0.603,0.386,1.000,1.000
3273484,0.0485052,51.8046321766451,0.768,0.184,-0.581,-0.730,-0.607,-0.209,-0.235,0.091,0.874,1.148,0.514,0.143,0.700,-0.012,0.603,0.383,1.000,1.000
3273492,0.0398128,51.8444449761882,0.768,0.184,-0.581,-0.730,-0.607,-0.209,-0.235,0.091,0.874,1.149,0.514,0.143,0.700,-0.013,0.603,0.383,1.000,1.000
3273500,0.0428338,51.8872787775472,0.768,0.184,-0.581,-0.730,-0.607,-0.209,-0.235,0.091,0.874,1.149,0.514,0.143,0.699,-0.014,0.602,0.384,1.000,1.000
3273508,0.0437655,51.9310442777351,0.768,0.184,-0.581,-0.730,-0.607,-0.209,-0.235,0.091,0.874,1.149,0.512,0.143,0.699,-0.016,0.600,0.388,1.000,1.000
3273518,0.044129,51.9751732768491,0.768,0.184,-0.581,-0.730,-0.607,-0.209,-0.235,0.091,0.874,1.150,0.510,0.143,0.699,-0.017,0.599,0.391,1.000,1.000
3273528,0.0449467,52.0201199771836,0.768,0.184,-0.581,-0.730,-0.607,-0.209,-0.235,0.091,0.874,1.150,0.510,0.143,0.699,-0.018,0.599,0.391,1.000,1.000
3273536,0.0445391,52.0646590786055,0.768,0.184,-0.581,-0.730,-0.607,-0.209,-0.235,0.091,0.874,1.152,0.510,0.143,0.699,-0.017,0.600,0.388,1.000,1.000
3273546,0.0452907,52.1099497796968,0.768,0.184,-0.581,-0.730,-0.607,-0.209,-0.235,0.091,0.874,1.153,0.511,0.141,0.700,-0.015,0.602,0.383,1.000,1.000
3273554,0.045447,52.1553967790678,0.768,0.184,-0.581,-0.730,-0.607,-0.209,-0.235,0.091,0.874,1.151,0.508,0.141,0.701,-0.017,0.600,0.385,1.000,1.000
3273562,0.0401609,52.1955576809123,0.768,0.184,-0.581,-0.730,-0.607,-0.209,-0.235,0.091,0.874,1.151,0.506,0.140,0.702,-0.019,0.597,0.387,1.000,1.000
3273572,0.0463287,52.2418863819912,0.768,0.184,-0.581,-0.730,-0.607,-0.209,-0.235,0.091,0.874,1.153,0.507,0.140,0.701,-0.022,0.598,0.387,1.000,1.000
3273582,0.0484982,52.2903845803812,0.768,0.184,-0.581,-0.730,-0.607,-0.209,-0.235,0.091,0.874,1.156,0.510,0.137,0.700,-0.022,0.601,0.385,1.000,1.000
3273590,0.0455541,52.3359386818483,0.768,0.184,-0.581,-0.730,-0.607,-0.209,-0.235,0.091,0.874,1.158,0.510,0.135,0.697,-0.024,0.604,0.386,1.000,1.000
3273600,0.0431321,52.3790707821026,0.768,0.184,-0.581,-0.730,-0.607,-0.209,-0.235,0.091,0.874,1.156,0.510,0.134,0.697,-0.028,0.604,0.386,1.000,1.000
3273608,0.0444742,52.4235449815169,0.768,0.184,-0.581,-0.730,-0.607,-0.209,-0.235,0.091,0.874,1.155,0.509,0.136,0.697,-0.027,0.601,0.390,1.000,1.000
3273616,0.0540109,52.477555883117,0.768,0.184,-0.581,-0.730,-0.607,-0.209,-0.235,0.091,0.874,1.156,0.508,0.136,0.700,-0.028,0.598,0.389,1.000,1.000
3273626,0.0353462,52.512902081944,0.768,0.184,-0.581,-0.730,-0.607,-0.209,-0.235,0.091,0.874,1.155,0.508,0.136,0.702,-0.031,0.596,0.388,1.000,1.000
3273632,0.0430046,52.5559066804126,0.768,0.184,-0.581,-0.730,-0.607,-0.209,-0.235,0.091,0.874,1.153,0.507,0.137,0.702,-0.032,0.595,0.391,1.000,1.000
3273640,0.0356243,52.591530979611,0.768,0.184,-0.581,-0.730,-0.607,-0.209,-0.235,0.091,0.874,1.152,0.507,0.137,0.702,-0.032,0.593,0.392,1.000,1.000
3273646,0.0347877,52.6263186791912,0.768,0.184,-0.581,-0.730,-0.607,-0.209,-0.235,0.091,0.874,1.151,0.506,0.137,0.703,-0.034,0.592,0.394,1.000,1.000
3273652,0.0426267,52.6689453804865,0.768,0.184,-0.581,-0.730,-0.607,-0.209,-0.235,0.091,0.874,1.150,0.506,0.138,0.704,-0.036,0.590,0.394,1.000,1.000
3273658,0.029723,52.6986683802679,0.768,0.184,-0.581,-0.730,-0.607,-0.209,-0.235,0.091,0.874,1.149,0.506,0.139,0.704,-0.038,0.590,0.394,1.000,1.000
3273666,0.0153435,52.7140118805692,0.768,0.184,-0.581,-0.730,-0.607,-0.209,-0.235,0.091,0.874,1.148,0.504,0.140,0.702,-0.046,0.588,0.399,1.000,1.000
3273676,0.0695779,52.7835897831246,0.768,0.184,-0.581,-0.730,-0.607,-0.209,-0.235,0.091,0.874,1.148,0.503,0.141,0.702,-0.047,0.588,0.398,1.000,1.000
3273680,0.0402218,52.8238115822896,0.768,0.184,-0.581,-0.730,-0.607,-0.209,-0.235,0.091,0.874,1.150,0.502,0.141,0.704,-0.047,0.586,0.397,1.000,1.000
3273690,0.0053832,52.8291947823018,0.768,0.184,-0.581,-0.730,-0.607,-0.209,-0.235,0.091,0.874,1.152,0.501,0.142,0.705,-0.045,0.585,0.397,1.000,1.000
3273700,0.0670551,52.8962498810142,0.768,0.184,-0.581,-0.730,-0.607,-0.209,-0.235,0.091,0.874,1.151,0.500,0.143,0.709,-0.041,0.583,0.394,1.000,1.000
3273710,0.0349861,52.9312359821051,0.768,0.184,-0.581,-0.730,-0.607,-0.209,-0.235,0.091,0.874,1.147,0.493,0.144,0.712,-0.050,0.579,0.394,1.000,1.000
3273722,0.0558422,52.9870781805366,0.768,0.184,-0.581,-0.730,-0.607,-0.209,-0.235,0.091,0.874,1.148,0.491,0.147,0.712,-0.054,0.578,0.394,1.000,1.000
3273734,0.0587931,53.0458712819964,0.768,0.184,-0.581,-0.730,-0.607,-0.209,-0.235,0.091,0.874,1.146,0.487,0.151,0.713,-0.061,0.578,0.393,1.000,1.000
3273744,0.0549793,53.1008505802602,0.768,0.184,-0.581,-0.730,-0.607,-0.209,-0.235,0.091,0.874,1.143,0.479,0.158,0.712,-0.065,0.578,0.392,1.000,1.000
3273756,0.0554008,53.1562513802201,0.768,0.184,-0.581,-0.730,-0.607,-0.209,-0.235,0.091,0.874,1.133,0.471,0.161,0.714,-0.077,0.572,0.396,1.000,1.000
3273768,0.0576558,53.213907180354,0.768,0.184,-0.581,-0.730,-0.607,-0.209,-0.235,0.091,0.874,1.136,0.469,0.166,0.719,-0.077,0.565,0.396,1.000,1.000
3273776,0.0537172,53.267624380067,0.768,0.184,-0.581,-0.730,-0.607,-0.209,-0.235,0.091,0.874,1.139,0.472,0.166,0.722,-0.077,0.565,0.392,1.000,1.000
3273786,0.0467384,53.3143627811223,0.768,0.184,-0.581,-0.730,-0.607,-0.209,-0.235,0.091,0.874,1.141,0.469,0.165,0.720,-0.078,0.572,0.385,1.000,1.000
3273798,0.0524497,53.3668124806136,0.768,0.184,-0.581,-0.730,-0.607,-0.209,-0.235,0.091,0.874,1.142,0.468,0.166,0.716,-0.080,0.579,0.380,1.000,1.000
3273806,0.0482052,53.4150176811963,0.768,0.184,-0.581,-0.730,-0.607,-0.209,-0.235,0.091,0.874,1.147,0.466,0.170,0.710,-0.082,0.588,0.378,1.000,1.000
3273816,0.052375,53.4673926811665,0.768,0.184,-0.581,-0.730,-0.607,-0.209,-0.235,0.091,0.874,1.145,0.463,0.171,0.708,-0.080,0.592,0.376,1.000,1.000
3273826,0.0458295,53.5132221821696,0.768,0.184,-0.581,-0.730,-0.607,-0.209,-0.235,0.091,0.874,1.145,0.460,0.171,0.709,-0.081,0.594,0.372,1.000,1.000
3273834,0.0464773,53.5596994813532,0.768,0.184,-0.581,-0.730,-0.607,-0.209,-0.235,0.091,0.874,1.145,0.457,0.172,0.709,-0.084,0.594,0.370,1.000,1.000
3273844,0.0408804,53.6005798820406,0.768,0.184,-0.581,-0.730,-0.607,-0.209,-0.235,0.091,0.874,1.145,0.455,0.173,0.709,-0.086,0.594,0.369,1.000,1.000
3273852,0.0455056,53.6460854802281,0.768,0.184,-0.581,-0.730,-0.607,-0.209,-0.235,0.091,0.874,1.144,0.452,0.174,0.709,-0.090,0.594,0.369,1.000,1.000
3273862,0.0436445,53.6897299792618,0.768,0.184,-0.581,-0.730,-0.607,-0.209,-0.235,0.091,0.874,1.143,0.451,0.175,0.710,-0.091,0.594,0.367,1.000,1.000
3273870,0.0455279,53.7352578807622,0.768,0.184,-0.581,-0.730,-0.607,-0.209,-0.235,0.091,0.874,1.143,0.450,0.176,0.709,-0.092,0.595,0.368,1.000,1.000
3273878,0.0442956,53.779553482309,0.768,0.184,-0.581,-0.730,-0.607,-0.209,-0.235,0.091,0.874,1.141,0.448,0.178,0.708,-0.093,0.594,0.369,1.000,1.000
3273888,0.0481744,53.8277278821915,0.768,0.184,-0.581,-0.730,-0.607,-0.209,-0.235,0.091,0.874,1.140,0.447,0.178,0.709,-0.096,0.593,0.370,1.000,1.000
3273898,0.0412893,53.869017181918,0.768,0.184,-0.581,-0.730,-0.607,-0.209,-0.235,0.091,0.874,1.139,0.445,0.178,0.709,-0.099,0.592,0.370,1.000,1.000
3273904,0.0458878,53.9149049837142,0.768,0.184,-0.581,-0.730,-0.607,-0.209,-0.235,0.091,0.874,1.139,0.444,0.179,0.708,-0.101,0.593,0.371,1.000,1.000
3273914,0.0418679,53.956772884354,0.768,0.184,-0.581,-0.730,-0.607,-0.209,-0.235,0.091,0.874,1.139,0.442,0.179,0.707,-0.103,0.594,0.371,1.000,1.000
3273924,0.0458498,54.0026226844639,0.768,0.184,-0.581,-0.730,-0.607,-0.209,-0.235,0.091,0.874,1.139,0.441,0.180,0.707,-0.103,0.594,0.371,1.000,1.000
3273932,0.0424904,54.0451130848378,0.768,0.184,-0.581,-0.730,-0.607,-0.209,-0.235,0.091,0.874,1.138,0.438,0.180,0.706,-0.105,0.592,0.374,1.000,1.000
3273942,0.0433987,54.0885117854923,0.768,0.184,-0.581,-0.730,-0.607,-0.209,-0.235,0.091,0.874,1.139,0.435,0.180,0.706,-0.107,0.591,0.374,1.000,1.000
3273950,0.0458518,54.1343635860831,0.768,0.184,-0.581,-0.730,-0.607,-0.209,-0.235,0.091,0.874,1.141,0.432,0.182,0.707,-0.107,0.591,0.373,1.000,1.000
3273958,0.0460878,54.1804513875395,0.768,0.184,-0.581,-0.730,-0.607,-0.209,-0.235,0.091,0.874,1.142,0.429,0.181,0.710,-0.107,0.590,0.369,1.000,1.000
3273968,0.0454117,54.2258630860597,0.768,0.184,-0.581,-0.730,-0.607,-0.209,-0.235,0.091,0.874,1.144,0.425,0.181,0.712,-0.109,0.589,0.367,1.000,1.000
3273978,0.0405018,54.2663648854941,0.768,0.184,-0.581,-0.730,-0.607,-0.209,-0.235,0.091,0.874,1.144,0.422,0.181,0.716,-0.109,0.585,0.365,1.000,1.000
3273986,0.0484625,54.3148273844272,0.768,0.184,-0.581,-0.730,-0.607,-0.209,-0.235,0.091,0.874,1.145,0.417,0.181,0.717,-0.115,0.581,0.368,1.000,1.000
3273994,0.0424388,54.3572661858052,0.768,0.184,-0.581,-0.730,-0.607,-0.209,-0.235,0.091,0.874,1.145,0.414,0.181,0.718,-0.116,0.580,0.367,1.000,1.000
3274004,0.0435839,54.4008500855416,0.768,0.184,-0.581,-0.730,-0.607,-0.209,-0.235,0.091,0.874,1.144,0.411,0.181,0.720,-0.119,0.578,0.366,1.000,1.000
3274012,0.0455499,54.4463999848813,0.768,0.184,-0.581,-0.730,-0.607,-0.209,-0.235,0.091,0.874,1.142,0.409,0.180,0.722,-0.123,0.574,0.367,1.000,1.000
3274020,0.0476199,54.4940198864788,0.768,0.184,-0.581,-0.730,-0.607,-0.209,-0.235,0.091,0.874,1.138,0.407,0.182,0.722,-0.130,0.569,0.372,1.000,1.000
3274030,0.0383151,54.5323349852115,0.768,0.184,-0.581,-0.730,-0.607,-0.209,-0.235,0.091,0.874,1.138,0.406,0.183,0.720,-0.137,0.567,0.375,1.000,1.000
3274040,0.0512636,54.5835985857993,0.768,0.184,-0.581,-0.730,-0.607,-0.209,-0.235,0.091,0.874,1.137,0.404,0.185,0.719,-0.140,0.567,0.377,1.000,1.000
3274048,0.04122,54.6248185839504,0.768,0.184,-0.581,-0.730,-0.607,-0.209,-0.235,0.091,0.874,1.137,0.401,0.185,0.719,-0.141,0.569,0.373,1.000,1.000
3274056,0.0415856,54.6664041820914,0.768,0.184,-0.581,-0.730,-0.607,-0.209,-0.235,0.091,0.874,1.135,0.399,0.185,0.719,-0.143,0.569,0.372,1.000,1.000
3274066,0.047463,54.7138671819121,0.768,0.184,-0.581,-0.730,-0.607,-0.209,-0.235,0.091,0.874,1.135,0.398,0.185,0.720,-0.142,0.569,0.371,1.000,1.000
3274074,0.0418819,54.7557490821928,0.768,0.184,-0.581,-0.730,-0.607,-0.209,-0.235,0.091,0.874,1.135,0.396,0.186,0.722,-0.141,0.569,0.367,1.000,1.000
3274082,0.0455741,54.8013231810182,0.768,0.184,-0.581,-0.730,-0.607,-0.209,-0.235,0.091,0.874,1.139,0.394,0.186,0.722,-0.141,0.571,0.363,1.000,1.000
3274092,0.0443003,54.8456234801561,0.768,0.184,-0.581,-0.730,-0.607,-0.209,-0.235,0.091,0.874,1.143,0.393,0.187,0.723,-0.138,0.575,0.357,1.000,1.000
3274100,0.0493732,54.8949966784567,0.768,0.184,-0.581,-0.730,-0.607,-0.209,-0.235,0.091,0.874,1.145,0.390,0.187,0.724,-0.137,0.575,0.354,1.000,1.000
3274110,0.0377604,54.9327570777386,0.768,0.184,-0.581,-0.730,-0.607,-0.209,-0.235,0.091,0.874,1.144,0.387,0.188,0.729,-0.135,0.572,0.352,1.000,1.000
3274118,0.0459937,54.9787507783622,0.768,0.184,-0.581,-0.730,-0.607,-0.209,-0.235,0.091,0.874,1.144,0.383,0.188,0.734,-0.135,0.567,0.349,1.000,1.000
3274128,0.0454993,55.0242500770837,0.768,0.184,-0.581,-0.730,-0.607,-0.209,-0.235,0.091,0.874,1.142,0.379,0.188,0.740,-0.138,0.559,0.349,1.000,1.000
3274136,0.0436779,55.0679279770702,0.768,0.184,-0.581,-0.730,-0.607,-0.209,-0.235,0.091,0.874,1.140,0.377,0.188,0.743,-0.143,0.552,0.351,1.000,1.000
3274144,0.0444335,55.112361477688,0.768,0.184,-0.581,-0.730,-0.607,-0.209,-0.235,0.091,0.874,1.140,0.375,0.189,0.744,-0.150,0.549,0.349,1.000,1.000
3274154,0.0455614,55.1579228769988,0.768,0.184,-0.581,-0.730,-0.607,-0.209,-0.235,0.091,0.874,1.138,0.374,0.189,0.745,-0.158,0.549,0.345,1.000,1.000
3274164,0.0440984,55.2020212765783,0.768,0.184,-0.581,-0.730,-0.607,-0.209,-0.235,0.091,0.874,1.138,0.372,0.192,0.747,-0.158,0.548,0.343,1.000,1.000
3274172,0.0421135,55.2441347781569,0.768,0.184,-0.581,-0.730,-0.607,-0.209,-0.235,0.091,0.874,1.138,0.371,0.193,0.749,-0.157,0.548,0.339,1.000,1.000
3274182,0.0472462,55.2913809772581,0.768,0.184,-0.581,-0.730,-0.607,-0.209,-0.235,0.091,0.874,1.139,0.371,0.195,0.750,-0.156,0.549,0.334,1.000,1.000
3274190,0.0450037,55.3363846782595,0.768,0.184,-0.581,-0.730,-0.607,-0.209,-0.235,0.091,0.874,1.138,0.371,0.196,0.751,-0.154,0.550,0.331,1.000,1.000
3274198,0.0451214,55.3815060798079,0.768,0.184,-0.581,-0.730,-0.607,-0.209,-0.235,0.091,0.874,1.137,0.371,0.197,0.752,-0.155,0.549,0.331,1.000,1.000
3274208,0.0420789,55.4235849808902,0.768,0.184,-0.581,-0.730,-0.607,-0.209,-0.235,0.091,0.874,1.136,0.370,0.198,0.752,-0.153,0.550,0.330,1.000,1.000
3274216,0.0451009,55.468685882166,0.768,0.184,-0.581,-0.730,-0.607,-0.209,-0.235,0.091,0.874,1.135,0.369,0.198,0.752,-0.156,0.547,0.333,1.000,1.000
3274226,0.0431245,55.5118103828281,0.768,0.184,-0.581,-0.730,-0.607,-0.209,-0.235,0.091,0.874,1.132,0.367,0.200,0.753,-0.157,0.545,0.335,1.000,1.000
3274234,0.0441878,55.5559981819242,0.768,0.184,-0.581,-0.730,-0.607,-0.209,-0.235,0.091,0.874,1.126,0.365,0.201,0.753,-0.161,0.543,0.336,1.000,1.000
3274244,0.0441368,55.6001349817961,0.768,0.184,-0.581,-0.730,-0.607,-0.209,-0.235,0.091,0.874,1.122,0.363,0.203,0.756,-0.161,0.534,0.341,1.000,1.000
3274250,0.0445479,55.6446828823537,0.768,0.184,-0.581,-0.730,-0.607,-0.209,-0.235,0.091,0.874,1.115,0.361,0.205,0.761,-0.162,0.527,0.341,1.000,1.000
3274260,0.0387043,55.6833871807903,0.768,0.184,-0.581,-0.730,-0.607,-0.209,-0.235,0.091,0.874,1.109,0.360,0.207,0.764,-0.164,0.522,0.343,1.000,1.000
3274268,0.0480919,55.7314790803939,0.768,0.184,-0.581,-0.730,-0.607,-0.209,-0.235,0.091,0.874,1.105,0.358,0.207,0.764,-0.169,0.519,0.345,1.000,1.000
3274278,0.0364939,55.7679729815573,0.768,0.184,-0.581,-0.730,-0.607,-0.209,-0.235,0.091,0.874,1.104,0.356,0.208,0.764,-0.172,0.521,0.339,1.000,1.000
3274286,0.0471619,55.8151348810643,0.768,0.184,-0.581,-0.730,-0.607,-0.209,-0.235,0.091,0.874,1.102,0.356,0.209,0.764,-0.173,0.523,0.337,1.000,1.000
3274296,0.0491959,55.8643307816237,0.768,0.184,-0.581,-0.730,-0.607,-0.209,-0.235,0.091,0.874,1.101,0.356,0.209,0.763,-0.175,0.525,0.335,1.000,1.000
3274306,0.0447859,55.9091166798025,0.768,0.184,-0.581,-0.730,-0.607,-0.209,-0.235,0.091,0.874,1.101,0.354,0.210,0.762,-0.176,0.525,0.335,1.000,1.000
3274314,0.0474859,55.9566025789827,0.768,0.184,-0.581,-0.730,-0.607,-0.209,-0.235,0.091,0.874,1.100,0.354,0.207,0.759,-0.181,0.530,0.332,1.000,1.000
3274324,0.041653,55.998255578801,0.768,0.184,-0.581,-0.730,-0.607,-0.209,-0.235,0.091,0.874,1.099,0.353,0.210,0.762,-0.179,0.527,0.333,1.000,1.000
3274332,0.0484702,56.0467257779092,0.768,0.184,-0.581,-0.730,-0.607,-0.209,-0.235,0.091,0.874,1.099,0.351,0.209,0.763,-0.181,0.525,0.331,1.000,1.000
3274340,0.0438877,56.0906134787947,0.768,0.184,-0.581,-0.730,-0.607,-0.209,-0.235,0.091,0.874,1.097,0.351,0.209,0.764,-0.182,0.521,0.334,1.000,1.000
3274348,0.0492438,56.1398572791368,0.768,0.184,-0.581,-0.730,-0.607,-0.209,-0.235,0.091,0.874,1.097,0.350,0.210,0.765,-0.182,0.520,0.333,1.000,1.000
3274358,0.0375655,56.1774227786809,0.768,0.184,-0.581,-0.730,-0.607,-0.209,-0.235,0.091,0.874,1.095,0.350,0.210,0.764,-0.184,0.520,0.335,1.000,1.000
3274362,0.0451129,56.2225356791168,0.768,0.184,-0.581,-0.730,-0.607,-0.209,-0.235,0.091,0.874,1.095,0.350,0.210,0.764,-0.185,0.520,0.335,1.000,1.000
3274370,0.0166543,56.239189978689,0.768,0.184,-0.581,-0.730,-0.607,-0.209,-0.235,0.091,0.874,1.095,0.350,0.210,0.764,-0.186,0.519,0.336,1.000,1.000
3274380,0.0447437,56.2839336805046,0.768,0.184,-0.581,-0.730,-0.607,-0.209,-0.235,0.091,0.874,1.094,0.351,0.210,0.766,-0.183,0.519,0.331,1.000,1.000
3274388,0.0437364,56.3276700787246,0.768,0.184,-0.581,-0.730,-0.607,-0.209,-0.235,0.091,0.874,1.093,0.350,0.209,0.768,-0.184,0.517,0.331,1.000,1.000
3274396,0.0436533,56.371323376894,0.768,0.184,-0.581,-0.730,-0.607,-0.209,-0.235,0.091,0.874,1.093,0.350,0.208,0.767,-0.187,0.515,0.333,1.000,1.000
3274404,0.0416942,56.413017578423,0.768,0.184,-0.581,-0.730,-0.607,-0.209,-0.235,0.091,0.874,1.094,0.350,0.208,0.766,-0.189,0.515,0.335,1.000,1.000
3274414,0.0342368,56.4472543783486,0.768,0.184,-0.581,-0.730,-0.607,-0.209,-0.235,0.091,0.874,1.098,0.352,0.205,0.775,-0.174,0.514,0.324,1.000,1.000
3274422,0.0556377,56.5028920769691,0.768,0.184,-0.581,-0.730,-0.607,-0.209,-0.235,0.091,0.874,1.094,0.351,0.205,0.764,-0.191,0.517,0.333,1.000,1.000
3274432,0.0408554,56.5437474772334,0.768,0.184,-0.581,-0.730,-0.607,-0.209,-0.235,0.091,0.874,1.094,0.351,0.204,0.763,-0.193,0.517,0.335,1.000,1.000
3274440,0.04565,56.5893974788487,0.768,0.184,-0.581,-0.730,-0.607,-0.209,-0.235,0.091,0.874,1.091,0.352,0.203,0.767,-0.192,0.511,0.338,1.000,1.000
3274450,0.0462142,56.635611679405,0.768,0.184,-0.581,-0.730,-0.607,-0.209,-0.235,0.091,0.874,1.090,0.352,0.200,0.764,-0.193,0.514,0.339,1.000,1.000
3274460,0.0446795,56.6802911795676,0.768,0.184,-0.581,-0.730,-0.607,-0.209,-0.235,0.091,0.874,1.088,0.352,0.197,0.762,-0.193,0.517,0.340,1.000,1.000
3274468,0.0446541,56.7249452807009,0.768,0.184,-0.581,-0.730,-0.607,-0.209,-0.235,0.091,0.874,1.088,0.351,0.197,0.760,-0.194,0.517,0.342,1.000,1.000
3274476,0.0457069,56.7706521824002,0.768,0.184,-0.581,-0.730,-0.607,-0.209,-0.235,0.091,0.874,1.089,0.351,0.195,0.762,-0.192,0.516,0.341,1.000,1.000
3274488,0.0430085,56.8136606812477,0.768,0.184,-0.581,-0.730,-0.607,-0.209,-0.235,0.091,0.874,1.087,0.349,0.194,0.758,-0.197,0.519,0.343,1.000,1.000
3274496,0.0583663,56.8720269799232,0.768,0.184,-0.581,-0.730,-0.607,-0.209,-0.235,0.091,0.874,1.088,0.350,0.194,0.761,-0.196,0.517,0.339,1.000,1.000
3274504,0.0448635,56.9168904796243,0.768,0.184,-0.581,-0.730,-0.607,-0.209,-0.235,0.091,0.874,1.087,0.349,0.193,0.759,-0.198,0.520,0.339,1.000,1.000
3274514,0.0376048,56.9544952809811,0.768,0.184,-0.581,-0.730,-0.607,-0.209,-0.235,0.091,0.874,1.086,0.349,0.190,0.761,-0.196,0.519,0.336,1.000,1.000
3274524,0.046341,57.0008362792432,0.768,0.184,-0.581,-0.730,-0.607,-0.209,-0.235,0.091,0.874,1.086,0.346,0.189,0.760,-0.196,0.521,0.335,1.000,1.000
3274530,0.0432465,57.0440827794373,0.768,0.184,-0.581,-0.730,-0.607,-0.209,-0.235,0.091,0.874,1.084,0.345,0.184,0.761,-0.197,0.520,0.335,1.000,1.000
3274540,0.0382274,57.0823101811111,0.768,0.184,-0.581,-0.730,-0.607,-0.209,-0.235,0.091,0.874,1.082,0.345,0.179,0.760,-0.197,0.521,0.334,1.000,1.000
3274550,0.0534511,57.1357612796128,0.768,0.184,-0.581,-0.730,-0.607,-0.209,-0.235,0.091,0.874,1.077,0.347,0.172,0.763,-0.197,0.519,0.332,1.000,1.000
3274558,0.0427849,57.178546179086,0.768,0.184,-0.581,-0.730,-0.607,-0.209,-0.235,0.091,0.874,1.074,0.348,0.166,0.764,-0.195,0.518,0.331,1.000,1.000
3274568,0.0440726,57.2226187773049,0.768,0.184,-0.581,-0.730,-0.607,-0.209,-0.235,0.091,0.874,1.071,0.349,0.160,0.762,-0.198,0.518,0.336,1.000,1.000
3274576,0.0485509,57.2711696773767,0.768,0.184,-0.581,-0.730,-0.607,-0.209,-0.235,0.091,0.874,1.069,0.349,0.155,0.758,-0.208,0.514,0.345,1.000,1.000
3274584,0.0332693,57.3044389784336,0.768,0.184,-0.581,-0.730,-0.607,-0.209,-0.235,0.091,0.874,1.068,0.350,0.153,0.756,-0.210,0.513,0.348,1.000,1.000
3274594,0.049063,57.3535019792616,0.768,0.184,-0.581,-0.730,-0.607,-0.209,-0.235,0.091,0.874,1.066,0.350,0.151,0.755,-0.213,0.513,0.350,1.000,1.000
3274604,0.0491188,57.4026207774878,0.768,0.184,-0.581,-0.730,-0.607,-0.209,-0.235,0.091,0.874,1.067,0.353,0.149,0.754,-0.213,0.512,0.353,1.000,1.000
3274612,0.0437185,57.4463392756879,0.768,0.184,-0.581,-0.730,-0.607,-0.209,-0.235,0.091,0.874,1.065,0.356,0.147,0.753,-0.211,0.514,0.353,1.000,1.000
3274620,0.0433468,57.489686075598,0.768,0.184,-0.581,-0.730,-0.607,-0.209,-0.235,0.091,0.874,1.065,0.358,0.144,0.750,-0.212,0.516,0.355,1.000,1.000
3274628,0.0460526,57.5357386767864,0.768,0.184,-0.581,-0.730,-0.607,-0.209,-0.235,0.091,0.874,1.066,0.359,0.144,0.746,-0.213,0.520,0.358,1.000,1.000
3274638,0.0422703,57.5780089758337,0.768,0.184,-0.581,-0.730,-0.607,-0.209,-0.235,0.091,0.874,1.067,0.360,0.144,0.744,-0.211,0.523,0.359,1.000,1.000
3274648,0.0451586,57.6231675744057,0.768,0.184,-0.581,-0.730,-0.607,-0.209,-0.235,0.091,0.874,1.067,0.362,0.144,0.743,-0.208,0.525,0.360,1.000,1.000
3274656,0.0478216,57.6709891743958,0.768,0.184,-0.581,-0.730,-0.607,-0.209,-0.235,0.091,0.874,1.068,0.362,0.143,0.745,-0.204,0.523,0.361,1.000,1.000
3274666,0.0383595,57.7093486748636,0.768,0.184,-0.581,-0.730,-0.607,-0.209,-0.235,0.091,0.874,1.068,0.362,0.143,0.742,-0.205,0.524,0.364,1.000,1.000
3274674,0.0491057,57.758454374969,0.768,0.184,-0.581,-0.730,-0.607,-0.209,-0.235,0.091,0.874,1.068,0.362,0.142,0.742,-0.206,0.522,0.366,1.000,1.000
3274684,0.0440018,57.8024561740458,0.768,0.184,-0.581,-0.730,-0.607,-0.209,-0.235,0.091,0.874,1.071,0.361,0.142,0.740,-0.205,0.527,0.364,1.000,1.000
3274692,0.04435,57.8468061722815,0.768,0.184,-0.581,-0.730,-0.607,-0.209,-0.235,0.091,0.874,1.071,0.360,0.143,0.740,-0.204,0.529,0.363,1.000,1.000
3274700,0.0413705,57.8881766721606,0.768,0.184,-0.581,-0.730,-0.607,-0.209,-0.235,0.091,0.874,1.071,0.359,0.142,0.740,-0.205,0.529,0.363,1.000,1.000
3274708,0.0435912,57.931767873466,0.768,0.184,-0.581,-0.730,-0.607,-0.209,-0.235,0.091,0.874,1.072,0.360,0.142,0.740,-0.205,0.529,0.361,1.000,1.000
3274718,0.0466141,57.97838197276,0.768,0.184,-0.581,-0.730,-0.607,-0.209,-0.235,0.091,0.874,1.072,0.360,0.142,0.741,-0.205,0.530,0.359,1.000,1.000
3274728,0.0418951,58.0202770717442,0.768,0.184,-0.581,-0.730,-0.607,-0.209,-0.235,0.091,0.874,1.072,0.360,0.142,0.741,-0.204,0.529,0.360,1.000,1.000
3274736,0.0464666,58.0667436718941,0.768,0.184,-0.581,-0.730,-0.607,-0.209,-0.235,0.091,0.874,1.071,0.360,0.142,0.741,-0.205,0.529,0.360,1.000,1.000
3274744,0.0385804,58.1053240709007,0.768,0.184,-0.581,-0.730,-0.607,-0.209,-0.235,0.091,0.874,1.071,0.360,0.142,0.741,-0.205,0.528,0.362,1.000,1.000
3274754,0.0507554,58.1560794711113,0.768,0.184,-0.581,-0.730,-0.607,-0.209,-0.235,0.091,0.874,1.070,0.360,0.142,0.741,-0.204,0.527,0.363,1.000,1.000
3274762,0.0466776,58.2027570717037,0.768,0.184,-0.581,-0.730,-0.607,-0.209,-0.235,0.091,0.874,1.069,0.360,0.142,0.741,-0.204,0.527,0.363,1.000,1.000
3274772,0.0407723,58.2435293719172,0.768,0.184,-0.581,-0.730,-0.607,-0.209,-0.235,0.091,0.874,1.069,0.359,0.141,0.741,-0.204,0.527,0.362,1.000,1.000
3274782,0.0483133,58.2918426729739,0.768,0.184,-0.581,-0.730,-0.607,-0.209,-0.235,0.091,0.874,1.068,0.359,0.141,0.742,-0.205,0.526,0.362,1.000,1.000
3274790,0.0453248,58.3371674716473,0.768,0.184,-0.581,-0.730,-0.607,-0.209,-0.235,0.091,0.874,1.067,0.358,0.140,0.742,-0.207,0.525,0.363,1.000,1.000
3274798,0.0441644,58.381331872195,0.768,0.184,-0.581,-0.730,-0.607,-0.209,-0.235,0.091,0.874,1.067,0.353,0.139,0.742,-0.209,0.522,0.366,1.000,1.000
3274808,0.0431335,58.4244653731585,0.768,0.184,-0.581,-0.730,-0.607,-0.209,-0.235,0.091,0.874,1.065,0.351,0.139,0.743,-0.210,0.520,0.366,1.000,1.000
3274816,0.0428778,58.4673431739211,0.768,0.184,-0.581,-0.730,-0.607,-0.209,-0.235,0.091,0.874,1.065,0.349,0.139,0.744,-0.211,0.519,0.365,1.000,1.000
3274826,0.0467873,58.5141304731369,0.768,0.184,-0.581,-0.730,-0.607,-0.209,-0.235,0.091,0.874,1.064,0.347,0.137,0.744,-0.213,0.518,0.363,1.000,1.000
3274834,0.0429401,58.5570705719292,0.768,0.184,-0.581,-0.730,-0.607,-0.209,-0.235,0.091,0.874,1.063,0.345,0.136,0.746,-0.215,0.517,0.361,1.000,1.000
3274842,0.0432175,58.6002880707383,0.768,0.184,-0.581,-0.730,-0.607,-0.209,-0.235,0.091,0.874,1.063,0.344,0.136,0.746,-0.216,0.517,0.360,1.000,1.000
3274850,0.0429944,58.643282469362,0.768,0.184,-0.581,-0.730,-0.607,-0.209,-0.235,0.091,0.874,1.063,0.343,0.136,0.746,-0.217,0.517,0.359,1.000,1.000
3274860,0.0433711,58.6866535693407,0.768,0.184,-0.581,-0.730,-0.607,-0.209,-0.235,0.091,0.874,1.063,0.342,0.136,0.745,-0.216,0.519,0.358,1.000,1.000
3274870,0.0461224,58.7327759675682,0.768,0.184,-0.581,-0.730,-0.607,-0.209,-0.235,0.091,0.874,1.064,0.341,0.136,0.746,-0.216,0.519,0.357,1.000,1.000
3274878,0.0422113,58.7749872691929,0.768,0.184,-0.581,-0.730,-0.607,-0.209,-0.235,0.091,0.874,1.064,0.341,0.135,0.749,-0.215,0.516,0.355,1.000,1.000
3274888,0.0497618,58.8247490674257,0.768,0.184,-0.581,-0.730,-0.607,-0.209,-0.235,0.091,0.874,1.064,0.340,0.135,0.750,-0.216,0.513,0.357,1.000,1.000
3274896,0.0412658,58.866014868021,0.768,0.184,-0.581,-0.730,-0.607,-0.209,-0.235,0.091,0.874,1.064,0.341,0.136,0.751,-0.216,0.511,0.358,1.000,1.000
3274904,0.0460123,58.912027169019,0.768,0.184,-0.581,-0.730,-0.607,-0.209,-0.235,0.091,0.874,1.064,0.341,0.135,0.752,-0.219,0.502,0.366,1.000,1.000
3274912,0.0408267,58.9528538696468,0.768,0.184,-0.581,-0.730,-0.607,-0.209,-0.235,0.091,0.874,1.063,0.339,0.134,0.756,-0.228,0.492,0.366,1.000,1.000
3274922,0.0452526,58.9981064684689,0.768,0.184,-0.581,-0.730,-0.607,-0.209,-0.235,0.091,0.874,1.062,0.338,0.136,0.759,-0.243,0.480,0.368,0.570,0.501
3274932,0.050372,59.0484784692526,0.768,0.184,-0.581,-0.730,-0.607,-0.209,-0.235,0.091,0.874,1.064,0.339,0.135,0.756,-0.256,0.469,0.378,0.293,0.170
3274940,0.0483503,59.0968287698925,0.768,0.184,-0.581,-0.730,-0.607,-0.209,-0.235,0.091,0.874,1.064,0.340,0.134,0.755,-0.263,0.461,0.384,0.218,0.080
3274950,0.0385777,59.1354064680636,0.768,0.184,-0.581,-0.730,-0.607,-0.209,-0.235,0.091,0.874,1.064,0.341,0.134,0.754,-0.268,0.457,0.389,0.229,0.000
3274958,0.0432064,59.1786128692329,0.768,0.184,-0.581,-0.730,-0.607,-0.209,-0.235,0.091,0.874,1.064,0.342,0.134,0.753,-0.269,0.456,0.389,0.240,0.000
3274966,0.0364286,59.2150414697826,0.768,0.184,-0.581,-0.730,-0.607,-0.209,-0.235,0.091,0.874,1.064,0.343,0.134,0.752,-0.271,0.456,0.391,0.238,0.000
3274974,0.0489156,59.2639570683241,0.768,0.184,-0.581,-0.730,-0.607,-0.209,-0.235,0.091,0.874,1.065,0.343,0.134,0.752,-0.271,0.456,0.391,0.234,0.000
3274984,0.0385413,59.3024983666837,0.768,0.184,-0.581,-0.730,-0.607,-0.209,-0.235,0.091,0.874,1.065,0.343,0.134,0.752,-0.271,0.455,0.391,0.267,0.000
3274992,0.0432556,59.345753967762,0.768,0.184,-0.581,-0.730,-0.607,-0.209,-0.235,0.091,0.874,1.066,0.344,0.136,0.753,-0.272,0.454,0.392,0.236,0.000
3275000,0.0457385,59.3914924673736,0.768,0.184,-0.581,-0.730,-0.607,-0.209,-0.235,0.091,0.874,1.067,0.343,0.134,0.751,-0.272,0.454,0.394,0.438,0.000
3275010,0.0433075,59.4347999691963,0.768,0.184,-0.581,-0.730,-0.607,-0.209,-0.235,0.091,0.874,1.066,0.343,0.134,0.752,-0.272,0.454,0.393,0.280,0.000
3275018,0.0456319,59.480431869626,0.768,0.184,-0.581,-0.730,-0.607,-0.209,-0.235,0.091,0.874,1.066,0.343,0.135,0.752,-0.270,0.456,0.392,0.238,0.000
3275028,0.0453409,59.5257727690041,0.768,0.184,-0.581,-0.730,-0.607,-0.209,-0.235,0.091,0.874,1.066,0.342,0.135,0.752,-0.271,0.454,0.393,0.291,0.000
3275038,0.0438264,59.5695991702378,0.768,0.184,-0.581,-0.730,-0.607,-0.209,-0.235,0.091,0.874,1.066,0.342,0.135,0.752,-0.271,0.454,0.393,0.262,0.000
3275048,0.0494005,59.618999671191,0.768,0.184,-0.581,-0.730,-0.607,-0.209,-0.235,0.091,0.874,1.065,0.341,0.135,0.752,-0.274,0.453,0.393,0.307,0.000
3275056,0.0511922,59.670191872865,0.768,0.184,-0.581,-0.730,-0.607,-0.209,-0.235,0.091,0.874,1.065,0.341,0.135,0.753,-0.275,0.452,0.392,0.265,0.000
3275064,0.0405309,59.7107227742672,0.768,0.184,-0.581,-0.730,-0.607,-0.209,-0.235,0.091,0.874,1.064,0.342,0.136,0.752,-0.276,0.452,0.392,0.365,0.000
3275074,0.0455973,59.7563200742006,0.768,0.184,-0.581,-0.730,-0.607,-0.209,-0.235,0.091,0.874,1.062,0.341,0.135,0.753,-0.277,0.452,0.390,0.391,0.000
3275082,0.0464191,59.8027391731739,0.768,0.184,-0.581,-0.730,-0.607,-0.209,-0.235,0.091,0.874,1.064,0.339,0.137,0.754,-0.278,0.447,0.392,0.385,0.000
3275092,0.0430524,59.8457915745676,0.768,0.184,-0.581,-0.730,-0.607,-0.209,-0.235,0.091,0.874,1.062,0.339,0.136,0.754,-0.281,0.446,0.391,0.416,0.000
3275102,0.0423661,59.8881576731801,0.768,0.184,-0.581,-0.730,-0.607,-0.209,-0.235,0.091,0.874,1.064,0.340,0.138,0.757,-0.281,0.442,0.392,0.387,0.000
3275108,0.0509998,59.939157474786,0.768,0.184,-0.581,-0.730,-0.607,-0.209,-0.235,0.091,0.874,1.063,0.340,0.137,0.758,-0.281,0.441,0.391,0.369,0.000
3275116,0.0372165,59.9763739742339,0.768,0.184,-0.581,-0.730,-0.607,-0.209,-0.235,0.091,0.874,1.062,0.339,0.139,0.758,-0.282,0.441,0.389,0.395,0.000
3275122,0.0373574,60.0137313753366,0.768,0.184,-0.581,-0.730,-0.607,-0.209,-0.235,0.091,0.874,1.063,0.339,0.139,0.759,-0.282,0.440,0.389,0.363,0.000
3275126,0.0217654,60.0354967750609,0.768,0.184,-0.581,-0.730,-0.607,-0.209,-0.235,0.091,0.874,1.063,0.339,0.139,0.759,-0.282,0.439,0.389,0.369,0.000
3275134,0.0264928,60.0619895756245,0.768,0.184,-0.581,-0.730,-0.607,-0.209,-0.235,0.091,0.874,1.061,0.339,0.139,0.757,-0.282,0.445,0.386,0.372,0.000
3275142,0.0480232,60.1100127771497,0.768,0.184,-0.581,-0.730,-0.607,-0.209,-0.235,0.091,0.874,1.063,0.340,0.140,0.758,-0.283,0.441,0.389,0.326,0.000
3275152,0.0461698,60.1561825759709,0.768,0.184,-0.581,-0.730,-0.607,-0.209,-0.235,0.091,0.874,1.061,0.341,0.140,0.759,-0.282,0.440,0.389,0.371,0.000
3275156,0.0420797,60.1982622742653,0.768,0.184,-0.581,-0.730,-0.607,-0.209,-0.235,0.091,0.874,1.061,0.340,0.140,0.757,-0.282,0.442,0.390,0.336,0.000
3275166,0.0233699,60.2216321751475,0.768,0.184,-0.581,-0.730,-0.607,-0.209,-0.235,0.091,0.874,1.062,0.340,0.141,0.757,-0.281,0.442,0.390,0.349,0.000
3275176,0.0576753,60.2793074734509,0.768,0.184,-0.581,-0.730,-0.607,-0.209,-0.235,0.091,0.874,1.062,0.342,0.141,0.757,-0.279,0.444,0.390,0.402,0.000
3275184,0.0347548,60.3140622749925,0.768,0.184,-0.581,-0.730,-0.607,-0.209,-0.235,0.091,0.874,1.061,0.340,0.142,0.757,-0.279,0.445,0.390,0.473,0.000
3275194,0.0419305,60.3559927754104,0.768,0.184,-0.581,-0.730,-0.607,-0.209,-0.235,0.091,0.874,1.059,0.341,0.142,0.757,-0.278,0.442,0.391,0.478,0.000
3275202,0.0447331,60.4007258750498,0.768,0.184,-0.581,-0.730,-0.607,-0.209,-0.235,0.091,0.874,1.060,0.339,0.143,0.757,-0.278,0.446,0.389,0.530,0.000
3275212,0.0468822,60.447608076036,0.768,0.184,-0.581,-0.730,-0.607,-0.209,-0.235,0.091,0.874,1.060,0.338,0.142,0.757,-0.279,0.445,0.390,0.475,0.000
3275220,0.0395333,60.4871413744986,0.768,0.184,-0.581,-0.730,-0.607,-0.209,-0.235,0.091,0.874,1.061,0.337,0.142,0.759,-0.276,0.445,0.387,0.451,0.000
3275230,0.0463507,60.5334920734167,0.768,0.184,-0.581,-0.730,-0.607,-0.209,-0.235,0.091,0.874,1.060,0.339,0.142,0.759,-0.276,0.446,0.387,0.480,0.000
3275238,0.0449957,60.5784877724946,0.768,0.184,-0.581,-0.730,-0.607,-0.209,-0.235,0.091,0.874,1.059,0.340,0.144,0.758,-0.273,0.450,0.385,0.494,0.000
3275250,0.047911,60.6263987720013,0.768,0.184,-0.581,-0.730,-0.607,-0.209,-0.235,0.091,0.874,1.060,0.339,0.144,0.757,-0.274,0.448,0.389,0.421,0.000
3275258,0.0507198,60.6771185733378,0.768,0.184,-0.581,-0.730,-0.607,-0.209,-0.235,0.091,0.874,1.060,0.339,0.144,0.757,-0.274,0.448,0.388,0.440,0.000
3275266,0.0473191,60.7244376726449,0.768,0.184,-0.581,-0.730,-0.607,-0.209,-0.235,0.091,0.874,1.060,0.340,0.144,0.758,-0.272,0.447,0.389,0.412,0.000
3275278,0.0417124,60.766150072217,0.768,0.184,-0.581,-0.730,-0.607,-0.209,-0.235,0.091,0.874,1.060,0.340,0.144,0.758,-0.274,0.446,0.388,0.430,0.000
3275286,0.0649301,60.8310801759362,0.768,0.184,-0.581,-0.730,-0.607,-0.209,-0.235,0.091,0.874,1.061,0.340,0.144,0.759,-0.273,0.446,0.387,0.428,0.000
3275292,0.0329182,60.863998375833,0.768,0.184,-0.581,-0.730,-0.607,-0.209,-0.235,0.091,0.874,1.060,0.340,0.144,0.760,-0.273,0.444,0.388,0.450,0.000
3275298,0.0355984,60.8995967768133,0.768,0.184,-0.581,-0.730,-0.607,-0.209,-0.235,0.091,0.874,1.060,0.340,0.143,0.761,-0.272,0.445,0.385,0.440,0.000
3275304,0.0202972,60.919893976301,0.768,0.184,-0.581,-0.730,-0.607,-0.209,-0.235,0.091,0.874,1.059,0.340,0.144,0.761,-0.270,0.447,0.385,0.455,0.000
3275312,0.0376486,60.9575425758958,0.768,0.184,-0.581,-0.730,-0.607,-0.209,-0.235,0.091,0.874,1.059,0.340,0.144,0.761,-0.268,0.448,0.385,0.459,0.001
3275318,0.0551829,61.0127254761755,0.768,0.184,-0.581,-0.730,-0.607,-0.209,-0.235,0.091,0.874,1.059,0.340,0.145,0.761,-0.266,0.450,0.384,0.427,0.015
3275328,0.0129491,61.0256745759398,0.768,0.184,-0.581,-0.730,-0.607,-0.209,-0.235,0.091,0.874,1.060,0.339,0.145,0.761,-0.266,0.450,0.385,0.427,0.015
3275334,0.05528,61.0809545759112,0.768,0.184,-0.581,-0.730,-0.607,-0.209,-0.235,0.091,0.874,1.061,0.338,0.143,0.764,-0.263,0.449,0.383,0.418,0.079
3275344,0.0295889,61.1105434764177,0.768,0.184,-0.581,-0.730,-0.607,-0.209,-0.235,0.091,0.874,1.059,0.337,0.144,0.767,-0.260,0.446,0.381,0.424,0.127
3275352,0.0519054,61.1624488774687,0.768,0.184,-0.581,-0.730,-0.607,-0.209,-0.235,0.091,0.874,1.058,0.334,0.144,0.770,-0.257,0.443,0.380,0.458,0.162
3275360,0.0295519,61.192000778392,0.768,0.184,-0.581,-0.730,-0.607,-0.209,-0.235,0.091,0.874,1.057,0.331,0.143,0.775,-0.255,0.439,0.377,0.468,0.171
3275370,0.0429768,61.2349775787443,0.768,0.184,-0.581,-0.730,-0.607,-0.209,-0.235,0.091,0.874,1.058,0.328,0.143,0.777,-0.254,0.435,0.377,0.502,0.198
3275378,0.0435849,61.2785624805838,0.768,0.184,-0.581,-0.730,-0.607,-0.209,-0.235,0.091,0.874,1.058,0.325,0.142,0.780,-0.255,0.432,0.374,0.534,0.217
3275388,0.0439206,61.3224830795079,0.768,0.184,-0.581,-0.730,-0.607,-0.209,-0.235,0.091,0.874,1.057,0.323,0.141,0.782,-0.253,0.431,0.372,0.533,0.239
3275396,0.0451896,61.3676726799458,0.768,0.184,-0.581,-0.730,-0.607,-0.209,-0.235,0.091,0.874,1.056,0.322,0.141,0.783,-0.252,0.432,0.371,0.522,0.256
3275404,0.0449318,61.4126044791192,0.768,0.184,-0.581,-0.730,-0.607,-0.209,-0.235,0.091,0.874,1.055,0.321,0.140,0.784,-0.249,0.432,0.370,0.502,0.265
3275414,0.0450497,61.4576541800052,0.768,0.184,-0.581,-0.730,-0.607,-0.209,-0.235,0.091,0.874,1.055,0.319,0.139,0.786,-0.247,0.431,0.368,0.514,0.273
3275424,0.042876,61.5005301814526,0.768,0.184,-0.581,-0.730,-0.607,-0.209,-0.235,0.091,0.874,1.055,0.318,0.140,0.789,-0.245,0.430,0.365,0.504,0.296
3275434,0.0528754,61.5534055810422,0.768,0.184,-0.581,-0.730,-0.607,-0.209,-0.235,0.091,0.874,1.055,0.317,0.139,0.790,-0.244,0.429,0.363,0.489,0.307
3275444,0.0466827,61.600088281557,0.768,0.184,-0.581,-0.730,-0.607,-0.209,-0.235,0.091,0.874,1.055,0.318,0.140,0.791,-0.244,0.429,0.362,0.491,0.305
3275454,0.0488353,61.6489235814661,0.768,0.184,-0.581,-0.730,-0.607,-0.209,-0.235,0.091,0.874,1.054,0.318,0.141,0.791,-0.244,0.429,0.362,0.481,0.305
3275462,0.0492428,61.6981663797051,0.768,0.184,-0.581,-0.730,-0.607,-0.209,-0.235,0.091,0.874,1.055,0.319,0.141,0.791,-0.243,0.429,0.362,0.473,0.305
3275472,0.045368,61.7435343805701,0.768,0.184,-0.581,-0.730,-0.607,-0.209,-0.235,0.091,0.874,1.055,0.320,0.141,0.791,-0.242,0.430,0.362,0.469,0.299
3275480,0.0456654,61.7891997788101,0.768,0.184,-0.581,-0.730,-0.607,-0.209,-0.235,0.091,0.874,1.055,0.321,0.141,0.792,-0.240,0.430,0.362,0.470,0.300
3275488,0.0433823,61.8325820770115,0.768,0.184,-0.581,-0.730,-0.607,-0.209,-0.235,0.091,0.874,1.056,0.321,0.141,0.791,-0.240,0.429,0.364,0.474,0.312
3275498,0.0471253,61.8797073755413,0.768,0.184,-0.581,-0.730,-0.607,-0.209,-0.235,0.091,0.874,1.056,0.321,0.141,0.792,-0.238,0.430,0.363,0.480,0.315
3275508,0.0421112,61.9218185748905,0.768,0.184,-0.581,-0.730,-0.607,-0.209,-0.235,0.091,0.874,1.056,0.323,0.141,0.792,-0.236,0.431,0.363,0.485,0.306
3275516,0.0477181,61.9695366751403,0.768,0.184,-0.581,-0.730,-0.607,-0.209,-0.235,0.091,0.874,1.056,0.324,0.141,0.792,-0.235,0.432,0.363,0.493,0.306
3275524,0.0422301,62.0117667745799,0.768,0.184,-0.581,-0.730,-0.607,-0.209,-0.235,0.091,0.874,1.056,0.325,0.141,0.791,-0.234,0.432,0.364,0.495,0.310
3275534,0.0409396,62.0527063738555,0.768,0.184,-0.581,-0.730,-0.607,-0.209,-0.235,0.091,0.874,1.057,0.325,0.141,0.791,-0.232,0.433,0.364,0.512,0.318
3275542,0.0469098,62.0996161755174,0.768,0.184,-0.581,-0.730,-0.607,-0.209,-0.235,0.091,0.874,1.058,0.325,0.141,0.792,-0.230,0.433,0.365,0.520,0.342
3275552,0.0393567,62.1389728765935,0.768,0.184,-0.581,-0.730,-0.607,-0.209,-0.235,0.091,0.874,1.059,0.325,0.141,0.793,-0.226,0.433,0.364,0.544,0.374
3275560,0.0542342,62.1932070758194,0.768,0.184,-0.581,-0.730,-0.607,-0.209,-0.235,0.091,0.874,1.060,0.326,0.143,0.796,-0.219,0.431,0.365,0.572,0.455
3275570,0.0407995,62.2340065743774,0.768,0.184,-0.581,-0.730,-0.607,-0.209,-0.235,0.091,0.874,1.059,0.330,0.143,0.800,-0.204,0.434,0.360,0.626,0.677
3275578,0.0449193,62.2789258752018,0.768,0.184,-0.581,-0.730,-0.607,-0.209,-0.235,0.091,0.874,1.058,0.333,0.144,0.801,-0.192,0.439,0.358,0.871,1.000
3275586,0.0445142,62.3234400767833,0.768,0.184,-0.581,-0.730,-0.607,-0.209,-0.235,0.091,0.874,1.058,0.332,0.143,0.798,-0.182,0.449,0.358,1.000,1.000
3275594,0.036616,62.3600560780615,0.768,0.184,-0.581,-0.730,-0.607,-0.209,-0.235,0.091,0.874,1.058,0.331,0.144,0.796,-0.173,0.456,0.358,1.000,1.000
3275602,0.0439364,62.4039924796671,0.768,0.184,-0.581,-0.730,-0.607,-0.209,-0.235,0.091,0.874,1.059,0.331,0.145,0.796,-0.166,0.461,0.355,1.000,1.000
3275614,0.0449341,62.4489265810698,0.768,0.184,-0.581,-0.730,-0.607,-0.209,-0.235,0.091,0.874,1.059,0.331,0.145,0.796,-0.162,0.464,0.354,1.000,1.000
3275622,0.0526031,62.501529680565,0.768,0.184,-0.581,-0.730,-0.607,-0.209,-0.235,0.091,0.874,1.058,0.331,0.144,0.796,-0.158,0.467,0.351,1.000,1.000
3275632,0.0450084,62.5465380791575,0.768,0.184,-0.581,-0.730,-0.607,-0.209,-0.235,0.091,0.874,1.057,0.331,0.144,0.796,-0.155,0.470,0.348,1.000,1.000
3275640,0.0418859,62.5884239804,0.768,0.184,-0.581,-0.730,-0.607,-0.209,-0.235,0.091,0.874,1.057,0.330,0.144,0.797,-0.154,0.470,0.347,1.000,1.000
3275646,0.0439475,62.6323714796454,0.768,0.184,-0.581,-0.730,-0.607,-0.209,-0.235,0.091,0.874,1.057,0.329,0.144,0.798,-0.153,0.470,0.346,1.000,1.000
3275656,0.0352422,62.6676136795431,0.768,0.184,-0.581,-0.730,-0.607,-0.209,-0.235,0.091,0.874,1.057,0.329,0.145,0.799,-0.153,0.468,0.345,1.000,1.000
3275664,0.0452254,62.7128390800208,0.768,0.184,-0.581,-0.730,-0.607,-0.209,-0.235,0.091,0.874,1.057,0.328,0.145,0.799,-0.153,0.467,0.346,1.000,1.000
3275674,0.043037,62.7558760810643,0.768,0.184,-0.581,-0.730,-0.607,-0.209,-0.235,0.091,0.874,1.057,0.328,0.145,0.800,-0.154,0.466,0.346,1.000,1.000
3275684,0.045009,62.8008850794286,0.768,0.184,-0.581,-0.730,-0.607,-0.209,-0.235,0.091,0.874,1.057,0.329,0.145,0.800,-0.154,0.466,0.346,1.000,1.000
3275692,0.0486527,62.8495377805084,0.768,0.184,-0.581,-0.730,-0.607,-0.209,-0.235,0.091,0.874,1.056,0.330,0.145,0.800,-0.154,0.465,0.346,1.000,1.000
3275700,0.0431009,62.8926386814564,0.768,0.184,-0.581,-0.730,-0.607,-0.209,-0.235,0.091,0.874,1.056,0.330,0.145,0.800,-0.154,0.466,0.346,1.000,1.000
3275710,0.0432737,62.935912379995,0.768,0.184,-0.581,-0.730,-0.607,-0.209,-0.235,0.091,0.874,1.057,0.330,0.145,0.800,-0.154,0.466,0.345,1.000,1.000
3275718,0.0419014,62.9778137784451,0.768,0.184,-0.581,-0.730,-0.607,-0.209,-0.235,0.091,0.874,1.057,0.330,0.146,0.800,-0.154,0.466,0.345,1.000,1.000
3275728,0.0476152,63.0254289787263,0.768,0.184,-0.581,-0.730,-0.607,-0.209,-0.235,0.091,0.874,1.056,0.331,0.146,0.800,-0.153,0.466,0.345,1.000,1.000
3275738,0.0490584,63.0744873788208,0.768,0.184,-0.581,-0.730,-0.607,-0.209,-0.235,0.091,0.874,1.056,0.330,0.146,0.800,-0.153,0.467,0.345,1.000,1.000
3275746,0.047882,63.1223693806678,0.768,0.184,-0.581,-0.730,-0.607,-0.209,-0.235,0.091,0.874,1.056,0.330,0.146,0.800,-0.153,0.467,0.345,1.000,1.000
3275756,0.0448098,63.1671791803092,0.768,0.184,-0.581,-0.730,-0.607,-0.209,-0.235,0.091,0.874,1.056,0.330,0.145,0.800,-0.154,0.467,0.344,1.000,1.000
3275764,0.047705,63.214884178713,0.768,0.184,-0.581,-0.730,-0.607,-0.209,-0.235,0.091,0.874,1.056,0.329,0.146,0.800,-0.155,0.467,0.343,1.000,1.000
3275774,0.0426093,63.2574934791774,0.768,0.184,-0.581,-0.730,-0.607,-0.209,-0.235,0.091,0.874,1.057,0.330,0.146,0.800,-0.156,0.467,0.343,1.000,1.000
3275782,0.0418643,63.2993577774614,0.768,0.184,-0.581,-0.730,-0.607,-0.209,-0.235,0.091,0.874,1.057,0.330,0.146,0.800,-0.155,0.467,0.343,1.000,1.000
3275792,0.0452582,63.3446159791201,0.768,0.184,-0.581,-0.730,-0.607,-0.209,-0.235,0.091,0.874,1.056,0.330,0.146,0.800,-0.155,0.467,0.343,1.000,1.000
3275800,0.0469496,63.3915655780584,0.768,0.184,-0.581,-0.730,-0.607,-0.209,-0.235,0.091,0.874,1.056,0.331,0.146,0.800,-0.156,0.466,0.343,1.000,1.000
3275810,0.0427271,63.4342926796526,0.768,0.184,-0.581,-0.730,-0.607,-0.209,-0.235,0.091,0.874,1.056,0.331,0.147,0.800,-0.156,0.466,0.344,1.000,1.000
3275818,0.0504146,63.4847072791308,0.768,0.184,-0.581,-0.730,-0.607,-0.209,-0.235,0.091,0.874,1.056,0.331,0.147,0.800,-0.157,0.466,0.344,1.000,1.000
3275824,0.0390027,63.5237099807709,0.768,0.184,-0.581,-0.730,-0.607,-0.209,-0.235,0.091,0.874,1.056,0.331,0.147,0.800,-0.157,0.466,0.345,1.000,1.000
3275832,0.0377927,63.5615026820451,0.768,0.184,-0.581,-0.730,-0.607,-0.209,-0.235,0.091,0.874,1.055,0.331,0.147,0.799,-0.158,0.466,0.345,1.000,1.000
3275838,0.0426954,63.6041980814189,0.768,0.184,-0.581,-0.730,-0.607,-0.209,-0.235,0.091,0.874,1.055,0.331,0.148,0.799,-0.158,0.465,0.346,1.000,1.000
3275844,0.0214174,63.6256154812872,0.768,0.184,-0.581,-0.730,-0.607,-0.209,-0.235,0.091,0.874,1.055,0.331,0.148,0.799,-0.158,0.466,0.345,1.000,1.000
3275852,0.0295608,63.655176281929,0.768,0.184,-0.581,-0.730,-0.607,-0.209,-0.235,0.091,0.874,1.056,0.332,0.148,0.799,-0.158,0.467,0.344,1.000,1.000
3275860,0.0558616,63.7110378816724,0.768,0.184,-0.581,-0.730,-0.607,-0.209,-0.235,0.091,0.874,1.056,0.332,0.148,0.799,-0.159,0.468,0.343,1.000,1.000
3275866,0.0213476,63.7323854807764,0.768,0.184,-0.581,-0.730,-0.607,-0.209,-0.235,0.091,0.874,1.057,0.332,0.148,0.799,-0.159,0.469,0.342,1.000,1.000
3275874,0.030953,63.7633384801447,0.768,0.184,-0.581,-0.730,-0.607,-0.209,-0.235,0.091,0.874,1.058,0.334,0.149,0.799,-0.159,0.469,0.341,1.000,1.000
3275884,0.0571663,63.8205047808588,0.768,0.184,-0.581,-0.730,-0.607,-0.209,-0.235,0.091,0.874,1.059,0.337,0.150,0.799,-0.158,0.469,0.342,1.000,1.000
3275890,0.0389462,63.8594509810209,0.768,0.184,-0.581,-0.730,-0.607,-0.209,-0.235,0.091,0.874,1.060,0.341,0.151,0.799,-0.157,0.469,0.343,1.000,1.000
3275900,0.0331212,63.8925721794367,0.768,0.184,-0.581,-0.730,-0.607,-0.209,-0.235,0.091,0.874,1.061,0.346,0.154,0.798,-0.154,0.469,0.345,1.000,1.000
3275910,0.0416756,63.9342477805912,0.768,0.184,-0.581,-0.730,-0.607,-0.209,-0.235,0.091,0.874,1.062,0.350,0.156,0.797,-0.153,0.468,0.349,1.000,1.000
3275918,0.0526782,63.9869259819388,0.768,0.184,-0.581,-0.730,-0.607,-0.209,-0.235,0.091,0.874,1.062,0.356,0.159,0.796,-0.148,0.470,0.351,1.000,1.000
3275926,0.0341421,64.0210680812597,0.768,0.184,-0.581,-0.730,-0.607,-0.209,-0.235,0.091,0.874,1.060,0.362,0.160,0.794,-0.143,0.472,0.357,1.000,1.000
3275936,0.045611,64.0666790828109,0.768,0.184,-0.581,-0.730,-0.607,-0.209,-0.235,0.091,0.874,1.061,0.365,0.161,0.790,-0.138,0.475,0.362,1.000,1.000
3275944,0.0444344,64.1111134812236,0.768,0.184,-0.581,-0.730,-0.607,-0.209,-0.235,0.091,0.874,1.061,0.368,0.162,0.787,-0.135,0.479,0.365,1.000,1.000
3275954,0.0461679,64.1572813801467,0.768,0.184,-0.581,-0.730,-0.607,-0.209,-0.235,0.091,0.874,1.061,0.369,0.163,0.784,-0.127,0.486,0.364,1.000,1.000
3275966,0.0471632,64.2044445797801,0.768,0.184,-0.581,-0.730,-0.607,-0.209,-0.235,0.091,0.874,1.062,0.369,0.162,0.781,-0.120,0.493,0.363,1.000,1.000
3275974,0.0535185,64.2579630799592,0.768,0.184,-0.581,-0.730,-0.607,-0.209,-0.235,0.091,0.874,1.062,0.370,0.161,0.779,-0.116,0.497,0.362,1.000,1.000
3275984,0.0435734,64.3015364781022,0.768,0.184,-0.581,-0.730,-0.607,-0.209,-0.235,0.091,0.874,1.062,0.370,0.161,0.778,-0.116,0.499,0.363,1.000,1.000
3275994,0.0514629,64.3529993779957,0.768,0.184,-0.581,-0.730,-0.607,-0.209,-0.235,0.091,0.874,1.061,0.370,0.160,0.777,-0.118,0.499,0.364,1.000,1.000
3276002,0.0470529,64.4000522792339,0.768,0.184,-0.581,-0.730,-0.607,-0.209,-0.235,0.091,0.874,1.061,0.371,0.160,0.777,-0.119,0.499,0.365,1.000,1.000
3276010,0.0455099,64.4455621801317,0.768,0.184,-0.581,-0.730,-0.607,-0.209,-0.235,0.091,0.874,1.059,0.371,0.159,0.776,-0.122,0.499,0.366,1.000,1.000
3276020,0.0434625,64.4890246801078,0.768,0.184,-0.581,-0.730,-0.607,-0.209,-0.235,0.091,0.874,1.059,0.371,0.160,0.776,-0.122,0.499,0.366,1.000,1.000
3276030,0.0452903,64.5343149788678,0.768,0.184,-0.581,-0.730,-0.607,-0.209,-0.235,0.091,0.874,1.058,0.372,0.160,0.776,-0.122,0.499,0.366,1.000,1.000
3276038,0.0437527,64.5780676789582,0.768,0.184,-0.581,-0.730,-0.607,-0.209,-0.235,0.091,0.874,1.058,0.372,0.161,0.775,-0.122,0.500,0.367,1.000,1.000
3276048,0.0451637,64.6232313774526,0.768,0.184,-0.581,-0.730,-0.607,-0.209,-0.235,0.091,0.874,1.057,0.372,0.161,0.775,-0.122,0.501,0.367,1.000,1.000
3276054,0.0441493,64.6673806756735,0.768,0.184,-0.581,-0.730,-0.607,-0.209,-0.235,0.091,0.874,1.056,0.372,0.160,0.774,-0.124,0.502,0.366,1.000,1.000
3276064,0.0383319,64.7057125754654,0.768,0.184,-0.581,-0.730,-0.607,-0.209,-0.235,0.091,0.874,1.054,0.372,0.160,0.774,-0.124,0.502,0.366,1.000,1.000
3276074,0.0500205,64.755733076483,0.768,0.184,-0.581,-0.730,-0.607,-0.209,-0.235,0.091,0.874,1.053,0.373,0.160,0.774,-0.124,0.502,0.366,1.000,1.000
3276082,0.0463661,64.8020991757512,0.768,0.184,-0.581,-0.730,-0.607,-0.209,-0.235,0.091,0.874,1.052,0.374,0.160,0.773,-0.125,0.503,0.367,1.000,1.000
3276092,0.0446972,64.846796374768,0.768,0.184,-0.581,-0.730,-0.607,-0.209,-0.235,0.091,0.874,1.050,0.374,0.160,0.772,-0.126,0.503,0.367,1.000,1.000
3276100,0.0429944,64.8897907733917,0.768,0.184,-0.581,-0.730,-0.607,-0.209,-0.235,0.091,0.874,1.048,0.375,0.160,0.771,-0.126,0.504,0.368,1.000,1.000
3276108,0.0443668,64.9341575726867,0.768,0.184,-0.581,-0.730,-0.607,-0.209,-0.235,0.091,0.874,1.047,0.376,0.160,0.770,-0.125,0.506,0.368,1.000,1.000
3276118,0.043656,64.9778135716915,0.768,0.184,-0.581,-0.730,-0.607,-0.209,-0.235,0.091,0.874,1.046,0.377,0.161,0.770,-0.125,0.507,0.368,1.000,1.000
3276126,0.0440608,65.0218743719161,0.768,0.184,-0.581,-0.730,-0.607,-0.209,-0.235,0.091,0.874,1.044,0.377,0.160,0.769,-0.125,0.508,0.367,1.000,1.000
3276136,0.0460491,65.0679234713316,0.768,0.184,-0.581,-0.730,-0.607,-0.209,-0.235,0.091,0.874,1.042,0.379,0.161,0.769,-0.124,0.509,0.366,1.000,1.000
3276144,0.0427719,65.1106953695416,0.768,0.184,-0.581,-0.730,-0.607,-0.209,-0.235,0.091,0.874,1.040,0.379,0.162,0.768,-0.124,0.510,0.367,1.000,1.000
3276152,0.0473072,65.1580025702715,0.768,0.184,-0.581,-0.730,-0.607,-0.209,-0.235,0.091,0.874,1.038,0.380,0.162,0.767,-0.125,0.511,0.367,1.000,1.000
3276162,0.0427415,65.2007440701127,0.768,0.184,-0.581,-0.730,-0.607,-0.209,-0.235,0.091,0.874,1.035,0.380,0.162,0.765,-0.128,0.513,0.368,1.000,1.000
3276172,0.0451715,65.245915569365,0.768,0.184,-0.581,-0.730,-0.607,-0.209,-0.235,0.091,0.874,1.033,0.381,0.162,0.762,-0.130,0.515,0.371,1.000,1.000
3276180,0.0448017,65.2907172702253,0.768,0.184,-0.581,-0.730,-0.607,-0.209,-0.235,0.091,0.874,1.031,0.381,0.161,0.760,-0.132,0.517,0.372,1.000,1.000
3276188,0.0434608,65.3341780714691,0.768,0.184,-0.581,-0.730,-0.607,-0.209,-0.235,0.091,0.874,1.029,0.382,0.161,0.758,-0.132,0.518,0.373,1.000,1.000
3276198,0.0437611,65.3779391720891,0.768,0.184,-0.581,-0.730,-0.607,-0.209,-0.235,0.091,0.874,1.025,0.382,0.161,0.757,-0.134,0.519,0.375,1.000,1.000
3276206,0.0466104,65.4245495721698,0.768,0.184,-0.581,-0.730,-0.607,-0.209,-0.235,0.091,0.874,1.023,0.383,0.162,0.754,-0.136,0.521,0.376,1.000,1.000
3276216,0.0434006,65.4679501727223,0.768,0.184,-0.581,-0.730,-0.607,-0.209,-0.235,0.091,0.874,1.021,0.383,0.161,0.753,-0.137,0.522,0.378,1.000,1.000
3276224,0.0467406,65.514690771699,0.768,0.184,-0.581,-0.730,-0.607,-0.209,-0.235,0.091,0.874,1.017,0.384,0.160,0.750,-0.139,0.524,0.379,1.000,1.000
3276232,0.0424458,65.5571365728974,0.768,0.184,-0.581,-0.730,-0.607,-0.209,-0.235,0.091,0.874,1.015,0.385,0.161,0.748,-0.140,0.526,0.379,1.000,1.000
3276242,0.0428531,65.5999896712601,0.768,0.184,-0.581,-0.730,-0.607,-0.209,-0.235,0.091,0.874,1.014,0.385,0.161,0.747,-0.140,0.527,0.380,1.000,1.000
3276252,0.0441599,65.6441495716572,0.768,0.184,-0.581,-0.730,-0.607,-0.209,-0.235,0.091,0.874,1.011,0.386,0.160,0.746,-0.141,0.527,0.381,1.000,1.000
3276260,0.0486532,65.6928027719259,0.768,0.184,-0.581,-0.730,-0.607,-0.209,-0.235,0.091,0.874,1.008,0.387,0.160,0.745,-0.143,0.529,0.381,1.000,1.000
3276270,0.0385224,65.7313251718879,0.768,0.184,-0.581,-0.730,-0.607,-0.209,-0.235,0.091,0.874,1.005,0.389,0.160,0.743,-0.143,0.532,0.381,1.000,1.000
3276278,0.0490405,65.7803656719625,0.768,0.184,-0.581,-0.730,-0.607,-0.209,-0.235,0.091,0.874,1.004,0.389,0.159,0.740,-0.144,0.536,0.380,1.000,1.000
3276284,0.0446633,65.8250289708376,0.768,0.184,-0.581,-0.730,-0.607,-0.209,-0.235,0.091,0.874,1.002,0.389,0.159,0.738,-0.144,0.539,0.379,1.000,1.000
3276292,0.0334555,65.8584844693542,0.768,0.184,-0.581,-0.730,-0.607,-0.209,-0.235,0.091,0.874,1.000,0.389,0.159,0.737,-0.145,0.540,0.379,1.000,1.000
3276296,0.0472348,65.905719269067,0.768,0.184,-0.581,-0.730,-0.607,-0.209,-0.235,0.091,0.874,0.999,0.389,0.158,0.737,-0.145,0.541,0.378,1.000,1.000
3276304,0.0084064,65.9141256688163,0.768,0.184,-0.581,-0.730,-0.607,-0.209,-0.235,0.091,0.874,0.997,0.389,0.159,0.736,-0.146,0.542,0.378,1.000,1.000
3276310,0.0555081,65.9696337683126,0.768,0.184,-0.581,-0.730,-0.607,-0.209,-0.235,0.091,0.874,0.996,0.389,0.158,0.735,-0.148,0.542,0.378,1.000,1.000
3276314,0.0100177,65.9796514678746,0.768,0.184,-0.581,-0.730,-0.607,-0.209,-0.235,0.091,0.874,0.994,0.390,0.158,0.734,-0.150,0.544,0.377,1.000,1.000
3276324,0.0347199,66.0143713671714,0.768,0.184,-0.581,-0.730,-0.607,-0.209,-0.235,0.091,0.874,0.992,0.390,0.159,0.733,-0.150,0.546,0.377,1.000,1.000
3276332,0.0617082,66.0760795678943,0.768,0.184,-0.581,-0.730,-0.607,-0.209,-0.235,0.091,0.874,0.990,0.391,0.159,0.731,-0.150,0.548,0.378,1.000,1.000
3276342,0.0366689,66.1127484682947,0.768,0.184,-0.581,-0.730,-0.607,-0.209,-0.235,0.091,0.874,0.988,0.390,0.159,0.730,-0.151,0.549,0.377,1.000,1.000
3276348,0.0441518,66.1569002699107,0.768,0.184,-0.581,-0.730,-0.607,-0.209,-0.235,0.091,0.874,0.986,0.390,0.159,0.730,-0.152,0.550,0.378,1.000,1.000
3276358,0.0138889,66.1707891700789,0.768,0.184,-0.581,-0.730,-0.607,-0.209,-0.235,0.091,0.874,0.984,0.391,0.159,0.729,-0.152,0.550,0.378,1.000,1.000
3276366,0.0538981,66.2246872698888,0.768,0.184,-0.581,-0.730,-0.607,-0.209,-0.235,0.091,0.874,0.981,0.392,0.160,0.728,-0.152,0.551,0.379,1.000,1.000
3276376,0.04206,66.2667472688481,0.768,0.184,-0.581,-0.730,-0.607,-0.209,-0.235,0.091,0.874,0.979,0.393,0.160,0.726,-0.152,0.552,0.380,1.000,1.000
3276384,0.0440199,66.3107671691105,0.768,0.184,-0.581,-0.730,-0.607,-0.209,-0.235,0.091,0.874,0.977,0.393,0.160,0.726,-0.153,0.553,0.379,1.000,1.000
3276394,0.0436521,66.3544192677364,0.768,0.184,-0.581,-0.730,-0.607,-0.209,-0.235,0.091,0.874,0.973,0.394,0.159,0.724,-0.153,0.555,0.381,1.000,1.000
3276402,0.0456794,66.4000986693427,0.768,0.184,-0.581,-0.730,-0.607,-0.209,-0.235,0.091,0.874,0.972,0.394,0.158,0.721,-0.157,0.555,0.383,1.000,1.000
3276412,0.0437236,66.4438222711906,0.768,0.184,-0.581,-0.730,-0.607,-0.209,-0.235,0.091,0.874,0.969,0.394,0.157,0.720,-0.161,0.554,0.387,1.000,1.000
3276420,0.045391,66.4892132719979,0.768,0.184,-0.581,-0.730,-0.607,-0.209,-0.235,0.091,0.874,0.966,0.395,0.157,0.719,-0.163,0.552,0.388,1.000,1.000
3276430,0.0455513,66.5347645720467,0.768,0.184,-0.581,-0.730,-0.607,-0.209,-0.235,0.091,0.874,0.962,0.397,0.157,0.719,-0.163,0.552,0.389,1.000,1.000
3276440,0.0506815,66.5854460736737,0.768,0.184,-0.581,-0.730,-0.607,-0.209,-0.235,0.091,0.874,0.959,0.398,0.158,0.718,-0.163,0.554,0.388,1.000,1.000
3276450,0.0485872,66.6340332729742,0.768,0.184,-0.581,-0.730,-0.607,-0.209,-0.235,0.091,0.874,0.957,0.398,0.159,0.717,-0.163,0.557,0.387,1.000,1.000
3276458,0.0536251,66.6876583723351,0.768,0.184,-0.581,-0.730,-0.607,-0.209,-0.235,0.091,0.874,0.954,0.400,0.159,0.716,-0.163,0.558,0.387,1.000,1.000
3276468,0.0371034,66.7247617719695,0.768,0.184,-0.581,-0.730,-0.607,-0.209,-0.235,0.091,0.874,0.951,0.402,0.159,0.715,-0.164,0.559,0.387,1.000,1.000
3276478,0.0527648,66.7775265714154,0.768,0.184,-0.581,-0.730,-0.607,-0.209,-0.235,0.091,0.874,0.947,0.402,0.159,0.713,-0.167,0.559,0.389,1.000,1.000
3276486,0.0426606,66.8201871728525,0.768,0.184,-0.581,-0.730,-0.607,-0.209,-0.235,0.091,0.874,0.943,0.403,0.158,0.712,-0.167,0.559,0.389,1.000,1.000
3276496,0.0427204,66.8629075726494,0.768,0.184,-0.581,-0.730,-0.607,-0.209,-0.235,0.091,0.874,0.938,0.404,0.156,0.710,-0.169,0.561,0.391,1.000,1.000
3276504,0.0472985,66.9102060711011,0.768,0.184,-0.581,-0.730,-0.607,-0.209,-0.235,0.091,0.874,0.934,0.405,0.156,0.707,-0.172,0.564,0.392,1.000,1.000
3276514,0.0459536,66.9561596726999,0.768,0.184,-0.581,-0.730,-0.607,-0.209,-0.235,0.091,0.874,0.932,0.405,0.156,0.705,-0.172,0.566,0.392,1.000,1.000
3276524,0.0452451,67.0014047725126,0.768,0.184,-0.581,-0.730,-0.607,-0.209,-0.235,0.091,0.874,0.929,0.403,0.154,0.702,-0.175,0.570,0.390,1.000,1.000
3276532,0.047556,67.0489607742056,0.768,0.184,-0.581,-0.730,-0.607,-0.209,-0.235,0.091,0.874,0.928,0.402,0.153,0.700,-0.176,0.573,0.388,1.000,1.000
3276540,0.0494662,67.0984269743785,0.768,0.184,-0.581,-0.730,-0.607,-0.209,-0.235,0.091,0.874,0.925,0.402,0.152,0.698,-0.179,0.574,0.389,1.000,1.000
3276544,0.042333,67.1407599737868,0.768,0.184,-0.581,-0.730,-0.607,-0.209,-0.235,0.091,0.874,0.924,0.401,0.151,0.698,-0.180,0.573,0.389,1.000,1.000
3276552,0.0109513,67.1517112739384,0.768,0.184,-0.581,-0.730,-0.607,-0.209,-0.235,0.091,0.874,0.923,0.401,0.150,0.698,-0.181,0.574,0.389,1.000,1.000
3276556,0.0526151,67.2043263725936,0.768,0.184,-0.581,-0.730,-0.607,-0.209,-0.235,0.091,0.874,0.921,0.401,0.150,0.698,-0.181,0.573,0.389,1.000,1.000
3276562,0.0091316,67.2134579727426,0.768,0.184,-0.581,-0.730,-0.607,-0.209,-0.235,0.091,0.874,0.919,0.401,0.149,0.698,-0.183,0.573,0.388,1.000,1.000
3276570,0.0382965,67.2517544711009,0.768,0.184,-0.581,-0.730,-0.607,-0.209,-0.235,0.091,0.874,0.917,0.400,0.149,0.698,-0.185,0.573,0.388,1.000,1.000
3276578,0.0393316,67.2910860711709,0.768,0.184,-0.581,-0.730,-0.607,-0.209,-0.235,0.091,0.874,0.916,0.400,0.149,0.698,-0.186,0.572,0.388,1.000,1.000
3276588,0.0514034,67.3424894707277,0.768,0.184,-0.581,-0.730,-0.607,-0.209,-0.235,0.091,0.874,0.914,0.401,0.149,0.698,-0.188,0.572,0.388,1.000,1.000
3276596,0.0366011,67.3790905708447,0.768,0.184,-0.581,-0.730,-0.607,-0.209,-0.235,0.091,0.874,0.911,0.402,0.148,0.698,-0.189,0.572,0.388,1.000,1.000
3276604,0.0457678,67.4248583698645,0.768,0.184,-0.581,-0.730,-0.607,-0.209,-0.235,0.091,0.874,0.909,0.402,0.148,0.697,-0.191,0.572,0.388,1.000,1.000
3276614,0.0308776,67.4557359693572,0.768,0.184,-0.581,-0.730,-0.607,-0.209,-0.235,0.091,0.874,0.907,0.402,0.148,0.697,-0.190,0.572,0.388,1.000,1.000
3276622,0.0449675,67.5007034679875,0.768,0.184,-0.581,-0.730,-0.607,-0.209,-0.235,0.091,0.874,0.904,0.404,0.147,0.696,-0.192,0.574,0.385,1.000,1.000
3276630,0.0423932,67.5430966680869,0.768,0.184,-0.581,-0.730,-0.607,-0.209,-0.235,0.091,0.874,0.903,0.402,0.149,0.694,-0.205,0.569,0.390,1.000,1.000
3276638,0.0431418,67.5862384689972,0.768,0.184,-0.581,-0.730,-0.607,-0.209,-0.235,0.091,0.874,0.901,0.403,0.149,0.693,-0.203,0.573,0.388,1.000,1.000
3276648,0.0408172,67.6270556701347,0.768,0.184,-0.581,-0.730,-0.607,-0.209,-0.235,0.091,0.874,0.898,0.404,0.147,0.691,-0.200,0.578,0.387,1.000,1.000
3276656,0.0490969,67.6761525711045,0.768,0.184,-0.581,-0.730,-0.607,-0.209,-0.235,0.091,0.874,0.896,0.404,0.147,0.689,-0.199,0.581,0.385,1.000,1.000
3276666,0.0469101,67.7230626707897,0.768,0.184,-0.581,-0.730,-0.607,-0.209,-0.235,0.091,0.874,0.895,0.404,0.146,0.688,-0.199,0.583,0.383,1.000,1.000
3276676,0.0436307,67.7666933713481,0.768,0.184,-0.581,-0.730,-0.607,-0.209,-0.235,0.091,0.874,0.894,0.404,0.146,0.686,-0.200,0.585,0.383,1.000,1.000
3276684,0.0443424,67.8110357699916,0.768,0.184,-0.581,-0.730,-0.607,-0.209,-0.235,0.091,0.874,0.892,0.404,0.146,0.684,-0.202,0.586,0.383,1.000,1.000
3276694,0.0464854,67.8575211716816,0.768,0.184,-0.581,-0.730,-0.607,-0.209,-0.235,0.091,0.874,0.890,0.403,0.146,0.683,-0.202,0.588,0.383,1.000,1.000
3276704,0.0508739,67.9083950733766,0.768,0.184,-0.581,-0.730,-0.607,-0.209,-0.235,0.091,0.874,0.888,0.404,0.146,0.683,-0.202,0.588,0.383,1.000,1.000
3276712,0.0434819,67.9518769746646,0.768,0.184,-0.581,-0.730,-0.607,-0.209,-0.235,0.091,0.874,0.887,0.404,0.146,0.681,-0.203,0.590,0.383,1.000,1.000
3276722,0.0470314,67.9989083735272,0.768,0.184,-0.581,-0.730,-0.607,-0.209,-0.235,0.091,0.874,0.885,0.405,0.146,0.680,-0.204,0.591,0.384,1.000,1.000
3276732,0.0449818,68.043890173547,0.768,0.184,-0.581,-0.730,-0.607,-0.209,-0.235,0.091,0.874,0.884,0.405,0.146,0.678,-0.205,0.593,0.384,1.000,1.000
3276738,0.045139,68.0890291733667,0.768,0.184,-0.581,-0.730,-0.607,-0.209,-0.235,0.091,0.874,0.882,0.405,0.146,0.676,-0.206,0.595,0.383,1.000,1.000
3276750,0.0437673,68.1327964728698,0.768,0.184,-0.581,-0.730,-0.607,-0.209,-0.235,0.091,0.874,0.881,0.406,0.146,0.674,-0.208,0.597,0.382,1.000,1.000
3276758,0.0475435,68.1803399724886,0.768,0.184,-0.581,-0.730,-0.607,-0.209,-0.235,0.091,0.874,0.879,0.406,0.146,0.672,-0.209,0.599,0.381,1.000,1.000
3276766,0.0394014,68.2197413733229,0.768,0.184,-0.581,-0.730,-0.607,-0.209,-0.235,0.091,0.874,0.876,0.407,0.146,0.670,-0.210,0.601,0.382,1.000,1.000
3276776,0.0486888,68.2684301724657,0.768,0.184,-0.581,-0.730,-0.607,-0.209,-0.235,0.091,0.874,0.873,0.409,0.145,0.668,-0.211,0.603,0.382,1.000,1.000
3276786,0.0490393,68.3174694729969,0.768,0.184,-0.581,-0.730,-0.607,-0.209,-0.235,0.091,0.874,0.871,0.410,0.144,0.666,-0.211,0.605,0.382,1.000,1.000
3276792,0.0428389,68.3603083742782,0.768,0.184,-0.581,-0.730,-0.607,-0.209,-0.235,0.091,0.874,0.869,0.410,0.143,0.664,-0.212,0.607,0.382,1.000,1.000
3276800,0.0316578,68.3919661743566,0.768,0.184,-0.581,-0.730,-0.607,-0.209,-0.235,0.091,0.874,0.867,0.410,0.143,0.662,-0.214,0.609,0.382,1.000,1.000
3276806,0.0421842,68.4341503744945,0.768,0.184,-0.581,-0.730,-0.607,-0.209,-0.235,0.091,0.874,0.865,0.410,0.142,0.659,-0.215,0.610,0.382,1.000,1.000
3276810,0.0246768,68.4588271742687,0.768,0.184,-0.581,-0.730,-0.607,-0.209,-0.235,0.091,0.874,0.863,0.410,0.142,0.657,-0.217,0.613,0.382,1.000,1.000
3276818,0.032413,68.4912401726469,0.768,0.184,-0.581,-0.730,-0.607,-0.209,-0.235,0.091,0.874,0.862,0.411,0.142,0.653,-0.218,0.616,0.382,1.000,1.000
3276830,0.0534103,68.5446504717693,0.768,0.184,-0.581,-0.730,-0.607,-0.209,-0.235,0.091,0.874,0.860,0.412,0.142,0.649,-0.221,0.619,0.383,1.000,1.000
3276836,0.0482896,68.592940072529,0.768,0.184,-0.581,-0.730,-0.607,-0.209,-0.235,0.091,0.874,0.855,0.412,0.142,0.646,-0.222,0.623,0.382,1.000,1.000
3276844,0.0262626,68.6192026725039,0.768,0.184,-0.581,-0.730,-0.607,-0.209,-0.235,0.091,0.874,0.853,0.414,0.145,0.642,-0.222,0.628,0.380,1.000,1.000
3276854,0.0381525,68.6573551734909,0.768,0.184,-0.581,-0.730,-0.607,-0.209,-0.235,0.091,0.874,0.851,0.414,0.147,0.636,-0.224,0.635,0.377,1.000,1.000
3276862,0.0446007,68.7019558725879,0.768,0.184,-0.581,-0.730,-0.607,-0.209,-0.235,0.091,0.874,0.849,0.416,0.149,0.631,-0.221,0.644,0.372,1.000,1.000
3276870,0.0437468,68.7457026718184,0.768,0.184,-0.581,-0.730,-0.607,-0.209,-0.235,0.091,0.874,0.845,0.418,0.151,0.628,-0.218,0.649,0.370,1.000,1.000
3276880,0.0417532,68.7874558707699,0.768,0.184,-0.581,-0.730,-0.607,-0.209,-0.235,0.091,0.874,0.842,0.417,0.152,0.626,-0.219,0.651,0.369,1.000,1.000
3276890,0.0460683,68.8335241703317,0.768,0.184,-0.581,-0.730,-0.607,-0.209,-0.235,0.091,0.874,0.838,0.418,0.151,0.623,-0.220,0.654,0.367,1.000,1.000
3276898,0.0449249,68.8784490702674,0.768,0.184,-0.581,-0.730,-0.607,-0.209,-0.235,0.091,0.874,0.834,0.420,0.152,0.621,-0.221,0.657,0.365,1.000,1.000
3276908,0.0456422,68.9240912711248,0.768,0.184,-0.581,-0.730,-0.607,-0.209,-0.235,0.091,0.874,0.830,0.421,0.152,0.615,-0.222,0.662,0.366,1.000,1.000
3276916,0.0488072,68.9728984711692,0.768,0.184,-0.581,-0.730,-0.607,-0.209,-0.235,0.091,0.874,0.827,0.420,0.152,0.611,-0.223,0.666,0.364,1.000,1.000
3276928,0.0457263,69.0186247704551,0.768,0.184,-0.581,-0.730,-0.607,-0.209,-0.235,0.091,0.874,0.823,0.419,0.151,0.608,-0.226,0.667,0.366,1.000,1.000
3276936,0.0510818,69.0697065694258,0.768,0.184,-0.581,-0.730,-0.607,-0.209,-0.235,0.091,0.874,0.820,0.419,0.149,0.605,-0.225,0.671,0.364,1.000,1.000
3276946,0.0500115,69.119718070142,0.768,0.184,-0.581,-0.730,-0.607,-0.209,-0.235,0.091,0.874,0.818,0.418,0.149,0.603,-0.225,0.674,0.362,1.000,1.000
3276956,0.0503421,69.1700601717457,0.768,0.184,-0.581,-0.730,-0.607,-0.209,-0.235,0.091,0.874,0.817,0.419,0.149,0.602,-0.224,0.676,0.361,1.000,1.000
3276964,0.0414209,69.2114810710773,0.768,0.184,-0.581,-0.730,-0.607,-0.209,-0.235,0.091,0.874,0.816,0.418,0.148,0.600,-0.226,0.677,0.362,1.000,1.000
3276974,0.0479239,69.2594049712643,0.768,0.184,-0.581,-0.730,-0.607,-0.209,-0.235,0.091,0.874,0.815,0.418,0.148,0.599,-0.227,0.677,0.363,1.000,1.000
3276980,0.0421766,69.3015815718099,0.768,0.184,-0.581,-0.730,-0.607,-0.209,-0.235,0.091,0.874,0.815,0.417,0.148,0.597,-0.229,0.678,0.363,1.000,1.000
3276990,0.0355072,69.3370887702331,0.768,0.184,-0.581,-0.730,-0.607,-0.209,-0.235,0.091,0.874,0.814,0.417,0.150,0.595,-0.230,0.680,0.361,1.000,0.989
3276998,0.0490311,69.3861198714003,0.768,0.184,-0.581,-0.730,-0.607,-0.209,-0.235,0.091,0.874,0.814,0.416,0.152,0.593,-0.230,0.683,0.360,1.000,0.963
3277008,0.0436003,69.4297201698646,0.768,0.184,-0.581,-0.730,-0.607,-0.209,-0.235,0.091,0.874,0.812,0.417,0.153,0.591,-0.229,0.685,0.359,1.000,0.962
3277016,0.04633,69.4760501710698,0.768,0.184,-0.581,-0.730,-0.607,-0.209,-0.235,0.091,0.874,0.811,0.417,0.153,0.590,-0.228,0.688,0.357,1.000,0.956
3277026,0.0436,69.5196501715109,0.768,0.184,-0.581,-0.730,-0.607,-0.209,-0.235,0.091,0.874,0.811,0.418,0.153,0.589,-0.228,0.690,0.354,1.000,0.975
3277034,0.0427213,69.5623714728281,0.768,0.184,-0.581,-0.730,-0.607,-0.209,-0.235,0.091,0.874,0.810,0.418,0.154,0.587,-0.227,0.693,0.352,1.000,0.978
3277042,0.0448412,69.6072126729414,0.768,0.184,-0.581,-0.730,-0.607,-0.209,-0.235,0.091,0.874,0.809,0.418,0.155,0.584,-0.226,0.697,0.351,1.000,0.962
3277052,0.042306,69.6495186714455,0.768,0.184,-0.581,-0.730,-0.607,-0.209,-0.235,0.091,0.874,0.808,0.417,0.155,0.582,-0.225,0.699,0.349,1.000,0.947
3277060,0.0480305,69.6975491708145,0.768,0.184,-0.581,-0.730,-0.607,-0.209,-0.235,0.091,0.874,0.806,0.416,0.155,0.580,-0.227,0.700,0.349,1.000,0.942
3277070,0.0441869,69.7417360721156,0.768,0.184,-0.581,-0.730,-0.607,-0.209,-0.235,0.091,0.874,0.804,0.415,0.154,0.579,-0.229,0.701,0.348,1.000,0.977
3277080,0.0458565,69.7875925702974,0.768,0.184,-0.581,-0.730,-0.607,-0.209,-0.235,0.091,0.874,0.803,0.414,0.154,0.578,-0.231,0.702,0.348,1.000,0.990
3277088,0.0478767,69.8354692710564,0.768,0.184,-0.581,-0.730,-0.607,-0.209,-0.235,0.091,0.874,0.802,0.413,0.154,0.576,-0.231,0.703,0.347,1.000,0.992
3277098,0.0428443,69.8783135702834,0.768,0.184,-0.581,-0.730,-0.607,-0.209,-0.235,0.091,0.874,0.801,0.414,0.154,0.575,-0.229,0.706,0.345,1.000,0.991
3277106,0.0455734,69.9238869687542,0.768,0.184,-0.581,-0.730,-0.607,-0.209,-0.235,0.091,0.874,0.801,0.413,0.154,0.574,-0.228,0.708,0.342,1.000,0.993
3277114,0.0400683,69.9639552673325,0.768,0.184,-0.581,-0.730,-0.607,-0.209,-0.235,0.091,0.874,0.801,0.412,0.154,0.572,-0.227,0.711,0.339,1.000,0.994
3277124,0.0484586,70.0124138658866,0.768,0.184,-0.581,-0.730,-0.607,-0.209,-0.235,0.091,0.874,0.801,0.413,0.155,0.571,-0.227,0.714,0.336,1.000,0.981
3277134,0.0450108,70.0574246672913,0.768,0.184,-0.581,-0.730,-0.607,-0.209,-0.235,0.091,0.874,0.800,0.413,0.156,0.570,-0.226,0.715,0.335,1.000,0.966
3277142,0.0452888,70.1027134684846,0.768,0.184,-0.581,-0.730,-0.607,-0.209,-0.235,0.091,0.874,0.799,0.413,0.155,0.569,-0.228,0.715,0.336,1.000,0.956
3277150,0.0431613,70.1458747675642,0.768,0.184,-0.581,-0.730,-0.607,-0.209,-0.235,0.091,0.874,0.798,0.413,0.156,0.568,-0.229,0.716,0.336,1.000,0.971
3277160,0.0420873,70.1879620691761,0.768,0.184,-0.581,-0.730,-0.607,-0.209,-0.235,0.091,0.874,0.796,0.414,0.157,0.566,-0.230,0.717,0.336,1.000,1.000
3277168,0.0453281,70.2332901684567,0.768,0.184,-0.581,-0.730,-0.607,-0.209,-0.235,0.091,0.874,0.794,0.413,0.159,0.564,-0.230,0.719,0.335,1.000,1.000
3277178,0.044032,70.277322168462,0.768,0.184,-0.581,-0.730,-0.607,-0.209,-0.235,0.091,0.874,0.793,0.413,0.160,0.563,-0.230,0.720,0.334,1.000,1.000
3277186,0.0442623,70.3215844696388,0.768,0.184,-0.581,-0.730,-0.607,-0.209,-0.235,0.091,0.874,0.791,0.414,0.163,0.562,-0.230,0.722,0.332,1.000,1.000
3277196,0.0467116,70.3682960709557,0.768,0.184,-0.581,-0.730,-0.607,-0.209,-0.235,0.091,0.874,0.789,0.416,0.165,0.562,-0.229,0.724,0.329,1.000,1.000
3277204,0.0447836,70.4130796706304,0.768,0.184,-0.581,-0.730,-0.607,-0.209,-0.235,0.091,0.874,0.785,0.418,0.167,0.563,-0.229,0.724,0.326,1.000,0.988
3277214,0.041618,70.4546976713464,0.768,0.184,-0.581,-0.730,-0.607,-0.209,-0.235,0.091,0.874,0.784,0.420,0.168,0.563,-0.227,0.725,0.324,1.000,0.959
3277222,0.0460983,70.5007959706709,0.768,0.184,-0.581,-0.730,-0.607,-0.209,-0.235,0.091,0.874,0.782,0.420,0.167,0.561,-0.223,0.729,0.323,1.000,0.921
3277230,0.0440706,70.5448665721342,0.768,0.184,-0.581,-0.730,-0.607,-0.209,-0.235,0.091,0.874,0.781,0.420,0.167,0.561,-0.222,0.730,0.321,1.000,0.930
3277240,0.0454891,70.5903556710109,0.768,0.184,-0.581,-0.730,-0.607,-0.209,-0.235,0.091,0.874,0.782,0.420,0.168,0.560,-0.217,0.733,0.319,1.000,0.937
3277248,0.0469036,70.6372592700645,0.768,0.184,-0.581,-0.730,-0.607,-0.209,-0.235,0.091,0.874,0.781,0.420,0.167,0.559,-0.216,0.735,0.318,1.000,0.932
3277258,0.0413567,70.6786159714684,0.768,0.184,-0.581,-0.730,-0.607,-0.209,-0.235,0.091,0.874,0.781,0.418,0.168,0.554,-0.213,0.739,0.317,1.000,0.922
3277266,0.0457821,70.7243980718777,0.768,0.184,-0.581,-0.730,-0.607,-0.209,-0.235,0.091,0.874,0.784,0.417,0.171,0.552,-0.208,0.745,0.312,1.000,0.936
3277274,0.0430454,70.7674434734508,0.768,0.184,-0.581,-0.730,-0.607,-0.209,-0.235,0.091,0.874,0.784,0.416,0.172,0.552,-0.204,0.748,0.308,1.000,0.928
3277284,0.0435028,70.8109462736174,0.768,0.184,-0.581,-0.730,-0.607,-0.209,-0.235,0.091,0.874,0.781,0.416,0.170,0.551,-0.205,0.747,0.309,1.000,0.900
3277294,0.046344,70.8572902744636,0.768,0.184,-0.581,-0.730,-0.607,-0.209,-0.235,0.091,0.874,0.780,0.415,0.169,0.550,-0.205,0.748,0.311,1.000,0.914
3277302,0.0435509,70.9008411755785,0.768,0.184,-0.581,-0.730,-0.607,-0.209,-0.235,0.091,0.874,0.780,0.414,0.169,0.549,-0.205,0.748,0.310,1.000,0.919
3277310,0.0450293,70.9458704767749,0.768,0.184,-0.581,-0.730,-0.607,-0.209,-0.235,0.091,0.874,0.780,0.414,0.169,0.548,-0.205,0.750,0.309,1.000,0.928
3277320,0.0431706,70.9890410779044,0.768,0.184,-0.581,-0.730,-0.607,-0.209,-0.235,0.091,0.874,0.780,0.413,0.169,0.547,-0.205,0.751,0.308,1.000,0.923
3277328,0.0446865,71.0337275778875,0.768,0.184,-0.581,-0.730,-0.607,-0.209,-0.235,0.091,0.874,0.779,0.412,0.169,0.546,-0.207,0.752,0.308,1.000,0.927
3277338,0.0427705,71.0764980791137,0.768,0.184,-0.581,-0.730,-0.607,-0.209,-0.235,0.091,0.874,0.778,0.412,0.169,0.545,-0.207,0.752,0.306,1.000,0.932
3277346,0.0478317,71.1243297783658,0.768,0.184,-0.581,-0.730,-0.607,-0.209,-0.235,0.091,0.874,0.778,0.412,0.170,0.545,-0.208,0.752,0.306,1.000,0.959
3277356,0.0428739,71.1672036787495,0.768,0.184,-0.581,-0.730,-0.607,-0.209,-0.235,0.091,0.874,0.777,0.412,0.170,0.546,-0.209,0.752,0.304,1.000,0.965
3277364,0.045167,71.2123706778511,0.768,0.184,-0.581,-0.730,-0.607,-0.209,-0.235,0.091,0.874,0.776,0.413,0.170,0.547,-0.208,0.752,0.304,1.000,0.984
3277374,0.0434577,71.2558283796534,0.768,0.184,-0.581,-0.730,-0.607,-0.209,-0.235,0.091,0.874,0.775,0.414,0.171,0.546,-0.209,0.751,0.307,1.000,1.000
3277380,0.0445607,71.3003890803084,0.768,0.184,-0.581,-0.730,-0.607,-0.209,-0.235,0.091,0.874,0.776,0.413,0.171,0.546,-0.211,0.751,0.307,1.000,1.000
3277390,0.0372249,71.3376139802858,0.768,0.184,-0.581,-0.730,-0.607,-0.209,-0.235,0.091,0.874,0.776,0.414,0.171,0.545,-0.209,0.752,0.306,1.000,1.000
3277400,0.0502493,71.3878632811829,0.768,0.184,-0.581,-0.730,-0.607,-0.209,-0.235,0.091,0.874,0.777,0.413,0.171,0.545,-0.208,0.753,0.305,1.000,0.981
3277408,0.0442085,71.4320717817172,0.768,0.184,-0.581,-0.730,-0.607,-0.209,-0.235,0.091,0.874,0.777,0.412,0.170,0.544,-0.208,0.754,0.304,1.000,0.968
3277418,0.0441299,71.4762016823515,0.768,0.184,-0.581,-0.730,-0.607,-0.209,-0.235,0.091,0.874,0.776,0.412,0.171,0.543,-0.206,0.755,0.303,1.000,0.951
3277426,0.0451518,71.5213534822688,0.768,0.184,-0.581,-0.730,-0.607,-0.209,-0.235,0.091,0.874,0.775,0.411,0.170,0.543,-0.208,0.755,0.303,1.000,0.956
3277436,0.0429018,71.5642552813515,0.768,0.184,-0.581,-0.730,-0.607,-0.209,-0.235,0.091,0.874,0.774,0.409,0.170,0.541,-0.208,0.757,0.301,1.000,0.968
3277444,0.0464609,71.6107161818072,0.768,0.184,-0.581,-0.730,-0.607,-0.209,-0.235,0.091,0.874,0.773,0.408,0.171,0.541,-0.207,0.758,0.299,1.000,0.954
3277454,0.0448638,71.6555799832568,0.768,0.184,-0.581,-0.730,-0.607,-0.209,-0.235,0.091,0.874,0.772,0.406,0.172,0.541,-0.206,0.759,0.298,1.000,0.936
3277462,0.0487315,71.704311481677,0.768,0.184,-0.581,-0.730,-0.607,-0.209,-0.235,0.091,0.874,0.772,0.404,0.171,0.543,-0.208,0.757,0.296,1.000,0.939
3277470,0.0406137,71.7449251813814,0.768,0.184,-0.581,-0.730,-0.607,-0.209,-0.235,0.091,0.874,0.771,0.403,0.171,0.543,-0.209,0.757,0.297,1.000,0.947
3277476,0.0462562,71.7911813808605,0.768,0.184,-0.581,-0.730,-0.607,-0.209,-0.235,0.091,0.874,0.768,0.404,0.173,0.543,-0.209,0.757,0.298,1.000,0.952
3277484,0.0379879,71.8291692798957,0.768,0.184,-0.581,-0.730,-0.607,-0.209,-0.235,0.091,0.874,0.770,0.405,0.172,0.542,-0.207,0.758,0.298,1.000,0.968
3277492,0.0385059,71.8676751805469,0.768,0.184,-0.581,-0.730,-0.607,-0.209,-0.235,0.091,0.874,0.770,0.405,0.171,0.544,-0.205,0.758,0.297,1.000,0.968
3277496,0.0246797,71.8923548804596,0.768,0.184,-0.581,-0.730,-0.607,-0.209,-0.235,0.091,0.874,0.771,0.405,0.172,0.544,-0.203,0.759,0.294,1.000,0.964
3277502,0.0268355,71.919190379791,0.768,0.184,-0.581,-0.730,-0.607,-0.209,-0.235,0.091,0.874,0.770,0.404,0.173,0.545,-0.204,0.758,0.295,1.000,0.960
3277510,0.0339264,71.9531167810783,0.768,0.184,-0.581,-0.730,-0.607,-0.209,-0.235,0.091,0.874,0.770,0.403,0.174,0.546,-0.207,0.756,0.297,1.000,0.975
3277518,0.0300023,71.9831190807745,0.768,0.184,-0.581,-0.730,-0.607,-0.209,-0.235,0.091,0.874,0.770,0.403,0.175,0.546,-0.208,0.755,0.298,1.000,0.981
3277532,0.0652883,72.0484073786065,0.768,0.184,-0.581,-0.730,-0.607,-0.209,-0.235,0.091,0.874,0.770,0.403,0.176,0.549,-0.207,0.754,0.296,1.000,0.949
3277542,0.0524255,72.100832878612,0.768,0.184,-0.581,-0.730,-0.607,-0.209,-0.235,0.091,0.874,0.771,0.404,0.179,0.551,-0.207,0.751,0.298,1.000,0.938
3277550,0.0495713,72.1504041804001,0.768,0.184,-0.581,-0.730,-0.607,-0.209,-0.235,0.091,0.874,0.771,0.404,0.180,0.552,-0.209,0.750,0.300,1.000,0.946
3277560,0.042686,72.1930901808664,0.768,0.184,-0.581,-0.730,-0.607,-0.209,-0.235,0.091,0.874,0.770,0.404,0.181,0.552,-0.209,0.749,0.301,1.000,0.957
3277568,0.0393973,72.2324874801561,0.768,0.184,-0.581,-0.730,-0.607,-0.209,-0.235,0.091,0.874,0.769,0.404,0.182,0.552,-0.212,0.747,0.303,1.000,0.963
3277578,0.0451717,72.2776591805741,0.768,0.184,-0.581,-0.730,-0.607,-0.209,-0.235,0.091,0.874,0.768,0.404,0.184,0.554,-0.213,0.745,0.304,1.000,0.977
3277586,0.0440629,72.3217220818624,0.768,0.184,-0.581,-0.730,-0.607,-0.209,-0.235,0.091,0.874,0.766,0.404,0.185,0.554,-0.215,0.744,0.305,1.000,0.990
3277596,0.0450266,72.3667486822233,0.768,0.184,-0.581,-0.730,-0.607,-0.209,-0.235,0.091,0.874,0.766,0.403,0.186,0.554,-0.218,0.744,0.305,1.000,0.993
3277604,0.0443235,72.4110721824691,0.768,0.184,-0.581,-0.730,-0.607,-0.209,-0.235,0.091,0.874,0.763,0.404,0.189,0.553,-0.221,0.744,0.304,1.000,0.965
3277614,0.0431742,72.454246382229,0.768,0.184,-0.581,-0.730,-0.607,-0.209,-0.235,0.091,0.874,0.761,0.405,0.192,0.554,-0.221,0.744,0.302,1.000,0.944
3277624,0.0487858,72.5030321804807,0.768,0.184,-0.581,-0.730,-0.607,-0.209,-0.235,0.091,0.874,0.759,0.408,0.192,0.555,-0.220,0.744,0.301,1.000,0.928
3277634,0.054824,72.5578561788425,0.768,0.184,-0.581,-0.730,-0.607,-0.209,-0.235,0.091,0.874,0.758,0.408,0.192,0.552,-0.217,0.747,0.302,1.000,0.930
3277642,0.0474364,72.6052925800905,0.768,0.184,-0.581,-0.730,-0.607,-0.209,-0.235,0.091,0.874,0.759,0.408,0.193,0.549,-0.215,0.750,0.301,1.000,0.934
3277652,0.0436441,72.6489366805181,0.768,0.184,-0.581,-0.730,-0.607,-0.209,-0.235,0.091,0.874,0.759,0.409,0.191,0.548,-0.215,0.751,0.300,1.000,0.936
3277660,0.0469918,72.6959284795448,0.768,0.184,-0.581,-0.730,-0.607,-0.209,-0.235,0.091,0.874,0.758,0.409,0.191,0.548,-0.214,0.751,0.300,1.000,0.928
3277670,0.045355,72.7412834791467,0.768,0.184,-0.581,-0.730,-0.607,-0.209,-0.235,0.091,0.874,0.757,0.407,0.191,0.548,-0.217,0.750,0.301,1.000,0.933
3277678,0.041542,72.7828254802153,0.768,0.184,-0.581,-0.730,-0.607,-0.209,-0.235,0.091,0.874,0.757,0.407,0.191,0.547,-0.213,0.752,0.300,1.000,0.971
3277688,0.0503673,72.8331927796826,0.768,0.184,-0.581,-0.730,-0.607,-0.209,-0.235,0.091,0.874,0.759,0.407,0.193,0.546,-0.212,0.754,0.298,1.000,0.958
3277698,0.046061,72.8792537814006,0.768,0.184,-0.581,-0.730,-0.607,-0.209,-0.235,0.091,0.874,0.759,0.409,0.194,0.546,-0.208,0.757,0.293,1.000,0.927
3277706,0.0435413,72.9227950824425,0.768,0.184,-0.581,-0.730,-0.607,-0.209,-0.235,0.091,0.874,0.758,0.410,0.193,0.546,-0.209,0.757,0.292,1.000,0.894
3277716,0.0456543,72.9684493830428,0.768,0.184,-0.581,-0.730,-0.607,-0.209,-0.235,0.091,0.874,0.756,0.410,0.191,0.548,-0.211,0.754,0.295,1.000,0.905
3277724,0.0451299,73.0135792819783,0.768,0.184,-0.581,-0.730,-0.607,-0.209,-0.235,0.091,0.874,0.756,0.410,0.190,0.547,-0.212,0.754,0.295,1.000,0.943
3277732,0.0445052,73.0580844832584,0.768,0.184,-0.581,-0.730,-0.607,-0.209,-0.235,0.091,0.874,0.755,0.410,0.190,0.545,-0.213,0.754,0.297,1.000,0.947
3277742,0.0436542,73.1017386829481,0.768,0.184,-0.581,-0.730,-0.607,-0.209,-0.235,0.091,0.874,0.754,0.410,0.189,0.544,-0.213,0.754,0.299,1.000,0.944
3277750,0.0468714,73.1486100843176,0.768,0.184,-0.581,-0.730,-0.607,-0.209,-0.235,0.091,0.874,0.753,0.410,0.186,0.544,-0.217,0.752,0.300,1.000,0.955
3277760,0.0399443,73.188554382883,0.768,0.184,-0.581,-0.730,-0.607,-0.209,-0.235,0.091,0.874,0.751,0.411,0.186,0.544,-0.217,0.753,0.300,1.000,0.949
3277768,0.0450537,73.2336080847308,0.768,0.184,-0.581,-0.730,-0.607,-0.209,-0.235,0.091,0.874,0.749,0.411,0.186,0.543,-0.219,0.753,0.300,1.000,0.921
3277778,0.044892,73.2785000829026,0.768,0.184,-0.581,-0.730,-0.607,-0.209,-0.235,0.091,0.874,0.749,0.414,0.185,0.542,-0.217,0.755,0.298,1.000,0.910
3277786,0.0451079,73.323607983999,0.768,0.184,-0.581,-0.730,-0.607,-0.209,-0.235,0.091,0.874,0.750,0.415,0.184,0.542,-0.214,0.757,0.295,1.000,0.898
3277794,0.0437253,73.3673332845792,0.768,0.184,-0.581,-0.730,-0.607,-0.209,-0.235,0.091,0.874,0.750,0.415,0.182,0.540,-0.212,0.759,0.297,1.000,0.897
3277804,0.0409426,73.4082758864388,0.768,0.184,-0.581,-0.730,-0.607,-0.209,-0.235,0.091,0.874,0.750,0.415,0.181,0.539,-0.210,0.759,0.299,1.000,0.912
3277812,0.0450011,73.4532769871876,0.768,0.184,-0.581,-0.730,-0.607,-0.209,-0.235,0.091,0.874,0.751,0.415,0.180,0.538,-0.208,0.760,0.299,1.000,0.939
3277822,0.0461203,73.4993972880766,0.768,0.184,-0.581,-0.730,-0.607,-0.209,-0.235,0.091,0.874,0.751,0.415,0.180,0.536,-0.208,0.761,0.300,1.000,0.936
3277830,0.0462805,73.5456777876243,0.768,0.184,-0.581,-0.730,-0.607,-0.209,-0.235,0.091,0.874,0.752,0.414,0.182,0.534,-0.210,0.762,0.301,1.000,0.937
3277840,0.0439381,73.5896158879623,0.768,0.184,-0.581,-0.730,-0.607,-0.209,-0.235,0.091,0.874,0.752,0.414,0.180,0.533,-0.211,0.762,0.301,1.000,0.924
3277848,0.0416889,73.6313047884032,0.768,0.184,-0.581,-0.730,-0.607,-0.209,-0.235,0.091,0.874,0.750,0.413,0.178,0.536,-0.213,0.758,0.306,1.000,0.919
3277858,0.0453749,73.6766796885058,0.768,0.184,-0.581,-0.730,-0.607,-0.209,-0.235,0.091,0.874,0.750,0.413,0.179,0.536,-0.213,0.757,0.308,1.000,0.976
3277866,0.0481747,73.7248543901369,0.768,0.184,-0.581,-0.730,-0.607,-0.209,-0.235,0.091,0.874,0.752,0.412,0.179,0.535,-0.212,0.758,0.307,1.000,0.990
3277876,0.0407105,73.7655648915097,0.768,0.184,-0.581,-0.730,-0.607,-0.209,-0.235,0.091,0.874,0.753,0.412,0.180,0.536,-0.213,0.758,0.306,1.000,0.994
3277884,0.0469716,73.8125364920124,0.768,0.184,-0.581,-0.730,-0.607,-0.209,-0.235,0.091,0.874,0.754,0.411,0.180,0.537,-0.214,0.757,0.304,1.000,0.967
3277892,0.0433865,73.8559229923412,0.768,0.184,-0.581,-0.730,-0.607,-0.209,-0.235,0.091,0.874,0.755,0.411,0.180,0.538,-0.214,0.757,0.303,1.000,0.938
3277902,0.0431257,73.8990486925468,0.768,0.184,-0.581,-0.730,-0.607,-0.209,-0.235,0.091,0.874,0.753,0.412,0.182,0.538,-0.216,0.756,0.304,1.000,0.943
3277908,0.0436923,73.9427409907803,0.768,0.184,-0.581,-0.730,-0.607,-0.209,-0.235,0.091,0.874,0.752,0.412,0.182,0.538,-0.217,0.755,0.305,1.000,0.936
3277918,0.0364622,73.9792031897232,0.768,0.184,-0.581,-0.730,-0.607,-0.209,-0.235,0.091,0.874,0.752,0.412,0.183,0.538,-0.217,0.755,0.305,1.000,0.931
3277928,0.0533579,74.0325610889122,0.768,0.184,-0.581,-0.730,-0.607,-0.209,-0.235,0.091,0.874,0.752,0.412,0.182,0.538,-0.219,0.755,0.304,1.000,0.943
3277936,0.0441934,74.0767544871196,0.768,0.184,-0.581,-0.730,-0.607,-0.209,-0.235,0.091,0.874,0.751,0.412,0.181,0.538,-0.217,0.756,0.303,1.000,0.951
3277944,0.0426446,74.1193990884349,0.768,0.184,-0.581,-0.730,-0.607,-0.209,-0.235,0.091,0.874,0.751,0.410,0.181,0.536,-0.217,0.758,0.302,1.000,0.960
3277952,0.0380696,74.1574686868116,0.768,0.184,-0.581,-0.730,-0.607,-0.209,-0.235,0.091,0.874,0.750,0.409,0.180,0.536,-0.217,0.758,0.301,1.000,0.965
3277962,0.0415947,74.1990633858368,0.768,0.184,-0.581,-0.730,-0.607,-0.209,-0.235,0.091,0.874,0.749,0.407,0.179,0.536,-0.217,0.759,0.299,1.000,0.985
3277970,0.046816,74.245879384689,0.768,0.184,-0.581,-0.730,-0.607,-0.209,-0.235,0.091,0.874,0.746,0.407,0.181,0.535,-0.217,0.760,0.299,1.000,0.975
3277980,0.0452002,74.2910795835778,0.768,0.184,-0.581,-0.730,-0.607,-0.209,-0.235,0.091,0.874,0.739,0.408,0.180,0.539,-0.222,0.753,0.305,1.000,0.967
3277988,0.0430482,74.334127782844,0.768,0.184,-0.581,-0.730,-0.607,-0.209,-0.235,0.091,0.874,0.734,0.410,0.181,0.541,-0.224,0.750,0.308,1.000,0.960
3277998,0.045489,74.3796167811379,0.768,0.184,-0.581,-0.730,-0.607,-0.209,-0.235,0.091,0.874,0.733,0.411,0.183,0.542,-0.225,0.749,0.308,1.000,0.973
3278006,0.049611,74.4292277796194,0.768,0.184,-0.581,-0.730,-0.607,-0.209,-0.235,0.091,0.874,0.735,0.410,0.186,0.544,-0.228,0.745,0.312,1.000,0.921
3278016,0.0407819,74.4700096799061,0.768,0.184,-0.581,-0.730,-0.607,-0.209,-0.235,0.091,0.874,0.735,0.409,0.186,0.549,-0.231,0.737,0.318,1.000,0.870
3278024,0.0445088,74.5145184798166,0.768,0.184,-0.581,-0.730,-0.607,-0.209,-0.235,0.091,0.874,0.738,0.409,0.187,0.550,-0.231,0.736,0.321,1.000,0.885
3278036,0.0485082,74.5630266806111,0.768,0.184,-0.581,-0.730,-0.607,-0.209,-0.235,0.091,0.874,0.742,0.408,0.187,0.551,-0.231,0.736,0.318,1.000,0.928
3278042,0.0482737,74.6113003818318,0.768,0.184,-0.581,-0.730,-0.607,-0.209,-0.235,0.091,0.874,0.744,0.409,0.190,0.551,-0.229,0.735,0.322,1.000,0.917
3278052,0.0466501,74.6579504823312,0.768,0.184,-0.581,-0.730,-0.607,-0.209,-0.235,0.091,0.874,0.750,0.408,0.191,0.555,-0.230,0.733,0.320,1.000,0.905
3278062,0.0422318,74.7001822805032,0.768,0.184,-0.581,-0.730,-0.607,-0.209,-0.235,0.091,0.874,0.752,0.408,0.194,0.562,-0.228,0.729,0.318,1.000,0.882
3278070,0.0454748,74.7456570817158,0.768,0.184,-0.581,-0.730,-0.607,-0.209,-0.235,0.091,0.874,0.755,0.408,0.196,0.569,-0.227,0.725,0.317,1.000,0.887
3278078,0.0429109,74.7885679816827,0.768,0.184,-0.581,-0.730,-0.607,-0.209,-0.235,0.091,0.874,0.758,0.407,0.198,0.572,-0.224,0.723,0.317,1.000,0.892
3278088,0.0446476,74.8332155821845,0.768,0.184,-0.581,-0.730,-0.607,-0.209,-0.235,0.091,0.874,0.764,0.405,0.199,0.575,-0.224,0.721,0.316,1.000,0.903
3278098,0.0457441,74.8789596809074,0.768,0.184,-0.581,-0.730,-0.607,-0.209,-0.235,0.091,0.874,0.770,0.405,0.201,0.578,-0.222,0.719,0.315,1.000,0.900
3278106,0.0445301,74.9234897820279,0.768,0.184,-0.581,-0.730,-0.607,-0.209,-0.235,0.091,0.874,0.775,0.404,0.203,0.581,-0.222,0.718,0.313,1.000,0.910
3278116,0.0462818,74.9697715817019,0.768,0.184,-0.581,-0.730,-0.607,-0.209,-0.235,0.091,0.874,0.780,0.403,0.206,0.585,-0.220,0.715,0.313,1.000,0.916
3278122,0.0470173,75.0167888803408,0.768,0.184,-0.581,-0.730,-0.607,-0.209,-0.235,0.091,0.874,0.783,0.402,0.206,0.589,-0.221,0.711,0.314,1.000,0.923
3278128,0.0292807,75.0460695801303,0.768,0.184,-0.581,-0.730,-0.607,-0.209,-0.235,0.091,0.874,0.784,0.401,0.207,0.592,-0.222,0.707,0.317,1.000,0.927
3278136,0.0321501,75.0782196810469,0.768,0.184,-0.581,-0.730,-0.607,-0.209,-0.235,0.091,0.874,0.787,0.400,0.206,0.595,-0.224,0.704,0.317,1.000,0.947
3278144,0.0450947,75.1233143797144,0.768,0.184,-0.581,-0.730,-0.607,-0.209,-0.235,0.091,0.874,0.788,0.399,0.206,0.597,-0.223,0.703,0.316,1.000,0.973
3278148,0.0300567,75.1533710798249,0.768,0.184,-0.581,-0.730,-0.607,-0.209,-0.235,0.091,0.874,0.789,0.399,0.207,0.598,-0.221,0.703,0.315,1.000,0.996
3278156,0.0258423,75.1792133795097,0.768,0.184,-0.581,-0.730,-0.607,-0.209,-0.235,0.091,0.874,0.790,0.400,0.209,0.599,-0.220,0.703,0.314,1.000,1.000
3278160,0.0338563,75.2130696782842,0.768,0.184,-0.581,-0.730,-0.607,-0.209,-0.235,0.091,0.874,0.790,0.400,0.211,0.598,-0.220,0.703,0.315,1.000,1.000
3278168,0.0322198,75.2452894793823,0.768,0.184,-0.581,-0.730,-0.607,-0.209,-0.235,0.091,0.874,0.792,0.399,0.211,0.600,-0.218,0.703,0.312,1.000,1.000
3278180,0.0553242,75.3006136799231,0.768,0.184,-0.581,-0.730,-0.607,-0.209,-0.235,0.091,0.874,0.795,0.399,0.211,0.601,-0.218,0.704,0.310,1.000,1.000
3278186,0.0379266,75.3385402793065,0.768,0.184,-0.581,-0.730,-0.607,-0.209,-0.235,0.091,0.874,0.794,0.397,0.210,0.600,-0.220,0.705,0.307,1.000,1.000
3278196,0.0324476,75.370987878181,0.768,0.184,-0.581,-0.730,-0.607,-0.209,-0.235,0.091,0.874,0.793,0.398,0.210,0.601,-0.220,0.703,0.309,1.000,1.000
3278204,0.0424398,75.4134276779369,0.768,0.184,-0.581,-0.730,-0.607,-0.209,-0.235,0.091,0.874,0.793,0.397,0.208,0.603,-0.221,0.702,0.307,1.000,1.000
3278214,0.0501624,75.4635900789872,0.768,0.184,-0.581,-0.730,-0.607,-0.209,-0.235,0.091,0.874,0.792,0.397,0.209,0.604,-0.220,0.702,0.307,1.000,1.000
3278222,0.0464855,75.5100755775347,0.768,0.184,-0.581,-0.730,-0.607,-0.209,-0.235,0.091,0.874,0.789,0.397,0.211,0.605,-0.218,0.702,0.307,1.000,1.000
3278232,0.0364802,75.5465557770804,0.768,0.184,-0.581,-0.730,-0.607,-0.209,-0.235,0.091,0.874,0.787,0.397,0.209,0.606,-0.219,0.701,0.306,1.000,1.000
3278240,0.0507298,75.597285577096,0.768,0.184,-0.581,-0.730,-0.607,-0.209,-0.235,0.091,0.874,0.781,0.398,0.209,0.608,-0.225,0.696,0.308,1.000,1.000
3278250,0.0464177,75.6437032753602,0.768,0.184,-0.581,-0.730,-0.607,-0.209,-0.235,0.091,0.874,0.772,0.400,0.208,0.608,-0.229,0.695,0.309,1.000,1.000
3278260,0.0446702,75.6883734771982,0.768,0.184,-0.581,-0.730,-0.607,-0.209,-0.235,0.091,0.874,0.761,0.403,0.207,0.607,-0.240,0.689,0.316,1.000,1.000
3278268,0.0456004,75.7339738765731,0.768,0.184,-0.581,-0.730,-0.607,-0.209,-0.235,0.091,0.874,0.748,0.407,0.204,0.606,-0.239,0.690,0.315,1.000,1.000
3278280,0.0416991,75.7756729768589,0.768,0.184,-0.581,-0.730,-0.607,-0.209,-0.235,0.091,0.874,0.740,0.408,0.203,0.599,-0.244,0.694,0.316,1.000,1.000
3278288,0.057241,75.832913977094,0.768,0.184,-0.581,-0.730,-0.607,-0.209,-0.235,0.091,0.874,0.734,0.411,0.204,0.597,-0.245,0.697,0.313,1.000,1.000
3278296,0.0458296,75.8787435786799,0.768,0.184,-0.581,-0.730,-0.607,-0.209,-0.235,0.091,0.874,0.729,0.413,0.204,0.592,-0.249,0.700,0.313,1.000,1.000
3278306,0.0452649,75.9240084784105,0.768,0.184,-0.581,-0.730,-0.607,-0.209,-0.235,0.091,0.874,0.728,0.413,0.204,0.590,-0.250,0.703,0.310,1.000,1.000
3278314,0.0448782,75.9688866781071,0.768,0.184,-0.581,-0.730,-0.607,-0.209,-0.235,0.091,0.874,0.728,0.412,0.204,0.586,-0.249,0.707,0.308,1.000,1.000
3278324,0.0425935,76.0114801796153,0.768,0.184,-0.581,-0.730,-0.607,-0.209,-0.235,0.091,0.874,0.727,0.411,0.204,0.582,-0.249,0.709,0.309,1.000,1.000
3278332,0.0474008,76.0588809782639,0.768,0.184,-0.581,-0.730,-0.607,-0.209,-0.235,0.091,0.874,0.728,0.409,0.205,0.580,-0.250,0.712,0.308,1.000,1.000
3278342,0.0422452,76.1011261800304,0.768,0.184,-0.581,-0.730,-0.607,-0.209,-0.235,0.091,0.874,0.730,0.408,0.205,0.579,-0.250,0.713,0.308,1.000,1.000
3278350,0.0432384,76.1443645814434,0.768,0.184,-0.581,-0.730,-0.607,-0.209,-0.235,0.091,0.874,0.730,0.407,0.204,0.579,-0.250,0.712,0.307,1.000,1.000
3278358,0.046403,76.190767579712,0.768,0.184,-0.581,-0.730,-0.607,-0.209,-0.235,0.091,0.874,0.729,0.406,0.203,0.582,-0.252,0.710,0.308,1.000,1.000
3278368,0.0405425,76.2313100779429,0.768,0.184,-0.581,-0.730,-0.607,-0.209,-0.235,0.091,0.874,0.728,0.406,0.203,0.583,-0.253,0.708,0.308,1.000,1.000
3278376,0.0472721,76.2785821789876,0.768,0.184,-0.581,-0.730,-0.607,-0.209,-0.235,0.091,0.874,0.728,0.406,0.202,0.583,-0.255,0.708,0.308,1.000,1.000
3278386,0.0447612,76.3233433784917,0.768,0.184,-0.581,-0.730,-0.607,-0.209,-0.235,0.091,0.874,0.730,0.405,0.203,0.584,-0.252,0.709,0.306,1.000,1.000
3278394,0.0466968,76.3700401792303,0.768,0.184,-0.581,-0.730,-0.607,-0.209,-0.235,0.091,0.874,0.731,0.405,0.204,0.584,-0.251,0.709,0.307,1.000,1.000
3278404,0.0415321,76.4115722784773,0.768,0.184,-0.581,-0.730,-0.607,-0.209,-0.235,0.091,0.874,0.732,0.405,0.204,0.584,-0.251,0.708,0.306,1.000,1.000
3278414,0.0429651,76.4545373776928,0.768,0.184,-0.581,-0.730,-0.607,-0.209,-0.235,0.091,0.874,0.734,0.406,0.204,0.586,-0.251,0.708,0.305,1.000,1.000
3278422,0.0477262,76.5022635767236,0.768,0.184,-0.581,-0.730,-0.607,-0.209,-0.235,0.091,0.874,0.734,0.407,0.206,0.588,-0.250,0.707,0.305,1.000,1.000
3278430,0.0396486,76.5419121766463,0.768,0.184,-0.581,-0.730,-0.607,-0.209,-0.235,0.091,0.874,0.734,0.407,0.207,0.591,-0.250,0.703,0.305,1.000,1.000
3278440,0.0460794,76.5879915775731,0.768,0.184,-0.581,-0.730,-0.607,-0.209,-0.235,0.091,0.874,0.734,0.408,0.206,0.593,-0.250,0.702,0.307,1.000,1.000
3278448,0.0475296,76.6355211781338,0.768,0.184,-0.581,-0.730,-0.607,-0.209,-0.235,0.091,0.874,0.737,0.406,0.205,0.592,-0.250,0.703,0.305,1.000,1.000
3278458,0.045504,76.6810251781717,0.768,0.184,-0.581,-0.730,-0.607,-0.209,-0.235,0.091,0.874,0.738,0.405,0.205,0.591,-0.249,0.705,0.303,1.000,1.000
3278466,0.0414073,76.7224324764684,0.768,0.184,-0.581,-0.730,-0.607,-0.209,-0.235,0.091,0.874,0.741,0.404,0.206,0.589,-0.249,0.707,0.302,1.000,1.000
3278474,0.0460894,76.7685218760744,0.768,0.184,-0.581,-0.730,-0.607,-0.209,-0.235,0.091,0.874,0.742,0.404,0.205,0.588,-0.247,0.709,0.302,1.000,1.000
3278482,0.0424706,76.8109924765304,0.768,0.184,-0.581,-0.730,-0.607,-0.209,-0.235,0.091,0.874,0.742,0.403,0.204,0.589,-0.244,0.710,0.300,1.000,1.000
3278492,0.0422286,76.853221074678,0.768,0.184,-0.581,-0.730,-0.607,-0.209,-0.235,0.091,0.874,0.742,0.401,0.204,0.592,-0.243,0.707,0.300,1.000,1.000
3278502,0.0488751,76.9020961755887,0.768,0.184,-0.581,-0.730,-0.607,-0.209,-0.235,0.091,0.874,0.741,0.401,0.204,0.593,-0.244,0.707,0.300,1.000,1.000
3278510,0.0435471,76.9456432769075,0.768,0.184,-0.581,-0.730,-0.607,-0.209,-0.235,0.091,0.874,0.742,0.401,0.206,0.593,-0.244,0.708,0.297,1.000,1.000
3278520,0.0418051,76.9874483766034,0.768,0.184,-0.581,-0.730,-0.607,-0.209,-0.235,0.091,0.874,0.743,0.401,0.205,0.593,-0.245,0.708,0.295,1.000,1.000
3278528,0.0466937,77.0341420779005,0.768,0.184,-0.581,-0.730,-0.607,-0.209,-0.235,0.091,0.874,0.743,0.401,0.205,0.593,-0.244,0.708,0.295,1.000,1.000
3278536,0.0437411,77.0778831774369,0.768,0.184,-0.581,-0.730,-0.607,-0.209,-0.235,0.091,0.874,0.743,0.400,0.204,0.595,-0.245,0.707,0.295,1.000,1.000
3278546,0.04284,77.1207231776789,0.768,0.184,-0.581,-0.730,-0.607,-0.209,-0.235,0.091,0.874,0.743,0.399,0.202,0.596,-0.249,0.703,0.297,1.000,1.000
3278554,0.0476382,77.1683613779023,0.768,0.184,-0.581,-0.730,-0.607,-0.209,-0.235,0.091,0.874,0.743,0.400,0.202,0.595,-0.249,0.704,0.298,1.000,1.000
3278564,0.0447885,77.2131498763338,0.768,0.184,-0.581,-0.730,-0.607,-0.209,-0.235,0.091,0.874,0.743,0.401,0.201,0.594,-0.249,0.705,0.297,1.000,1.000
3278572,0.041381,77.2545308778062,0.768,0.184,-0.581,-0.730,-0.607,-0.209,-0.235,0.091,0.874,0.744,0.399,0.199,0.593,-0.249,0.706,0.297,1.000,1.000
3278582,0.0471558,77.3016866790131,0.768,0.184,-0.581,-0.730,-0.607,-0.209,-0.235,0.091,0.874,0.745,0.399,0.199,0.593,-0.248,0.707,0.297,1.000,1.000
3278590,0.0423698,77.3440564805642,0.768,0.184,-0.581,-0.730,-0.607,-0.209,-0.235,0.091,0.874,0.745,0.398,0.198,0.593,-0.247,0.707,0.295,1.000,1.000
3278598,0.0440157,77.3880721824244,0.768,0.184,-0.581,-0.730,-0.607,-0.209,-0.235,0.091,0.874,0.747,0.398,0.198,0.592,-0.246,0.709,0.295,1.000,1.000
3278608,0.0407427,77.4288148814812,0.768,0.184,-0.581,-0.730,-0.607,-0.209,-0.235,0.091,0.874,0.747,0.398,0.198,0.592,-0.244,0.709,0.295,1.000,1.000
3278618,0.0474044,77.4762192824855,0.768,0.184,-0.581,-0.730,-0.607,-0.209,-0.235,0.091,0.874,0.747,0.398,0.197,0.592,-0.245,0.708,0.297,1.000,1.000
3278626,0.046689,77.5229082824662,0.768,0.184,-0.581,-0.730,-0.607,-0.209,-0.235,0.091,0.874,0.747,0.398,0.195,0.592,-0.246,0.707,0.297,1.000,1.000
3278636,0.0432435,77.5661517838016,0.768,0.184,-0.581,-0.730,-0.607,-0.209,-0.235,0.091,0.874,0.748,0.397,0.194,0.592,-0.246,0.707,0.298,1.000,1.000
3278642,0.0524407,77.6185924829915,0.768,0.184,-0.581,-0.730,-0.607,-0.209,-0.235,0.091,0.874,0.748,0.397,0.193,0.592,-0.247,0.707,0.298,1.000,1.000
3278652,0.0319792,77.6505716824904,0.768,0.184,-0.581,-0.730,-0.607,-0.209,-0.235,0.091,0.874,0.748,0.398,0.194,0.592,-0.247,0.708,0.296,1.000,1.000
3278662,0.0512443,77.7018159823492,0.768,0.184,-0.581,-0.730,-0.607,-0.209,-0.235,0.091,0.874,0.748,0.400,0.195,0.593,-0.244,0.709,0.294,1.000,1.000
3278670,0.0462245,77.7480404833332,0.768,0.184,-0.581,-0.730,-0.607,-0.209,-0.235,0.091,0.874,0.749,0.399,0.194,0.593,-0.243,0.709,0.295,1.000,1.000
3278680,0.0411826,77.7892230832949,0.768,0.184,-0.581,-0.730,-0.607,-0.209,-0.235,0.091,0.874,0.752,0.398,0.193,0.592,-0.243,0.710,0.295,1.000,1.000
3278688,0.0449604,77.8341834815219,0.768,0.184,-0.581,-0.730,-0.607,-0.209,-0.235,0.091,0.874,0.753,0.397,0.192,0.591,-0.244,0.710,0.295,1.000,1.000
3278698,0.0443728,77.8785562822595,0.768,0.184,-0.581,-0.730,-0.607,-0.209,-0.235,0.091,0.874,0.754,0.397,0.192,0.591,-0.243,0.710,0.296,1.000,1.000
3278706,0.0435714,77.922127683647,0.768,0.184,-0.581,-0.730,-0.607,-0.209,-0.235,0.091,0.874,0.756,0.397,0.191,0.592,-0.242,0.710,0.296,1.000,1.000
3278714,0.0463024,77.9684300841764,0.768,0.184,-0.581,-0.730,-0.607,-0.209,-0.235,0.091,0.874,0.758,0.395,0.192,0.594,-0.239,0.710,0.294,1.000,1.000
3278724,0.0417417,78.0101717831567,0.768,0.184,-0.581,-0.730,-0.607,-0.209,-0.235,0.091,0.874,0.762,0.394,0.194,0.596,-0.237,0.710,0.293,1.000,1.000
3278732,0.0449328,78.0551045844331,0.768,0.184,-0.581,-0.730,-0.607,-0.209,-0.235,0.091,0.874,0.765,0.394,0.195,0.596,-0.235,0.709,0.294,1.000,1.000
3278742,0.0443771,78.0994816841558,0.768,0.184,-0.581,-0.730,-0.607,-0.209,-0.235,0.091,0.874,0.768,0.393,0.195,0.596,-0.234,0.709,0.294,1.000,1.000
3278752,0.0453553,78.1448369855061,0.768,0.184,-0.581,-0.730,-0.607,-0.209,-0.235,0.091,0.874,0.771,0.393,0.195,0.597,-0.232,0.710,0.294,1.000,1.000
3278760,0.0513809,78.1962178843096,0.768,0.184,-0.581,-0.730,-0.607,-0.209,-0.235,0.091,0.874,0.773,0.393,0.196,0.598,-0.230,0.709,0.294,1.000,1.000
3278768,0.0358551,78.2320729838684,0.768,0.184,-0.581,-0.730,-0.607,-0.209,-0.235,0.091,0.874,0.775,0.393,0.196,0.599,-0.229,0.709,0.293,1.000,1.000
3278776,0.0453019,78.2773748831823,0.768,0.184,-0.581,-0.730,-0.607,-0.209,-0.235,0.091,0.874,0.776,0.393,0.196,0.599,-0.229,0.708,0.294,1.000,1.000
3278786,0.0442302,78.3216050835326,0.768,0.184,-0.581,-0.730,-0.607,-0.209,-0.235,0.091,0.874,0.776,0.394,0.196,0.600,-0.228,0.708,0.295,1.000,1.000
3278796,0.0469211,78.3685261840001,0.768,0.184,-0.581,-0.730,-0.607,-0.209,-0.235,0.091,0.874,0.774,0.396,0.196,0.604,-0.229,0.702,0.300,1.000,1.000
3278804,0.0501368,78.4186629848555,0.768,0.184,-0.581,-0.730,-0.607,-0.209,-0.235,0.091,0.874,0.772,0.396,0.195,0.607,-0.230,0.698,0.301,1.000,1.000
3278806,0.0404825,78.4591454835609,0.768,0.184,-0.581,-0.730,-0.607,-0.209,-0.235,0.091,0.874,0.769,0.396,0.194,0.608,-0.233,0.696,0.302,1.000,1.000
3278814,0.0123443,78.4714897833765,0.768,0.184,-0.581,-0.730,-0.607,-0.209,-0.235,0.091,0.874,0.767,0.396,0.194,0.609,-0.236,0.694,0.303,1.000,1.000
3278820,0.0550852,78.5265749841928,0.768,0.184,-0.581,-0.730,-0.607,-0.209,-0.235,0.091,0.874,0.763,0.397,0.193,0.609,-0.237,0.694,0.302,1.000,1.000
3278826,0.0064077,78.5329826842062,0.768,0.184,-0.581,-0.730,-0.607,-0.209,-0.235,0.091,0.874,0.760,0.399,0.192,0.607,-0.240,0.694,0.304,1.000,1.000
3278836,0.0655661,78.5985487843864,0.768,0.184,-0.581,-0.730,-0.607,-0.209,-0.235,0.091,0.874,0.755,0.401,0.191,0.602,-0.243,0.696,0.306,1.000,1.000
3278840,0.0368141,78.6353628854267,0.768,0.184,-0.581,-0.730,-0.607,-0.209,-0.235,0.091,0.874,0.752,0.402,0.189,0.599,-0.244,0.699,0.305,1.000,1.000
3278852,0.0176111,78.6529739848338,0.768,0.184,-0.581,-0.730,-0.607,-0.209,-0.235,0.091,0.874,0.751,0.402,0.188,0.596,-0.240,0.704,0.302,1.000,1.000
3278860,0.0608223,78.7137962854467,0.768,0.184,-0.581,-0.730,-0.607,-0.209,-0.235,0.091,0.874,0.748,0.402,0.187,0.592,-0.239,0.708,0.301,1.000,1.000
3278868,0.0372803,78.7510765842162,0.768,0.184,-0.581,-0.730,-0.607,-0.209,-0.235,0.091,0.874,0.747,0.401,0.186,0.589,-0.238,0.712,0.299,1.000,1.000
3278878,0.0387942,78.7898707850836,0.768,0.184,-0.581,-0.730,-0.607,-0.209,-0.235,0.091,0.874,0.745,0.401,0.186,0.587,-0.240,0.713,0.298,1.000,1.000
3278886,0.0336449,78.8235156848095,0.768,0.184,-0.581,-0.730,-0.607,-0.209,-0.235,0.091,0.874,0.743,0.401,0.186,0.587,-0.241,0.713,0.298,1.000,1.000
3278892,0.0490973,78.8726129843853,0.768,0.184,-0.581,-0.730,-0.607,-0.209,-0.235,0.091,0.874,0.741,0.402,0.187,0.588,-0.242,0.713,0.295,1.000,1.000
3278902,0.0296833,78.902296283748,0.768,0.184,-0.581,-0.730,-0.607,-0.209,-0.235,0.091,0.874,0.739,0.403,0.188,0.588,-0.241,0.714,0.295,1.000,1.000
3278910,0.0444835,78.9467797852121,0.768,0.184,-0.581,-0.730,-0.607,-0.209,-0.235,0.091,0.874,0.737,0.403,0.188,0.587,-0.242,0.714,0.296,1.000,1.000
3278920,0.0440996,78.9908793843351,0.768,0.184,-0.581,-0.730,-0.607,-0.209,-0.235,0.091,0.874,0.735,0.403,0.187,0.585,-0.244,0.715,0.296,1.000,1.000
3278928,0.0434281,79.0343074849807,0.768,0.184,-0.581,-0.730,-0.607,-0.209,-0.235,0.091,0.874,0.735,0.403,0.187,0.583,-0.242,0.717,0.294,1.000,1.000
3278938,0.0508535,79.0851609832607,0.768,0.184,-0.581,-0.730,-0.607,-0.209,-0.235,0.091,0.874,0.735,0.403,0.186,0.584,-0.242,0.718,0.292,1.000,1.000
3278948,0.0465799,79.1317408843897,0.768,0.184,-0.581,-0.730,-0.607,-0.209,-0.235,0.091,0.874,0.734,0.402,0.185,0.585,-0.243,0.715,0.295,1.000,1.000
3278958,0.0467123,79.1784531860612,0.768,0.184,-0.581,-0.730,-0.607,-0.209,-0.235,0.091,0.874,0.734,0.401,0.184,0.587,-0.245,0.712,0.297,1.000,1.000
3278968,0.0521325,79.2305856845342,0.768,0.184,-0.581,-0.730,-0.607,-0.209,-0.235,0.091,0.874,0.734,0.400,0.185,0.587,-0.245,0.712,0.297,1.000,1.000
3278978,0.0472299,79.2778155854903,0.768,0.184,-0.581,-0.730,-0.607,-0.209,-0.235,0.091,0.874,0.735,0.400,0.186,0.587,-0.245,0.713,0.296,1.000,1.000
3278988,0.0469849,79.3248004852794,0.768,0.184,-0.581,-0.730,-0.607,-0.209,-0.235,0.091,0.874,0.737,0.399,0.187,0.588,-0.245,0.712,0.295,1.000,1.000
3278996,0.0527638,79.3775642863475,0.768,0.184,-0.581,-0.730,-0.607,-0.209,-0.235,0.091,0.874,0.737,0.399,0.187,0.589,-0.243,0.712,0.294,1.000,1.000
3279006,0.0446334,79.4221976860426,0.768,0.184,-0.581,-0.730,-0.607,-0.209,-0.235,0.091,0.874,0.737,0.400,0.188,0.590,-0.242,0.712,0.294,1.000,1.000
3279014,0.0447597,79.4669573842548,0.768,0.184,-0.581,-0.730,-0.607,-0.209,-0.235,0.091,0.874,0.737,0.400,0.188,0.591,-0.243,0.710,0.295,1.000,1.000
3279024,0.0403601,79.5073174848221,0.768,0.184,-0.581,-0.730,-0.607,-0.209,-0.235,0.091,0.874,0.737,0.401,0.188,0.592,-0.242,0.709,0.296,1.000,1.000
3279032,0.0487148,79.5560322864912,0.768,0.184,-0.581,-0.730,-0.607,-0.209,-0.235,0.091,0.874,0.737,0.401,0.188,0.593,-0.242,0.709,0.296,1.000,1.000
3279042,0.0468245,79.602856786456,0.768,0.184,-0.581,-0.730,-0.607,-0.209,-0.235,0.091,0.874,0.738,0.400,0.188,0.592,-0.244,0.709,0.296,1.000,1.000
3279050,0.0430278,79.6458845860325,0.768,0.184,-0.581,-0.730,-0.607,-0.209,-0.235,0.091,0.874,0.739,0.400,0.188,0.590,-0.243,0.711,0.294,1.000,1.000
3279058,0.043492,79.6893765865825,0.768,0.184,-0.581,-0.730,-0.607,-0.209,-0.235,0.091,0.874,0.740,0.399,0.188,0.590,-0.243,0.712,0.293,1.000,1.000
3279066,0.0342689,79.7236454873346,0.768,0.184,-0.581,-0.730,-0.607,-0.209,-0.235,0.091,0.874,0.740,0.399,0.188,0.590,-0.241,0.713,0.292,1.000,1.000
3279076,0.0512457,79.7748911879025,0.768,0.184,-0.581,-0.730,-0.607,-0.209,-0.235,0.091,0.874,0.739,0.400,0.189,0.591,-0.241,0.712,0.293,1.000,1.000
3279084,0.0438618,79.8187529868446,0.768,0.184,-0.581,-0.730,-0.607,-0.209,-0.235,0.091,0.874,0.739,0.400,0.189,0.592,-0.241,0.711,0.293,1.000,1.000
3279094,0.0411875,79.8599404855631,0.768,0.184,-0.581,-0.730,-0.607,-0.209,-0.235,0.091,0.874,0.738,0.400,0.190,0.592,-0.241,0.711,0.294,1.000,1.000
3279102,0.0467168,79.9066572873853,0.768,0.184,-0.581,-0.730,-0.607,-0.209,-0.235,0.091,0.874,0.739,0.399,0.190,0.590,-0.243,0.712,0.293,1.000,1.000
3279112,0.0448907,79.9515479891561,0.768,0.184,-0.581,-0.730,-0.607,-0.209,-0.235,0.091,0.874,0.740,0.398,0.190,0.589,-0.242,0.714,0.292,1.000,1.000
3279120,0.041347,79.992894989904,0.768,0.184,-0.581,-0.730,-0.607,-0.209,-0.235,0.091,0.874,0.740,0.398,0.189,0.590,-0.241,0.714,0.291,1.000,1.000
3279130,0.047927,80.0408219895326,0.768,0.184,-0.581,-0.730,-0.607,-0.209,-0.235,0.091,0.874,0.739,0.398,0.189,0.590,-0.241,0.713,0.291,1.000,1.000
3279138,0.0452707,80.0860926895402,0.768,0.184,-0.581,-0.730,-0.607,-0.209,-0.235,0.091,0.874,0.739,0.397,0.190,0.591,-0.242,0.712,0.291,1.000,1.000
3279148,0.0473945,80.1334871887229,0.768,0.184,-0.581,-0.730,-0.607,-0.209,-0.235,0.091,0.874,0.740,0.397,0.190,0.591,-0.242,0.713,0.291,1.000,1.000
3279156,0.0485953,80.1820824905299,0.768,0.184,-0.581,-0.730,-0.607,-0.209,-0.235,0.091,0.874,0.739,0.397,0.191,0.591,-0.242,0.713,0.290,1.000,1.000
3279162,0.0347169,80.2167993909679,0.768,0.184,-0.581,-0.730,-0.607,-0.209,-0.235,0.091,0.874,0.739,0.397,0.191,0.591,-0.241,0.713,0.290,1.000,1.000
3279168,0.0402947,80.2570940903388,0.768,0.184,-0.581,-0.730,-0.607,-0.209,-0.235,0.091,0.874,0.739,0.396,0.191,0.591,-0.242,0.713,0.290,1.000,1.000
3279176,0.0163439,80.27343798941,0.768,0.184,-0.581,-0.730,-0.607,-0.209,-0.235,0.091,0.874,0.739,0.396,0.191,0.591,-0.242,0.713,0.291,1.000,1.000
3279182,0.0529904,80.3264283887111,0.768,0.184,-0.581,-0.730,-0.607,-0.209,-0.235,0.091,0.874,0.739,0.395,0.191,0.591,-0.243,0.712,0.291,1.000,1.000
3279190,0.0293196,80.3557479879819,0.768,0.184,-0.581,-0.730,-0.607,-0.209,-0.235,0.091,0.874,0.740,0.395,0.191,0.591,-0.244,0.712,0.290,1.000,1.000
3279200,0.0524945,80.4082424878143,0.768,0.184,-0.581,-0.730,-0.607,-0.209,-0.235,0.091,0.874,0.740,0.394,0.190,0.591,-0.245,0.712,0.288,1.000,1.000
3279208,0.0368713,80.4451137869619,0.768,0.184,-0.581,-0.730,-0.607,-0.209,-0.235,0.091,0.874,0.740,0.394,0.191,0.592,-0.245,0.712,0.287,1.000,1.000
3279216,0.043377,80.4884907878004,0.768,0.184,-0.581,-0.730,-0.607,-0.209,-0.235,0.091,0.874,0.740,0.395,0.193,0.590,-0.245,0.713,0.287,1.000,1.000
3279224,0.0361062,80.5245969868265,0.768,0.184,-0.581,-0.730,-0.607,-0.209,-0.235,0.091,0.874,0.741,0.395,0.193,0.588,-0.245,0.715,0.288,1.000,1.000
3279232,0.0306314,80.5552283874713,0.768,0.184,-0.581,-0.730,-0.607,-0.209,-0.235,0.091,0.874,0.741,0.395,0.193,0.585,-0.244,0.719,0.287,1.000,1.000
3279242,0.0497318,80.6049601859413,0.768,0.184,-0.581,-0.730,-0.607,-0.209,-0.235,0.091,0.874,0.740,0.393,0.194,0.580,-0.243,0.722,0.288,1.000,1.000
3279250,0.0407288,80.6456889859401,0.768,0.184,-0.581,-0.730,-0.607,-0.209,-0.235,0.091,0.874,0.741,0.393,0.194,0.577,-0.240,0.725,0.289,1.000,1.000
3279260,0.0434944,80.6891833855771,0.768,0.184,-0.581,-0.730,-0.607,-0.209,-0.235,0.091,0.874,0.741,0.391,0.191,0.577,-0.241,0.723,0.294,1.000,1.000
3279268,0.0457605,80.7349438867532,0.768,0.184,-0.581,-0.730,-0.607,-0.209,-0.235,0.091,0.874,0.739,0.391,0.191,0.580,-0.244,0.718,0.297,1.000,1.000
3279278,0.0448929,80.7798367864452,0.768,0.184,-0.581,-0.730,-0.607,-0.209,-0.235,0.091,0.874,0.738,0.393,0.191,0.583,-0.244,0.715,0.297,1.000,1.000
3279288,0.0470104,80.8268471858464,0.768,0.184,-0.581,-0.730,-0.607,-0.209,-0.235,0.091,0.874,0.736,0.394,0.191,0.584,-0.245,0.713,0.300,1.000,1.000
3279296,0.0510507,80.8778978860937,0.768,0.184,-0.581,-0.730,-0.607,-0.209,-0.235,0.091,0.874,0.735,0.394,0.192,0.583,-0.248,0.712,0.302,1.000,1.000
3279306,0.0439494,80.9218472852372,0.768,0.184,-0.581,-0.730,-0.607,-0.209,-0.235,0.091,0.874,0.736,0.394,0.192,0.582,-0.247,0.714,0.302,1.000,1.000
3279316,0.0491828,80.9710300839506,0.768,0.184,-0.581,-0.730,-0.607,-0.209,-0.235,0.091,0.874,0.737,0.393,0.192,0.582,-0.247,0.714,0.301,1.000,1.000
3279326,0.0496813,81.0207113823853,0.768,0.184,-0.581,-0.730,-0.607,-0.209,-0.235,0.091,0.874,0.737,0.393,0.191,0.581,-0.247,0.715,0.301,1.000,1.000
3279334,0.0496603,81.0703716813587,0.768,0.184,-0.581,-0.730,-0.607,-0.209,-0.235,0.091,0.874,0.738,0.392,0.191,0.582,-0.248,0.714,0.300,1.000,1.000
3279342,0.0417142,81.112085880246,0.768,0.184,-0.581,-0.730,-0.607,-0.209,-0.235,0.091,0.874,0.739,0.392,0.191,0.583,-0.247,0.713,0.299,1.000,1.000
3279352,0.0399936,81.1520794793032,0.768,0.184,-0.581,-0.730,-0.607,-0.209,-0.235,0.091,0.874,0.739,0.392,0.190,0.586,-0.248,0.711,0.299,1.000,1.000
3279360,0.0467438,81.1988232783042,0.768,0.184,-0.581,-0.730,-0.607,-0.209,-0.235,0.091,0.874,0.740,0.393,0.191,0.588,-0.249,0.709,0.299,1.000,1.000
3279370,0.0438086,81.2426318801008,0.768,0.184,-0.581,-0.730,-0.607,-0.209,-0.235,0.091,0.874,0.740,0.393,0.192,0.588,-0.249,0.710,0.298,1.000,1.000
3279378,0.043354,81.285985880997,0.768,0.184,-0.581,-0.730,-0.607,-0.209,-0.235,0.091,0.874,0.740,0.393,0.193,0.587,-0.248,0.711,0.298,1.000,1.000
3279386,0.0448754,81.3308612792753,0.768,0.184,-0.581,-0.730,-0.607,-0.209,-0.235,0.091,0.874,0.741,0.394,0.193,0.587,-0.246,0.711,0.297,1.000,1.000
3279396,0.0434763,81.3743375777267,0.768,0.184,-0.581,-0.730,-0.607,-0.209,-0.235,0.091,0.874,0.741,0.393,0.193,0.588,-0.246,0.711,0.298,1.000,1.000
3279406,0.0396167,81.4139542779885,0.768,0.184,-0.581,-0.730,-0.607,-0.209,-0.235,0.091,0.874,0.741,0.393,0.192,0.589,-0.246,0.710,0.298,1.000,1.000
3279414,0.0513725,81.4653267762624,0.768,0.184,-0.581,-0.730,-0.607,-0.209,-0.235,0.091,0.874,0.742,0.392,0.192,0.590,-0.247,0.710,0.297,1.000,1.000
3279424,0.0468965,81.5122232749127,0.768,0.184,-0.581,-0.730,-0.607,-0.209,-0.235,0.091,0.874,0.741,0.391,0.192,0.590,-0.247,0.709,0.296,1.000,1.000
3279432,0.0525361,81.5647593750618,0.768,0.184,-0.581,-0.730,-0.607,-0.209,-0.235,0.091,0.874,0.741,0.389,0.193,0.590,-0.249,0.708,0.296,1.000,1.000
3279442,0.0379284,81.6026877737604,0.768,0.184,-0.581,-0.730,-0.607,-0.209,-0.235,0.091,0.874,0.741,0.388,0.193,0.591,-0.250,0.708,0.296,1.000,1.000
3279450,0.0448621,81.6475498727523,0.768,0.184,-0.581,-0.730,-0.607,-0.209,-0.235,0.091,0.874,0.742,0.386,0.192,0.592,-0.251,0.706,0.296,1.000,1.000
3279458,0.0412642,81.6888140714727,0.768,0.184,-0.581,-0.730,-0.607,-0.209,-0.235,0.091,0.874,0.741,0.384,0.191,0.593,-0.251,0.705,0.296,1.000,1.000
3279466,0.0469399,81.735753969755,0.768,0.184,-0.581,-0.730,-0.607,-0.209,-0.235,0.091,0.874,0.742,0.382,0.189,0.594,-0.251,0.705,0.295,1.000,1.000
3279476,0.0326633,81.7684172703885,0.768,0.184,-0.581,-0.730,-0.607,-0.209,-0.235,0.091,0.874,0.742,0.380,0.188,0.594,-0.251,0.706,0.293,1.000,1.000
3279484,0.0501828,81.8186000711285,0.768,0.184,-0.581,-0.730,-0.607,-0.209,-0.235,0.091,0.874,0.744,0.378,0.188,0.594,-0.250,0.707,0.290,1.000,1.000
3279494,0.0414729,81.8600729717873,0.768,0.184,-0.581,-0.730,-0.607,-0.209,-0.235,0.091,0.874,0.744,0.377,0.188,0.594,-0.251,0.708,0.289,1.000,1.000
3279502,0.0443489,81.9044218710624,0.768,0.184,-0.581,-0.730,-0.607,-0.209,-0.235,0.091,0.874,0.745,0.376,0.189,0.594,-0.251,0.708,0.289,1.000,1.000
3279512,0.0480271,81.9524489692412,0.768,0.184,-0.581,-0.730,-0.607,-0.209,-0.235,0.091,0.874,0.745,0.375,0.189,0.596,-0.251,0.706,0.289,1.000,1.000
3279520,0.0411201,81.9935690700077,0.768,0.184,-0.581,-0.730,-0.607,-0.209,-0.235,0.091,0.874,0.745,0.375,0.190,0.597,-0.252,0.704,0.289,1.000,1.000
3279528,0.048185,82.0417540683411,0.768,0.184,-0.581,-0.730,-0.607,-0.209,-0.235,0.091,0.874,0.744,0.374,0.190,0.598,-0.253,0.703,0.290,1.000,1.000
3279538,0.0422452,82.0839992701076,0.768,0.184,-0.581,-0.730,-0.607,-0.209,-0.235,0.091,0.874,0.744,0.374,0.191,0.597,-0.254,0.703,0.291,1.000,1.000
3279548,0.0474984,82.131497671362,0.768,0.184,-0.581,-0.730,-0.607,-0.209,-0.235,0.091,0.874,0.745,0.373,0.191,0.598,-0.254,0.703,0.291,1.000,1.000
3279556,0.0471117,82.1786093725823,0.768,0.184,-0.581,-0.730,-0.607,-0.209,-0.235,0.091,0.874,0.746,0.372,0.190,0.599,-0.254,0.702,0.290,1.000,1.000
3279566,0.0436984,82.2223077728413,0.768,0.184,-0.581,-0.730,-0.607,-0.209,-0.235,0.091,0.874,0.747,0.371,0.188,0.600,-0.253,0.702,0.289,1.000,1.000
3279574,0.044923,82.267230772879,0.768,0.184,-0.581,-0.730,-0.607,-0.209,-0.235,0.091,0.874,0.747,0.370,0.187,0.602,-0.254,0.700,0.288,1.000,1.000
3279584,0.0458505,82.3130812733434,0.768,0.184,-0.581,-0.730,-0.607,-0.209,-0.235,0.091,0.874,0.748,0.370,0.189,0.601,-0.252,0.703,0.284,1.000,1.000
3279592,0.0419216,82.3550028740428,0.768,0.184,-0.581,-0.730,-0.607,-0.209,-0.235,0.091,0.874,0.749,0.369,0.189,0.601,-0.251,0.705,0.282,1.000,1.000
3279602,0.0456743,82.4006771757267,0.768,0.184,-0.581,-0.730,-0.607,-0.209,-0.235,0.091,0.874,0.749,0.369,0.188,0.602,-0.249,0.704,0.281,1.000,1.000
3279610,0.045881,82.4465581751429,0.768,0.184,-0.581,-0.730,-0.607,-0.209,-0.235,0.091,0.874,0.748,0.369,0.186,0.605,-0.249,0.703,0.281,1.000,1.000
3279620,0.0445682,82.4911263748072,0.768,0.184,-0.581,-0.730,-0.607,-0.209,-0.235,0.091,0.874,0.748,0.368,0.186,0.605,-0.248,0.703,0.280,1.000,1.000
3279628,0.047808,82.5389343737625,0.768,0.184,-0.581,-0.730,-0.607,-0.209,-0.235,0.091,0.874,0.748,0.369,0.185,0.604,-0.248,0.704,0.279,1.000,1.000
3279636,0.0408012,82.5797355747782,0.768,0.184,-0.581,-0.730,-0.607,-0.209,-0.235,0.091,0.874,0.748,0.369,0.186,0.603,-0.247,0.706,0.278,1.000,1.000
3279646,0.0424454,82.6221809736453,0.768,0.184,-0.581,-0.730,-0.607,-0.209,-0.235,0.091,0.874,0.749,0.369,0.186,0.603,-0.246,0.706,0.277,1.000,1.000
3279654,0.045026,82.6672069742344,0.768,0.184,-0.581,-0.730,-0.607,-0.209,-0.235,0.091,0.874,0.749,0.369,0.184,0.604,-0.245,0.706,0.278,1.000,1.000
3279658,0.0467518,82.713958775159,0.768,0.184,-0.581,-0.730,-0.607,-0.209,-0.235,0.091,0.874,0.749,0.368,0.183,0.604,-0.245,0.706,0.278,1.000,1.000
3279666,0.0137847,82.7277434752323,0.768,0.184,-0.581,-0.730,-0.607,-0.209,-0.235,0.091,0.874,0.748,0.369,0.182,0.604,-0.245,0.705,0.279,1.000,1.000
3279674,0.0551111,82.7828545742668,0.768,0.184,-0.581,-0.730,-0.607,-0.209,-0.235,0.091,0.874,0.748,0.369,0.182,0.605,-0.244,0.705,0.278,1.000,1.000
3279688,0.0423586,82.82521317387,0.768,0.184,-0.581,-0.730,-0.607,-0.209,-0.235,0.091,0.874,0.748,0.368,0.182,0.605,-0.245,0.705,0.278,1.000,1.000
3279696,0.0549441,82.880157275591,0.768,0.184,-0.581,-0.730,-0.607,-0.209,-0.235,0.091,0.874,0.748,0.369,0.182,0.604,-0.246,0.704,0.279,1.000,1.000
3279704,0.0428064,82.9229636774398,0.768,0.184,-0.581,-0.730,-0.607,-0.209,-0.235,0.091,0.874,0.747,0.370,0.181,0.605,-0.246,0.704,0.280,1.000,1.000
3279712,0.0424893,82.9654529788531,0.768,0.184,-0.581,-0.730,-0.607,-0.209,-0.235,0.091,0.874,0.746,0.370,0.181,0.605,-0.247,0.703,0.280,1.000,1.000
3279722,0.0343019,82.9997548782267,0.768,0.184,-0.581,-0.730,-0.607,-0.209,-0.235,0.091,0.874,0.745,0.372,0.180,0.603,-0.247,0.704,0.281,1.000,1.000
3279730,0.0469939,83.0467487783171,0.768,0.184,-0.581,-0.730,-0.607,-0.209,-0.235,0.091,0.874,0.743,0.373,0.180,0.602,-0.248,0.705,0.281,1.000,1.000
3279738,0.043421,83.0901697785594,0.768,0.184,-0.581,-0.730,-0.607,-0.209,-0.235,0.091,0.874,0.740,0.373,0.179,0.602,-0.248,0.705,0.281,1.000,1.000
3279748,0.0432647,83.1334344767965,0.768,0.184,-0.581,-0.730,-0.607,-0.209,-0.235,0.091,0.874,0.734,0.374,0.178,0.603,-0.250,0.703,0.282,1.000,1.000
3279756,0.0428868,83.1763212778606,0.768,0.184,-0.581,-0.730,-0.607,-0.209,-0.235,0.091,0.874,0.730,0.375,0.178,0.602,-0.254,0.702,0.283,1.000,1.000
3279766,0.0474772,83.2237984784879,0.768,0.184,-0.581,-0.730,-0.607,-0.209,-0.235,0.091,0.874,0.728,0.375,0.176,0.600,-0.257,0.703,0.284,1.000,1.000
3279776,0.0465637,83.2703621783294,0.768,0.184,-0.581,-0.730,-0.607,-0.209,-0.235,0.091,0.874,0.727,0.375,0.175,0.598,-0.257,0.704,0.283,1.000,1.000
3279786,0.0486183,83.3189804800786,0.768,0.184,-0.581,-0.730,-0.607,-0.209,-0.235,0.091,0.874,0.726,0.375,0.175,0.595,-0.257,0.707,0.283,1.000,1.000
3279794,0.0489569,83.3679373809136,0.768,0.184,-0.581,-0.730,-0.607,-0.209,-0.235,0.091,0.874,0.726,0.374,0.174,0.594,-0.256,0.709,0.281,1.000,1.000
3279806,0.0461853,83.4141226806678,0.768,0.184,-0.581,-0.730,-0.607,-0.209,-0.235,0.091,0.874,0.726,0.374,0.174,0.593,-0.256,0.710,0.281,1.000,1.000
3279814,0.0510877,83.4652103804983,0.768,0.184,-0.581,-0.730,-0.607,-0.209,-0.235,0.091,0.874,0.727,0.374,0.174,0.593,-0.254,0.711,0.280,1.000,1.000
3279824,0.0459432,83.5111535810865,0.768,0.184,-0.581,-0.730,-0.607,-0.209,-0.235,0.091,0.874,0.727,0.374,0.174,0.594,-0.252,0.711,0.279,1.000,1.000
3279832,0.0481848,83.5593383819796,0.768,0.184,-0.581,-0.730,-0.607,-0.209,-0.235,0.091,0.874,0.729,0.374,0.174,0.595,-0.252,0.711,0.278,1.000,1.000
3279842,0.0386429,83.5979812801816,0.768,0.184,-0.581,-0.730,-0.607,-0.209,-0.235,0.091,0.874,0.729,0.374,0.174,0.595,-0.251,0.711,0.278,1.000,1.000
3279850,0.0481419,83.6461231806315,0.768,0.184,-0.581,-0.730,-0.607,-0.209,-0.235,0.091,0.874,0.729,0.374,0.173,0.595,-0.252,0.710,0.279,1.000,1.000
3279860,0.0450869,83.6912100822665,0.768,0.184,-0.581,-0.730,-0.607,-0.209,-0.235,0.091,0.874,0.729,0.375,0.173,0.594,-0.252,0.711,0.279,1.000,1.000
3279868,0.0463868,83.7375968829729,0.768,0.184,-0.581,-0.730,-0.607,-0.209,-0.235,0.091,0.874,0.729,0.376,0.174,0.595,-0.251,0.711,0.280,1.000,1.000
3279876,0.0420102,83.7796070822515,0.768,0.184,-0.581,-0.730,-0.607,-0.209,-0.235,0.091,0.874,0.730,0.376,0.174,0.595,-0.251,0.710,0.281,1.000,1.000
3279886,0.0445644,83.8241714821197,0.768,0.184,-0.581,-0.730,-0.607,-0.209,-0.235,0.091,0.874,0.732,0.375,0.173,0.596,-0.250,0.709,0.282,1.000,1.000
3279894,0.0434431,83.867614580784,0.768,0.184,-0.581,-0.730,-0.607,-0.209,-0.235,0.091,0.874,0.733,0.374,0.172,0.596,-0.251,0.708,0.283,1.000,1.000
3279904,0.0422801,83.90989468107,0.768,0.184,-0.581,-0.730,-0.607,-0.209,-0.235,0.091,0.874,0.735,0.374,0.173,0.595,-0.250,0.710,0.282,1.000,1.000
3279912,0.0477264,83.9576210812666,0.768,0.184,-0.581,-0.730,-0.607,-0.209,-0.235,0.091,0.874,0.736,0.375,0.174,0.595,-0.250,0.710,0.282,1.000,1.000
3279922,0.0429582,84.0005792812444,0.768,0.184,-0.581,-0.730,-0.607,-0.209,-0.235,0.091,0.874,0.737,0.376,0.175,0.597,-0.248,0.709,0.281,1.000,1.000
3279930,0.0445099,84.0450891801156,0.768,0.184,-0.581,-0.730,-0.607,-0.209,-0.235,0.091,0.874,0.738,0.376,0.176,0.599,-0.247,0.708,0.282,1.000,1.000
3279940,0.0432226,84.0883117788471,0.768,0.184,-0.581,-0.730,-0.607,-0.209,-0.235,0.091,0.874,0.737,0.377,0.175,0.600,-0.247,0.706,0.284,1.000,1.000
3279946,0.0466576,84.1349693783559,0.768,0.184,-0.581,-0.730,-0.607,-0.209,-0.235,0.091,0.874,0.738,0.376,0.174,0.600,-0.249,0.705,0.286,1.000,1.000
3279956,0.0415417,84.176511077676,0.768,0.184,-0.581,-0.730,-0.607,-0.209,-0.235,0.091,0.874,0.740,0.376,0.175,0.599,-0.249,0.705,0.285,1.000,1.000
3279966,0.0465497,84.2230607778765,0.768,0.184,-0.581,-0.730,-0.607,-0.209,-0.235,0.091,0.874,0.741,0.375,0.175,0.599,-0.248,0.706,0.284,1.000,1.000
3279974,0.0429679,84.2660286785103,0.768,0.184,-0.581,-0.730,-0.607,-0.209,-0.235,0.091,0.874,0.742,0.375,0.175,0.601,-0.248,0.705,0.284,1.000,1.000
3279984,0.0444063,84.3104349770583,0.768,0.184,-0.581,-0.730,-0.607,-0.209,-0.235,0.091,0.874,0.742,0.375,0.174,0.602,-0.249,0.704,0.284,1.000,1.000
3279992,0.0426329,84.3530678772368,0.768,0.184,-0.581,-0.730,-0.607,-0.209,-0.235,0.091,0.874,0.743,0.375,0.174,0.603,-0.249,0.702,0.285,1.000,1.000
3280000,0.0480662,84.4011340760626,0.768,0.184,-0.581,-0.730,-0.607,-0.209,-0.235,0.091,0.874,0.743,0.375,0.174,0.604,-0.250,0.702,0.284,1.000,1.000
3280010,0.0431426,84.4442766779102,0.768,0.184,-0.581,-0.730,-0.607,-0.209,-0.235,0.091,0.874,0.743,0.376,0.174,0.605,-0.249,0.701,0.284,1.000,1.000
3280018,0.0468401,84.4911167793907,0.768,0.184,-0.581,-0.730,-0.607,-0.209,-0.235,0.091,0.874,0.742,0.376,0.174,0.605,-0.250,0.700,0.285,1.000,1.000
3280028,0.042628,84.5337447808124,0.768,0.184,-0.581,-0.730,-0.607,-0.209,-0.235,0.091,0.874,0.742,0.377,0.174,0.604,-0.251,0.700,0.285,1.000,1.000
3280036,0.0431478,84.57689257944,0.768,0.184,-0.581,-0.730,-0.607,-0.209,-0.235,0.091,0.874,0.742,0.378,0.174,0.604,-0.251,0.701,0.285,1.000,1.000
3280044,0.0447417,84.6216342807747,0.768,0.184,-0.581,-0.730,-0.607,-0.209,-0.235,0.091,0.874,0.742,0.378,0.174,0.603,-0.250,0.702,0.285,1.000,1.000
3280054,0.0371213,84.658755580429,0.768,0.184,-0.581,-0.730,-0.607,-0.209,-0.235,0.091,0.874,0.743,0.377,0.173,0.602,-0.250,0.703,0.285,1.000,1.000
3280064,0.0555577,84.7143132821657,0.768,0.184,-0.581,-0.730,-0.607,-0.209,-0.235,0.091,0.874,0.743,0.376,0.173,0.602,-0.250,0.703,0.285,1.000,1.000
3280072,0.0442159,84.7585291811265,0.768,0.184,-0.581,-0.730,-0.607,-0.209,-0.235,0.091,0.874,0.743,0.376,0.172,0.603,-0.251,0.702,0.284,1.000,1.000
3280080,0.0434647,84.8019938827492,0.768,0.184,-0.581,-0.730,-0.607,-0.209,-0.235,0.091,0.874,0.743,0.375,0.171,0.603,-0.258,0.699,0.286,1.000,1.000
3280088,0.0443619,84.8463557832874,0.768,0.184,-0.581,-0.730,-0.607,-0.209,-0.235,0.091,0.874,0.742,0.373,0.172,0.602,-0.271,0.695,0.285,1.000,1.000
3280096,0.0448751,84.8912308835424,0.768,0.184,-0.581,-0.730,-0.607,-0.209,-0.235,0.091,0.874,0.740,0.371,0.171,0.599,-0.284,0.692,0.286,1.000,0.692
3280106,0.0337089,84.9249397837557,0.768,0.184,-0.581,-0.730,-0.607,-0.209,-0.235,0.091,0.874,0.741,0.370,0.168,0.582,-0.303,0.699,0.284,1.000,0.423
3280114,0.0428659,84.9678056822158,0.768,0.184,-0.581,-0.730,-0.607,-0.209,-0.235,0.091,0.874,0.739,0.371,0.166,0.569,-0.305,0.711,0.279,0.541,0.077
3280124,0.0443206,85.0121262804605,0.768,0.184,-0.581,-0.730,-0.607,-0.209,-0.235,0.091,0.874,0.739,0.371,0.167,0.564,-0.305,0.716,0.276,0.031,0.000
3280132,0.0455102,85.0576364793815,0.768,0.184,-0.581,-0.730,-0.607,-0.209,-0.235,0.091,0.874,0.739,0.369,0.166,0.562,-0.306,0.718,0.275,0.000,0.000
3280140,0.0426689,85.1003053807653,0.768,0.184,-0.581,-0.730,-0.607,-0.209,-0.235,0.091,0.874,0.740,0.368,0.165,0.560,-0.310,0.717,0.274,0.000,0.000
3280150,0.0438605,85.1441658795811,0.768,0.184,-0.581,-0.730,-0.607,-0.209,-0.235,0.091,0.874,0.741,0.368,0.165,0.561,-0.316,0.714,0.275,0.000,0.000
3280158,0.0465387,85.1907045789994,0.768,0.184,-0.581,-0.730,-0.607,-0.209,-0.235,0.091,0.874,0.742,0.368,0.165,0.563,-0.317,0.712,0.276,0.000,0.000
3280168,0.0426879,85.2333924793638,0.768,0.184,-0.581,-0.730,-0.607,-0.209,-0.235,0.091,0.874,0.741,0.370,0.165,0.563,-0.316,0.712,0.277,0.000,0.000
3280176,0.0446494,85.2780418791808,0.768,0.184,-0.581,-0.730,-0.607,-0.209,-0.235,0.091,0.874,0.740,0.370,0.165,0.562,-0.317,0.711,0.278,0.000,0.000
3280186,0.0455413,85.3235831805505,0.768,0.184,-0.581,-0.730,-0.607,-0.209,-0.235,0.091,0.874,0.741,0.371,0.165,0.562,-0.319,0.711,0.279,0.000,0.000
3280196,0.0520376,85.3756207809784,0.768,0.184,-0.581,-0.730,-0.607,-0.209,-0.235,0.091,0.874,0.742,0.371,0.166,0.561,-0.321,0.709,0.280,0.000,0.000
3280206,0.0468897,85.4225104809739,0.768,0.184,-0.581,-0.730,-0.607,-0.209,-0.235,0.091,0.874,0.742,0.371,0.166,0.561,-0.322,0.708,0.281,0.000,0.000
3280214,0.0442315,85.4667419814505,0.768,0.184,-0.581,-0.730,-0.607,-0.209,-0.235,0.091,0.874,0.741,0.370,0.165,0.562,-0.322,0.708,0.281,0.000,0.000
3280222,0.0434647,85.5102066830732,0.768,0.184,-0.581,-0.730,-0.607,-0.209,-0.235,0.091,0.874,0.741,0.371,0.165,0.562,-0.322,0.707,0.282,0.000,0.000
3280232,0.0440462,85.5542528838851,0.768,0.184,-0.581,-0.730,-0.607,-0.209,-0.235,0.091,0.874,0.741,0.370,0.166,0.562,-0.323,0.708,0.282,0.000,0.000
3280240,0.0469394,85.6011922829784,0.768,0.184,-0.581,-0.730,-0.607,-0.209,-0.235,0.091,0.874,0.741,0.371,0.167,0.562,-0.323,0.708,0.281,0.000,0.000
3280250,0.0438701,85.6450623818673,0.768,0.184,-0.581,-0.730,-0.607,-0.209,-0.235,0.091,0.874,0.742,0.370,0.167,0.562,-0.324,0.707,0.282,0.000,0.000
3280258,0.0436201,85.6886824802496,0.768,0.184,-0.581,-0.730,-0.607,-0.209,-0.235,0.091,0.874,0.743,0.370,0.167,0.562,-0.325,0.707,0.282,0.000,0.000
3280268,0.0444425,85.7331249811687,0.768,0.184,-0.581,-0.730,-0.607,-0.209,-0.235,0.091,0.874,0.744,0.370,0.167,0.563,-0.325,0.706,0.281,0.000,0.000
3280276,0.0450431,85.7781680808403,0.768,0.184,-0.581,-0.730,-0.607,-0.209,-0.235,0.091,0.874,0.744,0.370,0.168,0.563,-0.325,0.706,0.281,0.000,0.000
3280286,0.0424638,85.8206318826415,0.768,0.184,-0.581,-0.730,-0.607,-0.209,-0.235,0.091,0.874,0.744,0.370,0.168,0.563,-0.325,0.706,0.281,0.000,0.000
3280294,0.0504299,85.871061781887,0.768,0.184,-0.581,-0.730,-0.607,-0.209,-0.235,0.091,0.874,0.744,0.370,0.167,0.563,-0.324,0.706,0.282,0.000,0.000
3280304,0.040438,85.9114997819997,0.768,0.184,-0.581,-0.730,-0.607,-0.209,-0.235,0.091,0.874,0.743,0.371,0.167,0.562,-0.324,0.707,0.283,0.000,0.000
3280312,0.0465148,85.9580145836808,0.768,0.184,-0.581,-0.730,-0.607,-0.209,-0.235,0.091,0.874,0.744,0.370,0.167,0.562,-0.324,0.707,0.283,0.000,0.000
3280322,0.0396021,85.9976166845299,0.768,0.184,-0.581,-0.730,-0.607,-0.209,-0.235,0.091,0.874,0.745,0.370,0.167,0.561,-0.323,0.707,0.284,0.000,0.000
3280330,0.0503037,86.0479203858413,0.768,0.184,-0.581,-0.730,-0.607,-0.209,-0.235,0.091,0.874,0.745,0.369,0.167,0.562,-0.325,0.706,0.284,0.000,0.000
3280338,0.0415127,86.0894330875017,0.768,0.184,-0.581,-0.730,-0.607,-0.209,-0.235,0.091,0.874,0.746,0.369,0.166,0.563,-0.326,0.704,0.286,0.000,0.000
3280348,0.0419703,86.1314033889212,0.768,0.184,-0.581,-0.730,-0.607,-0.209,-0.235,0.091,0.874,0.748,0.369,0.166,0.563,-0.326,0.703,0.287,0.000,0.000
3280356,0.0443529,86.175756289158,0.768,0.184,-0.581,-0.730,-0.607,-0.209,-0.235,0.091,0.874,0.750,0.369,0.165,0.565,-0.326,0.701,0.288,0.000,0.000
3280366,0.0425264,86.2182826907374,0.768,0.184,-0.581,-0.730,-0.607,-0.209,-0.235,0.091,0.874,0.754,0.368,0.163,0.568,-0.295,0.718,0.273,0.000,0.000
3280374,0.0497231,86.2680057906546,0.768,0.184,-0.581,-0.730,-0.607,-0.209,-0.235,0.091,0.874,0.760,0.371,0.164,0.569,-0.268,0.727,0.277,0.171,0.247
3280384,0.0447493,86.3127550915815,0.768,0.184,-0.581,-0.730,-0.607,-0.209,-0.235,0.091,0.874,0.765,0.374,0.164,0.570,-0.248,0.733,0.276,0.779,0.839
3280392,0.0437365,86.3564915903844,0.768,0.184,-0.581,-0.730,-0.607,-0.209,-0.235,0.091,0.874,0.771,0.378,0.162,0.567,-0.227,0.742,0.277,1.000,1.000
3280400,0.0427113,86.3992028892972,0.768,0.184,-0.581,-0.730,-0.607,-0.209,-0.235,0.091,0.874,0.779,0.381,0.165,0.566,-0.210,0.745,0.282,1.000,1.000
3280410,0.0386005,86.4378033899702,0.768,0.184,-0.581,-0.730,-0.607,-0.209,-0.235,0.091,0.874,0.783,0.384,0.169,0.565,-0.200,0.747,0.287,1.000,1.000
3280418,0.0509688,86.4887721897103,0.768,0.184,-0.581,-0.730,-0.607,-0.209,-0.235,0.091,0.874,0.786,0.385,0.169,0.567,-0.199,0.743,0.293,1.000,0.888
3280426,0.0438295,86.5326016903855,0.768,0.184,-0.581,-0.730,-0.607,-0.209,-0.235,0.091,0.874,0.786,0.385,0.166,0.567,-0.197,0.740,0.302,1.000,0.811
3280436,0.0433524,86.5759540894069,0.768,0.184,-0.581,-0.730,-0.607,-0.209,-0.235,0.091,0.874,0.788,0.386,0.164,0.570,-0.189,0.740,0.303,1.000,0.850
3280444,0.0449084,86.6208624900319,0.768,0.184,-0.581,-0.730,-0.607,-0.209,-0.235,0.091,0.874,0.789,0.390,0.163,0.572,-0.184,0.741,0.301,1.000,0.836
3280454,0.043491,86.6643534884788,0.768,0.184,-0.581,-0.730,-0.607,-0.209,-0.235,0.091,0.874,0.790,0.392,0.163,0.573,-0.181,0.741,0.300,1.000,0.807
3280462,0.0454036,86.7097570882179,0.768,0.184,-0.581,-0.730,-0.607,-0.209,-0.235,0.091,0.874,0.790,0.393,0.164,0.574,-0.177,0.742,0.297,1.000,0.755
3280472,0.0372536,86.7470106878318,0.768,0.184,-0.581,-0.730,-0.607,-0.209,-0.235,0.091,0.874,0.791,0.393,0.163,0.574,-0.173,0.744,0.296,1.000,0.740
3280480,0.0537221,86.8007327863015,0.768,0.184,-0.581,-0.730,-0.607,-0.209,-0.235,0.091,0.874,0.789,0.393,0.160,0.573,-0.167,0.747,0.292,1.000,0.715
3280490,0.0457657,86.8464984879829,0.768,0.184,-0.581,-0.730,-0.607,-0.209,-0.235,0.091,0.874,0.789,0.392,0.158,0.570,-0.163,0.749,0.294,1.000,0.729
3280498,0.0417665,86.8882649862207,0.768,0.184,-0.581,-0.730,-0.607,-0.209,-0.235,0.091,0.874,0.789,0.391,0.158,0.574,-0.168,0.748,0.288,1.000,0.796
3280506,0.0482016,86.9364665844478,0.768,0.184,-0.581,-0.730,-0.607,-0.209,-0.235,0.091,0.874,0.788,0.384,0.162,0.580,-0.192,0.740,0.280,1.000,1.000
3280516,0.0386402,86.9751067855395,0.768,0.184,-0.581,-0.730,-0.607,-0.209,-0.235,0.091,0.874,0.786,0.382,0.160,0.579,-0.216,0.734,0.282,0.278,0.514
3280526,0.0462409,87.0213476852514,0.768,0.184,-0.581,-0.730,-0.607,-0.209,-0.235,0.091,0.874,0.786,0.383,0.159,0.576,-0.228,0.733,0.282,0.158,0.458
3280534,0.0463107,87.0676583857276,0.768,0.184,-0.581,-0.730,-0.607,-0.209,-0.235,0.091,0.874,0.786,0.381,0.156,0.578,-0.240,0.729,0.278,0.075,0.362
3280544,0.0435012,87.1111595840193,0.768,0.184,-0.581,-0.730,-0.607,-0.209,-0.235,0.091,0.874,0.786,0.379,0.153,0.577,-0.248,0.727,0.275,0.064,0.241
3280552,0.0447659,87.1559254848398,0.768,0.184,-0.581,-0.730,-0.607,-0.209,-0.235,0.091,0.874,0.787,0.376,0.151,0.575,-0.256,0.728,0.274,0.080,0.173
3280560,0.0461458,87.2020712853409,0.768,0.184,-0.581,-0.730,-0.607,-0.209,-0.235,0.091,0.874,0.788,0.375,0.148,0.574,-0.263,0.728,0.269,0.065,0.091
3280570,0.0433815,87.2454527863301,0.768,0.184,-0.581,-0.730,-0.607,-0.209,-0.235,0.091,0.874,0.788,0.376,0.147,0.573,-0.264,0.729,0.266,0.052,0.059
3280578,0.0388731,87.2843258851208,0.768,0.184,-0.581,-0.730,-0.607,-0.209,-0.235,0.091,0.874,0.787,0.377,0.146,0.573,-0.264,0.730,0.265,0.039,0.027
3280588,0.04623,87.3305558846332,0.768,0.184,-0.581,-0.730,-0.607,-0.209,-0.235,0.091,0.874,0.788,0.380,0.147,0.574,-0.268,0.728,0.264,0.020,0.015
3280596,0.0490413,87.3795971856453,0.768,0.184,-0.581,-0.730,-0.607,-0.209,-0.235,0.091,0.874,0.788,0.380,0.148,0.573,-0.266,0.728,0.265,0.009,0.000
3280606,0.0448308,87.424427984748,0.768,0.184,-0.581,-0.730,-0.607,-0.209,-0.235,0.091,0.874,0.792,0.378,0.145,0.574,-0.264,0.728,0.265,0.010,0.000
3280614,0.0412617,87.4656896837987,0.768,0.184,-0.581,-0.730,-0.607,-0.209,-0.235,0.091,0.874,0.796,0.377,0.142,0.574,-0.261,0.730,0.265,0.020,0.007
3280622,0.0436946,87.5093842842616,0.768,0.184,-0.581,-0.730,-0.607,-0.209,-0.235,0.091,0.874,0.801,0.376,0.141,0.575,-0.262,0.729,0.264,0.032,0.036
3280630,0.0428443,87.5522285834886,0.768,0.184,-0.581,-0.730,-0.607,-0.209,-0.235,0.091,0.874,0.810,0.368,0.136,0.576,-0.261,0.729,0.262,0.064,0.067
3280640,0.0403903,87.5926188849844,0.768,0.184,-0.581,-0.730,-0.607,-0.209,-0.235,0.091,0.874,0.816,0.356,0.117,0.578,-0.267,0.730,0.250,0.108,0.157
3280648,0.0492765,87.6418953859247,0.768,0.184,-0.581,-0.730,-0.607,-0.209,-0.235,0.091,0.874,0.823,0.336,0.096,0.572,-0.275,0.740,0.223,0.244,0.489
3280658,0.0442552,87.6861505866982,0.768,0.184,-0.581,-0.730,-0.607,-0.209,-0.235,0.091,0.874,0.834,0.305,0.063,0.566,-0.270,0.759,0.173,0.528,0.855
3280668,0.0475112,87.7336617880501,0.768,0.184,-0.581,-0.730,-0.607,-0.209,-0.235,0.091,0.874,0.854,0.268,0.016,0.555,-0.300,0.764,0.134,0.831,0.900
3280676,0.0481577,87.7818194874562,0.768,0.184,-0.581,-0.730,-0.607,-0.209,-0.235,0.091,0.874,0.872,0.232,-0.020,0.524,-0.286,0.801,0.052,1.000,0.875
3280684,0.0406703,87.8224897892214,0.768,0.184,-0.581,-0.730,-0.607,-0.209,-0.235,0.091,0.874,0.901,0.188,-0.052,0.492,-0.308,0.813,-0.040,1.000,0.928
3280694,0.0412866,87.8637763881125,0.768,0.184,-0.581,-0.730,-0.607,-0.209,-0.235,0.091,0.874,0.932,0.162,-0.080,-0.442,0.371,-0.810,0.101,1.000,0.706
3280704,0.0478934,87.9116697893478,0.768,0.184,-0.581,-0.730,-0.607,-0.209,-0.235,0.091,0.874,0.941,0.157,-0.076,-0.455,0.336,-0.808,0.165,1.000,0.881
3280712,0.0449419,87.9566116877832,0.768,0.184,-0.581,-0.730,-0.607,-0.209,-0.235,0.091,0.874,0.943,0.156,-0.075,-0.478,0.326,-0.796,0.176,0.983,1.000
3280720,0.0437755,88.0003871866502,0.768,0.184,-0.581,-0.730,-0.607,-0.209,-0.235,0.091,0.874,0.945,0.184,-0.066,-0.510,0.363,-0.767,0.138,0.952,1.000
3280730,0.0469167,88.0473038875498,0.768,0.184,-0.581,-0.730,-0.607,-0.209,-0.235,0.091,0.874,0.932,0.219,-0.044,-0.513,0.376,-0.764,0.109,0.771,1.000
3280738,0.0418528,88.0891566858627,0.768,0.184,-0.581,-0.730,-0.607,-0.209,-0.235,0.091,0.874,0.929,0.235,0.006,-0.555,0.463,-0.689,0.048,0.429,0.943
3280748,0.0456544,88.1348110870458,0.768,0.184,-0.581,-0.730,-0.607,-0.209,-0.235,0.091,0.874,0.912,0.282,0.048,-0.568,0.422,-0.707,0.004,0.280,0.740
3280756,0.043638,88.1784490854479,0.768,0.184,-0.581,-0.730,-0.607,-0.209,-0.235,0.091,0.874,0.918,0.324,0.085,-0.594,0.447,-0.661,-0.096,0.324,0.747
3280766,0.0447591,88.2232081838883,0.768,0.184,-0.581,-0.730,-0.607,-0.209,-0.235,0.091,0.874,0.908,0.376,0.130,0.591,-0.415,0.662,0.200,0.216,0.670
3280774,0.0435591,88.2667672843672,0.768,0.184,-0.581,-0.730,-0.607,-0.209,-0.235,0.091,0.874,0.905,0.413,0.167,0.591,-0.378,0.646,0.299,0.532,0.835
3280782,0.0428764,88.3096436844207,0.768,0.184,-0.581,-0.730,-0.607,-0.209,-0.235,0.091,0.874,0.911,0.456,0.187,0.567,-0.366,0.622,0.396,1.000,1.000
3280792,0.0436805,88.3533241846599,0.768,0.184,-0.581,-0.730,-0.607,-0.209,-0.235,0.091,0.874,0.910,0.485,0.215,0.559,-0.307,0.639,0.429,1.000,1.000
3280802,0.04594,88.3992641852237,0.768,0.184,-0.581,-0.730,-0.607,-0.209,-0.235,0.091,0.874,0.916,0.497,0.237,0.583,-0.228,0.658,0.418,1.000,1.000
3280810,0.0492919,88.4485560865141,0.768,0.184,-0.581,-0.730,-0.607,-0.209,-0.235,0.091,0.874,0.916,0.497,0.245,0.585,-0.205,0.669,0.411,1.000,1.000
3280818,0.0390888,88.4876448870637,0.768,0.184,-0.581,-0.730,-0.607,-0.209,-0.235,0.091,0.874,0.918,0.491,0.245,0.581,-0.187,0.683,0.401,1.000,1.000
3280826,0.0369996,88.5246444852091,0.768,0.184,-0.581,-0.730,-0.607,-0.209,-0.235,0.091,0.874,0.921,0.483,0.245,0.575,-0.184,0.693,0.395,1.000,1.000
3280836,0.054468,88.5791124836542,0.768,0.184,-0.581,-0.730,-0.607,-0.209,-0.235,0.091,0.874,0.927,0.473,0.245,0.573,-0.184,0.699,0.386,1.000,1.000
3280844,0.0414869,88.620599383954,0.768,0.184,-0.581,-0.730,-0.607,-0.209,-0.235,0.091,0.874,0.931,0.462,0.244,0.574,-0.184,0.703,0.378,1.000,1.000
3280854,0.0478187,88.6684180856682,0.768,0.184,-0.581,-0.730,-0.607,-0.209,-0.235,0.091,0.874,0.934,0.458,0.245,0.573,-0.187,0.704,0.375,1.000,1.000
3280862,0.0430014,88.7114194841124,0.768,0.184,-0.581,-0.730,-0.607,-0.209,-0.235,0.091,0.874,0.935,0.455,0.248,0.575,-0.187,0.705,0.371,1.000,1.000
3280872,0.0432788,88.7546982825734,0.768,0.184,-0.581,-0.730,-0.607,-0.209,-0.235,0.091,0.874,0.936,0.453,0.249,0.575,-0.192,0.704,0.371,1.000,1.000
3280880,0.0461461,88.8008443810977,0.768,0.184,-0.581,-0.730,-0.607,-0.209,-0.235,0.091,0.874,0.937,0.456,0.255,0.578,-0.191,0.703,0.369,1.000,1.000
3280890,0.0431713,88.8440156825818,0.768,0.184,-0.581,-0.730,-0.607,-0.209,-0.235,0.091,0.874,0.936,0.464,0.260,0.580,-0.190,0.702,0.367,1.000,1.000
3280898,0.0437997,88.8878153809346,0.768,0.184,-0.581,-0.730,-0.607,-0.209,-0.235,0.091,0.874,0.937,0.471,0.264,0.580,-0.187,0.702,0.367,1.000,1.000
3280906,0.0455882,88.9334035799839,0.768,0.184,-0.581,-0.730,-0.607,-0.209,-0.235,0.091,0.874,0.939,0.471,0.265,0.583,-0.187,0.701,0.365,1.000,1.000
3280916,0.0429397,88.9763432801701,0.768,0.184,-0.581,-0.730,-0.607,-0.209,-0.235,0.091,0.874,0.941,0.474,0.268,0.583,-0.185,0.699,0.371,0.991,1.000
3280924,0.0450684,89.0214116820134,0.768,0.184,-0.581,-0.730,-0.607,-0.209,-0.235,0.091,0.874,0.942,0.479,0.270,0.585,-0.178,0.698,0.373,1.000,1.000
3280932,0.0407178,89.0621294812299,0.768,0.184,-0.581,-0.730,-0.607,-0.209,-0.235,0.091,0.874,0.945,0.478,0.268,0.586,-0.171,0.698,0.374,1.000,1.000
3280942,0.0489767,89.1111061819829,0.768,0.184,-0.581,-0.730,-0.607,-0.209,-0.235,0.091,0.874,0.947,0.478,0.266,0.587,-0.166,0.699,0.374,1.000,1.000
3280950,0.0413005,89.1524066836573,0.768,0.184,-0.581,-0.730,-0.607,-0.209,-0.235,0.091,0.874,0.950,0.478,0.266,0.583,-0.163,0.701,0.377,1.000,1.000
3280960,0.0401659,89.1925725848414,0.768,0.184,-0.581,-0.730,-0.607,-0.209,-0.235,0.091,0.874,0.952,0.478,0.266,0.588,-0.154,0.699,0.377,1.000,1.000
3280970,0.051788,89.2443605833687,0.768,0.184,-0.581,-0.730,-0.607,-0.209,-0.235,0.091,0.874,0.955,0.478,0.266,0.590,-0.144,0.700,0.376,1.000,1.000
3280978,0.0458935,89.290254084859,0.768,0.184,-0.581,-0.730,-0.607,-0.209,-0.235,0.091,0.874,0.958,0.476,0.265,0.592,-0.140,0.700,0.374,1.000,1.000
3280988,0.0426754,89.3329294831492,0.768,0.184,-0.581,-0.730,-0.607,-0.209,-0.235,0.091,0.874,0.960,0.474,0.264,0.593,-0.136,0.702,0.371,1.000,1.000
3280996,0.0452359,89.3781653814949,0.768,0.184,-0.581,-0.730,-0.607,-0.209,-0.235,0.091,0.874,0.960,0.472,0.261,0.595,-0.131,0.704,0.366,1.000,1.000
3281006,0.0414502,89.4196155802347,0.768,0.184,-0.581,-0.730,-0.607,-0.209,-0.235,0.091,0.874,0.961,0.469,0.259,0.598,-0.129,0.701,0.366,1.000,1.000
3281014,0.0469865,89.4666020818986,0.768,0.184,-0.581,-0.730,-0.607,-0.209,-0.235,0.091,0.874,0.962,0.464,0.256,0.602,-0.130,0.699,0.364,1.000,1.000
3281022,0.0457102,89.5123122804798,0.768,0.184,-0.581,-0.730,-0.607,-0.209,-0.235,0.091,0.874,0.961,0.461,0.253,0.606,-0.132,0.695,0.363,0.993,1.000
3281032,0.0419847,89.5542969801463,0.768,0.184,-0.581,-0.730,-0.607,-0.209,-0.235,0.091,0.874,0.962,0.460,0.250,0.608,-0.137,0.691,0.366,1.000,1.000
3281042,0.0509587,89.6052556806244,0.768,0.184,-0.581,-0.730,-0.607,-0.209,-0.235,0.091,0.874,0.962,0.457,0.246,0.615,-0.138,0.683,0.368,1.000,1.000
3281048,0.0413111,89.6465667807497,0.768,0.184,-0.581,-0.730,-0.607,-0.209,-0.235,0.091,0.874,0.966,0.452,0.244,0.619,-0.136,0.680,0.369,1.000,1.000
3281054,0.0341474,89.6807141811587,0.768,0.184,-0.581,-0.730,-0.607,-0.209,-0.235,0.091,0.874,0.971,0.450,0.242,0.620,-0.135,0.679,0.369,1.000,1.000
3281062,0.034413,89.7151271798648,0.768,0.184,-0.581,-0.730,-0.607,-0.209,-0.235,0.091,0.874,0.976,0.447,0.239,0.622,-0.134,0.679,0.367,1.000,1.000
3281068,0.0312315,89.7463586800732,0.768,0.184,-0.581,-0.730,-0.607,-0.209,-0.235,0.091,0.874,0.982,0.445,0.237,0.624,-0.134,0.677,0.367,1.000,1.000
3281072,0.0447341,89.7910927818157,0.768,0.184,-0.581,-0.730,-0.607,-0.209,-0.235,0.091,0.874,0.988,0.443,0.235,0.624,-0.134,0.675,0.371,1.000,1.000
3281080,0.0204387,89.8115314827301,0.768,0.184,-0.581,-0.730,-0.607,-0.209,-0.235,0.091,0.874,0.995,0.440,0.236,0.624,-0.133,0.671,0.379,1.000,1.000
3281084,0.0306775,89.8422089819796,0.768,0.184,-0.581,-0.730,-0.607,-0.209,-0.235,0.091,0.874,1.000,0.434,0.235,0.624,-0.130,0.669,0.383,1.000,1.000
3281092,0.0209739,89.8631828823127,0.768,0.184,-0.581,-0.730,-0.607,-0.209,-0.235,0.091,0.874,1.007,0.431,0.238,0.628,-0.123,0.665,0.385,1.000,1.000
3281104,0.0609929,89.9241757825948,0.768,0.184,-0.581,-0.730,-0.607,-0.209,-0.235,0.091,0.874,1.012,0.421,0.229,0.637,-0.136,0.653,0.387,1.000,1.000
3281110,0.0443805,89.9685562835075,0.768,0.184,-0.581,-0.730,-0.607,-0.209,-0.235,0.091,0.874,1.027,0.424,0.235,0.635,-0.138,0.643,0.405,1.000,1.000
3281120,0.0357586,90.0043148831464,0.768,0.184,-0.581,-0.730,-0.607,-0.209,-0.235,0.091,0.874,1.034,0.415,0.235,0.638,-0.150,0.635,0.409,1.000,1.000
3281128,0.0421292,90.0464440830983,0.768,0.184,-0.581,-0.730,-0.607,-0.209,-0.235,0.091,0.874,1.044,0.418,0.238,0.638,-0.153,0.633,0.410,1.000,1.000
3281138,0.0465414,90.0929854833521,0.768,0.184,-0.581,-0.730,-0.607,-0.209,-0.235,0.091,0.874,1.051,0.420,0.240,0.635,-0.164,0.631,0.415,1.000,1.000
3281144,0.046461,90.1394464843906,0.768,0.184,-0.581,-0.730,-0.607,-0.209,-0.235,0.091,0.874,1.057,0.421,0.241,0.634,-0.172,0.626,0.419,1.000,1.000
3281154,0.0337072,90.1731536858715,0.768,0.184,-0.581,-0.730,-0.607,-0.209,-0.235,0.091,0.874,1.063,0.425,0.245,0.634,-0.178,0.623,0.422,1.000,1.000
3281162,0.0375016,90.2106552855112,0.768,0.184,-0.581,-0.730,-0.607,-0.209,-0.235,0.091,0.874,1.068,0.426,0.244,0.634,-0.176,0.627,0.417,1.000,1.000
3281172,0.0468964,90.2575516873039,0.768,0.184,-0.581,-0.730,-0.607,-0.209,-0.235,0.091,0.874,1.072,0.428,0.247,0.629,-0.174,0.631,0.421,1.000,1.000
3281180,0.0440406,90.3015922890045,0.768,0.184,-0.581,-0.730,-0.607,-0.209,-0.235,0.091,0.874,1.074,0.426,0.247,0.628,-0.180,0.630,0.420,1.000,1.000
3281190,0.0457609,90.3473531887867,0.768,0.184,-0.581,-0.730,-0.607,-0.209,-0.235,0.091,0.874,1.076,0.423,0.246,0.628,-0.183,0.628,0.421,1.000,1.000
3281200,0.0402429,90.3875960879959,0.768,0.184,-0.581,-0.730,-0.607,-0.209,-0.235,0.091,0.874,1.073,0.422,0.243,0.623,-0.196,0.625,0.428,1.000,1.000
3281208,0.0525702,90.4401662894525,0.768,0.184,-0.581,-0.730,-0.607,-0.209,-0.235,0.091,0.874,1.072,0.422,0.240,0.624,-0.190,0.627,0.425,1.000,1.000
3281218,0.04484,90.4850062900223,0.768,0.184,-0.581,-0.730,-0.607,-0.209,-0.235,0.091,0.874,1.073,0.424,0.237,0.631,-0.175,0.628,0.420,1.000,1.000
3281226,0.0479431,90.5329493903555,0.768,0.184,-0.581,-0.730,-0.607,-0.209,-0.235,0.091,0.874,1.072,0.425,0.231,0.634,-0.175,0.629,0.415,1.000,1.000
3281238,0.0435634,90.5765127898194,0.768,0.184,-0.581,-0.730,-0.607,-0.209,-0.235,0.091,0.874,1.069,0.426,0.226,0.636,-0.175,0.625,0.418,1.000,1.000
3281248,0.0538483,90.6303610899486,0.768,0.184,-0.581,-0.730,-0.607,-0.209,-0.235,0.091,0.874,1.071,0.428,0.222,0.636,-0.175,0.625,0.417,1.000,1.000
3281256,0.0490762,90.6794372894801,0.768,0.184,-0.581,-0.730,-0.607,-0.209,-0.235,0.091,0.874,1.072,0.426,0.214,0.636,-0.180,0.625,0.415,1.000,1.000
3281266,0.0434062,90.722843489144,0.768,0.184,-0.581,-0.730,-0.607,-0.209,-0.235,0.091,0.874,1.071,0.426,0.210,0.635,-0.179,0.627,0.413,1.000,1.000
3281274,0.0438269,90.7666703895666,0.768,0.184,-0.581,-0.730,-0.607,-0.209,-0.235,0.091,0.874,1.067,0.423,0.205,0.637,-0.181,0.625,0.412,1.000,1.000
3281282,0.0462709,90.8129412890412,0.768,0.184,-0.581,-0.730,-0.607,-0.209,-0.235,0.091,0.874,1.063,0.422,0.202,0.642,-0.181,0.624,0.408,1.000,1.000
3281290,0.0440969,90.8570381873287,0.768,0.184,-0.581,-0.730,-0.607,-0.209,-0.235,0.091,0.874,1.055,0.421,0.200,0.644,-0.184,0.618,0.412,1.000,1.000
3281300,0.0407714,90.897809586022,0.768,0.184,-0.581,-0.730,-0.607,-0.209,-0.235,0.091,0.874,1.053,0.422,0.200,0.647,-0.185,0.618,0.406,1.000,1.000
3281310,0.0498866,90.9476961852051,0.768,0.184,-0.581,-0.730,-0.607,-0.209,-0.235,0.091,0.874,1.047,0.425,0.200,0.651,-0.185,0.616,0.404,1.000,1.000
3281318,0.0430669,90.9907630854286,0.768,0.184,-0.581,-0.730,-0.607,-0.209,-0.235,0.091,0.874,1.041,0.425,0.199,0.655,-0.184,0.610,0.406,1.000,1.000
3281328,0.0437664,91.0345294871368,0.768,0.184,-0.581,-0.730,-0.607,-0.209,-0.235,0.091,0.874,1.039,0.423,0.198,0.659,-0.178,0.610,0.402,1.000,1.000
3281336,0.0448915,91.0794209861197,0.768,0.184,-0.581,-0.730,-0.607,-0.209,-0.235,0.091,0.874,1.040,0.420,0.196,0.664,-0.173,0.612,0.393,1.000,1.000
3281344,0.0452115,91.1246324875392,0.768,0.184,-0.581,-0.730,-0.607,-0.209,-0.235,0.091,0.874,1.044,0.415,0.196,0.667,-0.168,0.618,0.381,1.000,1.000
3281354,0.0398601,91.1644925870933,0.768,0.184,-0.581,-0.730,-0.607,-0.209,-0.235,0.091,0.874,1.046,0.413,0.196,0.665,-0.167,0.624,0.375,1.000,1.000
3281362,0.0482987,91.2127912887372,0.768,0.184,-0.581,-0.730,-0.607,-0.209,-0.235,0.091,0.874,1.046,0.411,0.197,0.663,-0.169,0.630,0.369,1.000,1.000
3281372,0.0494579,91.2622491889633,0.768,0.184,-0.581,-0.730,-0.607,-0.209,-0.235,0.091,0.874,1.046,0.409,0.199,0.659,-0.170,0.636,0.364,1.000,1.000
3281376,0.0349524,91.2972015873529,0.768,0.184,-0.581,-0.730,-0.607,-0.209,-0.235,0.091,0.874,1.045,0.407,0.198,0.658,-0.175,0.636,0.363,1.000,1.000
3281384,0.0271989,91.3244004868902,0.768,0.184,-0.581,-0.730,-0.607,-0.209,-0.235,0.091,0.874,1.042,0.405,0.201,0.656,-0.181,0.633,0.370,1.000,1.000
3281394,0.053622,91.3780224868096,0.768,0.184,-0.581,-0.730,-0.607,-0.209,-0.235,0.091,0.874,1.051,0.402,0.195,0.660,-0.178,0.630,0.369,1.000,1.000
3281402,0.0480483,91.4260707856156,0.768,0.184,-0.581,-0.730,-0.607,-0.209,-0.235,0.091,0.874,1.043,0.399,0.203,0.657,-0.179,0.636,0.364,1.000,1.000
3281410,0.0271563,91.4532270864584,0.768,0.184,-0.581,-0.730,-0.607,-0.209,-0.235,0.091,0.874,1.044,0.396,0.206,0.658,-0.180,0.631,0.370,1.000,1.000
3281418,0.0487468,91.5019738846458,0.768,0.184,-0.581,-0.730,-0.607,-0.209,-0.235,0.091,0.874,1.044,0.399,0.208,0.661,-0.178,0.629,0.369,1.000,1.000
3281428,0.0406972,91.542671083007,0.768,0.184,-0.581,-0.730,-0.607,-0.209,-0.235,0.091,0.874,1.037,0.402,0.215,0.664,-0.180,0.623,0.372,1.000,1.000
3281436,0.0416734,91.584344482515,0.768,0.184,-0.581,-0.730,-0.607,-0.209,-0.235,0.091,0.874,1.035,0.406,0.217,0.668,-0.170,0.618,0.378,1.000,1.000
3281448,0.0383518,91.6226962828077,0.768,0.184,-0.581,-0.730,-0.607,-0.209,-0.235,0.091,0.874,1.029,0.408,0.224,0.679,-0.160,0.608,0.379,1.000,1.000
3281458,0.056668,91.6793642812409,0.768,0.184,-0.581,-0.730,-0.607,-0.209,-0.235,0.091,0.874,1.025,0.418,0.234,0.684,-0.159,0.603,0.377,1.000,1.000
3281470,0.0617106,91.7410748810507,0.768,0.184,-0.581,-0.730,-0.607,-0.209,-0.235,0.091,0.874,1.018,0.434,0.246,0.681,-0.163,0.603,0.382,1.000,1.000
3281480,0.052975,91.7940498800017,0.768,0.184,-0.581,-0.730,-0.607,-0.209,-0.235,0.091,0.874,1.010,0.445,0.253,0.674,-0.162,0.608,0.387,1.000,1.000
3281492,0.0524898,91.8465396785177,0.768,0.184,-0.581,-0.730,-0.607,-0.209,-0.235,0.091,0.874,1.026,0.430,0.236,0.687,-0.166,0.595,0.382,1.000,1.000
3281504,0.0600106,91.9065502793528,0.768,0.184,-0.581,-0.730,-0.607,-0.209,-0.235,0.091,0.874,1.029,0.411,0.218,0.693,-0.163,0.594,0.375,1.000,1.000
3281516,0.0620056,91.9685558811761,0.768,0.184,-0.581,-0.730,-0.607,-0.209,-0.235,0.091,0.874,1.037,0.409,0.217,0.695,-0.159,0.598,0.366,1.000,1.000
3281526,0.0604341,92.0289899804629,0.768,0.184,-0.581,-0.730,-0.607,-0.209,-0.235,0.091,0.874,1.042,0.408,0.222,0.689,-0.166,0.599,0.371,1.000,1.000
3281536,0.0495113,92.0785012790002,0.768,0.184,-0.581,-0.730,-0.607,-0.209,-0.235,0.091,0.874,1.050,0.408,0.225,0.684,-0.175,0.601,0.374,1.000,1.000
3281544,0.0451442,92.1236454793252,0.768,0.184,-0.581,-0.730,-0.607,-0.209,-0.235,0.091,0.874,1.054,0.405,0.221,0.685,-0.184,0.598,0.372,1.000,1.000
3281554,0.0432027,92.1668481775559,0.768,0.184,-0.581,-0.730,-0.607,-0.209,-0.235,0.091,0.874,1.057,0.400,0.218,0.687,-0.188,0.596,0.370,1.000,1.000
3281562,0.0447005,92.21154867718,0.768,0.184,-0.581,-0.730,-0.607,-0.209,-0.235,0.091,0.874,1.059,0.394,0.213,0.690,-0.187,0.595,0.369,1.000,1.000
3281572,0.0453828,92.2569314786233,0.768,0.184,-0.581,-0.730,-0.607,-0.209,-0.235,0.091,0.874,1.062,0.385,0.207,0.694,-0.181,0.591,0.369,1.000,1.000
3281580,0.0438699,92.3008013800718,0.768,0.184,-0.581,-0.730,-0.607,-0.209,-0.235,0.091,0.874,1.062,0.386,0.207,0.695,-0.182,0.590,0.368,1.000,1.000
3281590,0.0454366,92.3462379784323,0.768,0.184,-0.581,-0.730,-0.607,-0.209,-0.235,0.091,0.874,1.063,0.384,0.208,0.697,-0.185,0.587,0.367,1.000,1.000
3281596,0.0482007,92.3944386788644,0.768,0.184,-0.581,-0.730,-0.607,-0.209,-0.235,0.091,0.874,1.063,0.385,0.211,0.696,-0.190,0.589,0.365,1.000,1.000
3281608,0.037799,92.4322376796044,0.768,0.184,-0.581,-0.730,-0.607,-0.209,-0.235,0.091,0.874,1.062,0.383,0.211,0.696,-0.197,0.585,0.366,1.000,1.000
3281616,0.0479242,92.4801618778147,0.768,0.184,-0.581,-0.730,-0.607,-0.209,-0.235,0.091,0.874,1.057,0.381,0.211,0.700,-0.196,0.577,0.371,1.000,1.000
3281624,0.0428321,92.522993976716,0.768,0.184,-0.581,-0.730,-0.607,-0.209,-0.235,0.091,0.874,1.057,0.379,0.208,0.706,-0.198,0.570,0.371,1.000,1.000
3281632,0.0441935,92.5671874755062,0.768,0.184,-0.581,-0.730,-0.607,-0.209,-0.235,0.091,0.874,1.058,0.375,0.209,0.708,-0.193,0.570,0.370,1.000,1.000
3281642,0.035541,92.6027284772135,0.768,0.184,-0.581,-0.730,-0.607,-0.209,-0.235,0.091,0.874,1.058,0.374,0.205,0.708,-0.196,0.570,0.367,1.000,1.000
3281650,0.0491181,92.6518465788104,0.768,0.184,-0.581,-0.730,-0.607,-0.209,-0.235,0.091,0.874,1.060,0.373,0.204,0.709,-0.197,0.572,0.364,1.000,1.000
3281658,0.0405473,92.6923938789405,0.768,0.184,-0.581,-0.730,-0.607,-0.209,-0.235,0.091,0.874,1.060,0.372,0.204,0.708,-0.198,0.573,0.363,1.000,1.000
3281668,0.0469589,92.7393527799286,0.768,0.184,-0.581,-0.730,-0.607,-0.209,-0.235,0.091,0.874,1.060,0.372,0.202,0.709,-0.198,0.574,0.359,1.000,1.000
3281676,0.045588,92.7849407815374,0.768,0.184,-0.581,-0.730,-0.607,-0.209,-0.235,0.091,0.874,1.060,0.371,0.201,0.711,-0.197,0.574,0.356,1.000,1.000
3281686,0.0449638,92.8299045809545,0.768,0.184,-0.581,-0.730,-0.607,-0.209,-0.235,0.091,0.874,1.060,0.370,0.199,0.711,-0.199,0.573,0.355,1.000,1.000
3281694,0.0441372,92.8740417794324,0.768,0.184,-0.581,-0.730,-0.607,-0.209,-0.235,0.091,0.874,1.060,0.369,0.195,0.711,-0.201,0.575,0.352,1.000,1.000
3281704,0.0409009,92.9149426803924,0.768,0.184,-0.581,-0.730,-0.607,-0.209,-0.235,0.091,0.874,1.062,0.368,0.192,0.707,-0.204,0.578,0.354,1.000,1.000
3281712,0.0461847,92.9611273803748,0.768,0.184,-0.581,-0.730,-0.607,-0.209,-0.235,0.091,0.874,1.065,0.366,0.187,0.703,-0.208,0.580,0.355,1.000,1.000
3281722,0.0422977,93.0034250789322,0.768,0.184,-0.581,-0.730,-0.607,-0.209,-0.235,0.091,0.874,1.065,0.363,0.182,0.702,-0.211,0.579,0.357,1.000,1.000
3281732,0.0562649,93.0596899786033,0.768,0.184,-0.581,-0.730,-0.607,-0.209,-0.235,0.091,0.874,1.068,0.361,0.175,0.705,-0.206,0.583,0.348,1.000,1.000
3281740,0.0416814,93.1013713800348,0.768,0.184,-0.581,-0.730,-0.607,-0.209,-0.235,0.091,0.874,1.062,0.361,0.180,0.700,-0.213,0.579,0.360,1.000,1.000
3281750,0.0449614,93.1463327803649,0.768,0.184,-0.581,-0.730,-0.607,-0.209,-0.235,0.091,0.874,1.064,0.360,0.178,0.699,-0.211,0.581,0.359,1.000,1.000
3281756,0.0431182,93.1894509815611,0.768,0.184,-0.581,-0.730,-0.607,-0.209,-0.235,0.091,0.874,1.067,0.359,0.175,0.701,-0.210,0.580,0.358,1.000,1.000
3281766,0.0366352,93.2260861829855,0.768,0.184,-0.581,-0.730,-0.607,-0.209,-0.235,0.091,0.874,1.068,0.361,0.174,0.700,-0.211,0.581,0.358,1.000,1.000
3281774,0.0476206,93.2737067812122,0.768,0.184,-0.581,-0.730,-0.607,-0.209,-0.235,0.091,0.874,1.072,0.364,0.172,0.696,-0.213,0.583,0.360,1.000,1.000
3281784,0.041083,93.3147897818126,0.768,0.184,-0.581,-0.730,-0.607,-0.209,-0.235,0.091,0.874,1.072,0.364,0.170,0.695,-0.212,0.582,0.365,1.000,1.000
3281792,0.0506505,93.3654402815737,0.768,0.184,-0.581,-0.730,-0.607,-0.209,-0.235,0.091,0.874,1.074,0.361,0.169,0.697,-0.208,0.578,0.369,1.000,1.000
3281802,0.0437633,93.409203580115,0.768,0.184,-0.581,-0.730,-0.607,-0.209,-0.235,0.091,0.874,1.074,0.359,0.168,0.703,-0.208,0.570,0.372,1.000,1.000
3281810,0.0449735,93.4541770801879,0.768,0.184,-0.581,-0.730,-0.607,-0.209,-0.235,0.091,0.874,1.074,0.359,0.167,0.708,-0.206,0.565,0.370,1.000,1.000
3281820,0.0458404,93.5000174813904,0.768,0.184,-0.581,-0.730,-0.607,-0.209,-0.235,0.091,0.874,1.076,0.359,0.166,0.710,-0.206,0.563,0.370,1.000,1.000
3281828,0.0418127,93.5418301806785,0.768,0.184,-0.581,-0.730,-0.607,-0.209,-0.235,0.091,0.874,1.080,0.357,0.162,0.712,-0.206,0.563,0.366,1.000,1.000
3281836,0.041944,93.5837741815485,0.768,0.184,-0.581,-0.730,-0.607,-0.209,-0.235,0.091,0.874,1.081,0.358,0.162,0.713,-0.206,0.563,0.363,1.000,1.000
3281846,0.0479993,93.6317734816112,0.768,0.184,-0.581,-0.730,-0.607,-0.209,-0.235,0.091,0.874,1.082,0.358,0.160,0.713,-0.209,0.562,0.363,1.000,1.000
3281856,0.0435746,93.675348083023,0.768,0.184,-0.581,-0.730,-0.607,-0.209,-0.235,0.091,0.874,1.084,0.359,0.160,0.713,-0.211,0.562,0.363,1.000,1.000
3281864,0.0512035,93.7265515835024,0.768,0.184,-0.581,-0.730,-0.607,-0.209,-0.235,0.091,0.874,1.082,0.359,0.163,0.713,-0.208,0.563,0.362,1.000,1.000
3281872,0.0381167,93.7646682844497,0.768,0.184,-0.581,-0.730,-0.607,-0.209,-0.235,0.091,0.874,1.078,0.360,0.166,0.716,-0.207,0.558,0.364,1.000,1.000
3281882,0.0441743,93.8088425830938,0.768,0.184,-0.581,-0.730,-0.607,-0.209,-0.235,0.091,0.874,1.077,0.362,0.168,0.720,-0.206,0.554,0.364,1.000,1.000
3281890,0.0433693,93.8522118837573,0.768,0.184,-0.581,-0.730,-0.607,-0.209,-0.235,0.091,0.874,1.076,0.365,0.168,0.719,-0.212,0.549,0.370,1.000,1.000
3281898,0.0417329,93.8939447836019,0.768,0.184,-0.581,-0.730,-0.607,-0.209,-0.235,0.091,0.874,1.076,0.365,0.172,0.721,-0.205,0.548,0.370,1.000,1.000
3281908,0.0441277,93.9380724825896,0.768,0.184,-0.581,-0.730,-0.607,-0.209,-0.235,0.091,0.874,1.077,0.367,0.172,0.722,-0.205,0.549,0.369,1.000,1.000
3281918,0.0496302,93.9877026812173,0.768,0.184,-0.581,-0.730,-0.607,-0.209,-0.235,0.091,0.874,1.077,0.368,0.173,0.721,-0.202,0.552,0.366,1.000,1.000
3281926,0.0418047,94.0295073823072,0.768,0.184,-0.581,-0.730,-0.607,-0.209,-0.235,0.091,0.874,1.075,0.368,0.173,0.720,-0.202,0.554,0.365,1.000,1.000
3281934,0.0467424,94.076249780599,0.768,0.184,-0.581,-0.730,-0.607,-0.209,-0.235,0.091,0.874,1.074,0.367,0.172,0.719,-0.203,0.557,0.363,1.000,1.000
3281944,0.0450189,94.1212686807849,0.768,0.184,-0.581,-0.730,-0.607,-0.209,-0.235,0.091,0.874,1.073,0.366,0.172,0.719,-0.202,0.558,0.363,1.000,1.000
3281952,0.0381129,94.159381581936,0.768,0.184,-0.581,-0.730,-0.607,-0.209,-0.235,0.091,0.874,1.071,0.365,0.170,0.720,-0.204,0.558,0.359,1.000,1.000
3281962,0.0537779,94.2131594815291,0.768,0.184,-0.581,-0.730,-0.607,-0.209,-0.235,0.091,0.874,1.071,0.365,0.171,0.719,-0.206,0.558,0.359,1.000,1.000
3281972,0.0411403,94.2542997808196,0.768,0.184,-0.581,-0.730,-0.607,-0.209,-0.235,0.091,0.874,1.071,0.365,0.170,0.718,-0.213,0.558,0.357,1.000,1.000
3281980,0.0503195,94.3046192810871,0.768,0.184,-0.581,-0.730,-0.607,-0.209,-0.235,0.091,0.874,1.071,0.366,0.174,0.719,-0.209,0.560,0.356,1.000,1.000
3281988,0.0403794,94.3449986823834,0.768,0.184,-0.581,-0.730,-0.607,-0.209,-0.235,0.091,0.874,1.068,0.368,0.177,0.718,-0.208,0.558,0.359,1.000,1.000
3281998,0.0405906,94.3855892815627,0.768,0.184,-0.581,-0.730,-0.607,-0.209,-0.235,0.091,0.874,1.066,0.369,0.179,0.719,-0.212,0.555,0.361,1.000,1.000
3282006,0.0456255,94.4312147819437,0.768,0.184,-0.581,-0.730,-0.607,-0.209,-0.235,0.091,0.874,1.063,0.370,0.182,0.720,-0.208,0.555,0.360,1.000,1.000
3282016,0.047107,94.4783217818476,0.768,0.184,-0.581,-0.730,-0.607,-0.209,-0.235,0.091,0.874,1.062,0.371,0.184,0.721,-0.210,0.552,0.361,1.000,1.000
3282024,0.0431621,94.5214838818647,0.768,0.184,-0.581,-0.730,-0.607,-0.209,-0.235,0.091,0.874,1.061,0.372,0.187,0.722,-0.209,0.553,0.359,1.000,1.000
3282034,0.0472314,94.5687152803876,0.768,0.184,-0.581,-0.730,-0.607,-0.209,-0.235,0.091,0.874,1.061,0.374,0.188,0.720,-0.211,0.556,0.357,1.000,1.000
3282042,0.0451156,94.6138308816589,0.768,0.184,-0.581,-0.730,-0.607,-0.209,-0.235,0.091,0.874,1.059,0.375,0.190,0.719,-0.210,0.559,0.356,1.000,1.000
3282050,0.0399251,94.6537559800781,0.768,0.184,-0.581,-0.730,-0.607,-0.209,-0.235,0.091,0.874,1.056,0.377,0.190,0.718,-0.212,0.564,0.348,1.000,1.000
3282060,0.0464719,94.7002278813161,0.768,0.184,-0.581,-0.730,-0.607,-0.209,-0.235,0.091,0.874,1.054,0.376,0.192,0.715,-0.213,0.568,0.349,1.000,1.000
3282070,0.0442328,94.744460681919,0.768,0.184,-0.581,-0.730,-0.607,-0.209,-0.235,0.091,0.874,1.050,0.376,0.193,0.714,-0.214,0.570,0.346,1.000,1.000
3282078,0.0447348,94.7891954802908,0.768,0.184,-0.581,-0.730,-0.607,-0.209,-0.235,0.091,0.874,1.046,0.374,0.195,0.715,-0.211,0.570,0.345,1.000,1.000
3282084,0.0436821,94.8328775786795,0.768,0.184,-0.581,-0.730,-0.607,-0.209,-0.235,0.091,0.874,1.043,0.373,0.195,0.716,-0.211,0.569,0.345,1.000,1.000
3282092,0.0327175,94.8655950785615,0.768,0.184,-0.581,-0.730,-0.607,-0.209,-0.235,0.091,0.874,1.042,0.371,0.195,0.717,-0.210,0.569,0.344,1.000,1.000
3282098,0.0438979,94.9094929792918,0.768,0.184,-0.581,-0.730,-0.607,-0.209,-0.235,0.091,0.874,1.040,0.370,0.196,0.714,-0.214,0.571,0.343,1.000,1.000
3282104,0.0231824,94.9326753788628,0.768,0.184,-0.581,-0.730,-0.607,-0.209,-0.235,0.091,0.874,1.038,0.371,0.198,0.712,-0.215,0.574,0.343,1.000,1.000
3282112,0.0376316,94.970306979958,0.768,0.184,-0.581,-0.730,-0.607,-0.209,-0.235,0.091,0.874,1.037,0.370,0.199,0.711,-0.213,0.576,0.343,1.000,1.000
3282120,0.0429641,95.0132710807957,0.768,0.184,-0.581,-0.730,-0.607,-0.209,-0.235,0.091,0.874,1.033,0.371,0.200,0.710,-0.216,0.574,0.346,1.000,1.000
3282128,0.0330079,95.0462789819576,0.768,0.184,-0.581,-0.730,-0.607,-0.209,-0.235,0.091,0.874,1.030,0.372,0.200,0.710,-0.216,0.574,0.347,1.000,1.000
3282136,0.0406403,95.0869192802347,0.768,0.184,-0.581,-0.730,-0.607,-0.209,-0.235,0.091,0.874,1.029,0.371,0.199,0.711,-0.216,0.574,0.344,1.000,1.000
3282144,0.0437956,95.1307148807682,0.768,0.184,-0.581,-0.730,-0.607,-0.209,-0.235,0.091,0.874,1.028,0.371,0.199,0.710,-0.217,0.575,0.343,1.000,1.000
3282152,0.0393609,95.1700757802464,0.768,0.184,-0.581,-0.730,-0.607,-0.209,-0.235,0.091,0.874,1.028,0.371,0.198,0.708,-0.221,0.577,0.342,1.000,1.000
3282162,0.0402411,95.2103168801405,0.768,0.184,-0.581,-0.730,-0.607,-0.209,-0.235,0.091,0.874,1.028,0.370,0.198,0.706,-0.224,0.579,0.342,1.000,1.000
3282170,0.0378239,95.2481407807209,0.768,0.184,-0.581,-0.730,-0.607,-0.209,-0.235,0.091,0.874,1.030,0.369,0.198,0.707,-0.220,0.581,0.339,1.000,1.000
3282178,0.0506757,95.2988164820708,0.768,0.184,-0.581,-0.730,-0.607,-0.209,-0.235,0.091,0.874,1.029,0.369,0.197,0.704,-0.223,0.580,0.343,1.000,1.000
3282188,0.0433474,95.3421638817526,0.768,0.184,-0.581,-0.730,-0.607,-0.209,-0.235,0.091,0.874,1.030,0.369,0.196,0.704,-0.222,0.581,0.343,1.000,1.000
3282196,0.0442935,95.3864573822357,0.768,0.184,-0.581,-0.730,-0.607,-0.209,-0.235,0.091,0.874,1.032,0.367,0.192,0.705,-0.218,0.584,0.338,1.000,1.000
3282206,0.0449168,95.4313741833903,0.768,0.184,-0.581,-0.730,-0.607,-0.209,-0.235,0.091,0.874,1.035,0.366,0.190,0.705,-0.219,0.583,0.339,1.000,1.000
3282216,0.0453522,95.4767263815738,0.768,0.184,-0.581,-0.730,-0.607,-0.209,-0.235,0.091,0.874,1.038,0.365,0.188,0.705,-0.219,0.585,0.337,1.000,1.000
3282224,0.0468428,95.5235691801645,0.768,0.184,-0.581,-0.730,-0.607,-0.209,-0.235,0.091,0.874,1.040,0.364,0.186,0.705,-0.219,0.585,0.337,1.000,1.000
3282234,0.0428285,95.5663976804353,0.768,0.184,-0.581,-0.730,-0.607,-0.209,-0.235,0.091,0.874,1.041,0.365,0.186,0.704,-0.220,0.585,0.338,1.000,1.000
3282244,0.0514921,95.6178897791542,0.768,0.184,-0.581,-0.730,-0.607,-0.209,-0.235,0.091,0.874,1.044,0.366,0.186,0.703,-0.219,0.585,0.340,1.000,1.000
3282254,0.0472711,95.6651608780958,0.768,0.184,-0.581,-0.730,-0.607,-0.209,-0.235,0.091,0.874,1.045,0.367,0.185,0.702,-0.217,0.586,0.341,1.000,1.000
3282262,0.047328,95.7124888771214,0.768,0.184,-0.581,-0.730,-0.607,-0.209,-0.235,0.091,0.874,1.045,0.368,0.184,0.702,-0.219,0.584,0.344,1.000,1.000
3282272,0.0451876,95.7576764770783,0.768,0.184,-0.581,-0.730,-0.607,-0.209,-0.235,0.091,0.874,1.046,0.368,0.186,0.701,-0.215,0.585,0.346,1.000,1.000
3282280,0.0413718,95.7990482770838,0.768,0.184,-0.581,-0.730,-0.607,-0.209,-0.235,0.091,0.874,1.045,0.368,0.184,0.702,-0.215,0.584,0.346,1.000,1.000
3282290,0.0476631,95.8467113771476,0.768,0.184,-0.581,-0.730,-0.607,-0.209,-0.235,0.091,0.874,1.048,0.367,0.181,0.704,-0.214,0.584,0.344,1.000,1.000
3282298,0.0414398,95.8881511786021,0.768,0.184,-0.581,-0.730,-0.607,-0.209,-0.235,0.091,0.874,1.048,0.367,0.180,0.704,-0.214,0.584,0.341,1.000,1.000
3282306,0.0438093,95.931960477028,0.768,0.184,-0.581,-0.730,-0.607,-0.209,-0.235,0.091,0.874,1.049,0.367,0.180,0.704,-0.215,0.585,0.341,1.000,1.000
3282314,0.0461664,95.9781268783845,0.768,0.184,-0.581,-0.730,-0.607,-0.209,-0.235,0.091,0.874,1.049,0.367,0.180,0.703,-0.217,0.585,0.342,1.000,1.000
3282324,0.0465957,96.0247225784697,0.768,0.184,-0.581,-0.730,-0.607,-0.209,-0.235,0.091,0.874,1.053,0.368,0.179,0.701,-0.218,0.587,0.341,1.000,1.000
3282334,0.042758,96.0674805776216,0.768,0.184,-0.581,-0.730,-0.607,-0.209,-0.235,0.091,0.874,1.053,0.368,0.178,0.701,-0.215,0.590,0.339,1.000,1.000
3282342,0.0443644,96.1118449778296,0.768,0.184,-0.581,-0.730,-0.607,-0.209,-0.235,0.091,0.874,1.051,0.369,0.179,0.699,-0.217,0.590,0.341,1.000,1.000
3282352,0.0465874,96.158432377968,0.768,0.184,-0.581,-0.730,-0.607,-0.209,-0.235,0.091,0.874,1.053,0.370,0.181,0.699,-0.214,0.591,0.343,1.000,1.000
3282360,0.041197,96.1996293761767,0.768,0.184,-0.581,-0.730,-0.607,-0.209,-0.235,0.091,0.874,1.050,0.372,0.182,0.697,-0.217,0.591,0.343,1.000,1.000
3282368,0.0441685,96.2437978745438,0.768,0.184,-0.581,-0.730,-0.607,-0.209,-0.235,0.091,0.874,1.047,0.373,0.183,0.696,-0.218,0.589,0.348,1.000,1.000
3282378,0.0435325,96.2873303727247,0.768,0.184,-0.581,-0.730,-0.607,-0.209,-0.235,0.091,0.874,1.045,0.370,0.184,0.696,-0.220,0.583,0.357,1.000,1.000
3282386,0.0452593,96.332589673344,0.768,0.184,-0.581,-0.730,-0.607,-0.209,-0.235,0.091,0.874,1.044,0.370,0.185,0.699,-0.221,0.575,0.363,1.000,1.000
3282396,0.0396329,96.3722225748934,0.768,0.184,-0.581,-0.730,-0.607,-0.209,-0.235,0.091,0.874,1.043,0.371,0.185,0.702,-0.219,0.573,0.362,1.000,1.000
3282404,0.0504524,96.4226749748923,0.768,0.184,-0.581,-0.730,-0.607,-0.209,-0.235,0.091,0.874,1.044,0.371,0.185,0.701,-0.222,0.573,0.361,1.000,1.000
3282414,0.04441,96.4670849763788,0.768,0.184,-0.581,-0.730,-0.607,-0.209,-0.235,0.091,0.874,1.045,0.374,0.185,0.702,-0.218,0.578,0.355,1.000,1.000
3282422,0.0449508,96.5120357745327,0.768,0.184,-0.581,-0.730,-0.607,-0.209,-0.235,0.091,0.874,1.045,0.375,0.186,0.702,-0.215,0.578,0.356,1.000,1.000
3282430,0.0429692,96.5550049752928,0.768,0.184,-0.581,-0.730,-0.607,-0.209,-0.235,0.091,0.874,1.046,0.375,0.185,0.701,-0.215,0.580,0.355,1.000,1.000
3282440,0.0473323,96.6023372770287,0.768,0.184,-0.581,-0.730,-0.607,-0.209,-0.235,0.091,0.874,1.049,0.376,0.180,0.701,-0.211,0.585,0.349,1.000,1.000
3282448,0.0444648,96.6468020775355,0.768,0.184,-0.581,-0.730,-0.607,-0.209,-0.235,0.091,0.874,1.053,0.374,0.178,0.702,-0.211,0.587,0.345,1.000,1.000
3282458,0.0419597,96.6887617767788,0.768,0.184,-0.581,-0.730,-0.607,-0.209,-0.235,0.091,0.874,1.053,0.371,0.176,0.702,-0.212,0.585,0.347,1.000,1.000
3282466,0.0443678,96.7331295781769,0.768,0.184,-0.581,-0.730,-0.607,-0.209,-0.235,0.091,0.874,1.049,0.370,0.178,0.702,-0.214,0.582,0.349,1.000,1.000
3282476,0.0449023,96.7780318767764,0.768,0.184,-0.581,-0.730,-0.607,-0.209,-0.235,0.091,0.874,1.047,0.370,0.180,0.706,-0.216,0.576,0.351,1.000,1.000
3282484,0.0458652,96.8238970772363,0.768,0.184,-0.581,-0.730,-0.607,-0.209,-0.235,0.091,0.874,1.049,0.370,0.180,0.708,-0.217,0.573,0.351,1.000,1.000
3282492,0.042471,96.8663680762984,0.768,0.184,-0.581,-0.730,-0.607,-0.209,-0.235,0.091,0.874,1.050,0.372,0.181,0.710,-0.212,0.574,0.348,1.000,1.000
3282500,0.0382185,96.9045865745284,0.768,0.184,-0.581,-0.730,-0.607,-0.209,-0.235,0.091,0.874,1.049,0.374,0.182,0.710,-0.212,0.575,0.348,1.000,1.000
3282510,0.0433443,96.9479308747686,0.768,0.184,-0.581,-0.730,-0.607,-0.209,-0.235,0.091,0.874,1.050,0.374,0.183,0.711,-0.206,0.576,0.346,1.000,1.000
3282518,0.0489556,96.9968864754774,0.768,0.184,-0.581,-0.730,-0.607,-0.209,-0.235,0.091,0.874,1.048,0.374,0.184,0.711,-0.208,0.574,0.349,1.000,1.000
3282528,0.045154,97.0420404770412,0.768,0.184,-0.581,-0.730,-0.607,-0.209,-0.235,0.091,0.874,1.047,0.372,0.181,0.713,-0.206,0.574,0.347,1.000,1.000
3282536,0.0450453,97.0870857783593,0.768,0.184,-0.581,-0.730,-0.607,-0.209,-0.235,0.091,0.874,1.046,0.371,0.180,0.716,-0.203,0.573,0.344,1.000,1.000
3282544,0.0367956,97.1238813796081,0.768,0.184,-0.581,-0.730,-0.607,-0.209,-0.235,0.091,0.874,1.045,0.369,0.179,0.717,-0.201,0.574,0.342,1.000,1.000
3282554,0.0446288,97.1685101785697,0.768,0.184,-0.581,-0.730,-0.607,-0.209,-0.235,0.091,0.874,1.044,0.369,0.181,0.716,-0.204,0.574,0.341,1.000,1.000
3282562,0.0462543,97.2147644781508,0.768,0.184,-0.581,-0.730,-0.607,-0.209,-0.235,0.091,0.874,1.041,0.370,0.183,0.715,-0.208,0.573,0.343,1.000,1.000
3282572,0.0429427,97.2577071771957,0.768,0.184,-0.581,-0.730,-0.607,-0.209,-0.235,0.091,0.874,1.038,0.370,0.186,0.714,-0.212,0.570,0.347,1.000,1.000
3282582,0.0473326,97.3050397769548,0.768,0.184,-0.581,-0.730,-0.607,-0.209,-0.235,0.091,0.874,1.036,0.371,0.187,0.713,-0.212,0.571,0.347,1.000,1.000
3282590,0.0487133,97.3537530773319,0.768,0.184,-0.581,-0.730,-0.607,-0.209,-0.235,0.091,0.874,1.036,0.370,0.187,0.714,-0.211,0.571,0.347,1.000,1.000
3282598,0.0457703,97.3995233760215,0.768,0.184,-0.581,-0.730,-0.607,-0.209,-0.235,0.091,0.874,1.033,0.373,0.190,0.713,-0.211,0.573,0.344,1.000,1.000
3282608,0.0380597,97.437583076302,0.768,0.184,-0.581,-0.730,-0.607,-0.209,-0.235,0.091,0.874,1.032,0.373,0.190,0.712,-0.209,0.576,0.343,1.000,1.000
3282618,0.0475664,97.4851494752802,0.768,0.184,-0.581,-0.730,-0.607,-0.209,-0.235,0.091,0.874,1.032,0.372,0.190,0.711,-0.208,0.578,0.343,1.000,1.000
3282626,0.050355,97.535504473839,0.768,0.184,-0.581,-0.730,-0.607,-0.209,-0.235,0.091,0.874,1.031,0.374,0.190,0.710,-0.206,0.580,0.342,1.000,1.000
3282636,0.0434675,97.5789719731547,0.768,0.184,-0.581,-0.730,-0.607,-0.209,-0.235,0.091,0.874,1.030,0.374,0.190,0.710,-0.204,0.583,0.339,1.000,1.000
3282644,0.0425892,97.6215611719526,0.768,0.184,-0.581,-0.730,-0.607,-0.209,-0.235,0.091,0.874,1.029,0.374,0.190,0.709,-0.203,0.584,0.338,1.000,1.000
3282654,0.0473906,97.6689517707564,0.768,0.184,-0.581,-0.730,-0.607,-0.209,-0.235,0.091,0.874,1.027,0.375,0.191,0.708,-0.200,0.587,0.337,1.000,1.000
3282662,0.0416383,97.7105900705792,0.768,0.184,-0.581,-0.730,-0.607,-0.209,-0.235,0.091,0.874,1.025,0.376,0.192,0.708,-0.202,0.588,0.336,1.000,1.000
3282672,0.0427398,97.753329871688,0.768,0.184,-0.581,-0.730,-0.607,-0.209,-0.235,0.091,0.874,1.021,0.375,0.193,0.707,-0.204,0.588,0.338,1.000,1.000
3282680,0.0480805,97.8014103719033,0.768,0.184,-0.581,-0.730,-0.607,-0.209,-0.235,0.091,0.874,1.018,0.375,0.194,0.706,-0.204,0.588,0.337,1.000,1.000
3282688,0.045216,97.8466263734736,0.768,0.184,-0.581,-0.730,-0.607,-0.209,-0.235,0.091,0.874,1.016,0.376,0.194,0.703,-0.205,0.592,0.336,1.000,1.000
3282698,0.0425081,97.8891344727017,0.768,0.184,-0.581,-0.730,-0.607,-0.209,-0.235,0.091,0.874,1.014,0.376,0.196,0.701,-0.207,0.595,0.335,1.000,1.000
3282706,0.0442558,97.9333902732469,0.768,0.184,-0.581,-0.730,-0.607,-0.209,-0.235,0.091,0.874,1.011,0.379,0.199,0.699,-0.206,0.596,0.337,1.000,1.000
3282716,0.0492009,97.9825911731459,0.768,0.184,-0.581,-0.730,-0.607,-0.209,-0.235,0.091,0.874,1.009,0.380,0.199,0.698,-0.209,0.595,0.338,1.000,1.000
3282724,0.0410492,98.0236403741874,0.768,0.184,-0.581,-0.730,-0.607,-0.209,-0.235,0.091,0.874,1.008,0.382,0.199,0.696,-0.215,0.596,0.339,1.000,1.000
3282734,0.0452075,98.0688478746451,0.768,0.184,-0.581,-0.730,-0.607,-0.209,-0.235,0.091,0.874,1.008,0.384,0.200,0.689,-0.217,0.603,0.338,1.000,1.000
3282742,0.0431886,98.1120364763774,0.768,0.184,-0.581,-0.730,-0.607,-0.209,-0.235,0.091,0.874,1.010,0.383,0.198,0.686,-0.213,0.610,0.335,1.000,1.000
3282750,0.0450325,98.1570689775981,0.768,0.184,-0.581,-0.730,-0.607,-0.209,-0.235,0.091,0.874,1.011,0.381,0.197,0.686,-0.209,0.612,0.333,1.000,1.000
3282760,0.0410223,98.1980912783183,0.768,0.184,-0.581,-0.730,-0.607,-0.209,-0.235,0.091,0.874,1.013,0.379,0.196,0.687,-0.212,0.611,0.332,1.000,1.000
3282768,0.0457299,98.2438211799599,0.768,0.184,-0.581,-0.730,-0.607,-0.209,-0.235,0.091,0.874,1.011,0.383,0.198,0.683,-0.218,0.611,0.335,1.000,1.000
3282778,0.0473571,98.2911782809533,0.768,0.184,-0.581,-0.730,-0.607,-0.209,-0.235,0.091,0.874,1.011,0.383,0.198,0.681,-0.219,0.610,0.339,1.000,1.000
3282786,0.042808,98.3339862809516,0.768,0.184,-0.581,-0.730,-0.607,-0.209,-0.235,0.091,0.874,1.013,0.382,0.197,0.682,-0.219,0.607,0.344,1.000,1.000
3282794,0.0352197,98.369205980096,0.768,0.184,-0.581,-0.730,-0.607,-0.209,-0.235,0.091,0.874,1.012,0.379,0.195,0.684,-0.219,0.602,0.348,1.000,1.000
3282804,0.0514045,98.4206104786135,0.768,0.184,-0.581,-0.730,-0.607,-0.209,-0.235,0.091,0.874,1.013,0.378,0.195,0.687,-0.217,0.601,0.346,1.000,1.000
3282812,0.0441491,98.464759579394,0.768,0.184,-0.581,-0.730,-0.607,-0.209,-0.235,0.091,0.874,1.013,0.376,0.194,0.690,-0.215,0.600,0.343,1.000,1.000
3282820,0.0428301,98.5075896778144,0.768,0.184,-0.581,-0.730,-0.607,-0.209,-0.235,0.091,0.874,1.014,0.376,0.194,0.690,-0.212,0.604,0.339,1.000,1.000
3282830,0.0401467,98.5477363788523,0.768,0.184,-0.581,-0.730,-0.607,-0.209,-0.235,0.091,0.874,1.015,0.376,0.193,0.690,-0.211,0.605,0.338,1.000,1.000
3282840,0.0509127,98.5986490794458,0.768,0.184,-0.581,-0.730,-0.607,-0.209,-0.235,0.091,0.874,1.016,0.375,0.192,0.691,-0.210,0.605,0.335,1.000,1.000
3282848,0.0448932,98.6435422808863,0.768,0.184,-0.581,-0.730,-0.607,-0.209,-0.235,0.091,0.874,1.016,0.374,0.191,0.692,-0.209,0.603,0.337,1.000,1.000
3282858,0.0431448,98.6866870806552,0.768,0.184,-0.581,-0.730,-0.607,-0.209,-0.235,0.091,0.874,1.014,0.372,0.189,0.692,-0.207,0.603,0.339,1.000,1.000
3282866,0.0460054,98.7326924824156,0.768,0.184,-0.581,-0.730,-0.607,-0.209,-0.235,0.091,0.874,1.014,0.368,0.186,0.695,-0.206,0.597,0.345,1.000,1.000
3282874,0.0467527,98.7794451811351,0.768,0.184,-0.581,-0.730,-0.607,-0.209,-0.235,0.091,0.874,1.011,0.366,0.186,0.701,-0.213,0.582,0.352,1.000,1.000
3282884,0.0377622,98.8172073797323,0.768,0.184,-0.581,-0.730,-0.607,-0.209,-0.235,0.091,0.874,1.010,0.363,0.184,0.704,-0.224,0.572,0.357,1.000,1.000
3282894,0.0515082,98.8687155791558,0.768,0.184,-0.581,-0.730,-0.607,-0.209,-0.235,0.091,0.874,1.009,0.360,0.185,0.705,-0.227,0.567,0.359,0.968,1.000
3282902,0.0463526,98.915068177972,0.768,0.184,-0.581,-0.730,-0.607,-0.209,-0.235,0.091,0.874,1.010,0.359,0.184,0.706,-0.228,0.566,0.360,0.835,0.918
3282912,0.0405584,98.9556265794672,0.768,0.184,-0.581,-0.730,-0.607,-0.209,-0.235,0.091,0.874,1.011,0.356,0.181,0.716,-0.213,0.567,0.346,0.848,0.733
3282920,0.0450167,99.0006432780065,0.768,0.184,-0.581,-0.730,-0.607,-0.209,-0.235,0.091,0.874,1.004,0.358,0.181,0.708,-0.233,0.561,0.361,0.826,0.514
3282928,0.0468546,99.0474978783168,0.768,0.184,-0.581,-0.730,-0.607,-0.209,-0.235,0.091,0.874,1.005,0.354,0.179,0.708,-0.234,0.560,0.362,0.828,0.455
3282936,0.0424868,99.0899846800603,0.768,0.184,-0.581,-0.730,-0.607,-0.209,-0.235,0.091,0.874,1.006,0.351,0.177,0.710,-0.234,0.557,0.361,0.786,0.479
3282946,0.0425668,99.1325514786877,0.768,0.184,-0.581,-0.730,-0.607,-0.209,-0.235,0.091,0.874,1.006,0.352,0.175,0.713,-0.236,0.555,0.358,0.784,0.508
3282956,0.0471342,99.1796856769361,0.768,0.184,-0.581,-0.730,-0.607,-0.209,-0.235,0.091,0.874,1.005,0.352,0.174,0.713,-0.237,0.556,0.354,0.787,0.447
3282964,0.042147,99.221832676325,0.768,0.184,-0.581,-0.730,-0.607,-0.209,-0.235,0.091,0.874,1.007,0.351,0.174,0.712,-0.237,0.557,0.356,0.781,0.396
3282974,0.0446166,99.2664492749609,0.768,0.184,-0.581,-0.730,-0.607,-0.209,-0.235,0.091,0.874,1.008,0.352,0.171,0.715,-0.236,0.554,0.355,0.796,0.393
3282982,0.0467225,99.3131717764772,0.768,0.184,-0.581,-0.730,-0.607,-0.209,-0.235,0.091,0.874,1.008,0.350,0.170,0.715,-0.238,0.553,0.357,0.789,0.385
3282990,0.0427259,99.3558976748027,0.768,0.184,-0.581,-0.730,-0.607,-0.209,-0.235,0.091,0.874,1.010,0.349,0.168,0.719,-0.234,0.550,0.354,0.788,0.371
3282998,0.043198,99.3990956754424,0.768,0.184,-0.581,-0.730,-0.607,-0.209,-0.235,0.091,0.874,1.009,0.350,0.168,0.716,-0.237,0.549,0.359,0.741,0.362
3283010,0.0456317,99.4447273747064,0.768,0.184,-0.581,-0.730,-0.607,-0.209,-0.235,0.091,0.874,1.010,0.351,0.168,0.717,-0.237,0.549,0.357,0.697,0.339
3283018,0.0464958,99.4912231736816,0.768,0.184,-0.581,-0.730,-0.607,-0.209,-0.235,0.091,0.874,1.010,0.353,0.168,0.719,-0.236,0.552,0.352,0.623,0.290
3283026,0.0413917,99.5326148741879,0.768,0.184,-0.581,-0.730,-0.607,-0.209,-0.235,0.091,0.874,1.010,0.354,0.168,0.718,-0.232,0.554,0.351,0.573,0.277
3283034,0.0450445,99.5776593745686,0.768,0.184,-0.581,-0.730,-0.607,-0.209,-0.235,0.091,0.874,1.009,0.353,0.168,0.720,-0.232,0.551,0.353,0.522,0.291
3283044,0.0425477,99.6202070736326,0.768,0.184,-0.581,-0.730,-0.607,-0.209,-0.235,0.091,0.874,1.009,0.353,0.168,0.719,-0.231,0.551,0.355,0.478,0.301
3283052,0.0447382,99.6649452731945,0.768,0.184,-0.581,-0.730,-0.607,-0.209,-0.235,0.091,0.874,1.008,0.352,0.168,0.720,-0.230,0.548,0.358,0.474,0.312
3283060,0.0445748,99.7095200740732,0.768,0.184,-0.581,-0.730,-0.607,-0.209,-0.235,0.091,0.874,1.007,0.350,0.167,0.718,-0.232,0.548,0.361,0.509,0.313
3283070,0.0397929,99.7493129731156,0.768,0.184,-0.581,-0.730,-0.607,-0.209,-0.235,0.091,0.874,1.007,0.350,0.166,0.720,-0.229,0.549,0.358,0.503,0.318
3283078,0.0522186,99.8015315742232,0.768,0.184,-0.581,-0.730,-0.607,-0.209,-0.235,0.091,0.874,1.005,0.350,0.167,0.720,-0.230,0.548,0.357,0.502,0.306
3283088,0.0368683,99.8383998745121,0.768,0.184,-0.581,-0.730,-0.607,-0.209,-0.235,0.091,0.874,1.002,0.349,0.167,0.719,-0.232,0.549,0.357,0.508,0.297
3283096,0.0502112,99.8886110731401,0.768,0.184,-0.581,-0.730,-0.607,-0.209,-0.235,0.091,0.874,1.002,0.351,0.167,0.718,-0.232,0.551,0.355,0.496,0.296
3283106,0.0439986,99.9326096721925,0.768,0.184,-0.581,-0.730,-0.607,-0.209,-0.235,0.091,0.874,1.001,0.352,0.168,0.717,-0.232,0.554,0.355,0.478,0.301
3283116,0.0450243,99.9776339740492,0.768,0.184,-0.581,-0.730,-0.607,-0.209,-0.235,0.091,0.874,1.001,0.352,0.168,0.715,-0.232,0.555,0.356,0.477,0.304
3283124,0.0434828,100.021116773132,0.768,0.184,-0.581,-0.730,-0.607,-0.209,-0.235,0.091,0.874,1.000,0.352,0.167,0.714,-0.232,0.557,0.355,0.486,0.317
3283134,0.04507,100.066186773125,0.768,0.184,-0.581,-0.730,-0.607,-0.209,-0.235,0.091,0.874,1.000,0.351,0.168,0.714,-0.231,0.560,0.352,0.487,0.315
3283142,0.0454492,100.111635974143,0.768,0.184,-0.581,-0.730,-0.607,-0.209,-0.235,0.091,0.874,0.999,0.352,0.169,0.712,-0.234,0.561,0.352,0.481,0.322
3283152,0.053245,100.164880974684,0.768,0.184,-0.581,-0.730,-0.607,-0.209,-0.235,0.091,0.874,0.998,0.352,0.170,0.711,-0.232,0.562,0.351,0.488,0.333
3283160,0.0387137,100.203594675753,0.768,0.184,-0.581,-0.730,-0.607,-0.209,-0.235,0.091,0.874,0.996,0.354,0.170,0.711,-0.233,0.563,0.350,0.490,0.332
3283166,0.0421729,100.245767577086,0.768,0.184,-0.581,-0.730,-0.607,-0.209,-0.235,0.091,0.874,0.995,0.354,0.171,0.710,-0.235,0.564,0.350,0.475,0.323
3283176,0.0342643,100.280031877104,0.768,0.184,-0.581,-0.730,-0.607,-0.209,-0.235,0.091,0.874,0.995,0.354,0.171,0.709,-0.234,0.565,0.350,0.446,0.310
3283186,0.0458759,100.325907776598,0.768,0.184,-0.581,-0.730,-0.607,-0.209,-0.235,0.091,0.874,0.995,0.354,0.171,0.707,-0.235,0.567,0.350,0.372,0.288
3283194,0.0427791,100.368686875794,0.768,0.184,-0.581,-0.730,-0.607,-0.209,-0.235,0.091,0.874,0.993,0.354,0.171,0.704,-0.240,0.570,0.349,0.296,0.247
3283204,0.0491737,100.417860577349,0.768,0.184,-0.581,-0.730,-0.607,-0.209,-0.235,0.091,0.874,0.992,0.355,0.171,0.699,-0.247,0.571,0.353,0.181,0.162
3283212,0.0451776,100.463038178626,0.768,0.184,-0.581,-0.730,-0.607,-0.209,-0.235,0.091,0.874,0.993,0.356,0.171,0.697,-0.250,0.572,0.354,0.088,0.062
3283220,0.0455947,100.508632878307,0.768,0.184,-0.581,-0.730,-0.607,-0.209,-0.235,0.091,0.874,0.994,0.355,0.171,0.693,-0.257,0.568,0.361,0.021,0.010
3283230,0.0380737,100.546706578229,0.768,0.184,-0.581,-0.730,-0.607,-0.209,-0.235,0.091,0.874,0.994,0.357,0.169,0.694,-0.258,0.566,0.363,0.023,0.015
3283238,0.0497016,100.596408179495,0.768,0.184,-0.581,-0.730,-0.607,-0.209,-0.235,0.091,0.874,0.994,0.357,0.170,0.694,-0.261,0.561,0.368,0.046,0.027
3283248,0.0460932,100.642501378898,0.768,0.184,-0.581,-0.730,-0.607,-0.209,-0.235,0.091,0.874,0.994,0.357,0.169,0.695,-0.263,0.558,0.370,0.043,0.041
3283256,0.0468945,100.689395877067,0.768,0.184,-0.581,-0.730,-0.607,-0.209,-0.235,0.091,0.874,0.994,0.357,0.169,0.696,-0.266,0.553,0.373,0.056,0.048
3283266,0.0441986,100.73359447578,0.768,0.184,-0.581,-0.730,-0.607,-0.209,-0.235,0.091,0.874,0.995,0.356,0.168,0.700,-0.267,0.544,0.377,0.059,0.040
3283276,0.0446335,100.778227976058,0.768,0.184,-0.581,-0.730,-0.607,-0.209,-0.235,0.091,0.874,0.993,0.356,0.167,0.706,-0.268,0.530,0.386,0.108,0.068
3283284,0.0465396,100.824767576996,0.768,0.184,-0.581,-0.730,-0.607,-0.209,-0.235,0.091,0.874,0.991,0.355,0.166,0.710,-0.274,0.515,0.394,0.143,0.113
3283292,0.0433452,100.868112778757,0.768,0.184,-0.581,-0.730,-0.607,-0.209,-0.235,0.091,0.874,0.989,0.356,0.166,0.719,-0.274,0.494,0.405,0.172,0.119
3283302,0.0416586,100.909771377686,0.768,0.184,-0.581,-0.730,-0.607,-0.209,-0.235,0.091,0.874,0.987,0.357,0.164,0.731,-0.276,0.467,0.414,0.230,0.143
3283310,0.0435931,100.95336447889,0.768,0.184,-0.581,-0.730,-0.607,-0.209,-0.235,0.091,0.874,0.983,0.356,0.167,0.747,-0.269,0.437,0.423,0.303,0.224
3283320,0.0466713,101.000035780016,0.768,0.184,-0.581,-0.730,-0.607,-0.209,-0.235,0.091,0.874,0.979,0.359,0.166,0.765,-0.262,0.406,0.425,0.357,0.294
3283328,0.0457295,101.045765279327,0.768,0.184,-0.581,-0.730,-0.607,-0.209,-0.235,0.091,0.874,0.975,0.358,0.165,0.783,-0.251,0.375,0.429,0.443,0.423
3283338,0.0396742,101.085439479444,0.768,0.184,-0.581,-0.730,-0.607,-0.209,-0.235,0.091,0.874,0.971,0.354,0.166,0.793,-0.256,0.343,0.434,0.842,0.481
3283346,0.0467651,101.132204579655,0.768,0.184,-0.581,-0.730,-0.607,-0.209,-0.235,0.091,0.874,0.968,0.357,0.165,0.799,-0.256,0.314,0.446,0.141,0.175
3283356,0.0465011,101.178705679718,0.768,0.184,-0.581,-0.730,-0.607,-0.209,-0.235,0.091,0.874,0.964,0.357,0.164,0.807,-0.248,0.293,0.448,0.126,0.311
3283364,0.0438174,101.222523080651,0.768,0.184,-0.581,-0.730,-0.607,-0.209,-0.235,0.091,0.874,0.960,0.357,0.163,0.811,-0.247,0.281,0.449,0.133,0.361
3283372,0.0479567,101.270479782019,0.768,0.184,-0.581,-0.730,-0.607,-0.209,-0.235,0.091,0.874,0.957,0.355,0.161,0.814,-0.246,0.266,0.455,0.122,0.388
3283382,0.0384537,101.308933480177,0.768,0.184,-0.581,-0.730,-0.607,-0.209,-0.235,0.091,0.874,0.953,0.355,0.159,0.815,-0.247,0.255,0.458,0.116,0.397
3283390,0.0489098,101.357843278442,0.768,0.184,-0.581,-0.730,-0.607,-0.209,-0.235,0.091,0.874,0.950,0.351,0.159,0.817,-0.246,0.241,0.463,0.098,0.401
3283400,0.0410999,101.398943176959,0.768,0.184,-0.581,-0.730,-0.607,-0.209,-0.235,0.091,0.874,0.945,0.353,0.156,0.820,-0.249,0.231,0.461,0.089,0.409
3283408,0.0442087,101.443151878659,0.768,0.184,-0.581,-0.730,-0.607,-0.209,-0.235,0.091,0.874,0.941,0.352,0.156,0.822,-0.249,0.226,0.460,0.076,0.403
3283418,0.0434564,101.486608280335,0.768,0.184,-0.581,-0.730,-0.607,-0.209,-0.235,0.091,0.874,0.940,0.352,0.156,0.823,-0.250,0.225,0.458,0.029,0.374
3283424,0.0441941,101.530802378897,0.768,0.184,-0.581,-0.730,-0.607,-0.209,-0.235,0.091,0.874,0.939,0.352,0.155,0.822,-0.252,0.223,0.459,0.056,0.354
3283434,0.0391511,101.569953477476,0.768,0.184,-0.581,-0.730,-0.607,-0.209,-0.235,0.091,0.874,0.938,0.352,0.155,0.821,-0.253,0.222,0.461,0.058,0.344
3283444,0.0536641,101.623617576901,0.768,0.184,-0.581,-0.730,-0.607,-0.209,-0.235,0.091,0.874,0.938,0.354,0.156,0.822,-0.252,0.220,0.462,0.051,0.343
3283452,0.041285,101.664902577642,0.768,0.184,-0.581,-0.730,-0.607,-0.209,-0.235,0.091,0.874,0.938,0.355,0.157,0.822,-0.251,0.219,0.462,0.060,0.359
3283462,0.0446989,101.709601479117,0.768,0.184,-0.581,-0.730,-0.607,-0.209,-0.235,0.091,0.874,0.938,0.355,0.158,0.823,-0.249,0.218,0.462,0.055,0.331
3283470,0.0449244,101.754525879864,0.768,0.184,-0.581,-0.730,-0.607,-0.209,-0.235,0.091,0.874,0.937,0.354,0.160,0.821,-0.247,0.214,0.468,0.062,0.339
3283480,0.0457121,101.800237978343,0.768,0.184,-0.581,-0.730,-0.607,-0.209,-0.235,0.091,0.874,0.941,0.356,0.157,0.823,-0.244,0.216,0.464,0.070,0.329
3283488,0.0450067,101.845244678203,0.768,0.184,-0.581,-0.730,-0.607,-0.209,-0.235,0.091,0.874,0.941,0.355,0.157,0.825,-0.243,0.215,0.464,0.072,0.356
3283494,0.0464158,101.891660476569,0.768,0.184,-0.581,-0.730,-0.607,-0.209,-0.235,0.091,0.874,0.941,0.354,0.158,0.824,-0.243,0.214,0.466,0.073,0.338
3283504,0.026766,101.918426476885,0.768,0.184,-0.581,-0.730,-0.607,-0.209,-0.235,0.091,0.874,0.941,0.353,0.157,0.825,-0.242,0.213,0.464,0.052,0.357
3283514,0.0480483,101.966474775691,0.768,0.184,-0.581,-0.730,-0.607,-0.209,-0.235,0.091,0.874,0.940,0.353,0.157,0.825,-0.243,0.210,0.465,0.045,0.371
3283522,0.046662,102.013136774767,0.768,0.184,-0.581,-0.730,-0.607,-0.209,-0.235,0.091,0.874,0.939,0.354,0.158,0.827,-0.243,0.209,0.462,0.033,0.391
3283530,0.0433793,102.05651607411,0.768,0.184,-0.581,-0.730,-0.607,-0.209,-0.235,0.091,0.874,0.936,0.353,0.161,0.829,-0.240,0.210,0.460,0.039,0.411
3283540,0.0427302,102.099246275146,0.768,0.184,-0.581,-0.730,-0.607,-0.209,-0.235,0.091,0.874,0.938,0.355,0.160,0.828,-0.242,0.210,0.460,0.042,0.403
3283548,0.0458911,102.145137373824,0.768,0.184,-0.581,-0.730,-0.607,-0.209,-0.235,0.091,0.874,0.937,0.354,0.160,0.828,-0.243,0.209,0.460,0.043,0.410
3283556,0.0438839,102.189021274913,0.768,0.184,-0.581,-0.730,-0.607,-0.209,-0.235,0.091,0.874,0.938,0.355,0.160,0.827,-0.243,0.210,0.462,0.040,0.405
3283566,0.0431365,102.232157774735,0.768,0.184,-0.581,-0.730,-0.607,-0.209,-0.235,0.091,0.874,0.937,0.354,0.161,0.827,-0.244,0.210,0.462,0.050,0.362
3283576,0.0471488,102.279306576122,0.768,0.184,-0.581,-0.730,-0.607,-0.209,-0.235,0.091,0.874,0.938,0.354,0.160,0.828,-0.241,0.208,0.462,0.054,0.349
3283586,0.0515308,102.330837376881,0.768,0.184,-0.581,-0.730,-0.607,-0.209,-0.235,0.091,0.874,0.939,0.354,0.160,0.827,-0.240,0.207,0.464,0.062,0.351
3283596,0.0489536,102.379790977109,0.768,0.184,-0.581,-0.730,-0.607,-0.209,-0.235,0.091,0.874,0.940,0.353,0.158,0.827,-0.237,0.203,0.468,0.083,0.384
3283604,0.0443932,102.424184177537,0.768,0.184,-0.581,-0.730,-0.607,-0.209,-0.235,0.091,0.874,0.941,0.354,0.158,0.829,-0.233,0.202,0.467,0.107,0.402
3283612,0.0421242,102.466308378149,0.768,0.184,-0.581,-0.730,-0.607,-0.209,-0.235,0.091,0.874,0.944,0.354,0.156,0.830,-0.229,0.202,0.467,0.128,0.447
3283620,0.0451225,102.511430878658,0.768,0.184,-0.581,-0.730,-0.607,-0.209,-0.235,0.091,0.874,0.947,0.354,0.158,0.829,-0.228,0.198,0.471,0.144,0.470
3283630,0.0359048,102.547335677315,0.768,0.184,-0.581,-0.730,-0.607,-0.209,-0.235,0.091,0.874,0.942,0.359,0.165,0.833,-0.219,0.206,0.465,0.131,0.482
3283640,0.051687,102.599022675771,0.768,0.184,-0.581,-0.730,-0.607,-0.209,-0.235,0.091,0.874,0.952,0.358,0.160,0.837,-0.216,0.201,0.461,0.155,0.423
3283648,0.0490936,102.648116276134,0.768,0.184,-0.581,-0.730,-0.607,-0.209,-0.235,0.091,0.874,0.956,0.358,0.161,0.837,-0.213,0.199,0.463,0.141,0.431
3283658,0.0433014,102.691417675931,0.768,0.184,-0.581,-0.730,-0.607,-0.209,-0.235,0.091,0.874,0.959,0.358,0.160,0.837,-0.211,0.197,0.465,0.088,0.466
3283666,0.0429465,102.734364174772,0.768,0.184,-0.581,-0.730,-0.607,-0.209,-0.235,0.091,0.874,0.963,0.359,0.160,0.837,-0.206,0.195,0.468,0.156,0.497
3283674,0.0446047,102.778968874831,0.768,0.184,-0.581,-0.730,-0.607,-0.209,-0.235,0.091,0.874,0.964,0.358,0.157,0.834,-0.205,0.191,0.475,0.173,0.529
3283682,0.0422081,102.821176976431,0.768,0.184,-0.581,-0.730,-0.607,-0.209,-0.235,0.091,0.874,0.967,0.359,0.157,0.832,-0.204,0.188,0.480,0.197,0.546
3283692,0.0421879,102.863364875782,0.768,0.184,-0.581,-0.730,-0.607,-0.209,-0.235,0.091,0.874,0.969,0.361,0.158,0.835,-0.202,0.186,0.478,0.169,0.555
3283700,0.0409422,102.904307075311,0.768,0.184,-0.581,-0.730,-0.607,-0.209,-0.235,0.091,0.874,0.971,0.360,0.157,0.834,-0.202,0.184,0.479,0.188,0.611
3283710,0.0426573,102.94696437614,0.768,0.184,-0.581,-0.730,-0.607,-0.209,-0.235,0.091,0.874,0.975,0.361,0.159,0.839,-0.199,0.183,0.473,0.148,0.580
3283718,0.0516068,102.998571176548,0.768,0.184,-0.581,-0.730,-0.607,-0.209,-0.235,0.091,0.874,0.975,0.360,0.158,0.838,-0.199,0.179,0.476,0.139,0.609
3283728,0.0447431,103.043314274866,0.768,0.184,-0.581,-0.730,-0.607,-0.209,-0.235,0.091,0.874,0.977,0.359,0.156,0.838,-0.199,0.178,0.476,0.128,0.541
3283736,0.0381693,103.081483573187,0.768,0.184,-0.581,-0.730,-0.607,-0.209,-0.235,0.091,0.874,0.980,0.360,0.157,0.839,-0.198,0.179,0.475,0.130,0.522
3283746,0.0503726,103.131856173743,0.768,0.184,-0.581,-0.730,-0.607,-0.209,-0.235,0.091,0.874,0.982,0.361,0.156,0.839,-0.196,0.177,0.475,0.139,0.549
3283754,0.0423726,103.174228772987,0.768,0.184,-0.581,-0.730,-0.607,-0.209,-0.235,0.091,0.874,0.985,0.360,0.157,0.840,-0.196,0.178,0.474,0.123,0.550
3283764,0.0468912,103.221119974274,0.768,0.184,-0.581,-0.730,-0.607,-0.209,-0.235,0.091,0.874,0.987,0.360,0.157,0.839,-0.197,0.176,0.475,0.119,0.546
3283772,0.0434946,103.264614575077,0.768,0.184,-0.581,-0.730,-0.607,-0.209,-0.235,0.091,0.874,0.986,0.360,0.158,0.839,-0.197,0.176,0.476,0.112,0.561
3283782,0.0431648,103.307779375929,0.768,0.184,-0.581,-0.730,-0.607,-0.209,-0.235,0.091,0.874,0.986,0.359,0.157,0.838,-0.198,0.175,0.477,0.101,0.560
3283790,0.0495736,103.357352976222,0.768,0.184,-0.581,-0.730,-0.607,-0.209,-0.235,0.091,0.874,0.983,0.359,0.160,0.839,-0.199,0.174,0.476,0.121,0.580
3283800,0.0365804,103.3939333749,0.768,0.184,-0.581,-0.730,-0.607,-0.209,-0.235,0.091,0.874,0.987,0.359,0.157,0.838,-0.200,0.174,0.476,0.083,0.543
3283808,0.0506644,103.44459777372,0.768,0.184,-0.581,-0.730,-0.607,-0.209,-0.235,0.091,0.874,0.986,0.359,0.157,0.838,-0.200,0.175,0.477,0.098,0.592
3283818,0.0461904,103.490788173396,0.768,0.184,-0.581,-0.730,-0.607,-0.209,-0.235,0.091,0.874,0.986,0.359,0.156,0.834,-0.202,0.179,0.481,0.081,0.527
3283826,0.0412395,103.532027673442,0.768,0.184,-0.581,-0.730,-0.607,-0.209,-0.235,0.091,0.874,0.985,0.358,0.157,0.836,-0.202,0.179,0.478,0.125,0.620
3283834,0.0437835,103.575811174233,0.768,0.184,-0.581,-0.730,-0.607,-0.209,-0.235,0.091,0.874,0.987,0.361,0.157,0.835,-0.203,0.183,0.478,0.131,0.645
3283842,0.0442864,103.620097574312,0.768,0.184,-0.581,-0.730,-0.607,-0.209,-0.235,0.091,0.874,0.985,0.359,0.157,0.835,-0.204,0.181,0.477,0.109,0.579
3283852,0.0400128,103.660110373516,0.768,0.184,-0.581,-0.730,-0.607,-0.209,-0.235,0.091,0.874,0.988,0.360,0.158,0.835,-0.200,0.186,0.478,0.111,0.573
3283862,0.0487845,103.708894875366,0.768,0.184,-0.581,-0.730,-0.607,-0.209,-0.235,0.091,0.874,0.988,0.360,0.159,0.835,-0.203,0.184,0.478,0.073,0.528
3283870,0.045938,103.754832875449,0.768,0.184,-0.581,-0.730,-0.607,-0.209,-0.235,0.091,0.874,0.986,0.361,0.165,0.835,-0.195,0.175,0.484,0.047,0.586
3283880,0.0449885,103.799821377266,0.768,0.184,-0.581,-0.730,-0.607,-0.209,-0.235,0.091,0.874,0.988,0.358,0.156,0.834,-0.201,0.180,0.482,0.070,0.538
3283888,0.0435684,103.84338977607,0.768,0.184,-0.581,-0.730,-0.607,-0.209,-0.235,0.091,0.874,0.988,0.360,0.159,0.834,-0.202,0.180,0.481,0.054,0.521
3283898,0.0457497,103.889139477629,0.768,0.184,-0.581,-0.730,-0.607,-0.209,-0.235,0.091,0.874,0.987,0.359,0.159,0.836,-0.199,0.182,0.479,0.061,0.510
3283906,0.0430377,103.932177179027,0.768,0.184,-0.581,-0.730,-0.607,-0.209,-0.235,0.091,0.874,0.988,0.358,0.160,0.834,-0.201,0.182,0.481,0.048,0.470
3283914,0.0459664,103.978143580724,0.768,0.184,-0.581,-0.730,-0.607,-0.209,-0.235,0.091,0.874,0.987,0.358,0.159,0.832,-0.201,0.180,0.485,0.048,0.484
3283924,0.0429631,104.021106679458,0.768,0.184,-0.581,-0.730,-0.607,-0.209,-0.235,0.091,0.874,0.988,0.360,0.162,0.831,-0.202,0.181,0.485,0.027,0.369
3283932,0.0475874,104.068694077898,0.768,0.184,-0.581,-0.730,-0.607,-0.209,-0.235,0.091,0.874,0.988,0.359,0.162,0.834,-0.196,0.184,0.482,0.024,0.433
3283942,0.037525,104.106219076086,0.768,0.184,-0.581,-0.730,-0.607,-0.209,-0.235,0.091,0.874,0.990,0.362,0.165,0.831,-0.198,0.185,0.486,0.019,0.357
3283950,0.0514338,104.157652877737,0.768,0.184,-0.581,-0.730,-0.607,-0.209,-0.235,0.091,0.874,0.993,0.363,0.171,0.836,-0.194,0.194,0.475,0.014,0.350
3283960,0.041621,104.199273877312,0.768,0.184,-0.581,-0.730,-0.607,-0.209,-0.235,0.091,0.874,0.992,0.364,0.170,0.834,-0.196,0.194,0.477,0.000,0.296
3283968,0.045677,104.244950876106,0.768,0.184,-0.581,-0.730,-0.607,-0.209,-0.235,0.091,0.874,0.993,0.361,0.169,0.830,-0.197,0.191,0.486,0.009,0.272
3283978,0.0447516,104.289702475537,0.768,0.184,-0.581,-0.730,-0.607,-0.209,-0.235,0.091,0.874,0.993,0.362,0.169,0.826,-0.199,0.186,0.494,0.035,0.136
3283986,0.0435381,104.333240576554,0.768,0.184,-0.581,-0.730,-0.607,-0.209,-0.235,0.091,0.874,0.993,0.364,0.168,0.823,-0.202,0.186,0.498,0.011,0.255
3283994,0.0441046,104.377345175017,0.768,0.184,-0.581,-0.730,-0.607,-0.209,-0.235,0.091,0.874,0.994,0.363,0.170,0.819,-0.205,0.188,0.502,0.008,0.254
3284004,0.0490468,104.426391974557,0.768,0.184,-0.581,-0.730,-0.607,-0.209,-0.235,0.091,0.874,0.994,0.361,0.170,0.818,-0.206,0.189,0.503,0.000,0.162
3284014,0.0403203,104.466712274123,0.768,0.184,-0.581,-0.730,-0.607,-0.209,-0.235,0.091,0.874,0.995,0.361,0.172,0.819,-0.205,0.190,0.501,0.000,0.164
3284022,0.0466408,104.513353072573,0.768,0.184,-0.581,-0.730,-0.607,-0.209,-0.235,0.091,0.874,0.996,0.361,0.172,0.818,-0.205,0.191,0.502,0.000,0.135
3284030,0.0427368,104.556089871097,0.768,0.184,-0.581,-0.730,-0.607,-0.209,-0.235,0.091,0.874,0.995,0.361,0.171,0.815,-0.206,0.193,0.506,0.000,0.156
3284040,0.0435783,104.599668171722,0.768,0.184,-0.581,-0.730,-0.607,-0.209,-0.235,0.091,0.874,0.996,0.360,0.172,0.813,-0.208,0.192,0.508,0.000,0.159
3284048,0.0468999,104.646568071563,0.768,0.184,-0.581,-0.730,-0.607,-0.209,-0.235,0.091,0.874,0.996,0.362,0.174,0.811,-0.210,0.191,0.511,0.009,0.215
3284058,0.0439761,104.690544169862,0.768,0.184,-0.581,-0.730,-0.607,-0.209,-0.235,0.091,0.874,0.998,0.363,0.176,0.811,-0.210,0.193,0.512,0.000,0.284
3284066,0.0442815,104.734825671185,0.768,0.184,-0.581,-0.730,-0.607,-0.209,-0.235,0.091,0.874,1.002,0.363,0.177,0.811,-0.211,0.195,0.509,0.020,0.288
3284072,0.044658,104.779483672697,0.768,0.184,-0.581,-0.730,-0.607,-0.209,-0.235,0.091,0.874,1.003,0.365,0.179,0.813,-0.210,0.198,0.506,0.017,0.248
3284082,0.0314984,104.810982071329,0.768,0.184,-0.581,-0.730,-0.607,-0.209,-0.235,0.091,0.874,1.003,0.365,0.179,0.814,-0.212,0.200,0.503,0.010,0.176
3284090,0.0472032,104.858185273129,0.768,0.184,-0.581,-0.730,-0.607,-0.209,-0.235,0.091,0.874,1.005,0.364,0.179,0.816,-0.212,0.201,0.499,0.000,0.141
3284100,0.0437043,104.901889574248,0.768,0.184,-0.581,-0.730,-0.607,-0.209,-0.235,0.091,0.874,1.005,0.364,0.178,0.814,-0.214,0.202,0.501,0.000,0.084
3284108,0.0437072,104.945596773643,0.768,0.184,-0.581,-0.730,-0.607,-0.209,-0.235,0.091,0.874,1.007,0.358,0.177,0.816,-0.210,0.201,0.499,0.000,0.075
3284118,0.0448971,104.990493875463,0.768,0.184,-0.581,-0.730,-0.607,-0.209,-0.235,0.091,0.874,1.001,0.364,0.177,0.811,-0.217,0.197,0.506,0.000,0.104
3284126,0.0486034,105.039097276051,0.768,0.184,-0.581,-0.730,-0.607,-0.209,-0.235,0.091,0.874,0.999,0.364,0.175,0.812,-0.219,0.200,0.503,0.000,0.177
3284134,0.0395042,105.078601476271,0.768,0.184,-0.581,-0.730,-0.607,-0.209,-0.235,0.091,0.874,0.996,0.362,0.174,0.815,-0.218,0.203,0.497,0.000,0.186
3284144,0.0449504,105.123551875819,0.768,0.184,-0.581,-0.730,-0.607,-0.209,-0.235,0.091,0.874,0.997,0.356,0.169,0.812,-0.222,0.202,0.502,0.000,0.196
3284154,0.0461229,105.16967477696,0.768,0.184,-0.581,-0.730,-0.607,-0.209,-0.235,0.091,0.874,0.997,0.355,0.167,0.815,-0.224,0.200,0.495,0.013,0.208
3284164,0.0503955,105.220070276875,0.768,0.184,-0.581,-0.730,-0.607,-0.209,-0.235,0.091,0.874,0.997,0.352,0.165,0.814,-0.227,0.199,0.496,0.015,0.275
3284174,0.0492781,105.269348375965,0.768,0.184,-0.581,-0.730,-0.607,-0.209,-0.235,0.091,0.874,0.993,0.353,0.163,0.816,-0.225,0.202,0.493,0.017,0.305
3284182,0.0431675,105.312515877653,0.768,0.184,-0.581,-0.730,-0.607,-0.209,-0.235,0.091,0.874,0.995,0.353,0.163,0.816,-0.225,0.201,0.493,0.001,0.342
3284192,0.0428164,105.355332278181,0.768,0.184,-0.581,-0.730,-0.607,-0.209,-0.235,0.091,0.874,0.997,0.347,0.159,0.824,-0.223,0.214,0.475,0.009,0.381
3284200,0.0474282,105.40276047634,0.768,0.184,-0.581,-0.730,-0.607,-0.209,-0.235,0.091,0.874,0.999,0.354,0.160,0.819,-0.222,0.206,0.488,0.000,0.257
3284208,0.0441769,105.446937375236,0.768,0.184,-0.581,-0.730,-0.607,-0.209,-0.235,0.091,0.874,1.002,0.356,0.160,0.817,-0.223,0.199,0.493,0.000,0.224
3284214,0.0451391,105.492076475639,0.768,0.184,-0.581,-0.730,-0.607,-0.209,-0.235,0.091,0.874,1.001,0.358,0.159,0.815,-0.223,0.196,0.497,0.000,0.159
3284224,0.032177,105.524253476877,0.768,0.184,-0.581,-0.730,-0.607,-0.209,-0.235,0.091,0.874,1.002,0.355,0.157,0.814,-0.223,0.197,0.499,0.000,0.165
3284228,0.0407111,105.564964578021,0.768,0.184,-0.581,-0.730,-0.607,-0.209,-0.235,0.091,0.874,1.003,0.352,0.156,0.813,-0.223,0.195,0.501,0.000,0.167
3284236,0.0163609,105.581325477455,0.768,0.184,-0.581,-0.730,-0.607,-0.209,-0.235,0.091,0.874,1.002,0.350,0.154,0.815,-0.223,0.197,0.498,0.000,0.162
3284242,0.0538923,105.635217776988,0.768,0.184,-0.581,-0.730,-0.607,-0.209,-0.235,0.091,0.874,1.002,0.351,0.154,0.814,-0.223,0.196,0.500,0.000,0.104
3284248,0.0348833,105.670101078693,0.768,0.184,-0.581,-0.730,-0.607,-0.209,-0.235,0.091,0.874,1.000,0.351,0.151,0.814,-0.221,0.195,0.501,0.000,0.164
3284258,0.0133969,105.68349797884,0.768,0.184,-0.581,-0.730,-0.607,-0.209,-0.235,0.091,0.874,1.000,0.346,0.148,0.812,-0.220,0.194,0.505,0.000,0.157
3284266,0.0510789,105.734576879535,0.768,0.184,-0.581,-0.730,-0.607,-0.209,-0.235,0.091,0.874,1.000,0.342,0.147,0.811,-0.221,0.195,0.505,0.001,0.209
3284274,0.0471595,105.781736379955,0.768,0.184,-0.581,-0.730,-0.607,-0.209,-0.235,0.091,0.874,1.001,0.338,0.145,0.812,-0.222,0.195,0.504,0.023,0.223
3284284,0.0401893,105.821925679687,0.768,0.184,-0.581,-0.730,-0.607,-0.209,-0.235,0.091,0.874,1.001,0.335,0.143,0.812,-0.225,0.193,0.502,0.028,0.258
3284292,0.0425842,105.864509879146,0.768,0.184,-0.581,-0.730,-0.607,-0.209,-0.235,0.091,0.874,1.002,0.328,0.140,0.809,-0.227,0.190,0.508,0.039,0.294
3284302,0.0443165,105.908826379571,0.768,0.184,-0.581,-0.730,-0.607,-0.209,-0.235,0.091,0.874,1.000,0.327,0.138,0.806,-0.232,0.185,0.512,0.048,0.286
3284310,0.0446301,105.953456478659,0.768,0.184,-0.581,-0.730,-0.607,-0.209,-0.235,0.091,0.874,1.001,0.324,0.139,0.805,-0.233,0.181,0.514,0.050,0.333
3284320,0.0467796,106.0002360777,0.768,0.184,-0.581,-0.730,-0.607,-0.209,-0.235,0.091,0.874,0.997,0.325,0.138,0.803,-0.238,0.183,0.515,0.061,0.403
3284328,0.0439052,106.044141276274,0.768,0.184,-0.581,-0.730,-0.607,-0.209,-0.235,0.091,0.874,0.996,0.324,0.139,0.801,-0.240,0.183,0.517,0.054,0.416
3284338,0.0439941,106.088135375176,0.768,0.184,-0.581,-0.730,-0.607,-0.209,-0.235,0.091,0.874,0.995,0.325,0.140,0.802,-0.238,0.183,0.517,0.068,0.379
3284346,0.0448298,106.132965175901,0.768,0.184,-0.581,-0.730,-0.607,-0.209,-0.235,0.091,0.874,0.994,0.325,0.141,0.800,-0.238,0.183,0.519,0.047,0.362
3284356,0.0460828,106.179047974292,0.768,0.184,-0.581,-0.730,-0.607,-0.209,-0.235,0.091,0.874,0.993,0.326,0.143,0.800,-0.236,0.184,0.520,0.050,0.352
3284364,0.0527102,106.231758175883,0.768,0.184,-0.581,-0.730,-0.607,-0.209,-0.235,0.091,0.874,0.992,0.328,0.144,0.798,-0.236,0.185,0.523,0.054,0.355
3284374,0.0435438,106.275301976595,0.768,0.184,-0.581,-0.730,-0.607,-0.209,-0.235,0.091,0.874,0.992,0.329,0.145,0.799,-0.233,0.185,0.523,0.057,0.367
3284384,0.0485454,106.323847378138,0.768,0.184,-0.581,-0.730,-0.607,-0.209,-0.235,0.091,0.874,0.991,0.331,0.145,0.796,-0.234,0.185,0.528,0.065,0.305
3284392,0.0418045,106.365651878063,0.768,0.184,-0.581,-0.730,-0.607,-0.209,-0.235,0.091,0.874,0.990,0.331,0.146,0.793,-0.232,0.185,0.532,0.072,0.305
3284400,0.0455369,106.411188779864,0.768,0.184,-0.581,-0.730,-0.607,-0.209,-0.235,0.091,0.874,0.989,0.332,0.145,0.790,-0.224,0.189,0.538,0.157,0.400
3284410,0.0429525,106.454141280148,0.768,0.184,-0.581,-0.730,-0.607,-0.209,-0.235,0.091,0.874,0.990,0.330,0.147,0.790,-0.220,0.195,0.538,0.263,0.964
3284420,0.0450376,106.499178881291,0.768,0.184,-0.581,-0.730,-0.607,-0.209,-0.235,0.091,0.874,0.990,0.331,0.148,0.788,-0.217,0.198,0.541,0.356,1.000
3284428,0.0488801,106.548058981542,0.768,0.184,-0.581,-0.730,-0.607,-0.209,-0.235,0.091,0.874,0.989,0.333,0.149,0.787,-0.215,0.201,0.542,0.422,1.000
3284438,0.0403417,106.5884006829,0.768,0.184,-0.581,-0.730,-0.607,-0.209,-0.235,0.091,0.874,0.989,0.333,0.149,0.790,-0.212,0.204,0.539,0.414,1.000
3284446,0.0448369,106.633237584028,0.768,0.184,-0.581,-0.730,-0.607,-0.209,-0.235,0.091,0.874,0.990,0.334,0.150,0.789,-0.211,0.206,0.539,0.452,1.000
3284454,0.0463618,106.679599384312,0.768,0.184,-0.581,-0.730,-0.607,-0.209,-0.235,0.091,0.874,0.991,0.334,0.151,0.790,-0.210,0.210,0.536,0.453,1.000
3284464,0.0429635,106.722562885378,0.768,0.184,-0.581,-0.730,-0.607,-0.209,-0.235,0.091,0.874,0.992,0.334,0.152,0.789,-0.209,0.209,0.538,0.441,1.000
3284472,0.0441762,106.76673908392,0.768,0.184,-0.581,-0.730,-0.607,-0.209,-0.235,0.091,0.874,0.992,0.335,0.151,0.790,-0.209,0.206,0.539,0.462,1.000
3284482,0.0436897,106.810428785626,0.768,0.184,-0.581,-0.730,-0.607,-0.209,-0.235,0.091,0.874,0.992,0.336,0.152,0.789,-0.208,0.205,0.540,0.484,1.000
3284490,0.0418992,106.852327986155,0.768,0.184,-0.581,-0.730,-0.607,-0.209,-0.235,0.091,0.874,0.992,0.333,0.154,0.790,-0.209,0.207,0.539,0.504,1.000
3284500,0.0474309,106.899758885149,0.768,0.184,-0.581,-0.730,-0.607,-0.209,-0.235,0.091,0.874,0.995,0.334,0.153,0.789,-0.208,0.204,0.541,0.498,1.000
3284508,0.0461318,106.945890686009,0.768,0.184,-0.581,-0.730,-0.607,-0.209,-0.235,0.091,0.874,0.995,0.334,0.152,0.787,-0.207,0.205,0.543,0.539,1.000
3284516,0.0434541,106.989344785456,0.768,0.184,-0.581,-0.730,-0.607,-0.209,-0.235,0.091,0.874,0.995,0.334,0.152,0.788,-0.207,0.205,0.542,0.517,1.000
3284524,0.0367564,107.026101185475,0.768,0.184,-0.581,-0.730,-0.607,-0.209,-0.235,0.091,0.874,0.995,0.335,0.153,0.787,-0.207,0.204,0.544,0.569,1.000
3284534,0.0494079,107.075509084854,0.768,0.184,-0.581,-0.730,-0.607,-0.209,-0.235,0.091,0.874,0.996,0.334,0.152,0.787,-0.208,0.204,0.545,0.614,1.000
3284542,0.0445055,107.120014584158,0.768,0.184,-0.581,-0.730,-0.607,-0.209,-0.235,0.091,0.874,0.997,0.334,0.152,0.786,-0.209,0.203,0.545,0.623,1.000
3284552,0.0439512,107.163965782616,0.768,0.184,-0.581,-0.730,-0.607,-0.209,-0.235,0.091,0.874,0.996,0.333,0.153,0.785,-0.210,0.203,0.546,0.667,0.997
3284562,0.0439601,107.207925880793,0.768,0.184,-0.581,-0.730,-0.607,-0.209,-0.235,0.091,0.874,0.996,0.334,0.153,0.787,-0.210,0.203,0.544,0.675,0.997
3284570,0.044666,107.252591880504,0.768,0.184,-0.581,-0.730,-0.607,-0.209,-0.235,0.091,0.874,0.997,0.333,0.155,0.790,-0.207,0.208,0.538,0.684,0.995
3284580,0.0401805,107.292772381101,0.768,0.184,-0.581,-0.730,-0.607,-0.209,-0.235,0.091,0.874,0.999,0.334,0.153,0.790,-0.207,0.208,0.538,0.662,0.996
3284588,0.0549226,107.347694980446,0.768,0.184,-0.581,-0.730,-0.607,-0.209,-0.235,0.091,0.874,0.998,0.335,0.152,0.789,-0.207,0.208,0.539,0.677,0.988
3284598,0.0432726,107.390967580024,0.768,0.184,-0.581,-0.730,-0.607,-0.209,-0.235,0.091,0.874,0.998,0.335,0.152,0.791,-0.206,0.208,0.537,0.697,0.981
3284606,0.0468337,107.437801281456,0.768,0.184,-0.581,-0.730,-0.607,-0.209,-0.235,0.091,0.874,0.999,0.335,0.152,0.791,-0.205,0.209,0.537,0.729,0.990
3284614,0.0405194,107.478320682887,0.768,0.184,-0.581,-0.730,-0.607,-0.209,-0.235,0.091,0.874,1.000,0.336,0.153,0.791,-0.202,0.211,0.537,0.744,1.000
3284622,0.0434603,107.521780981217,0.768,0.184,-0.581,-0.730,-0.607,-0.209,-0.235,0.091,0.874,1.000,0.336,0.151,0.790,-0.201,0.213,0.538,0.754,0.998
3284634,0.0430024,107.564783381764,0.768,0.184,-0.581,-0.730,-0.607,-0.209,-0.235,0.091,0.874,1.001,0.336,0.150,0.790,-0.201,0.214,0.538,0.754,0.988
3284642,0.054067,107.618850382511,0.768,0.184,-0.581,-0.730,-0.607,-0.209,-0.235,0.091,0.874,1.001,0.335,0.150,0.792,-0.201,0.214,0.536,0.773,0.984
3284650,0.0368188,107.655669181142,0.768,0.184,-0.581,-0.730,-0.607,-0.209,-0.235,0.091,0.874,1.002,0.336,0.150,0.794,-0.200,0.216,0.532,0.772,1.000
3284658,0.0443266,107.699995780829,0.768,0.184,-0.581,-0.730,-0.607,-0.209,-0.235,0.091,0.874,1.003,0.336,0.150,0.795,-0.200,0.217,0.530,0.767,0.995
3284668,0.0420017,107.741997478995,0.768,0.184,-0.581,-0.730,-0.607,-0.209,-0.235,0.091,0.874,1.003,0.337,0.149,0.793,-0.199,0.218,0.533,0.752,0.991
3284676,0.044239,107.786236478481,0.768,0.184,-0.581,-0.730,-0.607,-0.209,-0.235,0.091,0.874,1.003,0.338,0.149,0.792,-0.197,0.222,0.533,0.763,0.992
3284684,0.0441292,107.830365678761,0.768,0.184,-0.581,-0.730,-0.607,-0.209,-0.235,0.091,0.874,1.005,0.341,0.150,0.794,-0.196,0.224,0.530,0.782,0.991
3284694,0.0440742,107.874439878855,0.768,0.184,-0.581,-0.730,-0.607,-0.209,-0.235,0.091,0.874,1.007,0.343,0.151,0.798,-0.191,0.229,0.523,0.772,0.987
3284702,0.0474214,107.921861278359,0.768,0.184,-0.581,-0.730,-0.607,-0.209,-0.235,0.091,0.874,1.006,0.343,0.149,0.796,-0.190,0.229,0.528,0.774,0.997
3284712,0.0412847,107.963145977352,0.768,0.184,-0.581,-0.730,-0.607,-0.209,-0.235,0.091,0.874,1.006,0.344,0.147,0.792,-0.189,0.230,0.532,0.794,0.995
3284722,0.0505777,108.01372367749,0.768,0.184,-0.581,-0.730,-0.607,-0.209,-0.235,0.091,0.874,1.007,0.347,0.146,0.790,-0.188,0.235,0.534,0.838,0.974
3284730,0.0417731,108.055496776942,0.768,0.184,-0.581,-0.730,-0.607,-0.209,-0.235,0.091,0.874,1.006,0.351,0.143,0.790,-0.185,0.241,0.533,0.846,0.972
3284740,0.0456834,108.101180175785,0.768,0.184,-0.581,-0.730,-0.607,-0.209,-0.235,0.091,0.874,1.010,0.355,0.148,0.791,-0.182,0.250,0.528,0.853,0.975
3284748,0.0434704,108.144650577102,0.768,0.184,-0.581,-0.730,-0.607,-0.209,-0.235,0.091,0.874,1.012,0.358,0.146,0.794,-0.180,0.256,0.522,0.852,0.984
3284756,0.043865,108.188515576068,0.768,0.184,-0.581,-0.730,-0.607,-0.209,-0.235,0.091,0.874,1.013,0.366,0.146,0.797,-0.179,0.269,0.511,0.842,1.000
3284766,0.0443969,108.232912475709,0.768,0.184,-0.581,-0.730,-0.607,-0.209,-0.235,0.091,0.874,1.013,0.369,0.145,0.795,-0.182,0.277,0.508,0.789,1.000
3284774,0.0445321,108.27744457731,0.768,0.184,-0.581,-0.730,-0.607,-0.209,-0.235,0.091,0.874,1.012,0.367,0.139,0.788,-0.181,0.281,0.517,0.723,0.981
3284784,0.043077,108.320521576796,0.768,0.184,-0.581,-0.730,-0.607,-0.209,-0.235,0.091,0.874,1.009,0.370,0.139,0.786,-0.178,0.283,0.520,0.728,0.980
3284792,0.0461049,108.366626477335,0.768,0.184,-0.581,-0.730,-0.607,-0.209,-0.235,0.091,0.874,1.011,0.370,0.140,0.784,-0.183,0.288,0.519,0.775,1.000
3284800,0.0431455,108.409771977458,0.768,0.184,-0.581,-0.730,-0.607,-0.209,-0.235,0.091,0.874,1.012,0.373,0.139,0.787,-0.181,0.296,0.511,0.773,1.000
3284810,0.038689,108.448460976128,0.768,0.184,-0.581,-0.730,-0.607,-0.209,-0.235,0.091,0.874,1.010,0.375,0.137,0.780,-0.186,0.291,0.522,0.756,1.000
3284818,0.0505427,108.499003677163,0.768,0.184,-0.581,-0.730,-0.607,-0.209,-0.235,0.091,0.874,1.003,0.373,0.136,0.786,-0.176,0.291,0.516,0.803,1.000
3284828,0.0423295,108.541333178524,0.768,0.184,-0.581,-0.730,-0.607,-0.209,-0.235,0.091,0.874,1.000,0.373,0.139,0.791,-0.171,0.298,0.506,0.836,1.000
3284836,0.0515396,108.592872778419,0.768,0.184,-0.581,-0.730,-0.607,-0.209,-0.235,0.091,0.874,0.999,0.376,0.138,0.792,-0.167,0.306,0.501,0.837,1.000
3284846,0.0403767,108.63324947888,0.768,0.184,-0.581,-0.730,-0.607,-0.209,-0.235,0.091,0.874,0.997,0.378,0.135,0.792,-0.162,0.320,0.494,0.848,1.000
3284854,0.0522902,108.685539680067,0.768,0.184,-0.581,-0.730,-0.607,-0.209,-0.235,0.091,0.874,0.996,0.382,0.135,0.792,-0.162,0.333,0.486,0.869,1.000
3284862,0.0361561,108.721695779357,0.768,0.184,-0.581,-0.730,-0.607,-0.209,-0.235,0.091,0.874,0.995,0.384,0.134,0.789,-0.159,0.341,0.486,0.899,1.000
3284872,0.0424011,108.764096880797,0.768,0.184,-0.581,-0.730,-0.607,-0.209,-0.235,0.091,0.874,0.993,0.384,0.134,0.789,-0.157,0.348,0.481,0.908,1.000
3284880,0.0462537,108.810350580607,0.768,0.184,-0.581,-0.730,-0.607,-0.209,-0.235,0.091,0.874,0.992,0.387,0.134,0.788,-0.153,0.356,0.479,0.921,1.000
3284888,0.037253,108.847603580449,0.768,0.184,-0.581,-0.730,-0.607,-0.209,-0.235,0.091,0.874,0.988,0.389,0.136,0.786,-0.153,0.360,0.479,0.931,1.000
3284898,0.0466977,108.894301278982,0.768,0.184,-0.581,-0.730,-0.607,-0.209,-0.235,0.091,0.874,0.987,0.390,0.137,0.783,-0.153,0.368,0.477,0.931,1.000
3284906,0.04337,108.93767128,0.768,0.184,-0.581,-0.730,-0.607,-0.209,-0.235,0.091,0.874,0.987,0.391,0.137,0.782,-0.152,0.379,0.472,0.924,1.000
3284916,0.0474605,108.985131780151,0.768,0.184,-0.581,-0.730,-0.607,-0.209,-0.235,0.091,0.874,0.984,0.390,0.137,0.779,-0.156,0.390,0.466,0.907,1.000
3284924,0.0454169,109.030548679177,0.768,0.184,-0.581,-0.730,-0.607,-0.209,-0.235,0.091,0.874,0.979,0.392,0.135,0.772,-0.153,0.409,0.461,0.918,1.000
3284934,0.0453461,109.07589477906,0.768,0.184,-0.581,-0.730,-0.607,-0.209,-0.235,0.091,0.874,0.978,0.391,0.135,0.765,-0.153,0.428,0.457,0.952,1.000
3284944,0.0437885,109.11968327919,0.768,0.184,-0.581,-0.730,-0.607,-0.209,-0.235,0.091,0.874,0.976,0.393,0.136,0.763,-0.148,0.437,0.453,1.000,1.000
3284952,0.0456697,109.165352980141,0.768,0.184,-0.581,-0.730,-0.607,-0.209,-0.235,0.091,0.874,0.975,0.391,0.135,0.759,-0.150,0.446,0.449,1.000,1.000
3284962,0.0433144,109.208667381201,0.768,0.184,-0.581,-0.730,-0.607,-0.209,-0.235,0.091,0.874,0.975,0.392,0.135,0.759,-0.144,0.452,0.446,1.000,1.000
3284970,0.051456,109.260123381857,0.768,0.184,-0.581,-0.730,-0.607,-0.209,-0.235,0.091,0.874,0.973,0.392,0.134,0.757,-0.143,0.458,0.443,1.000,1.000
3284980,0.0408534,109.30097678164,0.768,0.184,-0.581,-0.730,-0.607,-0.209,-0.235,0.091,0.874,0.976,0.391,0.137,0.757,-0.141,0.462,0.441,1.000,1.000
3284988,0.0459172,109.346893983427,0.768,0.184,-0.581,-0.730,-0.607,-0.209,-0.235,0.091,0.874,0.980,0.394,0.135,0.753,-0.143,0.467,0.441,1.000,1.000
3284998,0.0427079,109.389601884875,0.768,0.184,-0.581,-0.730,-0.607,-0.209,-0.235,0.091,0.874,0.981,0.395,0.133,0.750,-0.145,0.470,0.442,1.000,1.000
3285006,0.0448424,109.434444284532,0.768,0.184,-0.581,-0.730,-0.607,-0.209,-0.235,0.091,0.874,0.981,0.396,0.133,0.747,-0.145,0.474,0.443,1.000,1.000
3285014,0.0458931,109.480337383691,0.768,0.184,-0.581,-0.730,-0.607,-0.209,-0.235,0.091,0.874,0.980,0.396,0.133,0.745,-0.148,0.479,0.441,1.000,1.000
3285024,0.0404425,109.520779883955,0.768,0.184,-0.581,-0.730,-0.607,-0.209,-0.235,0.091,0.874,0.976,0.394,0.134,0.740,-0.149,0.479,0.447,1.000,1.000
3285032,0.0466314,109.567411283497,0.768,0.184,-0.581,-0.730,-0.607,-0.209,-0.235,0.091,0.874,0.972,0.392,0.134,0.738,-0.154,0.478,0.451,1.000,1.000
3285042,0.0435354,109.610946683679,0.768,0.184,-0.581,-0.730,-0.607,-0.209,-0.235,0.091,0.874,0.969,0.391,0.134,0.736,-0.161,0.477,0.453,1.000,1.000
3285050,0.0469464,109.657893082593,0.768,0.184,-0.581,-0.730,-0.607,-0.209,-0.235,0.091,0.874,0.964,0.392,0.138,0.737,-0.159,0.480,0.448,1.000,1.000
3285060,0.0432577,109.701150781009,0.768,0.184,-0.581,-0.730,-0.607,-0.209,-0.235,0.091,0.874,0.962,0.391,0.136,0.736,-0.160,0.484,0.446,1.000,1.000
3285068,0.0484892,109.749639982823,0.768,0.184,-0.581,-0.730,-0.607,-0.209,-0.235,0.091,0.874,0.962,0.389,0.142,0.734,-0.163,0.495,0.436,1.000,1.000
3285078,0.0386352,109.788275184575,0.768,0.184,-0.581,-0.730,-0.607,-0.209,-0.235,0.091,0.874,0.961,0.390,0.144,0.732,-0.165,0.503,0.428,1.000,1.000
3285086,0.0529036,109.841178784613,0.768,0.184,-0.581,-0.730,-0.607,-0.209,-0.235,0.091,0.874,0.961,0.391,0.143,0.731,-0.162,0.512,0.421,1.000,1.000
3285094,0.040129,109.881307783071,0.768,0.184,-0.581,-0.730,-0.607,-0.209,-0.235,0.091,0.874,0.961,0.393,0.141,0.730,-0.156,0.520,0.415,1.000,1.000
3285104,0.0405951,109.921902882401,0.768,0.184,-0.581,-0.730,-0.607,-0.209,-0.235,0.091,0.874,0.958,0.395,0.138,0.728,-0.155,0.524,0.414,0.977,1.000
3285112,0.0437626,109.965665480588,0.768,0.184,-0.581,-0.730,-0.607,-0.209,-0.235,0.091,0.874,0.955,0.397,0.138,0.724,-0.151,0.533,0.410,0.993,1.000
3285120,0.0443668,110.010032279883,0.768,0.184,-0.581,-0.730,-0.607,-0.209,-0.235,0.091,0.874,0.952,0.398,0.139,0.722,-0.149,0.535,0.412,0.997,1.000
3285130,0.0434401,110.053472379688,0.768,0.184,-0.581,-0.730,-0.607,-0.209,-0.235,0.091,0.874,0.953,0.399,0.143,0.720,-0.146,0.542,0.409,1.000,1.000
3285140,0.0450086,110.098480979446,0.768,0.184,-0.581,-0.730,-0.607,-0.209,-0.235,0.091,0.874,0.945,0.400,0.141,0.715,-0.155,0.541,0.415,1.000,1.000
3285148,0.0451503,110.143631278072,0.768,0.184,-0.581,-0.730,-0.607,-0.209,-0.235,0.091,0.874,0.942,0.401,0.141,0.712,-0.158,0.545,0.414,1.000,1.000
3285156,0.0474997,110.191130979452,0.768,0.184,-0.581,-0.730,-0.607,-0.209,-0.235,0.091,0.874,0.937,0.401,0.141,0.711,-0.160,0.548,0.411,1.000,1.000
3285166,0.0391269,110.230257878546,0.768,0.184,-0.581,-0.730,-0.607,-0.209,-0.235,0.091,0.874,0.931,0.402,0.140,0.707,-0.166,0.550,0.414,1.000,1.000
3285174,0.0442502,110.27450807998,0.768,0.184,-0.581,-0.730,-0.607,-0.209,-0.235,0.091,0.874,0.927,0.402,0.141,0.702,-0.173,0.551,0.417,1.000,1.000
3285184,0.0472173,110.321725378279,0.768,0.184,-0.581,-0.730,-0.607,-0.209,-0.235,0.091,0.874,0.925,0.403,0.139,0.698,-0.178,0.555,0.417,1.000,1.000
3285192,0.0446582,110.366383577231,0.768,0.184,-0.581,-0.730,-0.607,-0.209,-0.235,0.091,0.874,0.923,0.403,0.141,0.696,-0.180,0.558,0.415,1.000,1.000
3285200,0.0463398,110.41272337595,0.768,0.184,-0.581,-0.730,-0.607,-0.209,-0.235,0.091,0.874,0.924,0.405,0.143,0.693,-0.184,0.560,0.414,1.000,1.000
3285210,0.040684,110.453407375608,0.768,0.184,-0.581,-0.730,-0.607,-0.209,-0.235,0.091,0.874,0.922,0.406,0.145,0.693,-0.181,0.562,0.413,1.000,1.000
3285218,0.0434653,110.496872677002,0.768,0.184,-0.581,-0.730,-0.607,-0.209,-0.235,0.091,0.874,0.920,0.405,0.145,0.688,-0.186,0.565,0.416,1.000,1.000
3285226,0.0460654,110.542938078288,0.768,0.184,-0.581,-0.730,-0.607,-0.209,-0.235,0.091,0.874,0.918,0.405,0.145,0.687,-0.187,0.567,0.414,1.000,1.000
3285236,0.0385518,110.581489878241,0.768,0.184,-0.581,-0.730,-0.607,-0.209,-0.235,0.091,0.874,0.916,0.408,0.146,0.685,-0.188,0.570,0.413,1.000,1.000
3285244,0.0443653,110.625855179969,0.768,0.184,-0.581,-0.730,-0.607,-0.209,-0.235,0.091,0.874,0.914,0.408,0.146,0.684,-0.190,0.571,0.413,1.000,1.000
3285254,0.0459719,110.671827080194,0.768,0.184,-0.581,-0.730,-0.607,-0.209,-0.235,0.091,0.874,0.910,0.408,0.146,0.681,-0.192,0.572,0.415,1.000,1.000
3285262,0.0463026,110.718129681889,0.768,0.184,-0.581,-0.730,-0.607,-0.209,-0.235,0.091,0.874,0.906,0.407,0.147,0.678,-0.195,0.573,0.417,1.000,1.000
3285272,0.0454441,110.763573782984,0.768,0.184,-0.581,-0.730,-0.607,-0.209,-0.235,0.091,0.874,0.902,0.407,0.146,0.678,-0.194,0.575,0.415,1.000,1.000
3285280,0.0452611,110.808834882919,0.768,0.184,-0.581,-0.730,-0.607,-0.209,-0.235,0.091,0.874,0.901,0.406,0.146,0.675,-0.197,0.578,0.413,1.000,1.000
3285290,0.0430189,110.851853782777,0.768,0.184,-0.581,-0.730,-0.607,-0.209,-0.235,0.091,0.874,0.899,0.405,0.145,0.675,-0.197,0.580,0.411,1.000,1.000
3285298,0.0410055,110.892859282438,0.768,0.184,-0.581,-0.730,-0.607,-0.209,-0.235,0.091,0.874,0.898,0.404,0.145,0.672,-0.202,0.584,0.409,1.000,1.000
3285306,0.0498549,110.942714183126,0.768,0.184,-0.581,-0.730,-0.607,-0.209,-0.235,0.091,0.874,0.895,0.405,0.144,0.670,-0.203,0.586,0.408,1.000,1.000
3285316,0.0483945,110.991108684335,0.768,0.184,-0.581,-0.730,-0.607,-0.209,-0.235,0.091,0.874,0.892,0.405,0.144,0.669,-0.204,0.587,0.408,1.000,1.000
3285326,0.0424631,111.033571785782,0.768,0.184,-0.581,-0.730,-0.607,-0.209,-0.235,0.091,0.874,0.889,0.405,0.144,0.667,-0.207,0.588,0.409,1.000,1.000
3285334,0.0470665,111.080638284329,0.768,0.184,-0.581,-0.730,-0.607,-0.209,-0.235,0.091,0.874,0.888,0.405,0.143,0.666,-0.207,0.588,0.410,1.000,1.000
3285344,0.0410657,111.121703984682,0.768,0.184,-0.581,-0.730,-0.607,-0.209,-0.235,0.091,0.874,0.888,0.404,0.143,0.664,-0.209,0.589,0.410,1.000,1.000
3285352,0.0438298,111.16553378338,0.768,0.184,-0.581,-0.730,-0.607,-0.209,-0.235,0.091,0.874,0.887,0.403,0.143,0.664,-0.211,0.588,0.410,1.000,1.000
3285360,0.0446517,111.210185481701,0.768,0.184,-0.581,-0.730,-0.607,-0.209,-0.235,0.091,0.874,0.884,0.404,0.145,0.663,-0.214,0.588,0.411,1.000,1.000
3285370,0.0430847,111.253270181362,0.768,0.184,-0.581,-0.730,-0.607,-0.209,-0.235,0.091,0.874,0.880,0.405,0.145,0.661,-0.217,0.588,0.413,1.000,1.000
3285378,0.0444862,111.297756379936,0.768,0.184,-0.581,-0.730,-0.607,-0.209,-0.235,0.091,0.874,0.877,0.407,0.148,0.661,-0.218,0.588,0.412,1.000,1.000
3285388,0.0474275,111.345183881465,0.768,0.184,-0.581,-0.730,-0.607,-0.209,-0.235,0.091,0.874,0.874,0.408,0.149,0.660,-0.218,0.589,0.413,1.000,1.000
3285396,0.0454249,111.390608782414,0.768,0.184,-0.581,-0.730,-0.607,-0.209,-0.235,0.091,0.874,0.870,0.408,0.148,0.659,-0.218,0.590,0.412,1.000,1.000
3285406,0.0443994,111.435008181725,0.768,0.184,-0.581,-0.730,-0.607,-0.209,-0.235,0.091,0.874,0.867,0.407,0.147,0.656,-0.222,0.592,0.412,1.000,1.000
3285416,0.0454175,111.480425680522,0.768,0.184,-0.581,-0.730,-0.607,-0.209,-0.235,0.091,0.874,0.864,0.407,0.147,0.653,-0.227,0.595,0.410,1.000,1.000
3285424,0.0464035,111.526829181705,0.768,0.184,-0.581,-0.730,-0.607,-0.209,-0.235,0.091,0.874,0.861,0.407,0.147,0.651,-0.231,0.596,0.410,1.000,1.000
3285432,0.0361358,111.562964981887,0.768,0.184,-0.581,-0.730,-0.607,-0.209,-0.235,0.091,0.874,0.858,0.407,0.146,0.649,-0.233,0.596,0.410,1.000,1.000
3285440,0.0478384,111.610803382937,0.768,0.184,-0.581,-0.730,-0.607,-0.209,-0.235,0.091,0.874,0.855,0.407,0.146,0.647,-0.236,0.598,0.409,1.000,1.000
3285450,0.0471351,111.657938482706,0.768,0.184,-0.581,-0.730,-0.607,-0.209,-0.235,0.091,0.874,0.853,0.406,0.145,0.643,-0.240,0.600,0.411,1.000,1.000
3285460,0.0420264,111.699964883272,0.768,0.184,-0.581,-0.730,-0.607,-0.209,-0.235,0.091,0.874,0.855,0.405,0.146,0.638,-0.241,0.607,0.407,1.000,1.000
3285468,0.047392,111.747356882785,0.768,0.184,-0.581,-0.730,-0.607,-0.209,-0.235,0.091,0.874,0.854,0.406,0.147,0.637,-0.242,0.608,0.408,1.000,1.000
3285474,0.0395198,111.78687668452,0.768,0.184,-0.581,-0.730,-0.607,-0.209,-0.235,0.091,0.874,0.855,0.405,0.146,0.635,-0.240,0.610,0.408,1.000,1.000
3285478,0.0268833,111.813759984914,0.768,0.184,-0.581,-0.730,-0.607,-0.209,-0.235,0.091,0.874,0.855,0.405,0.147,0.635,-0.238,0.613,0.406,1.000,1.000
3285486,0.0287253,111.842485284898,0.768,0.184,-0.581,-0.730,-0.607,-0.209,-0.235,0.091,0.874,0.855,0.404,0.146,0.634,-0.237,0.615,0.405,1.000,1.000
3285490,0.0383197,111.880804984365,0.768,0.184,-0.581,-0.730,-0.607,-0.209,-0.235,0.091,0.874,0.855,0.403,0.146,0.633,-0.237,0.616,0.405,1.000,1.000
3285498,0.0265012,111.907306183595,0.768,0.184,-0.581,-0.730,-0.607,-0.209,-0.235,0.091,0.874,0.854,0.403,0.147,0.632,-0.237,0.618,0.404,1.000,1.000
3285508,0.0562317,111.963537883479,0.768,0.184,-0.581,-0.730,-0.607,-0.209,-0.235,0.091,0.874,0.854,0.403,0.147,0.632,-0.236,0.619,0.403,1.000,1.000
3285514,0.0373342,112.000872083474,0.768,0.184,-0.581,-0.730,-0.607,-0.209,-0.235,0.091,0.874,0.853,0.403,0.147,0.633,-0.236,0.619,0.402,1.000,1.000
3285522,0.0142193,112.015091383364,0.768,0.184,-0.581,-0.730,-0.607,-0.209,-0.235,0.091,0.874,0.852,0.402,0.147,0.633,-0.238,0.616,0.404,1.000,1.000
3285530,0.0591296,112.074220982846,0.768,0.184,-0.581,-0.730,-0.607,-0.209,-0.235,0.091,0.874,0.850,0.404,0.147,0.632,-0.241,0.614,0.407,1.000,1.000
3285540,0.0372754,112.111496382859,0.768,0.184,-0.581,-0.730,-0.607,-0.209,-0.235,0.091,0.874,0.848,0.404,0.148,0.632,-0.240,0.614,0.406,1.000,1.000
3285548,0.0423461,112.153842484113,0.768,0.184,-0.581,-0.730,-0.607,-0.209,-0.235,0.091,0.874,0.847,0.404,0.147,0.633,-0.240,0.615,0.405,1.000,1.000
3285558,0.0340926,112.187935085502,0.768,0.184,-0.581,-0.730,-0.607,-0.209,-0.235,0.091,0.874,0.847,0.405,0.146,0.632,-0.239,0.617,0.403,1.000,1.000
3285566,0.0480321,112.235967186745,0.768,0.184,-0.581,-0.730,-0.607,-0.209,-0.235,0.091,0.874,0.848,0.404,0.146,0.632,-0.238,0.619,0.401,1.000,1.000
3285574,0.0407791,112.276746285614,0.768,0.184,-0.581,-0.730,-0.607,-0.209,-0.235,0.091,0.874,0.848,0.403,0.145,0.630,-0.237,0.622,0.400,1.000,1.000
3285584,0.0487306,112.325476886239,0.768,0.184,-0.581,-0.730,-0.607,-0.209,-0.235,0.091,0.874,0.849,0.402,0.144,0.630,-0.238,0.623,0.398,1.000,1.000
3285592,0.0410117,112.366488584783,0.768,0.184,-0.581,-0.730,-0.607,-0.209,-0.235,0.091,0.874,0.849,0.402,0.143,0.629,-0.239,0.624,0.398,1.000,1.000
3285602,0.0410624,112.407550984528,0.768,0.184,-0.581,-0.730,-0.607,-0.209,-0.235,0.091,0.874,0.848,0.402,0.143,0.630,-0.239,0.624,0.396,1.000,1.000
3285612,0.0528407,112.460391683038,0.768,0.184,-0.581,-0.730,-0.607,-0.209,-0.235,0.091,0.874,0.847,0.402,0.143,0.628,-0.240,0.624,0.397,1.000,1.000
3285622,0.0502236,112.510615283158,0.768,0.184,-0.581,-0.730,-0.607,-0.209,-0.235,0.091,0.874,0.847,0.402,0.143,0.628,-0.240,0.625,0.395,1.000,1.000
3285632,0.0454818,112.556097084191,0.768,0.184,-0.581,-0.730,-0.607,-0.209,-0.235,0.091,0.874,0.846,0.402,0.143,0.629,-0.241,0.625,0.396,1.000,1.000
3285642,0.0527794,112.608876483049,0.768,0.184,-0.581,-0.730,-0.607,-0.209,-0.235,0.091,0.874,0.844,0.403,0.143,0.630,-0.240,0.622,0.397,1.000,1.000
3285650,0.0471141,112.655990583356,0.768,0.184,-0.581,-0.730,-0.607,-0.209,-0.235,0.091,0.874,0.841,0.403,0.145,0.632,-0.242,0.616,0.404,1.000,1.000
3285658,0.0459833,112.701973882969,0.768,0.184,-0.581,-0.730,-0.607,-0.209,-0.235,0.091,0.874,0.840,0.402,0.146,0.634,-0.241,0.614,0.404,1.000,1.000
3285668,0.0428013,112.744775181171,0.768,0.184,-0.581,-0.730,-0.607,-0.209,-0.235,0.091,0.874,0.843,0.401,0.148,0.635,-0.242,0.611,0.405,1.000,1.000
3285676,0.0479024,112.792677582707,0.768,0.184,-0.581,-0.730,-0.607,-0.209,-0.235,0.091,0.874,0.842,0.401,0.149,0.636,-0.243,0.611,0.404,1.000,1.000
3285684,0.0423504,112.835027982946,0.768,0.184,-0.581,-0.730,-0.607,-0.209,-0.235,0.091,0.874,0.840,0.401,0.149,0.636,-0.246,0.610,0.404,1.000,1.000
3285694,0.0414092,112.876437181141,0.768,0.184,-0.581,-0.730,-0.607,-0.209,-0.235,0.091,0.874,0.837,0.404,0.146,0.636,-0.245,0.610,0.405,1.000,1.000
3285704,0.0456324,112.92206958076,0.768,0.184,-0.581,-0.730,-0.607,-0.209,-0.235,0.091,0.874,0.835,0.404,0.146,0.634,-0.249,0.612,0.403,1.000,1.000
3285712,0.0488365,112.970906080212,0.768,0.184,-0.581,-0.730,-0.607,-0.209,-0.235,0.091,0.874,0.833,0.404,0.147,0.632,-0.251,0.612,0.404,1.000,1.000
3285720,0.0419561,113.012862180825,0.768,0.184,-0.581,-0.730,-0.607,-0.209,-0.235,0.091,0.874,0.831,0.404,0.150,0.630,-0.253,0.612,0.404,1.000,1.000
3285728,0.0340399,113.046902080532,0.768,0.184,-0.581,-0.730,-0.607,-0.209,-0.235,0.091,0.874,0.832,0.402,0.151,0.630,-0.256,0.612,0.404,1.000,1.000
3285738,0.0518424,113.098744479474,0.768,0.184,-0.581,-0.730,-0.607,-0.209,-0.235,0.091,0.874,0.832,0.400,0.149,0.630,-0.256,0.612,0.403,1.000,1.000
3285746,0.0398294,113.13857387891,0.768,0.184,-0.581,-0.730,-0.607,-0.209,-0.235,0.091,0.874,0.833,0.399,0.150,0.628,-0.255,0.614,0.404,1.000,1.000
3285756,0.0435923,113.182166179176,0.768,0.184,-0.581,-0.730,-0.607,-0.209,-0.235,0.091,0.874,0.833,0.400,0.150,0.630,-0.258,0.612,0.402,1.000,1.000
3285764,0.0470014,113.229167578276,0.768,0.184,-0.581,-0.730,-0.607,-0.209,-0.235,0.091,0.874,0.833,0.401,0.152,0.630,-0.259,0.612,0.402,1.000,1.000
3285774,0.0394977,113.268665277865,0.768,0.184,-0.581,-0.730,-0.607,-0.209,-0.235,0.091,0.874,0.835,0.399,0.151,0.625,-0.258,0.620,0.397,1.000,1.000
3285782,0.0490238,113.317689077463,0.768,0.184,-0.581,-0.730,-0.607,-0.209,-0.235,0.091,0.874,0.835,0.402,0.152,0.622,-0.257,0.626,0.394,1.000,1.000
3285790,0.0456741,113.363363177981,0.768,0.184,-0.581,-0.730,-0.607,-0.209,-0.235,0.091,0.874,0.834,0.405,0.153,0.619,-0.254,0.630,0.394,1.000,1.000
3285800,0.0443421,113.407705278602,0.768,0.184,-0.581,-0.730,-0.607,-0.209,-0.235,0.091,0.874,0.830,0.405,0.150,0.617,-0.254,0.631,0.396,1.000,1.000
3285810,0.0416343,113.449339577463,0.768,0.184,-0.581,-0.730,-0.607,-0.209,-0.235,0.091,0.874,0.829,0.403,0.151,0.616,-0.255,0.629,0.400,1.000,1.000
3285818,0.047718,113.497057577129,0.768,0.184,-0.581,-0.730,-0.607,-0.209,-0.235,0.091,0.874,0.827,0.403,0.152,0.618,-0.258,0.626,0.399,1.000,1.000
3285826,0.0459181,113.542975676712,0.768,0.184,-0.581,-0.730,-0.607,-0.209,-0.235,0.091,0.874,0.824,0.401,0.152,0.620,-0.258,0.623,0.401,1.000,1.000
3285836,0.0371004,113.580076077487,0.768,0.184,-0.581,-0.730,-0.607,-0.209,-0.235,0.091,0.874,0.822,0.401,0.151,0.622,-0.258,0.621,0.402,1.000,1.000
3285846,0.0553187,113.635394775774,0.768,0.184,-0.581,-0.730,-0.607,-0.209,-0.235,0.091,0.874,0.821,0.399,0.151,0.623,-0.260,0.619,0.401,1.000,1.000
3285854,0.0428096,113.678204373922,0.768,0.184,-0.581,-0.730,-0.607,-0.209,-0.235,0.091,0.874,0.824,0.398,0.150,0.624,-0.257,0.622,0.397,1.000,1.000
3285862,0.0442197,113.722424072679,0.768,0.184,-0.581,-0.730,-0.607,-0.209,-0.235,0.091,0.874,0.826,0.400,0.150,0.622,-0.256,0.627,0.393,1.000,1.000
3285872,0.0458368,113.768260871526,0.768,0.184,-0.581,-0.730,-0.607,-0.209,-0.235,0.091,0.874,0.828,0.402,0.149,0.619,-0.255,0.632,0.390,1.000,1.000
3285880,0.0436079,113.811868773308,0.768,0.184,-0.581,-0.730,-0.607,-0.209,-0.235,0.091,0.874,0.827,0.403,0.149,0.617,-0.255,0.634,0.390,1.000,1.000
3285890,0.0409799,113.852848672774,0.768,0.184,-0.581,-0.730,-0.607,-0.209,-0.235,0.091,0.874,0.826,0.403,0.148,0.617,-0.252,0.633,0.392,1.000,1.000
3285896,0.0448914,113.897740071174,0.768,0.184,-0.581,-0.730,-0.607,-0.209,-0.235,0.091,0.874,0.825,0.404,0.146,0.617,-0.254,0.631,0.395,1.000,1.000
3285906,0.0394993,113.937239372637,0.768,0.184,-0.581,-0.730,-0.607,-0.209,-0.235,0.091,0.874,0.825,0.403,0.146,0.617,-0.253,0.631,0.396,1.000,1.000
3285916,0.0443749,113.981614274438,0.768,0.184,-0.581,-0.730,-0.607,-0.209,-0.235,0.091,0.874,0.825,0.403,0.145,0.618,-0.252,0.631,0.394,1.000,1.000
3285924,0.0483306,114.029944875743,0.768,0.184,-0.581,-0.730,-0.607,-0.209,-0.235,0.091,0.874,0.824,0.404,0.145,0.619,-0.254,0.630,0.395,1.000,1.000
3285932,0.0424662,114.072411076631,0.768,0.184,-0.581,-0.730,-0.607,-0.209,-0.235,0.091,0.874,0.824,0.404,0.145,0.619,-0.253,0.629,0.397,1.000,1.000
3285942,0.0393135,114.111724575516,0.768,0.184,-0.581,-0.730,-0.607,-0.209,-0.235,0.091,0.874,0.822,0.404,0.144,0.619,-0.254,0.626,0.400,1.000,1.000
3285950,0.0504361,114.16216067737,0.768,0.184,-0.581,-0.730,-0.607,-0.209,-0.235,0.091,0.874,0.823,0.404,0.144,0.620,-0.254,0.626,0.399,1.000,1.000
3285960,0.0457617,114.207922378089,0.768,0.184,-0.581,-0.730,-0.607,-0.209,-0.235,0.091,0.874,0.821,0.405,0.143,0.620,-0.253,0.627,0.397,1.000,1.000
3285970,0.0442584,114.252180778887,0.768,0.184,-0.581,-0.730,-0.607,-0.209,-0.235,0.091,0.874,0.820,0.405,0.141,0.618,-0.252,0.630,0.398,1.000,1.000
3285978,0.0462374,114.298418180551,0.768,0.184,-0.581,-0.730,-0.607,-0.209,-0.235,0.091,0.874,0.819,0.406,0.142,0.617,-0.251,0.630,0.399,1.000,1.000
3285988,0.0463988,114.344816980418,0.768,0.184,-0.581,-0.730,-0.607,-0.209,-0.235,0.091,0.874,0.818,0.407,0.141,0.617,-0.250,0.633,0.396,1.000,1.000
3285996,0.0435481,114.388365080114,0.768,0.184,-0.581,-0.730,-0.607,-0.209,-0.235,0.091,0.874,0.815,0.408,0.143,0.618,-0.252,0.630,0.396,1.000,1.000
3286006,0.0515306,114.439895679709,0.768,0.184,-0.581,-0.730,-0.607,-0.209,-0.235,0.091,0.874,0.814,0.409,0.144,0.618,-0.251,0.629,0.398,1.000,1.000
3286014,0.0429116,114.48280728003,0.768,0.184,-0.581,-0.730,-0.607,-0.209,-0.235,0.091,0.874,0.816,0.406,0.142,0.617,-0.251,0.633,0.395,1.000,1.000
3286024,0.039651,114.52245827904,0.768,0.184,-0.581,-0.730,-0.607,-0.209,-0.235,0.091,0.874,0.815,0.405,0.143,0.616,-0.251,0.635,0.393,1.000,1.000
3286032,0.042866,114.565324278083,0.768,0.184,-0.581,-0.730,-0.607,-0.209,-0.235,0.091,0.874,0.815,0.406,0.142,0.617,-0.250,0.636,0.390,1.000,1.000
3286042,0.0462717,114.611595978495,0.768,0.184,-0.581,-0.730,-0.607,-0.209,-0.235,0.091,0.874,0.813,0.406,0.142,0.615,-0.249,0.639,0.389,1.000,1.000
3286050,0.0451392,114.65673517948,0.768,0.184,-0.581,-0.730,-0.607,-0.209,-0.235,0.091,0.874,0.810,0.404,0.139,0.615,-0.248,0.638,0.390,1.000,1.000
3286058,0.0433888,114.700123978313,0.768,0.184,-0.581,-0.730,-0.607,-0.209,-0.235,0.091,0.874,0.811,0.402,0.138,0.614,-0.248,0.642,0.386,1.000,1.000
3286066,0.0438341,114.743958079722,0.768,0.184,-0.581,-0.730,-0.607,-0.209,-0.235,0.091,0.874,0.809,0.402,0.137,0.614,-0.250,0.643,0.383,1.000,1.000
3286076,0.0433743,114.787332379725,0.768,0.184,-0.581,-0.730,-0.607,-0.209,-0.235,0.091,0.874,0.806,0.403,0.137,0.615,-0.251,0.643,0.382,1.000,1.000
3286086,0.0462226,114.833554980811,0.768,0.184,-0.581,-0.730,-0.607,-0.209,-0.235,0.091,0.874,0.803,0.403,0.138,0.613,-0.250,0.646,0.381,1.000,1.000
3286094,0.0435064,114.877061379608,0.768,0.184,-0.581,-0.730,-0.607,-0.209,-0.235,0.091,0.874,0.801,0.403,0.137,0.612,-0.251,0.648,0.378,1.000,1.000
3286102,0.0449606,114.922021979,0.768,0.184,-0.581,-0.730,-0.607,-0.209,-0.235,0.091,0.874,0.797,0.404,0.137,0.610,-0.254,0.650,0.376,1.000,1.000
3286112,0.0426532,114.964675178286,0.768,0.184,-0.581,-0.730,-0.607,-0.209,-0.235,0.091,0.874,0.794,0.404,0.134,0.605,-0.256,0.653,0.377,1.000,1.000
3286122,0.0447745,115.009449677076,0.768,0.184,-0.581,-0.730,-0.607,-0.209,-0.235,0.091,0.874,0.795,0.403,0.135,0.594,-0.257,0.666,0.371,1.000,1.000
3286130,0.0474725,115.056922176387,0.768,0.184,-0.581,-0.730,-0.607,-0.209,-0.235,0.091,0.874,0.795,0.402,0.136,0.583,-0.253,0.682,0.363,1.000,1.000
3286140,0.0418387,115.098760878202,0.768,0.184,-0.581,-0.730,-0.607,-0.209,-0.235,0.091,0.874,0.794,0.402,0.136,0.571,-0.251,0.699,0.350,1.000,1.000
3286148,0.0523155,115.151076377835,0.768,0.184,-0.581,-0.730,-0.607,-0.209,-0.235,0.091,0.874,0.795,0.401,0.134,0.555,-0.254,0.715,0.340,1.000,1.000
3286156,0.0414104,115.192486779299,0.768,0.184,-0.581,-0.730,-0.607,-0.209,-0.235,0.091,0.874,0.795,0.401,0.133,0.546,-0.252,0.724,0.337,1.000,1.000
3286166,0.0388346,115.231321380939,0.768,0.184,-0.581,-0.730,-0.607,-0.209,-0.235,0.091,0.874,0.796,0.401,0.133,0.541,-0.255,0.729,0.332,1.000,1.000
3286174,0.047131,115.278452379163,0.768,0.184,-0.581,-0.730,-0.607,-0.209,-0.235,0.091,0.874,0.797,0.401,0.134,0.536,-0.253,0.737,0.325,1.000,1.000
3286184,0.0440055,115.322457877453,0.768,0.184,-0.581,-0.730,-0.607,-0.209,-0.235,0.091,0.874,0.796,0.401,0.133,0.533,-0.254,0.739,0.325,1.000,1.000
3286192,0.0440487,115.366506577935,0.768,0.184,-0.581,-0.730,-0.607,-0.209,-0.235,0.091,0.874,0.796,0.399,0.133,0.529,-0.255,0.740,0.328,1.000,1.000
3286200,0.0442108,115.410717376973,0.768,0.184,-0.581,-0.730,-0.607,-0.209,-0.235,0.091,0.874,0.798,0.399,0.136,0.529,-0.255,0.741,0.326,1.000,1.000
3286206,0.0340803,115.444797677454,0.768,0.184,-0.581,-0.730,-0.607,-0.209,-0.235,0.091,0.874,0.800,0.400,0.137,0.528,-0.252,0.744,0.322,1.000,1.000
3286212,0.0345237,115.479321376886,0.768,0.184,-0.581,-0.730,-0.607,-0.209,-0.235,0.091,0.874,0.802,0.401,0.138,0.527,-0.251,0.746,0.320,1.000,1.000
3286220,0.0351678,115.514489175286,0.768,0.184,-0.581,-0.730,-0.607,-0.209,-0.235,0.091,0.874,0.804,0.401,0.139,0.526,-0.253,0.748,0.317,1.000,1.000
3286226,0.0341886,115.548677773681,0.768,0.184,-0.581,-0.730,-0.607,-0.209,-0.235,0.091,0.874,0.805,0.401,0.139,0.525,-0.253,0.750,0.315,1.000,1.000
3286230,0.0462925,115.594970272388,0.768,0.184,-0.581,-0.730,-0.607,-0.209,-0.235,0.091,0.874,0.806,0.399,0.140,0.524,-0.249,0.751,0.315,1.000,1.000
3286236,0.0070228,115.601993072312,0.768,0.184,-0.581,-0.730,-0.607,-0.209,-0.235,0.091,0.874,0.806,0.398,0.139,0.523,-0.247,0.752,0.315,1.000,1.000
3286244,0.0428118,115.644804872107,0.768,0.184,-0.581,-0.730,-0.607,-0.209,-0.235,0.091,0.874,0.807,0.397,0.138,0.523,-0.247,0.753,0.314,1.000,1.000
3286252,0.0428995,115.687704372685,0.768,0.184,-0.581,-0.730,-0.607,-0.209,-0.235,0.091,0.874,0.807,0.396,0.137,0.522,-0.248,0.753,0.314,1.000,1.000
3286260,0.0416697,115.72937407298,0.768,0.184,-0.581,-0.730,-0.607,-0.209,-0.235,0.091,0.874,0.808,0.394,0.137,0.523,-0.249,0.753,0.313,1.000,1.000
3286274,0.0437876,115.77316167159,0.768,0.184,-0.581,-0.730,-0.607,-0.209,-0.235,0.091,0.874,0.809,0.396,0.139,0.523,-0.249,0.754,0.310,1.000,1.000
3286282,0.0477781,115.820939771365,0.768,0.184,-0.581,-0.730,-0.607,-0.209,-0.235,0.091,0.874,0.804,0.396,0.139,0.523,-0.251,0.754,0.308,1.000,1.000
3286292,0.0406984,115.861638172995,0.768,0.184,-0.581,-0.730,-0.607,-0.209,-0.235,0.091,0.874,0.802,0.396,0.141,0.522,-0.253,0.752,0.313,1.000,1.000
3286300,0.045114,115.906752172392,0.768,0.184,-0.581,-0.730,-0.607,-0.209,-0.235,0.091,0.874,0.800,0.397,0.141,0.523,-0.253,0.751,0.313,1.000,1.000
3286308,0.0436723,115.950424473267,0.768,0.184,-0.581,-0.730,-0.607,-0.209,-0.235,0.091,0.874,0.799,0.398,0.143,0.524,-0.252,0.752,0.311,1.000,1.000
3286318,0.0461882,115.996612675022,0.768,0.184,-0.581,-0.730,-0.607,-0.209,-0.235,0.091,0.874,0.798,0.400,0.144,0.521,-0.247,0.756,0.310,1.000,1.000
3286328,0.0445455,116.041158176493,0.768,0.184,-0.581,-0.730,-0.607,-0.209,-0.235,0.091,0.874,0.798,0.401,0.146,0.517,-0.239,0.761,0.310,1.000,1.000
3286334,0.04531,116.086468178313,0.768,0.184,-0.581,-0.730,-0.607,-0.209,-0.235,0.091,0.874,0.801,0.402,0.147,0.516,-0.235,0.764,0.307,1.000,1.000
3286344,0.0371239,116.12359207822,0.768,0.184,-0.581,-0.730,-0.607,-0.209,-0.235,0.091,0.874,0.801,0.401,0.149,0.515,-0.233,0.766,0.306,1.000,1.000
3286354,0.0507991,116.174391179811,0.768,0.184,-0.581,-0.730,-0.607,-0.209,-0.235,0.091,0.874,0.800,0.400,0.149,0.515,-0.233,0.767,0.303,1.000,1.000
3286364,0.0547258,116.229116979521,0.768,0.184,-0.581,-0.730,-0.607,-0.209,-0.235,0.091,0.874,0.791,0.401,0.147,0.515,-0.244,0.761,0.311,1.000,1.000
3286376,0.0466686,116.275785579812,0.768,0.184,-0.581,-0.730,-0.607,-0.209,-0.235,0.091,0.874,0.783,0.402,0.145,0.516,-0.250,0.756,0.317,1.000,1.000
3286384,0.0540808,116.329866379034,0.768,0.184,-0.581,-0.730,-0.607,-0.209,-0.235,0.091,0.874,0.776,0.403,0.142,0.516,-0.258,0.751,0.320,1.000,1.000
3286394,0.0439546,116.373820978682,0.768,0.184,-0.581,-0.730,-0.607,-0.209,-0.235,0.091,0.874,0.770,0.402,0.140,0.516,-0.266,0.748,0.322,1.000,1.000
3286402,0.0489162,116.422737176996,0.768,0.184,-0.581,-0.730,-0.607,-0.209,-0.235,0.091,0.874,0.765,0.403,0.137,0.517,-0.270,0.744,0.326,1.000,1.000
3286408,0.0425868,116.465323976707,0.768,0.184,-0.581,-0.730,-0.607,-0.209,-0.235,0.091,0.874,0.762,0.403,0.133,0.517,-0.275,0.741,0.329,1.000,1.000
3286412,0.0219145,116.48723847745,0.768,0.184,-0.581,-0.730,-0.607,-0.209,-0.235,0.091,0.874,0.761,0.403,0.132,0.518,-0.275,0.739,0.332,1.000,1.000
3286422,0.0327106,116.519949078094,0.768,0.184,-0.581,-0.730,-0.607,-0.209,-0.235,0.091,0.874,0.758,0.402,0.129,0.518,-0.276,0.738,0.333,1.000,0.998
3286436,0.0646899,116.584638975095,0.768,0.184,-0.581,-0.730,-0.607,-0.209,-0.235,0.091,0.874,0.755,0.402,0.124,0.519,-0.281,0.734,0.336,1.000,1.000
3286442,0.0457825,116.63042147411,0.768,0.184,-0.581,-0.730,-0.607,-0.209,-0.235,0.091,0.874,0.755,0.400,0.119,0.525,-0.287,0.726,0.339,1.000,1.000
3286452,0.0330837,116.663505173754,0.768,0.184,-0.581,-0.730,-0.607,-0.209,-0.235,0.091,0.874,0.756,0.398,0.116,0.528,-0.293,0.721,0.339,1.000,1.000
3286460,0.0450091,116.708514272701,0.768,0.184,-0.581,-0.730,-0.607,-0.209,-0.235,0.091,0.874,0.758,0.395,0.114,0.530,-0.297,0.718,0.339,1.000,1.000
3286470,0.0451617,116.75367597444,0.768,0.184,-0.581,-0.730,-0.607,-0.209,-0.235,0.091,0.874,0.760,0.393,0.111,0.531,-0.300,0.717,0.337,1.000,1.000
3286478,0.0442361,116.79791207565,0.768,0.184,-0.581,-0.730,-0.607,-0.209,-0.235,0.091,0.874,0.763,0.391,0.109,0.535,-0.303,0.713,0.337,1.000,1.000
3286486,0.0452442,116.843156273942,0.768,0.184,-0.581,-0.730,-0.607,-0.209,-0.235,0.091,0.874,0.764,0.389,0.108,0.539,-0.305,0.709,0.338,1.000,1.000
3286496,0.0434384,116.886594675016,0.768,0.184,-0.581,-0.730,-0.607,-0.209,-0.235,0.091,0.874,0.764,0.387,0.106,0.543,-0.308,0.704,0.338,1.000,1.000
3286506,0.0448442,116.931438873988,0.768,0.184,-0.581,-0.730,-0.607,-0.209,-0.235,0.091,0.874,0.763,0.386,0.106,0.546,-0.309,0.702,0.337,1.000,1.000
3286516,0.0558435,116.987282372545,0.768,0.184,-0.581,-0.730,-0.607,-0.209,-0.235,0.091,0.874,0.763,0.388,0.106,0.549,-0.309,0.700,0.337,1.000,1.000
3286524,0.046332,117.033614374232,0.768,0.184,-0.581,-0.730,-0.607,-0.209,-0.235,0.091,0.874,0.761,0.389,0.104,0.550,-0.310,0.698,0.337,1.000,1.000
3286536,0.0432212,117.076835575979,0.768,0.184,-0.581,-0.730,-0.607,-0.209,-0.235,0.091,0.874,0.759,0.390,0.104,0.551,-0.312,0.695,0.341,1.000,1.000
3286544,0.0543253,117.131160877179,0.768,0.184,-0.581,-0.730,-0.607,-0.209,-0.235,0.091,0.874,0.759,0.389,0.103,0.552,-0.312,0.693,0.342,1.000,1.000
3286554,0.0447753,117.175936176907,0.768,0.184,-0.581,-0.730,-0.607,-0.209,-0.235,0.091,0.874,0.759,0.389,0.103,0.552,-0.312,0.693,0.343,1.000,1.000
3286562,0.0457768,117.221712976228,0.768,0.184,-0.581,-0.730,-0.607,-0.209,-0.235,0.091,0.874,0.759,0.388,0.103,0.552,-0.312,0.693,0.343,1.000,1.000
3286570,0.04279,117.264502975624,0.768,0.184,-0.581,-0.730,-0.607,-0.209,-0.235,0.091,0.874,0.758,0.388,0.103,0.552,-0.311,0.693,0.344,1.000,1.000
3286580,0.0465311,117.31103407545,0.768,0.184,-0.581,-0.730,-0.607,-0.209,-0.235,0.091,0.874,0.758,0.387,0.102,0.553,-0.312,0.692,0.343,1.000,1.000
3286588,0.04456,117.355594075751,0.768,0.184,-0.581,-0.730,-0.607,-0.209,-0.235,0.091,0.874,0.757,0.386,0.102,0.555,-0.311,0.692,0.342,1.000,1.000
3286598,0.0400441,117.395638174843,0.768,0.184,-0.581,-0.730,-0.607,-0.209,-0.235,0.091,0.874,0.757,0.386,0.100,0.555,-0.312,0.692,0.341,1.000,1.000
3286606,0.0490757,117.444713875186,0.768,0.184,-0.581,-0.730,-0.607,-0.209,-0.235,0.091,0.874,0.756,0.386,0.099,0.555,-0.313,0.691,0.341,1.000,1.000
3286616,0.0407164,117.485430273693,0.768,0.184,-0.581,-0.730,-0.607,-0.209,-0.235,0.091,0.874,0.756,0.385,0.100,0.556,-0.313,0.691,0.340,1.000,1.000
3286624,0.0397312,117.525161474478,0.768,0.184,-0.581,-0.730,-0.607,-0.209,-0.235,0.091,0.874,0.755,0.385,0.100,0.555,-0.312,0.692,0.339,1.000,1.000
3286634,0.0494899,117.574651374947,0.768,0.184,-0.581,-0.730,-0.607,-0.209,-0.235,0.091,0.874,0.757,0.384,0.099,0.555,-0.310,0.695,0.336,1.000,1.000
3286642,0.0439043,117.618555675726,0.768,0.184,-0.581,-0.730,-0.607,-0.209,-0.235,0.091,0.874,0.757,0.384,0.099,0.555,-0.309,0.696,0.336,1.000,1.000
3286650,0.0467991,117.665354776662,0.768,0.184,-0.581,-0.730,-0.607,-0.209,-0.235,0.091,0.874,0.757,0.384,0.099,0.554,-0.309,0.697,0.336,1.000,1.000
3286660,0.0434927,117.708847477566,0.768,0.184,-0.581,-0.730,-0.607,-0.209,-0.235,0.091,0.874,0.757,0.383,0.099,0.554,-0.310,0.697,0.333,1.000,1.000
3286670,0.0475825,117.756429977249,0.768,0.184,-0.581,-0.730,-0.607,-0.209,-0.235,0.091,0.874,0.758,0.382,0.101,0.554,-0.307,0.699,0.331,1.000,1.000
3286678,0.0417436,117.798173576128,0.768,0.184,-0.581,-0.730,-0.607,-0.209,-0.235,0.091,0.874,0.758,0.384,0.102,0.552,-0.308,0.702,0.328,1.000,1.000
3286688,0.0441211,117.842294677626,0.768,0.184,-0.581,-0.730,-0.607,-0.209,-0.235,0.091,0.874,0.757,0.384,0.103,0.551,-0.306,0.705,0.324,1.000,1.000
3286696,0.0474422,117.889736879151,0.768,0.184,-0.581,-0.730,-0.607,-0.209,-0.235,0.091,0.874,0.762,0.383,0.100,0.549,-0.303,0.709,0.324,1.000,1.000
3286704,0.0417448,117.931481677573,0.768,0.184,-0.581,-0.730,-0.607,-0.209,-0.235,0.091,0.874,0.767,0.382,0.099,0.548,-0.301,0.710,0.323,1.000,1.000
3286712,0.0444209,117.975902579259,0.768,0.184,-0.581,-0.730,-0.607,-0.209,-0.235,0.091,0.874,0.766,0.382,0.101,0.542,-0.303,0.716,0.320,1.000,1.000
3286720,0.0335875,118.009490079712,0.768,0.184,-0.581,-0.730,-0.607,-0.209,-0.235,0.091,0.874,0.767,0.382,0.104,0.544,-0.298,0.715,0.322,1.000,1.000
3286724,0.0418063,118.051296378952,0.768,0.184,-0.581,-0.730,-0.607,-0.209,-0.235,0.091,0.874,0.766,0.382,0.107,0.544,-0.297,0.716,0.323,1.000,1.000
3286732,0.029999,118.081295378041,0.768,0.184,-0.581,-0.730,-0.607,-0.209,-0.235,0.091,0.874,0.765,0.384,0.109,0.548,-0.293,0.717,0.317,1.000,1.000
3286736,0.0279122,118.109207577538,0.768,0.184,-0.581,-0.730,-0.607,-0.209,-0.235,0.091,0.874,0.766,0.383,0.112,0.553,-0.288,0.717,0.312,1.000,1.000
3286746,0.0317781,118.140985678416,0.768,0.184,-0.581,-0.730,-0.607,-0.209,-0.235,0.091,0.874,0.767,0.384,0.117,0.556,-0.284,0.716,0.311,1.000,1.000
3286756,0.0533222,118.194307878148,0.768,0.184,-0.581,-0.730,-0.607,-0.209,-0.235,0.091,0.874,0.770,0.385,0.120,0.561,-0.279,0.714,0.313,1.000,1.000
3286762,0.0412147,118.235522578936,0.768,0.184,-0.581,-0.730,-0.607,-0.209,-0.235,0.091,0.874,0.771,0.385,0.121,0.563,-0.272,0.713,0.317,1.000,1.000
3286770,0.0251253,118.260647879448,0.768,0.184,-0.581,-0.730,-0.607,-0.209,-0.235,0.091,0.874,0.772,0.384,0.120,0.567,-0.271,0.708,0.321,1.000,1.000
3286780,0.0489419,118.309589778539,0.768,0.184,-0.581,-0.730,-0.607,-0.209,-0.235,0.091,0.874,0.773,0.382,0.120,0.572,-0.271,0.702,0.326,1.000,1.000
3286790,0.0465769,118.356166677084,0.768,0.184,-0.581,-0.730,-0.607,-0.209,-0.235,0.091,0.874,0.771,0.381,0.119,0.578,-0.273,0.696,0.327,1.000,1.000
3286798,0.0443221,118.40048877662,0.768,0.184,-0.581,-0.730,-0.607,-0.209,-0.235,0.091,0.874,0.768,0.380,0.118,0.580,-0.278,0.692,0.327,1.000,1.000
3286806,0.0441666,118.44465537509,0.768,0.184,-0.581,-0.730,-0.607,-0.209,-0.235,0.091,0.874,0.768,0.379,0.117,0.584,-0.279,0.691,0.322,1.000,1.000
3286814,0.0406414,118.485296776053,0.768,0.184,-0.581,-0.730,-0.607,-0.209,-0.235,0.091,0.874,0.769,0.379,0.117,0.584,-0.279,0.691,0.321,1.000,1.000
3286826,0.0453711,118.530667876359,0.768,0.184,-0.581,-0.730,-0.607,-0.209,-0.235,0.091,0.874,0.768,0.379,0.116,0.584,-0.278,0.692,0.320,1.000,1.000
3286838,0.0547547,118.585422576871,0.768,0.184,-0.581,-0.730,-0.607,-0.209,-0.235,0.091,0.874,0.768,0.379,0.115,0.587,-0.279,0.689,0.321,1.000,1.000
3286850,0.0594118,118.644834378269,0.768,0.184,-0.581,-0.730,-0.607,-0.209,-0.235,0.091,0.874,0.768,0.381,0.116,0.588,-0.278,0.689,0.320,1.000,1.000
3286858,0.0546651,118.699499478098,0.768,0.184,-0.581,-0.730,-0.607,-0.209,-0.235,0.091,0.874,0.770,0.381,0.117,0.588,-0.273,0.692,0.318,1.000,1.000
3286868,0.0474825,118.746981979813,0.768,0.184,-0.581,-0.730,-0.607,-0.209,-0.235,0.091,0.874,0.772,0.383,0.114,0.588,-0.270,0.694,0.317,1.000,1.000
3286876,0.0443627,118.791344681289,0.768,0.184,-0.581,-0.730,-0.607,-0.209,-0.235,0.091,0.874,0.772,0.383,0.114,0.589,-0.269,0.693,0.318,1.000,1.000
3286886,0.0451097,118.836454381701,0.768,0.184,-0.581,-0.730,-0.607,-0.209,-0.235,0.091,0.874,0.773,0.384,0.113,0.590,-0.269,0.692,0.317,1.000,1.000
3286894,0.044566,118.881020383444,0.768,0.184,-0.581,-0.730,-0.607,-0.209,-0.235,0.091,0.874,0.769,0.384,0.115,0.595,-0.268,0.688,0.319,1.000,1.000
3286906,0.0544573,118.935477682855,0.768,0.184,-0.581,-0.730,-0.607,-0.209,-0.235,0.091,0.874,0.767,0.383,0.114,0.603,-0.266,0.678,0.324,1.000,1.000
3286914,0.0461191,118.981596784201,0.768,0.184,-0.581,-0.730,-0.607,-0.209,-0.235,0.091,0.874,0.766,0.384,0.114,0.610,-0.263,0.674,0.325,1.000,1.000
3286924,0.0408272,119.022423984017,0.768,0.184,-0.581,-0.730,-0.607,-0.209,-0.235,0.091,0.874,0.767,0.384,0.113,0.614,-0.260,0.670,0.326,1.000,1.000
3286932,0.0448743,119.067298283335,0.768,0.184,-0.581,-0.730,-0.607,-0.209,-0.235,0.091,0.874,0.769,0.385,0.112,0.617,-0.258,0.670,0.323,1.000,1.000
3286940,0.0431679,119.110466183629,0.768,0.184,-0.581,-0.730,-0.607,-0.209,-0.235,0.091,0.874,0.769,0.386,0.112,0.621,-0.253,0.667,0.324,1.000,1.000
3286948,0.0460744,119.156540585216,0.768,0.184,-0.581,-0.730,-0.607,-0.209,-0.235,0.091,0.874,0.768,0.385,0.109,0.627,-0.249,0.661,0.329,1.000,1.000
3286956,0.0349579,119.191498485859,0.768,0.184,-0.581,-0.730,-0.607,-0.209,-0.235,0.091,0.874,0.769,0.385,0.109,0.630,-0.249,0.656,0.334,1.000,1.000
3286966,0.0486575,119.240155985113,0.768,0.184,-0.581,-0.730,-0.607,-0.209,-0.235,0.091,0.874,0.770,0.384,0.108,0.634,-0.247,0.652,0.334,1.000,1.000
3286974,0.0399548,119.280110785272,0.768,0.184,-0.581,-0.730,-0.607,-0.209,-0.235,0.091,0.874,0.771,0.385,0.106,0.636,-0.247,0.649,0.335,1.000,1.000
3286984,0.0403641,119.320474886801,0.768,0.184,-0.581,-0.730,-0.607,-0.209,-0.235,0.091,0.874,0.773,0.385,0.105,0.639,-0.247,0.647,0.335,1.000,1.000
3286992,0.0483984,119.368873288389,0.768,0.184,-0.581,-0.730,-0.607,-0.209,-0.235,0.091,0.874,0.775,0.385,0.101,0.640,-0.248,0.646,0.334,1.000,1.000
3287000,0.0450999,119.413973187562,0.768,0.184,-0.581,-0.730,-0.607,-0.209,-0.235,0.091,0.874,0.775,0.386,0.099,0.641,-0.247,0.646,0.334,1.000,1.000
3287010,0.042317,119.456290186848,0.768,0.184,-0.581,-0.730,-0.607,-0.209,-0.235,0.091,0.874,0.776,0.386,0.096,0.642,-0.247,0.644,0.335,1.000,1.000
3287020,0.047752,119.50404218724,0.768,0.184,-0.581,-0.730,-0.607,-0.209,-0.235,0.091,0.874,0.778,0.385,0.094,0.643,-0.245,0.643,0.336,1.000,1.000
3287028,0.0486618,119.552703985479,0.768,0.184,-0.581,-0.730,-0.607,-0.209,-0.235,0.091,0.874,0.778,0.384,0.093,0.643,-0.247,0.641,0.337,1.000,1.000
3287038,0.044724,119.597427984234,0.768,0.184,-0.581,-0.730,-0.607,-0.209,-0.235,0.091,0.874,0.781,0.387,0.095,0.644,-0.246,0.641,0.337,1.000,1.000
3287048,0.0477547,119.645182685461,0.768,0.184,-0.581,-0.730,-0.607,-0.209,-0.235,0.091,0.874,0.781,0.389,0.095,0.646,-0.244,0.640,0.338,1.000,1.000
3287056,0.0447704,119.689953086432,0.768,0.184,-0.581,-0.730,-0.607,-0.209,-0.235,0.091,0.874,0.784,0.391,0.095,0.647,-0.243,0.639,0.339,1.000,1.000
3287064,0.0425535,119.732506585773,0.768,0.184,-0.581,-0.730,-0.607,-0.209,-0.235,0.091,0.874,0.785,0.392,0.095,0.649,-0.241,0.636,0.342,1.000,1.000
3287074,0.042262,119.774768584874,0.768,0.184,-0.581,-0.730,-0.607,-0.209,-0.235,0.091,0.874,0.787,0.392,0.093,0.651,-0.239,0.634,0.343,1.000,1.000
3287084,0.0560137,119.830782284494,0.768,0.184,-0.581,-0.730,-0.607,-0.209,-0.235,0.091,0.874,0.789,0.392,0.093,0.655,-0.232,0.632,0.343,1.000,1.000
3287092,0.0361915,119.866973785218,0.768,0.184,-0.581,-0.730,-0.607,-0.209,-0.235,0.091,0.874,0.790,0.390,0.091,0.659,-0.228,0.625,0.351,1.000,1.000
3287100,0.0459034,119.912877184805,0.768,0.184,-0.581,-0.730,-0.607,-0.209,-0.235,0.091,0.874,0.790,0.388,0.089,0.663,-0.225,0.619,0.356,1.000,1.000
3287110,0.0417926,119.954669786152,0.768,0.184,-0.581,-0.730,-0.607,-0.209,-0.235,0.091,0.874,0.789,0.388,0.088,0.669,-0.221,0.615,0.355,1.000,1.000
3287118,0.0463647,120.001034484711,0.768,0.184,-0.581,-0.730,-0.607,-0.209,-0.235,0.091,0.874,0.788,0.387,0.088,0.672,-0.222,0.609,0.358,1.000,1.000
3287128,0.0447089,120.045743384864,0.768,0.184,-0.581,-0.730,-0.607,-0.209,-0.235,0.091,0.874,0.787,0.387,0.088,0.675,-0.222,0.606,0.358,1.000,1.000
3287136,0.0444109,120.090154284146,0.768,0.184,-0.581,-0.730,-0.607,-0.209,-0.235,0.091,0.874,0.786,0.389,0.088,0.676,-0.220,0.606,0.357,1.000,1.000
3287146,0.0443566,120.134510883596,0.768,0.184,-0.581,-0.730,-0.607,-0.209,-0.235,0.091,0.874,0.785,0.390,0.089,0.677,-0.219,0.606,0.357,1.000,1.000
3287154,0.043162,120.17767288303,0.768,0.184,-0.581,-0.730,-0.607,-0.209,-0.235,0.091,0.874,0.784,0.392,0.090,0.678,-0.219,0.604,0.357,1.000,1.000
3287162,0.0469547,120.224627581891,0.768,0.184,-0.581,-0.730,-0.607,-0.209,-0.235,0.091,0.874,0.784,0.393,0.091,0.679,-0.217,0.604,0.357,1.000,1.000
3287172,0.0410119,120.2656394816,0.768,0.184,-0.581,-0.730,-0.607,-0.209,-0.235,0.091,0.874,0.782,0.393,0.091,0.678,-0.218,0.603,0.360,1.000,1.000
3287180,0.047395,120.313034479972,0.768,0.184,-0.581,-0.730,-0.607,-0.209,-0.235,0.091,0.874,0.781,0.392,0.090,0.678,-0.218,0.603,0.358,1.000,1.000
3287190,0.0419631,120.354997580405,0.768,0.184,-0.581,-0.730,-0.607,-0.209,-0.235,0.091,0.874,0.779,0.390,0.091,0.678,-0.219,0.603,0.358,1.000,1.000
3287198,0.0489268,120.403924380895,0.768,0.184,-0.581,-0.730,-0.607,-0.209,-0.235,0.091,0.874,0.779,0.390,0.090,0.679,-0.218,0.604,0.356,1.000,1.000
3287206,0.0380824,120.442006779369,0.768,0.184,-0.581,-0.730,-0.607,-0.209,-0.235,0.091,0.874,0.777,0.389,0.090,0.682,-0.218,0.601,0.355,1.000,1.000
3287216,0.0459227,120.487929479685,0.768,0.184,-0.581,-0.730,-0.607,-0.209,-0.235,0.091,0.874,0.776,0.389,0.091,0.684,-0.217,0.597,0.357,1.000,1.000
3287226,0.0447552,120.532684681471,0.768,0.184,-0.581,-0.730,-0.607,-0.209,-0.235,0.091,0.874,0.777,0.389,0.091,0.687,-0.215,0.593,0.360,1.000,1.000
3287234,0.0480132,120.580697880592,0.768,0.184,-0.581,-0.730,-0.607,-0.209,-0.235,0.091,0.874,0.778,0.389,0.092,0.689,-0.214,0.592,0.360,1.000,1.000
3287244,0.0413108,120.622008678969,0.768,0.184,-0.581,-0.730,-0.607,-0.209,-0.235,0.091,0.874,0.779,0.389,0.093,0.690,-0.213,0.591,0.360,1.000,1.000
3287248,0.0472305,120.669239179697,0.768,0.184,-0.581,-0.730,-0.607,-0.209,-0.235,0.091,0.874,0.780,0.389,0.092,0.691,-0.214,0.589,0.361,1.000,1.000
3287256,0.0334883,120.702727479395,0.768,0.184,-0.581,-0.730,-0.607,-0.209,-0.235,0.091,0.874,0.780,0.389,0.092,0.692,-0.215,0.587,0.361,1.000,1.000
3287264,0.0319785,120.734705978539,0.768,0.184,-0.581,-0.730,-0.607,-0.209,-0.235,0.091,0.874,0.779,0.390,0.092,0.693,-0.215,0.585,0.362,1.000,1.000
3287268,0.0464905,120.781196480151,0.768,0.184,-0.581,-0.730,-0.607,-0.209,-0.235,0.091,0.874,0.778,0.390,0.092,0.694,-0.216,0.583,0.363,1.000,1.000
3287276,0.0159558,120.797152280342,0.768,0.184,-0.581,-0.730,-0.607,-0.209,-0.235,0.091,0.874,0.777,0.390,0.091,0.694,-0.217,0.581,0.365,1.000,1.000
3287280,0.0322932,120.829445480835,0.768,0.184,-0.581,-0.730,-0.607,-0.209,-0.235,0.091,0.874,0.777,0.391,0.091,0.694,-0.218,0.580,0.367,1.000,1.000
3287290,0.0329218,120.862367279362,0.768,0.184,-0.581,-0.730,-0.607,-0.209,-0.235,0.091,0.874,0.776,0.391,0.091,0.695,-0.219,0.577,0.368,1.000,1.000
3287298,0.0543696,120.916736877989,0.768,0.184,-0.581,-0.730,-0.607,-0.209,-0.235,0.091,0.874,0.774,0.391,0.090,0.695,-0.220,0.575,0.371,1.000,1.000
3287306,0.0237291,120.940465978812,0.768,0.184,-0.581,-0.730,-0.607,-0.209,-0.235,0.091,0.874,0.773,0.391,0.090,0.695,-0.221,0.572,0.376,1.000,1.000
3287316,0.0526561,120.993122078013,0.768,0.184,-0.581,-0.730,-0.607,-0.209,-0.235,0.091,0.874,0.771,0.391,0.088,0.695,-0.223,0.569,0.379,1.000,1.000
3287324,0.0407865,121.033908579033,0.768,0.184,-0.581,-0.730,-0.607,-0.209,-0.235,0.091,0.874,0.770,0.390,0.088,0.697,-0.222,0.566,0.380,1.000,1.000
3287330,0.0465577,121.080466277432,0.768,0.184,-0.581,-0.730,-0.607,-0.209,-0.235,0.091,0.874,0.767,0.391,0.089,0.698,-0.222,0.565,0.381,1.000,1.000
3287340,0.0322319,121.112698178273,0.768,0.184,-0.581,-0.730,-0.607,-0.209,-0.235,0.091,0.874,0.765,0.390,0.088,0.697,-0.223,0.564,0.383,1.000,1.000
3287350,0.0426624,121.155360579025,0.768,0.184,-0.581,-0.730,-0.607,-0.209,-0.235,0.091,0.874,0.762,0.390,0.086,0.695,-0.226,0.563,0.386,1.000,1.000
3287358,0.0438308,121.199191379827,0.768,0.184,-0.581,-0.730,-0.607,-0.209,-0.235,0.091,0.874,0.759,0.388,0.085,0.695,-0.232,0.557,0.391,1.000,1.000
3287366,0.0431804,121.24237177847,0.768,0.184,-0.581,-0.730,-0.607,-0.209,-0.235,0.091,0.874,0.753,0.390,0.084,0.697,-0.235,0.552,0.393,1.000,1.000
3287376,0.0442541,121.286625880282,0.768,0.184,-0.581,-0.730,-0.607,-0.209,-0.235,0.091,0.874,0.749,0.389,0.083,0.696,-0.239,0.550,0.395,1.000,1.000
3287384,0.0450034,121.331629279535,0.768,0.184,-0.581,-0.730,-0.607,-0.209,-0.235,0.091,0.874,0.748,0.391,0.084,0.690,-0.241,0.553,0.399,1.000,1.000
3287394,0.0440429,121.37567217974,0.768,0.184,-0.581,-0.730,-0.607,-0.209,-0.235,0.091,0.874,0.746,0.391,0.084,0.688,-0.245,0.554,0.400,1.000,1.000
3287404,0.0493256,121.424997780006,0.768,0.184,-0.581,-0.730,-0.607,-0.209,-0.235,0.091,0.874,0.746,0.391,0.084,0.685,-0.248,0.554,0.403,1.000,1.000
3287414,0.0507624,121.475760180037,0.768,0.184,-0.581,-0.730,-0.607,-0.209,-0.235,0.091,0.874,0.746,0.392,0.083,0.684,-0.251,0.554,0.403,1.000,1.000
3287424,0.0436248,121.519384979736,0.768,0.184,-0.581,-0.730,-0.607,-0.209,-0.235,0.091,0.874,0.746,0.391,0.083,0.682,-0.252,0.554,0.405,1.000,1.000
3287434,0.0539108,121.573295779061,0.768,0.184,-0.581,-0.730,-0.607,-0.209,-0.235,0.091,0.874,0.748,0.390,0.083,0.684,-0.256,0.551,0.405,1.000,1.000
3287442,0.0464902,121.619785978924,0.768,0.184,-0.581,-0.730,-0.607,-0.209,-0.235,0.091,0.874,0.748,0.391,0.082,0.684,-0.256,0.549,0.405,1.000,1.000
3287452,0.0453586,121.665144577157,0.768,0.184,-0.581,-0.730,-0.607,-0.209,-0.235,0.091,0.874,0.745,0.391,0.084,0.684,-0.256,0.545,0.411,1.000,1.000
3287460,0.0539166,121.719061176758,0.768,0.184,-0.581,-0.730,-0.607,-0.209,-0.235,0.091,0.874,0.748,0.391,0.082,0.685,-0.256,0.546,0.408,1.000,1.000
3287470,0.0418718,121.760932977777,0.768,0.184,-0.581,-0.730,-0.607,-0.209,-0.235,0.091,0.874,0.749,0.392,0.082,0.686,-0.257,0.545,0.409,1.000,1.000
3287478,0.0377079,121.798640876543,0.768,0.184,-0.581,-0.730,-0.607,-0.209,-0.235,0.091,0.874,0.750,0.393,0.083,0.686,-0.257,0.544,0.409,1.000,1.000
3287488,0.0440497,121.842690575402,0.768,0.184,-0.581,-0.730,-0.607,-0.209,-0.235,0.091,0.874,0.750,0.394,0.085,0.687,-0.256,0.544,0.407,1.000,1.000
3287496,0.0489595,121.89165007649,0.768,0.184,-0.581,-0.730,-0.607,-0.209,-0.235,0.091,0.874,0.750,0.396,0.086,0.688,-0.255,0.545,0.406,1.000,1.000
3287504,0.0460717,121.937721777242,0.768,0.184,-0.581,-0.730,-0.607,-0.209,-0.235,0.091,0.874,0.750,0.396,0.087,0.690,-0.254,0.545,0.403,1.000,1.000
3287514,0.0405925,121.978314276319,0.768,0.184,-0.581,-0.730,-0.607,-0.209,-0.235,0.091,0.874,0.751,0.394,0.086,0.690,-0.256,0.544,0.404,1.000,1.000
3287522,0.0434931,122.02180737583,0.768,0.184,-0.581,-0.730,-0.607,-0.209,-0.235,0.091,0.874,0.752,0.396,0.087,0.689,-0.255,0.544,0.405,1.000,1.000
3287532,0.0441073,122.065914675128,0.768,0.184,-0.581,-0.730,-0.607,-0.209,-0.235,0.091,0.874,0.755,0.394,0.086,0.688,-0.254,0.544,0.407,1.000,1.000
3287540,0.0439381,122.109852775466,0.768,0.184,-0.581,-0.730,-0.607,-0.209,-0.235,0.091,0.874,0.756,0.394,0.087,0.688,-0.253,0.543,0.410,1.000,1.000
3287546,0.0467569,122.156609676313,0.768,0.184,-0.581,-0.730,-0.607,-0.209,-0.235,0.091,0.874,0.757,0.393,0.086,0.688,-0.254,0.544,0.408,1.000,1.000
3287550,0.0254879,122.182097576093,0.768,0.184,-0.581,-0.730,-0.607,-0.209,-0.235,0.091,0.874,0.758,0.393,0.086,0.688,-0.254,0.544,0.406,1.000,1.000
3287558,0.0273879,122.209485476371,0.768,0.184,-0.581,-0.730,-0.607,-0.209,-0.235,0.091,0.874,0.758,0.392,0.087,0.687,-0.254,0.546,0.406,1.000,1.000
3287562,0.032312,122.241797474679,0.768,0.184,-0.581,-0.730,-0.607,-0.209,-0.235,0.091,0.874,0.759,0.391,0.087,0.687,-0.254,0.547,0.405,1.000,1.000
3287572,0.0418993,122.28369677579,0.768,0.184,-0.581,-0.730,-0.607,-0.209,-0.235,0.091,0.874,0.759,0.389,0.087,0.687,-0.256,0.546,0.405,1.000,1.000
3287586,0.0471853,122.330882077571,0.768,0.184,-0.581,-0.730,-0.607,-0.209,-0.235,0.091,0.874,0.762,0.389,0.085,0.689,-0.260,0.543,0.404,1.000,1.000
3287594,0.0538763,122.384758376982,0.768,0.184,-0.581,-0.730,-0.607,-0.209,-0.235,0.091,0.874,0.761,0.387,0.087,0.689,-0.262,0.544,0.402,1.000,1.000
3287602,0.040874,122.425632377621,0.768,0.184,-0.581,-0.730,-0.607,-0.209,-0.235,0.091,0.874,0.762,0.386,0.086,0.689,-0.263,0.542,0.402,1.000,1.000
3287612,0.045547,122.471179378685,0.768,0.184,-0.581,-0.730,-0.607,-0.209,-0.235,0.091,0.874,0.762,0.387,0.086,0.690,-0.261,0.541,0.404,1.000,1.000
3287620,0.0462169,122.517396280076,0.768,0.184,-0.581,-0.730,-0.607,-0.209,-0.235,0.091,0.874,0.761,0.386,0.086,0.691,-0.260,0.540,0.404,1.000,1.000
3287630,0.0429092,122.560305481311,0.768,0.184,-0.581,-0.730,-0.607,-0.209,-0.235,0.091,0.874,0.760,0.385,0.086,0.691,-0.262,0.538,0.405,1.000,1.000
3287638,0.0405809,122.600886379834,0.768,0.184,-0.581,-0.730,-0.607,-0.209,-0.235,0.091,0.874,0.759,0.385,0.086,0.691,-0.262,0.539,0.405,1.000,1.000
3287648,0.047124,122.648010378238,0.768,0.184,-0.581,-0.730,-0.607,-0.209,-0.235,0.091,0.874,0.759,0.384,0.087,0.691,-0.261,0.541,0.403,1.000,1.000
3287656,0.0440247,122.692035076674,0.768,0.184,-0.581,-0.730,-0.607,-0.209,-0.235,0.091,0.874,0.763,0.382,0.086,0.690,-0.265,0.543,0.399,1.000,1.000
3287666,0.0458758,122.737910875585,0.768,0.184,-0.581,-0.730,-0.607,-0.209,-0.235,0.091,0.874,0.764,0.381,0.086,0.688,-0.266,0.545,0.398,1.000,1.000
3287676,0.0491115,122.787022375967,0.768,0.184,-0.581,-0.730,-0.607,-0.209,-0.235,0.091,0.874,0.767,0.380,0.086,0.686,-0.268,0.548,0.397,1.000,1.000
3287686,0.0419584,122.828980775084,0.768,0.184,-0.581,-0.730,-0.607,-0.209,-0.235,0.091,0.874,0.769,0.380,0.085,0.687,-0.265,0.552,0.392,1.000,1.000
3287696,0.054546,122.883526773658,0.768,0.184,-0.581,-0.730,-0.607,-0.209,-0.235,0.091,0.874,0.770,0.379,0.083,0.685,-0.263,0.555,0.392,1.000,1.000
3287704,0.0466315,122.930158273783,0.768,0.184,-0.581,-0.730,-0.607,-0.209,-0.235,0.091,0.874,0.770,0.379,0.084,0.686,-0.258,0.556,0.392,1.000,1.000
3287712,0.0443434,122.974501674529,0.768,0.184,-0.581,-0.730,-0.607,-0.209,-0.235,0.091,0.874,0.770,0.378,0.084,0.689,-0.256,0.553,0.392,1.000,1.000
3287722,0.0430319,123.01753357565,0.768,0.184,-0.581,-0.730,-0.607,-0.209,-0.235,0.091,0.874,0.768,0.379,0.085,0.690,-0.253,0.555,0.389,1.000,1.000
3287730,0.0452697,123.06280327728,0.768,0.184,-0.581,-0.730,-0.607,-0.209,-0.235,0.091,0.874,0.764,0.379,0.086,0.691,-0.250,0.557,0.386,1.000,1.000
3287740,0.0449661,123.107769378927,0.768,0.184,-0.581,-0.730,-0.607,-0.209,-0.235,0.091,0.874,0.763,0.379,0.087,0.691,-0.248,0.559,0.386,1.000,1.000
3287748,0.0429101,123.150679477956,0.768,0.184,-0.581,-0.730,-0.607,-0.209,-0.235,0.091,0.874,0.763,0.379,0.088,0.690,-0.248,0.562,0.384,1.000,1.000
3287758,0.0473852,123.198064678814,0.768,0.184,-0.581,-0.730,-0.607,-0.209,-0.235,0.091,0.874,0.763,0.380,0.088,0.689,-0.248,0.565,0.381,1.000,1.000
3287766,0.0436756,123.241740280297,0.768,0.184,-0.581,-0.730,-0.607,-0.209,-0.235,0.091,0.874,0.765,0.380,0.089,0.686,-0.247,0.569,0.379,1.000,1.000
3287776,0.03769,123.279430279043,0.768,0.184,-0.581,-0.730,-0.607,-0.209,-0.235,0.091,0.874,0.767,0.380,0.088,0.685,-0.248,0.571,0.378,1.000,1.000
3287784,0.0503419,123.329772179481,0.768,0.184,-0.581,-0.730,-0.607,-0.209,-0.235,0.091,0.874,0.769,0.380,0.087,0.683,-0.248,0.572,0.380,1.000,1.000
3287794,0.050916,123.380688180681,0.768,0.184,-0.581,-0.730,-0.607,-0.209,-0.235,0.091,0.874,0.770,0.379,0.088,0.683,-0.247,0.573,0.381,1.000,1.000
3287800,0.0399812,123.420669381972,0.768,0.184,-0.581,-0.730,-0.607,-0.209,-0.235,0.091,0.874,0.767,0.378,0.088,0.684,-0.246,0.573,0.379,1.000,1.000
3287806,0.042475,123.463144381996,0.768,0.184,-0.581,-0.730,-0.607,-0.209,-0.235,0.091,0.874,0.766,0.378,0.088,0.685,-0.247,0.574,0.376,1.000,1.000
3287814,0.0226396,123.485783982556,0.768,0.184,-0.581,-0.730,-0.607,-0.209,-0.235,0.091,0.874,0.766,0.378,0.088,0.685,-0.247,0.575,0.373,1.000,1.000
3287818,0.0346809,123.520464881789,0.768,0.184,-0.581,-0.730,-0.607,-0.209,-0.235,0.091,0.874,0.766,0.378,0.089,0.684,-0.247,0.576,0.373,1.000,1.000
3287824,0.0311364,123.551601280924,0.768,0.184,-0.581,-0.730,-0.607,-0.209,-0.235,0.091,0.874,0.766,0.379,0.091,0.683,-0.246,0.576,0.375,1.000,1.000
3287834,0.0253726,123.576973881107,0.768,0.184,-0.581,-0.730,-0.607,-0.209,-0.235,0.091,0.874,0.768,0.381,0.091,0.683,-0.243,0.577,0.377,1.000,1.000
3287840,0.0563882,123.633362080436,0.768,0.184,-0.581,-0.730,-0.607,-0.209,-0.235,0.091,0.874,0.769,0.381,0.091,0.682,-0.243,0.575,0.379,1.000,1.000
3287850,0.0340684,123.667430478614,0.768,0.184,-0.581,-0.730,-0.607,-0.209,-0.235,0.091,0.874,0.769,0.380,0.093,0.682,-0.243,0.573,0.384,1.000,1.000
3287858,0.0445967,123.712027180474,0.768,0.184,-0.581,-0.730,-0.607,-0.209,-0.235,0.091,0.874,0.771,0.380,0.093,0.684,-0.242,0.571,0.384,1.000,1.000
3287868,0.0428404,123.754867579322,0.768,0.184,-0.581,-0.730,-0.607,-0.209,-0.235,0.091,0.874,0.771,0.381,0.093,0.686,-0.240,0.571,0.382,1.000,1.000
3287876,0.0393899,123.794257480185,0.768,0.184,-0.581,-0.730,-0.607,-0.209,-0.235,0.091,0.874,0.770,0.381,0.093,0.685,-0.240,0.573,0.381,1.000,1.000
3287884,0.0381866,123.832444078755,0.768,0.184,-0.581,-0.730,-0.607,-0.209,-0.235,0.091,0.874,0.770,0.380,0.092,0.685,-0.238,0.572,0.383,1.000,1.000
3287894,0.0436332,123.876077278983,0.768,0.184,-0.581,-0.730,-0.607,-0.209,-0.235,0.091,0.874,0.770,0.379,0.092,0.687,-0.235,0.571,0.383,1.000,1.000
3287902,0.0463436,123.922420877498,0.768,0.184,-0.581,-0.730,-0.607,-0.209,-0.235,0.091,0.874,0.770,0.380,0.092,0.688,-0.232,0.571,0.383,1.000,1.000
3287912,0.0426286,123.965049478691,0.768,0.184,-0.581,-0.730,-0.607,-0.209,-0.235,0.091,0.874,0.773,0.380,0.092,0.687,-0.233,0.571,0.385,1.000,1.000
3287920,0.0463384,124.011387880426,0.768,0.184,-0.581,-0.730,-0.607,-0.209,-0.235,0.091,0.874,0.776,0.379,0.092,0.689,-0.236,0.567,0.386,1.000,1.000
3287930,0.0431876,124.054575480055,0.768,0.184,-0.581,-0.730,-0.607,-0.209,-0.235,0.091,0.874,0.778,0.380,0.091,0.691,-0.233,0.563,0.389,1.000,1.000
3287940,0.0535468,124.108122281265,0.768,0.184,-0.581,-0.730,-0.607,-0.209,-0.235,0.091,0.874,0.778,0.382,0.091,0.693,-0.230,0.563,0.386,1.000,1.000
3287950,0.0468214,124.154943681788,0.768,0.184,-0.581,-0.730,-0.607,-0.209,-0.235,0.091,0.874,0.780,0.382,0.091,0.697,-0.227,0.560,0.386,1.000,1.000
3287960,0.0479107,124.202854383271,0.768,0.184,-0.581,-0.730,-0.607,-0.209,-0.235,0.091,0.874,0.781,0.381,0.090,0.697,-0.229,0.560,0.384,1.000,1.000
3287968,0.0483286,124.251182984095,0.768,0.184,-0.581,-0.730,-0.607,-0.209,-0.235,0.091,0.874,0.781,0.382,0.089,0.698,-0.231,0.561,0.380,1.000,1.000
3287978,0.0476764,124.298859383445,0.768,0.184,-0.581,-0.730,-0.607,-0.209,-0.235,0.091,0.874,0.779,0.380,0.089,0.698,-0.232,0.558,0.384,1.000,1.000
3287986,0.0456928,124.344552184921,0.768,0.184,-0.581,-0.730,-0.607,-0.209,-0.235,0.091,0.874,0.780,0.378,0.089,0.698,-0.230,0.557,0.387,1.000,1.000
3287996,0.0443466,124.388898785692,0.768,0.184,-0.581,-0.730,-0.607,-0.209,-0.235,0.091,0.874,0.780,0.380,0.090,0.698,-0.229,0.555,0.390,1.000,1.000
3288004,0.0472496,124.436148385983,0.768,0.184,-0.581,-0.730,-0.607,-0.209,-0.235,0.091,0.874,0.779,0.382,0.092,0.701,-0.224,0.552,0.391,1.000,1.000
3288014,0.0399007,124.476049087476,0.768,0.184,-0.581,-0.730,-0.607,-0.209,-0.235,0.091,0.874,0.778,0.382,0.095,0.705,-0.220,0.551,0.388,1.000,1.000
3288022,0.049134,124.525183088612,0.768,0.184,-0.581,-0.730,-0.607,-0.209,-0.235,0.091,0.874,0.777,0.382,0.095,0.709,-0.216,0.547,0.389,1.000,1.000
3288032,0.0401086,124.565291687381,0.768,0.184,-0.581,-0.730,-0.607,-0.209,-0.235,0.091,0.874,0.777,0.382,0.094,0.709,-0.213,0.547,0.390,1.000,1.000
3288040,0.0443591,124.6096507865,0.768,0.184,-0.581,-0.730,-0.607,-0.209,-0.235,0.091,0.874,0.776,0.382,0.093,0.711,-0.212,0.546,0.389,1.000,1.000
3288048,0.0458267,124.655477486085,0.768,0.184,-0.581,-0.730,-0.607,-0.209,-0.235,0.091,0.874,0.772,0.384,0.092,0.711,-0.213,0.545,0.390,1.000,1.000
3288056,0.0429189,124.69839638425,0.768,0.184,-0.581,-0.730,-0.607,-0.209,-0.235,0.091,0.874,0.770,0.383,0.092,0.710,-0.214,0.545,0.392,1.000,1.000
3288066,0.0433237,124.741720083635,0.768,0.184,-0.581,-0.730,-0.607,-0.209,-0.235,0.091,0.874,0.769,0.384,0.093,0.707,-0.215,0.547,0.394,1.000,1.000
3288074,0.0434644,124.78518448351,0.768,0.184,-0.581,-0.730,-0.607,-0.209,-0.235,0.091,0.874,0.763,0.384,0.092,0.706,-0.214,0.550,0.392,1.000,1.000
3288084,0.0413987,124.826583183836,0.768,0.184,-0.581,-0.730,-0.607,-0.209,-0.235,0.091,0.874,0.762,0.385,0.092,0.707,-0.213,0.550,0.391,1.000,1.000
3288092,0.0519509,124.878534085583,0.768,0.184,-0.581,-0.730,-0.607,-0.209,-0.235,0.091,0.874,0.761,0.383,0.091,0.705,-0.216,0.550,0.392,1.000,1.000
3288102,0.0409073,124.919441386592,0.768,0.184,-0.581,-0.730,-0.607,-0.209,-0.235,0.091,0.874,0.760,0.384,0.090,0.703,-0.216,0.553,0.392,1.000,1.000
3288110,0.0440753,124.963516685646,0.768,0.184,-0.581,-0.730,-0.607,-0.209,-0.235,0.091,0.874,0.758,0.384,0.089,0.701,-0.221,0.553,0.394,1.000,1.000
3288118,0.0471589,125.010675586294,0.768,0.184,-0.581,-0.730,-0.607,-0.209,-0.235,0.091,0.874,0.756,0.383,0.087,0.702,-0.220,0.549,0.397,1.000,1.000
3288128,0.0410233,125.051698885392,0.768,0.184,-0.581,-0.730,-0.607,-0.209,-0.235,0.091,0.874,0.756,0.384,0.086,0.702,-0.220,0.548,0.398,1.000,1.000
3288136,0.0398287,125.091527584475,0.768,0.184,-0.581,-0.730,-0.607,-0.209,-0.235,0.091,0.874,0.756,0.383,0.086,0.701,-0.221,0.546,0.401,1.000,1.000
3288146,0.0438,125.135327584576,0.768,0.184,-0.581,-0.730,-0.607,-0.209,-0.235,0.091,0.874,0.759,0.383,0.086,0.700,-0.219,0.547,0.403,1.000,1.000
3288154,0.0516025,125.186930085998,0.768,0.184,-0.581,-0.730,-0.607,-0.209,-0.235,0.091,0.874,0.762,0.385,0.088,0.698,-0.220,0.547,0.405,1.000,1.000
3288164,0.0459321,125.232862185221,0.768,0.184,-0.581,-0.730,-0.607,-0.209,-0.235,0.091,0.874,0.764,0.385,0.085,0.699,-0.224,0.544,0.405,1.000,1.000
3288172,0.0379416,125.270803786349,0.768,0.184,-0.581,-0.730,-0.607,-0.209,-0.235,0.091,0.874,0.765,0.387,0.085,0.700,-0.229,0.541,0.406,1.000,1.000
3288182,0.0525922,125.323395985644,0.768,0.184,-0.581,-0.730,-0.607,-0.209,-0.235,0.091,0.874,0.764,0.387,0.084,0.700,-0.232,0.539,0.407,1.000,1.000
3288190,0.0423404,125.365736387204,0.768,0.184,-0.581,-0.730,-0.607,-0.209,-0.235,0.091,0.874,0.765,0.386,0.084,0.699,-0.231,0.538,0.410,1.000,1.000
3288200,0.0429054,125.408641788643,0.768,0.184,-0.581,-0.730,-0.607,-0.209,-0.235,0.091,0.874,0.768,0.383,0.083,0.698,-0.231,0.539,0.411,1.000,1.000
3288208,0.0445501,125.453191887122,0.768,0.184,-0.581,-0.730,-0.607,-0.209,-0.235,0.091,0.874,0.774,0.384,0.083,0.698,-0.231,0.541,0.409,1.000,1.000
3288218,0.0455267,125.498718585353,0.768,0.184,-0.581,-0.730,-0.607,-0.209,-0.235,0.091,0.874,0.779,0.385,0.084,0.697,-0.232,0.543,0.408,1.000,1.000
3288226,0.0468473,125.545565884095,0.768,0.184,-0.581,-0.730,-0.607,-0.209,-0.235,0.091,0.874,0.784,0.388,0.086,0.693,-0.238,0.545,0.406,1.000,1.000
3288236,0.0432572,125.588823083323,0.768,0.184,-0.581,-0.730,-0.607,-0.209,-0.235,0.091,0.874,0.787,0.389,0.087,0.691,-0.243,0.547,0.406,1.000,1.000
3288244,0.04454,125.633363082539,0.768,0.184,-0.581,-0.730,-0.607,-0.209,-0.235,0.091,0.874,0.789,0.390,0.088,0.689,-0.244,0.548,0.407,1.000,1.000
3288254,0.0449909,125.678353983443,0.768,0.184,-0.581,-0.730,-0.607,-0.209,-0.235,0.091,0.874,0.791,0.391,0.088,0.688,-0.248,0.546,0.408,1.000,1.000
3288262,0.0437938,125.722147784662,0.768,0.184,-0.581,-0.730,-0.607,-0.209,-0.235,0.091,0.874,0.792,0.394,0.088,0.686,-0.251,0.549,0.407,1.000,1.000
3288270,0.041203,125.763350784313,0.768,0.184,-0.581,-0.730,-0.607,-0.209,-0.235,0.091,0.874,0.795,0.392,0.089,0.682,-0.248,0.556,0.406,1.000,1.000
3288280,0.0467951,125.810145884287,0.768,0.184,-0.581,-0.730,-0.607,-0.209,-0.235,0.091,0.874,0.797,0.391,0.090,0.680,-0.249,0.556,0.408,1.000,1.000
3288288,0.0448231,125.854968983214,0.768,0.184,-0.581,-0.730,-0.607,-0.209,-0.235,0.091,0.874,0.795,0.393,0.091,0.681,-0.251,0.553,0.409,1.000,1.000
3288298,0.0440073,125.898976284545,0.768,0.184,-0.581,-0.730,-0.607,-0.209,-0.235,0.091,0.874,0.792,0.393,0.093,0.680,-0.250,0.551,0.413,1.000,1.000
3288308,0.0487225,125.947698786389,0.768,0.184,-0.581,-0.730,-0.607,-0.209,-0.235,0.091,0.874,0.790,0.393,0.093,0.682,-0.252,0.549,0.412,1.000,1.000
3288316,0.0441435,125.991842288058,0.768,0.184,-0.581,-0.730,-0.607,-0.209,-0.235,0.091,0.874,0.792,0.393,0.090,0.684,-0.254,0.549,0.407,1.000,1.000
3288322,0.0417474,126.033589686733,0.768,0.184,-0.581,-0.730,-0.607,-0.209,-0.235,0.091,0.874,0.793,0.393,0.090,0.681,-0.251,0.551,0.412,1.000,1.000
3288332,0.0370868,126.070676486474,0.768,0.184,-0.581,-0.730,-0.607,-0.209,-0.235,0.091,0.874,0.789,0.394,0.093,0.679,-0.247,0.547,0.422,1.000,1.000
3288340,0.044996,126.1156724873,0.768,0.184,-0.581,-0.730,-0.607,-0.209,-0.235,0.091,0.874,0.785,0.395,0.093,0.683,-0.246,0.541,0.425,1.000,1.000
3288350,0.0470539,126.162726386916,0.768,0.184,-0.581,-0.730,-0.607,-0.209,-0.235,0.091,0.874,0.782,0.397,0.096,0.684,-0.241,0.539,0.428,1.000,1.000
3288358,0.0394711,126.202197487932,0.768,0.184,-0.581,-0.730,-0.607,-0.209,-0.235,0.091,0.874,0.780,0.399,0.095,0.686,-0.241,0.533,0.433,1.000,1.000
3288368,0.0433267,126.245524186175,0.768,0.184,-0.581,-0.730,-0.607,-0.209,-0.235,0.091,0.874,0.774,0.400,0.095,0.689,-0.242,0.522,0.441,1.000,1.000
3288376,0.0465599,126.292084086221,0.768,0.184,-0.581,-0.730,-0.607,-0.209,-0.235,0.091,0.874,0.765,0.400,0.097,0.692,-0.237,0.513,0.449,1.000,1.000
3288386,0.0448457,126.336929786485,0.768,0.184,-0.581,-0.730,-0.607,-0.209,-0.235,0.091,0.874,0.758,0.403,0.096,0.697,-0.236,0.505,0.450,1.000,1.000
3288394,0.0457158,126.382645587903,0.768,0.184,-0.581,-0.730,-0.607,-0.209,-0.235,0.091,0.874,0.752,0.404,0.094,0.700,-0.233,0.497,0.456,1.000,1.000
3288404,0.0481843,126.430829889607,0.768,0.184,-0.581,-0.730,-0.607,-0.209,-0.235,0.091,0.874,0.746,0.402,0.093,0.703,-0.233,0.490,0.459,1.000,1.000
3288414,0.0451397,126.475969589781,0.768,0.184,-0.581,-0.730,-0.607,-0.209,-0.235,0.091,0.874,0.742,0.401,0.089,0.706,-0.230,0.484,0.462,1.000,1.000
3288422,0.046047,126.522016588133,0.768,0.184,-0.581,-0.730,-0.607,-0.209,-0.235,0.091,0.874,0.742,0.398,0.088,0.707,-0.230,0.478,0.468,1.000,1.000
3288432,0.045388,126.567404586356,0.768,0.184,-0.581,-0.730,-0.607,-0.209,-0.235,0.091,0.874,0.740,0.397,0.085,0.709,-0.233,0.473,0.469,1.000,1.000
3288440,0.0434224,126.610826987308,0.768,0.184,-0.581,-0.730,-0.607,-0.209,-0.235,0.091,0.874,0.738,0.396,0.082,0.709,-0.237,0.468,0.471,1.000,0.989
3288448,0.0435227,126.654349687975,0.768,0.184,-0.581,-0.730,-0.607,-0.209,-0.235,0.091,0.874,0.735,0.393,0.078,0.707,-0.237,0.470,0.473,1.000,0.987
3288458,0.0376743,126.692023988348,0.768,0.184,-0.581,-0.730,-0.607,-0.209,-0.235,0.091,0.874,0.733,0.398,0.074,0.706,-0.239,0.471,0.472,1.000,1.000
3288466,0.0533218,126.745345789474,0.768,0.184,-0.581,-0.730,-0.607,-0.209,-0.235,0.091,0.874,0.731,0.397,0.072,0.706,-0.238,0.471,0.472,1.000,1.000
3288476,0.0450594,126.790405191015,0.768,0.184,-0.581,-0.730,-0.607,-0.209,-0.235,0.091,0.874,0.726,0.397,0.073,0.705,-0.237,0.475,0.470,1.000,1.000
3288484,0.0468653,126.83727049036,0.768,0.184,-0.581,-0.730,-0.607,-0.209,-0.235,0.091,0.874,0.727,0.399,0.074,0.705,-0.237,0.477,0.468,1.000,0.978
3288494,0.042324,126.879594489466,0.768,0.184,-0.581,-0.730,-0.607,-0.209,-0.235,0.091,0.874,0.729,0.401,0.073,0.704,-0.239,0.478,0.467,1.000,0.953
3288502,0.0438452,126.923439688515,0.768,0.184,-0.581,-0.730,-0.607,-0.209,-0.235,0.091,0.874,0.732,0.399,0.073,0.706,-0.234,0.478,0.467,1.000,0.946
3288510,0.0443365,126.967776190024,0.768,0.184,-0.581,-0.730,-0.607,-0.209,-0.235,0.091,0.874,0.732,0.398,0.073,0.709,-0.232,0.477,0.465,1.000,0.961
3288518,0.044833,127.012609190773,0.768,0.184,-0.581,-0.730,-0.607,-0.209,-0.235,0.091,0.874,0.731,0.397,0.073,0.712,-0.230,0.475,0.464,1.000,0.965
3288528,0.0356247,127.048233892303,0.768,0.184,-0.581,-0.730,-0.607,-0.209,-0.235,0.091,0.874,0.730,0.393,0.071,0.716,-0.227,0.476,0.458,1.000,0.965
3288536,0.0489454,127.097179293167,0.768,0.184,-0.581,-0.730,-0.607,-0.209,-0.235,0.091,0.874,0.732,0.391,0.070,0.717,-0.226,0.474,0.458,1.000,0.965
3288546,0.0449559,127.142135194968,0.768,0.184,-0.581,-0.730,-0.607,-0.209,-0.235,0.091,0.874,0.733,0.387,0.069,0.719,-0.224,0.474,0.457,1.000,0.973
3288556,0.0438338,127.185968994629,0.768,0.184,-0.581,-0.730,-0.607,-0.209,-0.235,0.091,0.874,0.732,0.388,0.071,0.721,-0.223,0.471,0.456,1.000,0.988
3288564,0.0461512,127.232120193075,0.768,0.184,-0.581,-0.730,-0.607,-0.209,-0.235,0.091,0.874,0.728,0.388,0.072,0.722,-0.225,0.469,0.457,1.000,0.977
3288572,0.044288,127.276408191305,0.768,0.184,-0.581,-0.730,-0.607,-0.209,-0.235,0.091,0.874,0.727,0.388,0.073,0.724,-0.221,0.468,0.456,1.000,0.969
3288582,0.0406919,127.317100092303,0.768,0.184,-0.581,-0.730,-0.607,-0.209,-0.235,0.091,0.874,0.728,0.388,0.073,0.725,-0.220,0.466,0.457,1.000,0.974
3288590,0.0431884,127.36028849287,0.768,0.184,-0.581,-0.730,-0.607,-0.209,-0.235,0.091,0.874,0.730,0.389,0.075,0.726,-0.218,0.465,0.457,1.000,0.979
3288600,0.0527093,127.412997792941,0.768,0.184,-0.581,-0.730,-0.607,-0.209,-0.235,0.091,0.874,0.731,0.391,0.074,0.727,-0.215,0.465,0.458,1.000,0.973
3288608,0.0429567,127.455954491626,0.768,0.184,-0.581,-0.730,-0.607,-0.209,-0.235,0.091,0.874,0.730,0.392,0.073,0.729,-0.211,0.463,0.457,1.000,0.972
3288618,0.0440029,127.499957393389,0.768,0.184,-0.581,-0.730,-0.607,-0.209,-0.235,0.091,0.874,0.730,0.392,0.071,0.729,-0.212,0.464,0.457,1.000,1.000
3288626,0.0448733,127.544830694329,0.768,0.184,-0.581,-0.730,-0.607,-0.209,-0.235,0.091,0.874,0.730,0.392,0.070,0.728,-0.212,0.463,0.458,1.000,1.000
3288636,0.0472603,127.592090993654,0.768,0.184,-0.581,-0.730,-0.607,-0.209,-0.235,0.091,0.874,0.731,0.392,0.070,0.728,-0.210,0.463,0.460,1.000,1.000
3288642,0.0425771,127.634668092709,0.768,0.184,-0.581,-0.730,-0.607,-0.209,-0.235,0.091,0.874,0.732,0.391,0.069,0.729,-0.208,0.462,0.460,1.000,1.000
3288652,0.0342804,127.668948493432,0.768,0.184,-0.581,-0.730,-0.607,-0.209,-0.235,0.091,0.874,0.734,0.391,0.068,0.730,-0.207,0.460,0.461,1.000,1.000
3288660,0.0439964,127.712944894563,0.768,0.184,-0.581,-0.730,-0.607,-0.209,-0.235,0.091,0.874,0.735,0.393,0.069,0.730,-0.207,0.459,0.462,1.000,1.000
3288670,0.0444295,127.757374394219,0.768,0.184,-0.581,-0.730,-0.607,-0.209,-0.235,0.091,0.874,0.735,0.393,0.069,0.730,-0.206,0.457,0.464,1.000,1.000
3288678,0.044015,127.801389395725,0.768,0.184,-0.581,-0.730,-0.607,-0.209,-0.235,0.091,0.874,0.737,0.393,0.068,0.729,-0.207,0.458,0.465,1.000,1.000
3288686,0.0405045,127.841893895995,0.768,0.184,-0.581,-0.730,-0.607,-0.209,-0.235,0.091,0.874,0.739,0.393,0.068,0.729,-0.205,0.461,0.463,1.000,1.000
3288696,0.0449889,127.886882796418,0.768,0.184,-0.581,-0.730,-0.607,-0.209,-0.235,0.091,0.874,0.740,0.395,0.069,0.728,-0.204,0.465,0.461,1.000,1.000
3288704,0.0447872,127.931669994723,0.768,0.184,-0.581,-0.730,-0.607,-0.209,-0.235,0.091,0.874,0.743,0.395,0.069,0.728,-0.201,0.467,0.460,1.000,1.000
3288714,0.04873,127.980399995577,0.768,0.184,-0.581,-0.730,-0.607,-0.209,-0.235,0.091,0.874,0.747,0.396,0.067,0.728,-0.197,0.471,0.458,1.000,1.000
3288722,0.0415738,128.021973795723,0.768,0.184,-0.581,-0.730,-0.607,-0.209,-0.235,0.091,0.874,0.749,0.396,0.066,0.728,-0.192,0.473,0.457,1.000,1.000
3288732,0.0483397,128.070313494187,0.768,0.184,-0.581,-0.730,-0.607,-0.209,-0.235,0.091,0.874,0.752,0.395,0.065,0.728,-0.191,0.473,0.458,1.000,1.000
3288742,0.0443997,128.114713195246,0.768,0.184,-0.581,-0.730,-0.607,-0.209,-0.235,0.091,0.874,0.757,0.394,0.065,0.728,-0.191,0.472,0.459,1.000,1.000
3288752,0.0532074,128.167920596432,0.768,0.184,-0.581,-0.730,-0.607,-0.209,-0.235,0.091,0.874,0.760,0.394,0.065,0.728,-0.190,0.471,0.461,1.000,1.000
3288758,0.0434599,128.211380496155,0.768,0.184,-0.581,-0.730,-0.607,-0.209,-0.235,0.091,0.874,0.763,0.393,0.065,0.728,-0.191,0.470,0.461,1.000,1.000
3288768,0.0414501,128.252830594312,0.768,0.184,-0.581,-0.730,-0.607,-0.209,-0.235,0.091,0.874,0.765,0.391,0.065,0.728,-0.192,0.470,0.460,1.000,1.000
3288778,0.048733,128.301563594025,0.768,0.184,-0.581,-0.730,-0.607,-0.209,-0.235,0.091,0.874,0.767,0.391,0.064,0.727,-0.195,0.469,0.461,1.000,1.000
3288786,0.041194,128.342757593375,0.768,0.184,-0.581,-0.730,-0.607,-0.209,-0.235,0.091,0.874,0.767,0.391,0.066,0.725,-0.198,0.469,0.464,1.000,1.000
3288794,0.0448557,128.387613292318,0.768,0.184,-0.581,-0.730,-0.607,-0.209,-0.235,0.091,0.874,0.767,0.391,0.066,0.724,-0.200,0.470,0.464,1.000,1.000
3288804,0.0433092,128.430922492873,0.768,0.184,-0.581,-0.730,-0.607,-0.209,-0.235,0.091,0.874,0.767,0.390,0.065,0.723,-0.200,0.474,0.461,1.000,1.000
3288812,0.0442339,128.475156392436,0.768,0.184,-0.581,-0.730,-0.607,-0.209,-0.235,0.091,0.874,0.766,0.389,0.065,0.722,-0.202,0.476,0.460,1.000,1.000
3288820,0.0438661,128.519022494089,0.768,0.184,-0.581,-0.730,-0.607,-0.209,-0.235,0.091,0.874,0.766,0.387,0.067,0.719,-0.205,0.480,0.458,1.000,1.000
3288830,0.0440726,128.563095092308,0.768,0.184,-0.581,-0.730,-0.607,-0.209,-0.235,0.091,0.874,0.764,0.386,0.068,0.717,-0.209,0.483,0.456,1.000,1.000
3288838,0.0397262,128.602821293753,0.768,0.184,-0.581,-0.730,-0.607,-0.209,-0.235,0.091,0.874,0.765,0.388,0.069,0.716,-0.211,0.488,0.453,1.000,1.000
3288848,0.0466023,128.649423595052,0.768,0.184,-0.581,-0.730,-0.607,-0.209,-0.235,0.091,0.874,0.766,0.388,0.070,0.714,-0.215,0.491,0.451,1.000,1.000
3288856,0.0437794,128.693202994298,0.768,0.184,-0.581,-0.730,-0.607,-0.209,-0.235,0.091,0.874,0.765,0.388,0.071,0.712,-0.217,0.493,0.450,1.000,1.000
3288866,0.0542976,128.74750059424,0.768,0.184,-0.581,-0.730,-0.607,-0.209,-0.235,0.091,0.874,0.764,0.390,0.072,0.711,-0.215,0.497,0.448,1.000,1.000
3288874,0.0394909,128.786991495173,0.768,0.184,-0.581,-0.730,-0.607,-0.209,-0.235,0.091,0.874,0.765,0.390,0.073,0.711,-0.213,0.499,0.446,1.000,1.000
3288884,0.0421581,128.829149595927,0.768,0.184,-0.581,-0.730,-0.607,-0.209,-0.235,0.091,0.874,0.764,0.390,0.073,0.711,-0.211,0.500,0.447,1.000,1.000
3288892,0.0447319,128.873881496023,0.768,0.184,-0.581,-0.730,-0.607,-0.209,-0.235,0.091,0.874,0.763,0.390,0.075,0.710,-0.210,0.501,0.448,1.000,1.000
3288900,0.0405345,128.914415996056,0.768,0.184,-0.581,-0.730,-0.607,-0.209,-0.235,0.091,0.874,0.763,0.392,0.077,0.710,-0.211,0.500,0.450,1.000,1.000
3288910,0.0437682,128.958184197079,0.768,0.184,-0.581,-0.730,-0.607,-0.209,-0.235,0.091,0.874,0.762,0.394,0.079,0.709,-0.209,0.502,0.450,1.000,1.000
3288920,0.0497239,129.007908097934,0.768,0.184,-0.581,-0.730,-0.607,-0.209,-0.235,0.091,0.874,0.761,0.397,0.082,0.709,-0.209,0.499,0.452,1.000,1.000
3288928,0.0449177,129.052825796884,0.768,0.184,-0.581,-0.730,-0.607,-0.209,-0.235,0.091,0.874,0.758,0.396,0.082,0.709,-0.209,0.499,0.453,1.000,1.000
3288936,0.0446828,129.097508597653,0.768,0.184,-0.581,-0.730,-0.607,-0.209,-0.235,0.091,0.874,0.759,0.396,0.079,0.709,-0.205,0.501,0.452,1.000,1.000
3288946,0.0441861,129.141694698017,0.768,0.184,-0.581,-0.730,-0.607,-0.209,-0.235,0.091,0.874,0.757,0.396,0.079,0.708,-0.207,0.502,0.452,1.000,1.000
3288954,0.0394539,129.181148599368,0.768,0.184,-0.581,-0.730,-0.607,-0.209,-0.235,0.091,0.874,0.756,0.396,0.081,0.707,-0.209,0.501,0.453,1.000,1.000
3288964,0.0439415,129.225090100896,0.768,0.184,-0.581,-0.730,-0.607,-0.209,-0.235,0.091,0.874,0.755,0.396,0.081,0.707,-0.209,0.501,0.453,1.000,1.000
3288972,0.0502947,129.275384801906,0.768,0.184,-0.581,-0.730,-0.607,-0.209,-0.235,0.091,0.874,0.753,0.395,0.082,0.707,-0.208,0.502,0.452,1.000,1.000
3288982,0.0449997,129.320384501945,0.768,0.184,-0.581,-0.730,-0.607,-0.209,-0.235,0.091,0.874,0.753,0.394,0.081,0.709,-0.207,0.501,0.451,1.000,1.000
3288992,0.0473523,129.367736801039,0.768,0.184,-0.581,-0.730,-0.607,-0.209,-0.235,0.091,0.874,0.752,0.394,0.081,0.709,-0.207,0.500,0.451,1.000,1.000
3289000,0.0468015,129.414538301062,0.768,0.184,-0.581,-0.730,-0.607,-0.209,-0.235,0.091,0.874,0.751,0.394,0.080,0.710,-0.207,0.501,0.450,1.000,1.000
3289008,0.0409043,129.455442599487,0.768,0.184,-0.581,-0.730,-0.607,-0.209,-0.235,0.091,0.874,0.753,0.392,0.081,0.711,-0.205,0.501,0.449,1.000,1.000
3289016,0.0435451,129.498987700325,0.768,0.184,-0.581,-0.730,-0.607,-0.209,-0.235,0.091,0.874,0.753,0.391,0.081,0.711,-0.204,0.502,0.448,1.000,1.000
3289026,0.0411909,129.540178600233,0.768,0.184,-0.581,-0.730,-0.607,-0.209,-0.235,0.091,0.874,0.754,0.391,0.082,0.712,-0.206,0.500,0.448,1.000,1.000
3289034,0.0465548,129.586733400356,0.768,0.184,-0.581,-0.730,-0.607,-0.209,-0.235,0.091,0.874,0.754,0.390,0.081,0.713,-0.205,0.500,0.448,1.000,1.000
3289044,0.0429783,129.629711702,0.768,0.184,-0.581,-0.730,-0.607,-0.209,-0.235,0.091,0.874,0.754,0.390,0.081,0.713,-0.203,0.499,0.449,1.000,1.000
3289052,0.0424529,129.672164603602,0.768,0.184,-0.581,-0.730,-0.607,-0.209,-0.235,0.091,0.874,0.753,0.388,0.082,0.714,-0.202,0.498,0.448,1.000,1.000
3289062,0.0479931,129.720157704782,0.768,0.184,-0.581,-0.730,-0.607,-0.209,-0.235,0.091,0.874,0.754,0.388,0.083,0.715,-0.204,0.497,0.448,1.000,1.000
3289070,0.0452986,129.765456303488,0.768,0.184,-0.581,-0.730,-0.607,-0.209,-0.235,0.091,0.874,0.755,0.388,0.083,0.715,-0.204,0.496,0.448,1.000,1.000
3289078,0.0425797,129.808036002796,0.768,0.184,-0.581,-0.730,-0.607,-0.209,-0.235,0.091,0.874,0.754,0.389,0.083,0.715,-0.203,0.497,0.448,1.000,1.000
3289088,0.039208,129.847244001459,0.768,0.184,-0.581,-0.730,-0.607,-0.209,-0.235,0.091,0.874,0.753,0.390,0.083,0.716,-0.203,0.496,0.448,1.000,1.000
3289096,0.0497977,129.897041700315,0.768,0.184,-0.581,-0.730,-0.607,-0.209,-0.235,0.091,0.874,0.752,0.391,0.084,0.715,-0.204,0.496,0.449,1.000,1.000
3289106,0.0445965,129.941638201009,0.768,0.184,-0.581,-0.730,-0.607,-0.209,-0.235,0.091,0.874,0.752,0.390,0.086,0.714,-0.203,0.496,0.450,1.000,1.000
3289116,0.0502783,129.991916499566,0.768,0.184,-0.581,-0.730,-0.607,-0.209,-0.235,0.091,0.874,0.753,0.391,0.087,0.715,-0.204,0.496,0.448,1.000,1.000
3289124,0.03969,130.03160649864,0.768,0.184,-0.581,-0.730,-0.607,-0.209,-0.235,0.091,0.874,0.751,0.391,0.087,0.715,-0.205,0.496,0.448,1.000,1.000
3289134,0.0433576,130.074964098167,0.768,0.184,-0.581,-0.730,-0.607,-0.209,-0.235,0.091,0.874,0.750,0.390,0.086,0.715,-0.204,0.496,0.448,1.000,1.000
3289142,0.0474522,130.122416298371,0.768,0.184,-0.581,-0.730,-0.607,-0.209,-0.235,0.091,0.874,0.751,0.390,0.085,0.716,-0.204,0.496,0.447,1.000,1.000
3289150,0.0435308,130.165947097819,0.768,0.184,-0.581,-0.730,-0.607,-0.209,-0.235,0.091,0.874,0.751,0.389,0.085,0.716,-0.204,0.496,0.447,1.000,1.000
3289160,0.0460542,130.212001297157,0.768,0.184,-0.581,-0.730,-0.607,-0.209,-0.235,0.091,0.874,0.753,0.389,0.084,0.716,-0.203,0.497,0.447,1.000,1.000
3289168,0.0464032,130.258404496592,0.768,0.184,-0.581,-0.730,-0.607,-0.209,-0.235,0.091,0.874,0.754,0.390,0.085,0.717,-0.202,0.498,0.444,1.000,1.000
3289178,0.0432509,130.301655396353,0.768,0.184,-0.581,-0.730,-0.607,-0.209,-0.235,0.091,0.874,0.753,0.391,0.086,0.715,-0.201,0.499,0.447,1.000,1.000
3289186,0.0436582,130.345313597005,0.768,0.184,-0.581,-0.730,-0.607,-0.209,-0.235,0.091,0.874,0.752,0.392,0.086,0.714,-0.200,0.498,0.449,1.000,1.000
3289196,0.0442154,130.389528996777,0.768,0.184,-0.581,-0.730,-0.607,-0.209,-0.235,0.091,0.874,0.751,0.394,0.086,0.714,-0.199,0.497,0.451,1.000,1.000
3289204,0.0424602,130.431989196222,0.768,0.184,-0.581,-0.730,-0.607,-0.209,-0.235,0.091,0.874,0.752,0.394,0.087,0.713,-0.200,0.496,0.453,1.000,1.000
3289212,0.0467519,130.47874109773,0.768,0.184,-0.581,-0.730,-0.607,-0.209,-0.235,0.091,0.874,0.751,0.393,0.088,0.713,-0.202,0.495,0.455,1.000,1.000
3289220,0.039567,130.518308098894,0.768,0.184,-0.581,-0.730,-0.607,-0.209,-0.235,0.091,0.874,0.750,0.393,0.089,0.711,-0.202,0.494,0.457,1.000,1.000
3289228,0.0436961,130.562004200649,0.768,0.184,-0.581,-0.730,-0.607,-0.209,-0.235,0.091,0.874,0.749,0.391,0.089,0.711,-0.203,0.494,0.457,1.000,1.000
3289238,0.0370957,130.599099900108,0.768,0.184,-0.581,-0.730,-0.607,-0.209,-0.235,0.091,0.874,0.747,0.391,0.091,0.712,-0.206,0.494,0.455,1.000,1.000
3289248,0.0484207,130.647520601284,0.768,0.184,-0.581,-0.730,-0.607,-0.209,-0.235,0.091,0.874,0.746,0.391,0.094,0.711,-0.206,0.495,0.454,1.000,1.000
3289256,0.0491757,130.696696299594,0.768,0.184,-0.581,-0.730,-0.607,-0.209,-0.235,0.091,0.874,0.746,0.389,0.094,0.711,-0.208,0.496,0.453,1.000,1.000
3289264,0.0386657,130.735362000298,0.768,0.184,-0.581,-0.730,-0.607,-0.209,-0.235,0.091,0.874,0.745,0.388,0.094,0.712,-0.207,0.495,0.453,1.000,1.000
3289274,0.0441999,130.779561899137,0.768,0.184,-0.581,-0.730,-0.607,-0.209,-0.235,0.091,0.874,0.746,0.385,0.093,0.712,-0.207,0.495,0.453,1.000,1.000
3289282,0.0457643,130.825326200109,0.768,0.184,-0.581,-0.730,-0.607,-0.209,-0.235,0.091,0.874,0.746,0.384,0.092,0.713,-0.205,0.497,0.449,1.000,1.000
3289292,0.0477676,130.873093798291,0.768,0.184,-0.581,-0.730,-0.607,-0.209,-0.235,0.091,0.874,0.745,0.381,0.093,0.714,-0.208,0.497,0.448,1.000,1.000
3289302,0.0472789,130.92037269799,0.768,0.184,-0.581,-0.730,-0.607,-0.209,-0.235,0.091,0.874,0.748,0.380,0.094,0.712,-0.210,0.501,0.445,1.000,1.000
3289312,0.0444308,130.964803497773,0.768,0.184,-0.581,-0.730,-0.607,-0.209,-0.235,0.091,0.874,0.751,0.379,0.094,0.704,-0.215,0.508,0.447,1.000,1.000
3289320,0.0466163,131.011419798713,0.768,0.184,-0.581,-0.730,-0.607,-0.209,-0.235,0.091,0.874,0.754,0.380,0.093,0.688,-0.223,0.518,0.456,1.000,1.000
3289328,0.0456262,131.057045999449,0.768,0.184,-0.581,-0.730,-0.607,-0.209,-0.235,0.091,0.874,0.755,0.382,0.092,0.679,-0.224,0.528,0.458,1.000,1.000
3289338,0.0384544,131.095500397962,0.768,0.184,-0.581,-0.730,-0.607,-0.209,-0.235,0.091,0.874,0.756,0.382,0.093,0.675,-0.219,0.530,0.464,1.000,1.000
3289346,0.0507793,131.146279699635,0.768,0.184,-0.581,-0.730,-0.607,-0.209,-0.235,0.091,0.874,0.756,0.380,0.093,0.674,-0.214,0.528,0.469,1.000,1.000
3289356,0.0431432,131.189422901254,0.768,0.184,-0.581,-0.730,-0.607,-0.209,-0.235,0.091,0.874,0.756,0.379,0.094,0.675,-0.212,0.526,0.471,1.000,1.000
3289364,0.0471569,131.236579801422,0.768,0.184,-0.581,-0.730,-0.607,-0.209,-0.235,0.091,0.874,0.756,0.378,0.094,0.675,-0.213,0.526,0.472,1.000,1.000
3289374,0.043361,131.279940802138,0.768,0.184,-0.581,-0.730,-0.607,-0.209,-0.235,0.091,0.874,0.758,0.379,0.094,0.674,-0.215,0.529,0.470,1.000,1.000
3289382,0.0442694,131.324210203718,0.768,0.184,-0.581,-0.730,-0.607,-0.209,-0.235,0.091,0.874,0.758,0.380,0.096,0.670,-0.217,0.535,0.467,1.000,1.000
3289392,0.0429961,131.3672063048,0.768,0.184,-0.581,-0.730,-0.607,-0.209,-0.235,0.091,0.874,0.761,0.379,0.096,0.663,-0.224,0.543,0.464,1.000,1.000
3289398,0.0444364,131.411642703693,0.768,0.184,-0.581,-0.730,-0.607,-0.209,-0.235,0.091,0.874,0.763,0.378,0.096,0.656,-0.233,0.556,0.456,1.000,1.000
3289408,0.0436913,131.455334003549,0.768,0.184,-0.581,-0.730,-0.607,-0.209,-0.235,0.091,0.874,0.765,0.377,0.095,0.649,-0.235,0.572,0.443,1.000,1.000
3289418,0.0458533,131.501187301707,0.768,0.184,-0.581,-0.730,-0.607,-0.209,-0.235,0.091,0.874,0.768,0.376,0.094,0.640,-0.238,0.585,0.438,1.000,1.000
3289426,0.0430511,131.544238402974,0.768,0.184,-0.581,-0.730,-0.607,-0.209,-0.235,0.091,0.874,0.772,0.376,0.096,0.627,-0.242,0.602,0.431,1.000,1.000
3289436,0.0433435,131.587581902277,0.768,0.184,-0.581,-0.730,-0.607,-0.209,-0.235,0.091,0.874,0.776,0.376,0.097,0.611,-0.254,0.614,0.430,1.000,1.000
3289444,0.0455072,131.633089102339,0.768,0.184,-0.581,-0.730,-0.607,-0.209,-0.235,0.091,0.874,0.781,0.375,0.098,0.604,-0.257,0.626,0.422,1.000,1.000
3289454,0.0410068,131.674095902126,0.768,0.184,-0.581,-0.730,-0.607,-0.209,-0.235,0.091,0.874,0.787,0.377,0.097,0.599,-0.259,0.634,0.415,1.000,1.000
3289462,0.0501403,131.724236201029,0.768,0.184,-0.581,-0.730,-0.607,-0.209,-0.235,0.091,0.874,0.791,0.377,0.100,0.593,-0.262,0.641,0.411,1.000,1.000
3289472,0.0425845,131.766820702236,0.768,0.184,-0.581,-0.730,-0.607,-0.209,-0.235,0.091,0.874,0.792,0.379,0.102,0.590,-0.261,0.646,0.409,1.000,1.000
3289480,0.047016,131.813836700749,0.768,0.184,-0.581,-0.730,-0.607,-0.209,-0.235,0.091,0.874,0.792,0.379,0.103,0.586,-0.262,0.649,0.408,1.000,1.000
3289488,0.0384297,131.852266400587,0.768,0.184,-0.581,-0.730,-0.607,-0.209,-0.235,0.091,0.874,0.792,0.379,0.103,0.583,-0.264,0.650,0.409,1.000,1.000
3289498,0.046287,131.898553400766,0.768,0.184,-0.581,-0.730,-0.607,-0.209,-0.235,0.091,0.874,0.792,0.380,0.103,0.582,-0.266,0.653,0.407,1.000,1.000
3289506,0.0458133,131.944366700482,0.768,0.184,-0.581,-0.730,-0.607,-0.209,-0.235,0.091,0.874,0.790,0.380,0.104,0.581,-0.265,0.655,0.405,1.000,1.000
3289510,0.0439775,131.98834419949,0.768,0.184,-0.581,-0.730,-0.607,-0.209,-0.235,0.091,0.874,0.789,0.380,0.105,0.578,-0.265,0.658,0.403,1.000,1.000
3289518,0.0169539,132.005298099946,0.768,0.184,-0.581,-0.730,-0.607,-0.209,-0.235,0.091,0.874,0.788,0.380,0.106,0.577,-0.266,0.662,0.399,1.000,1.000
3289522,0.050888,132.05618609814,0.768,0.184,-0.581,-0.730,-0.607,-0.209,-0.235,0.091,0.874,0.787,0.380,0.107,0.575,-0.266,0.665,0.395,1.000,1.000
3289528,0.0204839,132.076669998001,0.768,0.184,-0.581,-0.730,-0.607,-0.209,-0.235,0.091,0.874,0.787,0.381,0.107,0.576,-0.263,0.667,0.392,1.000,1.000
3289536,0.0236089,132.100278898608,0.768,0.184,-0.581,-0.730,-0.607,-0.209,-0.235,0.091,0.874,0.786,0.381,0.107,0.576,-0.262,0.669,0.391,1.000,1.000
3289544,0.0563263,132.156605198514,0.768,0.184,-0.581,-0.730,-0.607,-0.209,-0.235,0.091,0.874,0.785,0.380,0.107,0.575,-0.261,0.670,0.390,1.000,1.000
3289554,0.0389629,132.195568099152,0.768,0.184,-0.581,-0.730,-0.607,-0.209,-0.235,0.091,0.874,0.786,0.380,0.107,0.575,-0.261,0.671,0.388,1.000,1.000
3289560,0.0356177,132.231185800862,0.768,0.184,-0.581,-0.730,-0.607,-0.209,-0.235,0.091,0.874,0.786,0.380,0.107,0.575,-0.261,0.673,0.386,1.000,1.000
3289570,0.0320333,132.263219099026,0.768,0.184,-0.581,-0.730,-0.607,-0.209,-0.235,0.091,0.874,0.786,0.380,0.106,0.576,-0.260,0.673,0.384,1.000,1.000
3289580,0.0450882,132.308307300787,0.768,0.184,-0.581,-0.730,-0.607,-0.209,-0.235,0.091,0.874,0.786,0.378,0.106,0.576,-0.262,0.672,0.385,1.000,1.000
3289588,0.0464556,132.354762900155,0.768,0.184,-0.581,-0.730,-0.607,-0.209,-0.235,0.091,0.874,0.784,0.379,0.105,0.576,-0.264,0.669,0.388,1.000,1.000
3289596,0.0389252,132.393688100856,0.768,0.184,-0.581,-0.730,-0.607,-0.209,-0.235,0.091,0.874,0.783,0.378,0.106,0.575,-0.266,0.668,0.390,1.000,1.000
3289606,0.0503359,132.444023999851,0.768,0.184,-0.581,-0.730,-0.607,-0.209,-0.235,0.091,0.874,0.782,0.378,0.105,0.575,-0.266,0.667,0.392,1.000,1.000
3289614,0.0444018,132.488425798249,0.768,0.184,-0.581,-0.730,-0.607,-0.209,-0.235,0.091,0.874,0.782,0.378,0.104,0.576,-0.266,0.666,0.392,1.000,1.000
3289622,0.0423427,132.530768498313,0.768,0.184,-0.581,-0.730,-0.607,-0.209,-0.235,0.091,0.874,0.781,0.379,0.103,0.576,-0.266,0.667,0.391,1.000,1.000
3289632,0.0430707,132.573839198332,0.768,0.184,-0.581,-0.730,-0.607,-0.209,-0.235,0.091,0.874,0.780,0.380,0.103,0.577,-0.263,0.667,0.391,1.000,1.000
3289642,0.0473294,132.621168598067,0.768,0.184,-0.581,-0.730,-0.607,-0.209,-0.235,0.091,0.874,0.779,0.380,0.102,0.577,-0.263,0.667,0.392,1.000,1.000
3289652,0.0457923,132.666960898321,0.768,0.184,-0.581,-0.730,-0.607,-0.209,-0.235,0.091,0.874,0.778,0.380,0.101,0.577,-0.265,0.665,0.394,1.000,1.000
3289662,0.0511148,132.718075699639,0.768,0.184,-0.581,-0.730,-0.607,-0.209,-0.235,0.091,0.874,0.778,0.380,0.100,0.579,-0.265,0.663,0.394,1.000,1.000
3289670,0.0467111,132.764786798041,0.768,0.184,-0.581,-0.730,-0.607,-0.209,-0.235,0.091,0.874,0.777,0.381,0.099,0.581,-0.263,0.661,0.395,1.000,1.000
3289678,0.0457677,132.810554496478,0.768,0.184,-0.581,-0.730,-0.607,-0.209,-0.235,0.091,0.874,0.777,0.381,0.097,0.588,-0.260,0.654,0.399,1.000,1.000
3289688,0.0426558,132.853210296016,0.768,0.184,-0.581,-0.730,-0.607,-0.209,-0.235,0.091,0.874,0.776,0.379,0.095,0.601,-0.250,0.642,0.404,1.000,1.000
3289698,0.0473766,132.900586895179,0.768,0.184,-0.581,-0.730,-0.607,-0.209,-0.235,0.091,0.874,0.776,0.381,0.095,0.621,-0.235,0.626,0.410,1.000,1.000
3289706,0.0442051,132.944791994523,0.768,0.184,-0.581,-0.730,-0.607,-0.209,-0.235,0.091,0.874,0.774,0.384,0.092,0.641,-0.223,0.607,0.414,1.000,1.000
3289716,0.046185,132.990976996254,0.768,0.184,-0.581,-0.730,-0.607,-0.209,-0.235,0.091,0.874,0.773,0.385,0.092,0.653,-0.217,0.588,0.424,1.000,1.000
3289722,0.0438381,133.034815094899,0.768,0.184,-0.581,-0.730,-0.607,-0.209,-0.235,0.091,0.874,0.772,0.385,0.093,0.663,-0.212,0.578,0.426,1.000,1.000
3289728,0.0322279,133.067042994779,0.768,0.184,-0.581,-0.730,-0.607,-0.209,-0.235,0.091,0.874,0.772,0.386,0.093,0.672,-0.207,0.564,0.433,1.000,1.000
3289738,0.0340432,133.101086195093,0.768,0.184,-0.581,-0.730,-0.607,-0.209,-0.235,0.091,0.874,0.771,0.387,0.092,0.675,-0.205,0.559,0.436,1.000,1.000
3289740,0.043244,133.144330195617,0.768,0.184,-0.581,-0.730,-0.607,-0.209,-0.235,0.091,0.874,0.770,0.387,0.093,0.679,-0.201,0.550,0.443,1.000,1.000
3289750,0.0148179,133.159148095641,0.768,0.184,-0.581,-0.730,-0.607,-0.209,-0.235,0.091,0.874,0.768,0.388,0.094,0.685,-0.196,0.541,0.447,1.000,1.000
3289756,0.0536508,133.21279889578,0.768,0.184,-0.581,-0.730,-0.607,-0.209,-0.235,0.091,0.874,0.766,0.390,0.094,0.691,-0.191,0.532,0.451,1.000,1.000
3289766,0.0311547,133.243953595404,0.768,0.184,-0.581,-0.730,-0.607,-0.209,-0.235,0.091,0.874,0.765,0.391,0.094,0.696,-0.186,0.523,0.455,1.000,1.000
3289774,0.053039,133.296992594842,0.768,0.184,-0.581,-0.730,-0.607,-0.209,-0.235,0.091,0.874,0.763,0.392,0.095,0.701,-0.180,0.513,0.462,1.000,1.000
3289780,0.0254122,133.322404794861,0.768,0.184,-0.581,-0.730,-0.607,-0.209,-0.235,0.091,0.874,0.762,0.392,0.094,0.703,-0.179,0.503,0.469,1.000,1.000
3289790,0.0499693,133.372374095488,0.768,0.184,-0.581,-0.730,-0.607,-0.209,-0.235,0.091,0.874,0.763,0.393,0.095,0.709,-0.177,0.495,0.470,1.000,1.000
3289798,0.0399985,133.412372597028,0.768,0.184,-0.581,-0.730,-0.607,-0.209,-0.235,0.091,0.874,0.762,0.394,0.094,0.711,-0.175,0.490,0.473,1.000,1.000
3289808,0.0480355,133.460408095736,0.768,0.184,-0.581,-0.730,-0.607,-0.209,-0.235,0.091,0.874,0.763,0.394,0.094,0.715,-0.174,0.483,0.474,1.000,1.000
3289814,0.0414109,133.501818996388,0.768,0.184,-0.581,-0.730,-0.607,-0.209,-0.235,0.091,0.874,0.762,0.394,0.093,0.719,-0.173,0.475,0.477,1.000,1.000
3289824,0.0368278,133.538646795321,0.768,0.184,-0.581,-0.730,-0.607,-0.209,-0.235,0.091,0.874,0.761,0.394,0.093,0.724,-0.172,0.462,0.482,1.000,1.000
3289832,0.0392937,133.577940494288,0.768,0.184,-0.581,-0.730,-0.607,-0.209,-0.235,0.091,0.874,0.760,0.395,0.092,0.728,-0.169,0.457,0.482,1.000,1.000
3289842,0.0420691,133.620009594131,0.768,0.184,-0.581,-0.730,-0.607,-0.209,-0.235,0.091,0.874,0.759,0.395,0.090,0.730,-0.169,0.452,0.484,1.000,1.000
3289850,0.0447455,133.664755095262,0.768,0.184,-0.581,-0.730,-0.607,-0.209,-0.235,0.091,0.874,0.759,0.394,0.090,0.732,-0.168,0.448,0.486,1.000,1.000
3289860,0.0453901,133.710145194549,0.768,0.184,-0.581,-0.730,-0.607,-0.209,-0.235,0.091,0.874,0.759,0.394,0.089,0.733,-0.168,0.444,0.486,1.000,1.000
3289868,0.0430927,133.753237896133,0.768,0.184,-0.581,-0.730,-0.607,-0.209,-0.235,0.091,0.874,0.759,0.394,0.088,0.735,-0.167,0.442,0.486,1.000,1.000
3289878,0.0483916,133.801629495341,0.768,0.184,-0.581,-0.730,-0.607,-0.209,-0.235,0.091,0.874,0.759,0.395,0.087,0.737,-0.164,0.441,0.485,1.000,0.997
3289888,0.0494921,133.851121593732,0.768,0.184,-0.581,-0.730,-0.607,-0.209,-0.235,0.091,0.874,0.759,0.395,0.086,0.739,-0.163,0.439,0.484,1.000,1.000
3289898,0.047476,133.898597594816,0.768,0.184,-0.581,-0.730,-0.607,-0.209,-0.235,0.091,0.874,0.760,0.394,0.084,0.739,-0.162,0.439,0.485,1.000,1.000
3289906,0.0476096,133.946207195986,0.768,0.184,-0.581,-0.730,-0.607,-0.209,-0.235,0.091,0.874,0.760,0.395,0.084,0.741,-0.161,0.437,0.484,1.000,1.000
3289918,0.0507017,133.996908896137,0.768,0.184,-0.581,-0.730,-0.607,-0.209,-0.235,0.091,0.874,0.761,0.394,0.083,0.742,-0.160,0.436,0.484,1.000,1.000
3289926,0.048214,134.045122895855,0.768,0.184,-0.581,-0.730,-0.607,-0.209,-0.235,0.091,0.874,0.761,0.394,0.083,0.743,-0.159,0.436,0.483,1.000,1.000
3289936,0.0452503,134.090373196173,0.768,0.184,-0.581,-0.730,-0.607,-0.209,-0.235,0.091,0.874,0.761,0.393,0.082,0.744,-0.158,0.435,0.482,1.000,1.000
3289944,0.0441445,134.13451769622,0.768,0.184,-0.581,-0.730,-0.607,-0.209,-0.235,0.091,0.874,0.760,0.393,0.082,0.744,-0.158,0.435,0.482,1.000,1.000
3289952,0.0423193,134.176836997736,0.768,0.184,-0.581,-0.730,-0.607,-0.209,-0.235,0.091,0.874,0.760,0.393,0.082,0.744,-0.157,0.435,0.482,1.000,1.000
3289962,0.041649,134.218485996593,0.768,0.184,-0.581,-0.730,-0.607,-0.209,-0.235,0.091,0.874,0.760,0.393,0.081,0.744,-0.156,0.437,0.481,1.000,1.000
3289970,0.04593,134.264415994752,0.768,0.184,-0.581,-0.730,-0.607,-0.209,-0.235,0.091,0.874,0.760,0.393,0.081,0.744,-0.156,0.438,0.480,1.000,1.000
3289980,0.0414836,134.305899594445,0.768,0.184,-0.581,-0.730,-0.607,-0.209,-0.235,0.091,0.874,0.759,0.393,0.082,0.743,-0.156,0.439,0.480,1.000,1.000
3289988,0.0465691,134.352468695957,0.768,0.184,-0.581,-0.730,-0.607,-0.209,-0.235,0.091,0.874,0.759,0.393,0.082,0.743,-0.157,0.440,0.480,1.000,1.000
3289996,0.0475804,134.400049094576,0.768,0.184,-0.581,-0.730,-0.607,-0.209,-0.235,0.091,0.874,0.759,0.394,0.084,0.742,-0.160,0.441,0.478,1.000,1.000
3290004,0.0419354,134.441984493751,0.768,0.184,-0.581,-0.730,-0.607,-0.209,-0.235,0.091,0.874,0.758,0.396,0.084,0.742,-0.164,0.441,0.477,1.000,1.000
3290016,0.0472485,134.489232995082,0.768,0.184,-0.581,-0.730,-0.607,-0.209,-0.235,0.091,0.874,0.759,0.396,0.083,0.740,-0.167,0.443,0.477,1.000,1.000
3290024,0.0444766,134.533709593583,0.768,0.184,-0.581,-0.730,-0.607,-0.209,-0.235,0.091,0.874,0.758,0.395,0.079,0.737,-0.172,0.444,0.479,1.000,1.000
3290034,0.043519,134.577228595037,0.768,0.184,-0.581,-0.730,-0.607,-0.209,-0.235,0.091,0.874,0.754,0.393,0.076,0.736,-0.171,0.446,0.480,1.000,1.000
3290042,0.04544,134.622668594588,0.768,0.184,-0.581,-0.730,-0.607,-0.209,-0.235,0.091,0.874,0.749,0.392,0.072,0.736,-0.168,0.448,0.478,1.000,1.000
3290048,0.0426197,134.665288296063,0.768,0.184,-0.581,-0.730,-0.607,-0.209,-0.235,0.091,0.874,0.744,0.393,0.071,0.737,-0.167,0.451,0.476,1.000,1.000
3290056,0.0295499,134.694838196505,0.768,0.184,-0.581,-0.730,-0.607,-0.209,-0.235,0.091,0.874,0.741,0.392,0.070,0.736,-0.167,0.453,0.474,1.000,1.000
3290064,0.0440493,134.738887496758,0.768,0.184,-0.581,-0.730,-0.607,-0.209,-0.235,0.091,0.874,0.739,0.392,0.069,0.735,-0.168,0.455,0.473,1.000,1.000
3290068,0.0403156,134.779203095008,0.768,0.184,-0.581,-0.730,-0.607,-0.209,-0.235,0.091,0.874,0.738,0.392,0.068,0.735,-0.170,0.457,0.472,1.000,1.000
3290074,0.0128352,134.792038294952,0.768,0.184,-0.581,-0.730,-0.607,-0.209,-0.235,0.091,0.874,0.737,0.392,0.068,0.734,-0.172,0.460,0.470,1.000,1.000
3290082,0.0521648,134.844203095417,0.768,0.184,-0.581,-0.730,-0.607,-0.209,-0.235,0.091,0.874,0.735,0.391,0.067,0.733,-0.173,0.462,0.469,1.000,1.000
3290092,0.0238755,134.868078594562,0.768,0.184,-0.581,-0.730,-0.607,-0.209,-0.235,0.091,0.874,0.733,0.391,0.065,0.732,-0.174,0.464,0.468,1.000,1.000
3290100,0.0547676,134.922846195754,0.768,0.184,-0.581,-0.730,-0.607,-0.209,-0.235,0.091,0.874,0.731,0.391,0.065,0.731,-0.174,0.465,0.468,1.000,1.000
3290106,0.0416798,134.96452599531,0.768,0.184,-0.581,-0.730,-0.607,-0.209,-0.235,0.091,0.874,0.729,0.391,0.063,0.731,-0.174,0.465,0.468,1.000,1.000
3290116,0.0259078,134.990433794912,0.768,0.184,-0.581,-0.730,-0.607,-0.209,-0.235,0.091,0.874,0.728,0.390,0.063,0.731,-0.174,0.465,0.468,1.000,1.000
3290124,0.0455166,135.035950393882,0.768,0.184,-0.581,-0.730,-0.607,-0.209,-0.235,0.091,0.874,0.727,0.390,0.062,0.731,-0.174,0.465,0.468,1.000,1.000
3290134,0.046327,135.082277392503,0.768,0.184,-0.581,-0.730,-0.607,-0.209,-0.235,0.091,0.874,0.726,0.390,0.061,0.731,-0.175,0.464,0.468,1.000,1.000
3290142,0.0424739,135.124751293566,0.768,0.184,-0.581,-0.730,-0.607,-0.209,-0.235,0.091,0.874,0.725,0.389,0.060,0.732,-0.174,0.464,0.468,1.000,1.000
3290152,0.0426985,135.167449792381,0.768,0.184,-0.581,-0.730,-0.607,-0.209,-0.235,0.091,0.874,0.725,0.389,0.060,0.732,-0.175,0.464,0.467,1.000,1.000
3290162,0.049103,135.216552791651,0.768,0.184,-0.581,-0.730,-0.607,-0.209,-0.235,0.091,0.874,0.725,0.389,0.059,0.733,-0.175,0.464,0.466,1.000,1.000
3290170,0.0528343,135.269387090113,0.768,0.184,-0.581,-0.730,-0.607,-0.209,-0.235,0.091,0.874,0.725,0.390,0.059,0.733,-0.176,0.464,0.466,1.000,1.000
3290180,0.0417359,135.311122988816,0.768,0.184,-0.581,-0.730,-0.607,-0.209,-0.235,0.091,0.874,0.726,0.390,0.059,0.732,-0.176,0.464,0.466,1.000,1.000
3290188,0.0489708,135.360093788709,0.768,0.184,-0.581,-0.730,-0.607,-0.209,-0.235,0.091,0.874,0.727,0.389,0.057,0.732,-0.175,0.465,0.466,1.000,1.000
3290198,0.0424933,135.402587087359,0.768,0.184,-0.581,-0.730,-0.607,-0.209,-0.235,0.091,0.874,0.728,0.389,0.058,0.732,-0.175,0.465,0.466,1.000,1.000
3290208,0.0521304,135.454717488494,0.768,0.184,-0.581,-0.730,-0.607,-0.209,-0.235,0.091,0.874,0.728,0.389,0.058,0.731,-0.177,0.465,0.467,1.000,1.000
3290216,0.043267,135.49798448896,0.768,0.184,-0.581,-0.730,-0.607,-0.209,-0.235,0.091,0.874,0.730,0.389,0.058,0.729,-0.178,0.465,0.469,1.000,1.000
3290224,0.0466825,135.544666988309,0.768,0.184,-0.581,-0.730,-0.607,-0.209,-0.235,0.091,0.874,0.732,0.389,0.059,0.728,-0.177,0.467,0.470,1.000,1.000
3290234,0.0400939,135.584760887083,0.768,0.184,-0.581,-0.730,-0.607,-0.209,-0.235,0.091,0.874,0.734,0.388,0.059,0.726,-0.179,0.470,0.469,1.000,1.000
3290244,0.0442463,135.629007188138,0.768,0.184,-0.581,-0.730,-0.607,-0.209,-0.235,0.091,0.874,0.734,0.388,0.061,0.720,-0.181,0.480,0.468,1.000,1.000
3290252,0.0486459,135.677653086837,0.768,0.184,-0.581,-0.730,-0.607,-0.209,-0.235,0.091,0.874,0.735,0.388,0.062,0.709,-0.188,0.495,0.465,1.000,1.000
3290260,0.0416513,135.719304387923,0.768,0.184,-0.581,-0.730,-0.607,-0.209,-0.235,0.091,0.874,0.736,0.389,0.061,0.704,-0.187,0.509,0.458,1.000,1.000
3290270,0.0447859,135.764090286102,0.768,0.184,-0.581,-0.730,-0.607,-0.209,-0.235,0.091,0.874,0.738,0.389,0.061,0.698,-0.191,0.516,0.459,1.000,1.000
3290278,0.0441587,135.808248986956,0.768,0.184,-0.581,-0.730,-0.607,-0.209,-0.235,0.091,0.874,0.739,0.389,0.061,0.693,-0.192,0.522,0.459,1.000,1.000
3290288,0.0437897,135.852038686629,0.768,0.184,-0.581,-0.730,-0.607,-0.209,-0.235,0.091,0.874,0.740,0.388,0.061,0.691,-0.192,0.528,0.456,1.000,1.000
3290296,0.0452175,135.897256185766,0.768,0.184,-0.581,-0.730,-0.607,-0.209,-0.235,0.091,0.874,0.742,0.389,0.060,0.688,-0.194,0.529,0.457,1.000,1.000
3290306,0.0387329,135.935989086982,0.768,0.184,-0.581,-0.730,-0.607,-0.209,-0.235,0.091,0.874,0.742,0.388,0.059,0.687,-0.196,0.530,0.457,1.000,1.000
3290314,0.0504098,135.986398888286,0.768,0.184,-0.581,-0.730,-0.607,-0.209,-0.235,0.091,0.874,0.743,0.388,0.059,0.685,-0.198,0.532,0.457,1.000,1.000
3290322,0.0470196,136.033418489154,0.768,0.184,-0.581,-0.730,-0.607,-0.209,-0.235,0.091,0.874,0.743,0.388,0.059,0.684,-0.199,0.534,0.456,1.000,1.000
3290332,0.0418609,136.075279389974,0.768,0.184,-0.581,-0.730,-0.607,-0.209,-0.235,0.091,0.874,0.743,0.387,0.060,0.683,-0.200,0.536,0.455,1.000,1.000
3290340,0.0431026,136.118381989654,0.768,0.184,-0.581,-0.730,-0.607,-0.209,-0.235,0.091,0.874,0.742,0.387,0.060,0.681,-0.201,0.538,0.454,1.000,1.000
3290350,0.0403351,136.158717089798,0.768,0.184,-0.581,-0.730,-0.607,-0.209,-0.235,0.091,0.874,0.743,0.388,0.060,0.680,-0.202,0.541,0.452,1.000,1.000
3290360,0.0510973,136.209814389702,0.768,0.184,-0.581,-0.730,-0.607,-0.209,-0.235,0.091,0.874,0.742,0.388,0.060,0.677,-0.203,0.545,0.451,1.000,1.000
3290368,0.0440112,136.253825591411,0.768,0.184,-0.581,-0.730,-0.607,-0.209,-0.235,0.091,0.874,0.741,0.388,0.062,0.676,-0.203,0.549,0.448,1.000,1.000
3290378,0.0450528,136.298878391739,0.768,0.184,-0.581,-0.730,-0.607,-0.209,-0.235,0.091,0.874,0.741,0.388,0.061,0.671,-0.206,0.554,0.448,1.000,1.000
3290386,0.0445932,136.343471591827,0.768,0.184,-0.581,-0.730,-0.607,-0.209,-0.235,0.091,0.874,0.739,0.388,0.059,0.667,-0.207,0.561,0.445,1.000,1.000
3290394,0.0437855,136.387257093098,0.768,0.184,-0.581,-0.730,-0.607,-0.209,-0.235,0.091,0.874,0.740,0.388,0.060,0.663,-0.208,0.566,0.444,1.000,1.000
3290404,0.0400163,136.427273394074,0.768,0.184,-0.581,-0.730,-0.607,-0.209,-0.235,0.091,0.874,0.738,0.390,0.063,0.659,-0.212,0.567,0.446,1.000,1.000
3290412,0.047384,136.474657395389,0.768,0.184,-0.581,-0.730,-0.607,-0.209,-0.235,0.091,0.874,0.737,0.390,0.063,0.657,-0.213,0.569,0.446,1.000,1.000
3290422,0.0456254,136.520282795187,0.768,0.184,-0.581,-0.730,-0.607,-0.209,-0.235,0.091,0.874,0.737,0.390,0.064,0.657,-0.212,0.570,0.445,1.000,1.000
3290430,0.0470417,136.567324494477,0.768,0.184,-0.581,-0.730,-0.607,-0.209,-0.235,0.091,0.874,0.736,0.389,0.064,0.657,-0.212,0.571,0.444,1.000,1.000
3290438,0.0434044,136.610728894826,0.768,0.184,-0.581,-0.730,-0.607,-0.209,-0.235,0.091,0.874,0.735,0.389,0.063,0.657,-0.212,0.571,0.444,1.000,1.000
3290448,0.0437501,136.654478994664,0.768,0.184,-0.581,-0.730,-0.607,-0.209,-0.235,0.091,0.874,0.735,0.388,0.063,0.659,-0.211,0.570,0.443,1.000,1.000
3290458,0.0466733,136.701152296271,0.768,0.184,-0.581,-0.730,-0.607,-0.209,-0.235,0.091,0.874,0.734,0.387,0.064,0.658,-0.213,0.569,0.444,1.000,1.000
3290466,0.0430738,136.744226095732,0.768,0.184,-0.581,-0.730,-0.607,-0.209,-0.235,0.091,0.874,0.735,0.389,0.065,0.659,-0.214,0.569,0.443,1.000,1.000
3290474,0.0438056,136.788031694945,0.768,0.184,-0.581,-0.730,-0.607,-0.209,-0.235,0.091,0.874,0.736,0.389,0.066,0.659,-0.212,0.570,0.442,1.000,1.000
3290484,0.0444727,136.832504396793,0.768,0.184,-0.581,-0.730,-0.607,-0.209,-0.235,0.091,0.874,0.737,0.389,0.067,0.660,-0.211,0.571,0.441,1.000,1.000
3290492,0.0450176,136.877521996852,0.768,0.184,-0.581,-0.730,-0.607,-0.209,-0.235,0.091,0.874,0.737,0.388,0.066,0.660,-0.209,0.571,0.441,1.000,1.000
3290500,0.0439841,136.921506097075,0.768,0.184,-0.581,-0.730,-0.607,-0.209,-0.235,0.091,0.874,0.738,0.387,0.066,0.660,-0.209,0.571,0.440,1.000,1.000
3290510,0.0434131,136.964919195976,0.768,0.184,-0.581,-0.730,-0.607,-0.209,-0.235,0.091,0.874,0.739,0.385,0.066,0.661,-0.211,0.572,0.438,1.000,1.000
3290520,0.0458755,137.010794696864,0.768,0.184,-0.581,-0.730,-0.607,-0.209,-0.235,0.091,0.874,0.739,0.384,0.066,0.659,-0.213,0.573,0.438,1.000,1.000
3290528,0.0446477,137.055442397948,0.768,0.184,-0.581,-0.730,-0.607,-0.209,-0.235,0.091,0.874,0.741,0.382,0.068,0.658,-0.213,0.577,0.434,1.000,1.000
3290538,0.0430592,137.098501597997,0.768,0.184,-0.581,-0.730,-0.607,-0.209,-0.235,0.091,0.874,0.742,0.382,0.069,0.655,-0.219,0.577,0.435,1.000,1.000
3290546,0.0442482,137.14274979895,0.768,0.184,-0.581,-0.730,-0.607,-0.209,-0.235,0.091,0.874,0.743,0.381,0.069,0.653,-0.221,0.579,0.434,1.000,1.000
3290554,0.0409974,137.18374719983,0.768,0.184,-0.581,-0.730,-0.607,-0.209,-0.235,0.091,0.874,0.744,0.380,0.070,0.652,-0.221,0.583,0.432,1.000,1.000
3290564,0.0523851,137.236132299062,0.768,0.184,-0.581,-0.730,-0.607,-0.209,-0.235,0.091,0.874,0.745,0.380,0.071,0.652,-0.223,0.583,0.431,1.000,1.000
3290574,0.0454806,137.281612900551,0.768,0.184,-0.581,-0.730,-0.607,-0.209,-0.235,0.091,0.874,0.746,0.380,0.072,0.650,-0.225,0.584,0.430,1.000,1.000
3290580,0.0429289,137.324541801121,0.768,0.184,-0.581,-0.730,-0.607,-0.209,-0.235,0.091,0.874,0.748,0.380,0.074,0.649,-0.224,0.587,0.429,1.000,1.000
3290588,0.0343134,137.358855200466,0.768,0.184,-0.581,-0.730,-0.607,-0.209,-0.235,0.091,0.874,0.749,0.380,0.076,0.647,-0.226,0.589,0.429,1.000,1.000
3290592,0.0442538,137.40310900053,0.768,0.184,-0.581,-0.730,-0.607,-0.209,-0.235,0.091,0.874,0.750,0.380,0.077,0.643,-0.231,0.592,0.428,1.000,1.000
3290598,0.0165417,137.41965070134,0.768,0.184,-0.581,-0.730,-0.607,-0.209,-0.235,0.091,0.874,0.749,0.380,0.078,0.638,-0.233,0.596,0.428,1.000,1.000
3290606,0.037104,137.456754700746,0.768,0.184,-0.581,-0.730,-0.607,-0.209,-0.235,0.091,0.874,0.750,0.380,0.079,0.634,-0.233,0.601,0.427,1.000,1.000
3290614,0.0540037,137.51075840136,0.768,0.184,-0.581,-0.730,-0.607,-0.209,-0.235,0.091,0.874,0.750,0.380,0.080,0.627,-0.234,0.611,0.423,1.000,1.000
3290620,0.0127128,137.523471201304,0.768,0.184,-0.581,-0.730,-0.607,-0.209,-0.235,0.091,0.874,0.751,0.381,0.080,0.621,-0.240,0.617,0.420,1.000,1.000
3290630,0.0416584,137.565129602794,0.768,0.184,-0.581,-0.730,-0.607,-0.209,-0.235,0.091,0.874,0.752,0.380,0.081,0.617,-0.243,0.620,0.419,1.000,1.000
3290638,0.0524344,137.617564002518,0.768,0.184,-0.581,-0.730,-0.607,-0.209,-0.235,0.091,0.874,0.753,0.380,0.082,0.616,-0.244,0.621,0.419,1.000,1.000
3290646,0.0394464,137.657010401133,0.768,0.184,-0.581,-0.730,-0.607,-0.209,-0.235,0.091,0.874,0.754,0.379,0.083,0.615,-0.246,0.622,0.418,1.000,1.000
3290656,0.0398668,137.696877202485,0.768,0.184,-0.581,-0.730,-0.607,-0.209,-0.235,0.091,0.874,0.752,0.379,0.084,0.613,-0.246,0.624,0.417,1.000,1.000
3290664,0.038925,137.73580220202,0.768,0.184,-0.581,-0.730,-0.607,-0.209,-0.235,0.091,0.874,0.754,0.377,0.085,0.611,-0.248,0.627,0.416,1.000,1.000
3290672,0.0413383,137.77714050049,0.768,0.184,-0.581,-0.730,-0.607,-0.209,-0.235,0.091,0.874,0.754,0.377,0.086,0.606,-0.250,0.632,0.413,1.000,1.000
3290680,0.0433004,137.820440901909,0.768,0.184,-0.581,-0.730,-0.607,-0.209,-0.235,0.091,0.874,0.754,0.376,0.086,0.604,-0.253,0.634,0.411,1.000,1.000
3290690,0.0419431,137.862384001259,0.768,0.184,-0.581,-0.730,-0.607,-0.209,-0.235,0.091,0.874,0.754,0.376,0.088,0.602,-0.254,0.636,0.410,1.000,1.000
3290700,0.049336,137.911720002536,0.768,0.184,-0.581,-0.730,-0.607,-0.209,-0.235,0.091,0.874,0.753,0.376,0.089,0.600,-0.256,0.638,0.409,1.000,1.000
3290710,0.0451751,137.956895104144,0.768,0.184,-0.581,-0.730,-0.607,-0.209,-0.235,0.091,0.874,0.754,0.376,0.090,0.599,-0.258,0.640,0.407,1.000,1.000
3290720,0.0512384,138.008133503143,0.768,0.184,-0.581,-0.730,-0.607,-0.209,-0.235,0.091,0.874,0.753,0.376,0.091,0.597,-0.261,0.642,0.404,1.000,1.000
3290728,0.0472576,138.055391101632,0.768,0.184,-0.581,-0.730,-0.607,-0.209,-0.235,0.091,0.874,0.752,0.375,0.091,0.596,-0.262,0.643,0.403,1.000,1.000
3290738,0.0449643,138.100355400238,0.768,0.184,-0.581,-0.730,-0.607,-0.209,-0.235,0.091,0.874,0.752,0.375,0.091,0.595,-0.262,0.646,0.399,1.000,1.000
3290748,0.0468195,138.147174900863,0.768,0.184,-0.581,-0.730,-0.607,-0.209,-0.235,0.091,0.874,0.753,0.375,0.091,0.594,-0.263,0.648,0.398,1.000,1.000
3290758,0.0553214,138.202496299986,0.768,0.184,-0.581,-0.730,-0.607,-0.209,-0.235,0.091,0.874,0.753,0.375,0.090,0.593,-0.265,0.648,0.398,1.000,1.000
3290766,0.0421336,138.244629899506,0.768,0.184,-0.581,-0.730,-0.607,-0.209,-0.235,0.091,0.874,0.752,0.375,0.092,0.591,-0.268,0.649,0.397,1.000,1.000
3290774,0.042681,138.287310900632,0.768,0.184,-0.581,-0.730,-0.607,-0.209,-0.235,0.091,0.874,0.752,0.377,0.093,0.591,-0.268,0.651,0.393,1.000,1.000
3290784,0.047006,138.334316900466,0.768,0.184,-0.581,-0.730,-0.607,-0.209,-0.235,0.091,0.874,0.752,0.375,0.093,0.590,-0.265,0.654,0.393,1.000,1.000
3290792,0.0433255,138.377642399166,0.768,0.184,-0.581,-0.730,-0.607,-0.209,-0.235,0.091,0.874,0.752,0.374,0.091,0.590,-0.267,0.656,0.388,1.000,1.000
3290802,0.0438977,138.42154009873,0.768,0.184,-0.581,-0.730,-0.607,-0.209,-0.235,0.091,0.874,0.752,0.373,0.090,0.589,-0.268,0.659,0.384,1.000,1.000
3290810,0.045202,138.466742096934,0.768,0.184,-0.581,-0.730,-0.607,-0.209,-0.235,0.091,0.874,0.752,0.373,0.089,0.588,-0.267,0.661,0.381,1.000,1.000
3290820,0.0443651,138.511107197497,0.768,0.184,-0.581,-0.730,-0.607,-0.209,-0.235,0.091,0.874,0.753,0.372,0.088,0.586,-0.270,0.664,0.378,1.000,1.000
3290828,0.0411899,138.552297099028,0.768,0.184,-0.581,-0.730,-0.607,-0.209,-0.235,0.091,0.874,0.754,0.372,0.088,0.585,-0.271,0.666,0.375,1.000,1.000
3290838,0.0478377,138.600134799723,0.768,0.184,-0.581,-0.730,-0.607,-0.209,-0.235,0.091,0.874,0.753,0.372,0.088,0.582,-0.275,0.668,0.373,1.000,1.000
3290844,0.0452979,138.645432698075,0.768,0.184,-0.581,-0.730,-0.607,-0.209,-0.235,0.091,0.874,0.754,0.373,0.089,0.577,-0.279,0.675,0.365,1.000,1.000
3290854,0.0410738,138.686506497208,0.768,0.184,-0.581,-0.730,-0.607,-0.209,-0.235,0.091,0.874,0.753,0.372,0.088,0.574,-0.284,0.678,0.361,1.000,1.000
3290864,0.0474559,138.733962396625,0.768,0.184,-0.581,-0.730,-0.607,-0.209,-0.235,0.091,0.874,0.753,0.373,0.088,0.570,-0.289,0.682,0.357,1.000,1.000
3290872,0.0435559,138.77751829708,0.768,0.184,-0.581,-0.730,-0.607,-0.209,-0.235,0.091,0.874,0.754,0.373,0.087,0.566,-0.289,0.687,0.354,1.000,1.000
3290882,0.0440105,138.821528798435,0.768,0.184,-0.581,-0.730,-0.607,-0.209,-0.235,0.091,0.874,0.755,0.373,0.085,0.563,-0.288,0.689,0.353,1.000,1.000
3290890,0.0440156,138.865544399712,0.768,0.184,-0.581,-0.730,-0.607,-0.209,-0.235,0.091,0.874,0.755,0.372,0.085,0.562,-0.289,0.691,0.351,1.000,1.000
3290898,0.0443514,138.909895798657,0.768,0.184,-0.581,-0.730,-0.607,-0.209,-0.235,0.091,0.874,0.754,0.372,0.085,0.558,-0.292,0.693,0.351,1.000,1.000
3290908,0.0429542,138.952849997673,0.768,0.184,-0.581,-0.730,-0.607,-0.209,-0.235,0.091,0.874,0.754,0.372,0.085,0.552,-0.295,0.696,0.351,1.000,1.000
3290916,0.0459886,138.998838598374,0.768,0.184,-0.581,-0.730,-0.607,-0.209,-0.235,0.091,0.874,0.753,0.374,0.085,0.544,-0.302,0.700,0.351,1.000,1.000
3290926,0.045124,139.043962600175,0.768,0.184,-0.581,-0.730,-0.607,-0.209,-0.235,0.091,0.874,0.753,0.374,0.085,0.536,-0.303,0.708,0.345,1.000,1.000
3290934,0.0457117,139.089674300049,0.768,0.184,-0.581,-0.730,-0.607,-0.209,-0.235,0.091,0.874,0.753,0.375,0.086,0.533,-0.302,0.713,0.342,1.000,1.000
3290944,0.0451192,139.13479349995,0.768,0.184,-0.581,-0.730,-0.607,-0.209,-0.235,0.091,0.874,0.753,0.375,0.086,0.529,-0.302,0.716,0.340,1.000,1.000
3290952,0.0424112,139.177204700653,0.768,0.184,-0.581,-0.730,-0.607,-0.209,-0.235,0.091,0.874,0.753,0.377,0.086,0.528,-0.301,0.718,0.339,1.000,1.000
3290962,0.0415299,139.218734601978,0.768,0.184,-0.581,-0.730,-0.607,-0.209,-0.235,0.091,0.874,0.752,0.378,0.084,0.526,-0.301,0.719,0.340,1.000,1.000
3290970,0.0460691,139.264803702477,0.768,0.184,-0.581,-0.730,-0.607,-0.209,-0.235,0.091,0.874,0.750,0.378,0.083,0.525,-0.302,0.719,0.342,1.000,1.000
3290980,0.0457956,139.310599303339,0.768,0.184,-0.581,-0.730,-0.607,-0.209,-0.235,0.091,0.874,0.749,0.378,0.082,0.523,-0.302,0.719,0.344,1.000,1.000
3290988,0.0445213,139.355120601598,0.768,0.184,-0.581,-0.730,-0.607,-0.209,-0.235,0.091,0.874,0.749,0.379,0.082,0.522,-0.303,0.719,0.344,1.000,1.000
3290996,0.0437913,139.398911903147,0.768,0.184,-0.581,-0.730,-0.607,-0.209,-0.235,0.091,0.874,0.747,0.380,0.082,0.520,-0.303,0.720,0.346,1.000,1.000
3291006,0.0425201,139.441432001535,0.768,0.184,-0.581,-0.730,-0.607,-0.209,-0.235,0.091,0.874,0.747,0.381,0.082,0.518,-0.303,0.721,0.346,1.000,1.000
3291014,0.0456135,139.487045502756,0.768,0.184,-0.581,-0.730,-0.607,-0.209,-0.235,0.091,0.874,0.747,0.381,0.082,0.518,-0.299,0.724,0.345,1.000,1.000
3291024,0.0375461,139.524591600988,0.768,0.184,-0.581,-0.730,-0.607,-0.209,-0.235,0.091,0.874,0.748,0.382,0.081,0.518,-0.296,0.726,0.343,1.000,1.000
3291032,0.053966,139.578557601664,0.768,0.184,-0.581,-0.730,-0.607,-0.209,-0.235,0.091,0.874,0.748,0.383,0.080,0.518,-0.295,0.726,0.343,1.000,1.000
3291042,0.0453591,139.623916702811,0.768,0.184,-0.581,-0.730,-0.607,-0.209,-0.235,0.091,0.874,0.748,0.382,0.078,0.518,-0.295,0.725,0.344,1.000,1.000
3291050,0.0431066,139.667023303453,0.768,0.184,-0.581,-0.730,-0.607,-0.209,-0.235,0.091,0.874,0.748,0.382,0.077,0.519,-0.295,0.725,0.345,1.000,1.000
3291058,0.0418913,139.708914602641,0.768,0.184,-0.581,-0.730,-0.607,-0.209,-0.235,0.091,0.874,0.748,0.383,0.076,0.519,-0.294,0.724,0.345,1.000,1.000
3291068,0.0429072,139.751821803395,0.768,0.184,-0.581,-0.730,-0.607,-0.209,-0.235,0.091,0.874,0.748,0.383,0.075,0.520,-0.293,0.724,0.346,1.000,1.000
3291076,0.0453189,139.797140704934,0.768,0.184,-0.581,-0.730,-0.607,-0.209,-0.235,0.091,0.874,0.748,0.383,0.075,0.520,-0.292,0.725,0.346,1.000,1.000
3291086,0.0448476,139.841988305096,0.768,0.184,-0.581,-0.730,-0.607,-0.209,-0.235,0.091,0.874,0.749,0.383,0.074,0.520,-0.291,0.725,0.346,1.000,1.000
3291094,0.0448323,139.88682060549,0.768,0.184,-0.581,-0.730,-0.607,-0.209,-0.235,0.091,0.874,0.749,0.383,0.073,0.521,-0.289,0.725,0.346,1.000,1.000
3291104,0.0476469,139.934467504267,0.768,0.184,-0.581,-0.730,-0.607,-0.209,-0.235,0.091,0.874,0.748,0.385,0.073,0.522,-0.287,0.724,0.347,1.000,1.000
3291112,0.0465175,139.980985003058,0.768,0.184,-0.581,-0.730,-0.607,-0.209,-0.235,0.091,0.874,0.750,0.384,0.073,0.524,-0.285,0.724,0.347,1.000,1.000
3291122,0.0431991,140.024184102658,0.768,0.184,-0.581,-0.730,-0.607,-0.209,-0.235,0.091,0.874,0.752,0.384,0.075,0.528,-0.280,0.722,0.348,1.000,1.000
3291130,0.042101,140.066285102163,0.768,0.184,-0.581,-0.730,-0.607,-0.209,-0.235,0.091,0.874,0.755,0.384,0.076,0.542,-0.271,0.712,0.354,1.000,1.000
3291138,0.043129,140.109414102975,0.768,0.184,-0.581,-0.730,-0.607,-0.209,-0.235,0.091,0.874,0.758,0.384,0.074,0.567,-0.260,0.689,0.370,1.000,1.000
3291148,0.046979,140.156393101905,0.768,0.184,-0.581,-0.730,-0.607,-0.209,-0.235,0.091,0.874,0.760,0.385,0.074,0.593,-0.246,0.660,0.389,1.000,1.000
3291156,0.045305,140.20169810066,0.768,0.184,-0.581,-0.730,-0.607,-0.209,-0.235,0.091,0.874,0.761,0.385,0.073,0.611,-0.235,0.641,0.401,1.000,1.000
3291164,0.0461748,140.247872898821,0.768,0.184,-0.581,-0.730,-0.607,-0.209,-0.235,0.091,0.874,0.761,0.386,0.073,0.628,-0.225,0.623,0.408,1.000,1.000
3291174,0.0425707,140.290443597827,0.768,0.184,-0.581,-0.730,-0.607,-0.209,-0.235,0.091,0.874,0.757,0.385,0.072,0.646,-0.215,0.605,0.413,1.000,1.000
3291178,0.0420821,140.332525698934,0.768,0.184,-0.581,-0.730,-0.607,-0.209,-0.235,0.091,0.874,0.756,0.385,0.073,0.647,-0.215,0.603,0.414,1.000,1.000
3291186,0.0226693,140.355194999371,0.768,0.184,-0.581,-0.730,-0.607,-0.209,-0.235,0.091,0.874,0.755,0.385,0.073,0.650,-0.214,0.601,0.413,1.000,1.000
3291194,0.029931,140.385125998873,0.768,0.184,-0.581,-0.730,-0.607,-0.209,-0.235,0.091,0.874,0.753,0.386,0.074,0.654,-0.212,0.596,0.414,1.000,1.000
3291200,0.0576044,140.442730397452,0.768,0.184,-0.581,-0.730,-0.607,-0.209,-0.235,0.091,0.874,0.752,0.386,0.076,0.658,-0.213,0.591,0.414,1.000,1.000
3291210,0.0245153,140.467245696578,0.768,0.184,-0.581,-0.730,-0.607,-0.209,-0.235,0.091,0.874,0.752,0.386,0.076,0.661,-0.213,0.589,0.414,1.000,1.000
3291220,0.0449285,140.512174195144,0.768,0.184,-0.581,-0.730,-0.607,-0.209,-0.235,0.091,0.874,0.751,0.385,0.077,0.662,-0.215,0.586,0.415,1.000,1.000
3291228,0.0439829,140.556157095823,0.768,0.184,-0.581,-0.730,-0.607,-0.209,-0.235,0.091,0.874,0.750,0.385,0.077,0.664,-0.215,0.583,0.416,1.000,1.000
3291236,0.0450869,140.601243997458,0.768,0.184,-0.581,-0.730,-0.607,-0.209,-0.235,0.091,0.874,0.750,0.385,0.078,0.666,-0.214,0.582,0.415,1.000,1.000
3291246,0.0404228,140.641666798387,0.768,0.184,-0.581,-0.730,-0.607,-0.209,-0.235,0.091,0.874,0.750,0.385,0.077,0.667,-0.213,0.581,0.415,1.000,1.000
3291256,0.0451835,140.686850296799,0.768,0.184,-0.581,-0.730,-0.607,-0.209,-0.235,0.091,0.874,0.750,0.385,0.077,0.668,-0.211,0.578,0.417,1.000,1.000
3291266,0.0489415,140.735791797284,0.768,0.184,-0.581,-0.730,-0.607,-0.209,-0.235,0.091,0.874,0.750,0.384,0.077,0.673,-0.209,0.573,0.418,1.000,1.000
3291274,0.0522002,140.787991995458,0.768,0.184,-0.581,-0.730,-0.607,-0.209,-0.235,0.091,0.874,0.749,0.385,0.078,0.677,-0.207,0.568,0.419,1.000,1.000
3291282,0.046431,140.834422996733,0.768,0.184,-0.581,-0.730,-0.607,-0.209,-0.235,0.091,0.874,0.748,0.385,0.079,0.680,-0.204,0.565,0.420,1.000,1.000
3291292,0.0416911,140.876114095096,0.768,0.184,-0.581,-0.730,-0.607,-0.209,-0.235,0.091,0.874,0.749,0.385,0.079,0.683,-0.201,0.560,0.423,1.000,1.000
3291302,0.0482719,140.924385993276,0.768,0.184,-0.581,-0.730,-0.607,-0.209,-0.235,0.091,0.874,0.747,0.386,0.079,0.688,-0.198,0.552,0.427,1.000,1.000
3291312,0.048515,140.972900992725,0.768,0.184,-0.581,-0.730,-0.607,-0.209,-0.235,0.091,0.874,0.747,0.386,0.080,0.694,-0.190,0.545,0.430,1.000,1.000
3291320,0.047474,141.020374993328,0.768,0.184,-0.581,-0.730,-0.607,-0.209,-0.235,0.091,0.874,0.745,0.386,0.081,0.700,-0.182,0.538,0.432,1.000,1.000
3291330,0.0451714,141.065546391997,0.768,0.184,-0.581,-0.730,-0.607,-0.209,-0.235,0.091,0.874,0.743,0.386,0.081,0.706,-0.174,0.532,0.435,1.000,1.000
3291338,0.0423261,141.107872492168,0.768,0.184,-0.581,-0.730,-0.607,-0.209,-0.235,0.091,0.874,0.742,0.387,0.081,0.710,-0.169,0.527,0.435,1.000,1.000
3291348,0.046325,141.154197490308,0.768,0.184,-0.581,-0.730,-0.607,-0.209,-0.235,0.091,0.874,0.741,0.387,0.083,0.715,-0.168,0.520,0.437,1.000,1.000
3291356,0.0464268,141.200624289457,0.768,0.184,-0.581,-0.730,-0.607,-0.209,-0.235,0.091,0.874,0.740,0.388,0.083,0.717,-0.168,0.516,0.438,1.000,1.000
3291366,0.0420213,141.2426455901,0.768,0.184,-0.581,-0.730,-0.607,-0.209,-0.235,0.091,0.874,0.737,0.388,0.082,0.720,-0.164,0.511,0.441,1.000,1.000
3291374,0.0489984,141.291643990669,0.768,0.184,-0.581,-0.730,-0.607,-0.209,-0.235,0.091,0.874,0.736,0.389,0.082,0.721,-0.164,0.509,0.442,1.000,1.000
3291380,0.0424895,141.334133489523,0.768,0.184,-0.581,-0.730,-0.607,-0.209,-0.235,0.091,0.874,0.735,0.389,0.083,0.722,-0.165,0.505,0.443,1.000,1.000
3291386,0.0232045,141.357337989379,0.768,0.184,-0.581,-0.730,-0.607,-0.209,-0.235,0.091,0.874,0.736,0.389,0.083,0.723,-0.163,0.504,0.445,1.000,1.000
3291392,0.0319191,141.389257088769,0.768,0.184,-0.581,-0.730,-0.607,-0.209,-0.235,0.091,0.874,0.736,0.389,0.083,0.723,-0.163,0.502,0.445,1.000,1.000
3291398,0.0337074,141.42296448769,0.768,0.184,-0.581,-0.730,-0.607,-0.209,-0.235,0.091,0.874,0.737,0.389,0.082,0.724,-0.165,0.501,0.445,1.000,1.000
3291406,0.0292784,141.452242887113,0.768,0.184,-0.581,-0.730,-0.607,-0.209,-0.235,0.091,0.874,0.738,0.389,0.082,0.725,-0.165,0.500,0.445,1.000,1.000
3291414,0.0327764,141.48501928756,0.768,0.184,-0.581,-0.730,-0.607,-0.209,-0.235,0.091,0.874,0.739,0.390,0.082,0.726,-0.164,0.498,0.445,1.000,1.000
3291422,0.057099,141.54211828718,0.768,0.184,-0.581,-0.730,-0.607,-0.209,-0.235,0.091,0.874,0.739,0.389,0.081,0.728,-0.163,0.496,0.445,1.000,1.000
3291428,0.0448563,141.586974585895,0.768,0.184,-0.581,-0.730,-0.607,-0.209,-0.235,0.091,0.874,0.740,0.389,0.080,0.730,-0.162,0.494,0.444,1.000,1.000
3291438,0.0239092,141.610883785877,0.768,0.184,-0.581,-0.730,-0.607,-0.209,-0.235,0.091,0.874,0.741,0.389,0.080,0.731,-0.162,0.491,0.445,1.000,1.000
3291446,0.0546134,141.665497186128,0.768,0.184,-0.581,-0.730,-0.607,-0.209,-0.235,0.091,0.874,0.742,0.388,0.081,0.731,-0.163,0.490,0.447,1.000,1.000
3291454,0.0242085,141.689705685247,0.768,0.184,-0.581,-0.730,-0.607,-0.209,-0.235,0.091,0.874,0.743,0.389,0.080,0.732,-0.163,0.488,0.448,1.000,1.000
3291464,0.0528372,141.74254288571,0.768,0.184,-0.581,-0.730,-0.607,-0.209,-0.235,0.091,0.874,0.744,0.389,0.079,0.732,-0.164,0.487,0.447,1.000,1.000
3291472,0.0431226,141.785665486474,0.768,0.184,-0.581,-0.730,-0.607,-0.209,-0.235,0.091,0.874,0.745,0.391,0.080,0.733,-0.159,0.487,0.447,1.000,1.000
3291480,0.0425457,141.828211185057,0.768,0.184,-0.581,-0.730,-0.607,-0.209,-0.235,0.091,0.874,0.746,0.391,0.078,0.734,-0.159,0.486,0.446,1.000,1.000
3291490,0.0409224,141.869133584667,0.768,0.184,-0.581,-0.730,-0.607,-0.209,-0.235,0.091,0.874,0.746,0.390,0.077,0.735,-0.160,0.483,0.447,1.000,1.000
3291498,0.0427419,141.911875483114,0.768,0.184,-0.581,-0.730,-0.607,-0.209,-0.235,0.091,0.874,0.746,0.389,0.078,0.736,-0.161,0.482,0.448,1.000,1.000
3291506,0.0394415,141.951316982973,0.768,0.184,-0.581,-0.730,-0.607,-0.209,-0.235,0.091,0.874,0.746,0.389,0.077,0.737,-0.158,0.484,0.445,1.000,1.000
3291516,0.0404504,141.991767384578,0.768,0.184,-0.581,-0.730,-0.607,-0.209,-0.235,0.091,0.874,0.746,0.389,0.077,0.735,-0.162,0.485,0.446,1.000,1.000
3291528,0.048265,142.04003238352,0.768,0.184,-0.581,-0.730,-0.607,-0.209,-0.235,0.091,0.874,0.748,0.388,0.077,0.734,-0.166,0.486,0.445,1.000,1.000
3291540,0.0599471,142.099979483057,0.768,0.184,-0.581,-0.730,-0.607,-0.209,-0.235,0.091,0.874,0.747,0.388,0.081,0.722,-0.181,0.495,0.448,1.000,1.000
3291550,0.0620663,142.16204578476,0.768,0.184,-0.581,-0.730,-0.607,-0.209,-0.235,0.091,0.874,0.747,0.387,0.079,0.716,-0.190,0.509,0.438,1.000,1.000
3291560,0.0514967,142.213542484213,0.768,0.184,-0.581,-0.730,-0.607,-0.209,-0.235,0.091,0.874,0.748,0.386,0.079,0.712,-0.196,0.514,0.437,1.000,1.000
3291570,0.0488563,142.262398783583,0.768,0.184,-0.581,-0.730,-0.607,-0.209,-0.235,0.091,0.874,0.747,0.386,0.079,0.708,-0.200,0.520,0.434,1.000,1.000
3291580,0.0479322,142.310330983717,0.768,0.184,-0.581,-0.730,-0.607,-0.209,-0.235,0.091,0.874,0.748,0.385,0.078,0.705,-0.203,0.525,0.432,1.000,1.000
3291588,0.0466621,142.356993083376,0.768,0.184,-0.581,-0.730,-0.607,-0.209,-0.235,0.091,0.874,0.749,0.382,0.079,0.696,-0.209,0.537,0.429,1.000,1.000
3291600,0.0469976,142.40399068268,0.768,0.184,-0.581,-0.730,-0.607,-0.209,-0.235,0.091,0.874,0.747,0.380,0.078,0.682,-0.218,0.555,0.423,1.000,1.000
3291608,0.052182,142.456172682811,0.768,0.184,-0.581,-0.730,-0.607,-0.209,-0.235,0.091,0.874,0.749,0.379,0.077,0.674,-0.220,0.569,0.416,1.000,1.000
3291616,0.0434326,142.499605283607,0.768,0.184,-0.581,-0.730,-0.607,-0.209,-0.235,0.091,0.874,0.752,0.379,0.076,0.670,-0.220,0.577,0.412,1.000,1.000
3291626,0.0448661,142.54447138356,0.768,0.184,-0.581,-0.730,-0.607,-0.209,-0.235,0.091,0.874,0.754,0.380,0.076,0.668,-0.218,0.580,0.412,1.000,1.000
3291634,0.0447301,142.589201484341,0.768,0.184,-0.581,-0.730,-0.607,-0.209,-0.235,0.091,0.874,0.754,0.380,0.076,0.667,-0.217,0.581,0.413,1.000,1.000
3291644,0.0417727,142.630974185187,0.768,0.184,-0.581,-0.730,-0.607,-0.209,-0.235,0.091,0.874,0.755,0.379,0.077,0.666,-0.218,0.581,0.414,1.000,1.000
3291652,0.0469712,142.677945383359,0.768,0.184,-0.581,-0.730,-0.607,-0.209,-0.235,0.091,0.874,0.755,0.379,0.078,0.664,-0.219,0.582,0.415,1.000,1.000
3291662,0.0444399,142.722385284025,0.768,0.184,-0.581,-0.730,-0.607,-0.209,-0.235,0.091,0.874,0.754,0.380,0.078,0.662,-0.221,0.583,0.415,1.000,1.000
3291670,0.0427256,142.765110884327,0.768,0.184,-0.581,-0.730,-0.607,-0.209,-0.235,0.091,0.874,0.755,0.380,0.078,0.660,-0.222,0.585,0.415,1.000,1.000
3291678,0.0458878,142.810998686124,0.768,0.184,-0.581,-0.730,-0.607,-0.209,-0.235,0.091,0.874,0.756,0.380,0.079,0.659,-0.222,0.587,0.414,1.000,1.000
3291688,0.0427655,142.853764184285,0.768,0.184,-0.581,-0.730,-0.607,-0.209,-0.235,0.091,0.874,0.756,0.380,0.078,0.659,-0.222,0.588,0.414,1.000,1.000
3291696,0.0479572,142.901721384842,0.768,0.184,-0.581,-0.730,-0.607,-0.209,-0.235,0.091,0.874,0.756,0.380,0.077,0.659,-0.222,0.588,0.414,1.000,1.000
3291700,0.0458712,142.947592583019,0.768,0.184,-0.581,-0.730,-0.607,-0.209,-0.235,0.091,0.874,0.756,0.380,0.077,0.658,-0.222,0.589,0.413,1.000,1.000
3291708,0.0198524,142.967444982845,0.768,0.184,-0.581,-0.730,-0.607,-0.209,-0.235,0.091,0.874,0.756,0.380,0.077,0.658,-0.222,0.590,0.412,1.000,1.000
3291716,0.0292203,142.996665282641,0.768,0.184,-0.581,-0.730,-0.607,-0.209,-0.235,0.091,0.874,0.757,0.378,0.076,0.657,-0.223,0.591,0.412,1.000,1.000
3291726,0.0582543,143.054919584189,0.768,0.184,-0.581,-0.730,-0.607,-0.209,-0.235,0.091,0.874,0.759,0.377,0.074,0.656,-0.223,0.592,0.411,1.000,1.000
3291730,0.0416093,143.096528882626,0.768,0.184,-0.581,-0.730,-0.607,-0.209,-0.235,0.091,0.874,0.759,0.378,0.075,0.655,-0.224,0.594,0.410,1.000,1.000
3291740,0.0122048,143.108733682428,0.768,0.184,-0.581,-0.730,-0.607,-0.209,-0.235,0.091,0.874,0.759,0.378,0.075,0.655,-0.225,0.593,0.410,1.000,1.000
3291748,0.0585932,143.167326881085,0.768,0.184,-0.581,-0.730,-0.607,-0.209,-0.235,0.091,0.874,0.758,0.378,0.076,0.654,-0.226,0.593,0.412,1.000,1.000
3291758,0.0422212,143.209548080806,0.768,0.184,-0.581,-0.730,-0.607,-0.209,-0.235,0.091,0.874,0.759,0.379,0.075,0.653,-0.228,0.593,0.411,1.000,1.000
3291768,0.0515761,143.261124181096,0.768,0.184,-0.581,-0.730,-0.607,-0.209,-0.235,0.091,0.874,0.760,0.380,0.076,0.653,-0.227,0.595,0.410,1.000,1.000
3291778,0.0402556,143.301379779819,0.768,0.184,-0.581,-0.730,-0.607,-0.209,-0.235,0.091,0.874,0.759,0.381,0.077,0.652,-0.225,0.597,0.410,1.000,1.000
3291790,0.057348,143.358727781568,0.768,0.184,-0.581,-0.730,-0.607,-0.209,-0.235,0.091,0.874,0.759,0.382,0.077,0.651,-0.224,0.599,0.410,1.000,1.000
3291802,0.0509696,143.409697382245,0.768,0.184,-0.581,-0.730,-0.607,-0.209,-0.235,0.091,0.874,0.759,0.382,0.076,0.651,-0.223,0.600,0.408,1.000,1.000
3291812,0.0570534,143.466750780586,0.768,0.184,-0.581,-0.730,-0.607,-0.209,-0.235,0.091,0.874,0.758,0.382,0.076,0.650,-0.222,0.601,0.408,1.000,1.000
3291824,0.055675,143.522425780538,0.768,0.184,-0.581,-0.730,-0.607,-0.209,-0.235,0.091,0.874,0.758,0.383,0.075,0.650,-0.221,0.601,0.409,1.000,1.000
3291836,0.0560611,143.578486880753,0.768,0.184,-0.581,-0.730,-0.607,-0.209,-0.235,0.091,0.874,0.756,0.384,0.075,0.651,-0.219,0.599,0.412,1.000,1.000
3291846,0.0670894,143.645576281939,0.768,0.184,-0.581,-0.730,-0.607,-0.209,-0.235,0.091,0.874,0.757,0.385,0.073,0.657,-0.214,0.592,0.413,1.000,1.000
3291854,0.0443176,143.689893881325,0.768,0.184,-0.581,-0.730,-0.607,-0.209,-0.235,0.091,0.874,0.758,0.386,0.072,0.663,-0.212,0.585,0.416,1.000,1.000
3291864,0.0452214,143.735115280841,0.768,0.184,-0.581,-0.730,-0.607,-0.209,-0.235,0.091,0.874,0.758,0.386,0.070,0.671,-0.209,0.572,0.423,1.000,1.000
3291874,0.0447133,143.779828580562,0.768,0.184,-0.581,-0.730,-0.607,-0.209,-0.235,0.091,0.874,0.758,0.387,0.069,0.676,-0.205,0.565,0.426,1.000,1.000
3291884,0.0496629,143.829491479788,0.768,0.184,-0.581,-0.730,-0.607,-0.209,-0.235,0.091,0.874,0.758,0.387,0.069,0.681,-0.199,0.559,0.429,1.000,1.000
3291892,0.0482832,143.877774680499,0.768,0.184,-0.581,-0.730,-0.607,-0.209,-0.235,0.091,0.874,0.758,0.386,0.067,0.687,-0.196,0.551,0.431,1.000,1.000
3291900,0.045552,143.923326680902,0.768,0.184,-0.581,-0.730,-0.607,-0.209,-0.235,0.091,0.874,0.758,0.385,0.067,0.691,-0.193,0.546,0.433,1.000,1.000
3291910,0.0403506,143.963677281979,0.768,0.184,-0.581,-0.730,-0.607,-0.209,-0.235,0.091,0.874,0.757,0.385,0.068,0.696,-0.189,0.540,0.434,1.000,1.000
3291918,0.0493858,144.013063082937,0.768,0.184,-0.581,-0.730,-0.607,-0.209,-0.235,0.091,0.874,0.757,0.385,0.067,0.698,-0.190,0.538,0.433,1.000,1.000
3291928,0.0430839,144.05614698166,0.768,0.184,-0.581,-0.730,-0.607,-0.209,-0.235,0.091,0.874,0.756,0.386,0.069,0.699,-0.190,0.535,0.435,1.000,1.000
3291936,0.0449881,144.101135081146,0.768,0.184,-0.581,-0.730,-0.607,-0.209,-0.235,0.091,0.874,0.756,0.386,0.068,0.699,-0.191,0.536,0.434,1.000,1.000
3291944,0.0394981,144.140633179341,0.768,0.184,-0.581,-0.730,-0.607,-0.209,-0.235,0.091,0.874,0.756,0.386,0.068,0.699,-0.192,0.536,0.434,1.000,1.000
3291952,0.047405,144.188038180117,0.768,0.184,-0.581,-0.730,-0.607,-0.209,-0.235,0.091,0.874,0.756,0.386,0.068,0.698,-0.192,0.536,0.434,1.000,1.000
3291962,0.0365516,144.224589778576,0.768,0.184,-0.581,-0.730,-0.607,-0.209,-0.235,0.091,0.874,0.755,0.385,0.068,0.698,-0.193,0.536,0.434,1.000,1.000
3291970,0.0491275,144.27371727908,0.768,0.184,-0.581,-0.730,-0.607,-0.209,-0.235,0.091,0.874,0.755,0.386,0.067,0.698,-0.194,0.536,0.433,1.000,1.000
3291980,0.0453079,144.319025179837,0.768,0.184,-0.581,-0.730,-0.607,-0.209,-0.235,0.091,0.874,0.754,0.386,0.066,0.698,-0.194,0.536,0.433,1.000,1.000
3291990,0.0444522,144.363477381412,0.768,0.184,-0.581,-0.730,-0.607,-0.209,-0.235,0.091,0.874,0.753,0.386,0.064,0.699,-0.194,0.536,0.432,1.000,1.000
3291998,0.0444267,144.40790407965,0.768,0.184,-0.581,-0.730,-0.607,-0.209,-0.235,0.091,0.874,0.753,0.386,0.063,0.700,-0.196,0.534,0.432,1.000,1.000
3292008,0.0441347,144.452038778458,0.768,0.184,-0.581,-0.730,-0.607,-0.209,-0.235,0.091,0.874,0.752,0.385,0.061,0.701,-0.198,0.532,0.432,1.000,1.000
3292016,0.0464096,144.498448377941,0.768,0.184,-0.581,-0.730,-0.607,-0.209,-0.235,0.091,0.874,0.751,0.384,0.062,0.700,-0.201,0.531,0.434,1.000,1.000
3292024,0.0452304,144.543678777758,0.768,0.184,-0.581,-0.730,-0.607,-0.209,-0.235,0.091,0.874,0.750,0.382,0.060,0.699,-0.204,0.530,0.435,1.000,1.000
3292034,0.0379053,144.581584075931,0.768,0.184,-0.581,-0.730,-0.607,-0.209,-0.235,0.091,0.874,0.750,0.382,0.060,0.699,-0.205,0.530,0.434,1.000,1.000
3292044,0.0541462,144.63573027635,0.768,0.184,-0.581,-0.730,-0.607,-0.209,-0.235,0.091,0.874,0.750,0.382,0.060,0.698,-0.208,0.530,0.436,1.000,1.000
3292052,0.0411537,144.67688397551,0.768,0.184,-0.581,-0.730,-0.607,-0.209,-0.235,0.091,0.874,0.750,0.382,0.061,0.697,-0.208,0.529,0.437,1.000,1.000
3292060,0.0448656,144.721749576274,0.768,0.184,-0.581,-0.730,-0.607,-0.209,-0.235,0.091,0.874,0.750,0.382,0.061,0.697,-0.208,0.529,0.438,1.000,1.000
3292070,0.0440738,144.765823377762,0.768,0.184,-0.581,-0.730,-0.607,-0.209,-0.235,0.091,0.874,0.750,0.383,0.062,0.697,-0.208,0.529,0.437,1.000,1.000
3292078,0.0442707,144.810094079468,0.768,0.184,-0.581,-0.730,-0.607,-0.209,-0.235,0.091,0.874,0.750,0.383,0.062,0.697,-0.208,0.528,0.438,1.000,1.000
3292088,0.0446725,144.854766579811,0.768,0.184,-0.581,-0.730,-0.607,-0.209,-0.235,0.091,0.874,0.749,0.386,0.063,0.699,-0.205,0.527,0.437,1.000,1.000
3292096,0.0437874,144.89855398098,0.768,0.184,-0.581,-0.730,-0.607,-0.209,-0.235,0.091,0.874,0.749,0.386,0.062,0.698,-0.205,0.527,0.439,1.000,1.000
3292106,0.0465678,144.945121782366,0.768,0.184,-0.581,-0.730,-0.607,-0.209,-0.235,0.091,0.874,0.749,0.386,0.062,0.698,-0.206,0.526,0.440,1.000,1.000
3292114,0.0437102,144.98883198062,0.768,0.184,-0.581,-0.730,-0.607,-0.209,-0.235,0.091,0.874,0.748,0.385,0.062,0.697,-0.207,0.526,0.441,1.000,1.000
3292124,0.0387073,145.02753928164,0.768,0.184,-0.581,-0.730,-0.607,-0.209,-0.235,0.091,0.874,0.748,0.384,0.062,0.698,-0.205,0.526,0.441,1.000,1.000
3292132,0.0520167,145.079555983189,0.768,0.184,-0.581,-0.730,-0.607,-0.209,-0.235,0.091,0.874,0.749,0.384,0.062,0.698,-0.205,0.526,0.441,1.000,1.000
3292142,0.0417633,145.121319281403,0.768,0.184,-0.581,-0.730,-0.607,-0.209,-0.235,0.091,0.874,0.750,0.384,0.062,0.698,-0.206,0.526,0.440,1.000,1.000
3292150,0.0481845,145.169503780548,0.768,0.184,-0.581,-0.730,-0.607,-0.209,-0.235,0.091,0.874,0.750,0.383,0.062,0.698,-0.206,0.525,0.441,1.000,1.000
3292158,0.0405911,145.210094878916,0.768,0.184,-0.581,-0.730,-0.607,-0.209,-0.235,0.091,0.874,0.750,0.383,0.063,0.698,-0.206,0.525,0.441,1.000,1.000
3292168,0.0440889,145.254183779005,0.768,0.184,-0.581,-0.730,-0.607,-0.209,-0.235,0.091,0.874,0.750,0.383,0.062,0.698,-0.206,0.524,0.442,1.000,1.000
3292176,0.0446621,145.298845878337,0.768,0.184,-0.581,-0.730,-0.607,-0.209,-0.235,0.091,0.874,0.749,0.383,0.063,0.697,-0.207,0.523,0.444,1.000,1.000
3292186,0.0454756,145.344321476761,0.768,0.184,-0.581,-0.730,-0.607,-0.209,-0.235,0.091,0.874,0.749,0.384,0.063,0.697,-0.207,0.523,0.444,1.000,1.000
3292194,0.0431529,145.387474375311,0.768,0.184,-0.581,-0.730,-0.607,-0.209,-0.235,0.091,0.874,0.750,0.384,0.062,0.698,-0.207,0.523,0.444,1.000,1.000
3292204,0.0458081,145.433282474522,0.768,0.184,-0.581,-0.730,-0.607,-0.209,-0.235,0.091,0.874,0.750,0.384,0.063,0.698,-0.206,0.524,0.443,1.000,1.000
3292212,0.0499487,145.483231174294,0.768,0.184,-0.581,-0.730,-0.607,-0.209,-0.235,0.091,0.874,0.751,0.384,0.063,0.699,-0.204,0.524,0.442,1.000,1.000
3292222,0.0388306,145.522061774973,0.768,0.184,-0.581,-0.730,-0.607,-0.209,-0.235,0.091,0.874,0.751,0.383,0.063,0.699,-0.205,0.524,0.442,1.000,1.000
3292230,0.0472182,145.569279974792,0.768,0.184,-0.581,-0.730,-0.607,-0.209,-0.235,0.091,0.874,0.751,0.384,0.062,0.702,-0.201,0.523,0.438,1.000,1.000
3292238,0.0404466,145.6097265766,0.768,0.184,-0.581,-0.730,-0.607,-0.209,-0.235,0.091,0.874,0.751,0.383,0.062,0.701,-0.204,0.523,0.440,1.000,1.000
3292246,0.0438045,145.653531076852,0.768,0.184,-0.581,-0.730,-0.607,-0.209,-0.235,0.091,0.874,0.753,0.382,0.063,0.706,-0.196,0.525,0.432,1.000,1.000
3292256,0.0467422,145.700273277704,0.768,0.184,-0.581,-0.730,-0.607,-0.209,-0.235,0.091,0.874,0.752,0.383,0.064,0.699,-0.204,0.524,0.441,1.000,1.000
3292266,0.0446179,145.744891176466,0.768,0.184,-0.581,-0.730,-0.607,-0.209,-0.235,0.091,0.874,0.752,0.384,0.063,0.698,-0.207,0.525,0.441,1.000,1.000
3292274,0.0419284,145.78681957582,0.768,0.184,-0.581,-0.730,-0.607,-0.209,-0.235,0.091,0.874,0.752,0.382,0.066,0.687,-0.218,0.532,0.444,1.000,1.000
3292284,0.0465829,145.833402475808,0.768,0.184,-0.581,-0.730,-0.607,-0.209,-0.235,0.091,0.874,0.754,0.382,0.070,0.681,-0.219,0.545,0.437,1.000,1.000
3292292,0.044193,145.877595475409,0.768,0.184,-0.581,-0.730,-0.607,-0.209,-0.235,0.091,0.874,0.758,0.383,0.072,0.674,-0.221,0.563,0.424,1.000,1.000
3292300,0.0433272,145.920922676567,0.768,0.184,-0.581,-0.730,-0.607,-0.209,-0.235,0.091,0.874,0.763,0.383,0.074,0.665,-0.220,0.584,0.411,1.000,1.000
3292310,0.0444311,145.965353778098,0.768,0.184,-0.581,-0.730,-0.607,-0.209,-0.235,0.091,0.874,0.767,0.384,0.074,0.660,-0.211,0.601,0.398,1.000,1.000
3292318,0.0411906,146.006544376258,0.768,0.184,-0.581,-0.730,-0.607,-0.209,-0.235,0.091,0.874,0.770,0.385,0.075,0.657,-0.207,0.608,0.395,1.000,1.000
3292328,0.0483689,146.054913277272,0.768,0.184,-0.581,-0.730,-0.607,-0.209,-0.235,0.091,0.874,0.771,0.385,0.076,0.654,-0.205,0.613,0.392,1.000,1.000
3292336,0.0465383,146.101451578084,0.768,0.184,-0.581,-0.730,-0.607,-0.209,-0.235,0.091,0.874,0.772,0.384,0.077,0.652,-0.205,0.615,0.392,1.000,1.000
3292346,0.0448724,146.146323977504,0.768,0.184,-0.581,-0.730,-0.607,-0.209,-0.235,0.091,0.874,0.770,0.383,0.077,0.651,-0.206,0.615,0.394,1.000,1.000
3292354,0.0414444,146.187768375967,0.768,0.184,-0.581,-0.730,-0.607,-0.209,-0.235,0.091,0.874,0.767,0.382,0.076,0.651,-0.209,0.613,0.397,1.000,1.000
3292364,0.0442546,146.232022976968,0.768,0.184,-0.581,-0.730,-0.607,-0.209,-0.235,0.091,0.874,0.765,0.382,0.076,0.648,-0.214,0.611,0.400,1.000,1.000
3292372,0.0451537,146.277176676784,0.768,0.184,-0.581,-0.730,-0.607,-0.209,-0.235,0.091,0.874,0.765,0.382,0.078,0.647,-0.215,0.613,0.399,1.000,1.000
3292380,0.0417503,146.318926977459,0.768,0.184,-0.581,-0.730,-0.607,-0.209,-0.235,0.091,0.874,0.766,0.382,0.078,0.648,-0.213,0.615,0.396,1.000,1.000
3292390,0.046866,146.365792977158,0.768,0.184,-0.581,-0.730,-0.607,-0.209,-0.235,0.091,0.874,0.766,0.381,0.078,0.649,-0.212,0.616,0.393,1.000,1.000
3292398,0.0451027,146.410895677749,0.768,0.184,-0.581,-0.730,-0.607,-0.209,-0.235,0.091,0.874,0.767,0.381,0.079,0.649,-0.211,0.617,0.392,1.000,1.000
3292408,0.0431592,146.45405487949,0.768,0.184,-0.581,-0.730,-0.607,-0.209,-0.235,0.091,0.874,0.767,0.381,0.079,0.649,-0.211,0.618,0.391,1.000,1.000
3292416,0.0420207,146.496075580362,0.768,0.184,-0.581,-0.730,-0.607,-0.209,-0.235,0.091,0.874,0.768,0.380,0.079,0.649,-0.211,0.618,0.389,1.000,1.000
3292426,0.0493024,146.545377979521,0.768,0.184,-0.581,-0.730,-0.607,-0.209,-0.235,0.091,0.874,0.768,0.380,0.079,0.650,-0.210,0.619,0.388,1.000,1.000
3292434,0.046689,146.592066979501,0.768,0.184,-0.581,-0.730,-0.607,-0.209,-0.235,0.091,0.874,0.767,0.380,0.079,0.649,-0.211,0.619,0.389,1.000,1.000
3292442,0.0389004,146.630967380945,0.768,0.184,-0.581,-0.730,-0.607,-0.209,-0.235,0.091,0.874,0.766,0.379,0.079,0.648,-0.212,0.619,0.390,1.000,1.000
3292450,0.0439773,146.674944682512,0.768,0.184,-0.581,-0.730,-0.607,-0.209,-0.235,0.091,0.874,0.765,0.379,0.079,0.648,-0.212,0.619,0.389,1.000,1.000
3292460,0.0426866,146.717631282751,0.768,0.184,-0.581,-0.730,-0.607,-0.209,-0.235,0.091,0.874,0.765,0.378,0.079,0.649,-0.213,0.619,0.388,1.000,1.000
3292468,0.042059,146.759690283332,0.768,0.184,-0.581,-0.730,-0.607,-0.209,-0.235,0.091,0.874,0.764,0.379,0.079,0.649,-0.214,0.619,0.388,1.000,1.000
3292478,0.0475413,146.80723158503,0.768,0.184,-0.581,-0.730,-0.607,-0.209,-0.235,0.091,0.874,0.764,0.379,0.080,0.648,-0.214,0.619,0.388,1.000,1.000
3292488,0.0454991,146.852730686311,0.768,0.184,-0.581,-0.730,-0.607,-0.209,-0.235,0.091,0.874,0.765,0.379,0.080,0.648,-0.213,0.620,0.388,1.000,1.000
3292496,0.044674,146.897404687945,0.768,0.184,-0.581,-0.730,-0.607,-0.209,-0.235,0.091,0.874,0.764,0.380,0.080,0.649,-0.212,0.621,0.387,1.000,1.000
3292506,0.0429755,146.940380188171,0.768,0.184,-0.581,-0.730,-0.607,-0.209,-0.235,0.091,0.874,0.764,0.380,0.080,0.648,-0.211,0.621,0.387,1.000,1.000
3292514,0.0482511,146.988631288055,0.768,0.184,-0.581,-0.730,-0.607,-0.209,-0.235,0.091,0.874,0.763,0.380,0.080,0.648,-0.211,0.621,0.387,1.000,1.000
3292522,0.042159,147.030790286604,0.768,0.184,-0.581,-0.730,-0.607,-0.209,-0.235,0.091,0.874,0.763,0.379,0.080,0.647,-0.213,0.621,0.388,1.000,1.000
3292532,0.0452698,147.076060085092,0.768,0.184,-0.581,-0.730,-0.607,-0.209,-0.235,0.091,0.874,0.763,0.379,0.080,0.649,-0.211,0.621,0.386,1.000,1.000
3292540,0.0461818,147.122241886798,0.768,0.184,-0.581,-0.730,-0.607,-0.209,-0.235,0.091,0.874,0.762,0.378,0.080,0.648,-0.212,0.621,0.387,1.000,1.000
3292550,0.0456329,147.167874785606,0.768,0.184,-0.581,-0.730,-0.607,-0.209,-0.235,0.091,0.874,0.761,0.378,0.079,0.648,-0.213,0.620,0.388,1.000,1.000
3292554,0.0419047,147.209779484663,0.768,0.184,-0.581,-0.730,-0.607,-0.209,-0.235,0.091,0.874,0.760,0.378,0.079,0.648,-0.214,0.620,0.387,1.000,1.000
3292562,0.0160646,147.22584408382,0.768,0.184,-0.581,-0.730,-0.607,-0.209,-0.235,0.091,0.874,0.761,0.378,0.079,0.649,-0.214,0.620,0.386,1.000,1.000
3292566,0.0533313,147.279175384436,0.768,0.184,-0.581,-0.730,-0.607,-0.209,-0.235,0.091,0.874,0.761,0.379,0.079,0.649,-0.214,0.620,0.386,1.000,1.000
3292574,0.0166941,147.295869485009,0.768,0.184,-0.581,-0.730,-0.607,-0.209,-0.235,0.091,0.874,0.760,0.378,0.079,0.649,-0.214,0.620,0.387,1.000,1.000
3292578,0.0343963,147.330265783239,0.768,0.184,-0.581,-0.730,-0.607,-0.209,-0.235,0.091,0.874,0.760,0.379,0.079,0.648,-0.214,0.620,0.387,1.000,1.000
3292588,0.0335034,147.363769181538,0.768,0.184,-0.581,-0.730,-0.607,-0.209,-0.235,0.091,0.874,0.760,0.379,0.079,0.647,-0.214,0.620,0.389,1.000,1.000
3292594,0.0516709,147.415440083016,0.768,0.184,-0.581,-0.730,-0.607,-0.209,-0.235,0.091,0.874,0.760,0.379,0.079,0.649,-0.210,0.620,0.388,1.000,1.000
3292604,0.027078,147.442518083844,0.768,0.184,-0.581,-0.730,-0.607,-0.209,-0.235,0.091,0.874,0.760,0.379,0.078,0.649,-0.209,0.620,0.388,1.000,1.000
3292612,0.0495663,147.492084382568,0.768,0.184,-0.581,-0.730,-0.607,-0.209,-0.235,0.091,0.874,0.760,0.379,0.078,0.649,-0.211,0.619,0.388,1.000,1.000
3292622,0.0316724,147.523756782059,0.768,0.184,-0.581,-0.730,-0.607,-0.209,-0.235,0.091,0.874,0.760,0.380,0.078,0.648,-0.212,0.619,0.390,1.000,1.000
3292630,0.0460927,147.569849482272,0.768,0.184,-0.581,-0.730,-0.607,-0.209,-0.235,0.091,0.874,0.760,0.380,0.078,0.647,-0.212,0.620,0.390,1.000,1.000
3292638,0.0431742,147.613023682032,0.768,0.184,-0.581,-0.730,-0.607,-0.209,-0.235,0.091,0.874,0.761,0.380,0.079,0.647,-0.212,0.620,0.390,1.000,1.000
3292648,0.040904,147.653927682433,0.768,0.184,-0.581,-0.730,-0.607,-0.209,-0.235,0.091,0.874,0.759,0.379,0.078,0.643,-0.217,0.621,0.392,1.000,1.000
3292656,0.0446455,147.698573181871,0.768,0.184,-0.581,-0.730,-0.607,-0.209,-0.235,0.091,0.874,0.759,0.379,0.078,0.643,-0.215,0.623,0.390,1.000,1.000
3292666,0.0458012,147.744374381844,0.768,0.184,-0.581,-0.730,-0.607,-0.209,-0.235,0.091,0.874,0.760,0.380,0.078,0.644,-0.213,0.624,0.388,1.000,1.000
3292674,0.0447669,147.789141281042,0.768,0.184,-0.581,-0.730,-0.607,-0.209,-0.235,0.091,0.874,0.759,0.380,0.077,0.646,-0.212,0.622,0.389,1.000,1.000
3292684,0.0502636,147.839404879604,0.768,0.184,-0.581,-0.730,-0.607,-0.209,-0.235,0.091,0.874,0.759,0.380,0.076,0.647,-0.213,0.620,0.390,1.000,1.000
3292694,0.0450998,147.884504678193,0.768,0.184,-0.581,-0.730,-0.607,-0.209,-0.235,0.091,0.874,0.759,0.380,0.076,0.646,-0.213,0.620,0.390,1.000,1.000
3292704,0.04851,147.933014678303,0.768,0.184,-0.581,-0.730,-0.607,-0.209,-0.235,0.091,0.874,0.759,0.380,0.076,0.646,-0.213,0.620,0.392,1.000,1.000
3292714,0.0526009,147.985615579877,0.768,0.184,-0.581,-0.730,-0.607,-0.209,-0.235,0.091,0.874,0.759,0.380,0.076,0.646,-0.212,0.620,0.393,1.000,1.000
3292722,0.045289,148.030904578511,0.768,0.184,-0.581,-0.730,-0.607,-0.209,-0.235,0.091,0.874,0.760,0.380,0.075,0.647,-0.210,0.619,0.392,1.000,1.000
3292732,0.045832,148.076736579183,0.768,0.184,-0.581,-0.730,-0.607,-0.209,-0.235,0.091,0.874,0.759,0.380,0.075,0.648,-0.210,0.618,0.393,1.000,1.000
3292742,0.0407971,148.117533678655,0.768,0.184,-0.581,-0.730,-0.607,-0.209,-0.235,0.091,0.874,0.759,0.380,0.074,0.650,-0.210,0.616,0.394,1.000,1.000
3292750,0.0528244,148.17035807902,0.768,0.184,-0.581,-0.730,-0.607,-0.209,-0.235,0.091,0.874,0.759,0.380,0.074,0.650,-0.209,0.615,0.394,1.000,1.000
3292758,0.0470201,148.217378179077,0.768,0.184,-0.581,-0.730,-0.607,-0.209,-0.235,0.091,0.874,0.760,0.380,0.074,0.651,-0.208,0.615,0.394,1.000,1.000
3292766,0.0386068,148.255984979216,0.768,0.184,-0.581,-0.730,-0.607,-0.209,-0.235,0.091,0.874,0.760,0.380,0.075,0.651,-0.207,0.616,0.393,1.000,1.000
3292770,0.0427081,148.298693078104,0.768,0.184,-0.581,-0.730,-0.607,-0.209,-0.235,0.091,0.874,0.761,0.380,0.074,0.653,-0.205,0.615,0.392,1.000,1.000
3292780,0.0249031,148.323596178088,0.768,0.184,-0.581,-0.730,-0.607,-0.209,-0.235,0.091,0.874,0.761,0.381,0.073,0.658,-0.199,0.613,0.391,1.000,1.000
3292790,0.0535692,148.377165379468,0.768,0.184,-0.581,-0.730,-0.607,-0.209,-0.235,0.091,0.874,0.763,0.381,0.070,0.669,-0.193,0.596,0.399,1.000,1.000
3292794,0.0439905,148.42115587974,0.768,0.184,-0.581,-0.730,-0.607,-0.209,-0.235,0.091,0.874,0.763,0.381,0.071,0.671,-0.193,0.592,0.402,1.000,1.000
3292802,0.0137934,148.434949279297,0.768,0.184,-0.581,-0.730,-0.607,-0.209,-0.235,0.091,0.874,0.764,0.380,0.072,0.675,-0.192,0.584,0.407,1.000,1.000
3292814,0.0540175,148.488966778386,0.768,0.184,-0.581,-0.730,-0.607,-0.209,-0.235,0.091,0.874,0.764,0.381,0.072,0.681,-0.191,0.578,0.407,1.000,1.000
3292820,0.042893,148.531859778333,0.768,0.184,-0.581,-0.730,-0.607,-0.209,-0.235,0.091,0.874,0.766,0.382,0.073,0.682,-0.190,0.577,0.408,1.000,1.000
3292828,0.0310285,148.56288827816,0.768,0.184,-0.581,-0.730,-0.607,-0.209,-0.235,0.091,0.874,0.767,0.383,0.072,0.683,-0.188,0.577,0.407,1.000,1.000
3292836,0.0511659,148.614054179285,0.768,0.184,-0.581,-0.730,-0.607,-0.209,-0.235,0.091,0.874,0.767,0.384,0.072,0.685,-0.190,0.572,0.409,1.000,1.000
3292846,0.0307104,148.644764578436,0.768,0.184,-0.581,-0.730,-0.607,-0.209,-0.235,0.091,0.874,0.766,0.383,0.071,0.689,-0.186,0.567,0.412,1.000,1.000
3292854,0.0464935,148.691258078907,0.768,0.184,-0.581,-0.730,-0.607,-0.209,-0.235,0.091,0.874,0.764,0.383,0.073,0.696,-0.182,0.561,0.410,1.000,1.000
3292864,0.0412339,148.732491979841,0.768,0.184,-0.581,-0.730,-0.607,-0.209,-0.235,0.091,0.874,0.763,0.384,0.072,0.699,-0.180,0.559,0.408,1.000,1.000
3292872,0.0461294,148.778621381614,0.768,0.184,-0.581,-0.730,-0.607,-0.209,-0.235,0.091,0.874,0.764,0.384,0.072,0.702,-0.177,0.558,0.406,1.000,1.000
3292882,0.0441017,148.822723081801,0.768,0.184,-0.581,-0.730,-0.607,-0.209,-0.235,0.091,0.874,0.763,0.386,0.072,0.704,-0.174,0.557,0.404,1.000,1.000
3292892,0.052875,148.875598082785,0.768,0.184,-0.581,-0.730,-0.607,-0.209,-0.235,0.091,0.874,0.763,0.386,0.071,0.706,-0.172,0.556,0.403,1.000,1.000
3292900,0.0447892,148.920387281571,0.768,0.184,-0.581,-0.730,-0.607,-0.209,-0.235,0.091,0.874,0.764,0.387,0.072,0.707,-0.170,0.555,0.404,1.000,1.000
3292910,0.0444021,148.964789381716,0.768,0.184,-0.581,-0.730,-0.607,-0.209,-0.235,0.091,0.874,0.764,0.387,0.071,0.708,-0.170,0.550,0.410,1.000,1.000
3292920,0.0449864,149.00977578247,0.768,0.184,-0.581,-0.730,-0.607,-0.209,-0.235,0.091,0.874,0.764,0.386,0.073,0.708,-0.173,0.547,0.412,1.000,1.000
3292930,0.0503986,149.060174381826,0.768,0.184,-0.581,-0.730,-0.607,-0.209,-0.235,0.091,0.874,0.764,0.387,0.074,0.707,-0.173,0.547,0.414,1.000,1.000
3292938,0.0504572,149.110631579999,0.768,0.184,-0.581,-0.730,-0.607,-0.209,-0.235,0.091,0.874,0.765,0.388,0.072,0.707,-0.170,0.548,0.413,1.000,1.000
3292948,0.0447734,149.155404979829,0.768,0.184,-0.581,-0.730,-0.607,-0.209,-0.235,0.091,0.874,0.766,0.388,0.072,0.707,-0.174,0.547,0.414,1.000,1.000
3292956,0.0473577,149.202762680594,0.768,0.184,-0.581,-0.730,-0.607,-0.209,-0.235,0.091,0.874,0.765,0.389,0.074,0.707,-0.173,0.545,0.415,1.000,1.000
3292966,0.0413858,149.24414848024,0.768,0.184,-0.581,-0.730,-0.607,-0.209,-0.235,0.091,0.874,0.764,0.388,0.073,0.709,-0.171,0.543,0.416,1.000,1.000
3292972,0.0511652,149.29531368101,0.768,0.184,-0.581,-0.730,-0.607,-0.209,-0.235,0.091,0.874,0.764,0.388,0.072,0.712,-0.167,0.542,0.414,1.000,1.000
3292978,0.0395217,149.334835382644,0.768,0.184,-0.581,-0.730,-0.607,-0.209,-0.235,0.091,0.874,0.764,0.388,0.072,0.712,-0.166,0.542,0.414,1.000,1.000
3292986,0.0158436,149.350678982679,0.768,0.184,-0.581,-0.730,-0.607,-0.209,-0.235,0.091,0.874,0.765,0.387,0.072,0.712,-0.167,0.541,0.416,1.000,1.000
3292990,0.0532079,149.403886883054,0.768,0.184,-0.581,-0.730,-0.607,-0.209,-0.235,0.091,0.874,0.766,0.388,0.070,0.714,-0.161,0.540,0.415,1.000,1.000
3292998,0.0159442,149.419831082691,0.768,0.184,-0.581,-0.730,-0.607,-0.209,-0.235,0.091,0.874,0.765,0.388,0.072,0.713,-0.161,0.541,0.416,1.000,1.000
3293002,0.034613,149.454444081057,0.768,0.184,-0.581,-0.730,-0.607,-0.209,-0.235,0.091,0.874,0.765,0.386,0.072,0.713,-0.161,0.541,0.416,1.000,1.000
3293012,0.0160587,149.470502781216,0.768,0.184,-0.581,-0.730,-0.607,-0.209,-0.235,0.091,0.874,0.764,0.387,0.072,0.712,-0.164,0.540,0.417,1.000,1.000
3293020,0.0611697,149.53167248005,0.768,0.184,-0.581,-0.730,-0.607,-0.209,-0.235,0.091,0.874,0.763,0.386,0.073,0.712,-0.168,0.539,0.418,1.000,1.000
3293030,0.0480079,149.579680381808,0.768,0.184,-0.581,-0.730,-0.607,-0.209,-0.235,0.091,0.874,0.763,0.386,0.073,0.712,-0.168,0.540,0.417,1.000,1.000
3293036,0.0434617,149.623142080847,0.768,0.184,-0.581,-0.730,-0.607,-0.209,-0.235,0.091,0.874,0.762,0.385,0.073,0.713,-0.165,0.539,0.416,1.000,1.000
3293046,0.0239825,149.647124581505,0.768,0.184,-0.581,-0.730,-0.607,-0.209,-0.235,0.091,0.874,0.762,0.384,0.072,0.714,-0.164,0.540,0.415,1.000,1.000
3293054,0.0549777,149.702102281619,0.768,0.184,-0.581,-0.730,-0.607,-0.209,-0.235,0.091,0.874,0.763,0.384,0.072,0.715,-0.162,0.539,0.414,1.000,1.000
3293064,0.043624,149.74572628038,0.768,0.184,-0.581,-0.730,-0.607,-0.209,-0.235,0.091,0.874,0.762,0.385,0.072,0.716,-0.161,0.538,0.415,1.000,1.000
3293072,0.0429263,149.788652580697,0.768,0.184,-0.581,-0.730,-0.607,-0.209,-0.235,0.091,0.874,0.761,0.385,0.073,0.716,-0.161,0.536,0.417,1.000,1.000
3293080,0.0427358,149.831388380844,0.768,0.184,-0.581,-0.730,-0.607,-0.209,-0.235,0.091,0.874,0.761,0.385,0.073,0.717,-0.161,0.535,0.417,1.000,1.000
3293092,0.0392372,149.870625582058,0.768,0.184,-0.581,-0.730,-0.607,-0.209,-0.235,0.091,0.874,0.760,0.385,0.073,0.717,-0.160,0.534,0.419,1.000,1.000
3293102,0.0511613,149.921786882449,0.768,0.184,-0.581,-0.730,-0.607,-0.209,-0.235,0.091,0.874,0.759,0.386,0.075,0.717,-0.160,0.533,0.419,1.000,1.000
3293114,0.0559264,149.977713283617,0.768,0.184,-0.581,-0.730,-0.607,-0.209,-0.235,0.091,0.874,0.758,0.383,0.070,0.719,-0.162,0.531,0.419,1.000,1.000
3293124,0.056284,150.033997282851,0.768,0.184,-0.581,-0.730,-0.607,-0.209,-0.235,0.091,0.874,0.758,0.382,0.069,0.720,-0.157,0.530,0.419,1.000,1.000
3293136,0.0558197,150.089816984255,0.768,0.184,-0.581,-0.730,-0.607,-0.209,-0.235,0.091,0.874,0.756,0.385,0.072,0.721,-0.158,0.530,0.417,1.000,1.000
3293148,0.0545862,150.144403182436,0.768,0.184,-0.581,-0.730,-0.607,-0.209,-0.235,0.091,0.874,0.757,0.384,0.070,0.721,-0.160,0.530,0.418,1.000,1.000
3293158,0.0575963,150.201999482233,0.768,0.184,-0.581,-0.730,-0.607,-0.209,-0.235,0.091,0.874,0.758,0.384,0.070,0.720,-0.157,0.530,0.419,1.000,1.000
3293168,0.0515981,150.253597584087,0.768,0.184,-0.581,-0.730,-0.607,-0.209,-0.235,0.091,0.874,0.757,0.385,0.070,0.721,-0.158,0.529,0.418,1.000,1.000
3293176,0.0470163,150.300613884348,0.768,0.184,-0.581,-0.730,-0.607,-0.209,-0.235,0.091,0.874,0.755,0.385,0.070,0.722,-0.157,0.529,0.417,1.000,1.000
3293186,0.0445962,150.345210083295,0.768,0.184,-0.581,-0.730,-0.607,-0.209,-0.235,0.091,0.874,0.754,0.384,0.070,0.722,-0.157,0.528,0.419,1.000,1.000
3293196,0.0503682,150.395578284282,0.768,0.184,-0.581,-0.730,-0.607,-0.209,-0.235,0.091,0.874,0.755,0.383,0.069,0.723,-0.157,0.527,0.419,1.000,1.000
3293204,0.0484482,150.444026485551,0.768,0.184,-0.581,-0.730,-0.607,-0.209,-0.235,0.091,0.874,0.754,0.384,0.068,0.723,-0.158,0.526,0.418,1.000,1.000
3293212,0.0442099,150.488236386795,0.768,0.184,-0.581,-0.730,-0.607,-0.209,-0.235,0.091,0.874,0.754,0.386,0.068,0.723,-0.159,0.526,0.418,1.000,1.000
3293222,0.0414967,150.529733088333,0.768,0.184,-0.581,-0.730,-0.607,-0.209,-0.235,0.091,0.874,0.755,0.386,0.069,0.723,-0.158,0.526,0.419,1.000,1.000
3293232,0.0450684,150.574801490176,0.768,0.184,-0.581,-0.730,-0.607,-0.209,-0.235,0.091,0.874,0.755,0.385,0.068,0.724,-0.156,0.525,0.419,1.000,1.000
3293240,0.0463327,150.621134188492,0.768,0.184,-0.581,-0.730,-0.607,-0.209,-0.235,0.091,0.874,0.755,0.384,0.067,0.725,-0.156,0.524,0.419,1.000,1.000
3293250,0.042401,150.663535189349,0.768,0.184,-0.581,-0.730,-0.607,-0.209,-0.235,0.091,0.874,0.755,0.385,0.067,0.726,-0.155,0.524,0.418,1.000,1.000
3293258,0.0477556,150.711290788371,0.768,0.184,-0.581,-0.730,-0.607,-0.209,-0.235,0.091,0.874,0.755,0.385,0.067,0.726,-0.157,0.524,0.417,1.000,1.000
3293266,0.0442627,150.755553488154,0.768,0.184,-0.581,-0.730,-0.607,-0.209,-0.235,0.091,0.874,0.755,0.384,0.067,0.725,-0.156,0.524,0.419,1.000,1.000
3293274,0.0336938,150.789247289766,0.768,0.184,-0.581,-0.730,-0.607,-0.209,-0.235,0.091,0.874,0.755,0.385,0.067,0.726,-0.156,0.522,0.419,1.000,1.000
3293284,0.0468955,150.836142790038,0.768,0.184,-0.581,-0.730,-0.607,-0.209,-0.235,0.091,0.874,0.755,0.384,0.068,0.728,-0.156,0.521,0.417,1.000,1.000
3293292,0.0457426,150.881885391194,0.768,0.184,-0.581,-0.730,-0.607,-0.209,-0.235,0.091,0.874,0.756,0.383,0.066,0.728,-0.156,0.521,0.418,1.000,1.000
3293302,0.043642,150.925527390558,0.768,0.184,-0.581,-0.730,-0.607,-0.209,-0.235,0.091,0.874,0.755,0.384,0.065,0.728,-0.151,0.522,0.418,1.000,1.000
3293310,0.0428224,150.968349788804,0.768,0.184,-0.581,-0.730,-0.607,-0.209,-0.235,0.091,0.874,0.754,0.386,0.069,0.726,-0.154,0.521,0.421,1.000,1.000
3293320,0.0472444,151.01559418859,0.768,0.184,-0.581,-0.730,-0.607,-0.209,-0.235,0.091,0.874,0.755,0.388,0.070,0.726,-0.154,0.522,0.420,1.000,1.000
3293328,0.0479909,151.063585088123,0.768,0.184,-0.581,-0.730,-0.607,-0.209,-0.235,0.091,0.874,0.757,0.387,0.071,0.726,-0.153,0.522,0.422,1.000,1.000
3293338,0.0444826,151.108067688067,0.768,0.184,-0.581,-0.730,-0.607,-0.209,-0.235,0.091,0.874,0.758,0.387,0.071,0.727,-0.153,0.520,0.422,1.000,1.000
3293346,0.0434056,151.151473287959,0.768,0.184,-0.581,-0.730,-0.607,-0.209,-0.235,0.091,0.874,0.759,0.387,0.071,0.727,-0.153,0.520,0.421,1.000,1.000
3293356,0.048385,151.199858289678,0.768,0.184,-0.581,-0.730,-0.607,-0.209,-0.235,0.091,0.874,0.761,0.388,0.070,0.727,-0.156,0.521,0.420,1.000,1.000
3293364,0.0446736,151.24453188898,0.768,0.184,-0.581,-0.730,-0.607,-0.209,-0.235,0.091,0.874,0.763,0.387,0.070,0.726,-0.157,0.521,0.420,1.000,1.000
3293374,0.0426245,151.287156388629,0.768,0.184,-0.581,-0.730,-0.607,-0.209,-0.235,0.091,0.874,0.763,0.387,0.069,0.726,-0.159,0.522,0.419,1.000,1.000
3293384,0.0477667,151.334923089016,0.768,0.184,-0.581,-0.730,-0.607,-0.209,-0.235,0.091,0.874,0.763,0.385,0.069,0.726,-0.158,0.523,0.419,1.000,1.000
3293392,0.0450214,151.379944488872,0.768,0.184,-0.581,-0.730,-0.607,-0.209,-0.235,0.091,0.874,0.763,0.384,0.068,0.728,-0.156,0.523,0.415,1.000,1.000
3293398,0.0449253,151.424869787414,0.768,0.184,-0.581,-0.730,-0.607,-0.209,-0.235,0.091,0.874,0.764,0.384,0.068,0.727,-0.157,0.524,0.416,1.000,1.000
3293406,0.0362349,151.461104687769,0.768,0.184,-0.581,-0.730,-0.607,-0.209,-0.235,0.091,0.874,0.764,0.385,0.069,0.725,-0.159,0.524,0.417,1.000,1.000
3293412,0.0277851,151.488889787812,0.768,0.184,-0.581,-0.730,-0.607,-0.209,-0.235,0.091,0.874,0.763,0.386,0.071,0.724,-0.160,0.525,0.418,1.000,1.000
3293418,0.042142,151.531031787861,0.768,0.184,-0.581,-0.730,-0.607,-0.209,-0.235,0.091,0.874,0.763,0.387,0.072,0.723,-0.159,0.527,0.418,1.000,1.000
3293424,0.0316356,151.562667388935,0.768,0.184,-0.581,-0.730,-0.607,-0.209,-0.235,0.091,0.874,0.764,0.386,0.071,0.723,-0.159,0.527,0.418,1.000,1.000
3293432,0.0233568,151.586024189834,0.768,0.184,-0.581,-0.730,-0.607,-0.209,-0.235,0.091,0.874,0.764,0.386,0.070,0.723,-0.158,0.527,0.418,1.000,1.000
3293438,0.0584528,151.64447698975,0.768,0.184,-0.581,-0.730,-0.607,-0.209,-0.235,0.091,0.874,0.762,0.387,0.070,0.723,-0.157,0.526,0.418,1.000,1.000
3293446,0.0179241,151.66240108991,0.768,0.184,-0.581,-0.730,-0.607,-0.209,-0.235,0.091,0.874,0.761,0.386,0.070,0.724,-0.159,0.524,0.421,1.000,1.000
3293454,0.0281984,151.690599490423,0.768,0.184,-0.581,-0.730,-0.607,-0.209,-0.235,0.091,0.874,0.761,0.387,0.071,0.723,-0.158,0.524,0.422,1.000,1.000
3293464,0.0425485,151.733147990424,0.768,0.184,-0.581,-0.730,-0.607,-0.209,-0.235,0.091,0.874,0.761,0.388,0.071,0.721,-0.161,0.525,0.422,1.000,1.000
3293472,0.0517843,151.784932289738,0.768,0.184,-0.581,-0.730,-0.607,-0.209,-0.235,0.091,0.874,0.760,0.387,0.073,0.713,-0.174,0.530,0.425,1.000,1.000
3293480,0.0410534,151.825985689182,0.768,0.184,-0.581,-0.730,-0.607,-0.209,-0.235,0.091,0.874,0.758,0.386,0.074,0.700,-0.190,0.545,0.421,1.000,1.000
3293488,0.0380763,151.864061989356,0.768,0.184,-0.581,-0.730,-0.607,-0.209,-0.235,0.091,0.874,0.758,0.386,0.076,0.683,-0.202,0.569,0.412,1.000,1.000
3293498,0.0440256,151.908087589312,0.768,0.184,-0.581,-0.730,-0.607,-0.209,-0.235,0.091,0.874,0.759,0.385,0.074,0.671,-0.208,0.591,0.398,1.000,1.000
3293506,0.0453355,151.953423090745,0.768,0.184,-0.581,-0.730,-0.607,-0.209,-0.235,0.091,0.874,0.759,0.385,0.075,0.653,-0.219,0.605,0.401,1.000,1.000
3293516,0.041353,151.99477608921,0.768,0.184,-0.581,-0.730,-0.607,-0.209,-0.235,0.091,0.874,0.760,0.384,0.074,0.639,-0.227,0.616,0.401,1.000,1.000
3293524,0.0478499,152.042625990231,0.768,0.184,-0.581,-0.730,-0.607,-0.209,-0.235,0.091,0.874,0.760,0.385,0.076,0.624,-0.234,0.629,0.400,1.000,1.000
3293536,0.0424374,152.085063390899,0.768,0.184,-0.581,-0.730,-0.607,-0.209,-0.235,0.091,0.874,0.761,0.386,0.077,0.609,-0.247,0.642,0.394,1.000,1.000
3293544,0.0540735,152.139136892278,0.768,0.184,-0.581,-0.730,-0.607,-0.209,-0.235,0.091,0.874,0.761,0.386,0.077,0.604,-0.250,0.647,0.392,1.000,1.000
3293554,0.0528958,152.192032691557,0.768,0.184,-0.581,-0.730,-0.607,-0.209,-0.235,0.091,0.874,0.762,0.386,0.077,0.602,-0.246,0.653,0.388,1.000,1.000
3293562,0.0462939,152.238326590974,0.768,0.184,-0.581,-0.730,-0.607,-0.209,-0.235,0.091,0.874,0.762,0.386,0.075,0.602,-0.247,0.653,0.389,1.000,1.000
3293574,0.0447486,152.283075191546,0.768,0.184,-0.581,-0.730,-0.607,-0.209,-0.235,0.091,0.874,0.762,0.385,0.075,0.603,-0.244,0.653,0.389,1.000,1.000
3293582,0.0476181,152.330693290103,0.768,0.184,-0.581,-0.730,-0.607,-0.209,-0.235,0.091,0.874,0.764,0.387,0.076,0.604,-0.243,0.652,0.389,1.000,1.000
3293590,0.0444179,152.375111189205,0.768,0.184,-0.581,-0.730,-0.607,-0.209,-0.235,0.091,0.874,0.763,0.387,0.076,0.603,-0.244,0.651,0.390,1.000,1.000
3293598,0.0417893,152.416900489945,0.768,0.184,-0.581,-0.730,-0.607,-0.209,-0.235,0.091,0.874,0.766,0.388,0.078,0.603,-0.239,0.654,0.390,1.000,1.000
3293608,0.0459015,152.462801989634,0.768,0.184,-0.581,-0.730,-0.607,-0.209,-0.235,0.091,0.874,0.767,0.388,0.077,0.605,-0.239,0.653,0.388,1.000,1.000
3293618,0.0434244,152.506226391066,0.768,0.184,-0.581,-0.730,-0.607,-0.209,-0.235,0.091,0.874,0.767,0.387,0.076,0.606,-0.237,0.653,0.387,1.000,1.000
3293626,0.0444393,152.550665691961,0.768,0.184,-0.581,-0.730,-0.607,-0.209,-0.235,0.091,0.874,0.768,0.385,0.072,0.608,-0.235,0.651,0.389,1.000,1.000
3293634,0.0452049,152.595870592166,0.768,0.184,-0.581,-0.730,-0.607,-0.209,-0.235,0.091,0.874,0.770,0.383,0.069,0.608,-0.234,0.651,0.390,1.000,1.000
3293644,0.0379607,152.633831292856,0.768,0.184,-0.581,-0.730,-0.607,-0.209,-0.235,0.091,0.874,0.771,0.384,0.067,0.611,-0.230,0.651,0.387,1.000,1.000
3293654,0.0502824,152.684113692958,0.768,0.184,-0.581,-0.730,-0.607,-0.209,-0.235,0.091,0.874,0.771,0.384,0.067,0.611,-0.229,0.651,0.388,1.000,1.000
3293662,0.0489857,152.733099394012,0.768,0.184,-0.581,-0.730,-0.607,-0.209,-0.235,0.091,0.874,0.770,0.383,0.067,0.610,-0.231,0.648,0.393,1.000,1.000
3293670,0.0427612,152.775860593189,0.768,0.184,-0.581,-0.730,-0.607,-0.209,-0.235,0.091,0.874,0.768,0.384,0.067,0.611,-0.232,0.645,0.396,1.000,1.000
3293678,0.0417745,152.81763509335,0.768,0.184,-0.581,-0.730,-0.607,-0.209,-0.235,0.091,0.874,0.769,0.385,0.068,0.612,-0.231,0.645,0.396,1.000,1.000
3293688,0.0471569,152.864791993517,0.768,0.184,-0.581,-0.730,-0.607,-0.209,-0.235,0.091,0.874,0.769,0.386,0.068,0.612,-0.229,0.645,0.396,1.000,1.000
3293698,0.0441303,152.908922292758,0.768,0.184,-0.581,-0.730,-0.607,-0.209,-0.235,0.091,0.874,0.768,0.386,0.068,0.612,-0.229,0.645,0.396,1.000,1.000
3293706,0.0429564,152.95187869342,0.768,0.184,-0.581,-0.730,-0.607,-0.209,-0.235,0.091,0.874,0.768,0.387,0.069,0.613,-0.229,0.644,0.395,1.000,1.000
3293714,0.0448375,152.99671619432,0.768,0.184,-0.581,-0.730,-0.607,-0.209,-0.235,0.091,0.874,0.768,0.387,0.069,0.615,-0.229,0.644,0.393,1.000,1.000
3293724,0.0436774,153.040393595118,0.768,0.184,-0.581,-0.730,-0.607,-0.209,-0.235,0.091,0.874,0.768,0.385,0.067,0.615,-0.230,0.642,0.395,1.000,1.000
3293734,0.0441421,153.084535696078,0.768,0.184,-0.581,-0.730,-0.607,-0.209,-0.235,0.091,0.874,0.768,0.384,0.066,0.616,-0.233,0.639,0.398,1.000,1.000
3293742,0.0470717,153.131607395131,0.768,0.184,-0.581,-0.730,-0.607,-0.209,-0.235,0.091,0.874,0.768,0.383,0.065,0.616,-0.233,0.638,0.399,1.000,1.000
3293750,0.0449161,153.176523495931,0.768,0.184,-0.581,-0.730,-0.607,-0.209,-0.235,0.091,0.874,0.768,0.384,0.064,0.618,-0.232,0.637,0.398,1.000,1.000
3293760,0.0400292,153.216552697588,0.768,0.184,-0.581,-0.730,-0.607,-0.209,-0.235,0.091,0.874,0.767,0.384,0.064,0.619,-0.233,0.636,0.397,1.000,1.000
3293770,0.0462337,153.262786396313,0.768,0.184,-0.581,-0.730,-0.607,-0.209,-0.235,0.091,0.874,0.766,0.386,0.065,0.619,-0.231,0.637,0.397,1.000,1.000
3293778,0.0473395,153.31012589531,0.768,0.184,-0.581,-0.730,-0.607,-0.209,-0.235,0.091,0.874,0.767,0.387,0.066,0.621,-0.229,0.637,0.396,1.000,1.000
3293786,0.0419635,153.35208939435,0.768,0.184,-0.581,-0.730,-0.607,-0.209,-0.235,0.091,0.874,0.765,0.387,0.067,0.622,-0.228,0.636,0.396,1.000,1.000
3293796,0.045152,153.397241395433,0.768,0.184,-0.581,-0.730,-0.607,-0.209,-0.235,0.091,0.874,0.764,0.387,0.066,0.627,-0.224,0.632,0.397,1.000,1.000
3293804,0.0441939,153.441435296554,0.768,0.184,-0.581,-0.730,-0.607,-0.209,-0.235,0.091,0.874,0.767,0.387,0.065,0.641,-0.210,0.619,0.401,1.000,1.000
3293814,0.0445814,153.486016694922,0.768,0.184,-0.581,-0.730,-0.607,-0.209,-0.235,0.091,0.874,0.769,0.389,0.055,0.666,-0.190,0.591,0.413,1.000,1.000
3293822,0.0453134,153.531330094207,0.768,0.184,-0.581,-0.730,-0.607,-0.209,-0.235,0.091,0.874,0.771,0.390,0.054,0.690,-0.168,0.551,0.438,1.000,1.000
3293830,0.0454093,153.57673939364,0.768,0.184,-0.581,-0.730,-0.607,-0.209,-0.235,0.091,0.874,0.770,0.391,0.058,0.702,-0.159,0.527,0.451,1.000,1.000
3293840,0.0391389,153.615878291894,0.768,0.184,-0.581,-0.730,-0.607,-0.209,-0.235,0.091,0.874,0.766,0.391,0.062,0.717,-0.141,0.509,0.455,1.000,1.000
3293850,0.0501423,153.666020591278,0.768,0.184,-0.581,-0.730,-0.607,-0.209,-0.235,0.091,0.874,0.764,0.390,0.061,0.725,-0.135,0.500,0.454,1.000,1.000
3293858,0.0430726,153.709093191195,0.768,0.184,-0.581,-0.730,-0.607,-0.209,-0.235,0.091,0.874,0.764,0.390,0.060,0.729,-0.131,0.493,0.457,1.000,1.000
3293866,0.0430498,153.752142992336,0.768,0.184,-0.581,-0.730,-0.607,-0.209,-0.235,0.091,0.874,0.764,0.390,0.060,0.734,-0.130,0.485,0.459,1.000,1.000
3293876,0.0439238,153.796066791285,0.768,0.184,-0.581,-0.730,-0.607,-0.209,-0.235,0.091,0.874,0.764,0.390,0.062,0.747,-0.115,0.480,0.445,1.000,1.000
3293884,0.0450459,153.841112692375,0.768,0.184,-0.581,-0.730,-0.607,-0.209,-0.235,0.091,0.874,0.762,0.389,0.063,0.745,-0.127,0.470,0.456,1.000,1.000
3293894,0.0432018,153.884314492811,0.768,0.184,-0.581,-0.730,-0.607,-0.209,-0.235,0.091,0.874,0.762,0.390,0.064,0.748,-0.129,0.464,0.457,1.000,1.000
3293902,0.0459939,153.9303083946,0.768,0.184,-0.581,-0.730,-0.607,-0.209,-0.235,0.091,0.874,0.758,0.392,0.064,0.752,-0.132,0.457,0.456,1.000,1.000
3293912,0.0516319,153.981940296013,0.768,0.184,-0.581,-0.730,-0.607,-0.209,-0.235,0.091,0.874,0.758,0.390,0.064,0.755,-0.134,0.452,0.456,1.000,1.000
3293920,0.0398181,154.021758396644,0.768,0.184,-0.581,-0.730,-0.607,-0.209,-0.235,0.091,0.874,0.759,0.389,0.064,0.756,-0.133,0.451,0.455,1.000,1.000
3293928,0.0458673,154.067625698168,0.768,0.184,-0.581,-0.730,-0.607,-0.209,-0.235,0.091,0.874,0.760,0.388,0.062,0.758,-0.134,0.450,0.453,1.000,1.000
3293938,0.0354061,154.103031799663,0.768,0.184,-0.581,-0.730,-0.607,-0.209,-0.235,0.091,0.874,0.761,0.390,0.059,0.759,-0.133,0.452,0.450,1.000,1.000
3293946,0.0526739,154.1557056983,0.768,0.184,-0.581,-0.730,-0.607,-0.209,-0.235,0.091,0.874,0.764,0.389,0.058,0.758,-0.132,0.455,0.448,1.000,1.000
3293956,0.0426391,154.198344797362,0.768,0.184,-0.581,-0.730,-0.607,-0.209,-0.235,0.091,0.874,0.764,0.390,0.059,0.758,-0.132,0.457,0.446,1.000,1.000
3293964,0.045535,154.24387979554,0.768,0.184,-0.581,-0.730,-0.607,-0.209,-0.235,0.091,0.874,0.764,0.391,0.060,0.758,-0.135,0.457,0.446,1.000,1.000
3293972,0.0432017,154.287081495393,0.768,0.184,-0.581,-0.730,-0.607,-0.209,-0.235,0.091,0.874,0.762,0.388,0.059,0.756,-0.138,0.454,0.451,1.000,1.000
3293982,0.0444629,154.331544396002,0.768,0.184,-0.581,-0.730,-0.607,-0.209,-0.235,0.091,0.874,0.761,0.389,0.059,0.756,-0.138,0.454,0.451,1.000,1.000
3293992,0.0447126,154.376256995369,0.768,0.184,-0.581,-0.730,-0.607,-0.209,-0.235,0.091,0.874,0.761,0.389,0.058,0.756,-0.138,0.453,0.451,1.000,1.000
3294000,0.0446012,154.420858193655,0.768,0.184,-0.581,-0.730,-0.607,-0.209,-0.235,0.091,0.874,0.759,0.387,0.059,0.756,-0.139,0.453,0.451,1.000,1.000
3294008,0.0454867,154.466344893444,0.768,0.184,-0.581,-0.730,-0.607,-0.209,-0.235,0.091,0.874,0.759,0.387,0.060,0.756,-0.140,0.453,0.452,1.000,1.000
3294018,0.043075,154.509419892449,0.768,0.184,-0.581,-0.730,-0.607,-0.209,-0.235,0.091,0.874,0.759,0.387,0.059,0.756,-0.139,0.454,0.452,1.000,1.000
3294026,0.048494,154.557913892437,0.768,0.184,-0.581,-0.730,-0.607,-0.209,-0.235,0.091,0.874,0.760,0.388,0.059,0.755,-0.140,0.454,0.451,1.000,1.000
3294036,0.0428006,154.600714494009,0.768,0.184,-0.581,-0.730,-0.607,-0.209,-0.235,0.091,0.874,0.762,0.387,0.060,0.754,-0.140,0.459,0.448,1.000,1.000
3294044,0.0418684,154.642582893837,0.768,0.184,-0.581,-0.730,-0.607,-0.209,-0.235,0.091,0.874,0.763,0.387,0.059,0.754,-0.141,0.456,0.451,1.000,1.000
3294054,0.0472739,154.689856794197,0.768,0.184,-0.581,-0.730,-0.607,-0.209,-0.235,0.091,0.874,0.762,0.388,0.059,0.754,-0.142,0.454,0.453,1.000,1.000
3294062,0.0444343,154.734291095752,0.768,0.184,-0.581,-0.730,-0.607,-0.209,-0.235,0.091,0.874,0.761,0.388,0.060,0.754,-0.143,0.453,0.454,1.000,1.000
3294070,0.0427959,154.777086996008,0.768,0.184,-0.581,-0.730,-0.607,-0.209,-0.235,0.091,0.874,0.763,0.388,0.059,0.753,-0.143,0.454,0.454,1.000,1.000
3294080,0.0430253,154.820112295914,0.768,0.184,-0.581,-0.730,-0.607,-0.209,-0.235,0.091,0.874,0.765,0.389,0.058,0.754,-0.141,0.456,0.451,1.000,1.000
3294088,0.0470738,154.867186096031,0.768,0.184,-0.581,-0.730,-0.607,-0.209,-0.235,0.091,0.874,0.764,0.388,0.058,0.754,-0.142,0.456,0.451,1.000,1.000
3294098,0.0422326,154.909418695141,0.768,0.184,-0.581,-0.730,-0.607,-0.209,-0.235,0.091,0.874,0.764,0.386,0.059,0.753,-0.145,0.455,0.452,1.000,1.000
3294106,0.0463262,154.95574489655,0.768,0.184,-0.581,-0.730,-0.607,-0.209,-0.235,0.091,0.874,0.765,0.389,0.060,0.752,-0.145,0.456,0.453,1.000,1.000
3294116,0.0442649,155.000009797979,0.768,0.184,-0.581,-0.730,-0.607,-0.209,-0.235,0.091,0.874,0.767,0.387,0.062,0.755,-0.141,0.458,0.447,1.000,1.000
3294126,0.0513951,155.051404897589,0.768,0.184,-0.581,-0.730,-0.607,-0.209,-0.235,0.091,0.874,0.764,0.389,0.063,0.753,-0.145,0.456,0.452,1.000,1.000
3294134,0.0379362,155.089341097046,0.768,0.184,-0.581,-0.730,-0.607,-0.209,-0.235,0.091,0.874,0.764,0.387,0.064,0.753,-0.148,0.457,0.450,1.000,1.000
3294142,0.0472974,155.136638496537,0.768,0.184,-0.581,-0.730,-0.607,-0.209,-0.235,0.091,0.874,0.763,0.389,0.065,0.752,-0.149,0.457,0.451,1.000,1.000
3294148,0.0420049,155.178643394727,0.768,0.184,-0.581,-0.730,-0.607,-0.209,-0.235,0.091,0.874,0.763,0.389,0.066,0.752,-0.149,0.457,0.451,1.000,1.000
3294152,0.0224796,155.201122994069,0.768,0.184,-0.581,-0.730,-0.607,-0.209,-0.235,0.091,0.874,0.763,0.387,0.065,0.752,-0.149,0.458,0.451,1.000,1.000
3294160,0.0257075,155.226830494124,0.768,0.184,-0.581,-0.730,-0.607,-0.209,-0.235,0.091,0.874,0.764,0.387,0.065,0.752,-0.149,0.460,0.449,1.000,1.000
3294176,0.0650399,155.29187039705,0.768,0.184,-0.581,-0.730,-0.607,-0.209,-0.235,0.091,0.874,0.762,0.385,0.065,0.752,-0.147,0.466,0.442,1.000,1.000
3294182,0.0520982,155.343968596775,0.768,0.184,-0.581,-0.730,-0.607,-0.209,-0.235,0.091,0.874,0.764,0.386,0.067,0.751,-0.146,0.469,0.441,1.000,1.000
3294192,0.0406816,155.384650197346,0.768,0.184,-0.581,-0.730,-0.607,-0.209,-0.235,0.091,0.874,0.766,0.386,0.069,0.745,-0.152,0.478,0.441,1.000,1.000
3294200,0.0471834,155.431833595503,0.768,0.184,-0.581,-0.730,-0.607,-0.209,-0.235,0.091,0.874,0.767,0.387,0.073,0.735,-0.161,0.487,0.443,1.000,1.000
3294210,0.0328396,155.4646731955,0.768,0.184,-0.581,-0.730,-0.607,-0.209,-0.235,0.091,0.874,0.767,0.387,0.075,0.726,-0.167,0.504,0.437,1.000,1.000
3294218,0.0496333,155.514306497294,0.768,0.184,-0.581,-0.730,-0.607,-0.209,-0.235,0.091,0.874,0.771,0.388,0.077,0.712,-0.185,0.522,0.432,1.000,1.000
3294226,0.0413303,155.555636797566,0.768,0.184,-0.581,-0.730,-0.607,-0.209,-0.235,0.091,0.874,0.773,0.388,0.075,0.698,-0.195,0.548,0.418,1.000,1.000
3294236,0.0430388,155.598675597925,0.768,0.184,-0.581,-0.730,-0.607,-0.209,-0.235,0.091,0.874,0.776,0.391,0.078,0.684,-0.195,0.576,0.403,1.000,1.000
3294244,0.0442097,155.642885298003,0.768,0.184,-0.581,-0.730,-0.607,-0.209,-0.235,0.091,0.874,0.777,0.394,0.078,0.679,-0.193,0.584,0.399,1.000,1.000
3294254,0.0457684,155.688653696794,0.768,0.184,-0.581,-0.730,-0.607,-0.209,-0.235,0.091,0.874,0.778,0.393,0.078,0.679,-0.189,0.591,0.392,1.000,1.000
3294264,0.0441826,155.732836295385,0.768,0.184,-0.581,-0.730,-0.607,-0.209,-0.235,0.091,0.874,0.775,0.391,0.077,0.676,-0.192,0.589,0.398,1.000,1.000
3294274,0.0535133,155.786349595059,0.768,0.184,-0.581,-0.730,-0.607,-0.209,-0.235,0.091,0.874,0.772,0.389,0.080,0.673,-0.195,0.590,0.401,1.000,1.000
3294284,0.0509561,155.837305695284,0.768,0.184,-0.581,-0.730,-0.607,-0.209,-0.235,0.091,0.874,0.773,0.389,0.081,0.669,-0.200,0.595,0.399,1.000,1.000
3294294,0.0519646,155.889270294923,0.768,0.184,-0.581,-0.730,-0.607,-0.209,-0.235,0.091,0.874,0.772,0.388,0.081,0.666,-0.201,0.598,0.398,1.000,1.000
3294302,0.0425286,155.931798894424,0.768,0.184,-0.581,-0.730,-0.607,-0.209,-0.235,0.091,0.874,0.772,0.388,0.081,0.664,-0.202,0.601,0.396,1.000,1.000
3294312,0.0463363,155.978135195095,0.768,0.184,-0.581,-0.730,-0.607,-0.209,-0.235,0.091,0.874,0.772,0.388,0.080,0.662,-0.203,0.605,0.394,1.000,1.000
3294320,0.0450833,156.023218494374,0.768,0.184,-0.581,-0.730,-0.607,-0.209,-0.235,0.091,0.874,0.772,0.388,0.080,0.659,-0.204,0.608,0.393,1.000,1.000
3294330,0.0382843,156.061502796132,0.768,0.184,-0.581,-0.730,-0.607,-0.209,-0.235,0.091,0.874,0.773,0.388,0.081,0.657,-0.204,0.611,0.391,1.000,1.000
3294338,0.0519031,156.113405894954,0.768,0.184,-0.581,-0.730,-0.607,-0.209,-0.235,0.091,0.874,0.771,0.388,0.083,0.655,-0.206,0.611,0.393,1.000,1.000
3294348,0.0475139,156.160919793416,0.768,0.184,-0.581,-0.730,-0.607,-0.209,-0.235,0.091,0.874,0.772,0.388,0.084,0.655,-0.206,0.611,0.394,1.000,1.000
3294352,0.0394144,156.200334191788,0.768,0.184,-0.581,-0.730,-0.607,-0.209,-0.235,0.091,0.874,0.773,0.387,0.083,0.657,-0.205,0.611,0.392,1.000,1.000
3294360,0.0395491,156.239883292932,0.768,0.184,-0.581,-0.730,-0.607,-0.209,-0.235,0.091,0.874,0.773,0.387,0.083,0.657,-0.205,0.611,0.391,1.000,1.000
3294366,0.0242713,156.264154592995,0.768,0.184,-0.581,-0.730,-0.607,-0.209,-0.235,0.091,0.874,0.773,0.388,0.083,0.657,-0.204,0.613,0.389,1.000,1.000
3294372,0.0483438,156.312498393003,0.768,0.184,-0.581,-0.730,-0.607,-0.209,-0.235,0.091,0.874,0.773,0.389,0.083,0.657,-0.203,0.614,0.388,1.000,1.000
3294380,0.0186351,156.331133492757,0.768,0.184,-0.581,-0.730,-0.607,-0.209,-0.235,0.091,0.874,0.773,0.389,0.082,0.657,-0.202,0.615,0.386,1.000,1.000
3294386,0.0314135,156.362546992023,0.768,0.184,-0.581,-0.730,-0.607,-0.209,-0.235,0.091,0.874,0.773,0.388,0.082,0.657,-0.201,0.616,0.386,1.000,1.000
3294396,0.0389474,156.401494391728,0.768,0.184,-0.581,-0.730,-0.607,-0.209,-0.235,0.091,0.874,0.773,0.388,0.082,0.656,-0.201,0.615,0.388,1.000,1.000
3294404,0.0512442,156.452738591004,0.768,0.184,-0.581,-0.730,-0.607,-0.209,-0.235,0.091,0.874,0.772,0.388,0.082,0.657,-0.201,0.614,0.388,1.000,1.000
3294414,0.0414894,156.494227990974,0.768,0.184,-0.581,-0.730,-0.607,-0.209,-0.235,0.091,0.874,0.772,0.388,0.083,0.657,-0.200,0.614,0.388,1.000,1.000
3294420,0.0401161,156.534344092477,0.768,0.184,-0.581,-0.730,-0.607,-0.209,-0.235,0.091,0.874,0.771,0.388,0.083,0.658,-0.201,0.614,0.388,1.000,1.000
3294428,0.0341824,156.568526491988,0.768,0.184,-0.581,-0.730,-0.607,-0.209,-0.235,0.091,0.874,0.771,0.388,0.084,0.659,-0.201,0.614,0.387,1.000,1.000
3294438,0.0459744,156.614500891883,0.768,0.184,-0.581,-0.730,-0.607,-0.209,-0.235,0.091,0.874,0.770,0.387,0.084,0.659,-0.200,0.614,0.387,1.000,1.000
3294446,0.0420922,156.656593092252,0.768,0.184,-0.581,-0.730,-0.607,-0.209,-0.235,0.091,0.874,0.769,0.387,0.085,0.659,-0.199,0.614,0.388,1.000,1.000
3294456,0.041531,156.698124092538,0.768,0.184,-0.581,-0.730,-0.607,-0.209,-0.235,0.091,0.874,0.767,0.385,0.085,0.659,-0.199,0.612,0.388,1.000,1.000
3294464,0.0463499,156.744473994244,0.768,0.184,-0.581,-0.730,-0.607,-0.209,-0.235,0.091,0.874,0.764,0.384,0.084,0.657,-0.205,0.612,0.390,1.000,1.000
3294474,0.0453811,156.78985509323,0.768,0.184,-0.581,-0.730,-0.607,-0.209,-0.235,0.091,0.874,0.763,0.385,0.084,0.657,-0.204,0.613,0.390,1.000,1.000
3294484,0.0445848,156.834439892787,0.768,0.184,-0.581,-0.730,-0.607,-0.209,-0.235,0.091,0.874,0.764,0.386,0.085,0.656,-0.204,0.614,0.389,1.000,1.000
3294494,0.0519718,156.886411693413,0.768,0.184,-0.581,-0.730,-0.607,-0.209,-0.235,0.091,0.874,0.763,0.385,0.084,0.656,-0.203,0.615,0.388,1.000,1.000
3294502,0.0454975,156.931909192819,0.768,0.184,-0.581,-0.730,-0.607,-0.209,-0.235,0.091,0.874,0.763,0.386,0.085,0.656,-0.202,0.615,0.388,1.000,1.000
3294512,0.0462256,156.978134792764,0.768,0.184,-0.581,-0.730,-0.607,-0.209,-0.235,0.091,0.874,0.763,0.387,0.084,0.657,-0.201,0.615,0.386,1.000,1.000
3294522,0.0513347,157.029469494242,0.768,0.184,-0.581,-0.730,-0.607,-0.209,-0.235,0.091,0.874,0.764,0.389,0.083,0.657,-0.200,0.616,0.386,1.000,1.000
3294532,0.0437042,157.073173694778,0.768,0.184,-0.581,-0.730,-0.607,-0.209,-0.235,0.091,0.874,0.765,0.389,0.082,0.656,-0.198,0.617,0.386,1.000,1.000
3294540,0.0478837,157.121057395358,0.768,0.184,-0.581,-0.730,-0.607,-0.209,-0.235,0.091,0.874,0.765,0.390,0.082,0.657,-0.197,0.616,0.387,1.000,1.000
3294550,0.0465496,157.167606994975,0.768,0.184,-0.581,-0.730,-0.607,-0.209,-0.235,0.091,0.874,0.765,0.389,0.081,0.659,-0.194,0.616,0.387,1.000,1.000
3294558,0.0462017,157.213808693457,0.768,0.184,-0.581,-0.730,-0.607,-0.209,-0.235,0.091,0.874,0.765,0.389,0.081,0.660,-0.192,0.614,0.388,1.000,1.000
3294564,0.0440081,157.257816792,0.768,0.184,-0.581,-0.730,-0.607,-0.209,-0.235,0.091,0.874,0.765,0.390,0.081,0.661,-0.191,0.613,0.388,1.000,1.000
3294572,0.0331746,157.290991392452,0.768,0.184,-0.581,-0.730,-0.607,-0.209,-0.235,0.091,0.874,0.766,0.389,0.081,0.662,-0.191,0.613,0.388,1.000,1.000
3294578,0.0409277,157.331919093151,0.768,0.184,-0.581,-0.730,-0.607,-0.209,-0.235,0.091,0.874,0.766,0.389,0.081,0.663,-0.189,0.612,0.388,1.000,1.000
3294584,0.0307294,157.362648493145,0.768,0.184,-0.581,-0.730,-0.607,-0.209,-0.235,0.091,0.874,0.766,0.389,0.080,0.663,-0.190,0.611,0.388,1.000,1.000
3294590,0.0250573,157.38770579407,0.768,0.184,-0.581,-0.730,-0.607,-0.209,-0.235,0.091,0.874,0.766,0.389,0.080,0.663,-0.190,0.611,0.389,1.000,1.000
3294598,0.0404559,157.428161694203,0.768,0.184,-0.581,-0.730,-0.607,-0.209,-0.235,0.091,0.874,0.767,0.389,0.081,0.665,-0.189,0.610,0.388,1.000,1.000
3294604,0.0476379,157.475799592678,0.768,0.184,-0.581,-0.730,-0.607,-0.209,-0.235,0.091,0.874,0.767,0.389,0.080,0.665,-0.189,0.608,0.389,1.000,1.000
3294614,0.0115723,157.487371893134,0.768,0.184,-0.581,-0.730,-0.607,-0.209,-0.235,0.091,0.874,0.766,0.390,0.080,0.667,-0.190,0.605,0.392,1.000,1.000
3294620,0.0654428,157.552814693656,0.768,0.184,-0.581,-0.730,-0.607,-0.209,-0.235,0.091,0.874,0.767,0.390,0.081,0.668,-0.190,0.604,0.392,1.000,1.000
3294628,0.036227,157.58904169267,0.768,0.184,-0.581,-0.730,-0.607,-0.209,-0.235,0.091,0.874,0.768,0.390,0.081,0.668,-0.190,0.603,0.393,1.000,1.000
3294638,0.0227255,157.611767192837,0.768,0.184,-0.581,-0.730,-0.607,-0.209,-0.235,0.091,0.874,0.769,0.390,0.081,0.668,-0.190,0.603,0.392,1.000,1.000
3294648,0.0544182,157.666185391601,0.768,0.184,-0.581,-0.730,-0.607,-0.209,-0.235,0.091,0.874,0.770,0.390,0.081,0.669,-0.189,0.602,0.393,1.000,1.000
3294656,0.0406307,157.706816089805,0.768,0.184,-0.581,-0.730,-0.607,-0.209,-0.235,0.091,0.874,0.771,0.390,0.080,0.669,-0.189,0.601,0.393,1.000,1.000
3294664,0.0366131,157.743429189082,0.768,0.184,-0.581,-0.730,-0.607,-0.209,-0.235,0.091,0.874,0.771,0.390,0.079,0.672,-0.188,0.599,0.393,1.000,1.000
3294672,0.0378461,157.781275288668,0.768,0.184,-0.581,-0.730,-0.607,-0.209,-0.235,0.091,0.874,0.772,0.390,0.079,0.674,-0.188,0.596,0.394,1.000,1.000
3294680,0.0472871,157.828562387731,0.768,0.184,-0.581,-0.730,-0.607,-0.209,-0.235,0.091,0.874,0.773,0.389,0.078,0.676,-0.189,0.593,0.395,1.000,1.000
3294690,0.0452278,157.873790187296,0.768,0.184,-0.581,-0.730,-0.607,-0.209,-0.235,0.091,0.874,0.773,0.389,0.078,0.677,-0.190,0.591,0.396,1.000,1.000
3294700,0.0420008,157.915790987667,0.768,0.184,-0.581,-0.730,-0.607,-0.209,-0.235,0.091,0.874,0.773,0.387,0.078,0.679,-0.189,0.588,0.397,1.000,1.000
3294710,0.0482751,157.964066085871,0.768,0.184,-0.581,-0.730,-0.607,-0.209,-0.235,0.091,0.874,0.772,0.387,0.077,0.681,-0.189,0.587,0.396,1.000,1.000
3294720,0.0476809,158.011746985372,0.768,0.184,-0.581,-0.730,-0.607,-0.209,-0.235,0.091,0.874,0.771,0.387,0.075,0.682,-0.188,0.584,0.398,1.000,1.000
3294728,0.0503712,158.062118185218,0.768,0.184,-0.581,-0.730,-0.607,-0.209,-0.235,0.091,0.874,0.769,0.388,0.073,0.683,-0.190,0.580,0.402,1.000,1.000
3294738,0.0472615,158.109379684087,0.768,0.184,-0.581,-0.730,-0.607,-0.209,-0.235,0.091,0.874,0.768,0.389,0.072,0.684,-0.191,0.577,0.404,1.000,1.000
3294748,0.0496137,158.158993383404,0.768,0.184,-0.581,-0.730,-0.607,-0.209,-0.235,0.091,0.874,0.765,0.390,0.070,0.687,-0.189,0.572,0.408,1.000,1.000
3294758,0.0497211,158.20871448284,0.768,0.184,-0.581,-0.730,-0.607,-0.209,-0.235,0.091,0.874,0.763,0.389,0.068,0.688,-0.190,0.567,0.411,1.000,1.000
3294766,0.0447224,158.253436883446,0.768,0.184,-0.581,-0.730,-0.607,-0.209,-0.235,0.091,0.874,0.762,0.388,0.066,0.690,-0.190,0.563,0.412,1.000,1.000
3294776,0.0456936,158.299130482133,0.768,0.184,-0.581,-0.730,-0.607,-0.209,-0.235,0.091,0.874,0.761,0.387,0.066,0.693,-0.189,0.557,0.416,1.000,1.000
3294784,0.0418445,158.3409749805,0.768,0.184,-0.581,-0.730,-0.607,-0.209,-0.235,0.091,0.874,0.759,0.386,0.063,0.696,-0.189,0.553,0.416,1.000,1.000
3294794,0.0509958,158.391970781144,0.768,0.184,-0.581,-0.730,-0.607,-0.209,-0.235,0.091,0.874,0.758,0.385,0.061,0.700,-0.188,0.549,0.416,1.000,1.000
3294802,0.0390107,158.430981480982,0.768,0.184,-0.581,-0.730,-0.607,-0.209,-0.235,0.091,0.874,0.757,0.385,0.060,0.701,-0.188,0.548,0.416,1.000,1.000
3294812,0.0464129,158.477394381072,0.768,0.184,-0.581,-0.730,-0.607,-0.209,-0.235,0.091,0.874,0.755,0.384,0.059,0.700,-0.191,0.547,0.417,1.000,1.000
3294820,0.0436988,158.521093179937,0.768,0.184,-0.581,-0.730,-0.607,-0.209,-0.235,0.091,0.874,0.754,0.385,0.059,0.700,-0.192,0.546,0.418,1.000,1.000
3294828,0.0417989,158.56289208075,0.768,0.184,-0.581,-0.730,-0.607,-0.209,-0.235,0.091,0.874,0.752,0.386,0.060,0.700,-0.192,0.547,0.417,1.000,1.000
3294838,0.0475636,158.610455682036,0.768,0.184,-0.581,-0.730,-0.607,-0.209,-0.235,0.091,0.874,0.751,0.386,0.062,0.700,-0.191,0.546,0.418,1.000,1.000
3294846,0.0470362,158.657491882797,0.768,0.184,-0.581,-0.730,-0.607,-0.209,-0.235,0.091,0.874,0.753,0.386,0.060,0.700,-0.190,0.547,0.418,1.000,1.000
3294856,0.0431658,158.700657682028,0.768,0.184,-0.581,-0.730,-0.607,-0.209,-0.235,0.091,0.874,0.752,0.387,0.057,0.701,-0.188,0.548,0.417,1.000,1.000
3294864,0.0431849,158.743842580821,0.768,0.184,-0.581,-0.730,-0.607,-0.209,-0.235,0.091,0.874,0.751,0.387,0.059,0.700,-0.187,0.548,0.418,1.000,1.000
3294872,0.0461613,158.790003882255,0.768,0.184,-0.581,-0.730,-0.607,-0.209,-0.235,0.091,0.874,0.750,0.387,0.060,0.699,-0.187,0.549,0.418,1.000,1.000
3294882,0.0423208,158.832324681338,0.768,0.184,-0.581,-0.730,-0.607,-0.209,-0.235,0.091,0.874,0.751,0.385,0.057,0.699,-0.187,0.548,0.420,1.000,1.000
3294890,0.0461403,158.878464979585,0.768,0.184,-0.581,-0.730,-0.607,-0.209,-0.235,0.091,0.874,0.751,0.383,0.053,0.697,-0.184,0.549,0.422,1.000,1.000
3294898,0.0417463,158.920211279299,0.768,0.184,-0.581,-0.730,-0.607,-0.209,-0.235,0.091,0.874,0.749,0.383,0.057,0.695,-0.181,0.549,0.428,1.000,1.000
3294906,0.0359211,158.956132379826,0.768,0.184,-0.581,-0.730,-0.607,-0.209,-0.235,0.091,0.874,0.748,0.385,0.061,0.695,-0.179,0.549,0.429,1.000,1.000
3294916,0.0443752,159.000507579651,0.768,0.184,-0.581,-0.730,-0.607,-0.209,-0.235,0.091,0.874,0.749,0.386,0.063,0.698,-0.177,0.548,0.426,1.000,1.000
3294924,0.0427529,159.04326047888,0.768,0.184,-0.581,-0.730,-0.607,-0.209,-0.235,0.091,0.874,0.749,0.385,0.063,0.700,-0.176,0.547,0.424,1.000,1.000
3294934,0.0450752,159.088335679378,0.768,0.184,-0.581,-0.730,-0.607,-0.209,-0.235,0.091,0.874,0.750,0.385,0.062,0.700,-0.176,0.548,0.423,1.000,1.000
3294942,0.0444357,159.132771377917,0.768,0.184,-0.581,-0.730,-0.607,-0.209,-0.235,0.091,0.874,0.749,0.384,0.061,0.701,-0.178,0.547,0.422,1.000,1.000
3294952,0.0425957,159.175367077347,0.768,0.184,-0.581,-0.730,-0.607,-0.209,-0.235,0.091,0.874,0.749,0.378,0.060,0.709,-0.202,0.533,0.416,1.000,1.000
3294960,0.0463589,159.221725975629,0.768,0.184,-0.581,-0.730,-0.607,-0.209,-0.235,0.091,0.874,0.750,0.376,0.061,0.710,-0.222,0.522,0.417,0.404,0.907
3294970,0.0464011,159.268127073999,0.768,0.184,-0.581,-0.730,-0.607,-0.209,-0.235,0.091,0.874,0.751,0.375,0.057,0.707,-0.236,0.515,0.423,0.363,0.421
3294980,0.0513388,159.319465873297,0.768,0.184,-0.581,-0.730,-0.607,-0.209,-0.235,0.091,0.874,0.750,0.377,0.057,0.703,-0.245,0.511,0.430,0.213,0.000
3294990,0.0484092,159.367875074502,0.768,0.184,-0.581,-0.730,-0.607,-0.209,-0.235,0.091,0.874,0.752,0.378,0.059,0.700,-0.253,0.505,0.437,0.158,0.000
3294998,0.04461,159.412485075649,0.768,0.184,-0.581,-0.730,-0.607,-0.209,-0.235,0.091,0.874,0.752,0.377,0.062,0.701,-0.255,0.497,0.443,0.172,0.000
3295006,0.0457223,159.458207373973,0.768,0.184,-0.581,-0.730,-0.607,-0.209,-0.235,0.091,0.874,0.752,0.378,0.063,0.705,-0.250,0.495,0.444,0.181,0.107
3295016,0.0395366,159.497743973043,0.768,0.184,-0.581,-0.730,-0.607,-0.209,-0.235,0.091,0.874,0.752,0.378,0.062,0.706,-0.246,0.494,0.443,0.202,0.000
3295024,0.044931,159.542674971279,0.768,0.184,-0.581,-0.730,-0.607,-0.209,-0.235,0.091,0.874,0.752,0.378,0.062,0.707,-0.245,0.493,0.443,0.222,0.000
3295034,0.0432639,159.585938872304,0.768,0.184,-0.581,-0.730,-0.607,-0.209,-0.235,0.091,0.874,0.753,0.378,0.063,0.707,-0.245,0.492,0.444,0.216,0.000
3295042,0.0486124,159.634551273193,0.768,0.184,-0.581,-0.730,-0.607,-0.209,-0.235,0.091,0.874,0.754,0.378,0.064,0.706,-0.247,0.492,0.445,0.219,0.000
3295050,0.040745,159.675296274479,0.768,0.184,-0.581,-0.730,-0.607,-0.209,-0.235,0.091,0.874,0.755,0.378,0.065,0.708,-0.244,0.492,0.444,0.210,0.000
3295060,0.0436004,159.718896673527,0.768,0.184,-0.581,-0.730,-0.607,-0.209,-0.235,0.091,0.874,0.754,0.378,0.065,0.708,-0.244,0.493,0.443,0.232,0.000
3295068,0.0450448,159.763941471931,0.768,0.184,-0.581,-0.730,-0.607,-0.209,-0.235,0.091,0.874,0.755,0.378,0.067,0.708,-0.242,0.494,0.443,0.185,0.000
3295076,0.0434917,159.807433170732,0.768,0.184,-0.581,-0.730,-0.607,-0.209,-0.235,0.091,0.874,0.756,0.379,0.068,0.709,-0.240,0.495,0.443,0.249,0.000
3295086,0.0382708,159.845703972038,0.768,0.184,-0.581,-0.730,-0.607,-0.209,-0.235,0.091,0.874,0.756,0.377,0.068,0.710,-0.237,0.496,0.440,0.259,0.000
3295096,0.0516171,159.897321072873,0.768,0.184,-0.581,-0.730,-0.607,-0.209,-0.235,0.091,0.874,0.756,0.377,0.069,0.710,-0.238,0.496,0.440,0.265,0.000
3295104,0.047491,159.944812071975,0.768,0.184,-0.581,-0.730,-0.607,-0.209,-0.235,0.091,0.874,0.755,0.377,0.069,0.710,-0.237,0.498,0.439,0.247,0.000
3295112,0.0464908,159.991302871611,0.768,0.184,-0.581,-0.730,-0.607,-0.209,-0.235,0.091,0.874,0.754,0.376,0.070,0.709,-0.237,0.498,0.440,0.253,0.000
3295122,0.0406698,160.031972670462,0.768,0.184,-0.581,-0.730,-0.607,-0.209,-0.235,0.091,0.874,0.755,0.377,0.071,0.709,-0.237,0.499,0.439,0.255,0.000
3295130,0.0428158,160.074788471218,0.768,0.184,-0.581,-0.730,-0.607,-0.209,-0.235,0.091,0.874,0.755,0.376,0.072,0.709,-0.236,0.499,0.438,0.252,0.000
3295138,0.0436383,160.118426771369,0.768,0.184,-0.581,-0.730,-0.607,-0.209,-0.235,0.091,0.874,0.755,0.376,0.072,0.710,-0.235,0.500,0.437,0.247,0.000
3295148,0.0405368,160.158963569906,0.768,0.184,-0.581,-0.730,-0.607,-0.209,-0.235,0.091,0.874,0.755,0.376,0.072,0.709,-0.235,0.500,0.438,0.253,0.000
3295158,0.051866,160.210829568561,0.768,0.184,-0.581,-0.730,-0.607,-0.209,-0.235,0.091,0.874,0.757,0.377,0.072,0.709,-0.236,0.500,0.438,0.250,0.000
3295166,0.0438327,160.254662269261,0.768,0.184,-0.581,-0.730,-0.607,-0.209,-0.235,0.091,0.874,0.757,0.377,0.073,0.709,-0.237,0.500,0.438,0.249,0.000
3295176,0.0429693,160.297631570604,0.768,0.184,-0.581,-0.730,-0.607,-0.209,-0.235,0.091,0.874,0.757,0.376,0.073,0.708,-0.237,0.501,0.437,0.244,0.000
3295184,0.0464903,160.34412187105,0.768,0.184,-0.581,-0.730,-0.607,-0.209,-0.235,0.091,0.874,0.758,0.376,0.073,0.708,-0.236,0.501,0.437,0.245,0.000
3295194,0.0442735,160.38839537045,0.768,0.184,-0.581,-0.730,-0.607,-0.209,-0.235,0.091,0.874,0.758,0.375,0.074,0.708,-0.236,0.502,0.437,0.251,0.000
3295202,0.0471991,160.435594470706,0.768,0.184,-0.581,-0.730,-0.607,-0.209,-0.235,0.091,0.874,0.758,0.375,0.075,0.709,-0.234,0.503,0.436,0.257,0.000
3295212,0.0474219,160.483016369399,0.768,0.184,-0.581,-0.730,-0.607,-0.209,-0.235,0.091,0.874,0.758,0.375,0.076,0.708,-0.233,0.504,0.436,0.272,0.000
3295218,0.0393869,160.522403267678,0.768,0.184,-0.581,-0.730,-0.607,-0.209,-0.235,0.091,0.874,0.759,0.375,0.075,0.709,-0.234,0.503,0.436,0.258,0.000
3295228,0.0409221,160.563325369265,0.768,0.184,-0.581,-0.730,-0.607,-0.209,-0.235,0.091,0.874,0.759,0.376,0.075,0.708,-0.233,0.505,0.435,0.263,0.000
3295238,0.0453573,160.608682671096,0.768,0.184,-0.581,-0.730,-0.607,-0.209,-0.235,0.091,0.874,0.759,0.375,0.075,0.708,-0.233,0.506,0.434,0.261,0.000
3295246,0.0463755,160.655058169272,0.768,0.184,-0.581,-0.730,-0.607,-0.209,-0.235,0.091,0.874,0.758,0.376,0.076,0.708,-0.233,0.506,0.434,0.252,0.000
3295254,0.0431407,160.698198867496,0.768,0.184,-0.581,-0.730,-0.607,-0.209,-0.235,0.091,0.874,0.759,0.376,0.076,0.708,-0.232,0.507,0.434,0.254,0.000
3295264,0.0438844,160.742083267774,0.768,0.184,-0.581,-0.730,-0.607,-0.209,-0.235,0.091,0.874,0.759,0.375,0.076,0.708,-0.230,0.508,0.433,0.258,0.000
3295272,0.0436032,160.78568646824,0.768,0.184,-0.581,-0.730,-0.607,-0.209,-0.235,0.091,0.874,0.758,0.375,0.076,0.708,-0.230,0.508,0.433,0.254,0.000
3295280,0.0458524,160.831538868602,0.768,0.184,-0.581,-0.730,-0.607,-0.209,-0.235,0.091,0.874,0.759,0.376,0.075,0.708,-0.231,0.508,0.433,0.235,0.000
3295290,0.0440891,160.875627969857,0.768,0.184,-0.581,-0.730,-0.607,-0.209,-0.235,0.091,0.874,0.759,0.377,0.075,0.709,-0.230,0.508,0.432,0.228,0.000
3295298,0.0429919,160.918619868811,0.768,0.184,-0.581,-0.730,-0.607,-0.209,-0.235,0.091,0.874,0.760,0.377,0.074,0.709,-0.229,0.509,0.432,0.234,0.000
3295308,0.0416659,160.96028576931,0.768,0.184,-0.581,-0.730,-0.607,-0.209,-0.235,0.091,0.874,0.760,0.377,0.074,0.708,-0.229,0.510,0.431,0.234,0.000
3295318,0.0518472,161.012132970151,0.768,0.184,-0.581,-0.730,-0.607,-0.209,-0.235,0.091,0.874,0.761,0.377,0.074,0.709,-0.229,0.510,0.430,0.235,0.000
3295326,0.0438262,161.055959170219,0.768,0.184,-0.581,-0.730,-0.607,-0.209,-0.235,0.091,0.874,0.761,0.378,0.074,0.710,-0.228,0.511,0.428,0.248,0.000
3295336,0.0439009,161.099860069808,0.768,0.184,-0.581,-0.730,-0.607,-0.209,-0.235,0.091,0.874,0.761,0.378,0.074,0.710,-0.228,0.511,0.428,0.261,0.000
3295344,0.0433865,161.143246570136,0.768,0.184,-0.581,-0.730,-0.607,-0.209,-0.235,0.091,0.874,0.761,0.378,0.073,0.710,-0.228,0.511,0.427,0.272,0.000
3295352,0.0449166,161.188163170125,0.768,0.184,-0.581,-0.730,-0.607,-0.209,-0.235,0.091,0.874,0.762,0.378,0.072,0.712,-0.225,0.511,0.425,0.273,0.000
3295362,0.0429749,161.23113807058,0.768,0.184,-0.581,-0.730,-0.607,-0.209,-0.235,0.091,0.874,0.763,0.378,0.072,0.714,-0.224,0.511,0.423,0.291,0.000
3295370,0.0484598,161.279597872403,0.768,0.184,-0.581,-0.730,-0.607,-0.209,-0.235,0.091,0.874,0.763,0.378,0.072,0.714,-0.223,0.513,0.421,0.312,0.000
3295380,0.0417104,161.321308271494,0.768,0.184,-0.581,-0.730,-0.607,-0.209,-0.235,0.091,0.874,0.764,0.378,0.071,0.716,-0.222,0.513,0.419,0.314,0.012
3295388,0.0413182,161.362626472022,0.768,0.184,-0.581,-0.730,-0.607,-0.209,-0.235,0.091,0.874,0.763,0.379,0.072,0.716,-0.221,0.512,0.420,0.325,0.084
3295398,0.048941,161.411567473318,0.768,0.184,-0.581,-0.730,-0.607,-0.209,-0.235,0.091,0.874,0.763,0.380,0.072,0.718,-0.216,0.513,0.418,0.302,0.171
3295406,0.0478078,161.459375274833,0.768,0.184,-0.581,-0.730,-0.607,-0.209,-0.235,0.091,0.874,0.762,0.380,0.073,0.721,-0.210,0.513,0.415,0.327,0.293
3295416,0.0377606,161.497135875281,0.768,0.184,-0.581,-0.730,-0.607,-0.209,-0.235,0.091,0.874,0.761,0.381,0.073,0.723,-0.206,0.512,0.415,0.344,0.420
3295424,0.0469384,161.544074275997,0.768,0.184,-0.581,-0.730,-0.607,-0.209,-0.235,0.091,0.874,0.760,0.381,0.073,0.724,-0.203,0.512,0.415,0.350,0.486
3295432,0.0457485,161.589822774287,0.768,0.184,-0.581,-0.730,-0.607,-0.209,-0.235,0.091,0.874,0.760,0.381,0.073,0.724,-0.201,0.512,0.415,0.354,0.515
3295436,0.0433734,161.63319617277,0.768,0.184,-0.581,-0.730,-0.607,-0.209,-0.235,0.091,0.874,0.760,0.381,0.073,0.725,-0.200,0.512,0.415,0.352,0.539
3295444,0.0204883,161.6536844722,0.768,0.184,-0.581,-0.730,-0.607,-0.209,-0.235,0.091,0.874,0.760,0.381,0.073,0.725,-0.200,0.512,0.415,0.351,0.542
3295448,0.0311339,161.684818371665,0.768,0.184,-0.581,-0.730,-0.607,-0.209,-0.235,0.091,0.874,0.760,0.381,0.074,0.725,-0.199,0.512,0.415,0.346,0.549
3295458,0.0288461,161.713664471637,0.768,0.184,-0.581,-0.730,-0.607,-0.209,-0.235,0.091,0.874,0.760,0.381,0.074,0.725,-0.199,0.512,0.416,0.346,0.555
3295472,0.0625988,161.776263273787,0.768,0.184,-0.581,-0.730,-0.607,-0.209,-0.235,0.091,0.874,0.760,0.383,0.074,0.726,-0.196,0.513,0.414,0.343,0.561
3295480,0.0540084,161.830271671992,0.768,0.184,-0.581,-0.730,-0.607,-0.209,-0.235,0.091,0.874,0.760,0.382,0.075,0.726,-0.192,0.515,0.412,0.363,0.635
3295488,0.0385412,161.868812873494,0.768,0.184,-0.581,-0.730,-0.607,-0.209,-0.235,0.091,0.874,0.760,0.383,0.076,0.726,-0.185,0.520,0.409,0.394,0.706
3295498,0.0449833,161.913796174806,0.768,0.184,-0.581,-0.730,-0.607,-0.209,-0.235,0.091,0.874,0.760,0.384,0.076,0.726,-0.171,0.531,0.403,0.445,0.896
3295506,0.0423863,161.956182475667,0.768,0.184,-0.581,-0.730,-0.607,-0.209,-0.235,0.091,0.874,0.760,0.383,0.075,0.725,-0.164,0.533,0.403,0.659,1.000
3295516,0.0424969,161.998679376673,0.768,0.184,-0.581,-0.730,-0.607,-0.209,-0.235,0.091,0.874,0.760,0.383,0.076,0.725,-0.159,0.535,0.404,0.703,1.000
3295524,0.0456268,162.04430617718,0.768,0.184,-0.581,-0.730,-0.607,-0.209,-0.235,0.091,0.874,0.761,0.382,0.077,0.725,-0.156,0.535,0.405,0.719,1.000
3295534,0.043243,162.087549175601,0.768,0.184,-0.581,-0.730,-0.607,-0.209,-0.235,0.091,0.874,0.761,0.381,0.076,0.726,-0.154,0.535,0.404,0.719,1.000
3295542,0.0449205,162.132469675969,0.768,0.184,-0.581,-0.730,-0.607,-0.209,-0.235,0.091,0.874,0.760,0.381,0.076,0.727,-0.154,0.534,0.403,0.697,1.000
3295552,0.0458015,162.17827117769,0.768,0.184,-0.581,-0.730,-0.607,-0.209,-0.235,0.091,0.874,0.759,0.380,0.077,0.728,-0.152,0.532,0.404,0.709,1.000
3295562,0.051948,162.230219177436,0.768,0.184,-0.581,-0.730,-0.607,-0.209,-0.235,0.091,0.874,0.760,0.379,0.077,0.729,-0.152,0.531,0.404,0.691,1.000
3295572,0.0467266,162.276945776772,0.768,0.184,-0.581,-0.730,-0.607,-0.209,-0.235,0.091,0.874,0.760,0.378,0.076,0.728,-0.155,0.530,0.406,0.668,1.000
3295582,0.0545206,162.331466376316,0.768,0.184,-0.581,-0.730,-0.607,-0.209,-0.235,0.091,0.874,0.759,0.379,0.076,0.729,-0.154,0.531,0.403,0.706,1.000
3295590,0.0452665,162.376732877921,0.768,0.184,-0.581,-0.730,-0.607,-0.209,-0.235,0.091,0.874,0.759,0.379,0.077,0.729,-0.153,0.530,0.404,0.735,1.000
3295600,0.0437567,162.420489578974,0.768,0.184,-0.581,-0.730,-0.607,-0.209,-0.235,0.091,0.874,0.759,0.378,0.078,0.730,-0.152,0.530,0.404,0.739,1.000
3295608,0.0455785,162.466068077367,0.768,0.184,-0.581,-0.730,-0.607,-0.209,-0.235,0.091,0.874,0.759,0.377,0.078,0.729,-0.153,0.529,0.405,0.725,1.000
3295616,0.0433587,162.509426775854,0.768,0.184,-0.581,-0.730,-0.607,-0.209,-0.235,0.091,0.874,0.758,0.377,0.078,0.729,-0.154,0.529,0.405,0.703,1.000
3295626,0.0431098,162.552536576521,0.768,0.184,-0.581,-0.730,-0.607,-0.209,-0.235,0.091,0.874,0.758,0.378,0.078,0.729,-0.154,0.529,0.405,0.703,1.000
3295636,0.0446638,162.59720037831,0.768,0.184,-0.581,-0.730,-0.607,-0.209,-0.235,0.091,0.874,0.758,0.378,0.078,0.729,-0.154,0.529,0.406,0.716,1.000
3295644,0.0525263,162.64972667722,0.768,0.184,-0.581,-0.730,-0.607,-0.209,-0.235,0.091,0.874,0.758,0.378,0.078,0.730,-0.153,0.529,0.406,0.711,1.000
3295652,0.0348829,162.684609576594,0.768,0.184,-0.581,-0.730,-0.607,-0.209,-0.235,0.091,0.874,0.758,0.377,0.078,0.728,-0.156,0.528,0.408,0.697,1.000
3295662,0.0453177,162.729927274864,0.768,0.184,-0.581,-0.730,-0.607,-0.209,-0.235,0.091,0.874,0.758,0.377,0.078,0.729,-0.156,0.527,0.408,0.714,1.000
3295670,0.0434093,162.77333657397,0.768,0.184,-0.581,-0.730,-0.607,-0.209,-0.235,0.091,0.874,0.758,0.377,0.078,0.729,-0.155,0.527,0.409,0.744,1.000
3295678,0.0446029,162.817939474713,0.768,0.184,-0.581,-0.730,-0.607,-0.209,-0.235,0.091,0.874,0.758,0.377,0.079,0.729,-0.155,0.527,0.409,0.751,1.000
3295688,0.0433334,162.861272874754,0.768,0.184,-0.581,-0.730,-0.607,-0.209,-0.235,0.091,0.874,0.759,0.377,0.079,0.729,-0.154,0.527,0.409,0.761,1.000
3295698,0.0476061,162.908878974151,0.768,0.184,-0.581,-0.730,-0.607,-0.209,-0.235,0.091,0.874,0.759,0.378,0.078,0.729,-0.154,0.527,0.409,0.760,1.000
3295706,0.0457365,162.954615473282,0.768,0.184,-0.581,-0.730,-0.607,-0.209,-0.235,0.091,0.874,0.760,0.378,0.078,0.729,-0.153,0.528,0.408,0.755,1.000
3295716,0.0507425,163.005357972812,0.768,0.184,-0.581,-0.730,-0.607,-0.209,-0.235,0.091,0.874,0.760,0.377,0.078,0.729,-0.153,0.528,0.409,0.756,1.000
3295722,0.0389003,163.044258273672,0.768,0.184,-0.581,-0.730,-0.607,-0.209,-0.235,0.091,0.874,0.760,0.377,0.078,0.729,-0.153,0.528,0.408,0.759,1.000
3295730,0.0399604,163.084218672942,0.768,0.184,-0.581,-0.730,-0.607,-0.209,-0.235,0.091,0.874,0.760,0.377,0.078,0.729,-0.154,0.528,0.408,0.759,1.000
3295736,0.0303031,163.114521773066,0.768,0.184,-0.581,-0.730,-0.607,-0.209,-0.235,0.091,0.874,0.760,0.377,0.079,0.729,-0.153,0.528,0.408,0.761,1.000
3295740,0.0434058,163.157927574124,0.768,0.184,-0.581,-0.730,-0.607,-0.209,-0.235,0.091,0.874,0.760,0.378,0.079,0.729,-0.153,0.528,0.407,0.774,1.000
3295748,0.0206499,163.178577474784,0.768,0.184,-0.581,-0.730,-0.607,-0.209,-0.235,0.091,0.874,0.760,0.378,0.079,0.728,-0.154,0.529,0.407,0.783,1.000
3295756,0.0290347,163.207612175029,0.768,0.184,-0.581,-0.730,-0.607,-0.209,-0.235,0.091,0.874,0.760,0.377,0.080,0.727,-0.156,0.530,0.408,0.797,1.000
3295770,0.060226,163.267838175874,0.768,0.184,-0.581,-0.730,-0.607,-0.209,-0.235,0.091,0.874,0.761,0.377,0.086,0.716,-0.171,0.543,0.403,0.822,1.000
3295778,0.0554219,163.323260075878,0.768,0.184,-0.581,-0.730,-0.607,-0.209,-0.235,0.091,0.874,0.760,0.377,0.089,0.703,-0.185,0.563,0.394,0.789,1.000
3295786,0.0403193,163.363579377066,0.768,0.184,-0.581,-0.730,-0.607,-0.209,-0.235,0.091,0.874,0.762,0.378,0.094,0.690,-0.191,0.585,0.381,0.799,1.000
3295796,0.047663,163.411242376547,0.768,0.184,-0.581,-0.730,-0.607,-0.209,-0.235,0.091,0.874,0.762,0.380,0.098,0.681,-0.198,0.598,0.373,0.875,1.000
3295806,0.0450701,163.456312477123,0.768,0.184,-0.581,-0.730,-0.607,-0.209,-0.235,0.091,0.874,0.764,0.381,0.101,0.670,-0.200,0.614,0.366,0.921,1.000
3295812,0.0431941,163.499506577384,0.768,0.184,-0.581,-0.730,-0.607,-0.209,-0.235,0.091,0.874,0.767,0.384,0.102,0.662,-0.197,0.627,0.360,1.000,1.000
3295822,0.0320811,163.531587678473,0.768,0.184,-0.581,-0.730,-0.607,-0.209,-0.235,0.091,0.874,0.770,0.384,0.104,0.657,-0.194,0.634,0.357,1.000,1.000
3295830,0.0454715,163.577059179079,0.768,0.184,-0.581,-0.730,-0.607,-0.209,-0.235,0.091,0.874,0.773,0.386,0.104,0.656,-0.191,0.638,0.356,1.000,1.000
3295840,0.0434063,163.620465479326,0.768,0.184,-0.581,-0.730,-0.607,-0.209,-0.235,0.091,0.874,0.775,0.386,0.105,0.655,-0.189,0.639,0.355,1.000,1.000
3295848,0.0448198,163.665285277646,0.768,0.184,-0.581,-0.730,-0.607,-0.209,-0.235,0.091,0.874,0.776,0.386,0.104,0.656,-0.190,0.638,0.355,1.000,1.000
3295858,0.0418753,163.707160576712,0.768,0.184,-0.581,-0.730,-0.607,-0.209,-0.235,0.091,0.874,0.775,0.386,0.103,0.657,-0.192,0.634,0.359,0.987,1.000
3295868,0.0477163,163.754876877647,0.768,0.184,-0.581,-0.730,-0.607,-0.209,-0.235,0.091,0.874,0.774,0.385,0.101,0.658,-0.193,0.631,0.363,0.980,1.000
3295876,0.0560519,163.810928776395,0.768,0.184,-0.581,-0.730,-0.607,-0.209,-0.235,0.091,0.874,0.775,0.383,0.100,0.658,-0.192,0.630,0.364,0.951,1.000
3295886,0.0430932,163.854021977168,0.768,0.184,-0.581,-0.730,-0.607,-0.209,-0.235,0.091,0.874,0.776,0.382,0.099,0.659,-0.193,0.630,0.364,0.932,1.000
3295896,0.0477084,163.901730376761,0.768,0.184,-0.581,-0.730,-0.607,-0.209,-0.235,0.091,0.874,0.777,0.382,0.099,0.660,-0.194,0.630,0.362,0.921,1.000
3295906,0.0452204,163.946950777899,0.768,0.184,-0.581,-0.730,-0.607,-0.209,-0.235,0.091,0.874,0.777,0.382,0.099,0.660,-0.193,0.630,0.362,0.928,1.000
3295916,0.0444024,163.991353176069,0.768,0.184,-0.581,-0.730,-0.607,-0.209,-0.235,0.091,0.874,0.777,0.383,0.099,0.660,-0.192,0.630,0.361,0.943,1.000
3295924,0.0521197,164.043472874444,0.768,0.184,-0.581,-0.730,-0.607,-0.209,-0.235,0.091,0.874,0.777,0.384,0.098,0.661,-0.191,0.629,0.362,0.949,1.000
3295932,0.0461738,164.089646674227,0.768,0.184,-0.581,-0.730,-0.607,-0.209,-0.235,0.091,0.874,0.777,0.384,0.098,0.661,-0.190,0.629,0.362,0.953,1.000
3295940,0.0407058,164.130352474283,0.768,0.184,-0.581,-0.730,-0.607,-0.209,-0.235,0.091,0.874,0.778,0.384,0.098,0.661,-0.189,0.630,0.361,0.948,1.000
3295948,0.0430829,164.173435374629,0.768,0.184,-0.581,-0.730,-0.607,-0.209,-0.235,0.091,0.874,0.778,0.383,0.097,0.661,-0.188,0.631,0.360,0.947,1.000
3295952,0.0426497,164.216085075866,0.768,0.184,-0.581,-0.730,-0.607,-0.209,-0.235,0.091,0.874,0.778,0.383,0.097,0.660,-0.188,0.632,0.360,0.941,1.000
3295960,0.0081031,164.224188175518,0.768,0.184,-0.581,-0.730,-0.607,-0.209,-0.235,0.091,0.874,0.778,0.383,0.097,0.660,-0.188,0.632,0.360,0.939,1.000
3295964,0.0564142,164.280602377374,0.768,0.184,-0.581,-0.730,-0.607,-0.209,-0.235,0.091,0.874,0.778,0.383,0.097,0.660,-0.189,0.631,0.361,0.936,1.000
3295972,0.0046473,164.285249677487,0.768,0.184,-0.581,-0.730,-0.607,-0.209,-0.235,0.091,0.874,0.777,0.383,0.098,0.660,-0.189,0.631,0.362,0.936,1.000
3295980,0.0606403,164.345889979042,0.768,0.184,-0.581,-0.730,-0.607,-0.209,-0.235,0.091,0.874,0.776,0.383,0.098,0.660,-0.191,0.630,0.363,0.943,1.000
3295986,0.0385266,164.384416577406,0.768,0.184,-0.581,-0.730,-0.607,-0.209,-0.235,0.091,0.874,0.775,0.383,0.098,0.658,-0.192,0.630,0.364,0.938,1.000
3295994,0.0116915,164.396108077839,0.768,0.184,-0.581,-0.730,-0.607,-0.209,-0.235,0.091,0.874,0.775,0.383,0.098,0.658,-0.193,0.630,0.364,0.937,1.000
3296004,0.0449658,164.441073877737,0.768,0.184,-0.581,-0.730,-0.607,-0.209,-0.235,0.091,0.874,0.774,0.382,0.098,0.657,-0.194,0.631,0.364,0.925,1.000
3296012,0.0444681,164.485541978851,0.768,0.184,-0.581,-0.730,-0.607,-0.209,-0.235,0.091,0.874,0.773,0.383,0.098,0.656,-0.193,0.633,0.363,0.907,1.000
3296022,0.0444764,164.530018379912,0.768,0.184,-0.581,-0.730,-0.607,-0.209,-0.235,0.091,0.874,0.772,0.383,0.099,0.655,-0.193,0.635,0.362,0.906,1.000
3296030,0.0483462,164.578364579007,0.768,0.184,-0.581,-0.730,-0.607,-0.209,-0.235,0.091,0.874,0.773,0.383,0.098,0.655,-0.190,0.638,0.358,0.899,1.000
3296040,0.0434791,164.621843678877,0.768,0.184,-0.581,-0.730,-0.607,-0.209,-0.235,0.091,0.874,0.773,0.383,0.099,0.652,-0.191,0.641,0.357,0.851,1.000
3296048,0.0425597,164.664403377101,0.768,0.184,-0.581,-0.730,-0.607,-0.209,-0.235,0.091,0.874,0.773,0.383,0.100,0.650,-0.194,0.644,0.354,0.847,1.000
3296058,0.0473867,164.711790075526,0.768,0.184,-0.581,-0.730,-0.607,-0.209,-0.235,0.091,0.874,0.773,0.382,0.101,0.646,-0.196,0.648,0.353,0.854,1.000
3296068,0.0511428,164.762932876125,0.768,0.184,-0.581,-0.730,-0.607,-0.209,-0.235,0.091,0.874,0.772,0.382,0.101,0.644,-0.197,0.651,0.351,0.857,1.000
3296080,0.0460957,164.809028575197,0.768,0.184,-0.581,-0.730,-0.607,-0.209,-0.235,0.091,0.874,0.770,0.382,0.101,0.643,-0.199,0.652,0.350,0.856,1.000
3296088,0.0549786,164.864007176831,0.768,0.184,-0.581,-0.730,-0.607,-0.209,-0.235,0.091,0.874,0.769,0.381,0.101,0.641,-0.202,0.651,0.353,0.837,1.000
3296094,0.0465127,164.910519877449,0.768,0.184,-0.581,-0.730,-0.607,-0.209,-0.235,0.091,0.874,0.769,0.381,0.101,0.641,-0.202,0.650,0.354,0.816,1.000
3296100,0.0329436,164.943463476375,0.768,0.184,-0.581,-0.730,-0.607,-0.209,-0.235,0.091,0.874,0.769,0.381,0.100,0.640,-0.202,0.651,0.354,0.802,1.000
3296106,0.024116,164.967579476535,0.768,0.184,-0.581,-0.730,-0.607,-0.209,-0.235,0.091,0.874,0.768,0.381,0.100,0.640,-0.202,0.652,0.353,0.799,1.000
3296116,0.0512819,165.018861375749,0.768,0.184,-0.581,-0.730,-0.607,-0.209,-0.235,0.091,0.874,0.768,0.381,0.101,0.640,-0.200,0.653,0.351,0.807,1.000
3296122,0.0464248,165.065286174417,0.768,0.184,-0.581,-0.730,-0.607,-0.209,-0.235,0.091,0.874,0.768,0.381,0.100,0.640,-0.200,0.654,0.351,0.839,1.000
3296130,0.0075554,165.072841574438,0.768,0.184,-0.581,-0.730,-0.607,-0.209,-0.235,0.091,0.874,0.767,0.382,0.101,0.639,-0.200,0.654,0.351,0.839,1.000
3296138,0.0574725,165.130314075388,0.768,0.184,-0.581,-0.730,-0.607,-0.209,-0.235,0.091,0.874,0.766,0.383,0.101,0.639,-0.200,0.654,0.352,0.836,1.000
3296146,0.043367,165.173681073822,0.768,0.184,-0.581,-0.730,-0.607,-0.209,-0.235,0.091,0.874,0.766,0.383,0.101,0.638,-0.201,0.654,0.353,0.838,1.000
3296156,0.0373507,165.211031773128,0.768,0.184,-0.581,-0.730,-0.607,-0.209,-0.235,0.091,0.874,0.766,0.384,0.101,0.638,-0.201,0.654,0.354,0.836,1.000
3296164,0.039713,165.250744772144,0.768,0.184,-0.581,-0.730,-0.607,-0.209,-0.235,0.091,0.874,0.766,0.384,0.100,0.638,-0.201,0.653,0.354,0.842,1.000
3296172,0.0446915,165.295436271466,0.768,0.184,-0.581,-0.730,-0.607,-0.209,-0.235,0.091,0.874,0.766,0.384,0.099,0.638,-0.201,0.653,0.354,0.836,1.000
3296182,0.0374076,165.332843870856,0.768,0.184,-0.581,-0.730,-0.607,-0.209,-0.235,0.091,0.874,0.766,0.384,0.099,0.639,-0.201,0.652,0.354,0.833,1.000
3296190,0.0444458,165.377289672382,0.768,0.184,-0.581,-0.730,-0.607,-0.209,-0.235,0.091,0.874,0.764,0.384,0.098,0.640,-0.201,0.651,0.355,0.837,1.000
3296200,0.0429852,165.420274873264,0.768,0.184,-0.581,-0.730,-0.607,-0.209,-0.235,0.091,0.874,0.763,0.383,0.099,0.640,-0.202,0.650,0.356,0.822,1.000
3296208,0.0436962,165.463971071877,0.768,0.184,-0.581,-0.730,-0.607,-0.209,-0.235,0.091,0.874,0.764,0.383,0.098,0.641,-0.201,0.650,0.355,0.809,1.000
3296220,0.0481406,165.5121116722,0.768,0.184,-0.581,-0.730,-0.607,-0.209,-0.235,0.091,0.874,0.764,0.383,0.097,0.642,-0.201,0.650,0.355,0.802,1.000
3296228,0.0520061,165.564117771573,0.768,0.184,-0.581,-0.730,-0.607,-0.209,-0.235,0.091,0.874,0.764,0.383,0.097,0.642,-0.203,0.648,0.356,0.821,1.000
3296238,0.049591,165.613708772697,0.768,0.184,-0.581,-0.730,-0.607,-0.209,-0.235,0.091,0.874,0.764,0.382,0.097,0.642,-0.204,0.647,0.357,0.833,1.000
3296246,0.0426289,165.656337671913,0.768,0.184,-0.581,-0.730,-0.607,-0.209,-0.235,0.091,0.874,0.765,0.382,0.096,0.642,-0.205,0.647,0.357,0.829,1.000
3296256,0.0448588,165.701196470298,0.768,0.184,-0.581,-0.730,-0.607,-0.209,-0.235,0.091,0.874,0.764,0.382,0.097,0.642,-0.206,0.646,0.359,0.836,1.000
3296266,0.0456999,165.746896368451,0.768,0.184,-0.581,-0.730,-0.607,-0.209,-0.235,0.091,0.874,0.764,0.382,0.097,0.641,-0.207,0.646,0.359,0.834,1.000
3296276,0.0502598,165.797156167217,0.768,0.184,-0.581,-0.730,-0.607,-0.209,-0.235,0.091,0.874,0.765,0.382,0.096,0.642,-0.205,0.646,0.359,0.846,1.000
3296284,0.0485136,165.845669765957,0.768,0.184,-0.581,-0.730,-0.607,-0.209,-0.235,0.091,0.874,0.765,0.382,0.096,0.642,-0.204,0.646,0.358,0.852,1.000
3296292,0.0407602,165.886429966427,0.768,0.184,-0.581,-0.730,-0.607,-0.209,-0.235,0.091,0.874,0.765,0.382,0.095,0.643,-0.204,0.646,0.358,0.854,1.000
3296302,0.045495,165.931924966164,0.768,0.184,-0.581,-0.730,-0.607,-0.209,-0.235,0.091,0.874,0.766,0.383,0.095,0.644,-0.203,0.645,0.357,0.857,1.000
3296310,0.0487141,165.980639067478,0.768,0.184,-0.581,-0.730,-0.607,-0.209,-0.235,0.091,0.874,0.766,0.383,0.096,0.645,-0.203,0.645,0.357,0.835,1.000
3296320,0.0411211,166.021760166623,0.768,0.184,-0.581,-0.730,-0.607,-0.209,-0.235,0.091,0.874,0.768,0.383,0.096,0.646,-0.200,0.643,0.358,0.849,1.000
3296328,0.0448483,166.066608467139,0.768,0.184,-0.581,-0.730,-0.607,-0.209,-0.235,0.091,0.874,0.769,0.381,0.094,0.652,-0.201,0.634,0.364,0.881,1.000
3296338,0.0425561,166.109164566733,0.768,0.184,-0.581,-0.730,-0.607,-0.209,-0.235,0.091,0.874,0.769,0.381,0.092,0.665,-0.195,0.619,0.371,0.914,1.000
3296346,0.0474179,166.156582468189,0.768,0.184,-0.581,-0.730,-0.607,-0.209,-0.235,0.091,0.874,0.768,0.382,0.092,0.684,-0.183,0.592,0.384,1.000,1.000
3296356,0.0441669,166.200749368407,0.768,0.184,-0.581,-0.730,-0.607,-0.209,-0.235,0.091,0.874,0.767,0.382,0.094,0.689,-0.184,0.582,0.391,1.000,1.000
3296364,0.0443851,166.245134470053,0.768,0.184,-0.581,-0.730,-0.607,-0.209,-0.235,0.091,0.874,0.765,0.381,0.094,0.696,-0.185,0.571,0.394,1.000,1.000
3296372,0.0442372,166.289371670224,0.768,0.184,-0.581,-0.730,-0.607,-0.209,-0.235,0.091,0.874,0.764,0.382,0.094,0.702,-0.183,0.565,0.393,1.000,1.000
3296382,0.0410647,166.330436368473,0.768,0.184,-0.581,-0.730,-0.607,-0.209,-0.235,0.091,0.874,0.762,0.384,0.097,0.707,-0.181,0.560,0.393,1.000,1.000
3296390,0.0504448,166.38088116888,0.768,0.184,-0.581,-0.730,-0.607,-0.209,-0.235,0.091,0.874,0.759,0.384,0.097,0.710,-0.179,0.557,0.391,1.000,1.000
3296400,0.0448305,166.425711669959,0.768,0.184,-0.581,-0.730,-0.607,-0.209,-0.235,0.091,0.874,0.759,0.385,0.096,0.712,-0.180,0.555,0.391,1.000,1.000
3296408,0.0376572,166.463368871249,0.768,0.184,-0.581,-0.730,-0.607,-0.209,-0.235,0.091,0.874,0.757,0.388,0.095,0.712,-0.181,0.553,0.392,1.000,1.000
3296416,0.0462609,166.509629772045,0.768,0.184,-0.581,-0.730,-0.607,-0.209,-0.235,0.091,0.874,0.755,0.387,0.093,0.713,-0.181,0.552,0.393,1.000,1.000
3296426,0.0423003,166.551930070855,0.768,0.184,-0.581,-0.730,-0.607,-0.209,-0.235,0.091,0.874,0.753,0.385,0.092,0.715,-0.180,0.549,0.394,0.999,1.000
3296434,0.043219,166.595149070956,0.768,0.184,-0.581,-0.730,-0.607,-0.209,-0.235,0.091,0.874,0.751,0.384,0.091,0.717,-0.176,0.547,0.394,0.925,1.000
3296444,0.042751,166.637900070287,0.768,0.184,-0.581,-0.730,-0.607,-0.209,-0.235,0.091,0.874,0.750,0.385,0.091,0.719,-0.174,0.545,0.395,0.840,1.000
3296452,0.0480497,166.685949769802,0.768,0.184,-0.581,-0.730,-0.607,-0.209,-0.235,0.091,0.874,0.751,0.386,0.091,0.719,-0.175,0.542,0.398,0.823,1.000
3296462,0.0449877,166.730937470682,0.768,0.184,-0.581,-0.730,-0.607,-0.209,-0.235,0.091,0.874,0.754,0.388,0.090,0.720,-0.172,0.541,0.399,0.852,1.000
3296470,0.0462358,166.777173270471,0.768,0.184,-0.581,-0.730,-0.607,-0.209,-0.235,0.091,0.874,0.756,0.391,0.092,0.721,-0.170,0.538,0.402,0.865,1.000
3296480,0.0435872,166.820760470815,0.768,0.184,-0.581,-0.730,-0.607,-0.209,-0.235,0.091,0.874,0.757,0.393,0.095,0.723,-0.169,0.533,0.406,0.933,1.000
3296488,0.0445273,166.865287770517,0.768,0.184,-0.581,-0.730,-0.607,-0.209,-0.235,0.091,0.874,0.757,0.397,0.097,0.726,-0.164,0.528,0.409,1.000,1.000
3296498,0.0466501,166.911937871017,0.768,0.184,-0.581,-0.730,-0.607,-0.209,-0.235,0.091,0.874,0.757,0.399,0.098,0.728,-0.157,0.526,0.410,1.000,1.000
3296504,0.0477244,166.959662270732,0.768,0.184,-0.581,-0.730,-0.607,-0.209,-0.235,0.091,0.874,0.757,0.401,0.098,0.730,-0.151,0.526,0.410,1.000,1.000
3296514,0.0371229,166.996785172261,0.768,0.184,-0.581,-0.730,-0.607,-0.209,-0.235,0.091,0.874,0.757,0.402,0.098,0.730,-0.149,0.526,0.410,1.000,1.000
3296524,0.0501759,167.046961073764,0.768,0.184,-0.581,-0.730,-0.607,-0.209,-0.235,0.091,0.874,0.757,0.401,0.097,0.730,-0.149,0.525,0.411,1.000,1.000
3296532,0.0414102,167.088371274062,0.768,0.184,-0.581,-0.730,-0.607,-0.209,-0.235,0.091,0.874,0.757,0.399,0.095,0.731,-0.149,0.525,0.410,1.000,1.000
3296542,0.0438928,167.132264074869,0.768,0.184,-0.581,-0.730,-0.607,-0.209,-0.235,0.091,0.874,0.755,0.397,0.093,0.732,-0.150,0.523,0.410,1.000,1.000
3296550,0.0443222,167.176586274989,0.768,0.184,-0.581,-0.730,-0.607,-0.209,-0.235,0.091,0.874,0.756,0.394,0.092,0.730,-0.156,0.522,0.412,1.000,1.000
3296560,0.0454572,167.222043474205,0.768,0.184,-0.581,-0.730,-0.607,-0.209,-0.235,0.091,0.874,0.756,0.394,0.090,0.730,-0.158,0.521,0.412,1.000,1.000
3296568,0.0438141,167.26585757453,0.768,0.184,-0.581,-0.730,-0.607,-0.209,-0.235,0.091,0.874,0.757,0.394,0.090,0.730,-0.159,0.521,0.412,1.000,1.000
3296578,0.0436469,167.309504476376,0.768,0.184,-0.581,-0.730,-0.607,-0.209,-0.235,0.091,0.874,0.757,0.394,0.090,0.730,-0.159,0.522,0.412,1.000,1.000
3296586,0.0461133,167.355617777444,0.768,0.184,-0.581,-0.730,-0.607,-0.209,-0.235,0.091,0.874,0.757,0.394,0.089,0.730,-0.159,0.522,0.411,1.000,1.000
3296594,0.0403374,167.395955176093,0.768,0.184,-0.581,-0.730,-0.607,-0.209,-0.235,0.091,0.874,0.757,0.394,0.089,0.730,-0.159,0.522,0.411,1.000,1.000
3296604,0.0444983,167.44045347441,0.768,0.184,-0.581,-0.730,-0.607,-0.209,-0.235,0.091,0.874,0.756,0.394,0.089,0.730,-0.159,0.522,0.411,1.000,1.000
3296612,0.0481153,167.488568772562,0.768,0.184,-0.581,-0.730,-0.607,-0.209,-0.235,0.091,0.874,0.756,0.394,0.088,0.730,-0.158,0.522,0.411,1.000,1.000
3296622,0.0426882,167.531256970949,0.768,0.184,-0.581,-0.730,-0.607,-0.209,-0.235,0.091,0.874,0.755,0.393,0.087,0.731,-0.159,0.522,0.410,1.000,1.000
3296630,0.0448129,167.576069870032,0.768,0.184,-0.581,-0.730,-0.607,-0.209,-0.235,0.091,0.874,0.754,0.392,0.086,0.731,-0.159,0.523,0.408,0.995,1.000
3296636,0.0446677,167.620737568475,0.768,0.184,-0.581,-0.730,-0.607,-0.209,-0.235,0.091,0.874,0.753,0.392,0.086,0.731,-0.159,0.523,0.408,0.993,1.000
3296644,0.0318033,167.652540867217,0.768,0.184,-0.581,-0.730,-0.607,-0.209,-0.235,0.091,0.874,0.751,0.392,0.086,0.731,-0.160,0.522,0.408,0.992,1.000
3296650,0.0349554,167.68749626819,0.768,0.184,-0.581,-0.730,-0.607,-0.209,-0.235,0.091,0.874,0.750,0.392,0.086,0.731,-0.160,0.522,0.408,0.988,1.000
3296658,0.0377473,167.725243569352,0.768,0.184,-0.581,-0.730,-0.607,-0.209,-0.235,0.091,0.874,0.749,0.392,0.086,0.731,-0.161,0.522,0.409,0.992,1.000
3296664,0.0354126,167.760656167753,0.768,0.184,-0.581,-0.730,-0.607,-0.209,-0.235,0.091,0.874,0.749,0.393,0.086,0.731,-0.161,0.522,0.410,0.998,1.000
3296672,0.0307883,167.791444468312,0.768,0.184,-0.581,-0.730,-0.607,-0.209,-0.235,0.091,0.874,0.748,0.393,0.086,0.730,-0.161,0.522,0.410,0.994,1.000
3296678,0.0433402,167.834784667008,0.768,0.184,-0.581,-0.730,-0.607,-0.209,-0.235,0.091,0.874,0.747,0.393,0.085,0.730,-0.161,0.522,0.410,0.962,1.000
3296684,0.0182401,167.85302476678,0.768,0.184,-0.581,-0.730,-0.607,-0.209,-0.235,0.091,0.874,0.747,0.393,0.085,0.730,-0.162,0.523,0.410,0.951,1.000
3296690,0.0491887,167.902213466354,0.768,0.184,-0.581,-0.730,-0.607,-0.209,-0.235,0.091,0.874,0.747,0.393,0.085,0.729,-0.163,0.523,0.410,0.930,1.000
3296700,0.0461316,167.948345066048,0.768,0.184,-0.581,-0.730,-0.607,-0.209,-0.235,0.091,0.874,0.747,0.393,0.086,0.727,-0.164,0.525,0.410,0.922,1.000
3296704,0.0368893,167.985234365799,0.768,0.184,-0.581,-0.730,-0.607,-0.209,-0.235,0.091,0.874,0.746,0.393,0.086,0.726,-0.166,0.527,0.409,0.906,1.000
3296714,0.004693,167.98992736591,0.768,0.184,-0.581,-0.730,-0.607,-0.209,-0.235,0.091,0.874,0.745,0.393,0.085,0.723,-0.169,0.530,0.409,0.906,1.000
3296722,0.0670834,168.057010769378,0.768,0.184,-0.581,-0.730,-0.607,-0.209,-0.235,0.091,0.874,0.746,0.392,0.084,0.722,-0.172,0.530,0.409,0.900,1.000
3296732,0.0317655,168.088776267599,0.768,0.184,-0.581,-0.730,-0.607,-0.209,-0.235,0.091,0.874,0.747,0.392,0.082,0.722,-0.173,0.531,0.409,0.898,1.000
3296740,0.0478461,168.136622368824,0.768,0.184,-0.581,-0.730,-0.607,-0.209,-0.235,0.091,0.874,0.747,0.392,0.082,0.722,-0.172,0.531,0.409,0.860,1.000
3296746,0.0405862,168.177208568435,0.768,0.184,-0.581,-0.730,-0.607,-0.209,-0.235,0.091,0.874,0.747,0.392,0.081,0.725,-0.168,0.529,0.407,0.818,1.000
3296756,0.0270616,168.204270168673,0.768,0.184,-0.581,-0.730,-0.607,-0.209,-0.235,0.091,0.874,0.746,0.391,0.080,0.728,-0.166,0.527,0.407,0.810,1.000
3296766,0.0524505,168.256720669102,0.768,0.184,-0.581,-0.730,-0.607,-0.209,-0.235,0.091,0.874,0.745,0.391,0.078,0.728,-0.166,0.525,0.408,0.783,1.000
3296774,0.0451824,168.301903068554,0.768,0.184,-0.581,-0.730,-0.607,-0.209,-0.235,0.091,0.874,0.745,0.391,0.078,0.729,-0.166,0.522,0.410,0.785,1.000
3296784,0.040813,168.342716067564,0.768,0.184,-0.581,-0.730,-0.607,-0.209,-0.235,0.091,0.874,0.745,0.391,0.076,0.730,-0.165,0.521,0.411,0.815,1.000
3296792,0.0436198,168.386335867923,0.768,0.184,-0.581,-0.730,-0.607,-0.209,-0.235,0.091,0.874,0.745,0.391,0.074,0.731,-0.165,0.519,0.410,0.826,1.000
3296802,0.0458755,168.43221136881,0.768,0.184,-0.581,-0.730,-0.607,-0.209,-0.235,0.091,0.874,0.744,0.391,0.071,0.733,-0.165,0.519,0.408,0.833,1.000
3296812,0.0475846,168.479795969557,0.768,0.184,-0.581,-0.730,-0.607,-0.209,-0.235,0.091,0.874,0.743,0.391,0.067,0.734,-0.164,0.519,0.407,0.803,1.000
3296820,0.0489647,168.52876067115,0.768,0.184,-0.581,-0.730,-0.607,-0.209,-0.235,0.091,0.874,0.742,0.389,0.064,0.736,-0.163,0.518,0.406,0.803,1.000
3296830,0.0453704,168.574131071102,0.768,0.184,-0.581,-0.730,-0.607,-0.209,-0.235,0.091,0.874,0.742,0.387,0.062,0.737,-0.163,0.517,0.404,0.789,1.000
3296840,0.0461426,168.620273671579,0.768,0.184,-0.581,-0.730,-0.607,-0.209,-0.235,0.091,0.874,0.743,0.385,0.061,0.739,-0.164,0.514,0.404,0.794,1.000
3296850,0.0538255,168.674099172931,0.768,0.184,-0.581,-0.730,-0.607,-0.209,-0.235,0.091,0.874,0.744,0.385,0.061,0.740,-0.163,0.512,0.404,0.814,1.000
3296858,0.0451039,168.719203073066,0.768,0.184,-0.581,-0.730,-0.607,-0.209,-0.235,0.091,0.874,0.745,0.386,0.060,0.740,-0.165,0.511,0.406,0.826,1.000
3296868,0.0446832,168.763886272442,0.768,0.184,-0.581,-0.730,-0.607,-0.209,-0.235,0.091,0.874,0.746,0.387,0.061,0.740,-0.165,0.511,0.406,0.853,1.000
3296876,0.044932,168.808818272781,0.768,0.184,-0.581,-0.730,-0.607,-0.209,-0.235,0.091,0.874,0.746,0.387,0.060,0.740,-0.165,0.511,0.406,0.903,1.000
3296886,0.0463095,168.855127773713,0.768,0.184,-0.581,-0.730,-0.607,-0.209,-0.235,0.091,0.874,0.747,0.388,0.061,0.740,-0.164,0.511,0.406,0.899,1.000
3296896,0.0459832,168.901110972743,0.768,0.184,-0.581,-0.730,-0.607,-0.209,-0.235,0.091,0.874,0.747,0.387,0.060,0.739,-0.167,0.511,0.406,0.875,1.000
3296904,0.042016,168.943126972299,0.768,0.184,-0.581,-0.730,-0.607,-0.209,-0.235,0.091,0.874,0.748,0.387,0.060,0.740,-0.167,0.510,0.405,0.850,1.000
3296912,0.0482119,168.991338870954,0.768,0.184,-0.581,-0.730,-0.607,-0.209,-0.235,0.091,0.874,0.748,0.386,0.060,0.739,-0.168,0.511,0.405,0.852,1.000
3296916,0.0411159,169.032454769593,0.768,0.184,-0.581,-0.730,-0.607,-0.209,-0.235,0.091,0.874,0.749,0.386,0.060,0.738,-0.170,0.511,0.406,0.852,1.000
3296924,0.0303964,169.062851169612,0.768,0.184,-0.581,-0.730,-0.607,-0.209,-0.235,0.091,0.874,0.749,0.386,0.059,0.737,-0.171,0.512,0.406,0.836,1.000
3296928,0.0288942,169.091745370533,0.768,0.184,-0.581,-0.730,-0.607,-0.209,-0.235,0.091,0.874,0.749,0.386,0.059,0.737,-0.171,0.513,0.406,0.822,1.000
3296936,0.0282668,169.120012171101,0.768,0.184,-0.581,-0.730,-0.607,-0.209,-0.235,0.091,0.874,0.749,0.386,0.059,0.737,-0.171,0.514,0.405,0.810,1.000
3296940,0.030416,169.150428171735,0.768,0.184,-0.581,-0.730,-0.607,-0.209,-0.235,0.091,0.874,0.749,0.386,0.059,0.736,-0.172,0.515,0.405,0.803,1.000
3296950,0.0346627,169.185090872925,0.768,0.184,-0.581,-0.730,-0.607,-0.209,-0.235,0.091,0.874,0.749,0.385,0.060,0.736,-0.171,0.515,0.405,0.803,1.000
3296958,0.0565618,169.241652674507,0.768,0.184,-0.581,-0.730,-0.607,-0.209,-0.235,0.091,0.874,0.749,0.384,0.060,0.737,-0.171,0.514,0.405,0.817,1.000
3296968,0.0434122,169.285064875614,0.768,0.184,-0.581,-0.730,-0.607,-0.209,-0.235,0.091,0.874,0.749,0.384,0.061,0.737,-0.171,0.514,0.405,0.842,1.000
3296976,0.0352052,169.320270075928,0.768,0.184,-0.581,-0.730,-0.607,-0.209,-0.235,0.091,0.874,0.749,0.385,0.063,0.736,-0.171,0.515,0.405,0.848,1.000
3296984,0.0233267,169.343596776482,0.768,0.184,-0.581,-0.730,-0.607,-0.209,-0.235,0.091,0.874,0.748,0.385,0.063,0.735,-0.173,0.516,0.405,0.842,1.000
3296992,0.0485865,169.392183275428,0.768,0.184,-0.581,-0.730,-0.607,-0.209,-0.235,0.091,0.874,0.748,0.385,0.063,0.734,-0.174,0.517,0.404,0.833,1.000
3297002,0.0389537,169.431136974599,0.768,0.184,-0.581,-0.730,-0.607,-0.209,-0.235,0.091,0.874,0.748,0.385,0.064,0.732,-0.178,0.519,0.405,0.819,1.000
3297010,0.046916,169.478052975144,0.768,0.184,-0.581,-0.730,-0.607,-0.209,-0.235,0.091,0.874,0.747,0.386,0.065,0.728,-0.181,0.524,0.404,0.802,1.000
3297020,0.0434721,169.521525075193,0.768,0.184,-0.581,-0.730,-0.607,-0.209,-0.235,0.091,0.874,0.748,0.386,0.064,0.723,-0.184,0.529,0.404,0.755,1.000
3297028,0.0447673,169.566292376723,0.768,0.184,-0.581,-0.730,-0.607,-0.209,-0.235,0.091,0.874,0.749,0.386,0.064,0.721,-0.185,0.533,0.402,0.710,1.000
3297036,0.0415958,169.607888178434,0.768,0.184,-0.581,-0.730,-0.607,-0.209,-0.235,0.091,0.874,0.749,0.387,0.065,0.718,-0.187,0.536,0.402,0.702,1.000
3297046,0.0485928,169.656480976846,0.768,0.184,-0.581,-0.730,-0.607,-0.209,-0.235,0.091,0.874,0.748,0.387,0.067,0.714,-0.190,0.544,0.398,0.674,1.000
3297056,0.0455687,169.702049677726,0.768,0.184,-0.581,-0.730,-0.607,-0.209,-0.235,0.091,0.874,0.749,0.387,0.067,0.708,-0.192,0.553,0.395,0.644,1.000
3297066,0.054294,169.756343679037,0.768,0.184,-0.581,-0.730,-0.607,-0.209,-0.235,0.091,0.874,0.749,0.387,0.068,0.702,-0.190,0.569,0.383,0.626,1.000
3297076,0.0453808,169.801724479999,0.768,0.184,-0.581,-0.730,-0.607,-0.209,-0.235,0.091,0.874,0.750,0.385,0.068,0.694,-0.193,0.582,0.376,0.656,1.000
3297086,0.0495344,169.851258879062,0.768,0.184,-0.581,-0.730,-0.607,-0.209,-0.235,0.091,0.874,0.751,0.387,0.071,0.689,-0.192,0.595,0.366,0.738,1.000
3297096,0.0476317,169.898890578654,0.768,0.184,-0.581,-0.730,-0.607,-0.209,-0.235,0.091,0.874,0.754,0.385,0.072,0.682,-0.197,0.602,0.366,0.786,1.000
3297104,0.0444219,169.943312478717,0.768,0.184,-0.581,-0.730,-0.607,-0.209,-0.235,0.091,0.874,0.756,0.387,0.072,0.678,-0.196,0.608,0.363,0.819,1.000
3297112,0.0449325,169.988244978245,0.768,0.184,-0.581,-0.730,-0.607,-0.209,-0.235,0.091,0.874,0.759,0.389,0.073,0.675,-0.194,0.613,0.362,0.803,1.000
3297122,0.0466961,170.034941078629,0.768,0.184,-0.581,-0.730,-0.607,-0.209,-0.235,0.091,0.874,0.762,0.389,0.074,0.672,-0.192,0.616,0.363,0.815,1.000
3297128,0.0407471,170.075688177254,0.768,0.184,-0.581,-0.730,-0.607,-0.209,-0.235,0.091,0.874,0.763,0.389,0.074,0.672,-0.190,0.618,0.362,0.813,1.000
3297134,0.0447235,170.12041167682,0.768,0.184,-0.581,-0.730,-0.607,-0.209,-0.235,0.091,0.874,0.763,0.388,0.075,0.670,-0.192,0.618,0.364,0.789,1.000
3297142,0.0209158,170.141327477526,0.768,0.184,-0.581,-0.730,-0.607,-0.209,-0.235,0.091,0.874,0.764,0.388,0.075,0.669,-0.193,0.619,0.364,0.802,1.000
3297148,0.0492384,170.190565876197,0.768,0.184,-0.581,-0.730,-0.607,-0.209,-0.235,0.091,0.874,0.765,0.389,0.076,0.668,-0.192,0.620,0.363,0.817,1.000
3297154,0.0224305,170.212996376213,0.768,0.184,-0.581,-0.730,-0.607,-0.209,-0.235,0.091,0.874,0.765,0.389,0.077,0.668,-0.190,0.622,0.362,0.800,1.000
3297160,0.0308526,170.243848975282,0.768,0.184,-0.581,-0.730,-0.607,-0.209,-0.235,0.091,0.874,0.766,0.389,0.076,0.668,-0.189,0.623,0.360,0.797,1.000
3297168,0.0305836,170.274432574864,0.768,0.184,-0.581,-0.730,-0.607,-0.209,-0.235,0.091,0.874,0.766,0.389,0.076,0.670,-0.182,0.626,0.354,0.811,1.000
3297178,0.0589948,170.333427374717,0.768,0.184,-0.581,-0.730,-0.607,-0.209,-0.235,0.091,0.874,0.767,0.388,0.075,0.671,-0.182,0.626,0.354,0.800,1.000
3297184,0.040101,170.373528373893,0.768,0.184,-0.581,-0.730,-0.607,-0.209,-0.235,0.091,0.874,0.767,0.387,0.075,0.671,-0.184,0.624,0.355,0.795,1.000
3297190,0.0374815,170.411009875592,0.768,0.184,-0.581,-0.730,-0.607,-0.209,-0.235,0.091,0.874,0.766,0.387,0.075,0.670,-0.188,0.624,0.357,0.815,1.000
3297196,0.0101821,170.42119197594,0.768,0.184,-0.581,-0.730,-0.607,-0.209,-0.235,0.091,0.874,0.766,0.387,0.075,0.669,-0.189,0.623,0.358,0.822,1.000
3297208,0.0335393,170.454731274862,0.768,0.184,-0.581,-0.730,-0.607,-0.209,-0.235,0.091,0.874,0.767,0.387,0.075,0.669,-0.188,0.624,0.356,0.829,1.000
3297216,0.0571361,170.511867374647,0.768,0.184,-0.581,-0.730,-0.607,-0.209,-0.235,0.091,0.874,0.766,0.387,0.075,0.669,-0.188,0.624,0.356,0.800,1.000
3297226,0.0427799,170.554647274781,0.768,0.184,-0.581,-0.730,-0.607,-0.209,-0.235,0.091,0.874,0.766,0.388,0.075,0.670,-0.186,0.625,0.354,0.792,1.000
3297234,0.0423846,170.597031873185,0.768,0.184,-0.581,-0.730,-0.607,-0.209,-0.235,0.091,0.874,0.766,0.387,0.075,0.670,-0.187,0.624,0.357,0.787,1.000
3297242,0.044606,170.64163787337,0.768,0.184,-0.581,-0.730,-0.607,-0.209,-0.235,0.091,0.874,0.766,0.387,0.075,0.669,-0.188,0.624,0.357,0.793,1.000
3297252,0.0437998,170.685437672306,0.768,0.184,-0.581,-0.730,-0.607,-0.209,-0.235,0.091,0.874,0.766,0.387,0.075,0.669,-0.189,0.623,0.359,0.801,1.000
3297260,0.0482996,170.733737271745,0.768,0.184,-0.581,-0.730,-0.607,-0.209,-0.235,0.091,0.874,0.766,0.387,0.076,0.669,-0.188,0.623,0.359,0.798,1.000
3297272,0.0422669,170.776004173327,0.768,0.184,-0.581,-0.730,-0.607,-0.209,-0.235,0.091,0.874,0.766,0.387,0.075,0.670,-0.188,0.623,0.358,0.794,1.000
3297280,0.054733,170.830737174023,0.768,0.184,-0.581,-0.730,-0.607,-0.209,-0.235,0.091,0.874,0.766,0.387,0.075,0.670,-0.188,0.623,0.357,0.766,1.000
3297290,0.0441412,170.874878373463,0.768,0.184,-0.581,-0.730,-0.607,-0.209,-0.235,0.091,0.874,0.766,0.387,0.075,0.671,-0.186,0.623,0.356,0.768,1.000
3297300,0.044085,170.918963373173,0.768,0.184,-0.581,-0.730,-0.607,-0.209,-0.235,0.091,0.874,0.765,0.387,0.075,0.671,-0.187,0.623,0.357,0.757,1.000
3297310,0.0486495,170.967612874229,0.768,0.184,-0.581,-0.730,-0.607,-0.209,-0.235,0.091,0.874,0.764,0.387,0.075,0.671,-0.186,0.622,0.359,0.786,1.000
3297318,0.0496158,171.017228674609,0.768,0.184,-0.581,-0.730,-0.607,-0.209,-0.235,0.091,0.874,0.764,0.387,0.076,0.671,-0.185,0.621,0.360,0.744,1.000
3297328,0.0490879,171.066316575278,0.768,0.184,-0.581,-0.730,-0.607,-0.209,-0.235,0.091,0.874,0.764,0.387,0.075,0.671,-0.185,0.621,0.360,0.741,1.000
3297336,0.0431886,171.10950517701,0.768,0.184,-0.581,-0.730,-0.607,-0.209,-0.235,0.091,0.874,0.764,0.388,0.076,0.670,-0.186,0.621,0.361,0.747,1.000
3297346,0.0484905,171.157995675225,0.768,0.184,-0.581,-0.730,-0.607,-0.209,-0.235,0.091,0.874,0.764,0.391,0.075,0.676,-0.171,0.621,0.357,0.773,1.000
3297354,0.0409174,171.198913075496,0.768,0.184,-0.581,-0.730,-0.607,-0.209,-0.235,0.091,0.874,0.763,0.388,0.076,0.668,-0.185,0.624,0.361,0.753,1.000
3297358,0.0429851,171.241898175795,0.768,0.184,-0.581,-0.730,-0.607,-0.209,-0.235,0.091,0.874,0.764,0.388,0.075,0.669,-0.183,0.625,0.359,0.754,1.000
3297366,0.0165896,171.258487776387,0.768,0.184,-0.581,-0.730,-0.607,-0.209,-0.235,0.091,0.874,0.764,0.388,0.074,0.669,-0.182,0.625,0.358,0.734,1.000
3297370,0.0509237,171.309411477763,0.768,0.184,-0.581,-0.730,-0.607,-0.209,-0.235,0.091,0.874,0.764,0.389,0.074,0.668,-0.182,0.626,0.359,0.662,1.000
3297380,0.0140679,171.32347937813,0.768,0.184,-0.581,-0.730,-0.607,-0.209,-0.235,0.091,0.874,0.764,0.387,0.074,0.669,-0.181,0.625,0.360,0.661,1.000
3297388,0.053154,171.37663337728,0.768,0.184,-0.581,-0.730,-0.607,-0.209,-0.235,0.091,0.874,0.763,0.386,0.074,0.669,-0.181,0.624,0.361,0.627,1.000
3297398,0.0461785,171.422811878379,0.768,0.184,-0.581,-0.730,-0.607,-0.209,-0.235,0.091,0.874,0.762,0.384,0.075,0.670,-0.183,0.622,0.361,0.654,1.000
3297404,0.0435909,171.466402777936,0.768,0.184,-0.581,-0.730,-0.607,-0.209,-0.235,0.091,0.874,0.763,0.385,0.075,0.671,-0.183,0.622,0.360,0.655,1.000
3297414,0.0338616,171.500264377799,0.768,0.184,-0.581,-0.730,-0.607,-0.209,-0.235,0.091,0.874,0.763,0.386,0.077,0.671,-0.181,0.622,0.360,0.676,1.000
3297422,0.0509196,171.55118397763,0.768,0.184,-0.581,-0.730,-0.607,-0.209,-0.235,0.091,0.874,0.763,0.387,0.077,0.672,-0.177,0.623,0.358,0.690,1.000
3297430,0.0364985,171.587682475802,0.768,0.184,-0.581,-0.730,-0.607,-0.209,-0.235,0.091,0.874,0.762,0.387,0.076,0.673,-0.177,0.623,0.357,0.673,1.000
3297440,0.0340364,171.621718877461,0.768,0.184,-0.581,-0.730,-0.607,-0.209,-0.235,0.091,0.874,0.761,0.386,0.076,0.674,-0.177,0.622,0.358,0.653,1.000
3297448,0.0470774,171.668796276208,0.768,0.184,-0.581,-0.730,-0.607,-0.209,-0.235,0.091,0.874,0.760,0.386,0.076,0.675,-0.177,0.620,0.359,0.622,1.000
3297460,0.0427421,171.711538375821,0.768,0.184,-0.581,-0.730,-0.607,-0.209,-0.235,0.091,0.874,0.760,0.386,0.076,0.675,-0.178,0.619,0.359,0.599,1.000
3297470,0.0560527,171.767591075506,0.768,0.184,-0.581,-0.730,-0.607,-0.209,-0.235,0.091,0.874,0.760,0.387,0.077,0.673,-0.179,0.621,0.359,0.589,1.000
3297482,0.0588078,171.826398876961,0.768,0.184,-0.581,-0.730,-0.607,-0.209,-0.235,0.091,0.874,0.760,0.387,0.077,0.673,-0.179,0.622,0.358,0.637,1.000
3297494,0.0557006,171.882099477109,0.768,0.184,-0.581,-0.730,-0.607,-0.209,-0.235,0.091,0.874,0.759,0.387,0.077,0.673,-0.179,0.621,0.359,0.666,1.000
3297504,0.0593704,171.94146987563,0.768,0.184,-0.581,-0.730,-0.607,-0.209,-0.235,0.091,0.874,0.759,0.386,0.077,0.674,-0.178,0.620,0.359,0.655,1.000
3297512,0.0469426,171.988412474748,0.768,0.184,-0.581,-0.730,-0.607,-0.209,-0.235,0.091,0.874,0.759,0.386,0.078,0.675,-0.177,0.619,0.360,0.661,1.000
3297522,0.047341,172.035753475036,0.768,0.184,-0.581,-0.730,-0.607,-0.209,-0.235,0.091,0.874,0.760,0.386,0.077,0.676,-0.176,0.619,0.359,0.659,1.000
3297532,0.0504396,172.086193074938,0.768,0.184,-0.581,-0.730,-0.607,-0.209,-0.235,0.091,0.874,0.762,0.387,0.077,0.680,-0.171,0.617,0.357,0.642,1.000
3297542,0.049595,172.135788073298,0.768,0.184,-0.581,-0.730,-0.607,-0.209,-0.235,0.091,0.874,0.763,0.387,0.074,0.685,-0.171,0.606,0.366,0.605,1.000
3297550,0.0417697,172.17755777156,0.768,0.184,-0.581,-0.730,-0.607,-0.209,-0.235,0.091,0.874,0.764,0.389,0.073,0.691,-0.166,0.589,0.384,0.618,1.000
3297560,0.0474023,172.2249600715,0.768,0.184,-0.581,-0.730,-0.607,-0.209,-0.235,0.091,0.874,0.765,0.388,0.074,0.697,-0.163,0.575,0.395,0.763,1.000
3297568,0.0411579,172.266117972787,0.768,0.184,-0.581,-0.730,-0.607,-0.209,-0.235,0.091,0.874,0.766,0.388,0.075,0.701,-0.158,0.571,0.397,0.785,1.000
3297576,0.0438284,172.309946374502,0.768,0.184,-0.581,-0.730,-0.607,-0.209,-0.235,0.091,0.874,0.766,0.386,0.075,0.702,-0.157,0.569,0.397,0.744,1.000
3297584,0.0455758,172.355522175785,0.768,0.184,-0.581,-0.730,-0.607,-0.209,-0.235,0.091,0.874,0.767,0.387,0.074,0.703,-0.157,0.570,0.396,0.698,1.000
3297596,0.0431647,172.398686876055,0.768,0.184,-0.581,-0.730,-0.607,-0.209,-0.235,0.091,0.874,0.768,0.388,0.074,0.704,-0.154,0.570,0.394,0.681,1.000
3297604,0.0497236,172.448410475161,0.768,0.184,-0.581,-0.730,-0.607,-0.209,-0.235,0.091,0.874,0.768,0.388,0.074,0.706,-0.153,0.565,0.398,0.673,1.000
3297612,0.0403895,172.488799975719,0.768,0.184,-0.581,-0.730,-0.607,-0.209,-0.235,0.091,0.874,0.767,0.388,0.076,0.708,-0.154,0.560,0.403,0.698,1.000
3297622,0.0431915,172.531991475727,0.768,0.184,-0.581,-0.730,-0.607,-0.209,-0.235,0.091,0.874,0.767,0.388,0.075,0.710,-0.150,0.559,0.401,0.734,1.000
3297630,0.0452715,172.577262976673,0.768,0.184,-0.581,-0.730,-0.607,-0.209,-0.235,0.091,0.874,0.768,0.389,0.074,0.712,-0.149,0.558,0.399,0.694,1.000
3297638,0.0428708,172.620133777615,0.768,0.184,-0.581,-0.730,-0.607,-0.209,-0.235,0.091,0.874,0.770,0.389,0.072,0.713,-0.147,0.557,0.399,0.646,1.000
3297648,0.0388526,172.658986376133,0.768,0.184,-0.581,-0.730,-0.607,-0.209,-0.235,0.091,0.874,0.772,0.390,0.072,0.714,-0.147,0.556,0.399,0.634,1.000
3297656,0.0550236,172.714009975549,0.768,0.184,-0.581,-0.730,-0.607,-0.209,-0.235,0.091,0.874,0.772,0.389,0.071,0.717,-0.143,0.553,0.400,0.679,1.000
3297666,0.0423589,172.756368876901,0.768,0.184,-0.581,-0.730,-0.607,-0.209,-0.235,0.091,0.874,0.772,0.389,0.071,0.723,-0.135,0.545,0.403,0.685,1.000
3297674,0.0437947,172.800163575914,0.768,0.184,-0.581,-0.730,-0.607,-0.209,-0.235,0.091,0.874,0.773,0.389,0.071,0.728,-0.127,0.537,0.408,0.716,1.000
3297684,0.0415944,172.841757976916,0.768,0.184,-0.581,-0.730,-0.607,-0.209,-0.235,0.091,0.874,0.772,0.389,0.073,0.736,-0.111,0.529,0.407,0.769,1.000
3297692,0.0509354,172.892693375703,0.768,0.184,-0.581,-0.730,-0.607,-0.209,-0.235,0.091,0.874,0.771,0.390,0.072,0.740,-0.106,0.523,0.409,0.859,1.000
3297700,0.0372529,172.929946274962,0.768,0.184,-0.581,-0.730,-0.607,-0.209,-0.235,0.091,0.874,0.770,0.390,0.073,0.745,-0.102,0.517,0.409,0.895,1.000
3297710,0.045387,172.975333274808,0.768,0.184,-0.581,-0.730,-0.607,-0.209,-0.235,0.091,0.874,0.770,0.389,0.074,0.745,-0.104,0.514,0.412,0.951,1.000
3297718,0.046382,173.021715273615,0.768,0.184,-0.581,-0.730,-0.607,-0.209,-0.235,0.091,0.874,0.769,0.389,0.077,0.740,-0.113,0.517,0.415,0.975,1.000
3297726,0.0405832,173.062298474368,0.768,0.184,-0.581,-0.730,-0.607,-0.209,-0.235,0.091,0.874,0.766,0.389,0.078,0.734,-0.121,0.524,0.415,0.964,1.000
3297736,0.0449081,173.107206573244,0.768,0.184,-0.581,-0.730,-0.607,-0.209,-0.235,0.091,0.874,0.764,0.391,0.079,0.729,-0.125,0.532,0.413,0.894,1.000
3297746,0.0447717,173.151978274342,0.768,0.184,-0.581,-0.730,-0.607,-0.209,-0.235,0.091,0.874,0.760,0.390,0.078,0.721,-0.130,0.544,0.410,0.824,1.000
3297754,0.0454685,173.197446776088,0.768,0.184,-0.581,-0.730,-0.607,-0.209,-0.235,0.091,0.874,0.759,0.389,0.078,0.716,-0.133,0.551,0.409,0.726,1.000
3297764,0.0409973,173.238444076385,0.768,0.184,-0.581,-0.730,-0.607,-0.209,-0.235,0.091,0.874,0.759,0.389,0.077,0.713,-0.135,0.555,0.408,0.659,1.000
3297772,0.0513569,173.289800976869,0.768,0.184,-0.581,-0.730,-0.607,-0.209,-0.235,0.091,0.874,0.757,0.389,0.077,0.710,-0.139,0.556,0.410,0.644,1.000
3297782,0.0455027,173.33530367678,0.768,0.184,-0.581,-0.730,-0.607,-0.209,-0.235,0.091,0.874,0.756,0.389,0.077,0.708,-0.140,0.557,0.411,0.655,1.000
3297790,0.0397132,173.375016876962,0.768,0.184,-0.581,-0.730,-0.607,-0.209,-0.235,0.091,0.874,0.756,0.389,0.078,0.707,-0.141,0.560,0.409,0.676,1.000
3297798,0.0455049,173.42052177852,0.768,0.184,-0.581,-0.730,-0.607,-0.209,-0.235,0.091,0.874,0.758,0.389,0.076,0.704,-0.144,0.564,0.407,0.673,1.000
3297808,0.0451274,173.465649177786,0.768,0.184,-0.581,-0.730,-0.607,-0.209,-0.235,0.091,0.874,0.758,0.389,0.076,0.702,-0.146,0.566,0.407,0.638,1.000
3297814,0.0469464,173.5125955767,0.768,0.184,-0.581,-0.730,-0.607,-0.209,-0.235,0.091,0.874,0.758,0.389,0.077,0.701,-0.147,0.567,0.406,0.637,1.000
3297822,0.0341879,173.546783478465,0.768,0.184,-0.581,-0.730,-0.607,-0.209,-0.235,0.091,0.874,0.758,0.390,0.076,0.701,-0.147,0.567,0.406,0.650,1.000
3297828,0.0320815,173.578864978161,0.768,0.184,-0.581,-0.730,-0.607,-0.209,-0.235,0.091,0.874,0.758,0.390,0.077,0.701,-0.148,0.567,0.407,0.655,1.000
3297834,0.0333888,173.61225377908,0.768,0.184,-0.581,-0.730,-0.607,-0.209,-0.235,0.091,0.874,0.758,0.389,0.078,0.701,-0.148,0.566,0.408,0.665,1.000
3297842,0.0391405,173.651394279208,0.768,0.184,-0.581,-0.730,-0.607,-0.209,-0.235,0.091,0.874,0.758,0.389,0.078,0.701,-0.147,0.566,0.408,0.670,1.000
3297846,0.0268415,173.678235779982,0.768,0.184,-0.581,-0.730,-0.607,-0.209,-0.235,0.091,0.874,0.757,0.389,0.077,0.702,-0.147,0.565,0.408,0.662,1.000
3297856,0.0316417,173.709877479356,0.768,0.184,-0.581,-0.730,-0.607,-0.209,-0.235,0.091,0.874,0.757,0.389,0.077,0.702,-0.147,0.565,0.408,0.658,1.000
3297864,0.0508362,173.760713681113,0.768,0.184,-0.581,-0.730,-0.607,-0.209,-0.235,0.091,0.874,0.757,0.389,0.078,0.702,-0.147,0.565,0.407,0.653,1.000
3297872,0.0294467,173.790160381701,0.768,0.184,-0.581,-0.730,-0.607,-0.209,-0.235,0.091,0.874,0.757,0.388,0.078,0.702,-0.147,0.565,0.407,0.659,1.000
3297882,0.0466526,173.83681298187,0.768,0.184,-0.581,-0.730,-0.607,-0.209,-0.235,0.091,0.874,0.756,0.388,0.078,0.702,-0.149,0.565,0.407,0.669,1.000
3297890,0.0386145,173.875427482184,0.768,0.184,-0.581,-0.730,-0.607,-0.209,-0.235,0.091,0.874,0.756,0.388,0.078,0.702,-0.150,0.564,0.408,0.668,1.000
3297898,0.0481202,173.923547682818,0.768,0.184,-0.581,-0.730,-0.607,-0.209,-0.235,0.091,0.874,0.756,0.388,0.078,0.702,-0.151,0.563,0.409,0.652,1.000
3297908,0.0417018,173.965249483939,0.768,0.184,-0.581,-0.730,-0.607,-0.209,-0.235,0.091,0.874,0.756,0.388,0.077,0.702,-0.152,0.563,0.409,0.652,1.000
3297916,0.0449077,174.01015718421,0.768,0.184,-0.581,-0.730,-0.607,-0.209,-0.235,0.091,0.874,0.757,0.388,0.077,0.702,-0.153,0.563,0.409,0.655,1.000
3297924,0.0435171,174.053674285766,0.768,0.184,-0.581,-0.730,-0.607,-0.209,-0.235,0.091,0.874,0.758,0.388,0.078,0.702,-0.153,0.563,0.408,0.660,1.000
3297934,0.044503,174.098177285399,0.768,0.184,-0.581,-0.730,-0.607,-0.209,-0.235,0.091,0.874,0.758,0.389,0.078,0.701,-0.155,0.564,0.408,0.680,1.000
3297944,0.0435417,174.141718985047,0.768,0.184,-0.581,-0.730,-0.607,-0.209,-0.235,0.091,0.874,0.758,0.389,0.078,0.701,-0.153,0.565,0.407,0.679,1.000
3297952,0.0474951,174.189214085694,0.768,0.184,-0.581,-0.730,-0.607,-0.209,-0.235,0.091,0.874,0.758,0.388,0.080,0.698,-0.158,0.568,0.406,0.662,1.000
3297964,0.0495833,174.238797386643,0.768,0.184,-0.581,-0.730,-0.607,-0.209,-0.235,0.091,0.874,0.759,0.387,0.079,0.696,-0.160,0.572,0.403,0.616,1.000
3297972,0.0504191,174.289216486271,0.768,0.184,-0.581,-0.730,-0.607,-0.209,-0.235,0.091,0.874,0.759,0.386,0.079,0.695,-0.161,0.576,0.399,0.594,1.000
3297982,0.0438456,174.333062087651,0.768,0.184,-0.581,-0.730,-0.607,-0.209,-0.235,0.091,0.874,0.759,0.386,0.080,0.691,-0.164,0.583,0.395,0.550,1.000
3297990,0.0436799,174.376741988119,0.768,0.184,-0.581,-0.730,-0.607,-0.209,-0.235,0.091,0.874,0.759,0.385,0.079,0.690,-0.162,0.589,0.387,0.574,1.000
3297998,0.043161,174.419902989175,0.768,0.184,-0.581,-0.730,-0.607,-0.209,-0.235,0.091,0.874,0.760,0.386,0.079,0.688,-0.165,0.592,0.385,0.591,1.000
3298006,0.0465996,174.466502589639,0.768,0.184,-0.581,-0.730,-0.607,-0.209,-0.235,0.091,0.874,0.760,0.386,0.081,0.686,-0.164,0.599,0.380,0.597,1.000
3298016,0.0432546,174.509757188614,0.768,0.184,-0.581,-0.730,-0.607,-0.209,-0.235,0.091,0.874,0.759,0.385,0.081,0.681,-0.164,0.604,0.379,0.614,1.000
3298026,0.0456974,174.555454587098,0.768,0.184,-0.581,-0.730,-0.607,-0.209,-0.235,0.091,0.874,0.761,0.386,0.081,0.680,-0.166,0.607,0.378,0.622,1.000
3298034,0.0433216,174.598776185419,0.768,0.184,-0.581,-0.730,-0.607,-0.209,-0.235,0.091,0.874,0.761,0.385,0.081,0.678,-0.169,0.607,0.378,0.629,1.000
3298042,0.0438887,174.642664884683,0.768,0.184,-0.581,-0.730,-0.607,-0.209,-0.235,0.091,0.874,0.761,0.385,0.082,0.678,-0.169,0.608,0.378,0.652,1.000
3298050,0.0422092,174.684874085244,0.768,0.184,-0.581,-0.730,-0.607,-0.209,-0.235,0.091,0.874,0.760,0.384,0.081,0.677,-0.172,0.609,0.376,0.658,1.000
3298060,0.0438336,174.728707683738,0.768,0.184,-0.581,-0.730,-0.607,-0.209,-0.235,0.091,0.874,0.761,0.384,0.084,0.673,-0.176,0.614,0.372,0.658,1.000
3298068,0.0459497,174.774657384958,0.768,0.184,-0.581,-0.730,-0.607,-0.209,-0.235,0.091,0.874,0.761,0.383,0.086,0.665,-0.186,0.625,0.365,0.668,1.000
3298078,0.0383281,174.812985484954,0.768,0.184,-0.581,-0.730,-0.607,-0.209,-0.235,0.091,0.874,0.761,0.381,0.085,0.656,-0.196,0.632,0.363,0.707,1.000
3298086,0.0502601,174.863245585468,0.768,0.184,-0.581,-0.730,-0.607,-0.209,-0.235,0.091,0.874,0.764,0.381,0.086,0.653,-0.200,0.636,0.360,0.727,1.000
3298094,0.0431186,174.90636418527,0.768,0.184,-0.581,-0.730,-0.607,-0.209,-0.235,0.091,0.874,0.765,0.382,0.086,0.649,-0.204,0.640,0.357,0.716,1.000
3298104,0.0445595,174.950923686381,0.768,0.184,-0.581,-0.730,-0.607,-0.209,-0.235,0.091,0.874,0.768,0.383,0.087,0.645,-0.204,0.646,0.352,0.716,1.000
3298112,0.0447764,174.99570008507,0.768,0.184,-0.581,-0.730,-0.607,-0.209,-0.235,0.091,0.874,0.770,0.383,0.088,0.641,-0.203,0.654,0.347,0.721,1.000
3298122,0.0440494,175.039749485906,0.768,0.184,-0.581,-0.730,-0.607,-0.209,-0.235,0.091,0.874,0.775,0.384,0.088,0.637,-0.204,0.660,0.342,0.705,1.000
3298132,0.0463597,175.086109185126,0.768,0.184,-0.581,-0.730,-0.607,-0.209,-0.235,0.091,0.874,0.778,0.386,0.090,0.636,-0.199,0.666,0.336,0.687,1.000
3298140,0.0449824,175.131091584917,0.768,0.184,-0.581,-0.730,-0.607,-0.209,-0.235,0.091,0.874,0.780,0.386,0.092,0.634,-0.200,0.668,0.335,0.689,1.000
3298150,0.0449437,175.176035286393,0.768,0.184,-0.581,-0.730,-0.607,-0.209,-0.235,0.091,0.874,0.783,0.387,0.093,0.631,-0.198,0.673,0.331,0.694,1.000
3298158,0.0486018,175.224637085106,0.768,0.184,-0.581,-0.730,-0.607,-0.209,-0.235,0.091,0.874,0.784,0.387,0.095,0.629,-0.198,0.676,0.329,0.684,1.000
3298168,0.0352459,175.259882984217,0.768,0.184,-0.581,-0.730,-0.607,-0.209,-0.235,0.091,0.874,0.785,0.386,0.096,0.626,-0.197,0.680,0.327,0.694,1.000
3298176,0.0494579,175.309340884443,0.768,0.184,-0.581,-0.730,-0.607,-0.209,-0.235,0.091,0.874,0.787,0.387,0.098,0.623,-0.190,0.688,0.320,0.730,1.000
3298186,0.0463019,175.355642785784,0.768,0.184,-0.581,-0.730,-0.607,-0.209,-0.235,0.091,0.874,0.789,0.388,0.098,0.620,-0.186,0.695,0.314,0.722,1.000
3298194,0.0413779,175.39702068409,0.768,0.184,-0.581,-0.730,-0.607,-0.209,-0.235,0.091,0.874,0.790,0.388,0.099,0.615,-0.187,0.701,0.309,0.737,1.000
3298202,0.0471343,175.444154982921,0.768,0.184,-0.581,-0.730,-0.607,-0.209,-0.235,0.091,0.874,0.793,0.388,0.100,0.608,-0.189,0.710,0.301,0.766,1.000
3298212,0.0417012,175.48585618427,0.768,0.184,-0.581,-0.730,-0.607,-0.209,-0.235,0.091,0.874,0.796,0.389,0.100,0.603,-0.193,0.715,0.296,0.775,1.000
3298220,0.0444353,175.530291484203,0.768,0.184,-0.581,-0.730,-0.607,-0.209,-0.235,0.091,0.874,0.799,0.389,0.102,0.599,-0.196,0.720,0.291,0.791,1.000
3298230,0.0451593,175.57545078313,0.768,0.184,-0.581,-0.730,-0.607,-0.209,-0.235,0.091,0.874,0.801,0.390,0.102,0.597,-0.194,0.724,0.286,0.782,1.000
3298238,0.0433264,175.61877718335,0.768,0.184,-0.581,-0.730,-0.607,-0.209,-0.235,0.091,0.874,0.802,0.390,0.103,0.596,-0.192,0.726,0.284,0.781,1.000
3298246,0.0449514,175.663728585001,0.768,0.184,-0.581,-0.730,-0.607,-0.209,-0.235,0.091,0.874,0.801,0.389,0.103,0.594,-0.193,0.727,0.286,0.780,1.000
3298256,0.0406904,175.704418984707,0.768,0.184,-0.581,-0.730,-0.607,-0.209,-0.235,0.091,0.874,0.796,0.387,0.103,0.591,-0.199,0.726,0.291,0.787,1.000
3298266,0.0513457,175.755764683243,0.768,0.184,-0.581,-0.730,-0.607,-0.209,-0.235,0.091,0.874,0.794,0.386,0.104,0.589,-0.201,0.726,0.292,0.805,1.000
3298274,0.0479784,175.803743084427,0.768,0.184,-0.581,-0.730,-0.607,-0.209,-0.235,0.091,0.874,0.790,0.386,0.104,0.587,-0.205,0.726,0.294,0.803,1.000
3298284,0.0410715,175.844814585056,0.768,0.184,-0.581,-0.730,-0.607,-0.209,-0.235,0.091,0.874,0.787,0.385,0.104,0.584,-0.209,0.726,0.295,0.802,1.000
3298292,0.0431779,175.887992484029,0.768,0.184,-0.581,-0.730,-0.607,-0.209,-0.235,0.091,0.874,0.783,0.386,0.105,0.582,-0.212,0.728,0.295,0.791,1.000
3298300,0.0428148,175.930807282683,0.768,0.184,-0.581,-0.730,-0.607,-0.209,-0.235,0.091,0.874,0.779,0.387,0.106,0.580,-0.211,0.729,0.295,0.776,1.000
3298310,0.0427777,175.97358498117,0.768,0.184,-0.581,-0.730,-0.607,-0.209,-0.235,0.091,0.874,0.775,0.387,0.107,0.579,-0.210,0.730,0.296,0.768,1.000
3298318,0.0467688,176.020353780594,0.768,0.184,-0.581,-0.730,-0.607,-0.209,-0.235,0.091,0.874,0.773,0.388,0.107,0.580,-0.210,0.729,0.296,0.767,1.000
3298328,0.0452015,176.065555279609,0.768,0.184,-0.581,-0.730,-0.607,-0.209,-0.235,0.091,0.874,0.770,0.389,0.106,0.586,-0.206,0.723,0.300,0.764,1.000
3298336,0.0442662,176.109821481165,0.768,0.184,-0.581,-0.730,-0.607,-0.209,-0.235,0.091,0.874,0.767,0.390,0.107,0.591,-0.203,0.717,0.309,0.712,1.000
3298344,0.0419412,176.151762680616,0.768,0.184,-0.581,-0.730,-0.607,-0.209,-0.235,0.091,0.874,0.763,0.390,0.107,0.593,-0.200,0.714,0.313,0.706,1.000
3298352,0.0430861,176.194848780986,0.768,0.184,-0.581,-0.730,-0.607,-0.209,-0.235,0.091,0.874,0.761,0.389,0.106,0.604,-0.192,0.705,0.317,0.699,1.000
3298362,0.0475556,176.242404380348,0.768,0.184,-0.581,-0.730,-0.607,-0.209,-0.235,0.091,0.874,0.758,0.390,0.104,0.615,-0.194,0.687,0.334,0.585,1.000
3298372,0.0420874,176.284491778817,0.768,0.184,-0.581,-0.730,-0.607,-0.209,-0.235,0.091,0.874,0.756,0.388,0.102,0.625,-0.194,0.672,0.348,0.579,1.000
3298382,0.0448194,176.329311178532,0.768,0.184,-0.581,-0.730,-0.607,-0.209,-0.235,0.091,0.874,0.753,0.387,0.099,0.640,-0.189,0.653,0.360,0.576,1.000
3298388,0.0510419,176.380353079643,0.768,0.184,-0.581,-0.730,-0.607,-0.209,-0.235,0.091,0.874,0.751,0.386,0.097,0.653,-0.190,0.632,0.372,0.623,1.000
3298398,0.0385115,176.418864579406,0.768,0.184,-0.581,-0.730,-0.607,-0.209,-0.235,0.091,0.874,0.750,0.387,0.095,0.664,-0.190,0.614,0.382,0.725,1.000
3298408,0.049254,176.468118579593,0.768,0.184,-0.581,-0.730,-0.607,-0.209,-0.235,0.091,0.874,0.750,0.387,0.094,0.673,-0.187,0.598,0.393,0.860,1.000
3298416,0.0431482,176.511266780552,0.768,0.184,-0.581,-0.730,-0.607,-0.209,-0.235,0.091,0.874,0.750,0.388,0.092,0.681,-0.187,0.582,0.403,0.890,1.000
3298426,0.0438564,176.555123181548,0.768,0.184,-0.581,-0.730,-0.607,-0.209,-0.235,0.091,0.874,0.750,0.387,0.092,0.688,-0.185,0.569,0.411,0.943,1.000
3298434,0.0445122,176.599635382649,0.768,0.184,-0.581,-0.730,-0.607,-0.209,-0.235,0.091,0.874,0.752,0.386,0.089,0.691,-0.184,0.562,0.416,0.969,1.000
3298442,0.0401997,176.639835083392,0.768,0.184,-0.581,-0.730,-0.607,-0.209,-0.235,0.091,0.874,0.754,0.389,0.087,0.696,-0.181,0.550,0.425,0.982,1.000
3298450,0.0453604,176.685195484664,0.768,0.184,-0.581,-0.730,-0.607,-0.209,-0.235,0.091,0.874,0.756,0.388,0.084,0.701,-0.178,0.541,0.430,1.000,1.000
3298460,0.0448081,176.730003585573,0.768,0.184,-0.581,-0.730,-0.607,-0.209,-0.235,0.091,0.874,0.758,0.387,0.081,0.706,-0.173,0.533,0.434,1.000,1.000
3298470,0.0477136,176.777717185672,0.768,0.184,-0.581,-0.730,-0.607,-0.209,-0.235,0.091,0.874,0.760,0.387,0.080,0.713,-0.166,0.526,0.433,1.000,1.000
3298478,0.0408458,176.818562985864,0.768,0.184,-0.581,-0.730,-0.607,-0.209,-0.235,0.091,0.874,0.760,0.388,0.079,0.720,-0.156,0.520,0.432,1.000,1.000
3298486,0.046078,176.864640986081,0.768,0.184,-0.581,-0.730,-0.607,-0.209,-0.235,0.091,0.874,0.760,0.388,0.077,0.726,-0.149,0.513,0.432,1.000,1.000
3298496,0.0437764,176.908417386469,0.768,0.184,-0.581,-0.730,-0.607,-0.209,-0.235,0.091,0.874,0.760,0.388,0.076,0.732,-0.142,0.508,0.431,1.000,1.000
3298506,0.0439076,176.952324987855,0.768,0.184,-0.581,-0.730,-0.607,-0.209,-0.235,0.091,0.874,0.760,0.389,0.074,0.738,-0.136,0.502,0.430,1.000,1.000
3298514,0.0452664,176.997591388877,0.768,0.184,-0.581,-0.730,-0.607,-0.209,-0.235,0.091,0.874,0.758,0.390,0.074,0.741,-0.134,0.496,0.433,1.000,1.000
3298522,0.0466486,177.044239988085,0.768,0.184,-0.581,-0.730,-0.607,-0.209,-0.235,0.091,0.874,0.758,0.390,0.072,0.743,-0.131,0.490,0.435,1.000,1.000
3298528,0.0426484,177.086888389196,0.768,0.184,-0.581,-0.730,-0.607,-0.209,-0.235,0.091,0.874,0.758,0.390,0.071,0.744,-0.131,0.486,0.438,1.000,1.000
3298536,0.0326745,177.119562888052,0.768,0.184,-0.581,-0.730,-0.607,-0.209,-0.235,0.091,0.874,0.757,0.390,0.070,0.745,-0.132,0.484,0.440,1.000,1.000
3298542,0.0330616,177.152624489274,0.768,0.184,-0.581,-0.730,-0.607,-0.209,-0.235,0.091,0.874,0.756,0.390,0.070,0.745,-0.134,0.482,0.441,1.000,1.000
3298550,0.035106,177.187730488833,0.768,0.184,-0.581,-0.730,-0.607,-0.209,-0.235,0.091,0.874,0.756,0.389,0.069,0.746,-0.135,0.480,0.442,1.000,1.000
3298556,0.0419738,177.2297042883,0.768,0.184,-0.581,-0.730,-0.607,-0.209,-0.235,0.091,0.874,0.755,0.390,0.068,0.747,-0.135,0.478,0.443,1.000,1.000
3298564,0.0177584,177.247462687548,0.768,0.184,-0.581,-0.730,-0.607,-0.209,-0.235,0.091,0.874,0.755,0.389,0.067,0.747,-0.136,0.476,0.444,1.000,1.000
3298570,0.0510234,177.298486088868,0.768,0.184,-0.581,-0.730,-0.607,-0.209,-0.235,0.091,0.874,0.755,0.388,0.066,0.747,-0.137,0.474,0.445,1.000,1.000
3298574,0.021158,177.319644089323,0.768,0.184,-0.581,-0.730,-0.607,-0.209,-0.235,0.091,0.874,0.755,0.388,0.066,0.748,-0.136,0.473,0.446,1.000,1.000
3298584,0.033085,177.352729089092,0.768,0.184,-0.581,-0.730,-0.607,-0.209,-0.235,0.091,0.874,0.755,0.388,0.065,0.748,-0.136,0.471,0.446,1.000,1.000
3298590,0.0548371,177.4075661893,0.768,0.184,-0.581,-0.730,-0.607,-0.209,-0.235,0.091,0.874,0.755,0.387,0.064,0.749,-0.136,0.470,0.447,1.000,1.000
3298598,0.0414953,177.44906149013,0.768,0.184,-0.581,-0.730,-0.607,-0.209,-0.235,0.091,0.874,0.756,0.386,0.062,0.751,-0.137,0.467,0.446,1.000,1.000
3298608,0.0083655,177.457426989917,0.768,0.184,-0.581,-0.730,-0.607,-0.209,-0.235,0.091,0.874,0.756,0.385,0.060,0.752,-0.137,0.466,0.446,1.000,1.000
3298614,0.0603323,177.517759288196,0.768,0.184,-0.581,-0.730,-0.607,-0.209,-0.235,0.091,0.874,0.756,0.385,0.058,0.752,-0.136,0.466,0.446,1.000,1.000
3298622,0.0313466,177.549105888698,0.768,0.184,-0.581,-0.730,-0.607,-0.209,-0.235,0.091,0.874,0.755,0.385,0.057,0.754,-0.133,0.465,0.445,1.000,1.000
3298632,0.039906,177.589011887554,0.768,0.184,-0.581,-0.730,-0.607,-0.209,-0.235,0.091,0.874,0.754,0.384,0.055,0.756,-0.131,0.463,0.444,1.000,1.000
3298640,0.0423974,177.631409286056,0.768,0.184,-0.581,-0.730,-0.607,-0.209,-0.235,0.091,0.874,0.753,0.384,0.054,0.756,-0.129,0.463,0.444,1.000,1.000
3298650,0.0452849,177.67669418687,0.768,0.184,-0.581,-0.730,-0.607,-0.209,-0.235,0.091,0.874,0.752,0.383,0.053,0.757,-0.129,0.461,0.444,1.000,1.000
3298658,0.0450479,177.721742088441,0.768,0.184,-0.581,-0.730,-0.607,-0.209,-0.235,0.091,0.874,0.753,0.382,0.052,0.758,-0.127,0.459,0.445,1.000,1.000
3298668,0.0446114,177.766353490297,0.768,0.184,-0.581,-0.730,-0.607,-0.209,-0.235,0.091,0.874,0.751,0.383,0.052,0.759,-0.124,0.456,0.448,1.000,1.000
3298676,0.0400282,177.80638168985,0.768,0.184,-0.581,-0.730,-0.607,-0.209,-0.235,0.091,0.874,0.750,0.384,0.052,0.762,-0.120,0.452,0.448,1.000,1.000
3298688,0.0540528,177.86043448979,0.768,0.184,-0.581,-0.730,-0.607,-0.209,-0.235,0.091,0.874,0.748,0.384,0.051,0.763,-0.117,0.450,0.449,1.000,1.000
3298696,0.053805,177.91423949087,0.768,0.184,-0.581,-0.730,-0.607,-0.209,-0.235,0.091,0.874,0.747,0.384,0.052,0.764,-0.116,0.449,0.449,1.000,1.000
3298708,0.0417515,177.955990991089,0.768,0.184,-0.581,-0.730,-0.607,-0.209,-0.235,0.091,0.874,0.746,0.384,0.052,0.763,-0.116,0.450,0.450,1.000,1.000
3298716,0.0535611,178.009552089963,0.768,0.184,-0.581,-0.730,-0.607,-0.209,-0.235,0.091,0.874,0.746,0.384,0.052,0.762,-0.116,0.451,0.450,1.000,1.000
3298724,0.0441725,178.053724589292,0.768,0.184,-0.581,-0.730,-0.607,-0.209,-0.235,0.091,0.874,0.746,0.384,0.051,0.762,-0.116,0.451,0.450,1.000,1.000
3298734,0.0461006,178.099825190846,0.768,0.184,-0.581,-0.730,-0.607,-0.209,-0.235,0.091,0.874,0.745,0.383,0.050,0.763,-0.116,0.450,0.449,1.000,1.000
3298742,0.0418559,178.141681092326,0.768,0.184,-0.581,-0.730,-0.607,-0.209,-0.235,0.091,0.874,0.745,0.382,0.050,0.763,-0.116,0.449,0.450,1.000,1.000
3298750,0.0378952,178.179576291237,0.768,0.184,-0.581,-0.730,-0.607,-0.209,-0.235,0.091,0.874,0.745,0.382,0.051,0.762,-0.117,0.450,0.451,1.000,1.000
3298760,0.0496384,178.229214692954,0.768,0.184,-0.581,-0.730,-0.607,-0.209,-0.235,0.091,0.874,0.746,0.383,0.051,0.761,-0.118,0.452,0.451,1.000,1.000
3298768,0.0410523,178.270266993437,0.768,0.184,-0.581,-0.730,-0.607,-0.209,-0.235,0.091,0.874,0.746,0.382,0.051,0.760,-0.119,0.452,0.451,1.000,1.000
3298778,0.0493357,178.319602692965,0.768,0.184,-0.581,-0.730,-0.607,-0.209,-0.235,0.091,0.874,0.745,0.382,0.051,0.760,-0.119,0.452,0.452,1.000,1.000
3298786,0.0402432,178.359845893923,0.768,0.184,-0.581,-0.730,-0.607,-0.209,-0.235,0.091,0.874,0.745,0.383,0.052,0.759,-0.118,0.453,0.452,1.000,1.000
3298796,0.0525668,178.41241269419,0.768,0.184,-0.581,-0.730,-0.607,-0.209,-0.235,0.091,0.874,0.744,0.382,0.052,0.761,-0.117,0.452,0.451,1.000,1.000
3298804,0.0442439,178.456656592432,0.768,0.184,-0.581,-0.730,-0.607,-0.209,-0.235,0.091,0.874,0.743,0.382,0.053,0.762,-0.116,0.452,0.450,1.000,1.000
3298814,0.04201,178.498666594271,0.768,0.184,-0.581,-0.730,-0.607,-0.209,-0.235,0.091,0.874,0.744,0.382,0.055,0.762,-0.116,0.453,0.449,1.000,1.000
3298824,0.0457085,178.544375094119,0.768,0.184,-0.581,-0.730,-0.607,-0.209,-0.235,0.091,0.874,0.744,0.382,0.055,0.761,-0.116,0.454,0.448,1.000,1.000
3298832,0.0438232,178.588198295329,0.768,0.184,-0.581,-0.730,-0.607,-0.209,-0.235,0.091,0.874,0.743,0.382,0.056,0.762,-0.116,0.456,0.446,1.000,1.000
3298842,0.0436189,178.631817194168,0.768,0.184,-0.581,-0.730,-0.607,-0.209,-0.235,0.091,0.874,0.742,0.382,0.058,0.762,-0.116,0.457,0.444,1.000,1.000
3298848,0.0532376,178.685054792557,0.768,0.184,-0.581,-0.730,-0.607,-0.209,-0.235,0.091,0.874,0.742,0.382,0.059,0.762,-0.117,0.458,0.443,1.000,1.000
3298858,0.0358076,178.720862390939,0.768,0.184,-0.581,-0.730,-0.607,-0.209,-0.235,0.091,0.874,0.743,0.383,0.060,0.762,-0.117,0.459,0.442,1.000,1.000
3298868,0.0436491,178.764511490706,0.768,0.184,-0.581,-0.730,-0.607,-0.209,-0.235,0.091,0.874,0.744,0.382,0.060,0.761,-0.116,0.461,0.441,1.000,1.000
3298876,0.0446848,178.809196291957,0.768,0.184,-0.581,-0.730,-0.607,-0.209,-0.235,0.091,0.874,0.744,0.383,0.060,0.761,-0.115,0.463,0.439,1.000,1.000
3298884,0.0449166,178.854112891946,0.768,0.184,-0.581,-0.730,-0.607,-0.209,-0.235,0.091,0.874,0.745,0.384,0.062,0.761,-0.114,0.465,0.438,1.000,1.000
3298894,0.0415265,178.895639392082,0.768,0.184,-0.581,-0.730,-0.607,-0.209,-0.235,0.091,0.874,0.747,0.384,0.063,0.761,-0.113,0.466,0.438,1.000,1.000
3298902,0.046393,178.942032391671,0.768,0.184,-0.581,-0.730,-0.607,-0.209,-0.235,0.091,0.874,0.746,0.383,0.064,0.760,-0.114,0.466,0.438,1.000,1.000
3298912,0.0384247,178.98045709217,0.768,0.184,-0.581,-0.730,-0.607,-0.209,-0.235,0.091,0.874,0.745,0.385,0.066,0.758,-0.116,0.467,0.440,1.000,1.000
3298920,0.0498188,179.030275891069,0.768,0.184,-0.581,-0.730,-0.607,-0.209,-0.235,0.091,0.874,0.745,0.383,0.067,0.758,-0.119,0.468,0.439,1.000,1.000
3298930,0.0453351,179.07561099017,0.768,0.184,-0.581,-0.730,-0.607,-0.209,-0.235,0.091,0.874,0.746,0.383,0.067,0.756,-0.120,0.471,0.438,1.000,1.000
3298938,0.0428909,179.118501889054,0.768,0.184,-0.581,-0.730,-0.607,-0.209,-0.235,0.091,0.874,0.746,0.381,0.068,0.755,-0.122,0.474,0.437,0.951,1.000
3298948,0.0433653,179.161867188755,0.768,0.184,-0.581,-0.730,-0.607,-0.209,-0.235,0.091,0.874,0.746,0.381,0.067,0.754,-0.124,0.477,0.435,0.878,1.000
3298956,0.0479151,179.209782289807,0.768,0.184,-0.581,-0.730,-0.607,-0.209,-0.235,0.091,0.874,0.747,0.380,0.068,0.751,-0.126,0.480,0.436,0.832,1.000
3298964,0.0467567,179.256538989488,0.768,0.184,-0.581,-0.730,-0.607,-0.209,-0.235,0.091,0.874,0.746,0.381,0.071,0.748,-0.131,0.485,0.434,0.790,1.000
3298974,0.0419295,179.298468487803,0.768,0.184,-0.581,-0.730,-0.607,-0.209,-0.235,0.091,0.874,0.745,0.382,0.074,0.741,-0.141,0.494,0.433,0.752,1.000
3298982,0.0499314,179.348399887327,0.768,0.184,-0.581,-0.730,-0.607,-0.209,-0.235,0.091,0.874,0.746,0.380,0.076,0.736,-0.147,0.503,0.429,0.681,1.000
3298992,0.0390457,179.387445586268,0.768,0.184,-0.581,-0.730,-0.607,-0.209,-0.235,0.091,0.874,0.745,0.380,0.074,0.730,-0.154,0.511,0.427,0.628,1.000
3299000,0.045624,179.433069585357,0.768,0.184,-0.581,-0.730,-0.607,-0.209,-0.235,0.091,0.874,0.746,0.380,0.073,0.727,-0.158,0.515,0.425,0.616,1.000
3299010,0.0431674,179.476236986462,0.768,0.184,-0.581,-0.730,-0.607,-0.209,-0.235,0.091,0.874,0.746,0.380,0.074,0.725,-0.159,0.519,0.423,0.600,1.000
3299018,0.0436584,179.519895388279,0.768,0.184,-0.581,-0.730,-0.607,-0.209,-0.235,0.091,0.874,0.745,0.380,0.076,0.723,-0.162,0.522,0.422,0.608,1.000
3299028,0.0433274,179.563222786877,0.768,0.184,-0.581,-0.730,-0.607,-0.209,-0.235,0.091,0.874,0.745,0.380,0.077,0.720,-0.167,0.526,0.421,0.626,1.000
3299034,0.0453187,179.60854148725,0.768,0.184,-0.581,-0.730,-0.607,-0.209,-0.235,0.091,0.874,0.746,0.379,0.076,0.717,-0.169,0.530,0.420,0.651,1.000
3299044,0.0425441,179.651085587684,0.768,0.184,-0.581,-0.730,-0.607,-0.209,-0.235,0.091,0.874,0.746,0.380,0.077,0.716,-0.170,0.534,0.417,0.662,1.000
3299054,0.0487446,179.69983018795,0.768,0.184,-0.581,-0.730,-0.607,-0.209,-0.235,0.091,0.874,0.746,0.380,0.077,0.714,-0.171,0.538,0.415,0.670,1.000
3299062,0.0435702,179.743400389794,0.768,0.184,-0.581,-0.730,-0.607,-0.209,-0.235,0.091,0.874,0.746,0.380,0.078,0.712,-0.172,0.541,0.413,0.675,1.000
3299072,0.0413238,179.784724189434,0.768,0.184,-0.581,-0.730,-0.607,-0.209,-0.235,0.091,0.874,0.747,0.380,0.078,0.711,-0.173,0.543,0.411,0.675,1.000
3299080,0.0452284,179.829952588771,0.768,0.184,-0.581,-0.730,-0.607,-0.209,-0.235,0.091,0.874,0.748,0.381,0.077,0.711,-0.172,0.544,0.411,0.667,1.000
3299090,0.0436198,179.87357238913,0.768,0.184,-0.581,-0.730,-0.607,-0.209,-0.235,0.091,0.874,0.749,0.382,0.078,0.711,-0.170,0.544,0.412,0.658,1.000
3299098,0.0554848,179.92905719066,0.768,0.184,-0.581,-0.730,-0.607,-0.209,-0.235,0.091,0.874,0.750,0.381,0.078,0.711,-0.170,0.543,0.413,0.649,1.000
3299106,0.0349747,179.964031892363,0.768,0.184,-0.581,-0.730,-0.607,-0.209,-0.235,0.091,0.874,0.751,0.381,0.079,0.710,-0.171,0.543,0.415,0.646,1.000
3299116,0.0448596,180.008891491685,0.768,0.184,-0.581,-0.730,-0.607,-0.209,-0.235,0.091,0.874,0.754,0.380,0.080,0.709,-0.172,0.544,0.415,0.645,1.000
3299124,0.0447317,180.053623190615,0.768,0.184,-0.581,-0.730,-0.607,-0.209,-0.235,0.091,0.874,0.755,0.382,0.081,0.706,-0.175,0.545,0.417,0.636,1.000
3299132,0.0426989,180.096322091762,0.768,0.184,-0.581,-0.730,-0.607,-0.209,-0.235,0.091,0.874,0.755,0.383,0.083,0.706,-0.176,0.545,0.418,0.632,1.000
3299142,0.0440266,180.140348690096,0.768,0.184,-0.581,-0.730,-0.607,-0.209,-0.235,0.091,0.874,0.756,0.383,0.083,0.706,-0.177,0.543,0.419,0.633,1.000
3299152,0.0480317,180.188380389009,0.768,0.184,-0.581,-0.730,-0.607,-0.209,-0.235,0.091,0.874,0.756,0.382,0.084,0.706,-0.176,0.543,0.418,0.639,1.000
3299160,0.040022,180.228402389679,0.768,0.184,-0.581,-0.730,-0.607,-0.209,-0.235,0.091,0.874,0.758,0.381,0.084,0.707,-0.177,0.544,0.416,0.651,1.000
3299170,0.0475905,180.275992891286,0.768,0.184,-0.581,-0.730,-0.607,-0.209,-0.235,0.091,0.874,0.760,0.382,0.083,0.707,-0.176,0.549,0.410,0.650,1.000
3299178,0.0460267,180.322019590531,0.768,0.184,-0.581,-0.730,-0.607,-0.209,-0.235,0.091,0.874,0.761,0.383,0.083,0.706,-0.176,0.553,0.406,0.624,1.000
3299186,0.0401129,180.36213249201,0.768,0.184,-0.581,-0.730,-0.607,-0.209,-0.235,0.091,0.874,0.762,0.382,0.082,0.705,-0.176,0.555,0.405,0.613,1.000
3299194,0.0400214,180.402153892908,0.768,0.184,-0.581,-0.730,-0.607,-0.209,-0.235,0.091,0.874,0.763,0.381,0.083,0.704,-0.177,0.555,0.406,0.612,1.000
3299204,0.0485421,180.450695993844,0.768,0.184,-0.581,-0.730,-0.607,-0.209,-0.235,0.091,0.874,0.765,0.380,0.082,0.704,-0.178,0.556,0.406,0.616,1.000
3299214,0.0484502,180.499146195594,0.768,0.184,-0.581,-0.730,-0.607,-0.209,-0.235,0.091,0.874,0.765,0.380,0.083,0.703,-0.179,0.556,0.405,0.620,1.000
3299222,0.0429537,180.542099895421,0.768,0.184,-0.581,-0.730,-0.607,-0.209,-0.235,0.091,0.874,0.765,0.380,0.083,0.702,-0.181,0.558,0.404,0.629,1.000
3299232,0.0460548,180.588154694531,0.768,0.184,-0.581,-0.730,-0.607,-0.209,-0.235,0.091,0.874,0.766,0.380,0.083,0.700,-0.182,0.560,0.403,0.633,1.000
3299240,0.0411208,180.629275495652,0.768,0.184,-0.581,-0.730,-0.607,-0.209,-0.235,0.091,0.874,0.766,0.379,0.084,0.699,-0.183,0.563,0.401,0.632,1.000
3299248,0.0466079,180.675883396063,0.768,0.184,-0.581,-0.730,-0.607,-0.209,-0.235,0.091,0.874,0.765,0.378,0.085,0.694,-0.192,0.565,0.402,0.628,1.000
3299258,0.041257,180.717140397523,0.768,0.184,-0.581,-0.730,-0.607,-0.209,-0.235,0.091,0.874,0.765,0.376,0.085,0.689,-0.197,0.572,0.399,0.630,1.000
3299268,0.0486457,180.765786098782,0.768,0.184,-0.581,-0.730,-0.607,-0.209,-0.235,0.091,0.874,0.765,0.377,0.085,0.684,-0.202,0.582,0.391,0.629,1.000
3299276,0.0456151,180.811401198152,0.768,0.184,-0.581,-0.730,-0.607,-0.209,-0.235,0.091,0.874,0.766,0.377,0.085,0.680,-0.203,0.588,0.387,0.596,1.000
3299284,0.0457542,180.857155399863,0.768,0.184,-0.581,-0.730,-0.607,-0.209,-0.235,0.091,0.874,0.766,0.378,0.083,0.677,-0.205,0.592,0.387,0.594,1.000
3299294,0.0408935,180.898048898671,0.768,0.184,-0.581,-0.730,-0.607,-0.209,-0.235,0.091,0.874,0.762,0.375,0.083,0.664,-0.233,0.588,0.399,0.569,1.000
3299302,0.0441128,180.942161700223,0.768,0.184,-0.581,-0.730,-0.607,-0.209,-0.235,0.091,0.874,0.760,0.373,0.083,0.650,-0.251,0.599,0.394,0.068,0.160
3299312,0.0441649,180.986326599959,0.768,0.184,-0.581,-0.730,-0.607,-0.209,-0.235,0.091,0.874,0.760,0.373,0.081,0.633,-0.270,0.607,0.397,0.016,0.000
3299320,0.0464915,181.03281809995,0.768,0.184,-0.581,-0.730,-0.607,-0.209,-0.235,0.091,0.874,0.759,0.372,0.079,0.623,-0.287,0.608,0.400,0.000,0.000
3299328,0.0403425,181.07316059852,0.768,0.184,-0.581,-0.730,-0.607,-0.209,-0.235,0.091,0.874,0.757,0.372,0.078,0.618,-0.294,0.610,0.400,0.000,0.000
3299338,0.0451898,181.118350400124,0.768,0.184,-0.581,-0.730,-0.607,-0.209,-0.235,0.091,0.874,0.754,0.371,0.077,0.613,-0.301,0.609,0.403,0.000,0.000
3299348,0.0533631,181.171713499818,0.768,0.184,-0.581,-0.730,-0.607,-0.209,-0.235,0.091,0.874,0.753,0.370,0.077,0.612,-0.301,0.610,0.403,0.000,0.000
3299356,0.0384167,181.210130198393,0.768,0.184,-0.581,-0.730,-0.607,-0.209,-0.235,0.091,0.874,0.754,0.371,0.076,0.612,-0.303,0.611,0.401,0.000,0.000
3299364,0.0424559,181.252586098854,0.768,0.184,-0.581,-0.730,-0.607,-0.209,-0.235,0.091,0.874,0.754,0.371,0.076,0.612,-0.302,0.613,0.398,0.000,0.000
3299372,0.0457177,181.298303800169,0.768,0.184,-0.581,-0.730,-0.607,-0.209,-0.235,0.091,0.874,0.753,0.371,0.077,0.615,-0.298,0.614,0.395,0.000,0.000
3299382,0.0418418,181.340145601425,0.768,0.184,-0.581,-0.730,-0.607,-0.209,-0.235,0.091,0.874,0.752,0.371,0.076,0.614,-0.298,0.614,0.396,0.000,0.000
3299390,0.0450183,181.385163901839,0.768,0.184,-0.581,-0.730,-0.607,-0.209,-0.235,0.091,0.874,0.752,0.372,0.075,0.615,-0.297,0.613,0.397,0.000,0.000
3299400,0.0451183,181.430282200221,0.768,0.184,-0.581,-0.730,-0.607,-0.209,-0.235,0.091,0.874,0.751,0.371,0.075,0.616,-0.296,0.613,0.397,0.000,0.000
3299410,0.0460232,181.476305401418,0.768,0.184,-0.581,-0.730,-0.607,-0.209,-0.235,0.091,0.874,0.751,0.371,0.074,0.616,-0.296,0.612,0.398,0.000,0.000
3299418,0.0464183,181.52272370318,0.768,0.184,-0.581,-0.730,-0.607,-0.209,-0.235,0.091,0.874,0.751,0.371,0.073,0.617,-0.295,0.611,0.398,0.000,0.000
3299428,0.0447579,181.567481602076,0.768,0.184,-0.581,-0.730,-0.607,-0.209,-0.235,0.091,0.874,0.751,0.371,0.073,0.619,-0.294,0.611,0.397,0.000,0.000
3299436,0.0434551,181.610936703626,0.768,0.184,-0.581,-0.730,-0.607,-0.209,-0.235,0.091,0.874,0.751,0.372,0.072,0.621,-0.291,0.610,0.397,0.000,0.000
3299444,0.0451692,181.656105904374,0.768,0.184,-0.581,-0.730,-0.607,-0.209,-0.235,0.091,0.874,0.751,0.372,0.071,0.623,-0.289,0.609,0.397,0.000,0.000
3299454,0.042957,181.699062904809,0.768,0.184,-0.581,-0.730,-0.607,-0.209,-0.235,0.091,0.874,0.751,0.373,0.071,0.624,-0.288,0.608,0.398,0.000,0.000
3299462,0.0497987,181.748861605767,0.768,0.184,-0.581,-0.730,-0.607,-0.209,-0.235,0.091,0.874,0.752,0.373,0.071,0.626,-0.286,0.607,0.397,0.000,0.000
3299470,0.0383834,181.787245003972,0.768,0.184,-0.581,-0.730,-0.607,-0.209,-0.235,0.091,0.874,0.753,0.374,0.071,0.629,-0.282,0.607,0.396,0.000,0.000
3299480,0.0449516,181.832196603063,0.768,0.184,-0.581,-0.730,-0.607,-0.209,-0.235,0.091,0.874,0.752,0.374,0.072,0.629,-0.280,0.607,0.397,0.000,0.000
3299490,0.0444968,181.876693403814,0.768,0.184,-0.581,-0.730,-0.607,-0.209,-0.235,0.091,0.874,0.752,0.375,0.072,0.629,-0.279,0.607,0.398,0.000,0.000
3299496,0.0445415,181.921234904323,0.768,0.184,-0.581,-0.730,-0.607,-0.209,-0.235,0.091,0.874,0.754,0.375,0.071,0.630,-0.277,0.607,0.398,0.000,0.000
3299502,0.0379051,181.959140005056,0.768,0.184,-0.581,-0.730,-0.607,-0.209,-0.235,0.091,0.874,0.755,0.374,0.070,0.630,-0.277,0.606,0.399,0.000,0.000
3299510,0.0309683,181.990108304191,0.768,0.184,-0.581,-0.730,-0.607,-0.209,-0.235,0.091,0.874,0.755,0.374,0.070,0.630,-0.279,0.604,0.401,0.000,0.000
3299516,0.0451551,182.035263404716,0.768,0.184,-0.581,-0.730,-0.607,-0.209,-0.235,0.091,0.874,0.756,0.375,0.070,0.630,-0.279,0.603,0.402,0.000,0.000
3299520,0.0175337,182.052797105629,0.768,0.184,-0.581,-0.730,-0.607,-0.209,-0.235,0.091,0.874,0.756,0.375,0.070,0.630,-0.279,0.603,0.402,0.000,0.000
3299530,0.0272749,182.080072004814,0.768,0.184,-0.581,-0.730,-0.607,-0.209,-0.235,0.091,0.874,0.757,0.375,0.070,0.631,-0.276,0.603,0.401,0.000,0.000
3299536,0.0637128,182.143784802873,0.768,0.184,-0.581,-0.730,-0.607,-0.209,-0.235,0.091,0.874,0.757,0.375,0.070,0.632,-0.277,0.603,0.401,0.000,0.000
3299548,0.0198689,182.163653702009,0.768,0.184,-0.581,-0.730,-0.607,-0.209,-0.235,0.091,0.874,0.758,0.375,0.071,0.635,-0.272,0.604,0.398,0.000,0.000
3299556,0.0608146,182.224468302447,0.768,0.184,-0.581,-0.730,-0.607,-0.209,-0.235,0.091,0.874,0.759,0.375,0.071,0.635,-0.271,0.604,0.398,0.000,0.000
3299564,0.0385107,182.262979001272,0.768,0.184,-0.581,-0.730,-0.607,-0.209,-0.235,0.091,0.874,0.759,0.375,0.071,0.635,-0.271,0.603,0.399,0.000,0.000
3299572,0.0269675,182.289946500678,0.768,0.184,-0.581,-0.730,-0.607,-0.209,-0.235,0.091,0.874,0.759,0.374,0.070,0.637,-0.270,0.602,0.397,0.000,0.000
3299580,0.0444208,182.334367301781,0.768,0.184,-0.581,-0.730,-0.607,-0.209,-0.235,0.091,0.874,0.760,0.374,0.071,0.639,-0.270,0.601,0.396,0.000,0.000
3299590,0.0420743,182.376441602129,0.768,0.184,-0.581,-0.730,-0.607,-0.209,-0.235,0.091,0.874,0.762,0.375,0.073,0.643,-0.265,0.600,0.395,0.000,0.000
3299598,0.0465579,182.422999501694,0.768,0.184,-0.581,-0.730,-0.607,-0.209,-0.235,0.091,0.874,0.763,0.375,0.072,0.647,-0.259,0.598,0.396,0.000,0.000
3299608,0.0407398,182.463739302475,0.768,0.184,-0.581,-0.730,-0.607,-0.209,-0.235,0.091,0.874,0.764,0.376,0.072,0.658,-0.245,0.593,0.394,0.000,0.000
3299616,0.0516466,182.515385903884,0.768,0.184,-0.581,-0.730,-0.607,-0.209,-0.235,0.091,0.874,0.765,0.378,0.072,0.681,-0.215,0.579,0.394,0.026,0.000
3299626,0.0425779,182.557963803876,0.768,0.184,-0.581,-0.730,-0.607,-0.209,-0.235,0.091,0.874,0.766,0.381,0.071,0.694,-0.199,0.560,0.406,0.217,0.077
3299634,0.0421237,182.6000875053,0.768,0.184,-0.581,-0.730,-0.607,-0.209,-0.235,0.091,0.874,0.766,0.383,0.071,0.701,-0.189,0.547,0.416,0.230,0.406
3299644,0.0512679,182.651355404872,0.768,0.184,-0.581,-0.730,-0.607,-0.209,-0.235,0.091,0.874,0.765,0.385,0.073,0.709,-0.173,0.539,0.421,0.342,0.812
3299654,0.0491232,182.700478606392,0.768,0.184,-0.581,-0.730,-0.607,-0.209,-0.235,0.091,0.874,0.765,0.385,0.074,0.711,-0.166,0.533,0.428,0.393,0.956
3299664,0.0444075,182.744886108208,0.768,0.184,-0.581,-0.730,-0.607,-0.209,-0.235,0.091,0.874,0.765,0.385,0.072,0.715,-0.157,0.530,0.428,0.406,0.998
3299672,0.0461538,182.791039906908,0.768,0.184,-0.581,-0.730,-0.607,-0.209,-0.235,0.091,0.874,0.765,0.387,0.073,0.715,-0.151,0.531,0.429,0.465,1.000
3299682,0.0461202,182.837160107214,0.768,0.184,-0.581,-0.730,-0.607,-0.209,-0.235,0.091,0.874,0.764,0.387,0.074,0.718,-0.143,0.530,0.428,0.539,1.000
3299690,0.0471398,182.884299908299,0.768,0.184,-0.581,-0.730,-0.607,-0.209,-0.235,0.091,0.874,0.763,0.386,0.073,0.721,-0.140,0.528,0.426,0.625,1.000
3299700,0.0450889,182.92938880669,0.768,0.184,-0.581,-0.730,-0.607,-0.209,-0.235,0.091,0.874,0.762,0.386,0.073,0.722,-0.139,0.526,0.427,0.620,1.000
3299708,0.0447063,182.974095106591,0.768,0.184,-0.581,-0.730,-0.607,-0.209,-0.235,0.091,0.874,0.761,0.384,0.073,0.724,-0.139,0.525,0.426,0.607,1.000
3299718,0.0424914,183.016586505342,0.768,0.184,-0.581,-0.730,-0.607,-0.209,-0.235,0.091,0.874,0.760,0.384,0.073,0.724,-0.138,0.525,0.426,0.616,1.000
3299726,0.0510779,183.067664403934,0.768,0.184,-0.581,-0.730,-0.607,-0.209,-0.235,0.091,0.874,0.760,0.383,0.073,0.724,-0.138,0.526,0.425,0.624,1.000
3299736,0.0392453,183.106909703929,0.768,0.184,-0.581,-0.730,-0.607,-0.209,-0.235,0.091,0.874,0.759,0.383,0.072,0.723,-0.138,0.527,0.424,0.612,1.000
3299744,0.0473645,183.154274203349,0.768,0.184,-0.581,-0.730,-0.607,-0.209,-0.235,0.091,0.874,0.758,0.384,0.072,0.723,-0.139,0.528,0.424,0.617,1.000
3299752,0.0439923,183.198266502935,0.768,0.184,-0.581,-0.730,-0.607,-0.209,-0.235,0.091,0.874,0.757,0.384,0.074,0.722,-0.141,0.528,0.424,0.629,1.000
3299758,0.0436307,183.241897203494,0.768,0.184,-0.581,-0.730,-0.607,-0.209,-0.235,0.091,0.874,0.756,0.384,0.074,0.722,-0.142,0.528,0.424,0.651,1.000
3299766,0.0177209,183.25961810397,0.768,0.184,-0.581,-0.730,-0.607,-0.209,-0.235,0.091,0.874,0.756,0.383,0.075,0.720,-0.142,0.529,0.426,0.657,1.000
3299770,0.0513497,183.310967803467,0.768,0.184,-0.581,-0.730,-0.607,-0.209,-0.235,0.091,0.874,0.756,0.383,0.075,0.720,-0.142,0.529,0.426,0.670,1.000
3299778,0.0193726,183.330340402666,0.768,0.184,-0.581,-0.730,-0.607,-0.209,-0.235,0.091,0.874,0.756,0.383,0.075,0.719,-0.142,0.529,0.427,0.668,1.000
3299782,0.0322437,183.362584101502,0.768,0.184,-0.581,-0.730,-0.607,-0.209,-0.235,0.091,0.874,0.755,0.383,0.076,0.719,-0.142,0.530,0.427,0.668,1.000
3299792,0.0321484,183.394732499961,0.768,0.184,-0.581,-0.730,-0.607,-0.209,-0.235,0.091,0.874,0.754,0.383,0.076,0.718,-0.142,0.530,0.428,0.669,1.000
3299800,0.0592126,183.45394509891,0.768,0.184,-0.581,-0.730,-0.607,-0.209,-0.235,0.091,0.874,0.754,0.383,0.076,0.718,-0.142,0.530,0.428,0.676,1.000
3299806,0.0376958,183.491640897933,0.768,0.184,-0.581,-0.730,-0.607,-0.209,-0.235,0.091,0.874,0.754,0.383,0.076,0.718,-0.142,0.531,0.427,0.679,1.000
3299818,0.0239474,183.515588297043,0.768,0.184,-0.581,-0.730,-0.607,-0.209,-0.235,0.091,0.874,0.753,0.383,0.077,0.719,-0.141,0.531,0.426,0.684,1.000
3299826,0.0577504,183.573338697199,0.768,0.184,-0.581,-0.730,-0.607,-0.209,-0.235,0.091,0.874,0.752,0.383,0.077,0.719,-0.141,0.530,0.427,0.679,1.000
3299834,0.0384967,183.611835396383,0.768,0.184,-0.581,-0.730,-0.607,-0.209,-0.235,0.091,0.874,0.753,0.382,0.077,0.719,-0.141,0.530,0.426,0.675,1.000
3299842,0.030851,183.642686397303,0.768,0.184,-0.581,-0.730,-0.607,-0.209,-0.235,0.091,0.874,0.753,0.382,0.077,0.719,-0.142,0.529,0.427,0.672,1.000
3299852,0.0439042,183.686590597499,0.768,0.184,-0.581,-0.730,-0.607,-0.209,-0.235,0.091,0.874,0.754,0.382,0.077,0.720,-0.142,0.529,0.426,0.680,1.000
3299860,0.045004,183.731594596524,0.768,0.184,-0.581,-0.730,-0.607,-0.209,-0.235,0.091,0.874,0.755,0.382,0.076,0.720,-0.142,0.530,0.425,0.682,1.000
3299870,0.0450283,183.776622895617,0.768,0.184,-0.581,-0.730,-0.607,-0.209,-0.235,0.091,0.874,0.755,0.382,0.077,0.720,-0.141,0.530,0.425,0.682,1.000
3299878,0.044701,183.82132389443,0.768,0.184,-0.581,-0.730,-0.607,-0.209,-0.235,0.091,0.874,0.755,0.383,0.077,0.721,-0.140,0.529,0.424,0.678,1.000
3299888,0.0439086,183.865232494194,0.768,0.184,-0.581,-0.730,-0.607,-0.209,-0.235,0.091,0.874,0.755,0.383,0.077,0.723,-0.139,0.529,0.423,0.675,1.000
3299896,0.045032,183.910264492501,0.768,0.184,-0.581,-0.730,-0.607,-0.209,-0.235,0.091,0.874,0.755,0.382,0.077,0.723,-0.139,0.528,0.423,0.676,1.000
3299906,0.0485733,183.958837792743,0.768,0.184,-0.581,-0.730,-0.607,-0.209,-0.235,0.091,0.874,0.755,0.382,0.077,0.723,-0.140,0.528,0.423,0.675,1.000
3299916,0.0488218,184.0076595922,0.768,0.184,-0.581,-0.730,-0.607,-0.209,-0.235,0.091,0.874,0.755,0.381,0.078,0.723,-0.140,0.528,0.424,0.679,1.000
3299926,0.045963,184.053622592706,0.768,0.184,-0.581,-0.730,-0.607,-0.209,-0.235,0.091,0.874,0.754,0.381,0.079,0.722,-0.141,0.527,0.425,0.686,1.000
3299934,0.0538016,184.107424192596,0.768,0.184,-0.581,-0.730,-0.607,-0.209,-0.235,0.091,0.874,0.754,0.382,0.079,0.723,-0.141,0.527,0.424,0.707,1.000
3299944,0.0470405,184.154464692343,0.768,0.184,-0.581,-0.730,-0.607,-0.209,-0.235,0.091,0.874,0.754,0.382,0.078,0.723,-0.141,0.528,0.422,0.709,1.000
3299954,0.0435425,184.198007192928,0.768,0.184,-0.581,-0.730,-0.607,-0.209,-0.235,0.091,0.874,0.754,0.382,0.079,0.723,-0.140,0.528,0.422,0.706,1.000
3299962,0.0470964,184.245103594381,0.768,0.184,-0.581,-0.730,-0.607,-0.209,-0.235,0.091,0.874,0.753,0.382,0.078,0.724,-0.139,0.528,0.422,0.694,1.000
3299972,0.0421272,184.287230793852,0.768,0.184,-0.581,-0.730,-0.607,-0.209,-0.235,0.091,0.874,0.753,0.382,0.079,0.724,-0.139,0.527,0.423,0.701,1.000
3299982,0.0449291,184.33215989219,0.768,0.184,-0.581,-0.730,-0.607,-0.209,-0.235,0.091,0.874,0.752,0.382,0.079,0.724,-0.139,0.526,0.423,0.721,1.000
3299990,0.0515353,184.383695193101,0.768,0.184,-0.581,-0.730,-0.607,-0.209,-0.235,0.091,0.874,0.752,0.382,0.079,0.724,-0.139,0.526,0.424,0.750,1.000
3299996,0.0487764,184.432471592445,0.768,0.184,-0.581,-0.730,-0.607,-0.209,-0.235,0.091,0.874,0.751,0.382,0.079,0.724,-0.139,0.526,0.424,0.755,1.000
3300002,0.0236566,184.456128191669,0.768,0.184,-0.581,-0.730,-0.607,-0.209,-0.235,0.091,0.874,0.750,0.382,0.079,0.724,-0.139,0.526,0.424,0.756,1.000
3300010,0.0331576,184.489285789896,0.768,0.184,-0.581,-0.730,-0.607,-0.209,-0.235,0.091,0.874,0.751,0.381,0.079,0.724,-0.140,0.525,0.425,0.760,1.000
3300016,0.031719,184.521004789043,0.768,0.184,-0.581,-0.730,-0.607,-0.209,-0.235,0.091,0.874,0.751,0.381,0.079,0.724,-0.140,0.524,0.426,0.779,1.000
3300028,0.0533551,184.574359890539,0.768,0.184,-0.581,-0.730,-0.607,-0.209,-0.235,0.091,0.874,0.751,0.382,0.079,0.724,-0.138,0.525,0.426,0.805,1.000
3300036,0.0465097,184.620869592298,0.768,0.184,-0.581,-0.730,-0.607,-0.209,-0.235,0.091,0.874,0.750,0.381,0.079,0.725,-0.137,0.524,0.425,0.794,1.000
3300044,0.0341531,184.655022692401,0.768,0.184,-0.581,-0.730,-0.607,-0.209,-0.235,0.091,0.874,0.750,0.380,0.079,0.726,-0.137,0.523,0.425,0.775,1.000
3300054,0.0446765,184.699699193705,0.768,0.184,-0.581,-0.730,-0.607,-0.209,-0.235,0.091,0.874,0.750,0.381,0.079,0.727,-0.137,0.522,0.425,0.781,1.000
3300062,0.0444015,184.744100694079,0.768,0.184,-0.581,-0.730,-0.607,-0.209,-0.235,0.091,0.874,0.750,0.381,0.079,0.727,-0.136,0.522,0.424,0.799,1.000
3300070,0.0437609,184.787861593533,0.768,0.184,-0.581,-0.730,-0.607,-0.209,-0.235,0.091,0.874,0.750,0.380,0.079,0.728,-0.136,0.521,0.424,0.805,1.000
3300080,0.0411829,184.829044495244,0.768,0.184,-0.581,-0.730,-0.607,-0.209,-0.235,0.091,0.874,0.750,0.380,0.078,0.729,-0.136,0.521,0.424,0.808,1.000
3300090,0.0517146,184.880759094376,0.768,0.184,-0.581,-0.730,-0.607,-0.209,-0.235,0.091,0.874,0.750,0.380,0.078,0.730,-0.135,0.519,0.424,0.812,1.000
3300098,0.0400708,184.920829892624,0.768,0.184,-0.581,-0.730,-0.607,-0.209,-0.235,0.091,0.874,0.750,0.379,0.077,0.731,-0.135,0.518,0.423,0.803,1.000
3300108,0.0476954,184.968525290955,0.768,0.184,-0.581,-0.730,-0.607,-0.209,-0.235,0.091,0.874,0.749,0.379,0.075,0.731,-0.136,0.517,0.423,0.800,1.000
3300116,0.0452609,185.013786189724,0.768,0.184,-0.581,-0.730,-0.607,-0.209,-0.235,0.091,0.874,0.750,0.376,0.074,0.724,-0.159,0.509,0.437,0.713,1.000
3300126,0.0484519,185.062238090206,0.768,0.184,-0.581,-0.730,-0.607,-0.209,-0.235,0.091,0.874,0.751,0.372,0.076,0.722,-0.183,0.496,0.446,0.376,0.555
3300136,0.0488661,185.111104190815,0.768,0.184,-0.581,-0.730,-0.607,-0.209,-0.235,0.091,0.874,0.751,0.373,0.074,0.722,-0.196,0.490,0.448,0.201,0.003
3300144,0.0430067,185.154110890348,0.768,0.184,-0.581,-0.730,-0.607,-0.209,-0.235,0.091,0.874,0.751,0.374,0.072,0.720,-0.206,0.487,0.450,0.131,0.000
3300154,0.0456179,185.199728791136,0.768,0.184,-0.581,-0.730,-0.607,-0.209,-0.235,0.091,0.874,0.751,0.375,0.071,0.719,-0.209,0.486,0.450,0.103,0.000
3300162,0.0509285,185.250657290686,0.768,0.184,-0.581,-0.730,-0.607,-0.209,-0.235,0.091,0.874,0.753,0.375,0.071,0.718,-0.212,0.486,0.451,0.124,0.000
3300172,0.0393215,185.289978791494,0.768,0.184,-0.581,-0.730,-0.607,-0.209,-0.235,0.091,0.874,0.753,0.375,0.071,0.719,-0.213,0.484,0.451,0.116,0.000
3300180,0.0420153,185.331994090695,0.768,0.184,-0.581,-0.730,-0.607,-0.209,-0.235,0.091,0.874,0.755,0.374,0.072,0.719,-0.215,0.482,0.452,0.133,0.000
3300188,0.0433745,185.375368591864,0.768,0.184,-0.581,-0.730,-0.607,-0.209,-0.235,0.091,0.874,0.755,0.375,0.072,0.719,-0.217,0.481,0.452,0.166,0.000
3300198,0.0443453,185.419713892508,0.768,0.184,-0.581,-0.730,-0.607,-0.209,-0.235,0.091,0.874,0.755,0.375,0.073,0.719,-0.216,0.482,0.452,0.184,0.000
3300206,0.0402514,185.45996529283,0.768,0.184,-0.581,-0.730,-0.607,-0.209,-0.235,0.091,0.874,0.756,0.376,0.074,0.720,-0.214,0.482,0.451,0.174,0.000
3300216,0.0498603,185.509825591464,0.768,0.184,-0.581,-0.730,-0.607,-0.209,-0.235,0.091,0.874,0.756,0.376,0.074,0.721,-0.213,0.483,0.449,0.173,0.000
3300224,0.0455811,185.55540669011,0.768,0.184,-0.581,-0.730,-0.607,-0.209,-0.235,0.091,0.874,0.756,0.376,0.073,0.721,-0.212,0.485,0.448,0.153,0.000
3300234,0.0431601,185.598566789646,0.768,0.184,-0.581,-0.730,-0.607,-0.209,-0.235,0.091,0.874,0.756,0.375,0.072,0.721,-0.211,0.485,0.447,0.138,0.000
3300242,0.0463152,185.644881990273,0.768,0.184,-0.581,-0.730,-0.607,-0.209,-0.235,0.091,0.874,0.756,0.374,0.072,0.720,-0.213,0.485,0.448,0.132,0.000
3300252,0.0425614,185.687443390954,0.768,0.184,-0.581,-0.730,-0.607,-0.209,-0.235,0.091,0.874,0.756,0.375,0.072,0.720,-0.214,0.486,0.447,0.144,0.000
3300260,0.0440612,185.731504589785,0.768,0.184,-0.581,-0.730,-0.607,-0.209,-0.235,0.091,0.874,0.756,0.375,0.073,0.719,-0.214,0.486,0.447,0.157,0.000
3300268,0.0444974,185.776001990307,0.768,0.184,-0.581,-0.730,-0.607,-0.209,-0.235,0.091,0.874,0.756,0.375,0.073,0.719,-0.214,0.487,0.447,0.157,0.000
3300278,0.0452948,185.821296789218,0.768,0.184,-0.581,-0.730,-0.607,-0.209,-0.235,0.091,0.874,0.756,0.375,0.074,0.719,-0.215,0.487,0.447,0.161,0.000
3300286,0.0458171,185.867113888729,0.768,0.184,-0.581,-0.730,-0.607,-0.209,-0.235,0.091,0.874,0.756,0.374,0.074,0.718,-0.215,0.488,0.448,0.160,0.000
3300296,0.0411335,185.908247389365,0.768,0.184,-0.581,-0.730,-0.607,-0.209,-0.235,0.091,0.874,0.756,0.374,0.074,0.717,-0.216,0.489,0.448,0.156,0.000
3300304,0.045452,185.953699388076,0.768,0.184,-0.581,-0.730,-0.607,-0.209,-0.235,0.091,0.874,0.755,0.374,0.075,0.717,-0.216,0.490,0.447,0.143,0.000
3300314,0.0449869,185.998686288018,0.768,0.184,-0.581,-0.730,-0.607,-0.209,-0.235,0.091,0.874,0.755,0.374,0.075,0.717,-0.215,0.491,0.446,0.142,0.000
3300322,0.0469484,186.045634687413,0.768,0.184,-0.581,-0.730,-0.607,-0.209,-0.235,0.091,0.874,0.755,0.374,0.075,0.717,-0.215,0.492,0.445,0.151,0.000
3300332,0.0433895,186.0890241866,0.768,0.184,-0.581,-0.730,-0.607,-0.209,-0.235,0.091,0.874,0.753,0.374,0.076,0.717,-0.214,0.493,0.444,0.153,0.000
3300340,0.0417982,186.130822387058,0.768,0.184,-0.581,-0.730,-0.607,-0.209,-0.235,0.091,0.874,0.753,0.374,0.076,0.716,-0.214,0.494,0.444,0.155,0.000
3300350,0.0480147,186.178837087471,0.768,0.184,-0.581,-0.730,-0.607,-0.209,-0.235,0.091,0.874,0.754,0.374,0.076,0.716,-0.216,0.493,0.445,0.149,0.000
3300358,0.0431755,186.222012587357,0.768,0.184,-0.581,-0.730,-0.607,-0.209,-0.235,0.091,0.874,0.754,0.373,0.075,0.715,-0.218,0.492,0.446,0.151,0.000
3300368,0.0416045,186.263617087621,0.768,0.184,-0.581,-0.730,-0.607,-0.209,-0.235,0.091,0.874,0.754,0.374,0.076,0.715,-0.218,0.492,0.447,0.145,0.000
3300376,0.0490791,186.312696189154,0.768,0.184,-0.581,-0.730,-0.607,-0.209,-0.235,0.091,0.874,0.754,0.374,0.076,0.715,-0.217,0.492,0.447,0.146,0.000
3300384,0.0507458,186.363441989291,0.768,0.184,-0.581,-0.730,-0.607,-0.209,-0.235,0.091,0.874,0.755,0.374,0.076,0.715,-0.216,0.492,0.447,0.143,0.000
3300390,0.0402065,186.403648488689,0.768,0.184,-0.581,-0.730,-0.607,-0.209,-0.235,0.091,0.874,0.755,0.374,0.076,0.716,-0.215,0.492,0.446,0.150,0.000
3300398,0.0237501,186.427398588974,0.768,0.184,-0.581,-0.730,-0.607,-0.209,-0.235,0.091,0.874,0.756,0.375,0.076,0.715,-0.215,0.493,0.446,0.149,0.000
3300404,0.0503467,186.477745287586,0.768,0.184,-0.581,-0.730,-0.607,-0.209,-0.235,0.091,0.874,0.757,0.376,0.076,0.715,-0.214,0.494,0.447,0.148,0.000
3300410,0.0282327,186.505977986846,0.768,0.184,-0.581,-0.730,-0.607,-0.209,-0.235,0.091,0.874,0.759,0.377,0.076,0.713,-0.215,0.493,0.450,0.152,0.000
3300418,0.021131,186.527108986396,0.768,0.184,-0.581,-0.730,-0.607,-0.209,-0.235,0.091,0.874,0.760,0.378,0.077,0.713,-0.215,0.492,0.452,0.152,0.000
3300424,0.0624865,186.589595485944,0.768,0.184,-0.581,-0.730,-0.607,-0.209,-0.235,0.091,0.874,0.762,0.380,0.078,0.712,-0.212,0.491,0.454,0.193,0.000
3300434,0.0201099,186.609705385286,0.768,0.184,-0.581,-0.730,-0.607,-0.209,-0.235,0.091,0.874,0.763,0.382,0.080,0.713,-0.207,0.491,0.455,0.211,0.000
3300440,0.0576357,186.667341083754,0.768,0.184,-0.581,-0.730,-0.607,-0.209,-0.235,0.091,0.874,0.764,0.384,0.081,0.713,-0.205,0.490,0.457,0.213,0.000
3300450,0.0115576,186.678898684215,0.768,0.184,-0.581,-0.730,-0.607,-0.209,-0.235,0.091,0.874,0.765,0.385,0.081,0.713,-0.204,0.489,0.458,0.213,0.000
3300456,0.0614337,186.740332383197,0.768,0.184,-0.581,-0.730,-0.607,-0.209,-0.235,0.091,0.874,0.765,0.386,0.082,0.714,-0.201,0.489,0.459,0.219,0.000
3300466,0.020558,186.760890382808,0.768,0.184,-0.581,-0.730,-0.607,-0.209,-0.235,0.091,0.874,0.766,0.386,0.082,0.715,-0.199,0.488,0.459,0.221,0.000
3300476,0.0634452,186.824335585814,0.768,0.184,-0.581,-0.730,-0.607,-0.209,-0.235,0.091,0.874,0.765,0.385,0.082,0.716,-0.197,0.487,0.459,0.228,0.005
3300484,0.0395455,186.863881084602,0.768,0.184,-0.581,-0.730,-0.607,-0.209,-0.235,0.091,0.874,0.763,0.385,0.082,0.717,-0.197,0.487,0.459,0.220,0.012
3300492,0.0328776,186.896758686285,0.768,0.184,-0.581,-0.730,-0.607,-0.209,-0.235,0.091,0.874,0.763,0.385,0.082,0.718,-0.196,0.487,0.458,0.206,0.004
3300500,0.046159,186.94291768549,0.768,0.184,-0.581,-0.730,-0.607,-0.209,-0.235,0.091,0.874,0.763,0.386,0.081,0.719,-0.195,0.487,0.457,0.203,0.000
3300510,0.0362623,186.979179985356,0.768,0.184,-0.581,-0.730,-0.607,-0.209,-0.235,0.091,0.874,0.763,0.387,0.083,0.718,-0.196,0.485,0.459,0.202,0.000
3300518,0.0452836,187.024463586044,0.768,0.184,-0.581,-0.730,-0.607,-0.209,-0.235,0.091,0.874,0.762,0.387,0.084,0.721,-0.196,0.484,0.456,0.201,0.000
3300528,0.0499402,187.074403784703,0.768,0.184,-0.581,-0.730,-0.607,-0.209,-0.235,0.091,0.874,0.760,0.391,0.087,0.723,-0.193,0.484,0.455,0.206,0.000
3300538,0.0462477,187.12065148307,0.768,0.184,-0.581,-0.730,-0.607,-0.209,-0.235,0.091,0.874,0.760,0.395,0.086,0.722,-0.195,0.481,0.458,0.217,0.002
3300548,0.0420359,187.162687383126,0.768,0.184,-0.581,-0.730,-0.607,-0.209,-0.235,0.091,0.874,0.759,0.402,0.086,0.720,-0.193,0.480,0.463,0.231,0.000
3300558,0.050378,187.213065381628,0.768,0.184,-0.581,-0.730,-0.607,-0.209,-0.235,0.091,0.874,0.757,0.415,0.096,0.715,-0.195,0.479,0.470,0.227,0.000
3300566,0.0523385,187.265403881203,0.768,0.184,-0.581,-0.730,-0.607,-0.209,-0.235,0.091,0.874,0.755,0.430,0.104,0.713,-0.195,0.477,0.475,0.257,0.000
3300576,0.0438517,187.309255580883,0.768,0.184,-0.581,-0.730,-0.607,-0.209,-0.235,0.091,0.874,0.757,0.440,0.107,0.707,-0.193,0.474,0.488,0.299,0.000
3300586,0.0490826,187.358338180464,0.768,0.184,-0.581,-0.730,-0.607,-0.209,-0.235,0.091,0.874,0.759,0.454,0.112,0.701,-0.185,0.474,0.500,0.284,0.000
3300596,0.0513911,187.409729279112,0.768,0.184,-0.581,-0.730,-0.607,-0.209,-0.235,0.091,0.874,0.755,0.466,0.118,0.695,-0.179,0.475,0.510,0.260,0.000
3300604,0.0437744,187.453503679018,0.768,0.184,-0.581,-0.730,-0.607,-0.209,-0.235,0.091,0.874,0.756,0.471,0.121,0.685,-0.174,0.477,0.523,0.233,0.039
3300612,0.0460127,187.499516378623,0.768,0.184,-0.581,-0.730,-0.607,-0.209,-0.235,0.091,0.874,0.757,0.471,0.120,0.682,-0.169,0.476,0.529,0.213,0.122
3300622,0.0424936,187.542009979021,0.768,0.184,-0.581,-0.730,-0.607,-0.209,-0.235,0.091,0.874,0.755,0.473,0.119,0.679,-0.166,0.476,0.533,0.198,0.138
3300632,0.0495152,187.591525177937,0.768,0.184,-0.581,-0.730,-0.607,-0.209,-0.235,0.091,0.874,0.756,0.473,0.120,0.678,-0.166,0.478,0.533,0.204,0.156
3300640,0.039844,187.631369176786,0.768,0.184,-0.581,-0.730,-0.607,-0.209,-0.235,0.091,0.874,0.756,0.469,0.119,0.677,-0.168,0.477,0.534,0.190,0.168
3300648,0.0436587,187.675027876627,0.768,0.184,-0.581,-0.730,-0.607,-0.209,-0.235,0.091,0.874,0.756,0.468,0.117,0.678,-0.170,0.477,0.534,0.181,0.175
3300658,0.0466542,187.721682074945,0.768,0.184,-0.581,-0.730,-0.607,-0.209,-0.235,0.091,0.874,0.756,0.465,0.116,0.678,-0.174,0.474,0.533,0.172,0.171
3300666,0.0440253,187.765707373153,0.768,0.184,-0.581,-0.730,-0.607,-0.209,-0.235,0.091,0.874,0.756,0.465,0.117,0.679,-0.174,0.474,0.533,0.178,0.173
3300676,0.0444374,187.81014477415,0.768,0.184,-0.581,-0.730,-0.607,-0.209,-0.235,0.091,0.874,0.757,0.465,0.117,0.680,-0.171,0.475,0.531,0.198,0.223
3300684,0.0456347,187.855779475998,0.768,0.184,-0.581,-0.730,-0.607,-0.209,-0.235,0.091,0.874,0.757,0.466,0.117,0.681,-0.169,0.476,0.530,0.221,0.262
3300692,0.0422378,187.898017275613,0.768,0.184,-0.581,-0.730,-0.607,-0.209,-0.235,0.091,0.874,0.760,0.467,0.118,0.683,-0.164,0.477,0.529,0.247,0.314
3300702,0.0434011,187.941418375354,0.768,0.184,-0.581,-0.730,-0.607,-0.209,-0.235,0.091,0.874,0.762,0.466,0.117,0.683,-0.161,0.476,0.530,0.260,0.377
3300710,0.0472761,187.988694473635,0.768,0.184,-0.581,-0.730,-0.607,-0.209,-0.235,0.091,0.874,0.768,0.466,0.118,0.683,-0.161,0.475,0.531,0.261,0.406
3300720,0.0416014,188.030295874458,0.768,0.184,-0.581,-0.730,-0.607,-0.209,-0.235,0.091,0.874,0.773,0.466,0.118,0.686,-0.158,0.474,0.530,0.248,0.427
3300728,0.0448962,188.075192074757,0.768,0.184,-0.581,-0.730,-0.607,-0.209,-0.235,0.091,0.874,0.784,0.464,0.117,0.688,-0.156,0.472,0.529,0.250,0.423
3300736,0.0431875,188.118379573803,0.768,0.184,-0.581,-0.730,-0.607,-0.209,-0.235,0.091,0.874,0.794,0.465,0.114,0.693,-0.150,0.469,0.526,0.265,0.404
3300746,0.0475883,188.165967873763,0.768,0.184,-0.581,-0.730,-0.607,-0.209,-0.235,0.091,0.874,0.806,0.465,0.112,0.699,-0.143,0.466,0.524,0.275,0.402
3300756,0.0364854,188.202453273814,0.768,0.184,-0.581,-0.730,-0.607,-0.209,-0.235,0.091,0.874,0.820,0.463,0.109,0.699,-0.147,0.461,0.526,0.279,0.394
3300764,0.0515258,188.253979075234,0.768,0.184,-0.581,-0.730,-0.607,-0.209,-0.235,0.091,0.874,0.831,0.465,0.106,0.708,-0.143,0.455,0.522,0.295,0.372
3300774,0.0446817,188.298660777044,0.768,0.184,-0.581,-0.730,-0.607,-0.209,-0.235,0.091,0.874,0.842,0.465,0.105,0.716,-0.132,0.447,0.519,0.298,0.370
3300782,0.0460779,188.344738676678,0.768,0.184,-0.581,-0.730,-0.607,-0.209,-0.235,0.091,0.874,0.851,0.465,0.105,0.725,-0.121,0.444,0.512,0.284,0.364
3300790,0.0419782,188.386716875713,0.768,0.184,-0.581,-0.730,-0.607,-0.209,-0.235,0.091,0.874,0.859,0.466,0.104,0.734,-0.109,0.441,0.505,0.255,0.311
3300798,0.0419482,188.428665074985,0.768,0.184,-0.581,-0.730,-0.607,-0.209,-0.235,0.091,0.874,0.865,0.466,0.104,0.739,-0.100,0.439,0.501,0.265,0.309
3300808,0.0490795,188.477744575124,0.768,0.184,-0.581,-0.730,-0.607,-0.209,-0.235,0.091,0.874,0.872,0.465,0.103,0.743,-0.092,0.440,0.496,0.254,0.277
3300818,0.040407,188.518151573371,0.768,0.184,-0.581,-0.730,-0.607,-0.209,-0.235,0.091,0.874,0.877,0.465,0.100,0.744,-0.088,0.440,0.495,0.249,0.249
3300826,0.0461969,188.564348473679,0.768,0.184,-0.581,-0.730,-0.607,-0.209,-0.235,0.091,0.874,0.882,0.465,0.100,0.746,-0.085,0.439,0.494,0.244,0.241
3300834,0.0443377,188.608686174732,0.768,0.184,-0.581,-0.730,-0.607,-0.209,-0.235,0.091,0.874,0.885,0.463,0.099,0.747,-0.084,0.438,0.493,0.234,0.227
3300844,0.0411256,188.649811774027,0.768,0.184,-0.581,-0.730,-0.607,-0.209,-0.235,0.091,0.874,0.882,0.459,0.103,0.747,-0.081,0.440,0.492,0.239,0.250
3300852,0.0470282,188.696839972865,0.768,0.184,-0.581,-0.730,-0.607,-0.209,-0.235,0.091,0.874,0.890,0.457,0.103,0.764,-0.059,0.433,0.475,0.218,0.266
3300862,0.0473357,188.744175672065,0.768,0.184,-0.581,-0.730,-0.607,-0.209,-0.235,0.091,0.874,0.892,0.460,0.104,0.751,-0.077,0.443,0.484,0.230,0.241
3300870,0.0429458,188.787121470552,0.768,0.184,-0.581,-0.730,-0.607,-0.209,-0.235,0.091,0.874,0.897,0.460,0.104,0.752,-0.079,0.446,0.479,0.238,0.246
3300878,0.0415752,188.828696671408,0.768,0.184,-0.581,-0.730,-0.607,-0.209,-0.235,0.091,0.874,0.899,0.459,0.103,0.752,-0.083,0.447,0.477,0.242,0.279
3300888,0.0407475,188.869444172364,0.768,0.184,-0.581,-0.730,-0.607,-0.209,-0.235,0.091,0.874,0.899,0.456,0.105,0.752,-0.085,0.448,0.477,0.259,0.297
3300898,0.0501509,188.919595073443,0.768,0.184,-0.581,-0.730,-0.607,-0.209,-0.235,0.091,0.874,0.899,0.454,0.109,0.751,-0.089,0.448,0.478,0.243,0.344
3300906,0.0440579,188.963652971666,0.768,0.184,-0.581,-0.730,-0.607,-0.209,-0.235,0.091,0.874,0.897,0.454,0.113,0.749,-0.091,0.450,0.477,0.259,0.365
3300914,0.0446486,189.008301570546,0.768,0.184,-0.581,-0.730,-0.607,-0.209,-0.235,0.091,0.874,0.896,0.454,0.120,0.749,-0.093,0.453,0.475,0.266,0.383
3300924,0.0384662,189.046767770778,0.768,0.184,-0.581,-0.730,-0.607,-0.209,-0.235,0.091,0.874,0.893,0.454,0.127,0.747,-0.095,0.456,0.475,0.292,0.413
3300932,0.0489654,189.095733169001,0.768,0.184,-0.581,-0.730,-0.607,-0.209,-0.235,0.091,0.874,0.890,0.453,0.134,0.744,-0.098,0.458,0.476,0.334,0.481
3300940,0.0457985,189.141531668138,0.768,0.184,-0.581,-0.730,-0.607,-0.209,-0.235,0.091,0.874,0.884,0.454,0.140,0.738,-0.105,0.459,0.483,0.345,0.508
3300950,0.0444383,189.185969966929,0.768,0.184,-0.581,-0.730,-0.607,-0.209,-0.235,0.091,0.874,0.881,0.453,0.147,0.735,-0.107,0.462,0.484,0.364,0.542
3300960,0.0449555,189.2309254664,0.768,0.184,-0.581,-0.730,-0.607,-0.209,-0.235,0.091,0.874,0.878,0.452,0.153,0.731,-0.109,0.466,0.486,0.376,0.562
3300970,0.0459521,189.276877566706,0.768,0.184,-0.581,-0.730,-0.607,-0.209,-0.235,0.091,0.874,0.875,0.451,0.158,0.728,-0.116,0.467,0.489,0.394,0.588
3300978,0.0473449,189.324222467374,0.768,0.184,-0.581,-0.730,-0.607,-0.209,-0.235,0.091,0.874,0.874,0.449,0.163,0.724,-0.123,0.466,0.494,0.383,0.600
3300986,0.0414038,189.365626267623,0.768,0.184,-0.581,-0.730,-0.607,-0.209,-0.235,0.091,0.874,0.874,0.447,0.168,0.723,-0.125,0.466,0.494,0.372,0.606
3300996,0.0436918,189.409318066668,0.768,0.184,-0.581,-0.730,-0.607,-0.209,-0.235,0.091,0.874,0.873,0.443,0.172,0.724,-0.126,0.467,0.491,0.381,0.601
3301004,0.0445496,189.453867665958,0.768,0.184,-0.581,-0.730,-0.607,-0.209,-0.235,0.091,0.874,0.874,0.440,0.174,0.725,-0.129,0.466,0.490,0.382,0.595
3301012,0.0457326,189.499600264709,0.768,0.184,-0.581,-0.730,-0.607,-0.209,-0.235,0.091,0.874,0.876,0.438,0.176,0.727,-0.133,0.465,0.487,0.378,0.600
3301022,0.0459344,189.545534666162,0.768,0.184,-0.581,-0.730,-0.607,-0.209,-0.235,0.091,0.874,0.878,0.435,0.179,0.727,-0.135,0.464,0.487,0.389,0.626
3301032,0.0419011,189.587435766589,0.768,0.184,-0.581,-0.730,-0.607,-0.209,-0.235,0.091,0.874,0.880,0.433,0.181,0.728,-0.139,0.464,0.485,0.392,0.634
3301040,0.0452819,189.632717664819,0.768,0.184,-0.581,-0.730,-0.607,-0.209,-0.235,0.091,0.874,0.882,0.430,0.183,0.731,-0.142,0.461,0.483,0.391,0.642
3301048,0.0392517,189.671969364863,0.768,0.184,-0.581,-0.730,-0.607,-0.209,-0.235,0.091,0.874,0.884,0.428,0.186,0.730,-0.149,0.458,0.485,0.422,0.670
3301058,0.0452819,189.717251263093,0.768,0.184,-0.581,-0.730,-0.607,-0.209,-0.235,0.091,0.874,0.886,0.427,0.189,0.731,-0.150,0.458,0.483,0.436,0.686
3301066,0.0479315,189.765182762872,0.768,0.184,-0.581,-0.730,-0.607,-0.209,-0.235,0.091,0.874,0.887,0.424,0.192,0.731,-0.155,0.456,0.484,0.443,0.684
3301076,0.0441141,189.809296864551,0.768,0.184,-0.581,-0.730,-0.607,-0.209,-0.235,0.091,0.874,0.889,0.421,0.195,0.732,-0.157,0.455,0.483,0.433,0.678
3301084,0.0451782,189.8544750656,0.768,0.184,-0.581,-0.730,-0.607,-0.209,-0.235,0.091,0.874,0.888,0.419,0.198,0.734,-0.156,0.456,0.479,0.436,0.672
3301092,0.041106,189.895581066143,0.768,0.184,-0.581,-0.730,-0.607,-0.209,-0.235,0.091,0.874,0.888,0.416,0.200,0.734,-0.159,0.457,0.476,0.447,0.665
3301100,0.0464934,189.942074466031,0.768,0.184,-0.581,-0.730,-0.607,-0.209,-0.235,0.091,0.874,0.888,0.415,0.203,0.736,-0.160,0.457,0.473,0.454,0.676
3301110,0.0472568,189.989331267308,0.768,0.184,-0.581,-0.730,-0.607,-0.209,-0.235,0.091,0.874,0.890,0.415,0.205,0.736,-0.161,0.460,0.469,0.460,0.691
3301120,0.0445761,190.033907368314,0.768,0.184,-0.581,-0.730,-0.607,-0.209,-0.235,0.091,0.874,0.891,0.413,0.207,0.735,-0.164,0.461,0.469,0.459,0.701
3301128,0.0478418,190.081749166828,0.768,0.184,-0.581,-0.730,-0.607,-0.209,-0.235,0.091,0.874,0.894,0.410,0.208,0.733,-0.167,0.466,0.466,0.456,0.724
3301138,0.0403752,190.122124365997,0.768,0.184,-0.581,-0.730,-0.607,-0.209,-0.235,0.091,0.874,0.896,0.409,0.210,0.731,-0.173,0.469,0.464,0.450,0.748
3301146,0.0422167,190.164341065567,0.768,0.184,-0.581,-0.730,-0.607,-0.209,-0.235,0.091,0.874,0.899,0.406,0.211,0.729,-0.176,0.473,0.462,0.446,0.752
3301154,0.0434643,190.207805364858,0.768,0.184,-0.581,-0.730,-0.607,-0.209,-0.235,0.091,0.874,0.902,0.403,0.212,0.726,-0.183,0.476,0.462,0.450,0.756
3301162,0.0444554,190.252260766458,0.768,0.184,-0.581,-0.730,-0.607,-0.209,-0.235,0.091,0.874,0.906,0.401,0.215,0.724,-0.188,0.480,0.458,0.454,0.765
3301172,0.0398651,190.292125865351,0.768,0.184,-0.581,-0.730,-0.607,-0.209,-0.235,0.091,0.874,0.908,0.398,0.217,0.724,-0.193,0.481,0.455,0.454,0.756
3301182,0.0496467,190.341772567015,0.768,0.184,-0.581,-0.730,-0.607,-0.209,-0.235,0.091,0.874,0.910,0.396,0.221,0.723,-0.196,0.484,0.452,0.473,0.746
3301190,0.0445836,190.38635616703,0.768,0.184,-0.581,-0.730,-0.607,-0.209,-0.235,0.091,0.874,0.912,0.394,0.224,0.722,-0.200,0.483,0.453,0.491,0.754
3301198,0.0471278,190.433483965229,0.768,0.184,-0.581,-0.730,-0.607,-0.209,-0.235,0.091,0.874,0.915,0.391,0.227,0.721,-0.203,0.484,0.452,0.497,0.767
3301208,0.0363711,190.469855065923,0.768,0.184,-0.581,-0.730,-0.607,-0.209,-0.235,0.091,0.874,0.916,0.389,0.230,0.720,-0.208,0.483,0.453,0.486,0.765
3301216,0.0542378,190.524092867505,0.768,0.184,-0.581,-0.730,-0.607,-0.209,-0.235,0.091,0.874,0.918,0.387,0.232,0.719,-0.210,0.485,0.452,0.473,0.770
3301222,0.0443151,190.568407967221,0.768,0.184,-0.581,-0.730,-0.607,-0.209,-0.235,0.091,0.874,0.917,0.387,0.236,0.720,-0.210,0.484,0.451,0.496,0.786
3301228,0.024372,190.592779967468,0.768,0.184,-0.581,-0.730,-0.607,-0.209,-0.235,0.091,0.874,0.918,0.386,0.238,0.722,-0.205,0.482,0.452,0.516,0.790
3301234,0.0248826,190.61766256718,0.768,0.184,-0.581,-0.730,-0.607,-0.209,-0.235,0.091,0.874,0.918,0.386,0.239,0.723,-0.204,0.481,0.453,0.530,0.790
3301240,0.0233013,190.640963866841,0.768,0.184,-0.581,-0.730,-0.607,-0.209,-0.235,0.091,0.874,0.918,0.384,0.239,0.723,-0.203,0.480,0.453,0.535,0.794
3301250,0.0589979,190.699961766135,0.768,0.184,-0.581,-0.730,-0.607,-0.209,-0.235,0.091,0.874,0.917,0.384,0.241,0.724,-0.198,0.480,0.454,0.552,0.788
3301256,0.0404962,190.740457966458,0.768,0.184,-0.581,-0.730,-0.607,-0.209,-0.235,0.091,0.874,0.915,0.382,0.242,0.724,-0.198,0.480,0.455,0.557,0.785
3301264,0.0165157,190.756973666605,0.768,0.184,-0.581,-0.730,-0.607,-0.209,-0.235,0.091,0.874,0.915,0.379,0.242,0.721,-0.201,0.481,0.456,0.547,0.783
3301272,0.0527635,190.809737165924,0.768,0.184,-0.581,-0.730,-0.607,-0.209,-0.235,0.091,0.874,0.916,0.376,0.244,0.722,-0.202,0.482,0.455,0.533,0.770
3301282,0.0397777,190.849514865782,0.768,0.184,-0.581,-0.730,-0.607,-0.209,-0.235,0.091,0.874,0.916,0.374,0.244,0.721,-0.204,0.482,0.453,0.539,0.769
3301290,0.0384227,190.8879375658,0.768,0.184,-0.581,-0.730,-0.607,-0.209,-0.235,0.091,0.874,0.917,0.373,0.246,0.722,-0.204,0.486,0.448,0.547,0.770
3301300,0.0456942,190.933631764259,0.768,0.184,-0.581,-0.730,-0.607,-0.209,-0.235,0.091,0.874,0.917,0.372,0.248,0.721,-0.205,0.489,0.446,0.557,0.762
3301308,0.0426214,190.976253164466,0.768,0.184,-0.581,-0.730,-0.607,-0.209,-0.235,0.091,0.874,0.918,0.373,0.253,0.712,-0.206,0.510,0.437,0.553,0.764
3301318,0.045389,191.021642164793,0.768,0.184,-0.581,-0.730,-0.607,-0.209,-0.235,0.091,0.874,0.921,0.374,0.257,0.697,-0.193,0.553,0.413,0.557,0.907
3301326,0.0454571,191.067099263426,0.768,0.184,-0.581,-0.730,-0.607,-0.209,-0.235,0.091,0.874,0.924,0.374,0.261,0.678,-0.185,0.594,0.391,0.576,1.000
3301336,0.0445974,191.111696661916,0.768,0.184,-0.581,-0.730,-0.607,-0.209,-0.235,0.091,0.874,0.927,0.374,0.264,0.649,-0.188,0.640,0.366,0.619,1.000
3301346,0.0439688,191.155665462371,0.768,0.184,-0.581,-0.730,-0.607,-0.209,-0.235,0.091,0.874,0.933,0.375,0.267,0.623,-0.197,0.675,0.343,0.660,1.000
3301356,0.0519878,191.207653263118,0.768,0.184,-0.581,-0.730,-0.607,-0.209,-0.235,0.091,0.874,0.941,0.376,0.270,0.602,-0.217,0.688,0.342,0.548,0.967
3301364,0.0469281,191.254581363406,0.768,0.184,-0.581,-0.730,-0.607,-0.209,-0.235,0.091,0.874,0.948,0.377,0.274,0.583,-0.235,0.697,0.346,0.439,0.919
3301376,0.045389,191.299970363732,0.768,0.184,-0.581,-0.730,-0.607,-0.209,-0.235,0.091,0.874,0.955,0.380,0.276,0.575,-0.242,0.702,0.344,0.456,0.970
3301384,0.0533099,191.353280262556,0.768,0.184,-0.581,-0.730,-0.607,-0.209,-0.235,0.091,0.874,0.959,0.382,0.278,0.568,-0.248,0.705,0.344,0.468,0.980
3301394,0.0474215,191.400701762643,0.768,0.184,-0.581,-0.730,-0.607,-0.209,-0.235,0.091,0.874,0.963,0.382,0.280,0.565,-0.253,0.706,0.344,0.501,1.000
3301402,0.0394858,191.440187563654,0.768,0.184,-0.581,-0.730,-0.607,-0.209,-0.235,0.091,0.874,0.965,0.382,0.280,0.560,-0.258,0.707,0.346,0.536,1.000
3301410,0.0445862,191.484773763921,0.768,0.184,-0.581,-0.730,-0.607,-0.209,-0.235,0.091,0.874,0.967,0.382,0.281,0.556,-0.260,0.711,0.345,0.621,1.000
3301420,0.0471877,191.531961464789,0.768,0.184,-0.581,-0.730,-0.607,-0.209,-0.235,0.091,0.874,0.969,0.380,0.281,0.549,-0.263,0.716,0.342,0.515,1.000
3301428,0.0455116,191.577473064419,0.768,0.184,-0.581,-0.730,-0.607,-0.209,-0.235,0.091,0.874,0.970,0.380,0.281,0.543,-0.262,0.722,0.339,0.450,1.000
3301438,0.04816,191.625633066054,0.768,0.184,-0.581,-0.730,-0.607,-0.209,-0.235,0.091,0.874,0.971,0.379,0.281,0.538,-0.260,0.730,0.333,0.419,1.000
3301446,0.0391738,191.664806866553,0.768,0.184,-0.581,-0.730,-0.607,-0.209,-0.235,0.091,0.874,0.972,0.377,0.282,0.536,-0.261,0.732,0.331,0.427,1.000
3301456,0.0481106,191.712917467114,0.768,0.184,-0.581,-0.730,-0.607,-0.209,-0.235,0.091,0.874,0.973,0.374,0.282,0.534,-0.263,0.732,0.330,0.468,1.000
3301464,0.041454,191.754371465649,0.768,0.184,-0.581,-0.730,-0.607,-0.209,-0.235,0.091,0.874,0.975,0.373,0.281,0.535,-0.263,0.733,0.328,0.481,1.000
3301472,0.0421726,191.796544065233,0.768,0.184,-0.581,-0.730,-0.607,-0.209,-0.235,0.091,0.874,0.975,0.372,0.280,0.536,-0.264,0.734,0.324,0.491,1.000
3301480,0.0439198,191.840463866945,0.768,0.184,-0.581,-0.730,-0.607,-0.209,-0.235,0.091,0.874,0.972,0.370,0.280,0.536,-0.267,0.733,0.323,0.503,1.000
3301490,0.0431672,191.883631066885,0.768,0.184,-0.581,-0.730,-0.607,-0.209,-0.235,0.091,0.874,0.969,0.371,0.282,0.535,-0.267,0.734,0.322,0.492,1.000
3301500,0.0491277,191.932758768555,0.768,0.184,-0.581,-0.730,-0.607,-0.209,-0.235,0.091,0.874,0.967,0.372,0.282,0.534,-0.270,0.733,0.323,0.541,1.000
3301508,0.0400561,191.972814866807,0.768,0.184,-0.581,-0.730,-0.607,-0.209,-0.235,0.091,0.874,0.965,0.372,0.284,0.531,-0.273,0.734,0.325,0.555,1.000
3301518,0.0502183,192.023033165839,0.768,0.184,-0.581,-0.730,-0.607,-0.209,-0.235,0.091,0.874,0.966,0.374,0.284,0.530,-0.271,0.736,0.324,0.594,1.000
3301526,0.0439229,192.066956066992,0.768,0.184,-0.581,-0.730,-0.607,-0.209,-0.235,0.091,0.874,0.967,0.374,0.285,0.530,-0.269,0.739,0.319,0.623,1.000
3301536,0.0417695,192.108725567814,0.768,0.184,-0.581,-0.730,-0.607,-0.209,-0.235,0.091,0.874,0.967,0.373,0.284,0.526,-0.273,0.740,0.319,0.608,0.995
3301544,0.0441549,192.152880468871,0.768,0.184,-0.581,-0.730,-0.607,-0.209,-0.235,0.091,0.874,0.968,0.373,0.283,0.524,-0.278,0.739,0.319,0.558,0.962
3301554,0.0470211,192.199901567306,0.768,0.184,-0.581,-0.730,-0.607,-0.209,-0.235,0.091,0.874,0.968,0.373,0.282,0.526,-0.278,0.739,0.316,0.502,0.978
3301560,0.0431767,192.243078266736,0.768,0.184,-0.581,-0.730,-0.607,-0.209,-0.235,0.091,0.874,0.965,0.373,0.282,0.530,-0.277,0.736,0.317,0.489,0.994
3301570,0.0424708,192.285549068358,0.768,0.184,-0.581,-0.730,-0.607,-0.209,-0.235,0.091,0.874,0.961,0.373,0.281,0.531,-0.280,0.733,0.321,0.450,1.000
3301580,0.0459038,192.331452866551,0.768,0.184,-0.581,-0.730,-0.607,-0.209,-0.235,0.091,0.874,0.959,0.372,0.280,0.532,-0.281,0.732,0.320,0.484,1.000
3301588,0.0452603,192.376713165548,0.768,0.184,-0.581,-0.730,-0.607,-0.209,-0.235,0.091,0.874,0.956,0.372,0.278,0.532,-0.282,0.732,0.319,0.487,1.000
3301598,0.0445447,192.421257866081,0.768,0.184,-0.581,-0.730,-0.607,-0.209,-0.235,0.091,0.874,0.953,0.372,0.278,0.533,-0.282,0.731,0.319,0.486,1.000
3301606,0.0416306,192.462888465729,0.768,0.184,-0.581,-0.730,-0.607,-0.209,-0.235,0.091,0.874,0.949,0.371,0.277,0.535,-0.284,0.729,0.320,0.506,1.000
3301614,0.0472717,192.510160164442,0.768,0.184,-0.581,-0.730,-0.607,-0.209,-0.235,0.091,0.874,0.943,0.371,0.277,0.535,-0.285,0.726,0.324,0.499,1.000
3301624,0.0451488,192.5553089655,0.768,0.184,-0.581,-0.730,-0.607,-0.209,-0.235,0.091,0.874,0.937,0.372,0.278,0.536,-0.283,0.727,0.324,0.505,1.000
3301634,0.0469995,192.602308464702,0.768,0.184,-0.581,-0.730,-0.607,-0.209,-0.235,0.091,0.874,0.932,0.372,0.276,0.538,-0.282,0.724,0.328,0.518,1.000
3301642,0.0422105,192.64451896539,0.768,0.184,-0.581,-0.730,-0.607,-0.209,-0.235,0.091,0.874,0.928,0.372,0.273,0.541,-0.276,0.722,0.332,0.534,1.000
3301650,0.0432943,192.687813264783,0.768,0.184,-0.581,-0.730,-0.607,-0.209,-0.235,0.091,0.874,0.924,0.373,0.272,0.545,-0.268,0.721,0.334,0.639,1.000
3301654,0.0437995,192.731612765696,0.768,0.184,-0.581,-0.730,-0.607,-0.209,-0.235,0.091,0.874,0.922,0.372,0.272,0.554,-0.256,0.719,0.333,0.692,1.000
3301660,0.0151278,192.746740566101,0.768,0.184,-0.581,-0.730,-0.607,-0.209,-0.235,0.091,0.874,0.920,0.373,0.271,0.562,-0.249,0.712,0.338,0.665,1.000
3301674,0.0588655,192.805606064852,0.768,0.184,-0.581,-0.730,-0.607,-0.209,-0.235,0.091,0.874,0.918,0.373,0.266,0.586,-0.221,0.704,0.335,0.660,1.000
3301680,0.0385589,192.844164965209,0.768,0.184,-0.581,-0.730,-0.607,-0.209,-0.235,0.091,0.874,0.918,0.373,0.262,0.592,-0.216,0.701,0.334,0.625,1.000
3301686,0.0432447,192.887409666087,0.768,0.184,-0.581,-0.730,-0.607,-0.209,-0.235,0.091,0.874,0.919,0.372,0.259,0.598,-0.208,0.699,0.334,0.571,1.000
3301694,0.0261949,192.913604566362,0.768,0.184,-0.581,-0.730,-0.607,-0.209,-0.235,0.091,0.874,0.921,0.372,0.256,0.601,-0.204,0.695,0.338,0.549,1.000
3301702,0.0365986,192.950203166809,0.768,0.184,-0.581,-0.730,-0.607,-0.209,-0.235,0.091,0.874,0.922,0.371,0.252,0.603,-0.203,0.693,0.338,0.569,1.000
3301712,0.0469976,192.997200766113,0.768,0.184,-0.581,-0.730,-0.607,-0.209,-0.235,0.091,0.874,0.924,0.373,0.250,0.607,-0.199,0.691,0.339,0.678,1.000
3301720,0.0456306,193.042831366416,0.768,0.184,-0.581,-0.730,-0.607,-0.209,-0.235,0.091,0.874,0.926,0.372,0.248,0.611,-0.199,0.686,0.341,0.676,1.000
3301730,0.0409524,193.083783765789,0.768,0.184,-0.581,-0.730,-0.607,-0.209,-0.235,0.091,0.874,0.927,0.371,0.246,0.614,-0.200,0.681,0.346,0.654,1.000
3301738,0.0446642,193.128447966184,0.768,0.184,-0.581,-0.730,-0.607,-0.209,-0.235,0.091,0.874,0.929,0.371,0.243,0.618,-0.200,0.677,0.348,0.529,1.000
3301748,0.0450237,193.173471664544,0.768,0.184,-0.581,-0.730,-0.607,-0.209,-0.235,0.091,0.874,0.932,0.372,0.243,0.622,-0.199,0.672,0.348,0.518,1.000
3301756,0.0453732,193.218844865914,0.768,0.184,-0.581,-0.730,-0.607,-0.209,-0.235,0.091,0.874,0.934,0.371,0.241,0.624,-0.203,0.668,0.351,0.501,1.000
3301766,0.0446095,193.263454364147,0.768,0.184,-0.581,-0.730,-0.607,-0.209,-0.235,0.091,0.874,0.934,0.371,0.238,0.627,-0.206,0.662,0.356,0.505,1.000
3301776,0.0472845,193.310738862958,0.768,0.184,-0.581,-0.730,-0.607,-0.209,-0.235,0.091,0.874,0.932,0.371,0.236,0.628,-0.207,0.659,0.359,0.514,1.000
3301784,0.0453911,193.356129964348,0.768,0.184,-0.581,-0.730,-0.607,-0.209,-0.235,0.091,0.874,0.930,0.370,0.234,0.630,-0.209,0.653,0.365,0.524,1.000
3301794,0.0484358,193.404565764125,0.768,0.184,-0.581,-0.730,-0.607,-0.209,-0.235,0.091,0.874,0.927,0.370,0.233,0.631,-0.210,0.649,0.369,0.534,1.000
3301804,0.0487974,193.453363162931,0.768,0.184,-0.581,-0.730,-0.607,-0.209,-0.235,0.091,0.874,0.925,0.369,0.231,0.633,-0.208,0.645,0.373,0.558,1.000
3301812,0.0443209,193.497684062924,0.768,0.184,-0.581,-0.730,-0.607,-0.209,-0.235,0.091,0.874,0.922,0.370,0.231,0.636,-0.207,0.641,0.376,0.562,1.000
3301820,0.0465938,193.544277863111,0.768,0.184,-0.581,-0.730,-0.607,-0.209,-0.235,0.091,0.874,0.921,0.370,0.229,0.637,-0.207,0.640,0.376,0.547,1.000
3301830,0.0348626,193.579140463378,0.768,0.184,-0.581,-0.730,-0.607,-0.209,-0.235,0.091,0.874,0.918,0.370,0.229,0.638,-0.207,0.639,0.377,0.538,1.000
3301838,0.0524876,193.631628063973,0.768,0.184,-0.581,-0.730,-0.607,-0.209,-0.235,0.091,0.874,0.915,0.369,0.228,0.638,-0.206,0.639,0.378,0.635,1.000
3301848,0.0432644,193.674892464187,0.768,0.184,-0.581,-0.730,-0.607,-0.209,-0.235,0.091,0.874,0.913,0.370,0.227,0.638,-0.201,0.641,0.377,0.737,1.000
3301856,0.0437223,193.718614765909,0.768,0.184,-0.581,-0.730,-0.607,-0.209,-0.235,0.091,0.874,0.911,0.370,0.226,0.638,-0.197,0.642,0.378,0.943,1.000
3301866,0.046992,193.765606766101,0.768,0.184,-0.581,-0.730,-0.607,-0.209,-0.235,0.091,0.874,0.909,0.372,0.225,0.638,-0.193,0.643,0.376,1.000,1.000
3301874,0.0429197,193.808526465204,0.768,0.184,-0.581,-0.730,-0.607,-0.209,-0.235,0.091,0.874,0.907,0.372,0.225,0.639,-0.188,0.644,0.376,1.000,1.000
3301884,0.046883,193.855409463402,0.768,0.184,-0.581,-0.730,-0.607,-0.209,-0.235,0.091,0.874,0.905,0.372,0.225,0.640,-0.176,0.649,0.372,1.000,1.000
3301892,0.0411236,193.896533062216,0.768,0.184,-0.581,-0.730,-0.607,-0.209,-0.235,0.091,0.874,0.905,0.372,0.225,0.640,-0.180,0.645,0.375,1.000,1.000
3301900,0.0441279,193.940660962369,0.768,0.184,-0.581,-0.730,-0.607,-0.209,-0.235,0.091,0.874,0.906,0.373,0.225,0.642,-0.176,0.645,0.374,1.000,1.000
3301910,0.0442318,193.984892760869,0.768,0.184,-0.581,-0.730,-0.607,-0.209,-0.235,0.091,0.874,0.903,0.372,0.224,0.644,-0.175,0.644,0.375,1.000,1.000
3301920,0.0474228,194.032315561082,0.768,0.184,-0.581,-0.730,-0.607,-0.209,-0.235,0.091,0.874,0.901,0.370,0.222,0.644,-0.186,0.637,0.381,1.000,1.000
3301928,0.0423861,194.074701660778,0.768,0.184,-0.581,-0.730,-0.607,-0.209,-0.235,0.091,0.874,0.902,0.367,0.220,0.645,-0.189,0.636,0.378,0.626,1.000
3301938,0.0428175,194.117519160267,0.768,0.184,-0.581,-0.730,-0.607,-0.209,-0.235,0.091,0.874,0.900,0.367,0.220,0.647,-0.192,0.636,0.375,0.495,1.000
3301946,0.0483728,194.16589196166,0.768,0.184,-0.581,-0.730,-0.607,-0.209,-0.235,0.091,0.874,0.900,0.366,0.220,0.648,-0.193,0.636,0.372,0.476,1.000
3301954,0.044557,194.210448963102,0.768,0.184,-0.581,-0.730,-0.607,-0.209,-0.235,0.091,0.874,0.902,0.363,0.220,0.652,-0.195,0.633,0.369,0.466,1.000
3301962,0.0423143,194.252763261553,0.768,0.184,-0.581,-0.730,-0.607,-0.209,-0.235,0.091,0.874,0.902,0.362,0.220,0.656,-0.198,0.629,0.368,0.459,1.000
3301972,0.0409232,194.293686462101,0.768,0.184,-0.581,-0.730,-0.607,-0.209,-0.235,0.091,0.874,0.902,0.360,0.220,0.659,-0.206,0.621,0.372,0.450,1.000
3301982,0.0485064,194.34219286358,0.768,0.184,-0.581,-0.730,-0.607,-0.209,-0.235,0.091,0.874,0.902,0.359,0.220,0.660,-0.208,0.619,0.372,0.378,0.719
3301990,0.0458841,194.388076962437,0.768,0.184,-0.581,-0.730,-0.607,-0.209,-0.235,0.091,0.874,0.903,0.359,0.220,0.662,-0.208,0.617,0.371,0.322,0.611
3302000,0.04319,194.431266961154,0.768,0.184,-0.581,-0.730,-0.607,-0.209,-0.235,0.091,0.874,0.903,0.359,0.220,0.663,-0.208,0.616,0.371,0.268,0.488
3302008,0.044598,194.475864959415,0.768,0.184,-0.581,-0.730,-0.607,-0.209,-0.235,0.091,0.874,0.904,0.358,0.220,0.664,-0.209,0.615,0.371,0.254,0.450
3302018,0.0446411,194.520506059285,0.768,0.184,-0.581,-0.730,-0.607,-0.209,-0.235,0.091,0.874,0.905,0.358,0.219,0.665,-0.212,0.613,0.371,0.249,0.423
3302026,0.0461014,194.566607458051,0.768,0.184,-0.581,-0.730,-0.607,-0.209,-0.235,0.091,0.874,0.906,0.357,0.218,0.665,-0.213,0.611,0.372,0.229,0.376
3302034,0.0412672,194.607874659356,0.768,0.184,-0.581,-0.730,-0.607,-0.209,-0.235,0.091,0.874,0.907,0.357,0.218,0.667,-0.214,0.610,0.371,0.225,0.376
3302044,0.0469038,194.654778459575,0.768,0.184,-0.581,-0.730,-0.607,-0.209,-0.235,0.091,0.874,0.908,0.356,0.220,0.668,-0.211,0.611,0.368,0.217,0.359
3302052,0.0431939,194.69797235867,0.768,0.184,-0.581,-0.730,-0.607,-0.209,-0.235,0.091,0.874,0.908,0.356,0.218,0.669,-0.213,0.609,0.369,0.213,0.320
3302062,0.0457845,194.743756858166,0.768,0.184,-0.581,-0.730,-0.607,-0.209,-0.235,0.091,0.874,0.908,0.356,0.218,0.670,-0.213,0.609,0.368,0.192,0.272
3302070,0.0436301,194.787386958953,0.768,0.184,-0.581,-0.730,-0.607,-0.209,-0.235,0.091,0.874,0.909,0.356,0.218,0.671,-0.208,0.611,0.365,0.215,0.307
3302080,0.0461157,194.833502659108,0.768,0.184,-0.581,-0.730,-0.607,-0.209,-0.235,0.091,0.874,0.910,0.355,0.217,0.672,-0.209,0.610,0.365,0.179,0.239
3302088,0.044995,194.878497657832,0.768,0.184,-0.581,-0.730,-0.607,-0.209,-0.235,0.091,0.874,0.910,0.354,0.218,0.673,-0.212,0.606,0.367,0.178,0.226
3302098,0.0420463,194.920543958899,0.768,0.184,-0.581,-0.730,-0.607,-0.209,-0.235,0.091,0.874,0.911,0.353,0.217,0.673,-0.216,0.604,0.367,0.180,0.209
3302106,0.0470738,194.967617759015,0.768,0.184,-0.581,-0.730,-0.607,-0.209,-0.235,0.091,0.874,0.912,0.352,0.217,0.673,-0.218,0.605,0.367,0.183,0.186
3302116,0.0484325,195.016050258186,0.768,0.184,-0.581,-0.730,-0.607,-0.209,-0.235,0.091,0.874,0.913,0.352,0.217,0.674,-0.217,0.605,0.365,0.194,0.184
3302124,0.0355873,195.051637557801,0.768,0.184,-0.581,-0.730,-0.607,-0.209,-0.235,0.091,0.874,0.912,0.353,0.218,0.672,-0.217,0.606,0.366,0.202,0.164
3302132,0.0462342,195.097871759441,0.768,0.184,-0.581,-0.730,-0.607,-0.209,-0.235,0.091,0.874,0.911,0.354,0.216,0.672,-0.219,0.605,0.367,0.204,0.185
3302142,0.0456451,195.143516858574,0.768,0.184,-0.581,-0.730,-0.607,-0.209,-0.235,0.091,0.874,0.910,0.354,0.216,0.671,-0.222,0.603,0.370,0.216,0.181
3302150,0.0435817,195.187098560389,0.768,0.184,-0.581,-0.730,-0.607,-0.209,-0.235,0.091,0.874,0.909,0.354,0.216,0.670,-0.224,0.603,0.371,0.211,0.212
3302160,0.0410031,195.228101660963,0.768,0.184,-0.581,-0.730,-0.607,-0.209,-0.235,0.091,0.874,0.911,0.354,0.217,0.670,-0.221,0.605,0.369,0.198,0.197
3302168,0.0488596,195.276961260941,0.768,0.184,-0.581,-0.730,-0.607,-0.209,-0.235,0.091,0.874,0.912,0.355,0.217,0.671,-0.217,0.607,0.366,0.184,0.182
3302178,0.0448099,195.321771161165,0.768,0.184,-0.581,-0.730,-0.607,-0.209,-0.235,0.091,0.874,0.912,0.355,0.216,0.672,-0.215,0.607,0.365,0.178,0.170
3302186,0.0423782,195.364149359521,0.768,0.184,-0.581,-0.730,-0.607,-0.209,-0.235,0.091,0.874,0.912,0.355,0.216,0.673,-0.215,0.605,0.367,0.180,0.160
3302196,0.0471444,195.411293761339,0.768,0.184,-0.581,-0.730,-0.607,-0.209,-0.235,0.091,0.874,0.911,0.355,0.217,0.671,-0.217,0.604,0.370,0.183,0.187
3302204,0.044338,195.455631760415,0.768,0.184,-0.581,-0.730,-0.607,-0.209,-0.235,0.091,0.874,0.911,0.355,0.218,0.672,-0.216,0.605,0.369,0.189,0.191
3302212,0.0413092,195.496940960642,0.768,0.184,-0.581,-0.730,-0.607,-0.209,-0.235,0.091,0.874,0.912,0.354,0.218,0.671,-0.216,0.605,0.369,0.177,0.191
3302222,0.0476135,195.544554462191,0.768,0.184,-0.581,-0.730,-0.607,-0.209,-0.235,0.091,0.874,0.914,0.354,0.217,0.673,-0.215,0.604,0.369,0.189,0.190
3302230,0.0463844,195.59093886381,0.768,0.184,-0.581,-0.730,-0.607,-0.209,-0.235,0.091,0.874,0.914,0.353,0.218,0.674,-0.215,0.604,0.368,0.194,0.200
3302240,0.0432799,195.634218764957,0.768,0.184,-0.581,-0.730,-0.607,-0.209,-0.235,0.091,0.874,0.914,0.352,0.217,0.675,-0.216,0.602,0.367,0.191,0.198
3302248,0.0454786,195.679697365966,0.768,0.184,-0.581,-0.730,-0.607,-0.209,-0.235,0.091,0.874,0.914,0.352,0.218,0.675,-0.218,0.601,0.369,0.192,0.197
3302258,0.0444,195.724097365048,0.768,0.184,-0.581,-0.730,-0.607,-0.209,-0.235,0.091,0.874,0.915,0.352,0.218,0.676,-0.217,0.600,0.368,0.194,0.202
3302264,0.0480478,195.772145164665,0.768,0.184,-0.581,-0.730,-0.607,-0.209,-0.235,0.091,0.874,0.915,0.352,0.218,0.676,-0.218,0.599,0.369,0.195,0.208
3302272,0.0244779,195.796623063739,0.768,0.184,-0.581,-0.730,-0.607,-0.209,-0.235,0.091,0.874,0.915,0.352,0.217,0.677,-0.220,0.597,0.371,0.194,0.211
3302278,0.0454687,195.842091762926,0.768,0.184,-0.581,-0.730,-0.607,-0.209,-0.235,0.091,0.874,0.914,0.353,0.218,0.676,-0.221,0.596,0.372,0.202,0.223
3302282,0.0429088,195.88500056183,0.768,0.184,-0.581,-0.730,-0.607,-0.209,-0.235,0.091,0.874,0.914,0.354,0.218,0.678,-0.220,0.596,0.371,0.217,0.261
3302288,0.0078359,195.892836462241,0.768,0.184,-0.581,-0.730,-0.607,-0.209,-0.235,0.091,0.874,0.915,0.353,0.218,0.677,-0.220,0.596,0.372,0.217,0.261
3302296,0.0398216,195.932658060919,0.768,0.184,-0.581,-0.730,-0.607,-0.209,-0.235,0.091,0.874,0.915,0.354,0.218,0.677,-0.220,0.596,0.372,0.214,0.258
3302304,0.0263182,195.958976260852,0.768,0.184,-0.581,-0.730,-0.607,-0.209,-0.235,0.091,0.874,0.915,0.355,0.218,0.679,-0.216,0.597,0.368,0.218,0.261
3302312,0.0551902,196.014166462701,0.768,0.184,-0.581,-0.730,-0.607,-0.209,-0.235,0.091,0.874,0.916,0.354,0.219,0.679,-0.216,0.596,0.370,0.218,0.261
3302322,0.0418884,196.056054863613,0.768,0.184,-0.581,-0.730,-0.607,-0.209,-0.235,0.091,0.874,0.916,0.353,0.218,0.680,-0.216,0.595,0.371,0.216,0.255
3302328,0.0401945,196.096249363851,0.768,0.184,-0.581,-0.730,-0.607,-0.209,-0.235,0.091,0.874,0.917,0.354,0.215,0.686,-0.214,0.584,0.377,0.218,0.244
3302338,0.0233805,196.119629863184,0.768,0.184,-0.581,-0.730,-0.607,-0.209,-0.235,0.091,0.874,0.918,0.354,0.213,0.692,-0.216,0.565,0.395,0.273,0.297
3302346,0.0539176,196.173547464889,0.768,0.184,-0.581,-0.730,-0.607,-0.209,-0.235,0.091,0.874,0.919,0.352,0.212,0.700,-0.228,0.535,0.416,0.350,0.402
3302354,0.0340428,196.207590266597,0.768,0.184,-0.581,-0.730,-0.607,-0.209,-0.235,0.091,0.874,0.916,0.351,0.211,0.704,-0.237,0.510,0.434,0.428,0.468
3302364,0.0438148,196.251405067276,0.768,0.184,-0.581,-0.730,-0.607,-0.209,-0.235,0.091,0.874,0.910,0.353,0.208,0.709,-0.237,0.500,0.437,0.498,0.474
3302372,0.0428544,196.294259465765,0.768,0.184,-0.581,-0.730,-0.607,-0.209,-0.235,0.091,0.874,0.909,0.351,0.208,0.718,-0.233,0.486,0.441,0.505,0.459
3302382,0.046445,196.340704466682,0.768,0.184,-0.581,-0.730,-0.607,-0.209,-0.235,0.091,0.874,0.905,0.351,0.204,0.726,-0.231,0.467,0.449,0.499,0.479
3302390,0.0462885,196.386992968153,0.768,0.184,-0.581,-0.730,-0.607,-0.209,-0.235,0.091,0.874,0.900,0.352,0.202,0.733,-0.235,0.447,0.456,0.503,0.635
3302398,0.0441098,196.431102767121,0.768,0.184,-0.581,-0.730,-0.607,-0.209,-0.235,0.091,0.874,0.898,0.351,0.201,0.739,-0.234,0.432,0.461,0.513,0.626
3302410,0.0439476,196.475050366949,0.768,0.184,-0.581,-0.730,-0.607,-0.209,-0.235,0.091,0.874,0.892,0.350,0.198,0.748,-0.232,0.411,0.466,0.505,0.657
3302418,0.0542645,196.529314867686,0.768,0.184,-0.581,-0.730,-0.607,-0.209,-0.235,0.091,0.874,0.889,0.349,0.198,0.755,-0.222,0.404,0.466,0.512,0.654
3302428,0.0454369,196.574751767796,0.768,0.184,-0.581,-0.730,-0.607,-0.209,-0.235,0.091,0.874,0.885,0.347,0.195,0.759,-0.221,0.386,0.475,0.511,0.554
3302438,0.0508549,196.625606666785,0.768,0.184,-0.581,-0.730,-0.607,-0.209,-0.235,0.091,0.874,0.883,0.346,0.194,0.761,-0.224,0.374,0.480,0.493,0.586
3302448,0.0463834,196.671990066301,0.768,0.184,-0.581,-0.730,-0.607,-0.209,-0.235,0.091,0.874,0.881,0.346,0.195,0.762,-0.226,0.366,0.485,0.458,0.521
3302456,0.0450519,196.717041965108,0.768,0.184,-0.581,-0.730,-0.607,-0.209,-0.235,0.091,0.874,0.880,0.347,0.196,0.767,-0.223,0.358,0.484,0.434,0.536
3302464,0.044079,196.761120963376,0.768,0.184,-0.581,-0.730,-0.607,-0.209,-0.235,0.091,0.874,0.878,0.349,0.195,0.768,-0.223,0.349,0.488,0.475,0.579
3302474,0.044277,196.805397964548,0.768,0.184,-0.581,-0.730,-0.607,-0.209,-0.235,0.091,0.874,0.875,0.347,0.197,0.768,-0.225,0.345,0.490,0.526,0.640
3302482,0.0460275,196.851425464731,0.768,0.184,-0.581,-0.730,-0.607,-0.209,-0.235,0.091,0.874,0.877,0.346,0.199,0.768,-0.226,0.346,0.489,0.519,0.636
3302492,0.0444714,196.895896866452,0.768,0.184,-0.581,-0.730,-0.607,-0.209,-0.235,0.091,0.874,0.878,0.345,0.201,0.769,-0.227,0.346,0.487,0.495,0.636
3302500,0.0447297,196.940626564901,0.768,0.184,-0.581,-0.730,-0.607,-0.209,-0.235,0.091,0.874,0.878,0.346,0.201,0.768,-0.228,0.348,0.487,0.460,0.616
3302510,0.0458916,196.986518166494,0.768,0.184,-0.581,-0.730,-0.607,-0.209,-0.235,0.091,0.874,0.877,0.347,0.200,0.767,-0.228,0.350,0.488,0.434,0.589
3302518,0.0449714,197.031489565503,0.768,0.184,-0.581,-0.730,-0.607,-0.209,-0.235,0.091,0.874,0.876,0.348,0.199,0.765,-0.230,0.351,0.489,0.434,0.550
3302528,0.0413849,197.072874467354,0.768,0.184,-0.581,-0.730,-0.607,-0.209,-0.235,0.091,0.874,0.877,0.348,0.200,0.762,-0.232,0.355,0.490,0.444,0.529
3302536,0.0467783,197.119652766269,0.768,0.184,-0.581,-0.730,-0.607,-0.209,-0.235,0.091,0.874,0.878,0.347,0.201,0.761,-0.232,0.357,0.489,0.467,0.506
3302546,0.0427484,197.162401165348,0.768,0.184,-0.581,-0.730,-0.607,-0.209,-0.235,0.091,0.874,0.878,0.347,0.199,0.759,-0.236,0.355,0.493,0.473,0.511
3302554,0.042952,197.205353166442,0.768,0.184,-0.581,-0.730,-0.607,-0.209,-0.235,0.091,0.874,0.879,0.347,0.199,0.759,-0.234,0.355,0.494,0.483,0.523
3302562,0.0454443,197.250797464978,0.768,0.184,-0.581,-0.730,-0.607,-0.209,-0.235,0.091,0.874,0.878,0.347,0.199,0.759,-0.233,0.353,0.495,0.508,0.529
3302572,0.0437015,197.294498964679,0.768,0.184,-0.581,-0.730,-0.607,-0.209,-0.235,0.091,0.874,0.878,0.347,0.197,0.759,-0.234,0.350,0.497,0.535,0.545
3302580,0.0471738,197.341672766488,0.768,0.184,-0.581,-0.730,-0.607,-0.209,-0.235,0.091,0.874,0.877,0.346,0.197,0.758,-0.235,0.349,0.498,0.523,0.503
3302590,0.0429019,197.384574666154,0.768,0.184,-0.581,-0.730,-0.607,-0.209,-0.235,0.091,0.874,0.878,0.346,0.196,0.759,-0.237,0.345,0.499,0.518,0.491
3302598,0.0475977,197.432172365021,0.768,0.184,-0.581,-0.730,-0.607,-0.209,-0.235,0.091,0.874,0.878,0.346,0.197,0.758,-0.238,0.345,0.500,0.534,0.508
3302608,0.042609,197.474781363737,0.768,0.184,-0.581,-0.730,-0.607,-0.209,-0.235,0.091,0.874,0.879,0.345,0.197,0.757,-0.240,0.345,0.501,0.522,0.459
3302618,0.0434783,197.518259662669,0.768,0.184,-0.581,-0.730,-0.607,-0.209,-0.235,0.091,0.874,0.880,0.345,0.197,0.756,-0.241,0.349,0.499,0.524,0.454
3302624,0.0487243,197.566983963829,0.768,0.184,-0.581,-0.730,-0.607,-0.209,-0.235,0.091,0.874,0.881,0.345,0.197,0.756,-0.242,0.351,0.497,0.508,0.445
3302634,0.0393855,197.606369465124,0.768,0.184,-0.581,-0.730,-0.607,-0.209,-0.235,0.091,0.874,0.882,0.346,0.198,0.755,-0.243,0.354,0.496,0.491,0.439
3302644,0.047727,197.654096465092,0.768,0.184,-0.581,-0.730,-0.607,-0.209,-0.235,0.091,0.874,0.880,0.346,0.197,0.754,-0.244,0.356,0.496,0.455,0.386
3302652,0.0425153,197.696611765306,0.768,0.184,-0.581,-0.730,-0.607,-0.209,-0.235,0.091,0.874,0.882,0.346,0.198,0.752,-0.244,0.362,0.493,0.444,0.350
3302660,0.0446537,197.741265464108,0.768,0.184,-0.581,-0.730,-0.607,-0.209,-0.235,0.091,0.874,0.884,0.349,0.198,0.751,-0.243,0.369,0.491,0.435,0.357
3302670,0.041049,197.782314463984,0.768,0.184,-0.581,-0.730,-0.607,-0.209,-0.235,0.091,0.874,0.885,0.350,0.197,0.749,-0.239,0.372,0.494,0.440,0.359
3302680,0.0474457,197.829760163557,0.768,0.184,-0.581,-0.730,-0.607,-0.209,-0.235,0.091,0.874,0.884,0.352,0.198,0.746,-0.237,0.373,0.499,0.427,0.379
3302688,0.0463607,197.876120864879,0.768,0.184,-0.581,-0.730,-0.607,-0.209,-0.235,0.091,0.874,0.882,0.355,0.199,0.742,-0.235,0.376,0.503,0.413,0.377
3302696,0.0412922,197.917413066607,0.768,0.184,-0.581,-0.730,-0.607,-0.209,-0.235,0.091,0.874,0.881,0.358,0.203,0.737,-0.233,0.383,0.505,0.394,0.373
3302704,0.0448592,197.962272267323,0.768,0.184,-0.581,-0.730,-0.607,-0.209,-0.235,0.091,0.874,0.882,0.363,0.208,0.728,-0.231,0.407,0.501,0.342,0.352
3302714,0.0464443,198.008716567885,0.768,0.184,-0.581,-0.730,-0.607,-0.209,-0.235,0.091,0.874,0.884,0.362,0.209,0.722,-0.227,0.431,0.491,0.314,0.329
3302724,0.0443797,198.05309626786,0.768,0.184,-0.581,-0.730,-0.607,-0.209,-0.235,0.091,0.874,0.886,0.362,0.210,0.712,-0.231,0.449,0.488,0.320,0.345
3302732,0.0446185,198.097714766394,0.768,0.184,-0.581,-0.730,-0.607,-0.209,-0.235,0.091,0.874,0.887,0.364,0.213,0.710,-0.224,0.459,0.485,0.299,0.337
3302736,0.0459772,198.143691967707,0.768,0.184,-0.581,-0.730,-0.607,-0.209,-0.235,0.091,0.874,0.889,0.364,0.214,0.710,-0.221,0.465,0.481,0.363,0.327
3302742,0.0132629,198.1569548673,0.768,0.184,-0.581,-0.730,-0.607,-0.209,-0.235,0.091,0.874,0.892,0.362,0.213,0.709,-0.218,0.475,0.473,0.362,0.330
3302752,0.0525564,198.209511266556,0.768,0.184,-0.581,-0.730,-0.607,-0.209,-0.235,0.091,0.874,0.894,0.363,0.212,0.708,-0.217,0.475,0.475,0.380,0.340
3302766,0.0455031,198.255014365073,0.768,0.184,-0.581,-0.730,-0.607,-0.209,-0.235,0.091,0.874,0.894,0.362,0.212,0.710,-0.220,0.471,0.475,0.377,0.324
3302774,0.0562905,198.311304864939,0.768,0.184,-0.581,-0.730,-0.607,-0.209,-0.235,0.091,0.874,0.895,0.362,0.210,0.710,-0.221,0.467,0.478,0.403,0.254
3302782,0.0459828,198.357287665363,0.768,0.184,-0.581,-0.730,-0.607,-0.209,-0.235,0.091,0.874,0.894,0.361,0.209,0.710,-0.223,0.463,0.482,0.412,0.229
3302792,0.0415524,198.398840063717,0.768,0.184,-0.581,-0.730,-0.607,-0.209,-0.235,0.091,0.874,0.893,0.360,0.208,0.711,-0.222,0.460,0.483,0.396,0.237
3302800,0.0466916,198.445531663951,0.768,0.184,-0.581,-0.730,-0.607,-0.209,-0.235,0.091,0.874,0.891,0.362,0.209,0.717,-0.217,0.458,0.480,0.390,0.285
3302812,0.039033,198.484564663377,0.768,0.184,-0.581,-0.730,-0.607,-0.209,-0.235,0.091,0.874,0.891,0.360,0.209,0.718,-0.217,0.456,0.479,0.405,0.339
3302824,0.0571864,198.541751062032,0.768,0.184,-0.581,-0.730,-0.607,-0.209,-0.235,0.091,0.874,0.889,0.360,0.208,0.718,-0.215,0.455,0.481,0.401,0.336
3302834,0.0586755,198.600426563527,0.768,0.184,-0.581,-0.730,-0.607,-0.209,-0.235,0.091,0.874,0.888,0.359,0.206,0.717,-0.215,0.454,0.484,0.379,0.332
3302846,0.0540236,198.654450164642,0.768,0.184,-0.581,-0.730,-0.607,-0.209,-0.235,0.091,0.874,0.889,0.360,0.206,0.718,-0.212,0.454,0.483,0.377,0.333
3302856,0.0574944,198.711944562849,0.768,0.184,-0.581,-0.730,-0.607,-0.209,-0.235,0.091,0.874,0.891,0.360,0.207,0.718,-0.212,0.454,0.482,0.383,0.323
3302868,0.0538642,198.765808762517,0.768,0.184,-0.581,-0.730,-0.607,-0.209,-0.235,0.091,0.874,0.893,0.360,0.206,0.722,-0.211,0.451,0.481,0.356,0.257
3302878,0.0570752,198.822883961257,0.768,0.184,-0.581,-0.730,-0.607,-0.209,-0.235,0.091,0.874,0.892,0.353,0.204,0.720,-0.229,0.441,0.484,0.342,0.215
3302888,0.0541266,198.877010562923,0.768,0.184,-0.581,-0.730,-0.607,-0.209,-0.235,0.091,0.874,0.893,0.351,0.206,0.722,-0.250,0.424,0.487,0.230,0.094
3302898,0.0435545,198.920565062668,0.768,0.184,-0.581,-0.730,-0.607,-0.209,-0.235,0.091,0.874,0.892,0.351,0.202,0.722,-0.265,0.410,0.491,0.120,0.000
3302906,0.0470039,198.967568961438,0.768,0.184,-0.581,-0.730,-0.607,-0.209,-0.235,0.091,0.874,0.888,0.351,0.201,0.718,-0.276,0.405,0.494,0.038,0.000
3302916,0.0502418,199.0178107596,0.768,0.184,-0.581,-0.730,-0.607,-0.209,-0.235,0.091,0.874,0.886,0.351,0.202,0.723,-0.282,0.400,0.487,0.000,0.000
3302926,0.0487928,199.066603561398,0.768,0.184,-0.581,-0.730,-0.607,-0.209,-0.235,0.091,0.874,0.884,0.350,0.201,0.725,-0.286,0.399,0.483,0.000,0.000
3302934,0.0429885,199.109592062887,0.768,0.184,-0.581,-0.730,-0.607,-0.209,-0.235,0.091,0.874,0.884,0.349,0.202,0.725,-0.289,0.403,0.478,0.000,0.000
3302944,0.0475132,199.15710526472,0.768,0.184,-0.581,-0.730,-0.607,-0.209,-0.235,0.091,0.874,0.884,0.349,0.202,0.725,-0.291,0.405,0.474,0.000,0.000
3302952,0.044336,199.201441263314,0.768,0.184,-0.581,-0.730,-0.607,-0.209,-0.235,0.091,0.874,0.885,0.349,0.203,0.727,-0.290,0.408,0.470,0.000,0.000
3302962,0.0427111,199.244152364787,0.768,0.184,-0.581,-0.730,-0.607,-0.209,-0.235,0.091,0.874,0.885,0.349,0.203,0.726,-0.292,0.410,0.468,0.000,0.000
3302968,0.0471033,199.291255665477,0.768,0.184,-0.581,-0.730,-0.607,-0.209,-0.235,0.091,0.874,0.885,0.349,0.203,0.727,-0.292,0.413,0.465,0.000,0.000
3302978,0.0393994,199.330655065831,0.768,0.184,-0.581,-0.730,-0.607,-0.209,-0.235,0.091,0.874,0.886,0.349,0.204,0.728,-0.291,0.416,0.461,0.000,0.000
3302988,0.044933,199.375588064548,0.768,0.184,-0.581,-0.730,-0.607,-0.209,-0.235,0.091,0.874,0.886,0.350,0.204,0.727,-0.291,0.419,0.460,0.000,0.000
3302996,0.0474282,199.423016262706,0.768,0.184,-0.581,-0.730,-0.607,-0.209,-0.235,0.091,0.874,0.886,0.348,0.204,0.725,-0.292,0.423,0.458,0.000,0.000
3303006,0.0415325,199.464548764285,0.768,0.184,-0.581,-0.730,-0.607,-0.209,-0.235,0.091,0.874,0.887,0.349,0.204,0.724,-0.293,0.427,0.456,0.000,0.000
3303014,0.0458155,199.510364265647,0.768,0.184,-0.581,-0.730,-0.607,-0.209,-0.235,0.091,0.874,0.886,0.348,0.205,0.722,-0.295,0.430,0.455,0.000,0.000
3303024,0.0414838,199.551848066505,0.768,0.184,-0.581,-0.730,-0.607,-0.209,-0.235,0.091,0.874,0.886,0.349,0.205,0.721,-0.295,0.433,0.454,0.000,0.000
3303030,0.0456883,199.59753636783,0.768,0.184,-0.581,-0.730,-0.607,-0.209,-0.235,0.091,0.874,0.887,0.348,0.205,0.719,-0.298,0.435,0.453,0.011,0.000
3303042,0.0424828,199.640019168612,0.768,0.184,-0.581,-0.730,-0.607,-0.209,-0.235,0.091,0.874,0.887,0.348,0.206,0.718,-0.300,0.437,0.452,0.006,0.000
3303050,0.0484298,199.688448966946,0.768,0.184,-0.581,-0.730,-0.607,-0.209,-0.235,0.091,0.874,0.887,0.349,0.205,0.717,-0.300,0.438,0.452,0.150,0.000
3303060,0.044166,199.732614965644,0.768,0.184,-0.581,-0.730,-0.607,-0.209,-0.235,0.091,0.874,0.885,0.353,0.208,0.717,-0.289,0.453,0.443,1.000,0.000
3303068,0.0444659,199.777080865111,0.768,0.184,-0.581,-0.730,-0.607,-0.209,-0.235,0.091,0.874,0.885,0.352,0.208,0.718,-0.276,0.466,0.436,1.000,0.000
3303078,0.043707,199.82078786334,0.768,0.184,-0.581,-0.730,-0.607,-0.209,-0.235,0.091,0.874,0.885,0.349,0.208,0.718,-0.277,0.468,0.435,1.000,0.000
3303084,0.0456897,199.866477561649,0.768,0.184,-0.581,-0.730,-0.607,-0.209,-0.235,0.091,0.874,0.886,0.348,0.209,0.716,-0.280,0.469,0.435,1.000,0.000
3303094,0.0416468,199.908124362584,0.768,0.184,-0.581,-0.730,-0.607,-0.209,-0.235,0.091,0.874,0.887,0.347,0.210,0.714,-0.281,0.471,0.435,1.000,0.000
3303104,0.0387533,199.946877663489,0.768,0.184,-0.581,-0.730,-0.607,-0.209,-0.235,0.091,0.874,0.887,0.348,0.212,0.709,-0.283,0.478,0.435,0.499,0.000
3303112,0.0543883,200.001265963074,0.768,0.184,-0.581,-0.730,-0.607,-0.209,-0.235,0.091,0.874,0.889,0.349,0.212,0.700,-0.289,0.490,0.431,0.091,0.000
3303122,0.0427864,200.044052363839,0.768,0.184,-0.581,-0.730,-0.607,-0.209,-0.235,0.091,0.874,0.894,0.348,0.215,0.694,-0.290,0.508,0.419,0.000,0.000
3303130,0.047409,200.091461365577,0.768,0.184,-0.581,-0.730,-0.607,-0.209,-0.235,0.091,0.874,0.899,0.350,0.220,0.690,-0.283,0.525,0.410,0.000,0.000
3303136,0.0408115,200.13227286702,0.768,0.184,-0.581,-0.730,-0.607,-0.209,-0.235,0.091,0.874,0.901,0.351,0.224,0.683,-0.275,0.542,0.405,0.000,0.000
3303146,0.0411058,200.173378666397,0.768,0.184,-0.581,-0.730,-0.607,-0.209,-0.235,0.091,0.874,0.907,0.351,0.230,0.685,-0.261,0.568,0.373,0.000,0.000
3303154,0.0374836,200.210862265434,0.768,0.184,-0.581,-0.730,-0.607,-0.209,-0.235,0.091,0.874,0.916,0.352,0.231,0.681,-0.256,0.588,0.353,0.000,0.000
3303164,0.0450622,200.255924464669,0.768,0.184,-0.581,-0.730,-0.607,-0.209,-0.235,0.091,0.874,0.920,0.354,0.235,0.670,-0.254,0.611,0.337,0.000,0.000
3303172,0.0470065,200.302930963691,0.768,0.184,-0.581,-0.730,-0.607,-0.209,-0.235,0.091,0.874,0.926,0.357,0.236,0.658,-0.255,0.625,0.332,0.000,0.000
3303182,0.0422406,200.345171564724,0.768,0.184,-0.581,-0.730,-0.607,-0.209,-0.235,0.091,0.874,0.930,0.357,0.239,0.646,-0.261,0.640,0.325,0.000,0.000
3303190,0.0486827,200.393854265567,0.768,0.184,-0.581,-0.730,-0.607,-0.209,-0.235,0.091,0.874,0.937,0.357,0.240,0.634,-0.272,0.647,0.323,0.000,0.000
3303200,0.0409402,200.434794464614,0.768,0.184,-0.581,-0.730,-0.607,-0.209,-0.235,0.091,0.874,0.941,0.359,0.242,0.629,-0.275,0.655,0.317,0.000,0.000
3303208,0.045733,200.480527465697,0.768,0.184,-0.581,-0.730,-0.607,-0.209,-0.235,0.091,0.874,0.945,0.360,0.241,0.627,-0.276,0.658,0.313,0.000,0.000
3303218,0.0508574,200.531384864356,0.768,0.184,-0.581,-0.730,-0.607,-0.209,-0.235,0.091,0.874,0.951,0.359,0.241,0.624,-0.282,0.658,0.314,0.000,0.068
3303228,0.0371887,200.568573565688,0.768,0.184,-0.581,-0.730,-0.607,-0.209,-0.235,0.091,0.874,0.954,0.358,0.241,0.618,-0.289,0.662,0.310,0.000,0.106
3303236,0.0538617,200.622435265686,0.768,0.184,-0.581,-0.730,-0.607,-0.209,-0.235,0.091,0.874,0.959,0.358,0.241,0.617,-0.288,0.666,0.306,0.000,0.130
3303246,0.0434407,200.665875965264,0.768,0.184,-0.581,-0.730,-0.607,-0.209,-0.235,0.091,0.874,0.964,0.356,0.240,0.617,-0.287,0.669,0.300,0.000,0.143
3303254,0.0454954,200.711371363606,0.768,0.184,-0.581,-0.730,-0.607,-0.209,-0.235,0.091,0.874,0.965,0.358,0.240,0.618,-0.284,0.671,0.295,0.000,0.153
3303264,0.0435517,200.754923061933,0.768,0.184,-0.581,-0.730,-0.607,-0.209,-0.235,0.091,0.874,0.966,0.357,0.240,0.618,-0.283,0.672,0.292,0.000,0.136
3303272,0.0447326,200.799655662384,0.768,0.184,-0.581,-0.730,-0.607,-0.209,-0.235,0.091,0.874,0.968,0.355,0.239,0.618,-0.284,0.672,0.293,0.000,0.125
3303282,0.0464838,200.846139462199,0.768,0.184,-0.581,-0.730,-0.607,-0.209,-0.235,0.091,0.874,0.968,0.355,0.239,0.620,-0.285,0.669,0.295,0.000,0.127
3303290,0.0416811,200.887820561882,0.768,0.184,-0.581,-0.730,-0.607,-0.209,-0.235,0.091,0.874,0.968,0.355,0.239,0.622,-0.282,0.668,0.296,0.000,0.149
3303298,0.0450991,200.932919660117,0.768,0.184,-0.581,-0.730,-0.607,-0.209,-0.235,0.091,0.874,0.967,0.356,0.240,0.629,-0.278,0.661,0.300,0.000,0.143
3303308,0.0466116,200.979531259742,0.768,0.184,-0.581,-0.730,-0.607,-0.209,-0.235,0.091,0.874,0.963,0.355,0.241,0.641,-0.277,0.639,0.322,0.000,0.085
3303316,0.0438592,201.023390458431,0.768,0.184,-0.581,-0.730,-0.607,-0.209,-0.235,0.091,0.874,0.958,0.355,0.241,0.676,-0.246,0.606,0.339,0.000,0.098
3303326,0.041648,201.06503845891,0.768,0.184,-0.581,-0.730,-0.607,-0.209,-0.235,0.091,0.874,0.954,0.359,0.235,0.720,-0.216,0.538,0.380,0.000,0.038
3303334,0.0468729,201.111911357846,0.768,0.184,-0.581,-0.730,-0.607,-0.209,-0.235,0.091,0.874,0.939,0.359,0.229,0.735,-0.228,0.496,0.402,0.255,0.000
3303344,0.0426151,201.154526458588,0.768,0.184,-0.581,-0.730,-0.607,-0.209,-0.235,0.091,0.874,0.930,0.357,0.230,0.754,-0.216,0.479,0.394,0.460,0.008
3303352,0.042792,201.197318458464,0.768,0.184,-0.581,-0.730,-0.607,-0.209,-0.235,0.091,0.874,0.922,0.353,0.225,0.766,-0.204,0.464,0.396,1.000,0.036
3303360,0.0471843,201.244502758142,0.768,0.184,-0.581,-0.730,-0.607,-0.209,-0.235,0.091,0.874,0.913,0.353,0.224,0.776,-0.194,0.451,0.395,1.000,0.013
3303370,0.0407793,201.285282058176,0.768,0.184,-0.581,-0.730,-0.607,-0.209,-0.235,0.091,0.874,0.910,0.348,0.223,0.783,-0.192,0.431,0.404,1.000,0.022
3303380,0.0441738,201.329455857631,0.768,0.184,-0.581,-0.730,-0.607,-0.209,-0.235,0.091,0.874,0.907,0.349,0.221,0.795,-0.194,0.403,0.410,1.000,0.015
3303388,0.0487498,201.378205658402,0.768,0.184,-0.581,-0.730,-0.607,-0.209,-0.235,0.091,0.874,0.903,0.350,0.223,0.804,-0.189,0.390,0.407,1.000,0.028
3303396,0.0461976,201.424403259065,0.768,0.184,-0.581,-0.730,-0.607,-0.209,-0.235,0.091,0.874,0.900,0.351,0.223,0.804,-0.191,0.386,0.410,1.000,0.034
3303404,0.0394743,201.463877560105,0.768,0.184,-0.581,-0.730,-0.607,-0.209,-0.235,0.091,0.874,0.901,0.352,0.226,0.806,-0.190,0.384,0.409,1.000,0.021
3303414,0.0445345,201.508412060793,0.768,0.184,-0.581,-0.730,-0.607,-0.209,-0.235,0.091,0.874,0.902,0.352,0.227,0.807,-0.190,0.380,0.411,1.000,0.013
3303424,0.0441839,201.552595959511,0.768,0.184,-0.581,-0.730,-0.607,-0.209,-0.235,0.091,0.874,0.902,0.352,0.227,0.808,-0.189,0.376,0.412,1.000,0.010
3303432,0.0451987,201.597794660833,0.768,0.184,-0.581,-0.730,-0.607,-0.209,-0.235,0.091,0.874,0.902,0.352,0.228,0.809,-0.189,0.374,0.412,1.000,0.015
3303442,0.0438744,201.641669062432,0.768,0.184,-0.581,-0.730,-0.607,-0.209,-0.235,0.091,0.874,0.903,0.353,0.227,0.810,-0.189,0.372,0.412,1.000,0.023
3303450,0.0459434,201.687612464186,0.768,0.184,-0.581,-0.730,-0.607,-0.209,-0.235,0.091,0.874,0.900,0.354,0.228,0.813,-0.187,0.368,0.410,1.000,0.035
3303458,0.041362,201.728974462952,0.768,0.184,-0.581,-0.730,-0.607,-0.209,-0.235,0.091,0.874,0.900,0.353,0.227,0.816,-0.187,0.362,0.410,1.000,0.047
3303468,0.0454852,201.77445966145,0.768,0.184,-0.581,-0.730,-0.607,-0.209,-0.235,0.091,0.874,0.899,0.352,0.226,0.817,-0.191,0.357,0.410,1.000,0.067
3303476,0.0465298,201.82098946115,0.768,0.184,-0.581,-0.730,-0.607,-0.209,-0.235,0.091,0.874,0.898,0.352,0.226,0.817,-0.192,0.356,0.410,1.000,0.078
3303486,0.0429859,201.863975362387,0.768,0.184,-0.581,-0.730,-0.607,-0.209,-0.235,0.091,0.874,0.898,0.351,0.225,0.818,-0.192,0.355,0.411,1.000,0.081
3303494,0.0445913,201.908566662576,0.768,0.184,-0.581,-0.730,-0.607,-0.209,-0.235,0.091,0.874,0.895,0.350,0.224,0.818,-0.194,0.354,0.410,1.000,0.087
3303502,0.0461213,201.954687961843,0.768,0.184,-0.581,-0.730,-0.607,-0.209,-0.235,0.091,0.874,0.894,0.349,0.225,0.816,-0.199,0.355,0.410,1.000,0.092
3303512,0.041103,201.995790963527,0.768,0.184,-0.581,-0.730,-0.607,-0.209,-0.235,0.091,0.874,0.894,0.349,0.226,0.817,-0.198,0.356,0.408,1.000,0.083
3303522,0.0459663,202.04175726464,0.768,0.184,-0.581,-0.730,-0.607,-0.209,-0.235,0.091,0.874,0.892,0.349,0.224,0.817,-0.199,0.355,0.408,1.000,0.077
3303530,0.043376,202.085133263376,0.768,0.184,-0.581,-0.730,-0.607,-0.209,-0.235,0.091,0.874,0.889,0.350,0.224,0.817,-0.201,0.356,0.407,1.000,0.099
3303540,0.0487446,202.133877863642,0.768,0.184,-0.581,-0.730,-0.607,-0.209,-0.235,0.091,0.874,0.888,0.349,0.225,0.817,-0.202,0.357,0.406,1.000,0.080
3303546,0.0438183,202.177696162369,0.768,0.184,-0.581,-0.730,-0.607,-0.209,-0.235,0.091,0.874,0.887,0.349,0.225,0.816,-0.204,0.357,0.406,1.000,0.087
3303552,0.033272,202.210968160536,0.768,0.184,-0.581,-0.730,-0.607,-0.209,-0.235,0.091,0.874,0.886,0.349,0.225,0.815,-0.204,0.360,0.405,1.000,0.097
3303560,0.0403056,202.251273760106,0.768,0.184,-0.581,-0.730,-0.607,-0.209,-0.235,0.091,0.874,0.885,0.349,0.225,0.816,-0.202,0.361,0.404,1.000,0.089
3303564,0.0258007,202.277074459475,0.768,0.184,-0.581,-0.730,-0.607,-0.209,-0.235,0.091,0.874,0.884,0.349,0.224,0.817,-0.202,0.361,0.403,1.000,0.083
3303572,0.0332752,202.310349657666,0.768,0.184,-0.581,-0.730,-0.607,-0.209,-0.235,0.091,0.874,0.881,0.350,0.224,0.817,-0.200,0.361,0.403,1.000,0.083
3303576,0.0296775,202.340027156752,0.768,0.184,-0.581,-0.730,-0.607,-0.209,-0.235,0.091,0.874,0.878,0.351,0.224,0.816,-0.200,0.362,0.403,1.000,0.085
3303586,0.0306833,202.370710456278,0.768,0.184,-0.581,-0.730,-0.607,-0.209,-0.235,0.091,0.874,0.876,0.351,0.224,0.815,-0.202,0.364,0.403,1.000,0.082
3303594,0.0534751,202.424185556825,0.768,0.184,-0.581,-0.730,-0.607,-0.209,-0.235,0.091,0.874,0.873,0.351,0.224,0.815,-0.204,0.364,0.402,1.000,0.072
3303602,0.043688,202.467873556074,0.768,0.184,-0.581,-0.730,-0.607,-0.209,-0.235,0.091,0.874,0.871,0.352,0.226,0.816,-0.203,0.366,0.399,1.000,0.066
3303610,0.0311222,202.498995756265,0.768,0.184,-0.581,-0.730,-0.607,-0.209,-0.235,0.091,0.874,0.870,0.351,0.226,0.815,-0.204,0.366,0.401,1.000,0.062
3303620,0.0355384,202.534534157719,0.768,0.184,-0.581,-0.730,-0.607,-0.209,-0.235,0.091,0.874,0.867,0.351,0.225,0.815,-0.205,0.363,0.403,1.000,0.062
3303628,0.0493557,202.583889858332,0.768,0.184,-0.581,-0.730,-0.607,-0.209,-0.235,0.091,0.874,0.865,0.350,0.224,0.816,-0.205,0.363,0.401,1.000,0.064
3303638,0.0450832,202.628973057028,0.768,0.184,-0.581,-0.730,-0.607,-0.209,-0.235,0.091,0.874,0.863,0.351,0.224,0.817,-0.204,0.363,0.399,1.000,0.074
3303646,0.0428068,202.671779857483,0.768,0.184,-0.581,-0.730,-0.607,-0.209,-0.235,0.091,0.874,0.862,0.351,0.224,0.817,-0.205,0.364,0.398,1.000,0.082
3303656,0.0412352,202.713015058544,0.768,0.184,-0.581,-0.730,-0.607,-0.209,-0.235,0.091,0.874,0.861,0.350,0.223,0.818,-0.204,0.363,0.397,1.000,0.083
3303666,0.052133,202.765148059931,0.768,0.184,-0.581,-0.730,-0.607,-0.209,-0.235,0.091,0.874,0.860,0.349,0.220,0.817,-0.206,0.361,0.399,1.000,0.090
3303674,0.0425015,202.80764956167,0.768,0.184,-0.581,-0.730,-0.607,-0.209,-0.235,0.091,0.874,0.859,0.348,0.219,0.819,-0.206,0.359,0.396,1.000,0.088
3303684,0.0452494,202.852898960467,0.768,0.184,-0.581,-0.730,-0.607,-0.209,-0.235,0.091,0.874,0.857,0.350,0.215,0.818,-0.207,0.361,0.397,1.000,0.090
3303692,0.0453424,202.898241361137,0.768,0.184,-0.581,-0.730,-0.607,-0.209,-0.235,0.091,0.874,0.859,0.349,0.217,0.820,-0.204,0.362,0.394,1.000,0.107
3303702,0.0469478,202.94518916076,0.768,0.184,-0.581,-0.730,-0.607,-0.209,-0.235,0.091,0.874,0.857,0.351,0.216,0.820,-0.202,0.364,0.394,1.000,0.111
3303712,0.0516116,202.996800759342,0.768,0.184,-0.581,-0.730,-0.607,-0.209,-0.235,0.091,0.874,0.857,0.350,0.215,0.820,-0.201,0.363,0.394,1.000,0.120
3303720,0.0442642,203.041064960416,0.768,0.184,-0.581,-0.730,-0.607,-0.209,-0.235,0.091,0.874,0.857,0.350,0.215,0.821,-0.199,0.363,0.392,1.000,0.124
3303730,0.0458752,203.086940159556,0.768,0.184,-0.581,-0.730,-0.607,-0.209,-0.235,0.091,0.874,0.858,0.351,0.216,0.822,-0.199,0.363,0.392,1.000,0.123
3303738,0.0446269,203.131567058619,0.768,0.184,-0.581,-0.730,-0.607,-0.209,-0.235,0.091,0.874,0.859,0.352,0.215,0.821,-0.197,0.364,0.393,1.000,0.124
3303748,0.042665,203.174232059624,0.768,0.184,-0.581,-0.730,-0.607,-0.209,-0.235,0.091,0.874,0.859,0.353,0.215,0.821,-0.196,0.365,0.393,1.000,0.124
3303756,0.0459719,203.220203959849,0.768,0.184,-0.581,-0.730,-0.607,-0.209,-0.235,0.091,0.874,0.859,0.353,0.215,0.820,-0.197,0.367,0.393,1.000,0.113
3303764,0.0435586,203.263762561139,0.768,0.184,-0.581,-0.730,-0.607,-0.209,-0.235,0.091,0.874,0.860,0.353,0.215,0.819,-0.197,0.369,0.394,1.000,0.109
3303774,0.0433106,203.307073162403,0.768,0.184,-0.581,-0.730,-0.607,-0.209,-0.235,0.091,0.874,0.860,0.355,0.215,0.818,-0.196,0.370,0.395,1.000,0.100
3303784,0.0480994,203.355172561016,0.768,0.184,-0.581,-0.730,-0.607,-0.209,-0.235,0.091,0.874,0.860,0.356,0.215,0.817,-0.194,0.372,0.395,1.000,0.090
3303792,0.0434256,203.398598161992,0.768,0.184,-0.581,-0.730,-0.607,-0.209,-0.235,0.091,0.874,0.861,0.356,0.215,0.815,-0.193,0.375,0.396,1.000,0.091
3303802,0.0443061,203.442904261407,0.768,0.184,-0.581,-0.730,-0.607,-0.209,-0.235,0.091,0.874,0.861,0.356,0.214,0.814,-0.194,0.375,0.398,1.000,0.097
3303808,0.044672,203.48757626256,0.768,0.184,-0.581,-0.730,-0.607,-0.209,-0.235,0.091,0.874,0.860,0.356,0.213,0.815,-0.193,0.376,0.396,1.000,0.114
3303818,0.0427206,203.530296863522,0.768,0.184,-0.581,-0.730,-0.607,-0.209,-0.235,0.091,0.874,0.860,0.355,0.214,0.815,-0.194,0.378,0.393,1.000,0.107
3303828,0.0458151,203.576111962553,0.768,0.184,-0.581,-0.730,-0.607,-0.209,-0.235,0.091,0.874,0.859,0.357,0.213,0.815,-0.193,0.381,0.391,1.000,0.092
3303836,0.0473066,203.623418563511,0.768,0.184,-0.581,-0.730,-0.607,-0.209,-0.235,0.091,0.874,0.859,0.357,0.215,0.815,-0.191,0.387,0.387,1.000,0.071
3303844,0.0416457,203.665064261761,0.768,0.184,-0.581,-0.730,-0.607,-0.209,-0.235,0.091,0.874,0.859,0.355,0.215,0.814,-0.189,0.391,0.387,1.000,0.057
3303854,0.0389081,203.703972363379,0.768,0.184,-0.581,-0.730,-0.607,-0.209,-0.235,0.091,0.874,0.861,0.355,0.213,0.812,-0.190,0.393,0.387,1.000,0.057
3303864,0.0530913,203.757063662168,0.768,0.184,-0.581,-0.730,-0.607,-0.209,-0.235,0.091,0.874,0.863,0.352,0.211,0.810,-0.192,0.395,0.389,1.000,0.054
3303872,0.0406047,203.797668361571,0.768,0.184,-0.581,-0.730,-0.607,-0.209,-0.235,0.091,0.874,0.865,0.352,0.212,0.809,-0.194,0.393,0.391,1.000,0.056
3303880,0.0449485,203.84261686122,0.768,0.184,-0.581,-0.730,-0.607,-0.209,-0.235,0.091,0.874,0.865,0.353,0.213,0.810,-0.193,0.394,0.389,1.000,0.058
3303890,0.0469688,203.889585660305,0.768,0.184,-0.581,-0.730,-0.607,-0.209,-0.235,0.091,0.874,0.865,0.355,0.212,0.811,-0.190,0.394,0.389,1.000,0.059
3303898,0.0404261,203.93001176184,0.768,0.184,-0.581,-0.730,-0.607,-0.209,-0.235,0.091,0.874,0.867,0.354,0.212,0.810,-0.191,0.394,0.390,1.000,0.054
3303908,0.0438706,203.973882363644,0.768,0.184,-0.581,-0.730,-0.607,-0.209,-0.235,0.091,0.874,0.869,0.353,0.212,0.810,-0.191,0.394,0.391,1.000,0.045
3303916,0.0479158,204.021798165049,0.768,0.184,-0.581,-0.730,-0.607,-0.209,-0.235,0.091,0.874,0.870,0.353,0.212,0.811,-0.190,0.395,0.388,1.000,0.040
3303926,0.042757,204.064555165824,0.768,0.184,-0.581,-0.730,-0.607,-0.209,-0.235,0.091,0.874,0.872,0.353,0.212,0.811,-0.188,0.395,0.388,1.000,0.021
3303934,0.0456071,204.110162266996,0.768,0.184,-0.581,-0.730,-0.607,-0.209,-0.235,0.091,0.874,0.874,0.354,0.212,0.812,-0.187,0.396,0.386,1.000,0.013
3303944,0.0422258,204.15238806745,0.768,0.184,-0.581,-0.730,-0.607,-0.209,-0.235,0.091,0.874,0.876,0.353,0.212,0.813,-0.184,0.400,0.381,1.000,0.000
3303950,0.0433224,204.195710466709,0.768,0.184,-0.581,-0.730,-0.607,-0.209,-0.235,0.091,0.874,0.879,0.352,0.209,0.813,-0.187,0.397,0.383,1.000,0.000
3303960,0.0399321,204.235642564949,0.768,0.184,-0.581,-0.730,-0.607,-0.209,-0.235,0.091,0.874,0.881,0.352,0.209,0.813,-0.188,0.393,0.387,1.000,0.000
3303970,0.0494138,204.285056365188,0.768,0.184,-0.581,-0.730,-0.607,-0.209,-0.235,0.091,0.874,0.883,0.352,0.208,0.813,-0.189,0.391,0.388,1.000,0.008
3303978,0.0460567,204.331113064196,0.768,0.184,-0.581,-0.730,-0.607,-0.209,-0.235,0.091,0.874,0.885,0.352,0.209,0.813,-0.189,0.389,0.389,1.000,0.003
3303988,0.0443753,204.375488364603,0.768,0.184,-0.581,-0.730,-0.607,-0.209,-0.235,0.091,0.874,0.885,0.352,0.207,0.814,-0.186,0.392,0.386,1.000,0.005
3303996,0.0452194,204.420707763638,0.768,0.184,-0.581,-0.730,-0.607,-0.209,-0.235,0.091,0.874,0.884,0.353,0.207,0.815,-0.186,0.392,0.385,1.000,0.003
3304006,0.0438237,204.464531464037,0.768,0.184,-0.581,-0.730,-0.607,-0.209,-0.235,0.091,0.874,0.882,0.353,0.208,0.815,-0.186,0.394,0.383,1.000,0.007
3304014,0.0448386,204.509370063897,0.768,0.184,-0.581,-0.730,-0.607,-0.209,-0.235,0.091,0.874,0.881,0.352,0.207,0.814,-0.187,0.393,0.384,1.000,0.005
3304024,0.0435085,204.552878563758,0.768,0.184,-0.581,-0.730,-0.607,-0.209,-0.235,0.091,0.874,0.880,0.351,0.205,0.812,-0.191,0.396,0.384,1.000,0.004
3304032,0.0444373,204.597315864172,0.768,0.184,-0.581,-0.730,-0.607,-0.209,-0.235,0.091,0.874,0.880,0.351,0.207,0.812,-0.190,0.397,0.383,1.000,0.000
3304040,0.0446297,204.641945564654,0.768,0.184,-0.581,-0.730,-0.607,-0.209,-0.235,0.091,0.874,0.879,0.352,0.208,0.812,-0.191,0.397,0.383,1.000,0.000
3304048,0.0424468,204.68439236423,0.768,0.184,-0.581,-0.730,-0.607,-0.209,-0.235,0.091,0.874,0.877,0.355,0.208,0.810,-0.188,0.401,0.384,1.000,0.011
3304058,0.0443824,204.728774765041,0.768,0.184,-0.581,-0.730,-0.607,-0.209,-0.235,0.091,0.874,0.876,0.356,0.207,0.807,-0.182,0.405,0.390,1.000,0.025
3304068,0.0494837,204.778258466627,0.768,0.184,-0.581,-0.730,-0.607,-0.209,-0.235,0.091,0.874,0.875,0.357,0.209,0.806,-0.173,0.410,0.391,1.000,0.080
3304076,0.0412793,204.819537767675,0.768,0.184,-0.581,-0.730,-0.607,-0.209,-0.235,0.091,0.874,0.876,0.355,0.209,0.805,-0.171,0.412,0.391,1.000,0.105
3304084,0.0429761,204.862513867673,0.768,0.184,-0.581,-0.730,-0.607,-0.209,-0.235,0.091,0.874,0.875,0.354,0.208,0.806,-0.173,0.411,0.389,1.000,0.120
3304094,0.0465986,204.909112466034,0.768,0.184,-0.581,-0.730,-0.607,-0.209,-0.235,0.091,0.874,0.875,0.352,0.208,0.805,-0.175,0.410,0.391,1.000,0.115
3304102,0.0439629,204.953075365629,0.768,0.184,-0.581,-0.730,-0.607,-0.209,-0.235,0.091,0.874,0.875,0.352,0.208,0.806,-0.175,0.410,0.390,1.000,0.110
3304112,0.0419209,204.994996265974,0.768,0.184,-0.581,-0.730,-0.607,-0.209,-0.235,0.091,0.874,0.873,0.354,0.208,0.807,-0.176,0.410,0.388,1.000,0.133
3304120,0.0480649,205.043061164673,0.768,0.184,-0.581,-0.730,-0.607,-0.209,-0.235,0.091,0.874,0.873,0.354,0.208,0.806,-0.176,0.411,0.388,1.000,0.104
3304128,0.0427562,205.08581736451,0.768,0.184,-0.581,-0.730,-0.607,-0.209,-0.235,0.091,0.874,0.873,0.351,0.208,0.807,-0.173,0.411,0.386,1.000,0.193
3304138,0.0369654,205.122782764491,0.768,0.184,-0.581,-0.730,-0.607,-0.209,-0.235,0.091,0.874,0.873,0.351,0.207,0.809,-0.174,0.409,0.385,1.000,0.093
3304146,0.0507289,205.173511662986,0.768,0.184,-0.581,-0.730,-0.607,-0.209,-0.235,0.091,0.874,0.871,0.351,0.207,0.810,-0.174,0.407,0.385,1.000,0.078
3304156,0.0441351,205.217646764126,0.768,0.184,-0.581,-0.730,-0.607,-0.209,-0.235,0.091,0.874,0.870,0.352,0.207,0.809,-0.175,0.407,0.386,1.000,0.092
3304164,0.044522,205.26216876274,0.768,0.184,-0.581,-0.730,-0.607,-0.209,-0.235,0.091,0.874,0.870,0.352,0.208,0.809,-0.176,0.407,0.386,1.000,0.096
3304172,0.0466687,205.308837463614,0.768,0.184,-0.581,-0.730,-0.607,-0.209,-0.235,0.091,0.874,0.870,0.353,0.208,0.809,-0.174,0.407,0.387,1.000,0.086
3304182,0.0419129,205.350750362035,0.768,0.184,-0.581,-0.730,-0.607,-0.209,-0.235,0.091,0.874,0.870,0.352,0.206,0.808,-0.173,0.407,0.389,1.000,0.083
3304192,0.0478828,205.398633161094,0.768,0.184,-0.581,-0.730,-0.607,-0.209,-0.235,0.091,0.874,0.869,0.350,0.205,0.808,-0.174,0.405,0.391,1.000,0.078
3304200,0.0467789,205.44541205978,0.768,0.184,-0.581,-0.730,-0.607,-0.209,-0.235,0.091,0.874,0.870,0.349,0.204,0.808,-0.174,0.404,0.391,1.000,0.077
3304210,0.0413878,205.486799859907,0.768,0.184,-0.581,-0.730,-0.607,-0.209,-0.235,0.091,0.874,0.871,0.347,0.203,0.809,-0.178,0.401,0.392,1.000,0.074
3304218,0.0440139,205.530813758727,0.768,0.184,-0.581,-0.730,-0.607,-0.209,-0.235,0.091,0.874,0.872,0.347,0.203,0.810,-0.179,0.399,0.390,1.000,0.068
3304228,0.0480793,205.578893059399,0.768,0.184,-0.581,-0.730,-0.607,-0.209,-0.235,0.091,0.874,0.871,0.348,0.203,0.810,-0.178,0.399,0.390,1.000,0.065
3304236,0.0441323,205.62302535912,0.768,0.184,-0.581,-0.730,-0.607,-0.209,-0.235,0.091,0.874,0.870,0.349,0.202,0.811,-0.176,0.400,0.389,1.000,0.058
3304246,0.0407442,205.663769559469,0.768,0.184,-0.581,-0.730,-0.607,-0.209,-0.235,0.091,0.874,0.871,0.347,0.203,0.811,-0.176,0.401,0.388,1.000,0.055
3304254,0.0465069,205.710276459809,0.768,0.184,-0.581,-0.730,-0.607,-0.209,-0.235,0.091,0.874,0.874,0.345,0.203,0.812,-0.176,0.400,0.387,1.000,0.051
3304262,0.04102,205.7512964583,0.768,0.184,-0.581,-0.730,-0.607,-0.209,-0.235,0.091,0.874,0.875,0.345,0.202,0.812,-0.176,0.400,0.387,1.000,0.059
3304272,0.0472489,205.798545358237,0.768,0.184,-0.581,-0.730,-0.607,-0.209,-0.235,0.091,0.874,0.875,0.345,0.200,0.813,-0.175,0.398,0.388,1.000,0.058
3304280,0.0466092,205.845154558774,0.768,0.184,-0.581,-0.730,-0.607,-0.209,-0.235,0.091,0.874,0.873,0.347,0.198,0.812,-0.176,0.397,0.390,1.000,0.067
3304290,0.0412929,205.886447457131,0.768,0.184,-0.581,-0.730,-0.607,-0.209,-0.235,0.091,0.874,0.872,0.348,0.199,0.812,-0.175,0.398,0.389,1.000,0.074
3304298,0.0421993,205.92864675587,0.768,0.184,-0.581,-0.730,-0.607,-0.209,-0.235,0.091,0.874,0.872,0.347,0.198,0.811,-0.174,0.400,0.389,1.000,0.069
3304308,0.0461386,205.974785355385,0.768,0.184,-0.581,-0.730,-0.607,-0.209,-0.235,0.091,0.874,0.872,0.345,0.198,0.811,-0.175,0.401,0.389,1.000,0.066
3304316,0.0456565,206.020441853907,0.768,0.184,-0.581,-0.730,-0.607,-0.209,-0.235,0.091,0.874,0.871,0.343,0.197,0.810,-0.177,0.401,0.389,1.000,0.065
3304324,0.0413369,206.061778755393,0.768,0.184,-0.581,-0.730,-0.607,-0.209,-0.235,0.091,0.874,0.871,0.343,0.198,0.811,-0.177,0.401,0.387,1.000,0.062
3304334,0.0423683,206.104147055652,0.768,0.184,-0.581,-0.730,-0.607,-0.209,-0.235,0.091,0.874,0.870,0.344,0.198,0.812,-0.175,0.402,0.385,1.000,0.056
3304342,0.0510185,206.15516555449,0.768,0.184,-0.581,-0.730,-0.607,-0.209,-0.235,0.091,0.874,0.870,0.344,0.198,0.813,-0.174,0.402,0.383,1.000,0.050
3304350,0.0415718,206.196737354156,0.768,0.184,-0.581,-0.730,-0.607,-0.209,-0.235,0.091,0.874,0.871,0.343,0.198,0.814,-0.175,0.401,0.382,1.000,0.042
3304360,0.0442105,206.240947855171,0.768,0.184,-0.581,-0.730,-0.607,-0.209,-0.235,0.091,0.874,0.872,0.343,0.199,0.814,-0.174,0.401,0.383,1.000,0.041
3304370,0.0457703,206.28671815386,0.768,0.184,-0.581,-0.730,-0.607,-0.209,-0.235,0.091,0.874,0.873,0.344,0.198,0.813,-0.167,0.401,0.388,1.000,0.049
3304378,0.0452457,206.331963853445,0.768,0.184,-0.581,-0.730,-0.607,-0.209,-0.235,0.091,0.874,0.872,0.347,0.197,0.813,-0.154,0.401,0.394,1.000,0.198
3304388,0.0484597,206.380423554685,0.768,0.184,-0.581,-0.730,-0.607,-0.209,-0.235,0.091,0.874,0.872,0.346,0.197,0.812,-0.150,0.395,0.402,1.000,0.394
3304396,0.0433985,206.423822054174,0.768,0.184,-0.581,-0.730,-0.607,-0.209,-0.235,0.091,0.874,0.872,0.344,0.198,0.813,-0.149,0.393,0.404,1.000,0.538
3304406,0.0389392,206.462761254516,0.768,0.184,-0.581,-0.730,-0.607,-0.209,-0.235,0.091,0.874,0.871,0.345,0.197,0.813,-0.149,0.391,0.405,1.000,0.628
3304414,0.0474895,206.510250756051,0.768,0.184,-0.581,-0.730,-0.607,-0.209,-0.235,0.091,0.874,0.873,0.346,0.198,0.815,-0.147,0.390,0.403,1.000,0.734
3304422,0.0439552,206.554205955472,0.768,0.184,-0.581,-0.730,-0.607,-0.209,-0.235,0.091,0.874,0.871,0.343,0.195,0.813,-0.150,0.388,0.407,1.000,0.751
3304432,0.0448718,206.59907775512,0.768,0.184,-0.581,-0.730,-0.607,-0.209,-0.235,0.091,0.874,0.871,0.342,0.195,0.813,-0.151,0.387,0.408,1.000,0.724
3304440,0.0452028,206.644280554261,0.768,0.184,-0.581,-0.730,-0.607,-0.209,-0.235,0.091,0.874,0.871,0.344,0.194,0.813,-0.154,0.384,0.409,0.918,0.656
3304450,0.0415403,206.685820852872,0.768,0.184,-0.581,-0.730,-0.607,-0.209,-0.235,0.091,0.874,0.871,0.343,0.195,0.813,-0.155,0.384,0.409,0.789,0.552
3304458,0.045573,206.731393852737,0.768,0.184,-0.581,-0.730,-0.607,-0.209,-0.235,0.091,0.874,0.871,0.343,0.195,0.813,-0.156,0.384,0.408,0.730,0.505
3304468,0.0423843,206.773778153118,0.768,0.184,-0.581,-0.730,-0.607,-0.209,-0.235,0.091,0.874,0.873,0.343,0.196,0.814,-0.155,0.385,0.406,0.711,0.489
3304476,0.0462792,206.820057352539,0.768,0.184,-0.581,-0.730,-0.607,-0.209,-0.235,0.091,0.874,0.873,0.342,0.195,0.815,-0.154,0.385,0.405,0.714,0.485
3304480,0.0449261,206.864983452018,0.768,0.184,-0.581,-0.730,-0.607,-0.209,-0.235,0.091,0.874,0.872,0.341,0.194,0.815,-0.154,0.385,0.404,0.710,0.503
3304488,0.0225111,206.887494552415,0.768,0.184,-0.581,-0.730,-0.607,-0.209,-0.235,0.091,0.874,0.871,0.339,0.193,0.816,-0.154,0.383,0.405,0.696,0.504
3304492,0.0344979,206.921992454212,0.768,0.184,-0.581,-0.730,-0.607,-0.209,-0.235,0.091,0.874,0.871,0.339,0.191,0.816,-0.155,0.382,0.405,0.703,0.515
3304500,0.029575,206.951567453798,0.768,0.184,-0.581,-0.730,-0.607,-0.209,-0.235,0.091,0.874,0.870,0.338,0.190,0.817,-0.155,0.381,0.405,0.715,0.533
3304508,0.0571013,207.008668755647,0.768,0.184,-0.581,-0.730,-0.607,-0.209,-0.235,0.091,0.874,0.869,0.337,0.190,0.818,-0.153,0.380,0.404,0.722,0.518
3304514,0.0130714,207.02174015576,0.768,0.184,-0.581,-0.730,-0.607,-0.209,-0.235,0.091,0.874,0.868,0.333,0.188,0.817,-0.155,0.380,0.405,0.708,0.514
3304524,0.0363172,207.058057355229,0.768,0.184,-0.581,-0.730,-0.607,-0.209,-0.235,0.091,0.874,0.868,0.328,0.187,0.817,-0.153,0.379,0.406,0.679,0.502
3304532,0.0549793,207.113036653493,0.768,0.184,-0.581,-0.730,-0.607,-0.209,-0.235,0.091,0.874,0.867,0.325,0.185,0.820,-0.152,0.379,0.402,0.624,0.465
3304542,0.0440229,207.157059552614,0.768,0.184,-0.581,-0.730,-0.607,-0.209,-0.235,0.091,0.874,0.865,0.324,0.184,0.821,-0.152,0.378,0.400,0.594,0.417
3304550,0.0417167,207.198776251171,0.768,0.184,-0.581,-0.730,-0.607,-0.209,-0.235,0.091,0.874,0.866,0.322,0.183,0.821,-0.152,0.378,0.400,0.567,0.379
3304558,0.0358212,207.234597450588,0.768,0.184,-0.581,-0.730,-0.607,-0.209,-0.235,0.091,0.874,0.866,0.323,0.183,0.822,-0.151,0.380,0.397,0.572,0.366
3304568,0.0420545,207.276651951019,0.768,0.184,-0.581,-0.730,-0.607,-0.209,-0.235,0.091,0.874,0.865,0.323,0.183,0.823,-0.149,0.380,0.395,0.567,0.355
3304576,0.0464313,207.323083250318,0.768,0.184,-0.581,-0.730,-0.607,-0.209,-0.235,0.091,0.874,0.865,0.322,0.182,0.822,-0.146,0.383,0.395,0.552,0.333
3304586,0.0417116,207.364794848952,0.768,0.184,-0.581,-0.730,-0.607,-0.209,-0.235,0.091,0.874,0.865,0.322,0.182,0.822,-0.142,0.384,0.396,0.512,0.279
3304594,0.0445475,207.409342347179,0.768,0.184,-0.581,-0.730,-0.607,-0.209,-0.235,0.091,0.874,0.865,0.327,0.182,0.823,-0.128,0.391,0.392,0.516,0.331
3304604,0.0463064,207.45564874867,0.768,0.184,-0.581,-0.730,-0.607,-0.209,-0.235,0.091,0.874,0.868,0.329,0.182,0.819,-0.113,0.401,0.395,0.478,0.494
3304614,0.0511665,207.506815249566,0.768,0.184,-0.581,-0.730,-0.607,-0.209,-0.235,0.091,0.874,0.866,0.331,0.180,0.812,-0.104,0.406,0.407,0.499,1.000
3304622,0.0459197,207.552734951023,0.768,0.184,-0.581,-0.730,-0.607,-0.209,-0.235,0.091,0.874,0.864,0.334,0.180,0.807,-0.098,0.410,0.414,0.511,1.000
3304632,0.0466184,207.599353349302,0.768,0.184,-0.581,-0.730,-0.607,-0.209,-0.235,0.091,0.874,0.865,0.337,0.181,0.800,-0.093,0.416,0.422,0.533,1.000
3304642,0.0416883,207.641041649971,0.768,0.184,-0.581,-0.730,-0.607,-0.209,-0.235,0.091,0.874,0.864,0.337,0.182,0.795,-0.087,0.425,0.425,0.631,1.000
3304652,0.0569218,207.697963448707,0.768,0.184,-0.581,-0.730,-0.607,-0.209,-0.235,0.091,0.874,0.865,0.337,0.181,0.791,-0.084,0.428,0.428,0.717,1.000
3304660,0.0445966,207.742560049985,0.768,0.184,-0.581,-0.730,-0.607,-0.209,-0.235,0.091,0.874,0.864,0.338,0.181,0.790,-0.082,0.430,0.429,0.746,1.000
3304670,0.0450337,207.787593750749,0.768,0.184,-0.581,-0.730,-0.607,-0.209,-0.235,0.091,0.874,0.863,0.339,0.180,0.789,-0.080,0.432,0.429,0.784,1.000
3304678,0.0438635,207.831457252149,0.768,0.184,-0.581,-0.730,-0.607,-0.209,-0.235,0.091,0.874,0.863,0.339,0.180,0.788,-0.079,0.434,0.430,0.828,1.000
3304688,0.0442055,207.875662753824,0.768,0.184,-0.581,-0.730,-0.607,-0.209,-0.235,0.091,0.874,0.864,0.338,0.180,0.787,-0.077,0.437,0.428,0.854,1.000
3304696,0.044952,207.920614755247,0.768,0.184,-0.581,-0.730,-0.607,-0.209,-0.235,0.091,0.874,0.864,0.338,0.180,0.787,-0.076,0.438,0.428,0.875,1.000
3304706,0.0444272,207.965041956399,0.768,0.184,-0.581,-0.730,-0.607,-0.209,-0.235,0.091,0.874,0.864,0.338,0.181,0.787,-0.076,0.440,0.427,0.879,1.000
3304714,0.0471493,208.012191256974,0.768,0.184,-0.581,-0.730,-0.607,-0.209,-0.235,0.091,0.874,0.865,0.339,0.181,0.786,-0.076,0.441,0.426,0.939,1.000
3304724,0.0499581,208.062149355654,0.768,0.184,-0.581,-0.730,-0.607,-0.209,-0.235,0.091,0.874,0.865,0.339,0.180,0.786,-0.076,0.442,0.426,0.937,1.000
3304732,0.0411489,208.103298256639,0.768,0.184,-0.581,-0.730,-0.607,-0.209,-0.235,0.091,0.874,0.865,0.340,0.181,0.785,-0.076,0.443,0.426,0.973,1.000
3304740,0.0381515,208.141449755523,0.768,0.184,-0.581,-0.730,-0.607,-0.209,-0.235,0.091,0.874,0.866,0.341,0.181,0.784,-0.076,0.444,0.427,0.968,1.000
3304750,0.0422346,208.183684355114,0.768,0.184,-0.581,-0.730,-0.607,-0.209,-0.235,0.091,0.874,0.866,0.342,0.181,0.784,-0.075,0.445,0.427,1.000,1.000
3304758,0.0486516,208.232335953508,0.768,0.184,-0.581,-0.730,-0.607,-0.209,-0.235,0.091,0.874,0.866,0.342,0.181,0.783,-0.073,0.447,0.426,1.000,1.000
3304768,0.0436774,208.276013354305,0.768,0.184,-0.581,-0.730,-0.607,-0.209,-0.235,0.091,0.874,0.867,0.342,0.181,0.783,-0.072,0.449,0.425,1.000,1.000
3304776,0.0435662,208.319579555187,0.768,0.184,-0.581,-0.730,-0.607,-0.209,-0.235,0.091,0.874,0.868,0.342,0.181,0.783,-0.072,0.449,0.424,1.000,1.000
3304784,0.0444923,208.364071855787,0.768,0.184,-0.581,-0.730,-0.607,-0.209,-0.235,0.091,0.874,0.868,0.343,0.180,0.782,-0.072,0.450,0.425,1.000,1.000
3304794,0.0424382,208.406510057393,0.768,0.184,-0.581,-0.730,-0.607,-0.209,-0.235,0.091,0.874,0.868,0.343,0.180,0.782,-0.072,0.451,0.425,1.000,1.000
3304802,0.0463902,208.452900255565,0.768,0.184,-0.581,-0.730,-0.607,-0.209,-0.235,0.091,0.874,0.869,0.344,0.179,0.781,-0.072,0.452,0.425,1.000,1.000
3304812,0.0445978,208.497498056386,0.768,0.184,-0.581,-0.730,-0.607,-0.209,-0.235,0.091,0.874,0.870,0.344,0.181,0.781,-0.071,0.451,0.426,1.000,1.000
3304820,0.0431764,208.540674457792,0.768,0.184,-0.581,-0.730,-0.607,-0.209,-0.235,0.091,0.874,0.871,0.344,0.181,0.781,-0.070,0.452,0.426,1.000,1.000
3304830,0.0454911,208.58616555715,0.768,0.184,-0.581,-0.730,-0.607,-0.209,-0.235,0.091,0.874,0.869,0.345,0.180,0.780,-0.070,0.453,0.425,1.000,1.000
3304838,0.046081,208.632246556226,0.768,0.184,-0.581,-0.730,-0.607,-0.209,-0.235,0.091,0.874,0.870,0.345,0.180,0.780,-0.070,0.454,0.425,1.000,1.000
3304848,0.0413253,208.673571857158,0.768,0.184,-0.581,-0.730,-0.607,-0.209,-0.235,0.091,0.874,0.871,0.345,0.181,0.780,-0.070,0.455,0.425,1.000,1.000
3304856,0.0489549,208.722526757512,0.768,0.184,-0.581,-0.730,-0.607,-0.209,-0.235,0.091,0.874,0.872,0.346,0.181,0.780,-0.069,0.455,0.425,1.000,1.000
3304866,0.0411418,208.763668558095,0.768,0.184,-0.581,-0.730,-0.607,-0.209,-0.235,0.091,0.874,0.871,0.346,0.182,0.780,-0.069,0.455,0.425,1.000,1.000
3304874,0.0465586,208.810227158014,0.768,0.184,-0.581,-0.730,-0.607,-0.209,-0.235,0.091,0.874,0.872,0.346,0.182,0.781,-0.067,0.456,0.422,1.000,1.000
3304882,0.0429091,208.853136258665,0.768,0.184,-0.581,-0.730,-0.607,-0.209,-0.235,0.091,0.874,0.870,0.346,0.181,0.781,-0.067,0.456,0.421,1.000,1.000
3304890,0.0434568,208.896593058947,0.768,0.184,-0.581,-0.730,-0.607,-0.209,-0.235,0.091,0.874,0.870,0.346,0.181,0.781,-0.067,0.456,0.421,1.000,1.000
3304900,0.0427532,208.939346259926,0.768,0.184,-0.581,-0.730,-0.607,-0.209,-0.235,0.091,0.874,0.871,0.346,0.182,0.781,-0.067,0.458,0.420,1.000,1.000
3304910,0.0441951,208.983541360591,0.768,0.184,-0.581,-0.730,-0.607,-0.209,-0.235,0.091,0.874,0.871,0.346,0.181,0.780,-0.067,0.460,0.418,1.000,1.000
3304918,0.0469183,209.03045965964,0.768,0.184,-0.581,-0.730,-0.607,-0.209,-0.235,0.091,0.874,0.869,0.341,0.180,0.781,-0.072,0.457,0.419,1.000,1.000
3304928,0.043949,209.074408660177,0.768,0.184,-0.581,-0.730,-0.607,-0.209,-0.235,0.091,0.874,0.867,0.340,0.180,0.785,-0.080,0.454,0.413,0.706,1.000
3304936,0.0466434,209.121052058879,0.768,0.184,-0.581,-0.730,-0.607,-0.209,-0.235,0.091,0.874,0.871,0.336,0.181,0.788,-0.100,0.442,0.417,0.338,0.733
3304944,0.0457679,209.166819958482,0.768,0.184,-0.581,-0.730,-0.607,-0.209,-0.235,0.091,0.874,0.871,0.335,0.179,0.788,-0.114,0.438,0.417,0.381,0.417
3304952,0.0431644,209.209984357003,0.768,0.184,-0.581,-0.730,-0.607,-0.209,-0.235,0.091,0.874,0.871,0.336,0.176,0.789,-0.121,0.429,0.422,0.389,0.133
3304962,0.043215,209.253199356142,0.768,0.184,-0.581,-0.730,-0.607,-0.209,-0.235,0.091,0.874,0.872,0.336,0.173,0.789,-0.135,0.433,0.416,0.393,0.000
3304970,0.0434713,209.296670655254,0.768,0.184,-0.581,-0.730,-0.607,-0.209,-0.235,0.091,0.874,0.868,0.337,0.179,0.787,-0.141,0.425,0.424,0.370,0.000
3304980,0.039123,209.335793653969,0.768,0.184,-0.581,-0.730,-0.607,-0.209,-0.235,0.091,0.874,0.868,0.336,0.179,0.787,-0.147,0.422,0.425,0.350,0.000
3304990,0.0483988,209.384192454163,0.768,0.184,-0.581,-0.730,-0.607,-0.209,-0.235,0.091,0.874,0.865,0.336,0.179,0.788,-0.151,0.420,0.425,0.340,0.000
3304998,0.0461662,209.430358654354,0.768,0.184,-0.581,-0.730,-0.607,-0.209,-0.235,0.091,0.874,0.867,0.339,0.180,0.788,-0.153,0.419,0.425,0.345,0.000
3305006,0.0444454,209.474804053549,0.768,0.184,-0.581,-0.730,-0.607,-0.209,-0.235,0.091,0.874,0.865,0.342,0.183,0.788,-0.155,0.420,0.422,0.324,0.000
3305016,0.0414193,209.516223354731,0.768,0.184,-0.581,-0.730,-0.607,-0.209,-0.235,0.091,0.874,0.870,0.338,0.182,0.788,-0.156,0.418,0.424,0.340,0.000
3305024,0.0470468,209.563270153943,0.768,0.184,-0.581,-0.730,-0.607,-0.209,-0.235,0.091,0.874,0.870,0.340,0.181,0.792,-0.152,0.417,0.418,0.319,0.000
3305032,0.0455754,209.608845552895,0.768,0.184,-0.581,-0.730,-0.607,-0.209,-0.235,0.091,0.874,0.869,0.340,0.181,0.790,-0.156,0.417,0.422,0.310,0.000
3305042,0.0392774,209.648122953717,0.768,0.184,-0.581,-0.730,-0.607,-0.209,-0.235,0.091,0.874,0.872,0.340,0.179,0.790,-0.156,0.417,0.422,0.305,0.000
3305052,0.0498786,209.698001554701,0.768,0.184,-0.581,-0.730,-0.607,-0.209,-0.235,0.091,0.874,0.870,0.341,0.181,0.788,-0.159,0.417,0.425,0.322,0.000
3305060,0.0474456,209.745447153691,0.768,0.184,-0.581,-0.730,-0.607,-0.209,-0.235,0.091,0.874,0.871,0.340,0.180,0.787,-0.160,0.417,0.426,0.311,0.000
3305070,0.0409996,209.786446752492,0.768,0.184,-0.581,-0.730,-0.607,-0.209,-0.235,0.091,0.874,0.871,0.340,0.180,0.787,-0.161,0.416,0.426,0.302,0.000
3305078,0.0464575,209.832904251758,0.768,0.184,-0.581,-0.730,-0.607,-0.209,-0.235,0.091,0.874,0.869,0.340,0.179,0.786,-0.164,0.415,0.428,0.281,0.000
3305088,0.0373872,209.870291451458,0.768,0.184,-0.581,-0.730,-0.607,-0.209,-0.235,0.091,0.874,0.867,0.343,0.178,0.785,-0.165,0.416,0.428,0.263,0.000
3305096,0.05042,209.920711452607,0.768,0.184,-0.581,-0.730,-0.607,-0.209,-0.235,0.091,0.874,0.870,0.342,0.179,0.784,-0.165,0.417,0.429,0.276,0.000
3305104,0.0432916,209.964003051165,0.768,0.184,-0.581,-0.730,-0.607,-0.209,-0.235,0.091,0.874,0.871,0.342,0.179,0.785,-0.164,0.417,0.428,0.282,0.000
3305114,0.0440736,210.008076651488,0.768,0.184,-0.581,-0.730,-0.607,-0.209,-0.235,0.091,0.874,0.872,0.341,0.178,0.785,-0.164,0.416,0.428,0.302,0.000
3305122,0.0445466,210.052623251919,0.768,0.184,-0.581,-0.730,-0.607,-0.209,-0.235,0.091,0.874,0.871,0.341,0.179,0.786,-0.163,0.418,0.426,0.296,0.000
3305132,0.0422802,210.094903452788,0.768,0.184,-0.581,-0.730,-0.607,-0.209,-0.235,0.091,0.874,0.870,0.340,0.177,0.785,-0.165,0.417,0.428,0.290,0.000
3305140,0.0464516,210.141355051193,0.768,0.184,-0.581,-0.730,-0.607,-0.209,-0.235,0.091,0.874,0.870,0.340,0.177,0.785,-0.167,0.417,0.426,0.275,0.000
3305150,0.0431561,210.184511149768,0.768,0.184,-0.581,-0.730,-0.607,-0.209,-0.235,0.091,0.874,0.870,0.339,0.178,0.785,-0.167,0.417,0.426,0.289,0.000
3305158,0.0491001,210.233611250762,0.768,0.184,-0.581,-0.730,-0.607,-0.209,-0.235,0.091,0.874,0.871,0.339,0.179,0.785,-0.169,0.417,0.426,0.285,0.000
3305168,0.042691,210.276302250568,0.768,0.184,-0.581,-0.730,-0.607,-0.209,-0.235,0.091,0.874,0.871,0.338,0.180,0.785,-0.169,0.416,0.426,0.280,0.000
3305176,0.0469654,210.323267652188,0.768,0.184,-0.581,-0.730,-0.607,-0.209,-0.235,0.091,0.874,0.872,0.339,0.180,0.786,-0.170,0.416,0.425,0.279,0.000
3305184,0.0394917,210.362759350333,0.768,0.184,-0.581,-0.730,-0.607,-0.209,-0.235,0.091,0.874,0.872,0.339,0.181,0.785,-0.170,0.416,0.426,0.298,0.000
3305192,0.0386784,210.401437750552,0.768,0.184,-0.581,-0.730,-0.607,-0.209,-0.235,0.091,0.874,0.873,0.337,0.182,0.785,-0.170,0.416,0.427,0.298,0.000
3305202,0.0497107,210.451148448978,0.768,0.184,-0.581,-0.730,-0.607,-0.209,-0.235,0.091,0.874,0.873,0.336,0.184,0.785,-0.171,0.416,0.426,0.306,0.000
3305210,0.0439983,210.495146750007,0.768,0.184,-0.581,-0.730,-0.607,-0.209,-0.235,0.091,0.874,0.874,0.336,0.184,0.785,-0.172,0.417,0.424,0.310,0.000
3305220,0.0431352,210.538281949703,0.768,0.184,-0.581,-0.730,-0.607,-0.209,-0.235,0.091,0.874,0.874,0.336,0.185,0.787,-0.172,0.417,0.422,0.316,0.000
3305228,0.0443044,210.582586350385,0.768,0.184,-0.581,-0.730,-0.607,-0.209,-0.235,0.091,0.874,0.874,0.335,0.187,0.788,-0.170,0.418,0.419,0.313,0.000
3305236,0.0405593,210.623145649675,0.768,0.184,-0.581,-0.730,-0.607,-0.209,-0.235,0.091,0.874,0.874,0.334,0.188,0.789,-0.169,0.418,0.418,0.327,0.000
3305246,0.0455595,210.668705149088,0.768,0.184,-0.581,-0.730,-0.607,-0.209,-0.235,0.091,0.874,0.875,0.333,0.189,0.790,-0.168,0.417,0.417,0.351,0.000
3305256,0.0485738,210.717278948519,0.768,0.184,-0.581,-0.730,-0.607,-0.209,-0.235,0.091,0.874,0.877,0.334,0.191,0.791,-0.168,0.414,0.416,0.355,0.000
3305264,0.0511292,210.768408148084,0.768,0.184,-0.581,-0.730,-0.607,-0.209,-0.235,0.091,0.874,0.877,0.334,0.195,0.793,-0.169,0.414,0.414,0.356,0.000
3305274,0.0393559,210.807764048222,0.768,0.184,-0.581,-0.730,-0.607,-0.209,-0.235,0.091,0.874,0.878,0.334,0.197,0.793,-0.167,0.417,0.412,0.377,0.000
3305282,0.0443555,210.852119548712,0.768,0.184,-0.581,-0.730,-0.607,-0.209,-0.235,0.091,0.874,0.878,0.334,0.199,0.793,-0.167,0.414,0.414,0.395,0.000
3305290,0.0449425,210.897062046919,0.768,0.184,-0.581,-0.730,-0.607,-0.209,-0.235,0.091,0.874,0.877,0.333,0.198,0.793,-0.166,0.417,0.412,0.390,0.000
3305300,0.041663,210.938725045417,0.768,0.184,-0.581,-0.730,-0.607,-0.209,-0.235,0.091,0.874,0.876,0.333,0.197,0.794,-0.164,0.419,0.409,0.372,0.000
3305310,0.0478144,210.98653944442,0.768,0.184,-0.581,-0.730,-0.607,-0.209,-0.235,0.091,0.874,0.876,0.332,0.195,0.796,-0.164,0.419,0.405,0.373,0.000
3305318,0.0455912,211.032130646054,0.768,0.184,-0.581,-0.730,-0.607,-0.209,-0.235,0.091,0.874,0.876,0.331,0.194,0.796,-0.165,0.420,0.403,0.353,0.000
3305328,0.0458265,211.077957144473,0.768,0.184,-0.581,-0.730,-0.607,-0.209,-0.235,0.091,0.874,0.877,0.329,0.193,0.796,-0.166,0.423,0.400,0.319,0.000
3305336,0.0431296,211.121086745057,0.768,0.184,-0.581,-0.730,-0.607,-0.209,-0.235,0.091,0.874,0.878,0.327,0.193,0.796,-0.166,0.426,0.397,0.300,0.000
3305344,0.0437517,211.16483844677,0.768,0.184,-0.581,-0.730,-0.607,-0.209,-0.235,0.091,0.874,0.879,0.326,0.193,0.796,-0.167,0.427,0.396,0.288,0.000
3305354,0.0449592,211.209797645453,0.768,0.184,-0.581,-0.730,-0.607,-0.209,-0.235,0.091,0.874,0.879,0.327,0.192,0.797,-0.166,0.427,0.394,0.279,0.000
3305362,0.045223,211.255020646844,0.768,0.184,-0.581,-0.730,-0.607,-0.209,-0.235,0.091,0.874,0.878,0.328,0.192,0.796,-0.171,0.427,0.394,0.262,0.000
3305372,0.045543,211.300563646946,0.768,0.184,-0.581,-0.730,-0.607,-0.209,-0.235,0.091,0.874,0.880,0.331,0.190,0.795,-0.171,0.427,0.395,0.246,0.000
3305378,0.0408392,211.341402845923,0.768,0.184,-0.581,-0.730,-0.607,-0.209,-0.235,0.091,0.874,0.880,0.333,0.191,0.794,-0.171,0.428,0.395,0.264,0.000
3305390,0.041963,211.383365845773,0.768,0.184,-0.581,-0.730,-0.607,-0.209,-0.235,0.091,0.874,0.878,0.334,0.191,0.793,-0.170,0.431,0.395,0.275,0.000
3305398,0.0470854,211.430451246444,0.768,0.184,-0.581,-0.730,-0.607,-0.209,-0.235,0.091,0.874,0.878,0.335,0.190,0.793,-0.169,0.432,0.395,0.278,0.000
3305406,0.0439843,211.474435547832,0.768,0.184,-0.581,-0.730,-0.607,-0.209,-0.235,0.091,0.874,0.877,0.334,0.189,0.793,-0.169,0.433,0.395,0.281,0.000
3305414,0.0436409,211.518076448236,0.768,0.184,-0.581,-0.730,-0.607,-0.209,-0.235,0.091,0.874,0.876,0.334,0.187,0.792,-0.168,0.433,0.396,0.304,0.000
3305424,0.0435322,211.561608648393,0.768,0.184,-0.581,-0.730,-0.607,-0.209,-0.235,0.091,0.874,0.875,0.334,0.187,0.793,-0.167,0.433,0.395,0.348,0.000
3305432,0.0400307,211.601639347617,0.768,0.184,-0.581,-0.730,-0.607,-0.209,-0.235,0.091,0.874,0.874,0.336,0.188,0.792,-0.167,0.435,0.395,0.358,0.000
3305442,0.0456315,211.64727084944,0.768,0.184,-0.581,-0.730,-0.607,-0.209,-0.235,0.091,0.874,0.874,0.337,0.188,0.790,-0.168,0.435,0.398,0.383,0.000
3305452,0.0439348,211.691205649171,0.768,0.184,-0.581,-0.730,-0.607,-0.209,-0.235,0.091,0.874,0.872,0.339,0.189,0.791,-0.164,0.435,0.398,0.391,0.000
3305460,0.0528183,211.744023947511,0.768,0.184,-0.581,-0.730,-0.607,-0.209,-0.235,0.091,0.874,0.871,0.338,0.191,0.794,-0.149,0.435,0.396,0.417,0.000
3305470,0.0461533,211.790177247021,0.768,0.184,-0.581,-0.730,-0.607,-0.209,-0.235,0.091,0.874,0.870,0.341,0.193,0.800,-0.130,0.441,0.384,0.399,0.339
3305478,0.0461461,211.836323345546,0.768,0.184,-0.581,-0.730,-0.607,-0.209,-0.235,0.091,0.874,0.870,0.344,0.192,0.800,-0.106,0.446,0.387,0.370,0.656
3305486,0.0393463,211.875669645611,0.768,0.184,-0.581,-0.730,-0.607,-0.209,-0.235,0.091,0.874,0.868,0.346,0.192,0.795,-0.092,0.451,0.395,0.534,1.000
3305496,0.0422621,211.917931745294,0.768,0.184,-0.581,-0.730,-0.607,-0.209,-0.235,0.091,0.874,0.865,0.348,0.192,0.792,-0.088,0.457,0.395,0.816,1.000
3305504,0.0457339,211.963665644173,0.768,0.184,-0.581,-0.730,-0.607,-0.209,-0.235,0.091,0.874,0.866,0.347,0.192,0.789,-0.086,0.462,0.396,0.884,1.000
3305514,0.0428632,212.006528845523,0.768,0.184,-0.581,-0.730,-0.607,-0.209,-0.235,0.091,0.874,0.866,0.347,0.192,0.788,-0.085,0.464,0.396,0.935,1.000
3305522,0.04603,212.052558845375,0.768,0.184,-0.581,-0.730,-0.607,-0.209,-0.235,0.091,0.874,0.866,0.345,0.193,0.787,-0.083,0.464,0.397,0.976,1.000
3305532,0.0423707,212.094929544721,0.768,0.184,-0.581,-0.730,-0.607,-0.209,-0.235,0.091,0.874,0.867,0.344,0.193,0.788,-0.080,0.464,0.397,0.990,1.000
3305540,0.0504201,212.145349646453,0.768,0.184,-0.581,-0.730,-0.607,-0.209,-0.235,0.091,0.874,0.867,0.343,0.193,0.788,-0.077,0.465,0.396,1.000,1.000
3305548,0.0409544,212.186304046307,0.768,0.184,-0.581,-0.730,-0.607,-0.209,-0.235,0.091,0.874,0.867,0.343,0.193,0.789,-0.075,0.465,0.394,1.000,1.000
3305558,0.046688,212.23299204791,0.768,0.184,-0.581,-0.730,-0.607,-0.209,-0.235,0.091,0.874,0.867,0.344,0.193,0.789,-0.075,0.465,0.395,1.000,1.000
3305566,0.0411131,212.274105148856,0.768,0.184,-0.581,-0.730,-0.607,-0.209,-0.235,0.091,0.874,0.867,0.344,0.193,0.789,-0.075,0.464,0.395,1.000,1.000
3305574,0.0379223,212.312027449254,0.768,0.184,-0.581,-0.730,-0.607,-0.209,-0.235,0.091,0.874,0.867,0.344,0.193,0.789,-0.075,0.464,0.396,1.000,1.000
3305584,0.0520327,212.364060150925,0.768,0.184,-0.581,-0.730,-0.607,-0.209,-0.235,0.091,0.874,0.867,0.345,0.193,0.789,-0.075,0.464,0.395,1.000,1.000
3305594,0.047102,212.411162151489,0.768,0.184,-0.581,-0.730,-0.607,-0.209,-0.235,0.091,0.874,0.868,0.344,0.194,0.790,-0.075,0.463,0.395,1.000,1.000
3305602,0.042198,212.453360150103,0.768,0.184,-0.581,-0.730,-0.607,-0.209,-0.235,0.091,0.874,0.869,0.344,0.195,0.790,-0.075,0.463,0.394,1.000,1.000
3305610,0.044066,212.497426150832,0.768,0.184,-0.581,-0.730,-0.607,-0.209,-0.235,0.091,0.874,0.870,0.345,0.196,0.790,-0.073,0.464,0.393,1.000,1.000
3305620,0.0379304,212.535356550012,0.768,0.184,-0.581,-0.730,-0.607,-0.209,-0.235,0.091,0.874,0.870,0.345,0.195,0.791,-0.072,0.463,0.393,1.000,1.000
3305628,0.0513752,212.586731749121,0.768,0.184,-0.581,-0.730,-0.607,-0.209,-0.235,0.091,0.874,0.870,0.344,0.194,0.791,-0.072,0.462,0.394,1.000,1.000
3305638,0.045044,212.631775750313,0.768,0.184,-0.581,-0.730,-0.607,-0.209,-0.235,0.091,0.874,0.870,0.340,0.193,0.791,-0.078,0.458,0.397,1.000,1.000
3305646,0.0428672,212.674642948899,0.768,0.184,-0.581,-0.730,-0.607,-0.209,-0.235,0.091,0.874,0.872,0.336,0.195,0.798,-0.093,0.452,0.388,0.551,1.000
3305656,0.0455992,212.720242148731,0.768,0.184,-0.581,-0.730,-0.607,-0.209,-0.235,0.091,0.874,0.871,0.336,0.195,0.798,-0.115,0.445,0.389,0.378,0.391
3305662,0.0436337,212.763875848148,0.768,0.184,-0.581,-0.730,-0.607,-0.209,-0.235,0.091,0.874,0.871,0.334,0.194,0.797,-0.130,0.440,0.393,0.386,0.000
3305672,0.0341392,212.798015049193,0.768,0.184,-0.581,-0.730,-0.607,-0.209,-0.235,0.091,0.874,0.871,0.333,0.193,0.794,-0.151,0.434,0.399,0.320,0.000
3305680,0.0489937,212.847008748446,0.768,0.184,-0.581,-0.730,-0.607,-0.209,-0.235,0.091,0.874,0.870,0.334,0.194,0.792,-0.163,0.434,0.397,0.275,0.000
3305690,0.0382172,212.885225950275,0.768,0.184,-0.581,-0.730,-0.607,-0.209,-0.235,0.091,0.874,0.870,0.331,0.193,0.790,-0.173,0.435,0.396,0.270,0.000
3305698,0.0489334,212.934159351978,0.768,0.184,-0.581,-0.730,-0.607,-0.209,-0.235,0.091,0.874,0.869,0.332,0.194,0.790,-0.183,0.432,0.396,0.258,0.000
3305708,0.0420713,212.976230653469,0.768,0.184,-0.581,-0.730,-0.607,-0.209,-0.235,0.091,0.874,0.869,0.332,0.195,0.790,-0.186,0.432,0.394,0.271,0.000
3305716,0.0459157,213.022146353964,0.768,0.184,-0.581,-0.730,-0.607,-0.209,-0.235,0.091,0.874,0.869,0.332,0.195,0.789,-0.189,0.431,0.395,0.301,0.000
3305724,0.0429483,213.06509465212,0.768,0.184,-0.581,-0.730,-0.607,-0.209,-0.235,0.091,0.874,0.871,0.333,0.195,0.788,-0.192,0.428,0.397,0.295,0.000
3305734,0.0429148,213.108009452466,0.768,0.184,-0.581,-0.730,-0.607,-0.209,-0.235,0.091,0.874,0.871,0.333,0.195,0.787,-0.195,0.427,0.399,0.351,0.000
3305744,0.0543179,213.162327351514,0.768,0.184,-0.581,-0.730,-0.607,-0.209,-0.235,0.091,0.874,0.871,0.336,0.197,0.787,-0.195,0.427,0.399,0.361,0.000
3305754,0.047228,213.209555352572,0.768,0.184,-0.581,-0.730,-0.607,-0.209,-0.235,0.091,0.874,0.870,0.337,0.197,0.788,-0.193,0.429,0.398,0.426,0.000
3305762,0.04283,213.252385354135,0.768,0.184,-0.581,-0.730,-0.607,-0.209,-0.235,0.091,0.874,0.871,0.335,0.197,0.787,-0.193,0.429,0.399,0.459,0.000
3305772,0.0478586,213.300243953709,0.768,0.184,-0.581,-0.730,-0.607,-0.209,-0.235,0.091,0.874,0.873,0.333,0.196,0.787,-0.195,0.427,0.399,0.440,0.000
3305780,0.0411574,213.341401352081,0.768,0.184,-0.581,-0.730,-0.607,-0.209,-0.235,0.091,0.874,0.874,0.333,0.196,0.789,-0.195,0.426,0.398,0.428,0.000
3305790,0.0453461,213.386747451965,0.768,0.184,-0.581,-0.730,-0.607,-0.209,-0.235,0.091,0.874,0.872,0.336,0.196,0.790,-0.193,0.426,0.396,0.429,0.000
3305798,0.0461796,213.432927052025,0.768,0.184,-0.581,-0.730,-0.607,-0.209,-0.235,0.091,0.874,0.871,0.335,0.195,0.790,-0.192,0.428,0.394,0.431,0.000
3305806,0.0446987,213.477625752334,0.768,0.184,-0.581,-0.730,-0.607,-0.209,-0.235,0.091,0.874,0.873,0.334,0.194,0.784,-0.198,0.429,0.402,0.415,0.000
3305816,0.0418539,213.519479653332,0.768,0.184,-0.581,-0.730,-0.607,-0.209,-0.235,0.091,0.874,0.874,0.331,0.195,0.787,-0.196,0.429,0.398,0.383,0.000
3305824,0.0448041,213.56428375328,0.768,0.184,-0.581,-0.730,-0.607,-0.209,-0.235,0.091,0.874,0.875,0.331,0.196,0.787,-0.196,0.430,0.397,0.364,0.000
3305828,0.046114,213.610397754703,0.768,0.184,-0.581,-0.730,-0.607,-0.209,-0.235,0.091,0.874,0.876,0.332,0.196,0.788,-0.196,0.429,0.396,0.359,0.000
3305836,0.01512,213.62551775435,0.768,0.184,-0.581,-0.730,-0.607,-0.209,-0.235,0.091,0.874,0.876,0.331,0.196,0.788,-0.197,0.429,0.396,0.351,0.000
3305848,0.0585267,213.68404445285,0.768,0.184,-0.581,-0.730,-0.607,-0.209,-0.235,0.091,0.874,0.877,0.332,0.195,0.789,-0.198,0.429,0.393,0.327,0.000
3305854,0.0406485,213.724692954216,0.768,0.184,-0.581,-0.730,-0.607,-0.209,-0.235,0.091,0.874,0.877,0.334,0.195,0.789,-0.197,0.430,0.391,0.312,0.000
3305864,0.0428891,213.767582053784,0.768,0.184,-0.581,-0.730,-0.607,-0.209,-0.235,0.091,0.874,0.878,0.334,0.195,0.790,-0.197,0.430,0.390,0.322,0.000
3305872,0.0428914,213.810473455582,0.768,0.184,-0.581,-0.730,-0.607,-0.209,-0.235,0.091,0.874,0.879,0.334,0.195,0.790,-0.197,0.430,0.391,0.298,0.000
3305880,0.0365181,213.846991556231,0.768,0.184,-0.581,-0.730,-0.607,-0.209,-0.235,0.091,0.874,0.879,0.333,0.195,0.788,-0.199,0.430,0.392,0.269,0.000
3305888,0.0397857,213.886777258012,0.768,0.184,-0.581,-0.730,-0.607,-0.209,-0.235,0.091,0.874,0.881,0.334,0.196,0.788,-0.200,0.431,0.392,0.265,0.000
3305896,0.0401102,213.926887458656,0.768,0.184,-0.581,-0.730,-0.607,-0.209,-0.235,0.091,0.874,0.881,0.334,0.197,0.788,-0.200,0.432,0.392,0.274,0.000
3305906,0.0461629,213.97305035824,0.768,0.184,-0.581,-0.730,-0.607,-0.209,-0.235,0.091,0.874,0.881,0.335,0.198,0.788,-0.199,0.432,0.392,0.306,0.000
3305914,0.0445538,214.017604159657,0.768,0.184,-0.581,-0.730,-0.607,-0.209,-0.235,0.091,0.874,0.880,0.335,0.197,0.787,-0.198,0.433,0.392,0.297,0.000
3305924,0.0450623,214.062666459475,0.768,0.184,-0.581,-0.730,-0.607,-0.209,-0.235,0.091,0.874,0.880,0.335,0.197,0.787,-0.199,0.433,0.392,0.264,0.000
3305934,0.0445762,214.107242661063,0.768,0.184,-0.581,-0.730,-0.607,-0.209,-0.235,0.091,0.874,0.879,0.336,0.198,0.786,-0.199,0.434,0.392,0.272,0.000
3305942,0.0459129,214.15315556014,0.768,0.184,-0.581,-0.730,-0.607,-0.209,-0.235,0.091,0.874,0.880,0.334,0.199,0.784,-0.202,0.434,0.394,0.269,0.000
3305950,0.0441584,214.197313959245,0.768,0.184,-0.581,-0.730,-0.607,-0.209,-0.235,0.091,0.874,0.881,0.335,0.201,0.786,-0.203,0.434,0.391,0.267,0.000
3305960,0.0467515,214.244065458421,0.768,0.184,-0.581,-0.730,-0.607,-0.209,-0.235,0.091,0.874,0.879,0.336,0.198,0.785,-0.204,0.436,0.391,0.312,0.000
3305972,0.0498405,214.293905957136,0.768,0.184,-0.581,-0.730,-0.607,-0.209,-0.235,0.091,0.874,0.880,0.334,0.198,0.784,-0.205,0.436,0.391,0.372,0.000
3305980,0.0512795,214.345185457263,0.768,0.184,-0.581,-0.730,-0.607,-0.209,-0.235,0.091,0.874,0.880,0.334,0.198,0.783,-0.207,0.435,0.394,0.449,0.000
3305988,0.0428391,214.388024555985,0.768,0.184,-0.581,-0.730,-0.607,-0.209,-0.235,0.091,0.874,0.879,0.334,0.198,0.781,-0.210,0.436,0.394,0.494,0.000
3305998,0.0455537,214.433578255121,0.768,0.184,-0.581,-0.730,-0.607,-0.209,-0.235,0.091,0.874,0.881,0.335,0.199,0.780,-0.212,0.436,0.395,0.587,0.000
3306008,0.0447921,214.478370355908,0.768,0.184,-0.581,-0.730,-0.607,-0.209,-0.235,0.091,0.874,0.881,0.336,0.199,0.779,-0.212,0.436,0.397,0.746,0.000
3306014,0.0452198,214.523590157274,0.768,0.184,-0.581,-0.730,-0.607,-0.209,-0.235,0.091,0.874,0.881,0.336,0.199,0.779,-0.211,0.437,0.397,0.709,0.000
3306022,0.0338023,214.557392457966,0.768,0.184,-0.581,-0.730,-0.607,-0.209,-0.235,0.091,0.874,0.881,0.337,0.199,0.778,-0.209,0.439,0.398,0.667,0.000
3306032,0.0380115,214.595403956715,0.768,0.184,-0.581,-0.730,-0.607,-0.209,-0.235,0.091,0.874,0.882,0.339,0.201,0.774,-0.201,0.450,0.398,0.584,0.000
3306040,0.0466539,214.642057857011,0.768,0.184,-0.581,-0.730,-0.607,-0.209,-0.235,0.091,0.874,0.887,0.337,0.200,0.772,-0.201,0.451,0.400,0.435,0.000
3306050,0.0455112,214.687569058035,0.768,0.184,-0.581,-0.730,-0.607,-0.209,-0.235,0.091,0.874,0.890,0.338,0.200,0.775,-0.199,0.449,0.397,0.532,0.000
3306058,0.0451262,214.732695257757,0.768,0.184,-0.581,-0.730,-0.607,-0.209,-0.235,0.091,0.874,0.891,0.340,0.202,0.777,-0.196,0.450,0.394,0.559,0.000
3306066,0.040843,214.77353825653,0.768,0.184,-0.581,-0.730,-0.607,-0.209,-0.235,0.091,0.874,0.893,0.340,0.203,0.780,-0.190,0.453,0.388,0.299,0.000
3306076,0.048853,214.822391255293,0.768,0.184,-0.581,-0.730,-0.607,-0.209,-0.235,0.091,0.874,0.895,0.339,0.203,0.781,-0.189,0.453,0.386,0.267,0.000
3306084,0.0407803,214.863171553705,0.768,0.184,-0.581,-0.730,-0.607,-0.209,-0.235,0.091,0.874,0.897,0.341,0.203,0.784,-0.182,0.456,0.380,0.284,0.000
3306094,0.049657,214.912828552071,0.768,0.184,-0.581,-0.730,-0.607,-0.209,-0.235,0.091,0.874,0.897,0.342,0.205,0.788,-0.166,0.464,0.369,0.296,0.002
3306104,0.042221,214.955049550626,0.768,0.184,-0.581,-0.730,-0.607,-0.209,-0.235,0.091,0.874,0.897,0.344,0.204,0.790,-0.151,0.470,0.364,0.393,0.106
3306114,0.0567692,215.011818750296,0.768,0.184,-0.581,-0.730,-0.607,-0.209,-0.235,0.091,0.874,0.897,0.343,0.205,0.791,-0.142,0.473,0.361,0.432,0.165
3306122,0.0421958,215.054014550988,0.768,0.184,-0.581,-0.730,-0.607,-0.209,-0.235,0.091,0.874,0.898,0.343,0.206,0.792,-0.137,0.475,0.358,0.450,0.205
3306132,0.0458936,215.099908149336,0.768,0.184,-0.581,-0.730,-0.607,-0.209,-0.235,0.091,0.874,0.898,0.343,0.206,0.792,-0.135,0.477,0.355,0.452,0.258
3306140,0.0425401,215.142448248807,0.768,0.184,-0.581,-0.730,-0.607,-0.209,-0.235,0.091,0.874,0.901,0.342,0.206,0.794,-0.133,0.476,0.354,0.444,0.266
3306150,0.0462477,215.188695947174,0.768,0.184,-0.581,-0.730,-0.607,-0.209,-0.235,0.091,0.874,0.903,0.342,0.205,0.795,-0.134,0.475,0.354,0.445,0.281
3306158,0.0436798,215.232375747059,0.768,0.184,-0.581,-0.730,-0.607,-0.209,-0.235,0.091,0.874,0.903,0.343,0.205,0.794,-0.136,0.475,0.354,0.458,0.300
3306168,0.0444439,215.276819648687,0.768,0.184,-0.581,-0.730,-0.607,-0.209,-0.235,0.091,0.874,0.904,0.343,0.205,0.792,-0.140,0.475,0.357,0.456,0.291
3306174,0.0457582,215.322577847634,0.768,0.184,-0.581,-0.730,-0.607,-0.209,-0.235,0.091,0.874,0.906,0.343,0.205,0.791,-0.141,0.476,0.359,0.461,0.282
3306184,0.0364032,215.358981049154,0.768,0.184,-0.581,-0.730,-0.607,-0.209,-0.235,0.091,0.874,0.906,0.343,0.206,0.789,-0.142,0.476,0.361,0.467,0.275
3306192,0.0417523,215.40073335031,0.768,0.184,-0.581,-0.730,-0.607,-0.209,-0.235,0.091,0.874,0.906,0.344,0.206,0.789,-0.143,0.477,0.360,0.469,0.243
3306200,0.0487465,215.449479850475,0.768,0.184,-0.581,-0.730,-0.607,-0.209,-0.235,0.091,0.874,0.906,0.344,0.208,0.789,-0.143,0.476,0.361,0.442,0.213
3306210,0.0442042,215.493684052024,0.768,0.184,-0.581,-0.730,-0.607,-0.209,-0.235,0.091,0.874,0.906,0.345,0.210,0.787,-0.143,0.478,0.364,0.433,0.177
3306218,0.0485597,215.542243751232,0.768,0.184,-0.581,-0.730,-0.607,-0.209,-0.235,0.091,0.874,0.906,0.345,0.210,0.785,-0.143,0.480,0.365,0.429,0.162
3306228,0.0424824,215.584726149682,0.768,0.184,-0.581,-0.730,-0.607,-0.209,-0.235,0.091,0.874,0.908,0.346,0.212,0.783,-0.144,0.481,0.367,0.423,0.153
3306236,0.0421113,215.626837449614,0.768,0.184,-0.581,-0.730,-0.607,-0.209,-0.235,0.091,0.874,0.908,0.346,0.212,0.783,-0.142,0.483,0.366,0.426,0.144
3306246,0.0404883,215.667325748596,0.768,0.184,-0.581,-0.730,-0.607,-0.209,-0.235,0.091,0.874,0.908,0.347,0.212,0.784,-0.139,0.482,0.366,0.446,0.138
3306256,0.045924,215.713249749038,0.768,0.184,-0.581,-0.730,-0.607,-0.209,-0.235,0.091,0.874,0.906,0.349,0.213,0.783,-0.138,0.482,0.368,0.488,0.158
3306264,0.049791,215.763040749822,0.768,0.184,-0.581,-0.730,-0.607,-0.209,-0.235,0.091,0.874,0.907,0.352,0.215,0.784,-0.129,0.483,0.369,0.564,0.283
3306274,0.0464601,215.80950084934,0.768,0.184,-0.581,-0.730,-0.607,-0.209,-0.235,0.091,0.874,0.907,0.356,0.216,0.782,-0.115,0.487,0.371,0.827,0.806
3306282,0.0434638,215.852964649443,0.768,0.184,-0.581,-0.730,-0.607,-0.209,-0.235,0.091,0.874,0.908,0.358,0.211,0.779,-0.100,0.495,0.371,1.000,1.000
3306292,0.0422771,215.89524175087,0.768,0.184,-0.581,-0.730,-0.607,-0.209,-0.235,0.091,0.874,0.910,0.358,0.207,0.778,-0.092,0.498,0.372,1.000,1.000
3306300,0.0491613,215.944403050933,0.768,0.184,-0.581,-0.730,-0.607,-0.209,-0.235,0.091,0.874,0.916,0.356,0.206,0.778,-0.087,0.498,0.373,1.000,1.000
3306308,0.0423058,215.986708851997,0.768,0.184,-0.581,-0.730,-0.607,-0.209,-0.235,0.091,0.874,0.919,0.355,0.205,0.778,-0.085,0.497,0.376,1.000,1.000
3306318,0.0451248,216.03183365101,0.768,0.184,-0.581,-0.730,-0.607,-0.209,-0.235,0.091,0.874,0.922,0.354,0.204,0.777,-0.084,0.497,0.376,1.000,1.000
3306326,0.0460981,216.077931749169,0.768,0.184,-0.581,-0.730,-0.607,-0.209,-0.235,0.091,0.874,0.925,0.355,0.203,0.777,-0.084,0.496,0.378,1.000,1.000
3306336,0.0414279,216.119359648321,0.768,0.184,-0.581,-0.730,-0.607,-0.209,-0.235,0.091,0.874,0.926,0.355,0.203,0.778,-0.084,0.493,0.381,1.000,1.000
3306344,0.0463919,216.16575154895,0.768,0.184,-0.581,-0.730,-0.607,-0.209,-0.235,0.091,0.874,0.928,0.356,0.203,0.778,-0.084,0.491,0.383,1.000,1.000
3306354,0.042414,216.208165547345,0.768,0.184,-0.581,-0.730,-0.607,-0.209,-0.235,0.091,0.874,0.927,0.356,0.202,0.778,-0.085,0.488,0.385,1.000,1.000
3306362,0.0458914,216.254056947771,0.768,0.184,-0.581,-0.730,-0.607,-0.209,-0.235,0.091,0.874,0.927,0.356,0.201,0.779,-0.085,0.486,0.387,1.000,1.000
3306370,0.0405263,216.29458324844,0.768,0.184,-0.581,-0.730,-0.607,-0.209,-0.235,0.091,0.874,0.927,0.356,0.200,0.779,-0.084,0.484,0.390,1.000,1.000
3306378,0.0464328,216.341016049031,0.768,0.184,-0.581,-0.730,-0.607,-0.209,-0.235,0.091,0.874,0.926,0.356,0.200,0.778,-0.087,0.482,0.393,1.000,1.000
3306388,0.0345154,216.375531448517,0.768,0.184,-0.581,-0.730,-0.607,-0.209,-0.235,0.091,0.874,0.927,0.357,0.199,0.777,-0.089,0.479,0.399,1.000,1.000
3306396,0.0534484,216.428979849909,0.768,0.184,-0.581,-0.730,-0.607,-0.209,-0.235,0.091,0.874,0.930,0.359,0.197,0.776,-0.094,0.472,0.408,1.000,1.000
3306406,0.0427229,216.471702749375,0.768,0.184,-0.581,-0.730,-0.607,-0.209,-0.235,0.091,0.874,0.934,0.370,0.192,0.774,-0.091,0.468,0.418,1.000,1.000
3306414,0.0426319,216.514334651176,0.768,0.184,-0.581,-0.730,-0.607,-0.209,-0.235,0.091,0.874,0.941,0.377,0.186,0.771,-0.078,0.468,0.424,1.000,1.000
3306422,0.0455378,216.559872450773,0.768,0.184,-0.581,-0.730,-0.607,-0.209,-0.235,0.091,0.874,0.954,0.382,0.180,0.771,-0.064,0.468,0.428,1.000,1.000
3306432,0.0445425,216.604414949659,0.768,0.184,-0.581,-0.730,-0.607,-0.209,-0.235,0.091,0.874,0.973,0.384,0.172,0.769,-0.052,0.465,0.435,1.000,1.000
3306442,0.046663,216.651077950839,0.768,0.184,-0.581,-0.730,-0.607,-0.209,-0.235,0.091,0.874,0.991,0.386,0.168,0.771,-0.040,0.465,0.434,1.000,1.000
3306452,0.0453014,216.696379350964,0.768,0.184,-0.581,-0.730,-0.607,-0.209,-0.235,0.091,0.874,1.009,0.390,0.166,0.776,-0.028,0.461,0.430,1.000,1.000
3306460,0.0495585,216.745937852655,0.768,0.184,-0.581,-0.730,-0.607,-0.209,-0.235,0.091,0.874,1.023,0.392,0.161,0.781,-0.015,0.452,0.431,1.000,1.000
3306470,0.0417575,216.787695354316,0.768,0.184,-0.581,-0.730,-0.607,-0.209,-0.235,0.091,0.874,1.033,0.399,0.160,0.785,-0.017,0.437,0.438,1.000,1.000
3306478,0.0445648,216.832260152791,0.768,0.184,-0.581,-0.730,-0.607,-0.209,-0.235,0.091,0.874,1.038,0.401,0.158,0.792,-0.017,0.430,0.434,1.000,1.000
3306486,0.0453777,216.877637854312,0.768,0.184,-0.581,-0.730,-0.607,-0.209,-0.235,0.091,0.874,1.045,0.398,0.155,0.798,-0.031,0.419,0.432,0.538,0.921
3306496,0.0440197,216.921657553408,0.768,0.184,-0.581,-0.730,-0.607,-0.209,-0.235,0.091,0.874,1.044,0.403,0.153,0.803,-0.031,0.414,0.427,0.410,0.717
3306504,0.0438946,216.965552153531,0.768,0.184,-0.581,-0.730,-0.607,-0.209,-0.235,0.091,0.874,1.042,0.403,0.152,0.808,-0.028,0.410,0.422,0.422,0.634
3306514,0.0450528,217.010604953859,0.768,0.184,-0.581,-0.730,-0.607,-0.209,-0.235,0.091,0.874,1.043,0.403,0.150,0.810,-0.029,0.408,0.420,0.444,0.573
3306522,0.0448258,217.055430753622,0.768,0.184,-0.581,-0.730,-0.607,-0.209,-0.235,0.091,0.874,1.041,0.403,0.148,0.810,-0.034,0.405,0.422,0.489,0.544
3306530,0.043337,217.098767752294,0.768,0.184,-0.581,-0.730,-0.607,-0.209,-0.235,0.091,0.874,1.038,0.403,0.148,0.811,-0.035,0.405,0.420,0.489,0.556
3306540,0.0417173,217.140485050622,0.768,0.184,-0.581,-0.730,-0.607,-0.209,-0.235,0.091,0.874,1.035,0.403,0.149,0.812,-0.032,0.406,0.417,0.512,0.636
3306548,0.0478817,217.188366750721,0.768,0.184,-0.581,-0.730,-0.607,-0.209,-0.235,0.091,0.874,1.035,0.402,0.150,0.816,-0.012,0.417,0.401,0.758,0.977
3306558,0.0435411,217.231907850597,0.768,0.184,-0.581,-0.730,-0.607,-0.209,-0.235,0.091,0.874,1.034,0.400,0.149,0.817,-0.001,0.426,0.387,1.000,1.000
3306566,0.0437303,217.275638150517,0.768,0.184,-0.581,-0.730,-0.607,-0.209,-0.235,0.091,0.874,1.036,0.397,0.149,0.815,-0.002,0.432,0.385,1.000,1.000
3306576,0.0465682,217.322206350509,0.768,0.184,-0.581,-0.730,-0.607,-0.209,-0.235,0.091,0.874,1.036,0.397,0.150,0.814,-0.004,0.437,0.384,1.000,1.000
3306582,0.0410728,217.363279151265,0.768,0.184,-0.581,-0.730,-0.607,-0.209,-0.235,0.091,0.874,1.034,0.395,0.150,0.814,-0.002,0.439,0.381,1.000,0.986
3306588,0.0436012,217.406880351249,0.768,0.184,-0.581,-0.730,-0.607,-0.209,-0.235,0.091,0.874,1.030,0.393,0.150,0.816,-0.003,0.440,0.376,1.000,0.963
3306596,0.0273354,217.434215751011,0.768,0.184,-0.581,-0.730,-0.607,-0.209,-0.235,0.091,0.874,1.029,0.388,0.152,0.815,-0.014,0.440,0.377,1.000,1.000
3306600,0.027143,217.461358750705,0.768,0.184,-0.581,-0.730,-0.607,-0.209,-0.235,0.091,0.874,1.026,0.387,0.153,0.813,-0.020,0.440,0.381,1.000,1.000
3306608,0.0387034,217.500062151346,0.768,0.184,-0.581,-0.730,-0.607,-0.209,-0.235,0.091,0.874,1.024,0.386,0.155,0.812,-0.023,0.441,0.383,1.000,1.000
3306618,0.0520879,217.552150050644,0.768,0.184,-0.581,-0.730,-0.607,-0.209,-0.235,0.091,0.874,1.019,0.385,0.159,0.809,-0.031,0.443,0.386,1.000,1.000
3306624,0.0384911,217.590641150717,0.768,0.184,-0.581,-0.730,-0.607,-0.209,-0.235,0.091,0.874,1.014,0.385,0.164,0.806,-0.040,0.452,0.381,1.000,1.000
3306630,0.0145696,217.605210750829,0.768,0.184,-0.581,-0.730,-0.607,-0.209,-0.235,0.091,0.874,1.011,0.385,0.167,0.805,-0.046,0.461,0.370,1.000,1.000
3306640,0.0463088,217.651519551408,0.768,0.184,-0.581,-0.730,-0.607,-0.209,-0.235,0.091,0.874,1.005,0.383,0.171,0.806,-0.053,0.467,0.360,1.000,1.000
3306650,0.0465476,217.698067150544,0.768,0.184,-0.581,-0.730,-0.607,-0.209,-0.235,0.091,0.874,1.000,0.382,0.173,0.807,-0.069,0.472,0.349,1.000,1.000
3306658,0.04636,217.744427151512,0.768,0.184,-0.581,-0.730,-0.607,-0.209,-0.235,0.091,0.874,0.997,0.381,0.173,0.810,-0.085,0.470,0.341,1.000,1.000
3306668,0.0403845,217.784811652731,0.768,0.184,-0.581,-0.730,-0.607,-0.209,-0.235,0.091,0.874,0.993,0.375,0.172,0.808,-0.120,0.458,0.350,0.651,1.000
3306674,0.038786,217.823597654235,0.768,0.184,-0.581,-0.730,-0.607,-0.209,-0.235,0.091,0.874,0.988,0.373,0.174,0.809,-0.138,0.452,0.349,0.581,1.000
3306682,0.0336876,217.857285253238,0.768,0.184,-0.581,-0.730,-0.607,-0.209,-0.235,0.091,0.874,0.985,0.375,0.175,0.809,-0.144,0.449,0.350,0.505,0.950
3306692,0.0491718,217.906457054894,0.768,0.184,-0.581,-0.730,-0.607,-0.209,-0.235,0.091,0.874,0.975,0.377,0.172,0.813,-0.150,0.441,0.349,0.505,0.850
3306702,0.0471201,217.953577156644,0.768,0.184,-0.581,-0.730,-0.607,-0.209,-0.235,0.091,0.874,0.964,0.380,0.166,0.821,-0.151,0.423,0.352,0.518,0.702
3306712,0.0434548,217.997031956445,0.768,0.184,-0.581,-0.730,-0.607,-0.209,-0.235,0.091,0.874,0.954,0.384,0.165,0.835,-0.142,0.391,0.360,0.584,0.572
3306720,0.0475148,218.044546756428,0.768,0.184,-0.581,-0.730,-0.607,-0.209,-0.235,0.091,0.874,0.945,0.384,0.158,0.848,-0.118,0.370,0.360,0.570,0.462
3306730,0.0446537,218.08920045523,0.768,0.184,-0.581,-0.730,-0.607,-0.209,-0.235,0.091,0.874,0.933,0.385,0.157,0.857,-0.105,0.332,0.380,0.293,0.160
3306738,0.0473466,218.13654705463,0.768,0.184,-0.581,-0.730,-0.607,-0.209,-0.235,0.091,0.874,0.928,0.384,0.147,0.853,-0.111,0.303,0.410,0.248,0.150
3306748,0.0475265,218.184073555749,0.768,0.184,-0.581,-0.730,-0.607,-0.209,-0.235,0.091,0.874,0.918,0.385,0.142,0.849,-0.119,0.268,0.440,0.194,0.371
3306758,0.0473674,218.23144095717,0.768,0.184,-0.581,-0.730,-0.607,-0.209,-0.235,0.091,0.874,0.909,0.384,0.138,0.848,-0.118,0.259,0.448,0.161,0.411
3306768,0.0520269,218.283467858564,0.768,0.184,-0.581,-0.730,-0.607,-0.209,-0.235,0.091,0.874,0.904,0.382,0.134,0.843,-0.122,0.255,0.457,0.136,0.435
3306778,0.0471295,218.330597359221,0.768,0.184,-0.581,-0.730,-0.607,-0.209,-0.235,0.091,0.874,0.903,0.378,0.129,0.837,-0.127,0.255,0.467,0.190,0.401
3306786,0.0459746,218.376571960282,0.768,0.184,-0.581,-0.730,-0.607,-0.209,-0.235,0.091,0.874,0.900,0.379,0.125,0.835,-0.129,0.258,0.468,0.207,0.415
3306796,0.0432884,218.419860358816,0.768,0.184,-0.581,-0.730,-0.607,-0.209,-0.235,0.091,0.874,0.899,0.378,0.117,0.833,-0.133,0.253,0.474,0.220,0.413
3306804,0.0457512,218.465611557942,0.768,0.184,-0.581,-0.730,-0.607,-0.209,-0.235,0.091,0.874,0.898,0.378,0.112,0.833,-0.132,0.252,0.475,0.233,0.381
3306814,0.0438051,218.509416657966,0.768,0.184,-0.581,-0.730,-0.607,-0.209,-0.235,0.091,0.874,0.897,0.376,0.111,0.834,-0.127,0.260,0.469,0.267,0.364
3306822,0.0423765,218.551793157589,0.768,0.184,-0.581,-0.730,-0.607,-0.209,-0.235,0.091,0.874,0.899,0.374,0.106,0.834,-0.127,0.262,0.469,0.296,0.307
3306832,0.0448509,218.596644058358,0.768,0.184,-0.581,-0.730,-0.607,-0.209,-0.235,0.091,0.874,0.901,0.376,0.099,0.833,-0.127,0.263,0.469,0.282,0.280
3306840,0.047645,218.644289057236,0.768,0.184,-0.581,-0.730,-0.607,-0.209,-0.235,0.091,0.874,0.901,0.378,0.094,0.834,-0.125,0.261,0.470,0.268,0.268
3306848,0.0441302,218.688419255894,0.768,0.184,-0.581,-0.730,-0.607,-0.209,-0.235,0.091,0.874,0.901,0.377,0.089,0.834,-0.125,0.255,0.473,0.263,0.261
3306858,0.0451512,218.733570456039,0.768,0.184,-0.581,-0.730,-0.607,-0.209,-0.235,0.091,0.874,0.902,0.378,0.087,0.834,-0.124,0.251,0.475,0.239,0.268
3306866,0.048243,218.781813457143,0.768,0.184,-0.581,-0.730,-0.607,-0.209,-0.235,0.091,0.874,0.902,0.378,0.085,0.835,-0.123,0.243,0.479,0.205,0.241
3306872,0.034544,218.816357455682,0.768,0.184,-0.581,-0.730,-0.607,-0.209,-0.235,0.091,0.874,0.899,0.378,0.086,0.835,-0.121,0.236,0.482,0.178,0.252
3306882,0.0382322,218.85458965553,0.768,0.184,-0.581,-0.730,-0.607,-0.209,-0.235,0.091,0.874,0.891,0.384,0.090,0.833,-0.121,0.233,0.488,0.173,0.235
3306892,0.04604,218.900629654061,0.768,0.184,-0.581,-0.730,-0.607,-0.209,-0.235,0.091,0.874,0.882,0.387,0.101,0.826,-0.124,0.239,0.495,0.174,0.196
3306900,0.044447,218.945076655131,0.768,0.184,-0.581,-0.730,-0.607,-0.209,-0.235,0.091,0.874,0.870,0.389,0.111,0.822,-0.128,0.251,0.495,0.201,0.153
3306908,0.0424363,218.987512956839,0.768,0.184,-0.581,-0.730,-0.607,-0.209,-0.235,0.091,0.874,0.860,0.391,0.122,0.816,-0.134,0.270,0.493,0.327,0.065
3306918,0.0441393,219.031652256381,0.768,0.184,-0.581,-0.730,-0.607,-0.209,-0.235,0.091,0.874,0.855,0.393,0.124,0.807,-0.138,0.283,0.500,0.368,0.023
3306926,0.0472221,219.078874356579,0.768,0.184,-0.581,-0.730,-0.607,-0.209,-0.235,0.091,0.874,0.853,0.396,0.129,0.803,-0.141,0.285,0.504,0.342,0.102
3306936,0.0395119,219.118386256974,0.768,0.184,-0.581,-0.730,-0.607,-0.209,-0.235,0.091,0.874,0.849,0.398,0.132,0.798,-0.146,0.287,0.510,0.321,0.068
3306946,0.0499741,219.168360355776,0.768,0.184,-0.581,-0.730,-0.607,-0.209,-0.235,0.091,0.874,0.849,0.397,0.133,0.800,-0.144,0.281,0.510,0.304,0.090
3306954,0.0507596,219.219119954389,0.768,0.184,-0.581,-0.730,-0.607,-0.209,-0.235,0.091,0.874,0.847,0.398,0.135,0.803,-0.147,0.276,0.508,0.269,0.003
3306964,0.0437607,219.262880652677,0.768,0.184,-0.581,-0.730,-0.607,-0.209,-0.235,0.091,0.874,0.846,0.396,0.140,0.799,-0.155,0.276,0.511,0.274,0.033
3306974,0.0466518,219.309532451909,0.768,0.184,-0.581,-0.730,-0.607,-0.209,-0.235,0.091,0.874,0.845,0.395,0.141,0.791,-0.169,0.289,0.512,0.265,0.030
3306982,0.0433735,219.352905950975,0.768,0.184,-0.581,-0.730,-0.607,-0.209,-0.235,0.091,0.874,0.848,0.394,0.142,0.786,-0.179,0.300,0.511,0.268,0.046
3306990,0.047018,219.399923949968,0.768,0.184,-0.581,-0.730,-0.607,-0.209,-0.235,0.091,0.874,0.849,0.395,0.145,0.780,-0.186,0.313,0.510,0.257,0.108
3307000,0.0423584,219.442282348406,0.768,0.184,-0.581,-0.730,-0.607,-0.209,-0.235,0.091,0.874,0.849,0.394,0.146,0.774,-0.186,0.337,0.502,0.311,0.280
3307008,0.0439458,219.486228148919,0.768,0.184,-0.581,-0.730,-0.607,-0.209,-0.235,0.091,0.874,0.851,0.395,0.147,0.772,-0.185,0.353,0.496,0.316,0.306
3307018,0.0445299,219.530758048873,0.768,0.184,-0.581,-0.730,-0.607,-0.209,-0.235,0.091,0.874,0.853,0.394,0.149,0.768,-0.185,0.368,0.490,0.313,0.348
3307026,0.0460592,219.576817247551,0.768,0.184,-0.581,-0.730,-0.607,-0.209,-0.235,0.091,0.874,0.854,0.395,0.147,0.767,-0.184,0.376,0.486,0.307,0.409
3307036,0.0437301,219.620547346305,0.768,0.184,-0.581,-0.730,-0.607,-0.209,-0.235,0.091,0.874,0.856,0.394,0.147,0.766,-0.185,0.381,0.484,0.319,0.386
3307044,0.0442536,219.664800945204,0.768,0.184,-0.581,-0.730,-0.607,-0.209,-0.235,0.091,0.874,0.857,0.396,0.148,0.765,-0.185,0.386,0.481,0.305,0.326
3307054,0.0458725,219.710673443507,0.768,0.184,-0.581,-0.730,-0.607,-0.209,-0.235,0.091,0.874,0.858,0.396,0.148,0.765,-0.183,0.392,0.478,0.335,0.317
3307062,0.0412689,219.751942343544,0.768,0.184,-0.581,-0.730,-0.607,-0.209,-0.235,0.091,0.874,0.860,0.396,0.147,0.764,-0.183,0.394,0.478,0.313,0.311
3307072,0.0530955,219.80503784446,0.768,0.184,-0.581,-0.730,-0.607,-0.209,-0.235,0.091,0.874,0.862,0.397,0.146,0.763,-0.182,0.399,0.476,0.310,0.308
3307080,0.0376422,219.842680044007,0.768,0.184,-0.581,-0.730,-0.607,-0.209,-0.235,0.091,0.874,0.863,0.396,0.146,0.761,-0.182,0.405,0.472,0.295,0.288
3307088,0.0437153,219.886395342182,0.768,0.184,-0.581,-0.730,-0.607,-0.209,-0.235,0.091,0.874,0.867,0.396,0.146,0.761,-0.183,0.414,0.465,0.278,0.291
3307098,0.0433519,219.929747242015,0.768,0.184,-0.581,-0.730,-0.607,-0.209,-0.235,0.091,0.874,0.869,0.395,0.146,0.760,-0.185,0.426,0.455,0.271,0.300
3307106,0.0451995,219.974946740549,0.768,0.184,-0.581,-0.730,-0.607,-0.209,-0.235,0.091,0.874,0.871,0.393,0.145,0.756,-0.187,0.440,0.447,0.243,0.270
3307116,0.0462785,220.021225239616,0.768,0.184,-0.581,-0.730,-0.607,-0.209,-0.235,0.091,0.874,0.872,0.392,0.144,0.756,-0.186,0.448,0.440,0.240,0.211
3307124,0.0430141,220.0642393413,0.768,0.184,-0.581,-0.730,-0.607,-0.209,-0.235,0.091,0.874,0.875,0.392,0.143,0.756,-0.184,0.453,0.435,0.230,0.174
3307132,0.0438404,220.108079742175,0.768,0.184,-0.581,-0.730,-0.607,-0.209,-0.235,0.091,0.874,0.877,0.392,0.142,0.756,-0.183,0.455,0.435,0.219,0.165
3307142,0.0455124,220.153592142742,0.768,0.184,-0.581,-0.730,-0.607,-0.209,-0.235,0.091,0.874,0.878,0.392,0.142,0.756,-0.181,0.455,0.434,0.207,0.180
3307150,0.0449624,220.19855454145,0.768,0.184,-0.581,-0.730,-0.607,-0.209,-0.235,0.091,0.874,0.879,0.391,0.142,0.757,-0.180,0.454,0.434,0.202,0.198
3307160,0.0426031,220.241157643031,0.768,0.184,-0.581,-0.730,-0.607,-0.209,-0.235,0.091,0.874,0.878,0.391,0.143,0.754,-0.183,0.454,0.438,0.208,0.203
3307168,0.0446507,220.285808342975,0.768,0.184,-0.581,-0.730,-0.607,-0.209,-0.235,0.091,0.874,0.879,0.391,0.144,0.753,-0.184,0.454,0.439,0.210,0.198
3307176,0.0434378,220.329246144276,0.768,0.184,-0.581,-0.730,-0.607,-0.209,-0.235,0.091,0.874,0.880,0.391,0.145,0.752,-0.185,0.458,0.436,0.217,0.202
3307186,0.0401582,220.369404345285,0.768,0.184,-0.581,-0.730,-0.607,-0.209,-0.235,0.091,0.874,0.881,0.391,0.143,0.752,-0.186,0.460,0.435,0.206,0.182
3307194,0.047521,220.416925344151,0.768,0.184,-0.581,-0.730,-0.607,-0.209,-0.235,0.091,0.874,0.882,0.391,0.143,0.752,-0.185,0.462,0.432,0.192,0.158
3307202,0.0419649,220.458890243899,0.768,0.184,-0.581,-0.730,-0.607,-0.209,-0.235,0.091,0.874,0.882,0.390,0.143,0.752,-0.186,0.463,0.430,0.189,0.150
3307212,0.0429132,220.50180344237,0.768,0.184,-0.581,-0.730,-0.607,-0.209,-0.235,0.091,0.874,0.883,0.389,0.144,0.752,-0.186,0.464,0.429,0.185,0.154
3307220,0.0487427,220.550546142738,0.768,0.184,-0.581,-0.730,-0.607,-0.209,-0.235,0.091,0.874,0.884,0.389,0.143,0.752,-0.187,0.465,0.429,0.175,0.160
3307230,0.0396392,220.590185343754,0.768,0.184,-0.581,-0.730,-0.607,-0.209,-0.235,0.091,0.874,0.885,0.388,0.142,0.754,-0.186,0.464,0.427,0.175,0.168
3307238,0.0501064,220.640291742515,0.768,0.184,-0.581,-0.730,-0.607,-0.209,-0.235,0.091,0.874,0.885,0.388,0.141,0.753,-0.187,0.466,0.425,0.182,0.174
3307248,0.0402764,220.68056814326,0.768,0.184,-0.581,-0.730,-0.607,-0.209,-0.235,0.091,0.874,0.885,0.387,0.141,0.752,-0.187,0.468,0.425,0.176,0.182
3307258,0.0507773,220.731345444452,0.768,0.184,-0.581,-0.730,-0.607,-0.209,-0.235,0.091,0.874,0.885,0.387,0.140,0.752,-0.187,0.469,0.423,0.176,0.208
3307266,0.0438299,220.775175343733,0.768,0.184,-0.581,-0.730,-0.607,-0.209,-0.235,0.091,0.874,0.885,0.386,0.140,0.752,-0.188,0.470,0.422,0.172,0.209
3307276,0.045066,220.820241342764,0.768,0.184,-0.581,-0.730,-0.607,-0.209,-0.235,0.091,0.874,0.885,0.385,0.140,0.752,-0.188,0.471,0.422,0.172,0.200
3307284,0.0442647,220.864506043028,0.768,0.184,-0.581,-0.730,-0.607,-0.209,-0.235,0.091,0.874,0.885,0.385,0.138,0.753,-0.186,0.468,0.424,0.167,0.207
3307294,0.047728,220.912234041374,0.768,0.184,-0.581,-0.730,-0.607,-0.209,-0.235,0.091,0.874,0.886,0.388,0.134,0.754,-0.183,0.447,0.445,0.176,0.182
3307302,0.0450261,220.957260142546,0.768,0.184,-0.581,-0.730,-0.607,-0.209,-0.235,0.091,0.874,0.887,0.387,0.131,0.757,-0.176,0.432,0.458,0.214,0.209
3307310,0.0435141,221.000774241518,0.768,0.184,-0.581,-0.730,-0.607,-0.209,-0.235,0.091,0.874,0.889,0.393,0.130,0.767,-0.167,0.370,0.498,0.229,0.195
3307320,0.0422122,221.042986440938,0.768,0.184,-0.581,-0.730,-0.607,-0.209,-0.235,0.091,0.874,0.887,0.397,0.136,0.774,-0.165,0.343,0.506,0.212,0.181
3307328,0.0435776,221.086564041208,0.768,0.184,-0.581,-0.730,-0.607,-0.209,-0.235,0.091,0.874,0.884,0.401,0.143,0.773,-0.168,0.338,0.510,0.191,0.139
3307338,0.045037,221.13160104258,0.768,0.184,-0.581,-0.730,-0.607,-0.209,-0.235,0.091,0.874,0.883,0.406,0.149,0.775,-0.163,0.340,0.507,0.199,0.111
3307346,0.043599,221.175200040918,0.768,0.184,-0.581,-0.730,-0.607,-0.209,-0.235,0.091,0.874,0.883,0.410,0.155,0.776,-0.161,0.338,0.508,0.243,0.045
3307354,0.0459331,221.221133142244,0.768,0.184,-0.581,-0.730,-0.607,-0.209,-0.235,0.091,0.874,0.884,0.414,0.158,0.772,-0.164,0.336,0.513,0.249,0.028
3307364,0.0375408,221.258673943114,0.768,0.184,-0.581,-0.730,-0.607,-0.209,-0.235,0.091,0.874,0.882,0.419,0.160,0.772,-0.161,0.335,0.516,0.234,0.008
3307374,0.05191,221.310583944898,0.768,0.184,-0.581,-0.730,-0.607,-0.209,-0.235,0.091,0.874,0.881,0.420,0.161,0.772,-0.161,0.333,0.517,0.245,0.006
3307382,0.0432725,221.353856443893,0.768,0.184,-0.581,-0.730,-0.607,-0.209,-0.235,0.091,0.874,0.882,0.419,0.161,0.770,-0.162,0.331,0.520,0.255,0.007
3307390,0.0435089,221.39736534236,0.768,0.184,-0.581,-0.730,-0.607,-0.209,-0.235,0.091,0.874,0.882,0.418,0.162,0.768,-0.165,0.328,0.525,0.262,0.028
3307398,0.0435113,221.440876643639,0.768,0.184,-0.581,-0.730,-0.607,-0.209,-0.235,0.091,0.874,0.883,0.417,0.162,0.768,-0.168,0.331,0.522,0.279,0.042
3307408,0.0443661,221.485242742579,0.768,0.184,-0.581,-0.730,-0.607,-0.209,-0.235,0.091,0.874,0.882,0.419,0.164,0.766,-0.173,0.330,0.523,0.276,0.045
3307416,0.0413984,221.526641141158,0.768,0.184,-0.581,-0.730,-0.607,-0.209,-0.235,0.091,0.874,0.879,0.420,0.166,0.767,-0.174,0.331,0.522,0.286,0.052
3307426,0.0475794,221.574220541399,0.768,0.184,-0.581,-0.730,-0.607,-0.209,-0.235,0.091,0.874,0.877,0.421,0.169,0.767,-0.174,0.334,0.520,0.281,0.034
3307436,0.0477395,221.621960039716,0.768,0.184,-0.581,-0.730,-0.607,-0.209,-0.235,0.091,0.874,0.876,0.421,0.170,0.767,-0.174,0.334,0.520,0.293,0.019
3307442,0.0430377,221.664997741114,0.768,0.184,-0.581,-0.730,-0.607,-0.209,-0.235,0.091,0.874,0.876,0.422,0.171,0.766,-0.176,0.334,0.520,0.302,0.026
3307452,0.0354176,221.700415342581,0.768,0.184,-0.581,-0.730,-0.607,-0.209,-0.235,0.091,0.874,0.877,0.422,0.171,0.768,-0.176,0.337,0.516,0.307,0.035
3307462,0.0507409,221.751156243961,0.768,0.184,-0.581,-0.730,-0.607,-0.209,-0.235,0.091,0.874,0.877,0.422,0.171,0.769,-0.175,0.337,0.514,0.297,0.064
3307470,0.0461466,221.7973028454,0.768,0.184,-0.581,-0.730,-0.607,-0.209,-0.235,0.091,0.874,0.876,0.422,0.170,0.769,-0.176,0.338,0.513,0.289,0.087
3307480,0.0440947,221.841397545766,0.768,0.184,-0.581,-0.730,-0.607,-0.209,-0.235,0.091,0.874,0.877,0.420,0.168,0.769,-0.178,0.338,0.513,0.292,0.093
3307488,0.0445341,221.885931644123,0.768,0.184,-0.581,-0.730,-0.607,-0.209,-0.235,0.091,0.874,0.878,0.421,0.169,0.769,-0.178,0.338,0.513,0.304,0.107
3307498,0.0436634,221.92959504528,0.768,0.184,-0.581,-0.730,-0.607,-0.209,-0.235,0.091,0.874,0.877,0.419,0.169,0.768,-0.180,0.336,0.514,0.318,0.118
3307506,0.0448372,221.974432244431,0.768,0.184,-0.581,-0.730,-0.607,-0.209,-0.235,0.091,0.874,0.874,0.420,0.169,0.768,-0.181,0.337,0.515,0.317,0.121
3307514,0.0445057,222.0189379449,0.768,0.184,-0.581,-0.730,-0.607,-0.209,-0.235,0.091,0.874,0.875,0.419,0.169,0.767,-0.183,0.337,0.515,0.324,0.103
3307524,0.0416398,222.060577746015,0.768,0.184,-0.581,-0.730,-0.607,-0.209,-0.235,0.091,0.874,0.875,0.420,0.170,0.767,-0.182,0.338,0.515,0.324,0.090
3307534,0.0489542,222.109531946015,0.768,0.184,-0.581,-0.730,-0.607,-0.209,-0.235,0.091,0.874,0.876,0.420,0.171,0.768,-0.180,0.340,0.512,0.319,0.075
3307542,0.0461908,222.155722744297,0.768,0.184,-0.581,-0.730,-0.607,-0.209,-0.235,0.091,0.874,0.876,0.420,0.171,0.769,-0.178,0.340,0.511,0.317,0.078
3307550,0.0438225,222.199545245152,0.768,0.184,-0.581,-0.730,-0.607,-0.209,-0.235,0.091,0.874,0.875,0.420,0.172,0.770,-0.177,0.340,0.511,0.319,0.079
3307560,0.0448903,222.244435544591,0.768,0.184,-0.581,-0.730,-0.607,-0.209,-0.235,0.091,0.874,0.876,0.419,0.172,0.769,-0.178,0.340,0.510,0.323,0.081
3307568,0.0419829,222.286418444943,0.768,0.184,-0.581,-0.730,-0.607,-0.209,-0.235,0.091,0.874,0.878,0.417,0.173,0.769,-0.179,0.340,0.510,0.313,0.086
3307578,0.0438063,222.33022474451,0.768,0.184,-0.581,-0.730,-0.607,-0.209,-0.235,0.091,0.874,0.878,0.416,0.173,0.769,-0.180,0.339,0.511,0.312,0.105
3307586,0.0472404,222.377465143334,0.768,0.184,-0.581,-0.730,-0.607,-0.209,-0.235,0.091,0.874,0.877,0.417,0.172,0.770,-0.181,0.336,0.512,0.302,0.101
3307596,0.041177,222.418642144185,0.768,0.184,-0.581,-0.730,-0.607,-0.209,-0.235,0.091,0.874,0.877,0.416,0.173,0.772,-0.179,0.332,0.511,0.311,0.106
3307604,0.0462409,222.464883043896,0.768,0.184,-0.581,-0.730,-0.607,-0.209,-0.235,0.091,0.874,0.877,0.415,0.173,0.775,-0.175,0.326,0.512,0.312,0.097
3307612,0.044532,222.509415044915,0.768,0.184,-0.581,-0.730,-0.607,-0.209,-0.235,0.091,0.874,0.877,0.415,0.172,0.778,-0.173,0.316,0.516,0.301,0.096
3307622,0.0415862,222.551001246553,0.768,0.184,-0.581,-0.730,-0.607,-0.209,-0.235,0.091,0.874,0.876,0.414,0.173,0.780,-0.170,0.311,0.516,0.297,0.103
3307630,0.0481614,222.599162645172,0.768,0.184,-0.581,-0.730,-0.607,-0.209,-0.235,0.091,0.874,0.879,0.412,0.175,0.785,-0.165,0.304,0.514,0.282,0.109
3307640,0.0432834,222.642446044367,0.768,0.184,-0.581,-0.730,-0.607,-0.209,-0.235,0.091,0.874,0.879,0.409,0.177,0.787,-0.164,0.301,0.513,0.252,0.132
3307648,0.0431911,222.685637145769,0.768,0.184,-0.581,-0.730,-0.607,-0.209,-0.235,0.091,0.874,0.879,0.408,0.178,0.789,-0.164,0.297,0.512,0.247,0.150
3307656,0.0446903,222.730327445548,0.768,0.184,-0.581,-0.730,-0.607,-0.209,-0.235,0.091,0.874,0.879,0.408,0.179,0.790,-0.163,0.296,0.511,0.262,0.163
3307666,0.0469005,222.77722794516,0.768,0.184,-0.581,-0.730,-0.607,-0.209,-0.235,0.091,0.874,0.879,0.408,0.181,0.790,-0.164,0.295,0.511,0.267,0.167
3307676,0.041825,222.819052945357,0.768,0.184,-0.581,-0.730,-0.607,-0.209,-0.235,0.091,0.874,0.878,0.408,0.184,0.792,-0.164,0.294,0.510,0.270,0.174
3307684,0.0492566,222.868309545796,0.768,0.184,-0.581,-0.730,-0.607,-0.209,-0.235,0.091,0.874,0.878,0.407,0.186,0.792,-0.163,0.294,0.510,0.277,0.169
3307694,0.0481851,222.916494644713,0.768,0.184,-0.581,-0.730,-0.607,-0.209,-0.235,0.091,0.874,0.879,0.408,0.190,0.793,-0.163,0.296,0.507,0.277,0.152
3307702,0.0386474,222.955142043065,0.768,0.184,-0.581,-0.730,-0.607,-0.209,-0.235,0.091,0.874,0.879,0.407,0.193,0.794,-0.162,0.296,0.506,0.278,0.153
3307710,0.0410774,222.996219444554,0.768,0.184,-0.581,-0.730,-0.607,-0.209,-0.235,0.091,0.874,0.879,0.408,0.198,0.797,-0.160,0.298,0.501,0.280,0.157
3307716,0.0488837,223.045103143435,0.768,0.184,-0.581,-0.730,-0.607,-0.209,-0.235,0.091,0.874,0.878,0.409,0.202,0.799,-0.157,0.299,0.497,0.298,0.157
3307726,0.0361445,223.081247642171,0.768,0.184,-0.581,-0.730,-0.607,-0.209,-0.235,0.091,0.874,0.879,0.409,0.205,0.801,-0.154,0.301,0.494,0.322,0.157
3307732,0.039725,223.120972640347,0.768,0.184,-0.581,-0.730,-0.607,-0.209,-0.235,0.091,0.874,0.879,0.409,0.209,0.803,-0.153,0.302,0.491,0.324,0.175
3307736,0.0248356,223.145808239933,0.768,0.184,-0.581,-0.730,-0.607,-0.209,-0.235,0.091,0.874,0.879,0.410,0.213,0.804,-0.150,0.304,0.489,0.343,0.178
3307746,0.0310856,223.176893839147,0.768,0.184,-0.581,-0.730,-0.607,-0.209,-0.235,0.091,0.874,0.879,0.411,0.217,0.805,-0.146,0.308,0.486,0.363,0.191
3307754,0.053427,223.230320838746,0.768,0.184,-0.581,-0.730,-0.607,-0.209,-0.235,0.091,0.874,0.879,0.412,0.221,0.807,-0.141,0.314,0.480,0.362,0.216
3307762,0.0399224,223.270243240055,0.768,0.184,-0.581,-0.730,-0.607,-0.209,-0.235,0.091,0.874,0.878,0.412,0.225,0.806,-0.141,0.316,0.480,0.368,0.231
3307770,0.0290555,223.299298740458,0.768,0.184,-0.581,-0.730,-0.607,-0.209,-0.235,0.091,0.874,0.878,0.414,0.230,0.805,-0.141,0.320,0.479,0.378,0.232
3307778,0.0392288,223.338527541142,0.768,0.184,-0.581,-0.730,-0.607,-0.209,-0.235,0.091,0.874,0.879,0.417,0.237,0.806,-0.137,0.329,0.472,0.399,0.237
3307788,0.0502625,223.388790040743,0.768,0.184,-0.581,-0.730,-0.607,-0.209,-0.235,0.091,0.874,0.880,0.418,0.241,0.806,-0.136,0.337,0.468,0.407,0.236
3307796,0.0430672,223.431857238989,0.768,0.184,-0.581,-0.730,-0.607,-0.209,-0.235,0.091,0.874,0.880,0.420,0.245,0.804,-0.134,0.341,0.469,0.383,0.239
3307806,0.0415171,223.473374340218,0.768,0.184,-0.581,-0.730,-0.607,-0.209,-0.235,0.091,0.874,0.881,0.420,0.249,0.801,-0.131,0.344,0.472,0.398,0.290
3307814,0.0435272,223.516901541036,0.768,0.184,-0.581,-0.730,-0.607,-0.209,-0.235,0.091,0.874,0.881,0.421,0.251,0.800,-0.132,0.344,0.474,0.414,0.326
3307824,0.0450302,223.561931740027,0.768,0.184,-0.581,-0.730,-0.607,-0.209,-0.235,0.091,0.874,0.883,0.420,0.253,0.798,-0.134,0.343,0.478,0.442,0.338
3307832,0.0451215,223.607053238433,0.768,0.184,-0.581,-0.730,-0.607,-0.209,-0.235,0.091,0.874,0.884,0.420,0.255,0.799,-0.134,0.343,0.476,0.448,0.342
3307842,0.0406112,223.647664438467,0.768,0.184,-0.581,-0.730,-0.607,-0.209,-0.235,0.091,0.874,0.884,0.420,0.255,0.798,-0.135,0.342,0.477,0.448,0.338
3307850,0.0489219,223.6965863402,0.768,0.184,-0.581,-0.730,-0.607,-0.209,-0.235,0.091,0.874,0.883,0.418,0.255,0.800,-0.133,0.342,0.474,0.456,0.344
3307862,0.0477867,223.744373041671,0.768,0.184,-0.581,-0.730,-0.607,-0.209,-0.235,0.091,0.874,0.881,0.416,0.253,0.801,-0.136,0.341,0.473,0.464,0.337
3307870,0.0521987,223.796571742278,0.768,0.184,-0.581,-0.730,-0.607,-0.209,-0.235,0.091,0.874,0.881,0.415,0.253,0.802,-0.137,0.340,0.471,0.484,0.335
3307878,0.0461404,223.842712141108,0.768,0.184,-0.581,-0.730,-0.607,-0.209,-0.235,0.091,0.874,0.882,0.412,0.251,0.803,-0.137,0.342,0.468,0.481,0.331
3307888,0.0371012,223.879813342821,0.768,0.184,-0.581,-0.730,-0.607,-0.209,-0.235,0.091,0.874,0.882,0.410,0.250,0.805,-0.138,0.341,0.465,0.480,0.335
3307898,0.0513017,223.931115041953,0.768,0.184,-0.581,-0.730,-0.607,-0.209,-0.235,0.091,0.874,0.882,0.408,0.249,0.806,-0.139,0.340,0.464,0.471,0.336
3307906,0.0458634,223.976978443097,0.768,0.184,-0.581,-0.730,-0.607,-0.209,-0.235,0.091,0.874,0.880,0.404,0.248,0.807,-0.141,0.341,0.461,0.471,0.346
3307914,0.0457483,224.022726743948,0.768,0.184,-0.581,-0.730,-0.607,-0.209,-0.235,0.091,0.874,0.879,0.401,0.246,0.809,-0.141,0.343,0.456,0.461,0.345
3307924,0.0411774,224.063904143404,0.768,0.184,-0.581,-0.730,-0.607,-0.209,-0.235,0.091,0.874,0.882,0.396,0.245,0.811,-0.142,0.342,0.453,0.468,0.336
3307932,0.0454957,224.109399843495,0.768,0.184,-0.581,-0.730,-0.607,-0.209,-0.235,0.091,0.874,0.883,0.389,0.243,0.815,-0.138,0.349,0.441,0.484,0.331
3307942,0.0474545,224.156854342204,0.768,0.184,-0.581,-0.730,-0.607,-0.209,-0.235,0.091,0.874,0.884,0.383,0.241,0.820,-0.137,0.348,0.432,0.475,0.322
3307950,0.043168,224.20002234308,0.768,0.184,-0.581,-0.730,-0.607,-0.209,-0.235,0.091,0.874,0.884,0.376,0.238,0.824,-0.137,0.350,0.424,0.480,0.313
3307960,0.0451937,224.245216041338,0.768,0.184,-0.581,-0.730,-0.607,-0.209,-0.235,0.091,0.874,0.883,0.371,0.233,0.826,-0.139,0.349,0.419,0.482,0.305
3307968,0.0382059,224.283421940636,0.768,0.184,-0.581,-0.730,-0.607,-0.209,-0.235,0.091,0.874,0.881,0.368,0.231,0.829,-0.140,0.349,0.414,0.494,0.305
3307976,0.0472202,224.330642140936,0.768,0.184,-0.581,-0.730,-0.607,-0.209,-0.235,0.091,0.874,0.880,0.366,0.231,0.831,-0.140,0.350,0.410,0.520,0.280
3307986,0.0441311,224.374773241114,0.768,0.184,-0.581,-0.730,-0.607,-0.209,-0.235,0.091,0.874,0.880,0.362,0.231,0.830,-0.141,0.352,0.408,0.504,0.258
3307994,0.044719,224.41949224053,0.768,0.184,-0.581,-0.730,-0.607,-0.209,-0.235,0.091,0.874,0.879,0.361,0.230,0.831,-0.143,0.352,0.407,0.499,0.235
3308004,0.0448022,224.464294440579,0.768,0.184,-0.581,-0.730,-0.607,-0.209,-0.235,0.091,0.874,0.878,0.362,0.230,0.831,-0.143,0.353,0.406,0.495,0.223
3308012,0.0442509,224.508545342367,0.768,0.184,-0.581,-0.730,-0.607,-0.209,-0.235,0.091,0.874,0.877,0.361,0.230,0.830,-0.145,0.354,0.407,0.505,0.213
3308022,0.0451166,224.553661942016,0.768,0.184,-0.581,-0.730,-0.607,-0.209,-0.235,0.091,0.874,0.878,0.362,0.230,0.829,-0.146,0.354,0.407,0.504,0.211
3308030,0.0469679,224.600629843306,0.768,0.184,-0.581,-0.730,-0.607,-0.209,-0.235,0.091,0.874,0.879,0.361,0.230,0.829,-0.146,0.354,0.408,0.527,0.212
3308040,0.0351567,224.635786544066,0.768,0.184,-0.581,-0.730,-0.607,-0.209,-0.235,0.091,0.874,0.878,0.362,0.230,0.829,-0.146,0.355,0.407,0.521,0.210
3308048,0.0531692,224.6889557424,0.768,0.184,-0.581,-0.730,-0.607,-0.209,-0.235,0.091,0.874,0.878,0.361,0.229,0.829,-0.146,0.355,0.408,0.527,0.211
3308058,0.0429598,224.731915544253,0.768,0.184,-0.581,-0.730,-0.607,-0.209,-0.235,0.091,0.874,0.877,0.363,0.229,0.829,-0.144,0.355,0.407,0.511,0.217
3308066,0.0446672,224.776582743507,0.768,0.184,-0.581,-0.730,-0.607,-0.209,-0.235,0.091,0.874,0.878,0.363,0.230,0.829,-0.144,0.356,0.407,0.514,0.210
3308074,0.0435164,224.820099144708,0.768,0.184,-0.581,-0.730,-0.607,-0.209,-0.235,0.091,0.874,0.880,0.362,0.230,0.829,-0.143,0.357,0.407,0.518,0.205
3308084,0.0444292,224.864528346341,0.768,0.184,-0.581,-0.730,-0.607,-0.209,-0.235,0.091,0.874,0.879,0.362,0.230,0.829,-0.141,0.358,0.406,0.519,0.207
3308094,0.0461735,224.910701848101,0.768,0.184,-0.581,-0.730,-0.607,-0.209,-0.235,0.091,0.874,0.879,0.362,0.229,0.829,-0.140,0.358,0.406,0.525,0.214
3308102,0.0502677,224.960969548207,0.768,0.184,-0.581,-0.730,-0.607,-0.209,-0.235,0.091,0.874,0.879,0.362,0.229,0.829,-0.140,0.358,0.406,0.525,0.214
3308110,0.0353425,224.996312047821,0.768,0.184,-0.581,-0.730,-0.607,-0.209,-0.235,0.091,0.874,0.878,0.362,0.229,0.828,-0.142,0.359,0.406,0.522,0.208
3308120,0.048575,225.044887046795,0.768,0.184,-0.581,-0.730,-0.607,-0.209,-0.235,0.091,0.874,0.879,0.362,0.229,0.828,-0.141,0.359,0.407,0.521,0.198
3308128,0.0432925,225.088179546874,0.768,0.184,-0.581,-0.730,-0.607,-0.209,-0.235,0.091,0.874,0.881,0.361,0.229,0.829,-0.140,0.358,0.406,0.530,0.208
3308132,0.0425128,225.130692347419,0.768,0.184,-0.581,-0.730,-0.607,-0.209,-0.235,0.091,0.874,0.881,0.359,0.228,0.829,-0.141,0.357,0.407,0.530,0.194
3308138,0.0239559,225.154648247641,0.768,0.184,-0.581,-0.730,-0.607,-0.209,-0.235,0.091,0.874,0.881,0.359,0.227,0.829,-0.141,0.356,0.408,0.534,0.196
3308144,0.0283192,225.182967448141,0.768,0.184,-0.581,-0.730,-0.607,-0.209,-0.235,0.091,0.874,0.881,0.358,0.227,0.829,-0.142,0.356,0.408,0.536,0.194
3308152,0.0241512,225.20711864857,0.768,0.184,-0.581,-0.730,-0.607,-0.209,-0.235,0.091,0.874,0.881,0.358,0.227,0.829,-0.143,0.356,0.408,0.534,0.190
3308156,0.0576003,225.264718949329,0.768,0.184,-0.581,-0.730,-0.607,-0.209,-0.235,0.091,0.874,0.881,0.358,0.225,0.830,-0.143,0.355,0.407,0.534,0.175
3308162,0.0193577,225.28407664923,0.768,0.184,-0.581,-0.730,-0.607,-0.209,-0.235,0.091,0.874,0.881,0.357,0.224,0.830,-0.143,0.355,0.406,0.532,0.164
3308172,0.0161031,225.300179749262,0.768,0.184,-0.581,-0.730,-0.607,-0.209,-0.235,0.091,0.874,0.880,0.355,0.222,0.830,-0.143,0.356,0.405,0.532,0.157
3308180,0.0664785,225.366658247542,0.768,0.184,-0.581,-0.730,-0.607,-0.209,-0.235,0.091,0.874,0.880,0.353,0.220,0.830,-0.145,0.356,0.405,0.524,0.145
3308188,0.0399924,225.406650647055,0.768,0.184,-0.581,-0.730,-0.607,-0.209,-0.235,0.091,0.874,0.881,0.352,0.219,0.830,-0.146,0.355,0.403,0.523,0.160
3308198,0.0391075,225.445758148562,0.768,0.184,-0.581,-0.730,-0.607,-0.209,-0.235,0.091,0.874,0.880,0.350,0.217,0.832,-0.147,0.354,0.402,0.521,0.151
3308206,0.0412835,225.487041648012,0.768,0.184,-0.581,-0.730,-0.607,-0.209,-0.235,0.091,0.874,0.880,0.349,0.216,0.832,-0.148,0.353,0.401,0.519,0.146
3308216,0.0441718,225.531213446986,0.768,0.184,-0.581,-0.730,-0.607,-0.209,-0.235,0.091,0.874,0.880,0.348,0.215,0.832,-0.149,0.352,0.401,0.521,0.158
3308226,0.0473545,225.578567947727,0.768,0.184,-0.581,-0.730,-0.607,-0.209,-0.235,0.091,0.874,0.880,0.346,0.214,0.833,-0.150,0.351,0.401,0.526,0.171
3308234,0.0428949,225.621462847572,0.768,0.184,-0.581,-0.730,-0.607,-0.209,-0.235,0.091,0.874,0.881,0.346,0.214,0.833,-0.151,0.350,0.400,0.526,0.174
3308242,0.0333874,225.654850247782,0.768,0.184,-0.581,-0.730,-0.607,-0.209,-0.235,0.091,0.874,0.880,0.347,0.213,0.834,-0.150,0.349,0.401,0.529,0.173
3308250,0.0427177,225.697567946743,0.768,0.184,-0.581,-0.730,-0.607,-0.209,-0.235,0.091,0.874,0.879,0.349,0.213,0.834,-0.149,0.350,0.399,0.531,0.168
3308260,0.0420745,225.739642448258,0.768,0.184,-0.581,-0.730,-0.607,-0.209,-0.235,0.091,0.874,0.880,0.348,0.213,0.834,-0.148,0.351,0.400,0.537,0.169
3308268,0.0467556,225.786398048978,0.768,0.184,-0.581,-0.730,-0.607,-0.209,-0.235,0.091,0.874,0.881,0.346,0.212,0.834,-0.148,0.350,0.401,0.538,0.173
3308278,0.0444713,225.830869350117,0.768,0.184,-0.581,-0.730,-0.607,-0.209,-0.235,0.091,0.874,0.881,0.346,0.211,0.834,-0.148,0.348,0.401,0.543,0.173
3308286,0.0458301,225.876699450891,0.768,0.184,-0.581,-0.730,-0.607,-0.209,-0.235,0.091,0.874,0.881,0.347,0.212,0.834,-0.148,0.348,0.402,0.551,0.195
3308296,0.04579,225.922489452641,0.768,0.184,-0.581,-0.730,-0.607,-0.209,-0.235,0.091,0.874,0.881,0.348,0.212,0.834,-0.147,0.349,0.402,0.547,0.189
3308304,0.0460601,225.968549552839,0.768,0.184,-0.581,-0.730,-0.607,-0.209,-0.235,0.091,0.874,0.880,0.349,0.212,0.834,-0.146,0.349,0.401,0.544,0.188
3308314,0.0424054,226.010954953264,0.768,0.184,-0.581,-0.730,-0.607,-0.209,-0.235,0.091,0.874,0.881,0.348,0.212,0.834,-0.146,0.348,0.402,0.552,0.189
3308324,0.0542054,226.065160352271,0.768,0.184,-0.581,-0.730,-0.607,-0.209,-0.235,0.091,0.874,0.882,0.348,0.212,0.834,-0.147,0.348,0.402,0.551,0.178
3308334,0.0480398,226.11320015369,0.768,0.184,-0.581,-0.730,-0.607,-0.209,-0.235,0.091,0.874,0.882,0.350,0.212,0.835,-0.139,0.346,0.405,0.548,0.233
3308344,0.0496217,226.16282185493,0.768,0.184,-0.581,-0.730,-0.607,-0.209,-0.235,0.091,0.874,0.881,0.351,0.212,0.835,-0.135,0.346,0.407,0.551,0.518
3308352,0.0462949,226.20911675645,0.768,0.184,-0.581,-0.730,-0.607,-0.209,-0.235,0.091,0.874,0.881,0.353,0.212,0.836,-0.124,0.350,0.403,0.546,0.779
3308360,0.0432692,226.252385954838,0.768,0.184,-0.581,-0.730,-0.607,-0.209,-0.235,0.091,0.874,0.880,0.355,0.213,0.838,-0.110,0.363,0.392,0.613,1.000
3308370,0.0422743,226.294660254847,0.768,0.184,-0.581,-0.730,-0.607,-0.209,-0.235,0.091,0.874,0.880,0.356,0.213,0.838,-0.091,0.375,0.385,0.733,1.000
3308380,0.0562916,226.350951853674,0.768,0.184,-0.581,-0.730,-0.607,-0.209,-0.235,0.091,0.874,0.880,0.357,0.212,0.837,-0.081,0.383,0.383,0.922,1.000
3308388,0.0379754,226.38892725436,0.768,0.184,-0.581,-0.730,-0.607,-0.209,-0.235,0.091,0.874,0.879,0.357,0.213,0.836,-0.075,0.388,0.382,0.997,1.000
3308398,0.0418994,226.430826656055,0.768,0.184,-0.581,-0.730,-0.607,-0.209,-0.235,0.091,0.874,0.878,0.356,0.213,0.836,-0.072,0.389,0.380,0.999,1.000
3308404,0.0453409,226.476167555433,0.768,0.184,-0.581,-0.730,-0.607,-0.209,-0.235,0.091,0.874,0.878,0.354,0.213,0.836,-0.071,0.389,0.381,0.971,1.000
3308414,0.0410619,226.517229455989,0.768,0.184,-0.581,-0.730,-0.607,-0.209,-0.235,0.091,0.874,0.879,0.353,0.213,0.836,-0.072,0.387,0.381,0.869,1.000
3308424,0.0467372,226.563966657501,0.768,0.184,-0.581,-0.730,-0.607,-0.209,-0.235,0.091,0.874,0.879,0.352,0.213,0.836,-0.073,0.387,0.382,0.763,1.000
3308432,0.0467858,226.61075245915,0.768,0.184,-0.581,-0.730,-0.607,-0.209,-0.235,0.091,0.874,0.879,0.352,0.213,0.837,-0.073,0.386,0.382,0.723,1.000
3308442,0.0428697,226.653622157406,0.768,0.184,-0.581,-0.730,-0.607,-0.209,-0.235,0.091,0.874,0.878,0.353,0.213,0.837,-0.073,0.386,0.381,0.705,1.000
3308450,0.0434354,226.697057555895,0.768,0.184,-0.581,-0.730,-0.607,-0.209,-0.235,0.091,0.874,0.877,0.353,0.213,0.837,-0.075,0.384,0.383,0.676,1.000
3308458,0.0431573,226.740214857738,0.768,0.184,-0.581,-0.730,-0.607,-0.209,-0.235,0.091,0.874,0.877,0.352,0.212,0.837,-0.075,0.384,0.382,0.622,1.000
3308466,0.0452086,226.785423457157,0.768,0.184,-0.581,-0.730,-0.607,-0.209,-0.235,0.091,0.874,0.879,0.352,0.212,0.837,-0.074,0.385,0.381,0.627,1.000
3308478,0.0425537,226.827977157664,0.768,0.184,-0.581,-0.730,-0.607,-0.209,-0.235,0.091,0.874,0.879,0.353,0.213,0.837,-0.073,0.386,0.381,0.665,1.000
3308486,0.0487303,226.87670745654,0.768,0.184,-0.581,-0.730,-0.607,-0.209,-0.235,0.091,0.874,0.879,0.354,0.212,0.835,-0.069,0.390,0.382,0.714,1.000
3308494,0.0435457,226.92025315715,0.768,0.184,-0.581,-0.730,-0.607,-0.209,-0.235,0.091,0.874,0.879,0.353,0.211,0.835,-0.069,0.390,0.383,0.819,1.000
3308504,0.0441763,226.964429456275,0.768,0.184,-0.581,-0.730,-0.607,-0.209,-0.235,0.091,0.874,0.879,0.352,0.211,0.834,-0.070,0.389,0.384,0.853,1.000
3308512,0.0450133,227.009442757349,0.768,0.184,-0.581,-0.730,-0.607,-0.209,-0.235,0.091,0.874,0.879,0.352,0.211,0.834,-0.070,0.389,0.384,0.849,1.000
3308522,0.0447212,227.054163958412,0.768,0.184,-0.581,-0.730,-0.607,-0.209,-0.235,0.091,0.874,0.880,0.351,0.211,0.835,-0.072,0.388,0.384,0.843,1.000
3308530,0.0439983,227.098162259441,0.768,0.184,-0.581,-0.730,-0.607,-0.209,-0.235,0.091,0.874,0.881,0.349,0.211,0.835,-0.078,0.383,0.388,0.592,1.000
3308538,0.0420044,227.140166658442,0.768,0.184,-0.581,-0.730,-0.607,-0.209,-0.235,0.091,0.874,0.880,0.350,0.211,0.834,-0.080,0.382,0.391,0.492,0.986
3308548,0.044051,227.184217657428,0.768,0.184,-0.581,-0.730,-0.607,-0.209,-0.235,0.091,0.874,0.880,0.351,0.211,0.833,-0.081,0.381,0.393,0.455,0.773
3308556,0.0469612,227.23117885692,0.768,0.184,-0.581,-0.730,-0.607,-0.209,-0.235,0.091,0.874,0.880,0.351,0.210,0.832,-0.083,0.379,0.397,0.467,0.679
3308566,0.043257,227.274435858708,0.768,0.184,-0.581,-0.730,-0.607,-0.209,-0.235,0.091,0.874,0.879,0.351,0.210,0.831,-0.086,0.378,0.400,0.465,0.639
3308574,0.0473225,227.321758359205,0.768,0.184,-0.581,-0.730,-0.607,-0.209,-0.235,0.091,0.874,0.880,0.351,0.210,0.830,-0.090,0.376,0.403,0.471,0.598
3308584,0.043556,227.365314360242,0.768,0.184,-0.581,-0.730,-0.607,-0.209,-0.235,0.091,0.874,0.879,0.350,0.210,0.830,-0.092,0.376,0.403,0.472,0.560
3308592,0.044533,227.409847359639,0.768,0.184,-0.581,-0.730,-0.607,-0.209,-0.235,0.091,0.874,0.879,0.351,0.211,0.829,-0.094,0.375,0.403,0.460,0.520
3308602,0.0480911,227.457938458305,0.768,0.184,-0.581,-0.730,-0.607,-0.209,-0.235,0.091,0.874,0.879,0.350,0.211,0.830,-0.095,0.374,0.404,0.468,0.505
3308610,0.0420075,227.499945956748,0.768,0.184,-0.581,-0.730,-0.607,-0.209,-0.235,0.091,0.874,0.879,0.351,0.210,0.829,-0.097,0.372,0.406,0.478,0.506
3308620,0.0431233,227.543069257867,0.768,0.184,-0.581,-0.730,-0.607,-0.209,-0.235,0.091,0.874,0.878,0.350,0.210,0.829,-0.099,0.371,0.407,0.480,0.494
3308626,0.0473403,227.590409557801,0.768,0.184,-0.581,-0.730,-0.607,-0.209,-0.235,0.091,0.874,0.877,0.352,0.210,0.829,-0.099,0.371,0.405,0.473,0.435
3308632,0.0255705,227.615980058443,0.768,0.184,-0.581,-0.730,-0.607,-0.209,-0.235,0.091,0.874,0.877,0.353,0.210,0.830,-0.099,0.373,0.403,0.485,0.405
3308640,0.0370508,227.653030856978,0.768,0.184,-0.581,-0.730,-0.607,-0.209,-0.235,0.091,0.874,0.878,0.351,0.210,0.831,-0.099,0.373,0.401,0.485,0.324
3308646,0.0353474,227.688378255349,0.768,0.184,-0.581,-0.730,-0.607,-0.209,-0.235,0.091,0.874,0.878,0.350,0.209,0.833,-0.098,0.376,0.394,0.487,0.287
3308654,0.0302851,227.71866335487,0.768,0.184,-0.581,-0.730,-0.607,-0.209,-0.235,0.091,0.874,0.878,0.346,0.208,0.836,-0.099,0.377,0.387,0.471,0.218
3308660,0.0461568,227.764820156153,0.768,0.184,-0.581,-0.730,-0.607,-0.209,-0.235,0.091,0.874,0.877,0.342,0.207,0.837,-0.101,0.377,0.384,0.471,0.165
3308664,0.0292099,227.794030056801,0.768,0.184,-0.581,-0.730,-0.607,-0.209,-0.235,0.091,0.874,0.877,0.338,0.205,0.838,-0.104,0.377,0.380,0.471,0.123
3308674,0.0225737,227.816603756975,0.768,0.184,-0.581,-0.730,-0.607,-0.209,-0.235,0.091,0.874,0.878,0.335,0.204,0.839,-0.107,0.376,0.378,0.468,0.111
3308684,0.0584492,227.875052958261,0.768,0.184,-0.581,-0.730,-0.607,-0.209,-0.235,0.091,0.874,0.877,0.333,0.200,0.840,-0.111,0.376,0.374,0.441,0.000
3308688,0.0440064,227.919059358072,0.768,0.184,-0.581,-0.730,-0.607,-0.209,-0.235,0.091,0.874,0.876,0.330,0.199,0.840,-0.114,0.375,0.374,0.433,0.000
3308696,0.0203147,227.939374058973,0.768,0.184,-0.581,-0.730,-0.607,-0.209,-0.235,0.091,0.874,0.876,0.328,0.199,0.841,-0.118,0.375,0.372,0.417,0.000
3308704,0.0263097,227.965683759656,0.768,0.184,-0.581,-0.730,-0.607,-0.209,-0.235,0.091,0.874,0.876,0.327,0.199,0.841,-0.119,0.375,0.370,0.418,0.000
3308710,0.0632996,228.028983355965,0.768,0.184,-0.581,-0.730,-0.607,-0.209,-0.235,0.091,0.874,0.876,0.327,0.199,0.842,-0.121,0.374,0.370,0.407,0.000
3308722,0.0223271,228.051310456824,0.768,0.184,-0.581,-0.730,-0.607,-0.209,-0.235,0.091,0.874,0.876,0.328,0.199,0.842,-0.122,0.373,0.370,0.407,0.000
3308730,0.0571372,228.10844765557,0.768,0.184,-0.581,-0.730,-0.607,-0.209,-0.235,0.091,0.874,0.876,0.329,0.199,0.842,-0.122,0.373,0.370,0.411,0.000
3308740,0.0435315,228.151979155373,0.768,0.184,-0.581,-0.730,-0.607,-0.209,-0.235,0.091,0.874,0.876,0.330,0.200,0.841,-0.121,0.374,0.371,0.408,0.000
3308746,0.044852,228.196831155103,0.768,0.184,-0.581,-0.730,-0.607,-0.209,-0.235,0.091,0.874,0.876,0.330,0.200,0.841,-0.120,0.375,0.371,0.412,0.000
3308756,0.0324218,228.229252956342,0.768,0.184,-0.581,-0.730,-0.607,-0.209,-0.235,0.091,0.874,0.876,0.330,0.199,0.841,-0.121,0.374,0.372,0.410,0.000
3308764,0.0490019,228.278254854959,0.768,0.184,-0.581,-0.730,-0.607,-0.209,-0.235,0.091,0.874,0.877,0.330,0.199,0.841,-0.121,0.374,0.371,0.406,0.000
3308774,0.0347324,228.31298725633,0.768,0.184,-0.581,-0.730,-0.607,-0.209,-0.235,0.091,0.874,0.877,0.330,0.198,0.842,-0.121,0.374,0.370,0.399,0.000
3308784,0.0524599,228.365447155666,0.768,0.184,-0.581,-0.730,-0.607,-0.209,-0.235,0.091,0.874,0.876,0.329,0.198,0.841,-0.121,0.375,0.370,0.395,0.000
3308796,0.0541554,228.419602553826,0.768,0.184,-0.581,-0.730,-0.607,-0.209,-0.235,0.091,0.874,0.875,0.328,0.198,0.840,-0.122,0.377,0.370,0.402,0.000
3308808,0.0561402,228.475742753129,0.768,0.184,-0.581,-0.730,-0.607,-0.209,-0.235,0.091,0.874,0.875,0.328,0.197,0.841,-0.123,0.376,0.369,0.400,0.000
3308820,0.0594607,228.535203452688,0.768,0.184,-0.581,-0.730,-0.607,-0.209,-0.235,0.091,0.874,0.875,0.327,0.198,0.840,-0.124,0.377,0.370,0.404,0.000
3308830,0.0533259,228.588529351633,0.768,0.184,-0.581,-0.730,-0.607,-0.209,-0.235,0.091,0.874,0.875,0.327,0.197,0.838,-0.128,0.376,0.373,0.394,0.000
3308844,0.0571914,228.645720753353,0.768,0.184,-0.581,-0.730,-0.607,-0.209,-0.235,0.091,0.874,0.874,0.326,0.197,0.838,-0.131,0.378,0.372,0.390,0.000
3308852,0.0636812,228.7094019535,0.768,0.184,-0.581,-0.730,-0.607,-0.209,-0.235,0.091,0.874,0.875,0.326,0.197,0.837,-0.132,0.377,0.374,0.366,0.000
3308862,0.0471422,228.756544153672,0.768,0.184,-0.581,-0.730,-0.607,-0.209,-0.235,0.091,0.874,0.874,0.327,0.198,0.836,-0.133,0.379,0.373,0.362,0.000
3308872,0.0543751,228.810919254553,0.768,0.184,-0.581,-0.730,-0.607,-0.209,-0.235,0.091,0.874,0.876,0.327,0.199,0.836,-0.132,0.379,0.373,0.368,0.000
3308882,0.0427216,228.853640853893,0.768,0.184,-0.581,-0.730,-0.607,-0.209,-0.235,0.091,0.874,0.876,0.327,0.198,0.837,-0.132,0.380,0.372,0.367,0.000
3308890,0.043929,228.897569853347,0.768,0.184,-0.581,-0.730,-0.607,-0.209,-0.235,0.091,0.874,0.875,0.327,0.198,0.835,-0.134,0.379,0.375,0.361,0.000
3308898,0.0452295,228.942799351644,0.768,0.184,-0.581,-0.730,-0.607,-0.209,-0.235,0.091,0.874,0.876,0.328,0.199,0.835,-0.137,0.379,0.376,0.359,0.000
3308908,0.0438828,228.986682150047,0.768,0.184,-0.581,-0.730,-0.607,-0.209,-0.235,0.091,0.874,0.876,0.329,0.200,0.834,-0.137,0.378,0.377,0.364,0.000
3308916,0.0435795,229.030261650216,0.768,0.184,-0.581,-0.730,-0.607,-0.209,-0.235,0.091,0.874,0.876,0.329,0.200,0.834,-0.138,0.378,0.378,0.377,0.000
3308926,0.0450191,229.075280751567,0.768,0.184,-0.581,-0.730,-0.607,-0.209,-0.235,0.091,0.874,0.876,0.328,0.201,0.833,-0.139,0.378,0.380,0.374,0.000
3308934,0.0427112,229.117991949897,0.768,0.184,-0.581,-0.730,-0.607,-0.209,-0.235,0.091,0.874,0.877,0.328,0.201,0.833,-0.139,0.377,0.380,0.373,0.000
3308944,0.0445417,229.162533651572,0.768,0.184,-0.581,-0.730,-0.607,-0.209,-0.235,0.091,0.874,0.877,0.328,0.200,0.833,-0.140,0.376,0.380,0.369,0.000
3308952,0.0442729,229.206806551199,0.768,0.184,-0.581,-0.730,-0.607,-0.209,-0.235,0.091,0.874,0.877,0.328,0.200,0.833,-0.142,0.376,0.380,0.373,0.000
3308960,0.0431459,229.249952449929,0.768,0.184,-0.581,-0.730,-0.607,-0.209,-0.235,0.091,0.874,0.877,0.330,0.201,0.833,-0.143,0.376,0.381,0.373,0.000
3308970,0.0422654,229.292217850219,0.768,0.184,-0.581,-0.730,-0.607,-0.209,-0.235,0.091,0.874,0.878,0.328,0.201,0.832,-0.143,0.375,0.384,0.383,0.000
3308980,0.0488395,229.341057348531,0.768,0.184,-0.581,-0.730,-0.607,-0.209,-0.235,0.091,0.874,0.879,0.328,0.202,0.832,-0.142,0.373,0.384,0.387,0.000
3308986,0.0430391,229.384096446913,0.768,0.184,-0.581,-0.730,-0.607,-0.209,-0.235,0.091,0.874,0.879,0.327,0.202,0.836,-0.138,0.373,0.378,0.393,0.000
3308992,0.0368355,229.420931946021,0.768,0.184,-0.581,-0.730,-0.607,-0.209,-0.235,0.091,0.874,0.879,0.326,0.202,0.838,-0.137,0.372,0.376,0.398,0.000
3309000,0.0359055,229.456837445032,0.768,0.184,-0.581,-0.730,-0.607,-0.209,-0.235,0.091,0.874,0.879,0.326,0.203,0.838,-0.137,0.370,0.377,0.398,0.000
3309006,0.0343255,229.491162944119,0.768,0.184,-0.581,-0.730,-0.607,-0.209,-0.235,0.091,0.874,0.879,0.327,0.204,0.839,-0.135,0.369,0.377,0.394,0.000
3309014,0.0370231,229.528186045121,0.768,0.184,-0.581,-0.730,-0.607,-0.209,-0.235,0.091,0.874,0.879,0.327,0.205,0.839,-0.135,0.369,0.377,0.394,0.000
3309022,0.0367227,229.564908746164,0.768,0.184,-0.581,-0.730,-0.607,-0.209,-0.235,0.091,0.874,0.881,0.328,0.207,0.839,-0.134,0.369,0.377,0.408,0.000
3309026,0.0301398,229.595048546325,0.768,0.184,-0.581,-0.730,-0.607,-0.209,-0.235,0.091,0.874,0.882,0.329,0.209,0.839,-0.134,0.370,0.376,0.396,0.000
3309034,0.0363615,229.631410046946,0.768,0.184,-0.581,-0.730,-0.607,-0.209,-0.235,0.091,0.874,0.884,0.329,0.211,0.839,-0.133,0.370,0.376,0.391,0.000
3309038,0.0375047,229.668914746027,0.768,0.184,-0.581,-0.730,-0.607,-0.209,-0.235,0.091,0.874,0.885,0.330,0.213,0.839,-0.133,0.370,0.376,0.388,0.000
3309046,0.0113484,229.680263146292,0.768,0.184,-0.581,-0.730,-0.607,-0.209,-0.235,0.091,0.874,0.887,0.329,0.213,0.839,-0.133,0.369,0.377,0.387,0.000
3309050,0.0543284,229.734591546934,0.768,0.184,-0.581,-0.730,-0.607,-0.209,-0.235,0.091,0.874,0.888,0.330,0.215,0.840,-0.131,0.370,0.374,0.387,0.000
3309064,0.0053003,229.73989184713,0.768,0.184,-0.581,-0.730,-0.607,-0.209,-0.235,0.091,0.874,0.889,0.330,0.216,0.842,-0.128,0.370,0.370,0.391,0.000
3309070,0.0684963,229.8083881489,0.768,0.184,-0.581,-0.730,-0.607,-0.209,-0.235,0.091,0.874,0.890,0.329,0.218,0.843,-0.128,0.371,0.369,0.410,0.000
3309076,0.0363356,229.844723747578,0.768,0.184,-0.581,-0.730,-0.607,-0.209,-0.235,0.091,0.874,0.892,0.329,0.218,0.843,-0.128,0.370,0.368,0.402,0.000
3309082,0.0452311,229.889954847749,0.768,0.184,-0.581,-0.730,-0.607,-0.209,-0.235,0.091,0.874,0.893,0.328,0.220,0.843,-0.127,0.370,0.368,0.406,0.000
3309090,0.0220043,229.911959148478,0.768,0.184,-0.581,-0.730,-0.607,-0.209,-0.235,0.091,0.874,0.893,0.328,0.220,0.844,-0.127,0.370,0.367,0.405,0.000
3309100,0.0536569,229.965616046917,0.768,0.184,-0.581,-0.730,-0.607,-0.209,-0.235,0.091,0.874,0.894,0.327,0.221,0.845,-0.126,0.370,0.365,0.405,0.000
3309104,0.0191685,229.984784546774,0.768,0.184,-0.581,-0.730,-0.607,-0.209,-0.235,0.091,0.874,0.894,0.328,0.221,0.845,-0.125,0.371,0.364,0.404,0.000
3309114,0.0377193,230.022503844928,0.768,0.184,-0.581,-0.730,-0.607,-0.209,-0.235,0.091,0.874,0.896,0.329,0.223,0.846,-0.124,0.371,0.362,0.421,0.000
3309124,0.0550205,230.077524344902,0.768,0.184,-0.581,-0.730,-0.607,-0.209,-0.235,0.091,0.874,0.896,0.329,0.224,0.846,-0.123,0.372,0.360,0.430,0.000
3309132,0.0409067,230.118431046139,0.768,0.184,-0.581,-0.730,-0.607,-0.209,-0.235,0.091,0.874,0.896,0.330,0.225,0.847,-0.121,0.374,0.358,0.433,0.000
3309140,0.035528,230.153959046584,0.768,0.184,-0.581,-0.730,-0.607,-0.209,-0.235,0.091,0.874,0.897,0.330,0.226,0.847,-0.121,0.375,0.357,0.424,0.000
3309150,0.0440079,230.197966947686,0.768,0.184,-0.581,-0.730,-0.607,-0.209,-0.235,0.091,0.874,0.897,0.332,0.227,0.847,-0.119,0.376,0.356,0.426,0.000
3309158,0.0468658,230.244832746219,0.768,0.184,-0.581,-0.730,-0.607,-0.209,-0.235,0.091,0.874,0.897,0.332,0.227,0.847,-0.118,0.376,0.357,0.445,0.000
3309166,0.036709,230.281541745644,0.768,0.184,-0.581,-0.730,-0.607,-0.209,-0.235,0.091,0.874,0.897,0.331,0.227,0.846,-0.119,0.377,0.359,0.456,0.000
3309176,0.0518993,230.33344104467,0.768,0.184,-0.581,-0.730,-0.607,-0.209,-0.235,0.091,0.874,0.898,0.331,0.227,0.845,-0.117,0.377,0.362,0.473,0.000
3309186,0.0436077,230.377048745286,0.768,0.184,-0.581,-0.730,-0.607,-0.209,-0.235,0.091,0.874,0.899,0.332,0.228,0.845,-0.106,0.376,0.366,0.542,0.158
3309196,0.0418533,230.418902046513,0.768,0.184,-0.581,-0.730,-0.607,-0.209,-0.235,0.091,0.874,0.898,0.336,0.230,0.853,-0.087,0.386,0.342,0.602,0.835
3309206,0.0524104,230.471312447917,0.768,0.184,-0.581,-0.730,-0.607,-0.209,-0.235,0.091,0.874,0.897,0.339,0.228,0.853,-0.075,0.397,0.331,0.835,1.000
3309214,0.0480671,230.519379548263,0.768,0.184,-0.581,-0.730,-0.607,-0.209,-0.235,0.091,0.874,0.897,0.339,0.227,0.852,-0.070,0.399,0.332,1.000,1.000
3309224,0.0469744,230.566353946459,0.768,0.184,-0.581,-0.730,-0.607,-0.209,-0.235,0.091,0.874,0.897,0.340,0.226,0.850,-0.067,0.401,0.335,1.000,1.000
3309234,0.0483946,230.614748548251,0.768,0.184,-0.581,-0.730,-0.607,-0.209,-0.235,0.091,0.874,0.897,0.339,0.226,0.847,-0.067,0.404,0.339,1.000,1.000
3309244,0.0500974,230.664845946711,0.768,0.184,-0.581,-0.730,-0.607,-0.209,-0.235,0.091,0.874,0.898,0.338,0.226,0.846,-0.067,0.405,0.341,1.000,1.000
3309252,0.0446423,230.709488246124,0.768,0.184,-0.581,-0.730,-0.607,-0.209,-0.235,0.091,0.874,0.898,0.338,0.225,0.846,-0.066,0.404,0.342,1.000,1.000
3309262,0.0441609,230.753649144899,0.768,0.184,-0.581,-0.730,-0.607,-0.209,-0.235,0.091,0.874,0.898,0.337,0.226,0.845,-0.066,0.404,0.343,1.000,1.000
3309268,0.0453065,230.798955644947,0.768,0.184,-0.581,-0.730,-0.607,-0.209,-0.235,0.091,0.874,0.897,0.338,0.226,0.844,-0.068,0.404,0.346,1.000,1.000
3309278,0.0416256,230.840581245255,0.768,0.184,-0.581,-0.730,-0.607,-0.209,-0.235,0.091,0.874,0.898,0.337,0.224,0.843,-0.071,0.404,0.347,1.000,1.000
3309288,0.0443682,230.884949445259,0.768,0.184,-0.581,-0.730,-0.607,-0.209,-0.235,0.091,0.874,0.898,0.338,0.225,0.844,-0.071,0.404,0.347,1.000,1.000
3309296,0.0450151,230.929964545649,0.768,0.184,-0.581,-0.730,-0.607,-0.209,-0.235,0.091,0.874,0.898,0.338,0.225,0.844,-0.071,0.403,0.347,1.000,1.000
3309306,0.0479458,230.977910346817,0.768,0.184,-0.581,-0.730,-0.607,-0.209,-0.235,0.091,0.874,0.898,0.338,0.225,0.844,-0.071,0.403,0.348,1.000,1.000
3309314,0.0499236,231.027833945584,0.768,0.184,-0.581,-0.730,-0.607,-0.209,-0.235,0.091,0.874,0.898,0.339,0.224,0.844,-0.070,0.403,0.348,1.000,1.000
3309322,0.0374853,231.065319247078,0.768,0.184,-0.581,-0.730,-0.607,-0.209,-0.235,0.091,0.874,0.899,0.340,0.224,0.844,-0.068,0.405,0.346,1.000,1.000
3309332,0.0427269,231.108046147507,0.768,0.184,-0.581,-0.730,-0.607,-0.209,-0.235,0.091,0.874,0.900,0.341,0.225,0.844,-0.067,0.405,0.344,1.000,1.000
3309340,0.0435629,231.151609047782,0.768,0.184,-0.581,-0.730,-0.607,-0.209,-0.235,0.091,0.874,0.900,0.342,0.224,0.844,-0.066,0.406,0.343,1.000,1.000
3309350,0.0440801,231.195689148735,0.768,0.184,-0.581,-0.730,-0.607,-0.209,-0.235,0.091,0.874,0.900,0.342,0.224,0.844,-0.065,0.406,0.345,1.000,1.000
3309358,0.0442175,231.239906649571,0.768,0.184,-0.581,-0.730,-0.607,-0.209,-0.235,0.091,0.874,0.898,0.342,0.223,0.842,-0.068,0.407,0.347,1.000,1.000
3309368,0.0440516,231.283958248328,0.768,0.184,-0.581,-0.730,-0.607,-0.209,-0.235,0.091,0.874,0.899,0.342,0.224,0.842,-0.068,0.406,0.348,1.000,1.000
3309376,0.0474286,231.331386848819,0.768,0.184,-0.581,-0.730,-0.607,-0.209,-0.235,0.091,0.874,0.899,0.342,0.224,0.842,-0.067,0.407,0.347,1.000,1.000
3309386,0.0431925,231.374579347204,0.768,0.184,-0.581,-0.730,-0.607,-0.209,-0.235,0.091,0.874,0.900,0.342,0.225,0.842,-0.066,0.408,0.346,1.000,1.000
3309394,0.0479039,231.422483246308,0.768,0.184,-0.581,-0.730,-0.607,-0.209,-0.235,0.091,0.874,0.899,0.343,0.225,0.842,-0.066,0.408,0.346,1.000,1.000
3309404,0.0449474,231.467430646997,0.768,0.184,-0.581,-0.730,-0.607,-0.209,-0.235,0.091,0.874,0.899,0.343,0.225,0.841,-0.066,0.409,0.348,1.000,1.000
3309412,0.040735,231.508165645879,0.768,0.184,-0.581,-0.730,-0.607,-0.209,-0.235,0.091,0.874,0.900,0.343,0.225,0.840,-0.067,0.410,0.350,1.000,1.000
3309420,0.0447472,231.552912845742,0.768,0.184,-0.581,-0.730,-0.607,-0.209,-0.235,0.091,0.874,0.901,0.337,0.224,0.840,-0.077,0.400,0.358,1.000,1.000
3309430,0.0449849,231.597897745203,0.768,0.184,-0.581,-0.730,-0.607,-0.209,-0.235,0.091,0.874,0.899,0.337,0.224,0.838,-0.087,0.395,0.367,0.581,0.891
3309438,0.0459447,231.643842443358,0.768,0.184,-0.581,-0.730,-0.607,-0.209,-0.235,0.091,0.874,0.903,0.334,0.222,0.838,-0.105,0.387,0.370,0.477,0.203
3309448,0.0427085,231.686550944578,0.768,0.184,-0.581,-0.730,-0.607,-0.209,-0.235,0.091,0.874,0.904,0.332,0.220,0.836,-0.129,0.374,0.380,0.414,0.000
3309454,0.0487794,231.735330342781,0.768,0.184,-0.581,-0.730,-0.607,-0.209,-0.235,0.091,0.874,0.905,0.333,0.219,0.834,-0.138,0.369,0.386,0.352,0.000
3309462,0.0237394,231.759069742169,0.768,0.184,-0.581,-0.730,-0.607,-0.209,-0.235,0.091,0.874,0.905,0.333,0.220,0.833,-0.146,0.366,0.388,0.364,0.000
3309466,0.0393874,231.798457143363,0.768,0.184,-0.581,-0.730,-0.607,-0.209,-0.235,0.091,0.874,0.906,0.332,0.220,0.832,-0.151,0.364,0.390,0.359,0.000
3309474,0.0411913,231.839648441877,0.768,0.184,-0.581,-0.730,-0.607,-0.209,-0.235,0.091,0.874,0.907,0.331,0.220,0.829,-0.157,0.364,0.394,0.359,0.000
3309480,0.0239609,231.863609341439,0.768,0.184,-0.581,-0.730,-0.607,-0.209,-0.235,0.091,0.874,0.907,0.330,0.219,0.828,-0.161,0.364,0.396,0.333,0.000
3309488,0.0473566,231.910965943243,0.768,0.184,-0.581,-0.730,-0.607,-0.209,-0.235,0.091,0.874,0.906,0.330,0.219,0.825,-0.166,0.365,0.399,0.303,0.000
3309498,0.031907,231.942872942891,0.768,0.184,-0.581,-0.730,-0.607,-0.209,-0.235,0.091,0.874,0.907,0.331,0.219,0.825,-0.167,0.364,0.399,0.323,0.000
3309508,0.0465555,231.989428443369,0.768,0.184,-0.581,-0.730,-0.607,-0.209,-0.235,0.091,0.874,0.908,0.330,0.220,0.825,-0.167,0.365,0.399,0.337,0.000
3309514,0.0415868,232.031015244778,0.768,0.184,-0.581,-0.730,-0.607,-0.209,-0.235,0.091,0.874,0.909,0.329,0.221,0.824,-0.168,0.368,0.398,0.350,0.000
3309520,0.0266146,232.057629845571,0.768,0.184,-0.581,-0.730,-0.607,-0.209,-0.235,0.091,0.874,0.910,0.330,0.220,0.824,-0.166,0.369,0.397,0.343,0.000
3309530,0.0404113,232.098041146528,0.768,0.184,-0.581,-0.730,-0.607,-0.209,-0.235,0.091,0.874,0.911,0.329,0.220,0.823,-0.166,0.371,0.397,0.333,0.000
3309540,0.0457235,232.143764648121,0.768,0.184,-0.581,-0.730,-0.607,-0.209,-0.235,0.091,0.874,0.910,0.329,0.220,0.822,-0.168,0.372,0.396,0.331,0.000
3309548,0.0445621,232.188326749485,0.768,0.184,-0.581,-0.730,-0.607,-0.209,-0.235,0.091,0.874,0.910,0.330,0.221,0.821,-0.167,0.375,0.396,0.294,0.000
3309558,0.0441234,232.232450149488,0.768,0.184,-0.581,-0.730,-0.607,-0.209,-0.235,0.091,0.874,0.910,0.330,0.219,0.820,-0.169,0.376,0.397,0.263,0.000
3309566,0.0461686,232.278618748765,0.768,0.184,-0.581,-0.730,-0.607,-0.209,-0.235,0.091,0.874,0.910,0.331,0.219,0.819,-0.170,0.378,0.396,0.231,0.000
3309576,0.0438668,232.322485547047,0.768,0.184,-0.581,-0.730,-0.607,-0.209,-0.235,0.091,0.874,0.910,0.332,0.220,0.818,-0.172,0.379,0.397,0.205,0.000
3309586,0.0463527,232.368838246446,0.768,0.184,-0.581,-0.730,-0.607,-0.209,-0.235,0.091,0.874,0.910,0.333,0.220,0.817,-0.173,0.381,0.397,0.191,0.000
3309594,0.0529427,232.42178094713,0.768,0.184,-0.581,-0.730,-0.607,-0.209,-0.235,0.091,0.874,0.911,0.333,0.221,0.817,-0.173,0.382,0.396,0.183,0.000
3309604,0.0437289,232.465509846341,0.768,0.184,-0.581,-0.730,-0.607,-0.209,-0.235,0.091,0.874,0.912,0.333,0.220,0.817,-0.173,0.383,0.396,0.185,0.000
3309614,0.0499861,232.515495948028,0.768,0.184,-0.581,-0.730,-0.607,-0.209,-0.235,0.091,0.874,0.912,0.334,0.220,0.816,-0.174,0.383,0.396,0.190,0.000
3309624,0.0504001,232.565896048676,0.768,0.184,-0.581,-0.730,-0.607,-0.209,-0.235,0.091,0.874,0.912,0.336,0.220,0.816,-0.175,0.383,0.396,0.194,0.000
3309632,0.043393,232.609289049637,0.768,0.184,-0.581,-0.730,-0.607,-0.209,-0.235,0.091,0.874,0.911,0.336,0.219,0.815,-0.177,0.382,0.397,0.197,0.000
3309640,0.0470971,232.656386151444,0.768,0.184,-0.581,-0.730,-0.607,-0.209,-0.235,0.091,0.874,0.911,0.336,0.219,0.815,-0.179,0.382,0.398,0.234,0.000
3309650,0.0415214,232.697907551657,0.768,0.184,-0.581,-0.730,-0.607,-0.209,-0.235,0.091,0.874,0.911,0.336,0.219,0.814,-0.179,0.383,0.398,0.231,0.000
3309658,0.045262,232.743169553112,0.768,0.184,-0.581,-0.730,-0.607,-0.209,-0.235,0.091,0.874,0.912,0.336,0.218,0.814,-0.180,0.384,0.397,0.222,0.000
3309668,0.0429816,232.786151151638,0.768,0.184,-0.581,-0.730,-0.607,-0.209,-0.235,0.091,0.874,0.912,0.337,0.218,0.814,-0.179,0.384,0.397,0.226,0.000
3309674,0.0436193,232.829770452809,0.768,0.184,-0.581,-0.730,-0.607,-0.209,-0.235,0.091,0.874,0.911,0.339,0.218,0.815,-0.178,0.384,0.397,0.230,0.000
3309684,0.0350659,232.864836353343,0.768,0.184,-0.581,-0.730,-0.607,-0.209,-0.235,0.091,0.874,0.911,0.339,0.217,0.814,-0.177,0.385,0.397,0.264,0.000
3309692,0.0483132,232.913149553817,0.768,0.184,-0.581,-0.730,-0.607,-0.209,-0.235,0.091,0.874,0.911,0.339,0.217,0.813,-0.178,0.386,0.398,0.297,0.000
3309702,0.0433994,232.956548954826,0.768,0.184,-0.581,-0.730,-0.607,-0.209,-0.235,0.091,0.874,0.912,0.339,0.218,0.812,-0.178,0.386,0.399,0.311,0.000
3309710,0.0494728,233.006021756213,0.768,0.184,-0.581,-0.730,-0.607,-0.209,-0.235,0.091,0.874,0.911,0.339,0.219,0.812,-0.177,0.387,0.399,0.311,0.000
3309720,0.0438116,233.049833356868,0.768,0.184,-0.581,-0.730,-0.607,-0.209,-0.235,0.091,0.874,0.910,0.339,0.220,0.812,-0.177,0.388,0.399,0.313,0.000
3309728,0.0392381,233.089071455877,0.768,0.184,-0.581,-0.730,-0.607,-0.209,-0.235,0.091,0.874,0.912,0.340,0.219,0.811,-0.177,0.390,0.399,0.310,0.000
3309738,0.0498178,233.138889256399,0.768,0.184,-0.581,-0.730,-0.607,-0.209,-0.235,0.091,0.874,0.913,0.340,0.219,0.811,-0.177,0.391,0.398,0.317,0.000
3309748,0.04493,233.183819256257,0.768,0.184,-0.581,-0.730,-0.607,-0.209,-0.235,0.091,0.874,0.914,0.341,0.219,0.811,-0.176,0.392,0.397,0.327,0.000
3309756,0.0461889,233.230008154642,0.768,0.184,-0.581,-0.730,-0.607,-0.209,-0.235,0.091,0.874,0.913,0.340,0.218,0.811,-0.176,0.392,0.398,0.342,0.000
3309766,0.044388,233.274396154564,0.768,0.184,-0.581,-0.730,-0.607,-0.209,-0.235,0.091,0.874,0.912,0.342,0.217,0.810,-0.177,0.393,0.398,0.336,0.000
3309774,0.0492869,233.323683052789,0.768,0.184,-0.581,-0.730,-0.607,-0.209,-0.235,0.091,0.874,0.914,0.342,0.216,0.810,-0.178,0.393,0.397,0.324,0.000
3309782,0.0431536,233.366836651694,0.768,0.184,-0.581,-0.730,-0.607,-0.209,-0.235,0.091,0.874,0.915,0.342,0.214,0.810,-0.177,0.394,0.396,0.323,0.000
3309792,0.0398014,233.406638051849,0.768,0.184,-0.581,-0.730,-0.607,-0.209,-0.235,0.091,0.874,0.915,0.342,0.214,0.811,-0.176,0.395,0.394,0.294,0.000
3309802,0.0466711,233.45330915181,0.768,0.184,-0.581,-0.730,-0.607,-0.209,-0.235,0.091,0.874,0.914,0.345,0.214,0.812,-0.174,0.396,0.393,0.306,0.000
3309810,0.044642,233.4979511532,0.768,0.184,-0.581,-0.730,-0.607,-0.209,-0.235,0.091,0.874,0.913,0.347,0.214,0.811,-0.172,0.398,0.392,0.333,0.000
3309818,0.0455082,233.54345935164,0.768,0.184,-0.581,-0.730,-0.607,-0.209,-0.235,0.091,0.874,0.914,0.347,0.215,0.811,-0.173,0.399,0.392,0.341,0.000
3309828,0.0438165,233.587275851052,0.768,0.184,-0.581,-0.730,-0.607,-0.209,-0.235,0.091,0.874,0.913,0.347,0.213,0.810,-0.173,0.400,0.393,0.365,0.000
3309836,0.044228,233.631503849756,0.768,0.184,-0.581,-0.730,-0.607,-0.209,-0.235,0.091,0.874,0.913,0.347,0.212,0.809,-0.175,0.401,0.393,0.378,0.000
3309844,0.043971,233.675474848133,0.768,0.184,-0.581,-0.730,-0.607,-0.209,-0.235,0.091,0.874,0.913,0.346,0.209,0.807,-0.178,0.403,0.392,0.369,0.000
3309854,0.0424307,233.717905547004,0.768,0.184,-0.581,-0.730,-0.607,-0.209,-0.235,0.091,0.874,0.913,0.345,0.207,0.806,-0.180,0.405,0.391,0.343,0.000
3309864,0.0517153,233.769620846491,0.768,0.184,-0.581,-0.730,-0.607,-0.209,-0.235,0.091,0.874,0.912,0.344,0.205,0.805,-0.182,0.408,0.391,0.350,0.000
3309872,0.0404035,233.810024346691,0.768,0.184,-0.581,-0.730,-0.607,-0.209,-0.235,0.091,0.874,0.911,0.344,0.201,0.803,-0.184,0.411,0.390,0.334,0.000
3309882,0.0468313,233.85685564531,0.768,0.184,-0.581,-0.730,-0.607,-0.209,-0.235,0.091,0.874,0.909,0.341,0.196,0.801,-0.186,0.417,0.388,0.283,0.000
3309888,0.0392263,233.896081946325,0.768,0.184,-0.581,-0.730,-0.607,-0.209,-0.235,0.091,0.874,0.908,0.341,0.191,0.800,-0.188,0.422,0.384,0.207,0.000
3309898,0.0445326,233.940614547115,0.768,0.184,-0.581,-0.730,-0.607,-0.209,-0.235,0.091,0.874,0.906,0.341,0.187,0.800,-0.187,0.428,0.377,0.168,0.000
3309908,0.0474027,233.988017245661,0.768,0.184,-0.581,-0.730,-0.607,-0.209,-0.235,0.091,0.874,0.909,0.338,0.183,0.799,-0.188,0.436,0.369,0.128,0.000
3309916,0.0429345,234.030951745342,0.768,0.184,-0.581,-0.730,-0.607,-0.209,-0.235,0.091,0.874,0.914,0.339,0.181,0.797,-0.190,0.441,0.367,0.117,0.000
3309926,0.0433232,234.074274945538,0.768,0.184,-0.581,-0.730,-0.607,-0.209,-0.235,0.091,0.874,0.915,0.343,0.184,0.795,-0.189,0.445,0.366,0.120,0.000
3309934,0.0438545,234.118129446637,0.768,0.184,-0.581,-0.730,-0.607,-0.209,-0.235,0.091,0.874,0.916,0.347,0.188,0.796,-0.185,0.448,0.362,0.113,0.000
3309942,0.0465267,234.164656146895,0.768,0.184,-0.581,-0.730,-0.607,-0.209,-0.235,0.091,0.874,0.918,0.352,0.191,0.796,-0.181,0.450,0.361,0.098,0.000
3309952,0.0427726,234.20742874546,0.768,0.184,-0.581,-0.730,-0.607,-0.209,-0.235,0.091,0.874,0.917,0.359,0.193,0.795,-0.178,0.454,0.360,0.079,0.000
3309960,0.0449314,234.252360146027,0.768,0.184,-0.581,-0.730,-0.607,-0.209,-0.235,0.091,0.874,0.921,0.362,0.194,0.794,-0.178,0.458,0.359,0.080,0.000
3309970,0.0454449,234.297805044334,0.768,0.184,-0.581,-0.730,-0.607,-0.209,-0.235,0.091,0.874,0.924,0.365,0.193,0.794,-0.174,0.461,0.356,0.075,0.000
3309978,0.0447824,234.342587444466,0.768,0.184,-0.581,-0.730,-0.607,-0.209,-0.235,0.091,0.874,0.924,0.366,0.193,0.794,-0.173,0.462,0.355,0.065,0.000
3309986,0.0451798,234.387767243665,0.768,0.184,-0.581,-0.730,-0.607,-0.209,-0.235,0.091,0.874,0.925,0.368,0.193,0.795,-0.172,0.462,0.354,0.056,0.000
3309996,0.0375311,234.425298343878,0.768,0.184,-0.581,-0.730,-0.607,-0.209,-0.235,0.091,0.874,0.926,0.370,0.193,0.795,-0.170,0.463,0.354,0.060,0.000
3310006,0.0560759,234.481374244671,0.768,0.184,-0.581,-0.730,-0.607,-0.209,-0.235,0.091,0.874,0.927,0.373,0.193,0.794,-0.169,0.463,0.355,0.069,0.000
3310014,0.0403766,234.521750844549,0.768,0.184,-0.581,-0.730,-0.607,-0.209,-0.235,0.091,0.874,0.926,0.377,0.194,0.793,-0.167,0.465,0.356,0.076,0.000
3310024,0.0469668,234.568717643153,0.768,0.184,-0.581,-0.730,-0.607,-0.209,-0.235,0.091,0.874,0.925,0.379,0.195,0.791,-0.166,0.466,0.360,0.093,0.000
3310032,0.0416264,234.610344044399,0.768,0.184,-0.581,-0.730,-0.607,-0.209,-0.235,0.091,0.874,0.926,0.378,0.196,0.790,-0.165,0.466,0.363,0.117,0.000
3310036,0.0437079,234.654051944148,0.768,0.184,-0.581,-0.730,-0.607,-0.209,-0.235,0.091,0.874,0.925,0.377,0.196,0.790,-0.167,0.466,0.363,0.141,0.000
3310044,0.013743,234.667794944253,0.768,0.184,-0.581,-0.730,-0.607,-0.209,-0.235,0.091,0.874,0.925,0.378,0.197,0.790,-0.169,0.465,0.363,0.143,0.000
3310050,0.0568225,234.724617445376,0.768,0.184,-0.581,-0.730,-0.607,-0.209,-0.235,0.091,0.874,0.924,0.379,0.196,0.790,-0.170,0.465,0.362,0.160,0.000
3310054,0.0153556,234.73997304542,0.768,0.184,-0.581,-0.730,-0.607,-0.209,-0.235,0.091,0.874,0.925,0.382,0.194,0.791,-0.169,0.464,0.361,0.161,0.000
3310062,0.028615,234.768588045146,0.768,0.184,-0.581,-0.730,-0.607,-0.209,-0.235,0.091,0.874,0.926,0.384,0.194,0.791,-0.167,0.466,0.361,0.163,0.000
3310068,0.0374184,234.806006444152,0.768,0.184,-0.581,-0.730,-0.607,-0.209,-0.235,0.091,0.874,0.926,0.385,0.195,0.790,-0.167,0.466,0.361,0.163,0.000
3310080,0.0397283,234.845734742936,0.768,0.184,-0.581,-0.730,-0.607,-0.209,-0.235,0.091,0.874,0.929,0.389,0.197,0.789,-0.166,0.468,0.361,0.160,0.000
3310086,0.053908,234.899642744567,0.768,0.184,-0.581,-0.730,-0.607,-0.209,-0.235,0.091,0.874,0.930,0.394,0.199,0.791,-0.161,0.470,0.357,0.170,0.000
3310096,0.0393813,234.939024043735,0.768,0.184,-0.581,-0.730,-0.607,-0.209,-0.235,0.091,0.874,0.932,0.399,0.201,0.792,-0.157,0.470,0.357,0.180,0.000
3310104,0.0487603,234.987784342375,0.768,0.184,-0.581,-0.730,-0.607,-0.209,-0.235,0.091,0.874,0.935,0.406,0.203,0.792,-0.153,0.469,0.359,0.229,0.000
3310112,0.0410453,235.028829643037,0.768,0.184,-0.581,-0.730,-0.607,-0.209,-0.235,0.091,0.874,0.937,0.414,0.209,0.792,-0.151,0.467,0.363,0.353,0.000
3310122,0.0339106,235.062740241643,0.768,0.184,-0.581,-0.730,-0.607,-0.209,-0.235,0.091,0.874,0.940,0.420,0.216,0.791,-0.144,0.467,0.368,0.587,0.000
3310130,0.0442696,235.107009840664,0.768,0.184,-0.581,-0.730,-0.607,-0.209,-0.235,0.091,0.874,0.941,0.429,0.224,0.786,-0.133,0.473,0.375,0.767,0.000
3310138,0.0333296,235.140339439269,0.768,0.184,-0.581,-0.730,-0.607,-0.209,-0.235,0.091,0.874,0.943,0.436,0.234,0.782,-0.121,0.489,0.366,0.853,0.000
3310148,0.0483966,235.188736037817,0.768,0.184,-0.581,-0.730,-0.607,-0.209,-0.235,0.091,0.874,0.946,0.440,0.244,0.784,-0.117,0.490,0.363,1.000,0.000
3310156,0.0441897,235.232925736811,0.768,0.184,-0.581,-0.730,-0.607,-0.209,-0.235,0.091,0.874,0.948,0.443,0.255,0.787,-0.112,0.488,0.359,0.629,0.000
3310164,0.0429072,235.275832937565,0.768,0.184,-0.581,-0.730,-0.607,-0.209,-0.235,0.091,0.874,0.949,0.448,0.265,0.789,-0.111,0.486,0.359,0.588,0.000
3310174,0.0420034,235.317836338189,0.768,0.184,-0.581,-0.730,-0.607,-0.209,-0.235,0.091,0.874,0.950,0.452,0.272,0.791,-0.113,0.486,0.356,0.682,0.000
3310184,0.0467428,235.364579138812,0.768,0.184,-0.581,-0.730,-0.607,-0.209,-0.235,0.091,0.874,0.951,0.452,0.280,0.792,-0.114,0.486,0.352,0.720,0.000
3310192,0.0462132,235.410792337265,0.768,0.184,-0.581,-0.730,-0.607,-0.209,-0.235,0.091,0.874,0.952,0.449,0.286,0.792,-0.115,0.485,0.352,0.788,0.000
3310204,0.0502756,235.461067938711,0.768,0.184,-0.581,-0.730,-0.607,-0.209,-0.235,0.091,0.874,0.953,0.447,0.293,0.793,-0.117,0.481,0.354,0.814,0.000
3310212,0.0479294,235.508997337427,0.768,0.184,-0.581,-0.730,-0.607,-0.209,-0.235,0.091,0.874,0.953,0.443,0.298,0.795,-0.118,0.481,0.351,0.848,0.000
3310222,0.0467492,235.555746538099,0.768,0.184,-0.581,-0.730,-0.607,-0.209,-0.235,0.091,0.874,0.954,0.439,0.304,0.798,-0.118,0.478,0.347,0.877,0.000
3310230,0.048866,235.604612538125,0.768,0.184,-0.581,-0.730,-0.607,-0.209,-0.235,0.091,0.874,0.953,0.435,0.308,0.802,-0.120,0.475,0.342,1.000,0.000
3310240,0.0448031,235.649415639695,0.768,0.184,-0.581,-0.730,-0.607,-0.209,-0.235,0.091,0.874,0.952,0.433,0.311,0.804,-0.120,0.475,0.338,1.000,0.000
3310250,0.0447825,235.694198140409,0.768,0.184,-0.581,-0.730,-0.607,-0.209,-0.235,0.091,0.874,0.951,0.430,0.315,0.805,-0.117,0.476,0.335,1.000,0.000
3310258,0.0452095,235.739407641348,0.768,0.184,-0.581,-0.730,-0.607,-0.209,-0.235,0.091,0.874,0.950,0.426,0.317,0.806,-0.121,0.474,0.334,1.000,0.000
3310268,0.0483782,235.787785840686,0.768,0.184,-0.581,-0.730,-0.607,-0.209,-0.235,0.091,0.874,0.949,0.423,0.321,0.806,-0.122,0.475,0.331,1.000,0.000
3310276,0.0420833,235.829869141337,0.768,0.184,-0.581,-0.730,-0.607,-0.209,-0.235,0.091,0.874,0.948,0.419,0.325,0.807,-0.125,0.474,0.330,1.000,0.000
3310284,0.0452097,235.875078839716,0.768,0.184,-0.581,-0.730,-0.607,-0.209,-0.235,0.091,0.874,0.949,0.415,0.328,0.809,-0.124,0.474,0.326,1.000,0.000
3310294,0.0440559,235.919134741183,0.768,0.184,-0.581,-0.730,-0.607,-0.209,-0.235,0.091,0.874,0.947,0.412,0.329,0.811,-0.124,0.472,0.323,1.000,0.000
3310304,0.0455213,235.964656041469,0.768,0.184,-0.581,-0.730,-0.607,-0.209,-0.235,0.091,0.874,0.947,0.410,0.331,0.812,-0.123,0.474,0.319,1.000,0.000
3310312,0.0450642,236.009720241185,0.768,0.184,-0.581,-0.730,-0.607,-0.209,-0.235,0.091,0.874,0.946,0.408,0.334,0.812,-0.121,0.476,0.316,1.000,0.000
3310322,0.0437774,236.05349763995,0.768,0.184,-0.581,-0.730,-0.607,-0.209,-0.235,0.091,0.874,0.946,0.407,0.337,0.812,-0.118,0.478,0.314,1.000,0.000
3310330,0.0474479,236.100945541169,0.768,0.184,-0.581,-0.730,-0.607,-0.209,-0.235,0.091,0.874,0.945,0.404,0.338,0.812,-0.120,0.478,0.314,1.000,0.000
3310334,0.0467387,236.147684240248,0.768,0.184,-0.581,-0.730,-0.607,-0.209,-0.235,0.091,0.874,0.945,0.402,0.339,0.812,-0.121,0.477,0.315,1.000,0.000
3310340,0.0115165,236.159200740512,0.768,0.184,-0.581,-0.730,-0.607,-0.209,-0.235,0.091,0.874,0.944,0.400,0.339,0.812,-0.124,0.476,0.316,1.000,0.000
3310346,0.0494243,236.208625042345,0.768,0.184,-0.581,-0.730,-0.607,-0.209,-0.235,0.091,0.874,0.945,0.398,0.340,0.812,-0.125,0.475,0.314,1.000,0.000
3310352,0.0108417,236.219466742594,0.768,0.184,-0.581,-0.730,-0.607,-0.209,-0.235,0.091,0.874,0.944,0.396,0.340,0.813,-0.126,0.475,0.312,1.000,0.000
3310362,0.0597639,236.279230643529,0.768,0.184,-0.581,-0.730,-0.607,-0.209,-0.235,0.091,0.874,0.943,0.394,0.340,0.812,-0.127,0.476,0.312,1.000,0.000
3310368,0.0413057,236.320536341984,0.768,0.184,-0.581,-0.730,-0.607,-0.209,-0.235,0.091,0.874,0.943,0.391,0.341,0.811,-0.128,0.478,0.311,1.000,0.000
3310376,0.0194796,236.340015942696,0.768,0.184,-0.581,-0.730,-0.607,-0.209,-0.235,0.091,0.874,0.944,0.387,0.341,0.811,-0.130,0.479,0.310,1.000,0.000
3310386,0.0375145,236.377530443016,0.768,0.184,-0.581,-0.730,-0.607,-0.209,-0.235,0.091,0.874,0.944,0.385,0.340,0.811,-0.131,0.481,0.307,1.000,0.000
3310394,0.0558148,236.433345241938,0.768,0.184,-0.581,-0.730,-0.607,-0.209,-0.235,0.091,0.874,0.945,0.383,0.339,0.811,-0.128,0.483,0.306,1.000,0.000
3310404,0.0445005,236.477845741902,0.768,0.184,-0.581,-0.730,-0.607,-0.209,-0.235,0.091,0.874,0.942,0.383,0.336,0.810,-0.124,0.485,0.305,1.000,0.000
3310410,0.043421,236.521266742144,0.768,0.184,-0.581,-0.730,-0.607,-0.209,-0.235,0.091,0.874,0.941,0.381,0.336,0.808,-0.116,0.492,0.303,1.000,0.044
3310420,0.0331009,236.554367641453,0.768,0.184,-0.581,-0.730,-0.607,-0.209,-0.235,0.091,0.874,0.941,0.380,0.335,0.808,-0.108,0.497,0.299,1.000,0.164
3310430,0.0472764,236.601644041482,0.768,0.184,-0.581,-0.730,-0.607,-0.209,-0.235,0.091,0.874,0.942,0.377,0.335,0.808,-0.106,0.498,0.298,1.000,0.256
3310438,0.0397524,236.641396442894,0.768,0.184,-0.581,-0.730,-0.607,-0.209,-0.235,0.091,0.874,0.944,0.374,0.332,0.807,-0.107,0.495,0.303,1.000,0.318
3310448,0.041462,236.682858443353,0.768,0.184,-0.581,-0.730,-0.607,-0.209,-0.235,0.091,0.874,0.946,0.370,0.331,0.807,-0.107,0.494,0.306,1.000,0.415
3310458,0.0473954,236.730253844056,0.768,0.184,-0.581,-0.730,-0.607,-0.209,-0.235,0.091,0.874,0.946,0.369,0.328,0.809,-0.105,0.491,0.306,1.000,0.446
3310470,0.0552711,236.785524944309,0.768,0.184,-0.581,-0.730,-0.607,-0.209,-0.235,0.091,0.874,0.947,0.366,0.325,0.811,-0.101,0.488,0.307,1.000,0.427
3310480,0.0577267,236.843251644168,0.768,0.184,-0.581,-0.730,-0.607,-0.209,-0.235,0.091,0.874,0.946,0.362,0.321,0.813,-0.102,0.483,0.309,1.000,0.460
3310490,0.0546923,236.897943942342,0.768,0.184,-0.581,-0.730,-0.607,-0.209,-0.235,0.091,0.874,0.947,0.356,0.316,0.816,-0.103,0.479,0.307,1.000,0.523
3310500,0.0516165,236.949560443405,0.768,0.184,-0.581,-0.730,-0.607,-0.209,-0.235,0.091,0.874,0.944,0.352,0.313,0.820,-0.100,0.474,0.305,1.000,0.539
3310510,0.0473792,236.996939642821,0.768,0.184,-0.581,-0.730,-0.607,-0.209,-0.235,0.091,0.874,0.943,0.347,0.309,0.821,-0.101,0.472,0.305,1.000,0.513
3310520,0.0472396,237.044179244433,0.768,0.184,-0.581,-0.730,-0.607,-0.209,-0.235,0.091,0.874,0.943,0.340,0.306,0.823,-0.102,0.472,0.299,1.000,0.479
3310530,0.0520757,237.096254943404,0.768,0.184,-0.581,-0.730,-0.607,-0.209,-0.235,0.091,0.874,0.943,0.335,0.302,0.825,-0.104,0.470,0.297,1.000,0.430
3310538,0.0449866,237.141241541598,0.768,0.184,-0.581,-0.730,-0.607,-0.209,-0.235,0.091,0.874,0.942,0.330,0.300,0.826,-0.104,0.471,0.294,1.000,0.385
3310548,0.0456769,237.186918439809,0.768,0.184,-0.581,-0.730,-0.607,-0.209,-0.235,0.091,0.874,0.938,0.327,0.298,0.827,-0.106,0.469,0.290,1.000,0.357
3310556,0.04368,237.230598440859,0.768,0.184,-0.581,-0.730,-0.607,-0.209,-0.235,0.091,0.874,0.938,0.326,0.297,0.828,-0.105,0.473,0.283,1.000,0.333
3310566,0.0453241,237.275922539178,0.768,0.184,-0.581,-0.730,-0.607,-0.209,-0.235,0.091,0.874,0.939,0.324,0.296,0.828,-0.106,0.473,0.282,1.000,0.376
3310574,0.0441117,237.320034238044,0.768,0.184,-0.581,-0.730,-0.607,-0.209,-0.235,0.091,0.874,0.938,0.323,0.296,0.829,-0.106,0.471,0.282,1.000,0.395
3310582,0.042702,237.362736238632,0.768,0.184,-0.581,-0.730,-0.607,-0.209,-0.235,0.091,0.874,0.936,0.323,0.296,0.829,-0.106,0.471,0.282,1.000,0.417
3310592,0.0403618,237.403098037932,0.768,0.184,-0.581,-0.730,-0.607,-0.209,-0.235,0.091,0.874,0.935,0.323,0.295,0.830,-0.104,0.470,0.281,1.000,0.438
3310600,0.0494899,237.452587938402,0.768,0.184,-0.581,-0.730,-0.607,-0.209,-0.235,0.091,0.874,0.934,0.322,0.295,0.829,-0.106,0.470,0.282,1.000,0.459
3310610,0.0467453,237.499333238695,0.768,0.184,-0.581,-0.730,-0.607,-0.209,-0.235,0.091,0.874,0.933,0.321,0.295,0.829,-0.108,0.470,0.282,1.000,0.480
3310618,0.0437618,237.543095039669,0.768,0.184,-0.581,-0.730,-0.607,-0.209,-0.235,0.091,0.874,0.933,0.321,0.295,0.829,-0.109,0.471,0.282,1.000,0.479
3310626,0.0448787,237.587973738555,0.768,0.184,-0.581,-0.730,-0.607,-0.209,-0.235,0.091,0.874,0.935,0.320,0.295,0.830,-0.109,0.470,0.280,1.000,0.487
3310636,0.0415024,237.629476139788,0.768,0.184,-0.581,-0.730,-0.607,-0.209,-0.235,0.091,0.874,0.936,0.320,0.296,0.831,-0.108,0.470,0.277,1.000,0.484
3310646,0.0453639,237.674840039108,0.768,0.184,-0.581,-0.730,-0.607,-0.209,-0.235,0.091,0.874,0.935,0.321,0.296,0.833,-0.104,0.471,0.272,1.000,0.466
3310654,0.0471826,237.722022640053,0.768,0.184,-0.581,-0.730,-0.607,-0.209,-0.235,0.091,0.874,0.935,0.321,0.297,0.833,-0.103,0.470,0.273,1.000,0.443
3310662,0.0431624,237.765185041819,0.768,0.184,-0.581,-0.730,-0.607,-0.209,-0.235,0.091,0.874,0.936,0.322,0.296,0.833,-0.104,0.470,0.273,1.000,0.431
3310672,0.0436281,237.808813142125,0.768,0.184,-0.581,-0.730,-0.607,-0.209,-0.235,0.091,0.874,0.936,0.321,0.295,0.832,-0.106,0.469,0.277,1.000,0.421
3310680,0.0483319,237.857145043556,0.768,0.184,-0.581,-0.730,-0.607,-0.209,-0.235,0.091,0.874,0.937,0.322,0.294,0.831,-0.106,0.470,0.277,1.000,0.421
3310690,0.0387791,237.895924142096,0.768,0.184,-0.581,-0.730,-0.607,-0.209,-0.235,0.091,0.874,0.936,0.323,0.294,0.831,-0.106,0.470,0.279,1.000,0.407
3310698,0.0461408,237.942064943258,0.768,0.184,-0.581,-0.730,-0.607,-0.209,-0.235,0.091,0.874,0.936,0.323,0.292,0.830,-0.108,0.470,0.280,1.000,0.391
3310706,0.0442008,237.986265743617,0.768,0.184,-0.581,-0.730,-0.607,-0.209,-0.235,0.091,0.874,0.936,0.323,0.291,0.829,-0.109,0.471,0.282,1.000,0.391
3310716,0.0447875,238.031053243671,0.768,0.184,-0.581,-0.730,-0.607,-0.209,-0.235,0.091,0.874,0.937,0.324,0.291,0.829,-0.108,0.471,0.281,1.000,0.390
3310726,0.0473575,238.07841074327,0.768,0.184,-0.581,-0.730,-0.607,-0.209,-0.235,0.091,0.874,0.938,0.324,0.290,0.830,-0.106,0.471,0.280,1.000,0.377
3310734,0.0443219,238.122732641641,0.768,0.184,-0.581,-0.730,-0.607,-0.209,-0.235,0.091,0.874,0.939,0.323,0.288,0.830,-0.106,0.471,0.280,1.000,0.395
3310744,0.0437301,238.166462740395,0.768,0.184,-0.581,-0.730,-0.607,-0.209,-0.235,0.091,0.874,0.940,0.324,0.287,0.831,-0.105,0.470,0.280,1.000,0.409
3310752,0.0434721,238.209934840444,0.768,0.184,-0.581,-0.730,-0.607,-0.209,-0.235,0.091,0.874,0.940,0.325,0.286,0.831,-0.102,0.471,0.277,1.000,0.435
3310760,0.0434029,238.253337739501,0.768,0.184,-0.581,-0.730,-0.607,-0.209,-0.235,0.091,0.874,0.940,0.328,0.282,0.831,-0.099,0.473,0.275,1.000,0.445
3310768,0.0420572,238.295394940767,0.768,0.184,-0.581,-0.730,-0.607,-0.209,-0.235,0.091,0.874,0.941,0.328,0.278,0.831,-0.094,0.475,0.275,1.000,0.488
3310778,0.0424203,238.337815242354,0.768,0.184,-0.581,-0.730,-0.607,-0.209,-0.235,0.091,0.874,0.941,0.329,0.275,0.833,-0.089,0.476,0.268,1.000,0.512
3310786,0.046102,238.383917240892,0.768,0.184,-0.581,-0.730,-0.607,-0.209,-0.235,0.091,0.874,0.940,0.330,0.270,0.835,-0.082,0.478,0.261,1.000,0.525
3310796,0.0451642,238.4290814423,0.768,0.184,-0.581,-0.730,-0.607,-0.209,-0.235,0.091,0.874,0.940,0.332,0.266,0.836,-0.079,0.480,0.255,1.000,0.539
3310804,0.0450118,238.474093242083,0.768,0.184,-0.581,-0.730,-0.607,-0.209,-0.235,0.091,0.874,0.941,0.331,0.261,0.835,-0.076,0.484,0.252,1.000,0.587
3310814,0.0434708,238.517564042006,0.768,0.184,-0.581,-0.730,-0.607,-0.209,-0.235,0.091,0.874,0.942,0.331,0.257,0.835,-0.074,0.485,0.250,0.887,0.656
3310822,0.0475045,238.56506854156,0.768,0.184,-0.581,-0.730,-0.607,-0.209,-0.235,0.091,0.874,0.943,0.333,0.251,0.835,-0.072,0.485,0.247,0.824,0.663
3310832,0.0416206,238.606689142529,0.768,0.184,-0.581,-0.730,-0.607,-0.209,-0.235,0.091,0.874,0.943,0.336,0.246,0.837,-0.069,0.485,0.245,0.890,0.642
3310840,0.0497449,238.656434042845,0.768,0.184,-0.581,-0.730,-0.607,-0.209,-0.235,0.091,0.874,0.943,0.338,0.241,0.838,-0.066,0.484,0.243,0.942,0.628
3310850,0.0407851,238.697219143156,0.768,0.184,-0.581,-0.730,-0.607,-0.209,-0.235,0.091,0.874,0.944,0.338,0.235,0.838,-0.064,0.484,0.243,0.952,0.624
3310858,0.0449299,238.742149042431,0.768,0.184,-0.581,-0.730,-0.607,-0.209,-0.235,0.091,0.874,0.946,0.338,0.229,0.838,-0.063,0.485,0.243,0.912,0.634
3310866,0.0444551,238.786604142282,0.768,0.184,-0.581,-0.730,-0.607,-0.209,-0.235,0.091,0.874,0.948,0.340,0.225,0.838,-0.063,0.485,0.242,0.857,0.644
3310876,0.0479059,238.834510041866,0.768,0.184,-0.581,-0.730,-0.607,-0.209,-0.235,0.091,0.874,0.948,0.342,0.221,0.838,-0.058,0.486,0.242,0.758,0.672
3310884,0.0413383,238.875848340336,0.768,0.184,-0.581,-0.730,-0.607,-0.209,-0.235,0.091,0.874,0.951,0.342,0.214,0.838,-0.058,0.486,0.243,0.620,0.713
3310894,0.0438331,238.919681439642,0.768,0.184,-0.581,-0.730,-0.607,-0.209,-0.235,0.091,0.874,0.952,0.342,0.210,0.837,-0.058,0.485,0.248,0.544,0.717
3310902,0.0472695,238.966950940434,0.768,0.184,-0.581,-0.730,-0.607,-0.209,-0.235,0.091,0.874,0.952,0.342,0.206,0.835,-0.059,0.486,0.252,0.508,0.720
3310912,0.040973,239.007923940662,0.768,0.184,-0.581,-0.730,-0.607,-0.209,-0.235,0.091,0.874,0.952,0.343,0.203,0.834,-0.059,0.486,0.253,0.448,0.736
3310920,0.0448262,239.052750139032,0.768,0.184,-0.581,-0.730,-0.607,-0.209,-0.235,0.091,0.874,0.953,0.341,0.199,0.833,-0.060,0.485,0.259,0.407,0.731
3310930,0.0448861,239.097636240069,0.768,0.184,-0.581,-0.730,-0.607,-0.209,-0.235,0.091,0.874,0.952,0.341,0.197,0.833,-0.065,0.482,0.265,0.357,0.739
3310938,0.0485532,239.146189438645,0.768,0.184,-0.581,-0.730,-0.607,-0.209,-0.235,0.091,0.874,0.953,0.339,0.193,0.832,-0.069,0.479,0.271,0.324,0.748
3310948,0.0443742,239.190563640092,0.768,0.184,-0.581,-0.730,-0.607,-0.209,-0.235,0.091,0.874,0.951,0.338,0.191,0.832,-0.070,0.479,0.272,0.307,0.766
3310956,0.0402449,239.230808539782,0.768,0.184,-0.581,-0.730,-0.607,-0.209,-0.235,0.091,0.874,0.950,0.339,0.188,0.832,-0.071,0.477,0.274,0.298,0.757
3310964,0.0414959,239.272304440383,0.768,0.184,-0.581,-0.730,-0.607,-0.209,-0.235,0.091,0.874,0.947,0.340,0.186,0.833,-0.072,0.475,0.274,0.289,0.750
3310974,0.047452,239.319756439421,0.768,0.184,-0.581,-0.730,-0.607,-0.209,-0.235,0.091,0.874,0.947,0.339,0.184,0.833,-0.075,0.473,0.278,0.277,0.730
3310984,0.0439335,239.363689939026,0.768,0.184,-0.581,-0.730,-0.607,-0.209,-0.235,0.091,0.874,0.946,0.340,0.183,0.832,-0.078,0.472,0.281,0.272,0.712
3310992,0.0477182,239.411408139858,0.768,0.184,-0.581,-0.730,-0.607,-0.209,-0.235,0.091,0.874,0.945,0.341,0.183,0.831,-0.081,0.470,0.286,0.239,0.679
3311000,0.0427803,239.454188438598,0.768,0.184,-0.581,-0.730,-0.607,-0.209,-0.235,0.091,0.874,0.945,0.342,0.184,0.831,-0.082,0.469,0.288,0.230,0.674
3311010,0.0424132,239.496601639781,0.768,0.184,-0.581,-0.730,-0.607,-0.209,-0.235,0.091,0.874,0.948,0.342,0.184,0.829,-0.084,0.468,0.294,0.224,0.669
3311018,0.0465583,239.543159937952,0.768,0.184,-0.581,-0.730,-0.607,-0.209,-0.235,0.091,0.874,0.946,0.344,0.187,0.828,-0.086,0.466,0.300,0.214,0.679
3311028,0.0425677,239.585727638099,0.768,0.184,-0.581,-0.730,-0.607,-0.209,-0.235,0.091,0.874,0.946,0.345,0.189,0.828,-0.086,0.465,0.302,0.213,0.679
3311036,0.050167,239.635894639883,0.768,0.184,-0.581,-0.730,-0.607,-0.209,-0.235,0.091,0.874,0.946,0.345,0.190,0.828,-0.084,0.465,0.303,0.205,0.674
3311044,0.0372316,239.673126241658,0.768,0.184,-0.581,-0.730,-0.607,-0.209,-0.235,0.091,0.874,0.946,0.342,0.188,0.831,-0.080,0.465,0.295,0.218,0.668
3311054,0.0462932,239.71941944072,0.768,0.184,-0.581,-0.730,-0.607,-0.209,-0.235,0.091,0.874,0.946,0.341,0.183,0.835,-0.079,0.463,0.287,0.231,0.642
3311062,0.0442733,239.763692738954,0.768,0.184,-0.581,-0.730,-0.607,-0.209,-0.235,0.091,0.874,0.949,0.339,0.178,0.839,-0.076,0.461,0.279,0.247,0.627
3311070,0.0442303,239.807923039887,0.768,0.184,-0.581,-0.730,-0.607,-0.209,-0.235,0.091,0.874,0.952,0.336,0.174,0.841,-0.074,0.460,0.275,0.259,0.595
3311080,0.045728,239.853651041631,0.768,0.184,-0.581,-0.730,-0.607,-0.209,-0.235,0.091,0.874,0.954,0.333,0.169,0.842,-0.074,0.458,0.274,0.276,0.586
3311090,0.0442903,239.897941342089,0.768,0.184,-0.581,-0.730,-0.607,-0.209,-0.235,0.091,0.874,0.954,0.333,0.168,0.843,-0.067,0.459,0.272,0.287,0.590
3311098,0.0431847,239.941126043443,0.768,0.184,-0.581,-0.730,-0.607,-0.209,-0.235,0.091,0.874,0.957,0.330,0.166,0.843,-0.070,0.456,0.276,0.312,0.617
3311108,0.0489257,239.990051744971,0.768,0.184,-0.581,-0.730,-0.607,-0.209,-0.235,0.091,0.874,0.957,0.329,0.164,0.843,-0.073,0.453,0.281,0.315,0.580
3311116,0.0397637,240.029815445188,0.768,0.184,-0.581,-0.730,-0.607,-0.209,-0.235,0.091,0.874,0.957,0.330,0.162,0.843,-0.072,0.451,0.284,0.301,0.542
3311124,0.0451727,240.074988143984,0.768,0.184,-0.581,-0.730,-0.607,-0.209,-0.235,0.091,0.874,0.962,0.331,0.161,0.845,-0.069,0.449,0.284,0.287,0.531
3311134,0.0434378,240.118425945286,0.768,0.184,-0.581,-0.730,-0.607,-0.209,-0.235,0.091,0.874,0.964,0.333,0.159,0.845,-0.067,0.449,0.283,0.291,0.505
3311142,0.0488033,240.167229244951,0.768,0.184,-0.581,-0.730,-0.607,-0.209,-0.235,0.091,0.874,0.963,0.337,0.158,0.845,-0.066,0.450,0.282,0.293,0.500
3311152,0.0459483,240.213177545462,0.768,0.184,-0.581,-0.730,-0.607,-0.209,-0.235,0.091,0.874,0.962,0.339,0.160,0.844,-0.067,0.449,0.285,0.287,0.486
3311158,0.0396981,240.252875647042,0.768,0.184,-0.581,-0.730,-0.607,-0.209,-0.235,0.091,0.874,0.963,0.341,0.159,0.844,-0.068,0.449,0.287,0.271,0.435
3311166,0.0452811,240.29815674806,0.768,0.184,-0.581,-0.730,-0.607,-0.209,-0.235,0.091,0.874,0.963,0.341,0.158,0.843,-0.067,0.449,0.288,0.261,0.423
3311170,0.0232645,240.321421247441,0.768,0.184,-0.581,-0.730,-0.607,-0.209,-0.235,0.091,0.874,0.963,0.342,0.158,0.843,-0.066,0.449,0.290,0.262,0.421
3311180,0.03047,240.351891248021,0.768,0.184,-0.581,-0.730,-0.607,-0.209,-0.235,0.091,0.874,0.963,0.343,0.158,0.842,-0.064,0.450,0.290,0.263,0.412
3311190,0.0557474,240.407638648991,0.768,0.184,-0.581,-0.730,-0.607,-0.209,-0.235,0.091,0.874,0.964,0.342,0.156,0.842,-0.065,0.452,0.287,0.269,0.435
3311194,0.0435131,240.451151749585,0.768,0.184,-0.581,-0.730,-0.607,-0.209,-0.235,0.091,0.874,0.964,0.343,0.155,0.842,-0.065,0.452,0.289,0.264,0.436
3311204,0.0132671,240.464418849442,0.768,0.184,-0.581,-0.730,-0.607,-0.209,-0.235,0.091,0.874,0.962,0.342,0.153,0.842,-0.062,0.453,0.285,0.264,0.427
3311212,0.0562349,240.52065374935,0.768,0.184,-0.581,-0.730,-0.607,-0.209,-0.235,0.091,0.874,0.961,0.340,0.150,0.843,-0.062,0.454,0.281,0.268,0.413
3311222,0.0466692,240.567322949413,0.768,0.184,-0.581,-0.730,-0.607,-0.209,-0.235,0.091,0.874,0.960,0.338,0.147,0.843,-0.063,0.456,0.280,0.271,0.375
3311228,0.0401962,240.607519148383,0.768,0.184,-0.581,-0.730,-0.607,-0.209,-0.235,0.091,0.874,0.959,0.337,0.144,0.843,-0.065,0.457,0.277,0.278,0.349
3311238,0.0382939,240.645813050214,0.768,0.184,-0.581,-0.730,-0.607,-0.209,-0.235,0.091,0.874,0.959,0.337,0.141,0.844,-0.068,0.456,0.274,0.278,0.320
3311250,0.0401452,240.68595824996,0.768,0.184,-0.581,-0.730,-0.607,-0.209,-0.235,0.091,0.874,0.958,0.335,0.139,0.843,-0.072,0.457,0.274,0.276,0.283
3311260,0.054754,240.740712250117,0.768,0.184,-0.581,-0.730,-0.607,-0.209,-0.235,0.091,0.874,0.958,0.334,0.137,0.843,-0.076,0.457,0.274,0.255,0.253
3311272,0.0561004,240.796812648419,0.768,0.184,-0.581,-0.730,-0.607,-0.209,-0.235,0.091,0.874,0.959,0.335,0.136,0.842,-0.076,0.457,0.275,0.242,0.216
3311282,0.057872,240.854684649501,0.768,0.184,-0.581,-0.730,-0.607,-0.209,-0.235,0.091,0.874,0.959,0.335,0.136,0.842,-0.077,0.457,0.276,0.235,0.220
3311296,0.0547232,240.909407848958,0.768,0.184,-0.581,-0.730,-0.607,-0.209,-0.235,0.091,0.874,0.960,0.337,0.136,0.842,-0.076,0.458,0.274,0.235,0.213
3311306,0.0653964,240.974804247264,0.768,0.184,-0.581,-0.730,-0.607,-0.209,-0.235,0.091,0.874,0.962,0.339,0.137,0.842,-0.077,0.459,0.274,0.238,0.197
3311316,0.0577572,241.032561446074,0.768,0.184,-0.581,-0.730,-0.607,-0.209,-0.235,0.091,0.874,0.962,0.340,0.138,0.842,-0.075,0.460,0.273,0.238,0.198
3311324,0.0533009,241.085862344597,0.768,0.184,-0.581,-0.730,-0.607,-0.209,-0.235,0.091,0.874,0.961,0.341,0.138,0.841,-0.074,0.460,0.273,0.223,0.176
3311334,0.037615,241.123477345798,0.768,0.184,-0.581,-0.730,-0.607,-0.209,-0.235,0.091,0.874,0.960,0.342,0.139,0.841,-0.073,0.460,0.275,0.223,0.172
3311344,0.042501,241.165978344623,0.768,0.184,-0.581,-0.730,-0.607,-0.209,-0.235,0.091,0.874,0.960,0.343,0.140,0.841,-0.071,0.460,0.275,0.233,0.195
3311352,0.0551395,241.221117845271,0.768,0.184,-0.581,-0.730,-0.607,-0.209,-0.235,0.091,0.874,0.959,0.344,0.140,0.841,-0.070,0.460,0.276,0.243,0.212
3311362,0.0424493,241.263567144517,0.768,0.184,-0.581,-0.730,-0.607,-0.209,-0.235,0.091,0.874,0.959,0.345,0.141,0.841,-0.069,0.461,0.276,0.259,0.222
3311370,0.0457393,241.309306445066,0.768,0.184,-0.581,-0.730,-0.607,-0.209,-0.235,0.091,0.874,0.958,0.346,0.143,0.840,-0.070,0.463,0.275,0.269,0.232
3311380,0.046791,241.356097443495,0.768,0.184,-0.581,-0.730,-0.607,-0.209,-0.235,0.091,0.874,0.956,0.349,0.146,0.837,-0.068,0.468,0.276,0.267,0.220
3311388,0.0413056,241.397403045092,0.768,0.184,-0.581,-0.730,-0.607,-0.209,-0.235,0.091,0.874,0.953,0.353,0.148,0.830,-0.059,0.476,0.283,0.289,0.292
3311398,0.0453076,241.4427106441,0.768,0.184,-0.581,-0.730,-0.607,-0.209,-0.235,0.091,0.874,0.948,0.356,0.154,0.826,-0.052,0.483,0.286,0.374,0.548
3311406,0.0447883,241.487498945091,0.768,0.184,-0.581,-0.730,-0.607,-0.209,-0.235,0.091,0.874,0.947,0.358,0.160,0.823,-0.048,0.486,0.290,0.405,0.676
3311414,0.0449048,241.53240374336,0.768,0.184,-0.581,-0.730,-0.607,-0.209,-0.235,0.091,0.874,0.946,0.359,0.168,0.824,-0.044,0.486,0.288,0.420,0.744
3311422,0.042003,241.574406741653,0.768,0.184,-0.581,-0.730,-0.607,-0.209,-0.235,0.091,0.874,0.943,0.363,0.175,0.825,-0.041,0.486,0.286,0.406,0.712
3311430,0.0375045,241.611911243293,0.768,0.184,-0.581,-0.730,-0.607,-0.209,-0.235,0.091,0.874,0.941,0.367,0.180,0.827,-0.036,0.484,0.284,0.367,0.652
3311438,0.0411246,241.653035844211,0.768,0.184,-0.581,-0.730,-0.607,-0.209,-0.235,0.091,0.874,0.941,0.372,0.186,0.825,-0.038,0.483,0.292,0.333,0.593
3311448,0.0404326,241.693468442652,0.768,0.184,-0.581,-0.730,-0.607,-0.209,-0.235,0.091,0.874,0.939,0.378,0.193,0.822,-0.042,0.481,0.301,0.270,0.505
3311458,0.039302,241.732770441566,0.768,0.184,-0.581,-0.730,-0.607,-0.209,-0.235,0.091,0.874,0.939,0.383,0.200,0.820,-0.045,0.480,0.310,0.236,0.464
3311468,0.0500516,241.782822041307,0.768,0.184,-0.581,-0.730,-0.607,-0.209,-0.235,0.091,0.874,0.938,0.383,0.206,0.817,-0.049,0.479,0.318,0.294,0.371
3311478,0.0542653,241.837087342981,0.768,0.184,-0.581,-0.730,-0.607,-0.209,-0.235,0.091,0.874,0.937,0.386,0.209,0.815,-0.051,0.481,0.319,0.368,0.320
3311490,0.0562325,241.893319843803,0.768,0.184,-0.581,-0.730,-0.607,-0.209,-0.235,0.091,0.874,0.935,0.386,0.211,0.814,-0.053,0.484,0.316,0.362,0.292
3311500,0.0553812,241.94870104501,0.768,0.184,-0.581,-0.730,-0.607,-0.209,-0.235,0.091,0.874,0.933,0.386,0.212,0.814,-0.053,0.486,0.313,0.358,0.269
3311508,0.0477891,241.996490145568,0.768,0.184,-0.581,-0.730,-0.607,-0.209,-0.235,0.091,0.874,0.932,0.384,0.213,0.815,-0.051,0.487,0.310,0.335,0.268
3311518,0.0436397,242.040129846428,0.768,0.184,-0.581,-0.730,-0.607,-0.209,-0.235,0.091,0.874,0.930,0.382,0.212,0.815,-0.052,0.488,0.307,0.337,0.240
3311528,0.0450131,242.085142946336,0.768,0.184,-0.581,-0.730,-0.607,-0.209,-0.235,0.091,0.874,0.929,0.378,0.210,0.815,-0.057,0.489,0.305,0.335,0.221
3311536,0.0480202,242.133163145278,0.768,0.184,-0.581,-0.730,-0.607,-0.209,-0.235,0.091,0.874,0.927,0.375,0.210,0.816,-0.060,0.489,0.303,0.336,0.205
3311546,0.0523917,242.185554845724,0.768,0.184,-0.581,-0.730,-0.607,-0.209,-0.235,0.091,0.874,0.924,0.370,0.205,0.817,-0.062,0.490,0.297,0.330,0.215
3311556,0.0446189,242.23017374659,0.768,0.184,-0.581,-0.730,-0.607,-0.209,-0.235,0.091,0.874,0.921,0.366,0.198,0.819,-0.065,0.491,0.289,0.317,0.203
3311564,0.0438182,242.273991944734,0.768,0.184,-0.581,-0.730,-0.607,-0.209,-0.235,0.091,0.874,0.919,0.360,0.193,0.820,-0.072,0.491,0.284,0.321,0.227
3311572,0.0452681,242.319260044489,0.768,0.184,-0.581,-0.730,-0.607,-0.209,-0.235,0.091,0.874,0.920,0.355,0.190,0.820,-0.081,0.491,0.282,0.300,0.199
3311580,0.0349279,242.35418794537,0.768,0.184,-0.581,-0.730,-0.607,-0.209,-0.235,0.091,0.874,0.922,0.351,0.188,0.821,-0.085,0.488,0.282,0.315,0.176
3311590,0.0444296,242.398617545608,0.768,0.184,-0.581,-0.730,-0.607,-0.209,-0.235,0.091,0.874,0.924,0.349,0.191,0.823,-0.085,0.483,0.286,0.386,0.195
3311598,0.0486628,242.44728034595,0.768,0.184,-0.581,-0.730,-0.607,-0.209,-0.235,0.091,0.874,0.928,0.352,0.194,0.826,-0.084,0.475,0.292,0.460,0.339
3311608,0.0422799,242.489560245071,0.768,0.184,-0.581,-0.730,-0.607,-0.209,-0.235,0.091,0.874,0.931,0.354,0.200,0.830,-0.083,0.462,0.303,0.463,0.458
3311616,0.0437818,242.533342043404,0.768,0.184,-0.581,-0.730,-0.607,-0.209,-0.235,0.091,0.874,0.930,0.358,0.207,0.831,-0.085,0.448,0.318,0.508,0.524
3311624,0.0439827,242.577324742917,0.768,0.184,-0.581,-0.730,-0.607,-0.209,-0.235,0.091,0.874,0.929,0.359,0.215,0.832,-0.088,0.436,0.331,0.507,0.571
3311634,0.0419472,242.619271943811,0.768,0.184,-0.581,-0.730,-0.607,-0.209,-0.235,0.091,0.874,0.927,0.361,0.221,0.833,-0.097,0.426,0.340,0.568,0.589
3311642,0.0464784,242.665750341956,0.768,0.184,-0.581,-0.730,-0.607,-0.209,-0.235,0.091,0.874,0.921,0.364,0.225,0.831,-0.102,0.422,0.347,0.585,0.576
3311652,0.0450807,242.710831040982,0.768,0.184,-0.581,-0.730,-0.607,-0.209,-0.235,0.091,0.874,0.916,0.364,0.225,0.829,-0.108,0.419,0.354,0.620,0.542
3311662,0.0497538,242.760584841017,0.768,0.184,-0.581,-0.730,-0.607,-0.209,-0.235,0.091,0.874,0.910,0.365,0.223,0.828,-0.115,0.416,0.358,0.633,0.512
3311672,0.0469812,242.807566041593,0.768,0.184,-0.581,-0.730,-0.607,-0.209,-0.235,0.091,0.874,0.906,0.361,0.222,0.824,-0.121,0.420,0.359,0.576,0.457
3311680,0.0452846,242.852850640658,0.768,0.184,-0.581,-0.730,-0.607,-0.209,-0.235,0.091,0.874,0.905,0.357,0.219,0.823,-0.125,0.421,0.360,0.557,0.415
3311688,0.0419835,242.894834140781,0.768,0.184,-0.581,-0.730,-0.607,-0.209,-0.235,0.091,0.874,0.903,0.355,0.218,0.824,-0.128,0.423,0.356,0.545,0.391
3311698,0.0479544,242.94278853992,0.768,0.184,-0.581,-0.730,-0.607,-0.209,-0.235,0.091,0.874,0.903,0.353,0.216,0.823,-0.131,0.423,0.355,0.573,0.394
3311706,0.0454142,242.98820273811,0.768,0.184,-0.581,-0.730,-0.607,-0.209,-0.235,0.091,0.874,0.902,0.355,0.216,0.825,-0.128,0.427,0.349,0.586,0.411
3311712,0.0472397,243.03544243658,0.768,0.184,-0.581,-0.730,-0.607,-0.209,-0.235,0.091,0.874,0.901,0.356,0.216,0.825,-0.125,0.430,0.345,0.592,0.397
3311724,0.0408287,243.076271137688,0.768,0.184,-0.581,-0.730,-0.607,-0.209,-0.235,0.091,0.874,0.902,0.356,0.214,0.827,-0.125,0.430,0.340,0.609,0.400
3311728,0.0408398,243.117110936437,0.768,0.184,-0.581,-0.730,-0.607,-0.209,-0.235,0.091,0.874,0.899,0.358,0.217,0.826,-0.130,0.432,0.337,0.688,0.418
3311736,0.0175491,243.134660035837,0.768,0.184,-0.581,-0.730,-0.607,-0.209,-0.235,0.091,0.874,0.901,0.358,0.215,0.828,-0.124,0.430,0.338,0.696,0.411
3311744,0.0544924,243.189152434934,0.768,0.184,-0.581,-0.730,-0.607,-0.209,-0.235,0.091,0.874,0.900,0.360,0.214,0.829,-0.123,0.428,0.338,0.809,0.446
3311754,0.0335775,243.222729936708,0.768,0.184,-0.581,-0.730,-0.607,-0.209,-0.235,0.091,0.874,0.901,0.361,0.213,0.829,-0.120,0.429,0.337,0.916,0.478
3311762,0.0436703,243.266400237102,0.768,0.184,-0.581,-0.730,-0.607,-0.209,-0.235,0.091,0.874,0.903,0.361,0.212,0.830,-0.118,0.430,0.335,0.885,0.477
3311768,0.0420544,243.30845463695,0.768,0.184,-0.581,-0.730,-0.607,-0.209,-0.235,0.091,0.874,0.905,0.362,0.213,0.832,-0.115,0.428,0.333,0.657,0.401
3311778,0.029636,243.338090636302,0.768,0.184,-0.581,-0.730,-0.607,-0.209,-0.235,0.091,0.874,0.902,0.365,0.216,0.833,-0.115,0.425,0.333,0.580,0.369
3311790,0.049335,243.387425635476,0.768,0.184,-0.581,-0.730,-0.607,-0.209,-0.235,0.091,0.874,0.899,0.368,0.216,0.834,-0.115,0.423,0.335,0.651,0.406
3311800,0.0548554,243.442281034309,0.768,0.184,-0.581,-0.730,-0.607,-0.209,-0.235,0.091,0.874,0.897,0.367,0.215,0.836,-0.112,0.420,0.336,0.660,0.392
3311812,0.0557353,243.498016335536,0.768,0.184,-0.581,-0.730,-0.607,-0.209,-0.235,0.091,0.874,0.900,0.364,0.206,0.837,-0.112,0.420,0.332,0.669,0.352
3311822,0.0606703,243.558686636854,0.768,0.184,-0.581,-0.730,-0.607,-0.209,-0.235,0.091,0.874,0.904,0.370,0.210,0.836,-0.110,0.421,0.335,0.586,0.311
3311832,0.0508377,243.609524336178,0.768,0.184,-0.581,-0.730,-0.607,-0.209,-0.235,0.091,0.874,0.898,0.371,0.211,0.837,-0.113,0.420,0.333,0.666,0.317
3311840,0.043586,243.653110336978,0.768,0.184,-0.581,-0.730,-0.607,-0.209,-0.235,0.091,0.874,0.898,0.371,0.210,0.837,-0.114,0.418,0.336,0.883,0.383
3311850,0.0462918,243.699402135331,0.768,0.184,-0.581,-0.730,-0.607,-0.209,-0.235,0.091,0.874,0.898,0.369,0.207,0.836,-0.115,0.416,0.339,0.979,0.352
3311858,0.0447286,243.74413073482,0.768,0.184,-0.581,-0.730,-0.607,-0.209,-0.235,0.091,0.874,0.897,0.370,0.209,0.835,-0.116,0.416,0.341,0.835,0.279
3311868,0.0439154,243.788046133239,0.768,0.184,-0.581,-0.730,-0.607,-0.209,-0.235,0.091,0.874,0.897,0.371,0.208,0.833,-0.122,0.414,0.347,0.758,0.173
3311876,0.044879,243.832925133873,0.768,0.184,-0.581,-0.730,-0.607,-0.209,-0.235,0.091,0.874,0.893,0.371,0.207,0.832,-0.128,0.410,0.352,0.884,0.267
3311886,0.0463999,243.8793250327,0.768,0.184,-0.581,-0.730,-0.607,-0.209,-0.235,0.091,0.874,0.893,0.370,0.207,0.829,-0.133,0.407,0.358,1.000,0.081
3311894,0.0442988,243.923623834271,0.768,0.184,-0.581,-0.730,-0.607,-0.209,-0.235,0.091,0.874,0.890,0.372,0.205,0.827,-0.140,0.408,0.360,1.000,0.000
3311904,0.0485487,243.972172532696,0.768,0.184,-0.581,-0.730,-0.607,-0.209,-0.235,0.091,0.874,0.892,0.368,0.205,0.825,-0.142,0.416,0.354,1.000,0.000
3311912,0.047878,244.020050533582,0.768,0.184,-0.581,-0.730,-0.607,-0.209,-0.235,0.091,0.874,0.895,0.363,0.205,0.826,-0.145,0.416,0.352,1.000,0.000
3311922,0.0383259,244.058376431931,0.768,0.184,-0.581,-0.730,-0.607,-0.209,-0.235,0.091,0.874,0.897,0.360,0.205,0.828,-0.147,0.417,0.346,1.000,0.000
3311932,0.0550363,244.113412730861,0.768,0.184,-0.581,-0.730,-0.607,-0.209,-0.235,0.091,0.874,0.900,0.356,0.206,0.832,-0.143,0.417,0.337,1.000,0.000
3311940,0.0387664,244.152179129887,0.768,0.184,-0.581,-0.730,-0.607,-0.209,-0.235,0.091,0.874,0.901,0.353,0.207,0.837,-0.134,0.413,0.333,1.000,0.000
3311950,0.0531518,244.205330931116,0.768,0.184,-0.581,-0.730,-0.607,-0.209,-0.235,0.091,0.874,0.900,0.350,0.205,0.841,-0.124,0.411,0.329,1.000,0.000
3311956,0.038189,244.243519932497,0.768,0.184,-0.581,-0.730,-0.607,-0.209,-0.235,0.091,0.874,0.900,0.345,0.203,0.844,-0.116,0.410,0.327,1.000,0.000
3311962,0.04256,244.28607993247,0.768,0.184,-0.581,-0.730,-0.607,-0.209,-0.235,0.091,0.874,0.901,0.342,0.202,0.844,-0.112,0.409,0.328,1.000,0.000
3311968,0.015027,244.301106932107,0.768,0.184,-0.581,-0.730,-0.607,-0.209,-0.235,0.091,0.874,0.901,0.339,0.199,0.846,-0.108,0.406,0.329,1.000,0.000
3311974,0.0549024,244.356009332929,0.768,0.184,-0.581,-0.730,-0.607,-0.209,-0.235,0.091,0.874,0.902,0.335,0.199,0.848,-0.105,0.404,0.328,1.000,0.018
3311982,0.0182715,244.374280833174,0.768,0.184,-0.581,-0.730,-0.607,-0.209,-0.235,0.091,0.874,0.901,0.334,0.200,0.850,-0.101,0.402,0.326,1.000,0.018
3311986,0.0299301,244.404210933018,0.768,0.184,-0.581,-0.730,-0.607,-0.209,-0.235,0.091,0.874,0.902,0.332,0.199,0.851,-0.099,0.401,0.323,0.827,0.000
3311996,0.0345833,244.438794233371,0.768,0.184,-0.581,-0.730,-0.607,-0.209,-0.235,0.091,0.874,0.901,0.329,0.200,0.855,-0.095,0.398,0.318,0.469,0.000
3312004,0.0603962,244.499190431554,0.768,0.184,-0.581,-0.730,-0.607,-0.209,-0.235,0.091,0.874,0.903,0.329,0.199,0.857,-0.093,0.397,0.316,0.291,0.000
3312014,0.0395475,244.538737930823,0.768,0.184,-0.581,-0.730,-0.607,-0.209,-0.235,0.091,0.874,0.905,0.330,0.199,0.858,-0.092,0.396,0.313,0.280,0.000
3312018,0.0356489,244.574386831839,0.768,0.184,-0.581,-0.730,-0.607,-0.209,-0.235,0.091,0.874,0.906,0.333,0.199,0.859,-0.092,0.395,0.313,0.273,0.000
3312028,0.0154436,244.589830431622,0.768,0.184,-0.581,-0.730,-0.607,-0.209,-0.235,0.091,0.874,0.910,0.334,0.200,0.858,-0.092,0.398,0.311,0.273,0.000
3312036,0.051684,244.64151443122,0.768,0.184,-0.581,-0.730,-0.607,-0.209,-0.235,0.091,0.874,0.911,0.333,0.198,0.857,-0.092,0.400,0.312,0.326,0.000
3312046,0.0423621,244.683876532596,0.768,0.184,-0.581,-0.730,-0.607,-0.209,-0.235,0.091,0.874,0.915,0.334,0.198,0.857,-0.086,0.402,0.311,0.287,0.000
3312054,0.0443784,244.728254932445,0.768,0.184,-0.581,-0.730,-0.607,-0.209,-0.235,0.091,0.874,0.915,0.333,0.198,0.857,-0.083,0.402,0.312,0.246,0.000
3312064,0.040599,244.768853932153,0.768,0.184,-0.581,-0.730,-0.607,-0.209,-0.235,0.091,0.874,0.915,0.330,0.198,0.856,-0.081,0.401,0.316,0.268,0.000
3312072,0.0439576,244.812811530661,0.768,0.184,-0.581,-0.730,-0.607,-0.209,-0.235,0.091,0.874,0.915,0.329,0.198,0.856,-0.082,0.402,0.316,0.271,0.000
3312082,0.0478139,244.860625430476,0.768,0.184,-0.581,-0.730,-0.607,-0.209,-0.235,0.091,0.874,0.916,0.328,0.198,0.856,-0.081,0.401,0.314,0.244,0.000
3312092,0.0468093,244.907434731256,0.768,0.184,-0.581,-0.730,-0.607,-0.209,-0.235,0.091,0.874,0.916,0.326,0.199,0.857,-0.082,0.402,0.313,0.241,0.000
3312102,0.0466453,244.954080029856,0.768,0.184,-0.581,-0.730,-0.607,-0.209,-0.235,0.091,0.874,0.918,0.329,0.200,0.856,-0.082,0.403,0.314,0.220,0.000
3312112,0.0511564,245.005236431491,0.768,0.184,-0.581,-0.730,-0.607,-0.209,-0.235,0.091,0.874,0.919,0.330,0.201,0.855,-0.084,0.404,0.313,0.228,0.000
3312122,0.0483208,245.053557231557,0.768,0.184,-0.581,-0.730,-0.607,-0.209,-0.235,0.091,0.874,0.920,0.331,0.202,0.855,-0.082,0.404,0.313,0.241,0.000
3312132,0.0533592,245.106916430872,0.768,0.184,-0.581,-0.730,-0.607,-0.209,-0.235,0.091,0.874,0.919,0.331,0.203,0.856,-0.081,0.405,0.311,0.233,0.000
3312140,0.0461108,245.153027232271,0.768,0.184,-0.581,-0.730,-0.607,-0.209,-0.235,0.091,0.874,0.919,0.332,0.204,0.855,-0.081,0.406,0.311,0.255,0.000
3312150,0.0425502,245.195577431004,0.768,0.184,-0.581,-0.730,-0.607,-0.209,-0.235,0.091,0.874,0.920,0.334,0.206,0.855,-0.081,0.408,0.309,0.253,0.000
3312158,0.0502197,245.245797130745,0.768,0.184,-0.581,-0.730,-0.607,-0.209,-0.235,0.091,0.874,0.920,0.335,0.205,0.853,-0.083,0.409,0.313,0.231,0.000
3312168,0.0438882,245.289685330819,0.768,0.184,-0.581,-0.730,-0.607,-0.209,-0.235,0.091,0.874,0.923,0.332,0.208,0.852,-0.086,0.409,0.315,0.263,0.000
3312176,0.0494278,245.3391131307,0.768,0.184,-0.581,-0.730,-0.607,-0.209,-0.235,0.091,0.874,0.918,0.334,0.208,0.851,-0.083,0.411,0.315,0.248,0.000
3312180,0.0446337,245.383746832144,0.768,0.184,-0.581,-0.730,-0.607,-0.209,-0.235,0.091,0.874,0.918,0.336,0.207,0.852,-0.085,0.410,0.315,0.283,0.000
3312188,0.015746,245.399492831435,0.768,0.184,-0.581,-0.730,-0.607,-0.209,-0.235,0.091,0.874,0.916,0.337,0.207,0.852,-0.087,0.411,0.313,0.293,0.000
3312192,0.0327415,245.432234329637,0.768,0.184,-0.581,-0.730,-0.607,-0.209,-0.235,0.091,0.874,0.915,0.339,0.208,0.852,-0.087,0.411,0.314,0.313,0.000
3312204,0.0178686,245.450102930423,0.768,0.184,-0.581,-0.730,-0.607,-0.209,-0.235,0.091,0.874,0.909,0.339,0.206,0.852,-0.090,0.404,0.322,0.351,0.000
3312214,0.0700976,245.520200533327,0.768,0.184,-0.581,-0.730,-0.607,-0.209,-0.235,0.091,0.874,0.904,0.340,0.206,0.851,-0.091,0.402,0.325,0.336,0.000
3312222,0.0434787,245.56367923459,0.768,0.184,-0.581,-0.730,-0.607,-0.209,-0.235,0.091,0.874,0.901,0.340,0.204,0.852,-0.090,0.399,0.326,0.366,0.000
3312230,0.0422646,245.605943833943,0.768,0.184,-0.581,-0.730,-0.607,-0.209,-0.235,0.091,0.874,0.898,0.340,0.203,0.852,-0.091,0.399,0.327,0.383,0.000
3312238,0.0437691,245.649712932762,0.768,0.184,-0.581,-0.730,-0.607,-0.209,-0.235,0.091,0.874,0.900,0.341,0.202,0.851,-0.094,0.399,0.327,0.424,0.000
3312248,0.0449,245.694612932857,0.768,0.184,-0.581,-0.730,-0.607,-0.209,-0.235,0.091,0.874,0.900,0.343,0.201,0.852,-0.093,0.398,0.327,0.369,0.000
3312256,0.042239,245.736851932015,0.768,0.184,-0.581,-0.730,-0.607,-0.209,-0.235,0.091,0.874,0.902,0.343,0.198,0.853,-0.091,0.400,0.322,0.475,0.000
3312266,0.0425654,245.779417333659,0.768,0.184,-0.581,-0.730,-0.607,-0.209,-0.235,0.091,0.874,0.902,0.344,0.196,0.854,-0.092,0.400,0.319,0.360,0.000
3312276,0.0488576,245.828274933156,0.768,0.184,-0.581,-0.730,-0.607,-0.209,-0.235,0.091,0.874,0.902,0.344,0.196,0.856,-0.089,0.399,0.317,0.434,0.000
3312284,0.0466161,245.87489103293,0.768,0.184,-0.581,-0.730,-0.607,-0.209,-0.235,0.091,0.874,0.902,0.343,0.193,0.856,-0.086,0.397,0.319,0.385,0.000
3312294,0.0451943,245.920085334685,0.768,0.184,-0.581,-0.730,-0.607,-0.209,-0.235,0.091,0.874,0.903,0.343,0.193,0.857,-0.085,0.396,0.318,0.371,0.000
3312304,0.0524111,245.972496436443,0.768,0.184,-0.581,-0.730,-0.607,-0.209,-0.235,0.091,0.874,0.905,0.345,0.192,0.858,-0.083,0.397,0.316,0.366,0.000
3312314,0.0457256,246.018222035374,0.768,0.184,-0.581,-0.730,-0.607,-0.209,-0.235,0.091,0.874,0.905,0.346,0.192,0.859,-0.083,0.395,0.316,0.362,0.000
3312322,0.0463036,246.064525635447,0.768,0.184,-0.581,-0.730,-0.607,-0.209,-0.235,0.091,0.874,0.900,0.348,0.193,0.858,-0.082,0.396,0.316,0.368,0.000
3312332,0.0434582,246.107983836439,0.768,0.184,-0.581,-0.730,-0.607,-0.209,-0.235,0.091,0.874,0.896,0.349,0.194,0.858,-0.079,0.397,0.317,0.354,0.000
3312340,0.0452905,246.153274336364,0.768,0.184,-0.581,-0.730,-0.607,-0.209,-0.235,0.091,0.874,0.895,0.350,0.195,0.857,-0.078,0.398,0.318,0.352,0.000
3312348,0.0463463,246.199620635714,0.768,0.184,-0.581,-0.730,-0.607,-0.209,-0.235,0.091,0.874,0.892,0.356,0.197,0.854,-0.076,0.378,0.349,0.351,0.000
3312358,0.0417143,246.241334935185,0.768,0.184,-0.581,-0.730,-0.607,-0.209,-0.235,0.091,0.874,0.890,0.350,0.197,0.854,-0.077,0.397,0.327,0.385,0.000
3312366,0.041703,246.283037935849,0.768,0.184,-0.581,-0.730,-0.607,-0.209,-0.235,0.091,0.874,0.888,0.352,0.201,0.854,-0.072,0.399,0.327,0.349,0.000
3312376,0.049203,246.332240936812,0.768,0.184,-0.581,-0.730,-0.607,-0.209,-0.235,0.091,0.874,0.888,0.351,0.206,0.854,-0.063,0.401,0.325,0.342,0.158
3312384,0.0429513,246.375192237552,0.768,0.184,-0.581,-0.730,-0.607,-0.209,-0.235,0.091,0.874,0.890,0.350,0.212,0.852,-0.061,0.402,0.330,0.285,0.292
3312394,0.0457003,246.420892538037,0.768,0.184,-0.581,-0.730,-0.607,-0.209,-0.235,0.091,0.874,0.888,0.350,0.216,0.851,-0.058,0.402,0.333,0.304,0.383
3312402,0.0412105,246.462103036698,0.768,0.184,-0.581,-0.730,-0.607,-0.209,-0.235,0.091,0.874,0.887,0.350,0.220,0.849,-0.057,0.403,0.336,0.313,0.441
3312410,0.0500388,246.512141836341,0.768,0.184,-0.581,-0.730,-0.607,-0.209,-0.235,0.091,0.874,0.885,0.349,0.224,0.848,-0.059,0.402,0.340,0.332,0.512
3312420,0.0345207,246.546662536915,0.768,0.184,-0.581,-0.730,-0.607,-0.209,-0.235,0.091,0.874,0.880,0.351,0.227,0.848,-0.061,0.399,0.344,0.348,0.504
3312428,0.0501181,246.596780636813,0.768,0.184,-0.581,-0.730,-0.607,-0.209,-0.235,0.091,0.874,0.878,0.349,0.231,0.848,-0.062,0.397,0.346,0.364,0.502
3312438,0.0447886,246.641569235828,0.768,0.184,-0.581,-0.730,-0.607,-0.209,-0.235,0.091,0.874,0.877,0.349,0.233,0.847,-0.065,0.395,0.349,0.368,0.483
3312446,0.0447008,246.6862700372,0.768,0.184,-0.581,-0.730,-0.607,-0.209,-0.235,0.091,0.874,0.876,0.351,0.236,0.848,-0.063,0.394,0.349,0.377,0.481
3312456,0.0440352,246.73030523723,0.768,0.184,-0.581,-0.730,-0.607,-0.209,-0.235,0.091,0.874,0.873,0.349,0.238,0.849,-0.064,0.393,0.347,0.386,0.478
3312464,0.0443674,246.774672636297,0.768,0.184,-0.581,-0.730,-0.607,-0.209,-0.235,0.091,0.874,0.876,0.349,0.240,0.849,-0.065,0.392,0.349,0.382,0.441
3312474,0.0388056,246.813478236552,0.768,0.184,-0.581,-0.730,-0.607,-0.209,-0.235,0.091,0.874,0.876,0.351,0.242,0.850,-0.067,0.391,0.346,0.401,0.452
3312482,0.0559838,246.869462036993,0.768,0.184,-0.581,-0.730,-0.607,-0.209,-0.235,0.091,0.874,0.876,0.352,0.242,0.850,-0.061,0.394,0.343,0.427,0.440
3312492,0.03874,246.908202038612,0.768,0.184,-0.581,-0.730,-0.607,-0.209,-0.235,0.091,0.874,0.878,0.352,0.241,0.850,-0.062,0.395,0.343,0.434,0.444
3312500,0.0449184,246.953120437916,0.768,0.184,-0.581,-0.730,-0.607,-0.209,-0.235,0.091,0.874,0.878,0.354,0.243,0.851,-0.058,0.395,0.341,0.436,0.449
3312508,0.0445293,246.997649738099,0.768,0.184,-0.581,-0.730,-0.607,-0.209,-0.235,0.091,0.874,0.878,0.350,0.241,0.849,-0.067,0.393,0.348,0.448,0.431
3312518,0.0434112,247.041060937103,0.768,0.184,-0.581,-0.730,-0.607,-0.209,-0.235,0.091,0.874,0.878,0.355,0.244,0.851,-0.059,0.392,0.345,0.450,0.394
3312526,0.0475523,247.088613235857,0.768,0.184,-0.581,-0.730,-0.607,-0.209,-0.235,0.091,0.874,0.879,0.355,0.245,0.850,-0.060,0.390,0.347,0.482,0.364
3312534,0.0411527,247.129765936639,0.768,0.184,-0.581,-0.730,-0.607,-0.209,-0.235,0.091,0.874,0.881,0.354,0.245,0.849,-0.065,0.389,0.352,0.528,0.309
3312544,0.0433912,247.173157138284,0.768,0.184,-0.581,-0.730,-0.607,-0.209,-0.235,0.091,0.874,0.884,0.350,0.244,0.846,-0.075,0.387,0.358,0.547,0.000
3312552,0.0433881,247.216545236763,0.768,0.184,-0.581,-0.730,-0.607,-0.209,-0.235,0.091,0.874,0.886,0.348,0.245,0.848,-0.084,0.380,0.359,0.519,0.000
3312562,0.0443657,247.260910937097,0.768,0.184,-0.581,-0.730,-0.607,-0.209,-0.235,0.091,0.874,0.886,0.350,0.245,0.849,-0.091,0.375,0.361,0.553,0.000
3312570,0.049604,247.310514935758,0.768,0.184,-0.581,-0.730,-0.607,-0.209,-0.235,0.091,0.874,0.889,0.350,0.245,0.849,-0.100,0.368,0.365,0.716,0.000
3312580,0.0418953,247.352410235908,0.768,0.184,-0.581,-0.730,-0.607,-0.209,-0.235,0.091,0.874,0.890,0.351,0.245,0.848,-0.107,0.364,0.371,1.000,0.000
3312588,0.0402046,247.392614835408,0.768,0.184,-0.581,-0.730,-0.607,-0.209,-0.235,0.091,0.874,0.892,0.354,0.245,0.847,-0.110,0.374,0.362,1.000,0.000
3312598,0.0457729,247.43838773435,0.768,0.184,-0.581,-0.730,-0.607,-0.209,-0.235,0.091,0.874,0.896,0.352,0.242,0.846,-0.108,0.379,0.359,1.000,0.000
3312606,0.0472759,247.485663635191,0.768,0.184,-0.581,-0.730,-0.607,-0.209,-0.235,0.091,0.874,0.901,0.352,0.241,0.847,-0.108,0.377,0.359,1.000,0.000
3312614,0.0461274,247.531791036483,0.768,0.184,-0.581,-0.730,-0.607,-0.209,-0.235,0.091,0.874,0.904,0.353,0.238,0.847,-0.108,0.375,0.360,1.000,0.000
3312624,0.0423993,247.574190334883,0.768,0.184,-0.581,-0.730,-0.607,-0.209,-0.235,0.091,0.874,0.907,0.354,0.237,0.847,-0.109,0.374,0.363,1.000,0.000
3312632,0.0462555,247.620445834007,0.768,0.184,-0.581,-0.730,-0.607,-0.209,-0.235,0.091,0.874,0.912,0.353,0.238,0.848,-0.108,0.374,0.359,1.000,0.000
3312642,0.0424258,247.662871634122,0.768,0.184,-0.581,-0.730,-0.607,-0.209,-0.235,0.091,0.874,0.914,0.353,0.237,0.849,-0.106,0.375,0.358,1.000,0.000
3312650,0.0460343,247.708905932959,0.768,0.184,-0.581,-0.730,-0.607,-0.209,-0.235,0.091,0.874,0.917,0.354,0.238,0.851,-0.104,0.376,0.351,1.000,0.000
3312660,0.0415819,247.750487831887,0.768,0.184,-0.581,-0.730,-0.607,-0.209,-0.235,0.091,0.874,0.919,0.355,0.237,0.851,-0.102,0.378,0.351,1.000,0.000
3312668,0.0479832,247.798471031245,0.768,0.184,-0.581,-0.730,-0.607,-0.209,-0.235,0.091,0.874,0.922,0.357,0.236,0.852,-0.100,0.379,0.347,1.000,0.000
3312678,0.0432532,247.841724229511,0.768,0.184,-0.581,-0.730,-0.607,-0.209,-0.235,0.091,0.874,0.921,0.356,0.236,0.850,-0.104,0.380,0.350,1.000,0.000
3312686,0.0436538,247.885378030594,0.768,0.184,-0.581,-0.730,-0.607,-0.209,-0.235,0.091,0.874,0.921,0.357,0.236,0.850,-0.105,0.381,0.349,1.000,0.000
3312694,0.0447205,247.930098531302,0.768,0.184,-0.581,-0.730,-0.607,-0.209,-0.235,0.091,0.874,0.921,0.354,0.234,0.850,-0.107,0.380,0.349,1.000,0.000
3312704,0.0449517,247.975050230976,0.768,0.184,-0.581,-0.730,-0.607,-0.209,-0.235,0.091,0.874,0.920,0.356,0.234,0.850,-0.108,0.380,0.349,1.000,0.000
3312714,0.0441634,248.019213629421,0.768,0.184,-0.581,-0.730,-0.607,-0.209,-0.235,0.091,0.874,0.920,0.355,0.234,0.849,-0.111,0.381,0.349,1.000,0.000
3312722,0.0451046,248.06431822991,0.768,0.184,-0.581,-0.730,-0.607,-0.209,-0.235,0.091,0.874,0.921,0.358,0.233,0.848,-0.113,0.385,0.346,1.000,0.000
3312732,0.0447925,248.109110729303,0.768,0.184,-0.581,-0.730,-0.607,-0.209,-0.235,0.091,0.874,0.922,0.357,0.233,0.847,-0.114,0.388,0.344,1.000,0.000
3312740,0.0471309,248.15624163067,0.768,0.184,-0.581,-0.730,-0.607,-0.209,-0.235,0.091,0.874,0.922,0.357,0.233,0.848,-0.113,0.389,0.342,1.000,0.000
3312748,0.0375414,248.193783031311,0.768,0.184,-0.581,-0.730,-0.607,-0.209,-0.235,0.091,0.874,0.921,0.358,0.233,0.847,-0.114,0.389,0.343,1.000,0.000
3312756,0.0500963,248.24387933081,0.768,0.184,-0.581,-0.730,-0.607,-0.209,-0.235,0.091,0.874,0.921,0.359,0.231,0.846,-0.115,0.389,0.345,1.000,0.000
3312764,0.0409686,248.284847931471,0.768,0.184,-0.581,-0.730,-0.607,-0.209,-0.235,0.091,0.874,0.922,0.358,0.231,0.847,-0.114,0.389,0.345,1.000,0.000
3312768,0.03367,248.318517932203,0.768,0.184,-0.581,-0.730,-0.607,-0.209,-0.235,0.091,0.874,0.922,0.356,0.231,0.846,-0.116,0.389,0.345,1.000,0.000
3312778,0.0211989,248.339716832619,0.768,0.184,-0.581,-0.730,-0.607,-0.209,-0.235,0.091,0.874,0.923,0.358,0.230,0.846,-0.113,0.386,0.351,1.000,0.000
3312790,0.06052,248.400236833375,0.768,0.184,-0.581,-0.730,-0.607,-0.209,-0.235,0.091,0.874,0.925,0.357,0.228,0.843,-0.116,0.381,0.360,1.000,0.000
3312798,0.0531651,248.45340193389,0.768,0.184,-0.581,-0.730,-0.607,-0.209,-0.235,0.091,0.874,0.923,0.356,0.231,0.843,-0.114,0.384,0.359,1.000,0.000
3312806,0.0351578,248.488559733611,0.768,0.184,-0.581,-0.730,-0.607,-0.209,-0.235,0.091,0.874,0.922,0.355,0.233,0.842,-0.116,0.388,0.356,1.000,0.000
3312816,0.0446067,248.53316643415,0.768,0.184,-0.581,-0.730,-0.607,-0.209,-0.235,0.091,0.874,0.923,0.356,0.235,0.844,-0.113,0.387,0.354,1.000,0.000
3312824,0.0416965,248.574862934183,0.768,0.184,-0.581,-0.730,-0.607,-0.209,-0.235,0.091,0.874,0.923,0.355,0.235,0.843,-0.114,0.387,0.354,1.000,0.000
3312834,0.0469208,248.621783732902,0.768,0.184,-0.581,-0.730,-0.607,-0.209,-0.235,0.091,0.874,0.922,0.354,0.235,0.842,-0.118,0.390,0.354,1.000,0.000
3312842,0.0443757,248.666159431916,0.768,0.184,-0.581,-0.730,-0.607,-0.209,-0.235,0.091,0.874,0.922,0.355,0.236,0.842,-0.118,0.390,0.352,1.000,0.000
3312852,0.0429427,248.709102130961,0.768,0.184,-0.581,-0.730,-0.607,-0.209,-0.235,0.091,0.874,0.922,0.355,0.236,0.842,-0.119,0.392,0.351,1.000,0.000
3312860,0.048563,248.757665130775,0.768,0.184,-0.581,-0.730,-0.607,-0.209,-0.235,0.091,0.874,0.922,0.353,0.235,0.843,-0.118,0.392,0.350,1.000,0.000
3312872,0.044727,248.802392132115,0.768,0.184,-0.581,-0.730,-0.607,-0.209,-0.235,0.091,0.874,0.924,0.348,0.235,0.842,-0.121,0.392,0.350,1.000,0.000
3312880,0.0521122,248.854504331481,0.768,0.184,-0.581,-0.730,-0.607,-0.209,-0.235,0.091,0.874,0.927,0.346,0.231,0.842,-0.122,0.391,0.352,1.000,0.000
3312890,0.0451157,248.899620033335,0.768,0.184,-0.581,-0.730,-0.607,-0.209,-0.235,0.091,0.874,0.928,0.345,0.230,0.842,-0.122,0.388,0.355,1.000,0.000
3312900,0.0521951,248.951815131586,0.768,0.184,-0.581,-0.730,-0.607,-0.209,-0.235,0.091,0.874,0.930,0.344,0.229,0.842,-0.125,0.385,0.357,1.000,0.000
3312908,0.047579,248.999394133221,0.768,0.184,-0.581,-0.730,-0.607,-0.209,-0.235,0.091,0.874,0.932,0.346,0.230,0.845,-0.123,0.387,0.349,1.000,0.000
3312918,0.0406362,249.040030333679,0.768,0.184,-0.581,-0.730,-0.607,-0.209,-0.235,0.091,0.874,0.934,0.348,0.230,0.843,-0.124,0.389,0.350,1.000,0.000
3312926,0.0454828,249.08551313309,0.768,0.184,-0.581,-0.730,-0.607,-0.209,-0.235,0.091,0.874,0.936,0.353,0.232,0.844,-0.123,0.390,0.347,1.000,0.000
3312936,0.0440887,249.129601832014,0.768,0.184,-0.581,-0.730,-0.607,-0.209,-0.235,0.091,0.874,0.935,0.348,0.230,0.842,-0.119,0.390,0.353,1.000,0.000
3312944,0.0466236,249.176225430798,0.768,0.184,-0.581,-0.730,-0.607,-0.209,-0.235,0.091,0.874,0.933,0.347,0.231,0.842,-0.117,0.389,0.355,1.000,0.000
3312954,0.0430967,249.219322129618,0.768,0.184,-0.581,-0.730,-0.607,-0.209,-0.235,0.091,0.874,0.935,0.343,0.231,0.844,-0.114,0.391,0.350,1.000,0.000
3312962,0.0443454,249.263667530846,0.768,0.184,-0.581,-0.730,-0.607,-0.209,-0.235,0.091,0.874,0.936,0.339,0.227,0.846,-0.112,0.394,0.342,1.000,0.000
3312970,0.0453551,249.309022631031,0.768,0.184,-0.581,-0.730,-0.607,-0.209,-0.235,0.091,0.874,0.938,0.344,0.230,0.842,-0.118,0.396,0.347,0.991,0.000
3312980,0.0405076,249.349530230742,0.768,0.184,-0.581,-0.730,-0.607,-0.209,-0.235,0.091,0.874,0.937,0.348,0.234,0.837,-0.120,0.405,0.347,0.830,0.000
3312988,0.0483969,249.397927131038,0.768,0.184,-0.581,-0.730,-0.607,-0.209,-0.235,0.091,0.874,0.935,0.348,0.234,0.835,-0.125,0.405,0.350,0.703,0.000
3312998,0.0411588,249.43908593012,0.768,0.184,-0.581,-0.730,-0.607,-0.209,-0.235,0.091,0.874,0.936,0.334,0.222,0.834,-0.131,0.394,0.363,0.568,0.000
3313006,0.0490605,249.488146431278,0.768,0.184,-0.581,-0.730,-0.607,-0.209,-0.235,0.091,0.874,0.933,0.332,0.218,0.834,-0.128,0.396,0.364,0.520,0.000
3313014,0.0421373,249.530283730011,0.768,0.184,-0.581,-0.730,-0.607,-0.209,-0.235,0.091,0.874,0.933,0.337,0.223,0.832,-0.130,0.395,0.367,0.574,0.000
3313024,0.0432171,249.573500830214,0.768,0.184,-0.581,-0.730,-0.607,-0.209,-0.235,0.091,0.874,0.934,0.341,0.229,0.833,-0.126,0.404,0.357,0.660,0.000
3313032,0.0422054,249.615706230979,0.768,0.184,-0.581,-0.730,-0.607,-0.209,-0.235,0.091,0.874,0.935,0.341,0.229,0.834,-0.122,0.406,0.352,0.782,0.000
3313042,0.0446628,249.660369030666,0.768,0.184,-0.581,-0.730,-0.607,-0.209,-0.235,0.091,0.874,0.936,0.341,0.227,0.835,-0.120,0.404,0.354,0.841,0.000
3313050,0.0460228,249.706391829532,0.768,0.184,-0.581,-0.730,-0.607,-0.209,-0.235,0.091,0.874,0.937,0.340,0.228,0.835,-0.119,0.402,0.357,0.785,0.000
3313060,0.0437095,249.750101331156,0.768,0.184,-0.581,-0.730,-0.607,-0.209,-0.235,0.091,0.874,0.937,0.341,0.228,0.835,-0.118,0.398,0.361,0.794,0.000
3313068,0.0459855,249.796086832415,0.768,0.184,-0.581,-0.730,-0.607,-0.209,-0.235,0.091,0.874,0.937,0.342,0.230,0.833,-0.120,0.400,0.363,0.810,0.000
3313078,0.0471765,249.843263331335,0.768,0.184,-0.581,-0.730,-0.607,-0.209,-0.235,0.091,0.874,0.936,0.344,0.231,0.833,-0.117,0.401,0.362,0.817,0.000
3313086,0.0440537,249.887317031156,0.768,0.184,-0.581,-0.730,-0.607,-0.209,-0.235,0.091,0.874,0.937,0.344,0.229,0.834,-0.114,0.403,0.359,0.791,0.000
3313094,0.041795,249.92911203159,0.768,0.184,-0.581,-0.730,-0.607,-0.209,-0.235,0.091,0.874,0.938,0.342,0.227,0.833,-0.115,0.401,0.362,0.792,0.000
3313104,0.0399585,249.969070530962,0.768,0.184,-0.581,-0.730,-0.607,-0.209,-0.235,0.091,0.874,0.937,0.339,0.226,0.833,-0.117,0.400,0.363,0.792,0.000
3313114,0.0483738,250.017444330733,0.768,0.184,-0.581,-0.730,-0.607,-0.209,-0.235,0.091,0.874,0.935,0.339,0.225,0.834,-0.117,0.401,0.361,0.778,0.000
3313122,0.0496728,250.067117131781,0.768,0.184,-0.581,-0.730,-0.607,-0.209,-0.235,0.091,0.874,0.933,0.339,0.225,0.833,-0.117,0.402,0.362,0.789,0.000
3313130,0.0445486,250.111665732693,0.768,0.184,-0.581,-0.730,-0.607,-0.209,-0.235,0.091,0.874,0.931,0.341,0.225,0.834,-0.115,0.402,0.360,0.785,0.000
3313138,0.0387595,250.150425232481,0.768,0.184,-0.581,-0.730,-0.607,-0.209,-0.235,0.091,0.874,0.928,0.340,0.225,0.833,-0.114,0.400,0.364,0.799,0.000
3313150,0.0436492,250.194074432831,0.768,0.184,-0.581,-0.730,-0.607,-0.209,-0.235,0.091,0.874,0.926,0.341,0.225,0.834,-0.114,0.397,0.366,0.776,0.000
3313158,0.0515957,250.245670131873,0.768,0.184,-0.581,-0.730,-0.607,-0.209,-0.235,0.091,0.874,0.924,0.343,0.226,0.834,-0.113,0.392,0.372,0.843,0.000
3313166,0.0420243,250.287694431376,0.768,0.184,-0.581,-0.730,-0.607,-0.209,-0.235,0.091,0.874,0.922,0.343,0.227,0.833,-0.115,0.386,0.380,0.848,0.000
3313176,0.0427809,250.330475329887,0.768,0.184,-0.581,-0.730,-0.607,-0.209,-0.235,0.091,0.874,0.919,0.344,0.228,0.832,-0.118,0.385,0.381,0.925,0.000
3313184,0.0441257,250.374601028394,0.768,0.184,-0.581,-0.730,-0.607,-0.209,-0.235,0.091,0.874,0.917,0.345,0.229,0.832,-0.119,0.384,0.383,0.852,0.000
3313192,0.0431016,250.417702629697,0.768,0.184,-0.581,-0.730,-0.607,-0.209,-0.235,0.091,0.874,0.915,0.347,0.230,0.831,-0.121,0.383,0.384,0.828,0.000
3313202,0.0459265,250.463629129808,0.768,0.184,-0.581,-0.730,-0.607,-0.209,-0.235,0.091,0.874,0.912,0.348,0.231,0.833,-0.121,0.383,0.381,0.952,0.000
3313210,0.0459196,250.509548730683,0.768,0.184,-0.581,-0.730,-0.607,-0.209,-0.235,0.091,0.874,0.910,0.348,0.229,0.834,-0.120,0.382,0.380,1.000,0.000
3313220,0.0416413,250.551190029364,0.768,0.184,-0.581,-0.730,-0.607,-0.209,-0.235,0.091,0.874,0.909,0.345,0.226,0.835,-0.122,0.379,0.379,1.000,0.000
3313228,0.0456601,250.596850130241,0.768,0.184,-0.581,-0.730,-0.607,-0.209,-0.235,0.091,0.874,0.907,0.347,0.226,0.837,-0.120,0.379,0.377,1.000,0.000
3313238,0.0423845,250.639234631788,0.768,0.184,-0.581,-0.730,-0.607,-0.209,-0.235,0.091,0.874,0.908,0.347,0.226,0.838,-0.119,0.380,0.375,1.000,0.000
3313246,0.0454786,250.684713232797,0.768,0.184,-0.581,-0.730,-0.607,-0.209,-0.235,0.091,0.874,0.908,0.348,0.225,0.837,-0.118,0.380,0.375,1.000,0.000
3313256,0.048518,250.733231231105,0.768,0.184,-0.581,-0.730,-0.607,-0.209,-0.235,0.091,0.874,0.908,0.348,0.225,0.837,-0.116,0.379,0.376,1.000,0.000
3313264,0.0409586,250.774189829361,0.768,0.184,-0.581,-0.730,-0.607,-0.209,-0.235,0.091,0.874,0.909,0.349,0.224,0.839,-0.113,0.377,0.376,1.000,0.000
3313274,0.0442039,250.818393729161,0.768,0.184,-0.581,-0.730,-0.607,-0.209,-0.235,0.091,0.874,0.909,0.350,0.223,0.839,-0.113,0.373,0.379,1.000,0.007
3313280,0.0453204,250.863714128267,0.768,0.184,-0.581,-0.730,-0.607,-0.209,-0.235,0.091,0.874,0.909,0.354,0.222,0.841,-0.109,0.373,0.377,1.000,0.049
3313290,0.0436207,250.907334826421,0.768,0.184,-0.581,-0.730,-0.607,-0.209,-0.235,0.091,0.874,0.910,0.354,0.222,0.841,-0.107,0.370,0.380,1.000,0.081
3313300,0.0445828,250.951917625498,0.768,0.184,-0.581,-0.730,-0.607,-0.209,-0.235,0.091,0.874,0.911,0.353,0.220,0.841,-0.106,0.368,0.382,1.000,0.101
3313308,0.0473559,250.999273526948,0.768,0.184,-0.581,-0.730,-0.607,-0.209,-0.235,0.091,0.874,0.907,0.355,0.220,0.842,-0.103,0.368,0.380,1.000,0.106
3313318,0.041403,251.04067652626,0.768,0.184,-0.581,-0.730,-0.607,-0.209,-0.235,0.091,0.874,0.910,0.351,0.220,0.841,-0.103,0.365,0.385,1.000,0.121
3313326,0.0458216,251.086498125922,0.768,0.184,-0.581,-0.730,-0.607,-0.209,-0.235,0.091,0.874,0.913,0.352,0.219,0.841,-0.098,0.362,0.390,1.000,0.121
3313336,0.0429002,251.129398326855,0.768,0.184,-0.581,-0.730,-0.607,-0.209,-0.235,0.091,0.874,0.913,0.355,0.219,0.841,-0.095,0.357,0.396,1.000,0.266
3313344,0.0457626,251.17516092537,0.768,0.184,-0.581,-0.730,-0.607,-0.209,-0.235,0.091,0.874,0.912,0.355,0.219,0.837,-0.087,0.359,0.403,1.000,0.441
3313352,0.0434241,251.218585025053,0.768,0.184,-0.581,-0.730,-0.607,-0.209,-0.235,0.091,0.874,0.911,0.358,0.217,0.833,-0.075,0.362,0.412,1.000,0.815
3313360,0.0449953,251.263580325525,0.768,0.184,-0.581,-0.730,-0.607,-0.209,-0.235,0.091,0.874,0.912,0.355,0.217,0.832,-0.075,0.360,0.415,0.672,1.000
3313366,0.03343,251.29701032443,0.768,0.184,-0.581,-0.730,-0.607,-0.209,-0.235,0.091,0.874,0.915,0.352,0.217,0.832,-0.082,0.354,0.419,0.477,0.871
3313374,0.0386101,251.335620425176,0.768,0.184,-0.581,-0.730,-0.607,-0.209,-0.235,0.091,0.874,0.914,0.352,0.215,0.833,-0.084,0.358,0.413,0.454,0.541
3313380,0.0429159,251.378536324482,0.768,0.184,-0.581,-0.730,-0.607,-0.209,-0.235,0.091,0.874,0.916,0.350,0.215,0.833,-0.088,0.364,0.406,0.422,0.000
3313384,0.0187881,251.397324423771,0.768,0.184,-0.581,-0.730,-0.607,-0.209,-0.235,0.091,0.874,0.918,0.346,0.213,0.832,-0.096,0.368,0.405,0.395,0.000
3313394,0.030966,251.428290424403,0.768,0.184,-0.581,-0.730,-0.607,-0.209,-0.235,0.091,0.874,0.921,0.345,0.210,0.829,-0.105,0.375,0.402,0.401,0.000
3313402,0.0550965,251.483386924025,0.768,0.184,-0.581,-0.730,-0.607,-0.209,-0.235,0.091,0.874,0.924,0.345,0.209,0.830,-0.105,0.382,0.392,0.421,0.000
3313410,0.0388436,251.522230522241,0.768,0.184,-0.581,-0.730,-0.607,-0.209,-0.235,0.091,0.874,0.925,0.344,0.209,0.831,-0.102,0.390,0.383,0.474,0.000
3313420,0.0242088,251.546439323109,0.768,0.184,-0.581,-0.730,-0.607,-0.209,-0.235,0.091,0.874,0.927,0.340,0.207,0.832,-0.101,0.394,0.377,0.555,0.000
3313428,0.0570273,251.603466622066,0.768,0.184,-0.581,-0.730,-0.607,-0.209,-0.235,0.091,0.874,0.928,0.336,0.206,0.834,-0.098,0.399,0.370,0.821,0.000
3313438,0.0370731,251.640539723914,0.768,0.184,-0.581,-0.730,-0.607,-0.209,-0.235,0.091,0.874,0.930,0.332,0.205,0.837,-0.094,0.397,0.365,1.000,0.000
3313446,0.0446269,251.685166622978,0.768,0.184,-0.581,-0.730,-0.607,-0.209,-0.235,0.091,0.874,0.929,0.327,0.205,0.838,-0.091,0.401,0.358,1.000,0.000
3313454,0.0437775,251.728944122326,0.768,0.184,-0.581,-0.730,-0.607,-0.209,-0.235,0.091,0.874,0.930,0.324,0.207,0.839,-0.083,0.412,0.345,1.000,0.000
3313464,0.0440918,251.773035920691,0.768,0.184,-0.581,-0.730,-0.607,-0.209,-0.235,0.091,0.874,0.930,0.319,0.206,0.842,-0.077,0.415,0.337,1.000,0.000
3313472,0.0446413,251.817677221727,0.768,0.184,-0.581,-0.730,-0.607,-0.209,-0.235,0.091,0.874,0.929,0.315,0.204,0.842,-0.079,0.417,0.334,0.634,0.000
3313482,0.0428437,251.860520921182,0.768,0.184,-0.581,-0.730,-0.607,-0.209,-0.235,0.091,0.874,0.929,0.314,0.204,0.843,-0.077,0.418,0.329,0.227,0.000
3313492,0.046849,251.907369922381,0.768,0.184,-0.581,-0.730,-0.607,-0.209,-0.235,0.091,0.874,0.929,0.311,0.203,0.846,-0.075,0.419,0.322,0.175,0.000
3313502,0.0478321,251.955202023964,0.768,0.184,-0.581,-0.730,-0.607,-0.209,-0.235,0.091,0.874,0.928,0.307,0.204,0.847,-0.074,0.419,0.319,0.202,0.000
3313510,0.0532538,252.008455823641,0.768,0.184,-0.581,-0.730,-0.607,-0.209,-0.235,0.091,0.874,0.927,0.306,0.204,0.847,-0.072,0.422,0.314,0.179,0.000
3313520,0.042835,252.051290824544,0.768,0.184,-0.581,-0.730,-0.607,-0.209,-0.235,0.091,0.874,0.926,0.305,0.204,0.848,-0.070,0.423,0.312,0.218,0.000
3313528,0.0433191,252.094609923195,0.768,0.184,-0.581,-0.730,-0.607,-0.209,-0.235,0.091,0.874,0.925,0.307,0.205,0.850,-0.065,0.426,0.304,0.173,0.000
3313536,0.0472354,252.14184532268,0.768,0.184,-0.581,-0.730,-0.607,-0.209,-0.235,0.091,0.874,0.924,0.306,0.203,0.850,-0.065,0.427,0.301,0.179,0.000
3313546,0.0438044,252.185649722349,0.768,0.184,-0.581,-0.730,-0.607,-0.209,-0.235,0.091,0.874,0.925,0.308,0.201,0.850,-0.068,0.426,0.301,0.108,0.000
3313556,0.0461358,252.231785524171,0.768,0.184,-0.581,-0.730,-0.607,-0.209,-0.235,0.091,0.874,0.925,0.309,0.201,0.850,-0.069,0.425,0.303,0.152,0.000
3313564,0.0453274,252.277112923097,0.768,0.184,-0.581,-0.730,-0.607,-0.209,-0.235,0.091,0.874,0.926,0.312,0.201,0.849,-0.067,0.427,0.303,0.121,0.000
3313572,0.0434181,252.320531021338,0.768,0.184,-0.581,-0.730,-0.607,-0.209,-0.235,0.091,0.874,0.927,0.314,0.201,0.850,-0.065,0.429,0.299,0.111,0.000
3313580,0.0488639,252.369394920301,0.768,0.184,-0.581,-0.730,-0.607,-0.209,-0.235,0.091,0.874,0.927,0.316,0.201,0.850,-0.063,0.430,0.298,0.107,0.000
3313586,0.0374888,252.406883719843,0.768,0.184,-0.581,-0.730,-0.607,-0.209,-0.235,0.091,0.874,0.926,0.318,0.200,0.850,-0.059,0.432,0.296,0.082,0.000
3313592,0.0248407,252.431724419352,0.768,0.184,-0.581,-0.730,-0.607,-0.209,-0.235,0.091,0.874,0.925,0.320,0.199,0.850,-0.057,0.434,0.293,0.051,0.000
3313600,0.0343459,252.466070318129,0.768,0.184,-0.581,-0.730,-0.607,-0.209,-0.235,0.091,0.874,0.925,0.321,0.198,0.851,-0.054,0.435,0.291,0.077,0.000
3313606,0.0412086,252.507278916892,0.768,0.184,-0.581,-0.730,-0.607,-0.209,-0.235,0.091,0.874,0.925,0.322,0.197,0.851,-0.051,0.436,0.289,0.077,0.000
3313614,0.0256407,252.532919616904,0.768,0.184,-0.581,-0.730,-0.607,-0.209,-0.235,0.091,0.874,0.925,0.323,0.196,0.850,-0.051,0.437,0.289,0.058,0.000
3313622,0.0365376,252.569457215723,0.768,0.184,-0.581,-0.730,-0.607,-0.209,-0.235,0.091,0.874,0.924,0.325,0.195,0.850,-0.050,0.437,0.290,0.058,0.000
3313632,0.0527006,252.622157817241,0.768,0.184,-0.581,-0.730,-0.607,-0.209,-0.235,0.091,0.874,0.923,0.326,0.193,0.850,-0.051,0.436,0.293,0.100,0.000
3313638,0.0441837,252.666341518518,0.768,0.184,-0.581,-0.730,-0.607,-0.209,-0.235,0.091,0.874,0.921,0.328,0.192,0.850,-0.055,0.433,0.296,0.106,0.000
3313648,0.0236272,252.68996871775,0.768,0.184,-0.581,-0.730,-0.607,-0.209,-0.235,0.091,0.874,0.919,0.330,0.190,0.850,-0.059,0.435,0.292,0.117,0.000
3313658,0.0516356,252.741604318377,0.768,0.184,-0.581,-0.730,-0.607,-0.209,-0.235,0.091,0.874,0.922,0.331,0.185,0.849,-0.061,0.431,0.298,0.114,0.000
3313666,0.0432346,252.784838919993,0.768,0.184,-0.581,-0.730,-0.607,-0.209,-0.235,0.091,0.874,0.920,0.333,0.179,0.849,-0.065,0.430,0.300,0.139,0.000
3313674,0.0435771,252.828416021075,0.768,0.184,-0.581,-0.730,-0.607,-0.209,-0.235,0.091,0.874,0.917,0.335,0.177,0.852,-0.066,0.427,0.295,0.109,0.000
3313682,0.0470887,252.875504722353,0.768,0.184,-0.581,-0.730,-0.607,-0.209,-0.235,0.091,0.874,0.917,0.337,0.171,0.856,-0.066,0.423,0.291,0.146,0.000
3313692,0.0378327,252.913337422069,0.768,0.184,-0.581,-0.730,-0.607,-0.209,-0.235,0.091,0.874,0.914,0.343,0.166,0.856,-0.067,0.422,0.291,0.162,0.000
3313702,0.0492765,252.962613923009,0.768,0.184,-0.581,-0.730,-0.607,-0.209,-0.235,0.091,0.874,0.913,0.349,0.161,0.856,-0.067,0.419,0.296,0.179,0.000
3313710,0.0467705,253.009384421166,0.768,0.184,-0.581,-0.730,-0.607,-0.209,-0.235,0.091,0.874,0.918,0.358,0.155,0.854,-0.069,0.418,0.301,0.208,0.000
3313720,0.0451334,253.054517821874,0.768,0.184,-0.581,-0.730,-0.607,-0.209,-0.235,0.091,0.874,0.922,0.366,0.149,0.852,-0.076,0.415,0.309,0.297,0.000
3313730,0.0499607,253.104478520807,0.768,0.184,-0.581,-0.730,-0.607,-0.209,-0.235,0.091,0.874,0.920,0.369,0.148,0.851,-0.078,0.416,0.310,0.452,0.000
3313740,0.0474367,253.151915220078,0.768,0.184,-0.581,-0.730,-0.607,-0.209,-0.235,0.091,0.874,0.925,0.375,0.145,0.852,-0.076,0.417,0.308,0.341,0.000
3313748,0.0468483,253.198763520923,0.768,0.184,-0.581,-0.730,-0.607,-0.209,-0.235,0.091,0.874,0.928,0.377,0.144,0.849,-0.079,0.420,0.312,0.238,0.000
3313758,0.038689,253.237452519592,0.768,0.184,-0.581,-0.730,-0.607,-0.209,-0.235,0.091,0.874,0.930,0.379,0.147,0.847,-0.081,0.427,0.306,0.220,0.000
3313766,0.0498924,253.287344919052,0.768,0.184,-0.581,-0.730,-0.607,-0.209,-0.235,0.091,0.874,0.933,0.378,0.149,0.847,-0.088,0.428,0.303,0.146,0.000
3313774,0.0451461,253.332491019275,0.768,0.184,-0.581,-0.730,-0.607,-0.209,-0.235,0.091,0.874,0.937,0.382,0.152,0.843,-0.091,0.435,0.302,0.129,0.000
3313784,0.0490128,253.381503818091,0.768,0.184,-0.581,-0.730,-0.607,-0.209,-0.235,0.091,0.874,0.937,0.381,0.156,0.840,-0.095,0.441,0.301,0.147,0.000
3313792,0.0400603,253.421564118471,0.768,0.184,-0.581,-0.730,-0.607,-0.209,-0.235,0.091,0.874,0.942,0.382,0.161,0.835,-0.096,0.446,0.307,0.179,0.000
3313798,0.0404835,253.462047619279,0.768,0.184,-0.581,-0.730,-0.607,-0.209,-0.235,0.091,0.874,0.945,0.383,0.164,0.834,-0.098,0.448,0.306,0.167,0.000
3313802,0.0399813,253.502028917428,0.768,0.184,-0.581,-0.730,-0.607,-0.209,-0.235,0.091,0.874,0.947,0.384,0.165,0.831,-0.101,0.455,0.303,0.150,0.000
3313810,0.0102757,253.512304617558,0.768,0.184,-0.581,-0.730,-0.607,-0.209,-0.235,0.091,0.874,0.952,0.384,0.166,0.828,-0.101,0.461,0.303,0.141,0.000
3313814,0.0547977,253.567102319095,0.768,0.184,-0.581,-0.730,-0.607,-0.209,-0.235,0.091,0.874,0.956,0.384,0.169,0.827,-0.103,0.460,0.306,0.207,0.000
3313824,0.00658,253.573682318907,0.768,0.184,-0.581,-0.730,-0.607,-0.209,-0.235,0.091,0.874,0.960,0.381,0.165,0.829,-0.105,0.452,0.312,0.207,0.000
3313832,0.0665499,253.640232216101,0.768,0.184,-0.581,-0.730,-0.607,-0.209,-0.235,0.091,0.874,0.961,0.376,0.163,0.829,-0.113,0.444,0.319,0.290,0.000
3313842,0.0369268,253.677159014624,0.768,0.184,-0.581,-0.730,-0.607,-0.209,-0.235,0.091,0.874,0.960,0.375,0.162,0.829,-0.116,0.442,0.322,0.279,0.000
3313848,0.0447755,253.721934515517,0.768,0.184,-0.581,-0.730,-0.607,-0.209,-0.235,0.091,0.874,0.959,0.375,0.162,0.829,-0.120,0.439,0.325,0.302,0.000
3313858,0.0214708,253.743405315559,0.768,0.184,-0.581,-0.730,-0.607,-0.209,-0.235,0.091,0.874,0.960,0.373,0.161,0.829,-0.120,0.436,0.330,0.316,0.000
3313866,0.0579183,253.801323614549,0.768,0.184,-0.581,-0.730,-0.607,-0.209,-0.235,0.091,0.874,0.960,0.375,0.162,0.833,-0.116,0.431,0.329,0.406,0.000
3313874,0.0263342,253.827657814603,0.768,0.184,-0.581,-0.730,-0.607,-0.209,-0.235,0.091,0.874,0.958,0.384,0.167,0.834,-0.111,0.431,0.324,0.403,0.000
3313884,0.0461756,253.873833413702,0.768,0.184,-0.581,-0.730,-0.607,-0.209,-0.235,0.091,0.874,0.957,0.392,0.171,0.835,-0.101,0.439,0.316,0.207,0.000
3313892,0.0490574,253.922890815418,0.768,0.184,-0.581,-0.730,-0.607,-0.209,-0.235,0.091,0.874,0.959,0.401,0.181,0.836,-0.090,0.438,0.319,0.087,0.000
3313902,0.0447004,253.967591214459,0.768,0.184,-0.581,-0.730,-0.607,-0.209,-0.235,0.091,0.874,0.958,0.409,0.188,0.833,-0.085,0.437,0.327,0.129,0.000
3313910,0.0428306,254.010421815794,0.768,0.184,-0.581,-0.730,-0.607,-0.209,-0.235,0.091,0.874,0.957,0.414,0.193,0.830,-0.079,0.439,0.336,0.141,0.000
3313920,0.041698,254.052119817119,0.768,0.184,-0.581,-0.730,-0.607,-0.209,-0.235,0.091,0.874,0.958,0.414,0.195,0.827,-0.073,0.438,0.345,0.115,0.000
3313928,0.0457075,254.09782731859,0.768,0.184,-0.581,-0.730,-0.607,-0.209,-0.235,0.091,0.874,0.956,0.415,0.196,0.825,-0.075,0.434,0.353,0.149,0.000
3313938,0.0471832,254.145010519307,0.768,0.184,-0.581,-0.730,-0.607,-0.209,-0.235,0.091,0.874,0.958,0.417,0.199,0.824,-0.077,0.434,0.356,0.156,0.000
3313948,0.0488472,254.193857717793,0.768,0.184,-0.581,-0.730,-0.607,-0.209,-0.235,0.091,0.874,0.959,0.419,0.201,0.824,-0.079,0.436,0.354,0.138,0.000
3313958,0.0493681,254.243225816172,0.768,0.184,-0.581,-0.730,-0.607,-0.209,-0.235,0.091,0.874,0.954,0.412,0.198,0.823,-0.082,0.437,0.354,0.084,0.000
3313968,0.0528215,254.296047314536,0.768,0.184,-0.581,-0.730,-0.607,-0.209,-0.235,0.091,0.874,0.953,0.411,0.198,0.823,-0.081,0.437,0.352,0.154,0.000
3313976,0.045762,254.341809313279,0.768,0.184,-0.581,-0.730,-0.607,-0.209,-0.235,0.091,0.874,0.950,0.408,0.197,0.824,-0.084,0.435,0.353,0.150,0.000
3313986,0.0446797,254.386489014607,0.768,0.184,-0.581,-0.730,-0.607,-0.209,-0.235,0.091,0.874,0.950,0.404,0.196,0.825,-0.087,0.434,0.351,0.172,0.000
3313994,0.0420814,254.428570415359,0.768,0.184,-0.581,-0.730,-0.607,-0.209,-0.235,0.091,0.874,0.947,0.399,0.195,0.827,-0.089,0.435,0.346,0.159,0.000
3314004,0.0466828,254.475253216457,0.768,0.184,-0.581,-0.730,-0.607,-0.209,-0.235,0.091,0.874,0.945,0.394,0.197,0.832,-0.089,0.431,0.339,0.147,0.000
3314012,0.0431432,254.518396418076,0.768,0.184,-0.581,-0.730,-0.607,-0.209,-0.235,0.091,0.874,0.944,0.390,0.196,0.835,-0.089,0.427,0.334,0.162,0.000
3314022,0.0443432,254.562739617657,0.768,0.184,-0.581,-0.730,-0.607,-0.209,-0.235,0.091,0.874,0.943,0.389,0.196,0.839,-0.089,0.427,0.325,0.151,0.000
3314030,0.0435447,254.606284316164,0.768,0.184,-0.581,-0.730,-0.607,-0.209,-0.235,0.091,0.874,0.944,0.386,0.196,0.841,-0.089,0.425,0.322,0.112,0.000
3314040,0.0460152,254.652299515437,0.768,0.184,-0.581,-0.730,-0.607,-0.209,-0.235,0.091,0.874,0.945,0.385,0.196,0.843,-0.089,0.423,0.321,0.120,0.000
3314048,0.0461623,254.698461815249,0.768,0.184,-0.581,-0.730,-0.607,-0.209,-0.235,0.091,0.874,0.943,0.384,0.196,0.844,-0.091,0.422,0.319,0.128,0.000
3314056,0.0432604,254.741722214501,0.768,0.184,-0.581,-0.730,-0.607,-0.209,-0.235,0.091,0.874,0.942,0.381,0.197,0.844,-0.092,0.422,0.319,0.140,0.000
3314064,0.0428679,254.784590113442,0.768,0.184,-0.581,-0.730,-0.607,-0.209,-0.235,0.091,0.874,0.940,0.379,0.197,0.843,-0.093,0.422,0.320,0.136,0.000
3314076,0.0457399,254.830330013763,0.768,0.184,-0.581,-0.730,-0.607,-0.209,-0.235,0.091,0.874,0.940,0.376,0.197,0.844,-0.097,0.420,0.320,0.134,0.000
3314084,0.0466047,254.87693471415,0.768,0.184,-0.581,-0.730,-0.607,-0.209,-0.235,0.091,0.874,0.939,0.374,0.198,0.843,-0.099,0.420,0.320,0.104,0.000
3314092,0.0417988,254.91873351438,0.768,0.184,-0.581,-0.730,-0.607,-0.209,-0.235,0.091,0.874,0.935,0.373,0.200,0.842,-0.095,0.428,0.314,0.076,0.000
3314102,0.0449785,254.963712013792,0.768,0.184,-0.581,-0.730,-0.607,-0.209,-0.235,0.091,0.874,0.932,0.369,0.200,0.840,-0.096,0.432,0.315,0.006,0.000
3314110,0.0448369,255.008548914921,0.768,0.184,-0.581,-0.730,-0.607,-0.209,-0.235,0.091,0.874,0.929,0.364,0.202,0.839,-0.095,0.435,0.311,0.000,0.000
3314120,0.0446944,255.053243316244,0.768,0.184,-0.581,-0.730,-0.607,-0.209,-0.235,0.091,0.874,0.926,0.358,0.200,0.839,-0.099,0.436,0.311,0.000,0.000
3314128,0.0401317,255.093375015538,0.768,0.184,-0.581,-0.730,-0.607,-0.209,-0.235,0.091,0.874,0.926,0.355,0.200,0.840,-0.102,0.436,0.308,0.000,0.000
3314138,0.0495446,255.142919614445,0.768,0.184,-0.581,-0.730,-0.607,-0.209,-0.235,0.091,0.874,0.922,0.353,0.198,0.841,-0.105,0.435,0.302,0.005,0.000
3314146,0.0444575,255.187377113383,0.768,0.184,-0.581,-0.730,-0.607,-0.209,-0.235,0.091,0.874,0.922,0.351,0.197,0.842,-0.107,0.436,0.299,0.052,0.000
3314156,0.0462476,255.233624714892,0.768,0.184,-0.581,-0.730,-0.607,-0.209,-0.235,0.091,0.874,0.922,0.348,0.196,0.844,-0.110,0.433,0.297,0.051,0.000
3314164,0.0440158,255.27764051361,0.768,0.184,-0.581,-0.730,-0.607,-0.209,-0.235,0.091,0.874,0.921,0.346,0.196,0.842,-0.115,0.433,0.300,0.041,0.000
3314172,0.0424112,255.320051714312,0.768,0.184,-0.581,-0.730,-0.607,-0.209,-0.235,0.091,0.874,0.921,0.346,0.198,0.843,-0.115,0.435,0.295,0.021,0.000
3314180,0.0436518,255.363703514915,0.768,0.184,-0.581,-0.730,-0.607,-0.209,-0.235,0.091,0.874,0.922,0.347,0.199,0.843,-0.113,0.439,0.291,0.013,0.000
3314190,0.0413319,255.405035413336,0.768,0.184,-0.581,-0.730,-0.607,-0.209,-0.235,0.091,0.874,0.922,0.346,0.201,0.844,-0.112,0.440,0.286,0.007,0.000
3314198,0.0441249,255.449160314631,0.768,0.184,-0.581,-0.730,-0.607,-0.209,-0.235,0.091,0.874,0.921,0.346,0.200,0.844,-0.111,0.441,0.284,0.000,0.000
3314208,0.0428512,255.492011513095,0.768,0.184,-0.581,-0.730,-0.607,-0.209,-0.235,0.091,0.874,0.919,0.345,0.200,0.844,-0.111,0.445,0.279,0.000,0.000
3314216,0.0492521,255.541263613384,0.768,0.184,-0.581,-0.730,-0.607,-0.209,-0.235,0.091,0.874,0.920,0.343,0.201,0.845,-0.111,0.442,0.280,0.025,0.000
3314224,0.0416332,255.582896813285,0.768,0.184,-0.581,-0.730,-0.607,-0.209,-0.235,0.091,0.874,0.917,0.340,0.201,0.845,-0.112,0.442,0.280,0.047,0.000
3314234,0.0453307,255.628227512818,0.768,0.184,-0.581,-0.730,-0.607,-0.209,-0.235,0.091,0.874,0.917,0.338,0.201,0.845,-0.112,0.442,0.279,0.082,0.000
3314242,0.0398705,255.668098013382,0.768,0.184,-0.581,-0.730,-0.607,-0.209,-0.235,0.091,0.874,0.914,0.337,0.202,0.844,-0.113,0.444,0.278,0.044,0.000
3314252,0.0432262,255.71132421447,0.768,0.184,-0.581,-0.730,-0.607,-0.209,-0.235,0.091,0.874,0.911,0.338,0.204,0.845,-0.109,0.448,0.273,0.025,0.000
3314262,0.0495982,255.760922412854,0.768,0.184,-0.581,-0.730,-0.607,-0.209,-0.235,0.091,0.874,0.912,0.336,0.204,0.845,-0.109,0.447,0.271,0.011,0.000
3314270,0.0497129,255.810635312926,0.768,0.184,-0.581,-0.730,-0.607,-0.209,-0.235,0.091,0.874,0.910,0.335,0.204,0.846,-0.108,0.446,0.271,0.016,0.000
3314278,0.0431568,255.853792111855,0.768,0.184,-0.581,-0.730,-0.607,-0.209,-0.235,0.091,0.874,0.911,0.335,0.204,0.846,-0.112,0.444,0.273,0.038,0.000
3314286,0.0395358,255.893327913713,0.768,0.184,-0.581,-0.730,-0.607,-0.209,-0.235,0.091,0.874,0.913,0.337,0.205,0.847,-0.115,0.442,0.272,0.018,0.000
3314296,0.0448437,255.938171613496,0.768,0.184,-0.581,-0.730,-0.607,-0.209,-0.235,0.091,0.874,0.913,0.339,0.204,0.846,-0.117,0.441,0.275,0.068,0.000
3314304,0.0443263,255.98249791516,0.768,0.184,-0.581,-0.730,-0.607,-0.209,-0.235,0.091,0.874,0.915,0.343,0.203,0.847,-0.115,0.442,0.274,0.065,0.000
3314314,0.0409447,256.023442614358,0.768,0.184,-0.581,-0.730,-0.607,-0.209,-0.235,0.091,0.874,0.915,0.344,0.204,0.848,-0.114,0.442,0.271,0.077,0.000
3314324,0.050227,256.073669615667,0.768,0.184,-0.581,-0.730,-0.607,-0.209,-0.235,0.091,0.874,0.918,0.344,0.204,0.849,-0.111,0.442,0.269,0.095,0.000
3314332,0.0475783,256.121247916948,0.768,0.184,-0.581,-0.730,-0.607,-0.209,-0.235,0.091,0.874,0.919,0.344,0.204,0.850,-0.108,0.443,0.265,0.111,0.000
3314340,0.0399295,256.16117741866,0.768,0.184,-0.581,-0.730,-0.607,-0.209,-0.235,0.091,0.874,0.919,0.344,0.204,0.850,-0.107,0.443,0.263,0.109,0.000
3314350,0.0462983,256.207475717645,0.768,0.184,-0.581,-0.730,-0.607,-0.209,-0.235,0.091,0.874,0.920,0.345,0.205,0.850,-0.107,0.442,0.265,0.078,0.000
3314358,0.0429973,256.25047301827,0.768,0.184,-0.581,-0.730,-0.607,-0.209,-0.235,0.091,0.874,0.919,0.345,0.206,0.850,-0.106,0.443,0.266,0.061,0.000
3314368,0.0438984,256.294371418189,0.768,0.184,-0.581,-0.730,-0.607,-0.209,-0.235,0.091,0.874,0.913,0.347,0.205,0.849,-0.100,0.445,0.265,0.046,0.000
3314378,0.046918,256.341289419215,0.768,0.184,-0.581,-0.730,-0.607,-0.209,-0.235,0.091,0.874,0.918,0.347,0.207,0.848,-0.104,0.445,0.269,0.043,0.000
3314384,0.0474143,256.388703718316,0.768,0.184,-0.581,-0.730,-0.607,-0.209,-0.235,0.091,0.874,0.918,0.345,0.208,0.848,-0.105,0.445,0.269,0.044,0.000
3314394,0.0411807,256.42988441838,0.768,0.184,-0.581,-0.730,-0.607,-0.209,-0.235,0.091,0.874,0.918,0.345,0.207,0.847,-0.108,0.443,0.272,0.149,0.000
3314404,0.045296,256.475180416834,0.768,0.184,-0.581,-0.730,-0.607,-0.209,-0.235,0.091,0.874,0.917,0.345,0.207,0.846,-0.111,0.444,0.274,0.107,0.000
3314412,0.0417623,256.516942716669,0.768,0.184,-0.581,-0.730,-0.607,-0.209,-0.235,0.091,0.874,0.914,0.344,0.208,0.846,-0.111,0.444,0.273,0.073,0.000
3314422,0.0523278,256.569270517211,0.768,0.184,-0.581,-0.730,-0.607,-0.209,-0.235,0.091,0.874,0.914,0.344,0.209,0.846,-0.112,0.445,0.272,0.072,0.000
3314430,0.0423553,256.611625816207,0.768,0.184,-0.581,-0.730,-0.607,-0.209,-0.235,0.091,0.874,0.914,0.346,0.207,0.847,-0.111,0.445,0.271,0.062,0.000
3314438,0.0436697,256.65529551683,0.768,0.184,-0.581,-0.730,-0.607,-0.209,-0.235,0.091,0.874,0.911,0.346,0.209,0.845,-0.113,0.447,0.271,0.088,0.000
3314448,0.0397926,256.695088117849,0.768,0.184,-0.581,-0.730,-0.607,-0.209,-0.235,0.091,0.874,0.915,0.349,0.213,0.843,-0.108,0.453,0.269,0.063,0.000
3314456,0.0477787,256.742866817396,0.768,0.184,-0.581,-0.730,-0.607,-0.209,-0.235,0.091,0.874,0.916,0.347,0.208,0.840,-0.114,0.453,0.275,0.032,0.000
3314466,0.0452589,256.788125715684,0.768,0.184,-0.581,-0.730,-0.607,-0.209,-0.235,0.091,0.874,0.918,0.345,0.205,0.840,-0.117,0.452,0.278,0.040,0.000
3314474,0.0412446,256.829370315652,0.768,0.184,-0.581,-0.730,-0.607,-0.209,-0.235,0.091,0.874,0.915,0.345,0.207,0.842,-0.116,0.449,0.276,0.031,0.000
3314484,0.0456249,256.874995216262,0.768,0.184,-0.581,-0.730,-0.607,-0.209,-0.235,0.091,0.874,0.913,0.344,0.208,0.843,-0.115,0.449,0.275,0.102,0.000
3314494,0.0431642,256.918159417342,0.768,0.184,-0.581,-0.730,-0.607,-0.209,-0.235,0.091,0.874,0.913,0.344,0.209,0.843,-0.115,0.449,0.273,0.085,0.000
3314500,0.0482205,256.966379917692,0.768,0.184,-0.581,-0.730,-0.607,-0.209,-0.235,0.091,0.874,0.912,0.345,0.209,0.843,-0.114,0.448,0.274,0.098,0.000
3314508,0.0355343,257.001914217602,0.768,0.184,-0.581,-0.730,-0.607,-0.209,-0.235,0.091,0.874,0.914,0.346,0.210,0.843,-0.114,0.451,0.272,0.108,0.000
3314518,0.0441628,257.046077016275,0.768,0.184,-0.581,-0.730,-0.607,-0.209,-0.235,0.091,0.874,0.914,0.348,0.211,0.843,-0.111,0.451,0.270,0.075,0.000
3314528,0.051618,257.097695014905,0.768,0.184,-0.581,-0.730,-0.607,-0.209,-0.235,0.091,0.874,0.913,0.346,0.213,0.844,-0.115,0.453,0.263,0.070,0.000
3314536,0.0441588,257.141853816342,0.768,0.184,-0.581,-0.730,-0.607,-0.209,-0.235,0.091,0.874,0.914,0.349,0.214,0.844,-0.109,0.453,0.266,0.056,0.000
3314546,0.0437245,257.185578315984,0.768,0.184,-0.581,-0.730,-0.607,-0.209,-0.235,0.091,0.874,0.913,0.350,0.215,0.843,-0.107,0.454,0.268,0.060,0.000
3314554,0.0437072,257.229285515379,0.447,0.324,0.077,0.555,0.051,-0.782,0.279,0.091,0.874,0.912,0.351,0.216,0.843,-0.107,0.455,0.265,0.000,0.000
3314564,0.043146,257.272431514692,0.447,0.327,0.095,0.552,0.050,-0.776,0.300,0.167,0.551,0.911,0.354,0.218,0.844,-0.099,0.459,0.260,0.021,0.000
3314572,0.045941,257.318372513633,0.455,0.309,0.130,0.546,0.040,-0.777,0.310,0.000,0.000,0.912,0.356,0.220,0.845,-0.095,0.459,0.256,0.022,0.000
3314582,0.0473863,257.365758813452,0.451,0.302,0.139,0.545,0.034,-0.783,0.297,0.000,0.000,0.912,0.357,0.221,0.844,-0.094,0.461,0.258,0.018,0.000
3314590,0.044171,257.409929815214,0.451,0.302,0.144,0.557,0.028,-0.785,0.269,0.000,0.000,0.912,0.355,0.222,0.843,-0.098,0.460,0.261,0.016,0.000
3314598,0.0425772,257.452507014852,0.448,0.294,0.149,0.565,0.030,-0.785,0.254,0.000,0.000,0.910,0.356,0.224,0.842,-0.096,0.461,0.263,0.019,0.000
3314608,0.0379076,257.490414615255,0.448,0.294,0.152,0.576,0.041,-0.781,0.238,0.000,0.000,0.913,0.356,0.224,0.844,-0.098,0.459,0.260,0.027,0.000
3314616,0.0575777,257.547992314678,0.446,0.289,0.155,0.584,0.049,-0.776,0.233,0.000,0.000,0.913,0.358,0.224,0.843,-0.100,0.457,0.265,0.009,0.000
3314626,0.0378463,257.585838615429,0.444,0.285,0.151,0.591,0.054,-0.770,0.234,0.000,0.000,0.913,0.359,0.223,0.843,-0.101,0.457,0.265,0.005,0.000
3314634,0.045898,257.63173661707,0.440,0.281,0.136,0.590,0.056,-0.761,0.263,0.000,0.000,0.913,0.358,0.222,0.843,-0.103,0.455,0.267,0.000,0.000
3314644,0.0433421,257.675078715663,0.443,0.274,0.122,0.577,0.052,-0.762,0.291,0.000,0.000,0.912,0.357,0.222,0.843,-0.102,0.456,0.268,0.037,0.000
3314652,0.0449929,257.720071617048,0.444,0.264,0.099,0.561,0.068,-0.765,0.307,0.088,0.000,0.912,0.356,0.224,0.844,-0.102,0.454,0.268,0.044,0.000
3314662,0.0417951,257.761866718065,0.440,0.236,0.078,0.531,0.111,-0.777,0.320,0.250,0.076,0.912,0.356,0.225,0.843,-0.101,0.454,0.268,0.085,0.000
3314670,0.0456964,257.807563118171,0.432,0.212,0.051,0.512,0.138,-0.782,0.328,0.272,0.617,0.912,0.355,0.228,0.845,-0.102,0.454,0.264,0.089,0.000
3314680,0.0448646,257.852427716833,0.426,0.189,0.027,0.508,0.175,-0.788,0.302,0.494,1.000,0.911,0.355,0.232,0.845,-0.100,0.455,0.262,0.122,0.000
3314686,0.0478152,257.900242916774,0.413,0.158,-0.003,0.520,0.204,-0.787,0.261,0.618,0.727,0.911,0.352,0.233,0.847,-0.100,0.453,0.260,0.144,0.000
3314694,0.0296827,257.929925616365,0.406,0.138,-0.018,0.536,0.244,-0.778,0.219,0.847,0.841,0.911,0.351,0.234,0.848,-0.101,0.452,0.259,0.184,0.000
3314698,0.0450083,257.9749339181,0.397,0.126,-0.044,0.539,0.303,-0.765,0.182,1.000,0.754,0.910,0.351,0.236,0.848,-0.101,0.451,0.258,0.202,0.000
3314706,0.0142862,257.989220117684,0.391,0.126,-0.056,0.534,0.411,-0.722,0.154,1.000,0.709,0.910,0.351,0.237,0.849,-0.102,0.450,0.257,0.203,0.000
3314712,0.0562106,258.045430717524,0.365,0.077,-0.102,0.524,0.466,-0.704,0.117,1.000,0.294,0.909,0.349,0.239,0.849,-0.104,0.451,0.255,0.187,0.000
3314716,0.0122398,258.057670517359,0.353,0.077,-0.121,0.500,0.508,-0.698,0.067,1.000,0.244,0.909,0.349,0.241,0.849,-0.105,0.450,0.256,0.195,0.000
3314726,0.0305897,258.088260217104,0.326,0.091,-0.130,0.424,0.578,-0.696,-0.041,0.942,0.212,0.908,0.351,0.243,0.849,-0.106,0.450,0.256,0.192,0.000
3314732,0.062297,258.150557218585,0.326,0.091,-0.130,0.424,0.578,-0.696,-0.041,0.942,0.212,0.907,0.349,0.242,0.845,-0.116,0.446,0.271,0.181,0.000
3314742,0.0236042,258.174161417875,0.326,0.091,-0.130,0.424,0.578,-0.696,-0.041,0.942,0.212,0.906,0.348,0.246,0.842,-0.122,0.446,0.276,0.176,0.000
3314750,0.0340076,258.208169019315,0.326,0.091,-0.130,0.424,0.578,-0.696,-0.041,0.942,0.212,0.907,0.344,0.248,0.842,-0.123,0.447,0.277,0.107,0.000
3314760,0.0551539,258.26332291821,0.326,0.091,-0.130,0.424,0.578,-0.696,-0.041,0.942,0.212,0.907,0.341,0.248,0.841,-0.126,0.444,0.281,0.100,0.000
3314768,0.0472917,258.310614618007,0.326,0.091,-0.130,0.424,0.578,-0.696,-0.041,0.942,0.212,0.907,0.337,0.249,0.842,-0.128,0.442,0.282,0.137,0.000
3314778,0.0391779,258.349792516325,0.326,0.091,-0.130,0.424,0.578,-0.696,-0.041,0.942,0.212,0.908,0.335,0.250,0.842,-0.130,0.442,0.281,0.153,0.000
3314786,0.0445108,258.394303316716,0.326,0.091,-0.130,0.424,0.578,-0.696,-0.041,0.942,0.212,0.908,0.333,0.251,0.843,-0.130,0.441,0.278,0.168,0.000
3314794,0.0377043,258.432007616851,0.326,0.091,-0.130,0.424,0.578,-0.696,-0.041,0.942,0.212,0.907,0.332,0.252,0.845,-0.130,0.440,0.277,0.127,0.000
3314804,0.0427942,258.474801818375,0.326,0.091,-0.130,0.424,0.578,-0.696,-0.041,0.942,0.212,0.906,0.333,0.253,0.845,-0.126,0.441,0.274,0.135,0.000
3314816,0.0511405,258.525942316744,0.326,0.091,-0.130,0.424,0.578,-0.696,-0.041,0.942,0.212,0.907,0.332,0.254,0.846,-0.125,0.440,0.274,0.133,0.000
3314828,0.0629375,258.588879814837,0.326,0.091,-0.130,0.424,0.578,-0.696,-0.041,0.942,0.212,0.910,0.330,0.254,0.848,-0.123,0.438,0.273,0.109,0.000
3314840,0.0545385,258.643418314401,0.326,0.091,-0.130,0.424,0.578,-0.696,-0.041,0.942,0.212,0.909,0.333,0.257,0.852,-0.106,0.435,0.270,0.158,0.000
3314852,0.0645616,258.707979912404,0.326,0.091,-0.130,0.424,0.578,-0.696,-0.041,0.942,0.212,0.910,0.336,0.256,0.858,-0.078,0.431,0.270,0.486,0.000
3314864,0.0572163,258.765196213964,0.326,0.091,-0.130,0.424,0.578,-0.696,-0.041,0.942,0.212,0.912,0.334,0.255,0.861,-0.064,0.423,0.274,0.892,0.241
3314872,0.0560079,258.821204113308,0.326,0.091,-0.130,0.424,0.578,-0.696,-0.041,0.942,0.212,0.914,0.335,0.253,0.864,-0.054,0.420,0.274,0.476,0.837
3314882,0.0489911,258.870195212308,0.326,0.091,-0.130,0.424,0.578,-0.696,-0.041,0.942,0.212,0.915,0.336,0.253,0.865,-0.045,0.419,0.271,0.340,0.790
3314892,0.0423211,258.912516313139,0.326,0.091,-0.130,0.424,0.578,-0.696,-0.041,0.942,0.212,0.919,0.335,0.250,0.866,-0.043,0.418,0.271,0.287,0.632
3314902,0.0511173,258.963633614127,0.326,0.091,-0.130,0.424,0.578,-0.696,-0.041,0.942,0.212,0.921,0.335,0.249,0.867,-0.043,0.416,0.271,0.282,0.305
3314910,0.0465711,259.010204712395,0.326,0.091,-0.130,0.424,0.578,-0.696,-0.041,0.942,0.212,0.924,0.333,0.247,0.867,-0.048,0.413,0.274,0.238,0.127
3314920,0.0434807,259.053685414139,0.326,0.091,-0.130,0.424,0.578,-0.696,-0.041,0.942,0.212,0.925,0.334,0.246,0.868,-0.047,0.411,0.275,0.242,0.000
3314928,0.043813,259.097498415504,0.326,0.091,-0.130,0.424,0.578,-0.696,-0.041,0.942,0.212,0.927,0.335,0.245,0.869,-0.048,0.408,0.274,0.225,0.000
3314936,0.0425542,259.140052615199,0.326,0.091,-0.130,0.424,0.578,-0.696,-0.041,0.942,0.212,0.928,0.333,0.243,0.869,-0.053,0.406,0.279,0.228,0.000
3314946,0.045714,259.185766613577,0.326,0.091,-0.130,0.424,0.578,-0.696,-0.041,0.942,0.212,0.928,0.332,0.241,0.868,-0.055,0.405,0.281,0.228,0.000
3314954,0.0438657,259.229632312898,0.326,0.091,-0.130,0.424,0.578,-0.696,-0.041,0.942,0.212,0.928,0.332,0.241,0.869,-0.055,0.405,0.280,0.267,0.000
3314962,0.0451997,259.274832012597,0.326,0.091,-0.130,0.424,0.578,-0.696,-0.041,0.942,0.212,0.927,0.330,0.239,0.870,-0.057,0.402,0.281,0.280,0.000
3314972,0.0389658,259.313797811512,0.326,0.091,-0.130,0.424,0.578,-0.696,-0.041,0.942,0.212,0.927,0.330,0.240,0.870,-0.058,0.401,0.281,0.268,0.000
3314982,0.0516377,259.365435513202,0.326,0.091,-0.130,0.424,0.578,-0.696,-0.041,0.942,0.212,0.926,0.328,0.240,0.870,-0.058,0.401,0.280,0.304,0.000
3314990,0.0446139,259.410049414728,0.326,0.091,-0.130,0.424,0.578,-0.696,-0.041,0.942,0.212,0.926,0.325,0.241,0.871,-0.062,0.399,0.281,0.309,0.000
3315000,0.0448022,259.454851614777,0.326,0.091,-0.130,0.424,0.578,-0.696,-0.041,0.942,0.212,0.926,0.323,0.242,0.872,-0.065,0.397,0.278,0.310,0.000
3315006,0.0423172,259.497168815229,0.326,0.091,-0.130,0.424,0.578,-0.696,-0.041,0.942,0.212,0.925,0.322,0.243,0.873,-0.068,0.397,0.276,0.321,0.000
3315014,0.0367597,259.533928515855,0.326,0.091,-0.130,0.424,0.578,-0.696,-0.041,0.942,0.212,0.925,0.321,0.244,0.873,-0.069,0.398,0.273,0.329,0.000
3315018,0.0442102,259.578138715122,0.326,0.091,-0.130,0.424,0.578,-0.696,-0.041,0.942,0.212,0.924,0.320,0.243,0.873,-0.070,0.398,0.272,0.348,0.000
3315026,0.0113346,259.589473315049,0.326,0.091,-0.130,0.424,0.578,-0.696,-0.041,0.942,0.212,0.923,0.319,0.243,0.874,-0.071,0.397,0.272,0.355,0.000
3315030,0.0502052,259.63967851596,0.326,0.091,-0.130,0.424,0.578,-0.696,-0.041,0.942,0.212,0.922,0.318,0.244,0.875,-0.071,0.397,0.268,0.364,0.000
3315038,0.011286,259.650964515749,0.326,0.091,-0.130,0.424,0.578,-0.696,-0.041,0.942,0.212,0.920,0.317,0.244,0.876,-0.072,0.396,0.267,0.383,0.000
3315048,0.0552589,259.706223415677,0.326,0.091,-0.130,0.424,0.578,-0.696,-0.041,0.942,0.212,0.920,0.316,0.243,0.877,-0.073,0.394,0.266,0.413,0.000
3315056,0.0446033,259.750826715026,0.326,0.091,-0.130,0.424,0.578,-0.696,-0.041,0.942,0.212,0.919,0.316,0.242,0.877,-0.073,0.393,0.265,0.388,0.000
3315062,0.0281984,259.779025115538,0.326,0.091,-0.130,0.424,0.578,-0.696,-0.041,0.942,0.212,0.918,0.315,0.242,0.878,-0.074,0.393,0.265,0.404,0.000
3315070,0.0361473,259.815172415692,0.326,0.091,-0.130,0.424,0.578,-0.696,-0.041,0.942,0.212,0.918,0.316,0.243,0.876,-0.076,0.394,0.268,0.421,0.000
3315082,0.0407903,259.855962716509,0.326,0.091,-0.130,0.424,0.578,-0.696,-0.041,0.942,0.212,0.917,0.317,0.245,0.876,-0.076,0.394,0.269,0.450,0.000
3315092,0.0543682,259.910330918152,0.326,0.091,-0.130,0.424,0.578,-0.696,-0.041,0.942,0.212,0.917,0.320,0.247,0.875,-0.073,0.395,0.271,0.433,0.000
3315104,0.0558561,259.966187019367,0.326,0.091,-0.130,0.424,0.578,-0.696,-0.041,0.942,0.212,0.915,0.321,0.246,0.875,-0.072,0.392,0.274,0.443,0.000
3315114,0.0558173,260.022004317958,0.326,0.091,-0.130,0.424,0.578,-0.696,-0.041,0.942,0.212,0.914,0.322,0.247,0.875,-0.070,0.393,0.274,0.431,0.000
3315126,0.0546992,260.076703519095,0.326,0.091,-0.130,0.424,0.578,-0.696,-0.041,0.942,0.212,0.917,0.324,0.248,0.873,-0.073,0.394,0.277,0.455,0.000
3315138,0.0572913,260.133994818199,0.326,0.091,-0.130,0.424,0.578,-0.696,-0.041,0.942,0.212,0.916,0.324,0.246,0.874,-0.072,0.392,0.279,0.419,0.000
3315148,0.0569171,260.190911919344,0.326,0.091,-0.130,0.424,0.578,-0.696,-0.041,0.942,0.212,0.915,0.324,0.245,0.874,-0.070,0.391,0.279,0.421,0.000
3315158,0.057104,260.248015918303,0.326,0.091,-0.130,0.424,0.578,-0.696,-0.041,0.942,0.212,0.916,0.323,0.243,0.876,-0.068,0.389,0.278,0.490,0.024
3315168,0.050105,260.298120920081,0.326,0.091,-0.130,0.424,0.578,-0.696,-0.041,0.942,0.212,0.916,0.324,0.240,0.877,-0.066,0.387,0.275,0.536,0.090
3315180,0.0471446,260.34526551934,0.326,0.091,-0.130,0.424,0.578,-0.696,-0.041,0.942,0.212,0.916,0.322,0.236,0.879,-0.065,0.383,0.275,0.580,0.081
3315188,0.0536561,260.398921620566,0.326,0.091,-0.130,0.424,0.578,-0.696,-0.041,0.942,0.212,0.913,0.322,0.235,0.880,-0.065,0.380,0.276,0.564,0.121
3315196,0.0454001,260.444321722258,0.326,0.091,-0.130,0.424,0.578,-0.696,-0.041,0.942,0.212,0.913,0.317,0.232,0.881,-0.065,0.379,0.276,0.650,0.166
3315206,0.0417828,260.486104522366,0.326,0.091,-0.130,0.424,0.578,-0.696,-0.041,0.942,0.212,0.913,0.315,0.230,0.882,-0.066,0.378,0.275,0.575,0.172
3315214,0.0447312,260.530835722107,0.326,0.091,-0.130,0.424,0.578,-0.696,-0.041,0.942,0.212,0.912,0.314,0.229,0.883,-0.067,0.378,0.272,0.572,0.154
3315224,0.0437369,260.574572623242,0.326,0.091,-0.130,0.424,0.578,-0.696,-0.041,0.942,0.212,0.912,0.312,0.227,0.883,-0.068,0.377,0.270,0.531,0.160
3315232,0.0449632,260.619535822887,0.326,0.091,-0.130,0.424,0.578,-0.696,-0.041,0.942,0.212,0.912,0.312,0.227,0.884,-0.071,0.376,0.269,0.530,0.160
3315242,0.0445656,260.664101422299,0.326,0.091,-0.130,0.424,0.578,-0.696,-0.041,0.942,0.212,0.910,0.313,0.227,0.884,-0.070,0.376,0.269,0.522,0.150
3315250,0.0491364,260.713237822521,0.326,0.091,-0.130,0.424,0.578,-0.696,-0.041,0.942,0.212,0.909,0.314,0.229,0.884,-0.070,0.375,0.269,0.501,0.144
3315258,0.0378981,260.751135923434,0.326,0.091,-0.130,0.424,0.578,-0.696,-0.041,0.942,0.212,0.910,0.314,0.228,0.884,-0.070,0.375,0.270,0.481,0.130
3315268,0.0456416,260.79677752452,0.326,0.091,-0.130,0.424,0.578,-0.696,-0.041,0.942,0.212,0.910,0.314,0.229,0.885,-0.069,0.375,0.266,0.475,0.120
3315276,0.0452861,260.842063624877,0.326,0.091,-0.130,0.424,0.578,-0.696,-0.041,0.942,0.212,0.910,0.314,0.229,0.885,-0.070,0.374,0.269,0.485,0.096
3315284,0.0422806,260.884344224352,0.326,0.091,-0.130,0.424,0.578,-0.696,-0.041,0.942,0.212,0.909,0.315,0.229,0.885,-0.070,0.373,0.270,0.496,0.083
3315294,0.04434,260.928684223909,0.326,0.091,-0.130,0.424,0.578,-0.696,-0.041,0.942,0.212,0.910,0.316,0.230,0.885,-0.070,0.372,0.272,0.486,0.080
3315304,0.0454446,260.974128824193,0.326,0.091,-0.130,0.424,0.578,-0.696,-0.041,0.942,0.212,0.909,0.315,0.230,0.885,-0.070,0.372,0.272,0.520,0.084
3315312,0.0457246,261.019853424747,0.326,0.091,-0.130,0.424,0.578,-0.696,-0.041,0.942,0.212,0.909,0.314,0.229,0.884,-0.071,0.371,0.273,0.529,0.088
3315322,0.0462052,261.066058625001,0.326,0.091,-0.130,0.424,0.578,-0.696,-0.041,0.942,0.212,0.909,0.314,0.230,0.885,-0.071,0.371,0.272,0.532,0.080
3315330,0.0415786,261.107637223322,0.326,0.091,-0.130,0.424,0.578,-0.696,-0.041,0.942,0.212,0.909,0.313,0.230,0.885,-0.071,0.371,0.272,0.536,0.080
3315338,0.0438621,261.151499324013,0.326,0.091,-0.130,0.424,0.578,-0.696,-0.041,0.942,0.212,0.909,0.314,0.231,0.885,-0.070,0.372,0.271,0.537,0.078
3315346,0.0453145,261.196813822258,0.326,0.091,-0.130,0.424,0.578,-0.696,-0.041,0.942,0.212,0.909,0.312,0.232,0.885,-0.070,0.374,0.270,0.565,0.075
3315356,0.0447662,261.241580021102,0.326,0.091,-0.130,0.424,0.578,-0.696,-0.041,0.942,0.212,0.909,0.314,0.231,0.886,-0.070,0.373,0.268,0.552,0.036
3315366,0.0443132,261.28589322092,0.326,0.091,-0.130,0.424,0.578,-0.696,-0.041,0.942,0.212,0.909,0.313,0.231,0.886,-0.069,0.372,0.269,0.567,0.018
3315370,0.0441113,261.33000452118,0.326,0.091,-0.130,0.424,0.578,-0.696,-0.041,0.942,0.212,0.908,0.313,0.230,0.885,-0.070,0.372,0.271,0.570,0.003
3315378,0.0173287,261.347333221231,0.326,0.091,-0.130,0.424,0.578,-0.696,-0.041,0.942,0.212,0.907,0.313,0.230,0.885,-0.071,0.371,0.272,0.564,0.003
3315382,0.0481836,261.39551682258,0.326,0.091,-0.130,0.424,0.578,-0.696,-0.041,0.942,0.212,0.907,0.312,0.230,0.884,-0.072,0.371,0.275,0.560,0.008
3315388,0.0156883,261.411205122713,0.326,0.091,-0.130,0.424,0.578,-0.696,-0.041,0.942,0.212,0.907,0.311,0.230,0.884,-0.073,0.371,0.276,0.557,0.010
3315394,0.0456154,261.456820523832,0.326,0.091,-0.130,0.424,0.578,-0.696,-0.041,0.942,0.212,0.907,0.310,0.230,0.884,-0.073,0.370,0.277,0.549,0.013
3315402,0.0305688,261.487389324699,0.326,0.091,-0.130,0.424,0.578,-0.696,-0.041,0.942,0.212,0.907,0.310,0.229,0.884,-0.074,0.370,0.278,0.546,0.011
3315410,0.0235736,261.510962924454,0.326,0.091,-0.130,0.424,0.578,-0.696,-0.041,0.942,0.212,0.907,0.310,0.228,0.884,-0.073,0.369,0.277,0.536,0.002
3315420,0.0545448,261.565507723484,0.326,0.091,-0.130,0.424,0.578,-0.696,-0.041,0.942,0.212,0.906,0.309,0.228,0.884,-0.073,0.370,0.277,0.507,0.000
3315428,0.0448988,261.610406524036,0.326,0.091,-0.130,0.424,0.578,-0.696,-0.041,0.942,0.212,0.906,0.308,0.227,0.884,-0.074,0.369,0.278,0.499,0.000
3315434,0.0414159,261.651822424028,0.326,0.091,-0.130,0.424,0.578,-0.696,-0.041,0.942,0.212,0.906,0.308,0.226,0.884,-0.075,0.367,0.279,0.511,0.000
3315444,0.0207096,261.672532024328,0.326,0.091,-0.130,0.424,0.578,-0.696,-0.041,0.942,0.212,0.906,0.308,0.225,0.884,-0.076,0.367,0.280,0.514,0.000
3315452,0.0482843,261.720816323999,0.326,0.091,-0.130,0.424,0.578,-0.696,-0.041,0.942,0.212,0.907,0.308,0.226,0.883,-0.078,0.367,0.282,0.520,0.000
3315462,0.0444847,261.765301025007,0.326,0.091,-0.130,0.424,0.578,-0.696,-0.041,0.942,0.212,0.907,0.309,0.225,0.883,-0.077,0.367,0.282,0.531,0.000
3315470,0.0448172,261.8101182268,0.326,0.091,-0.130,0.424,0.578,-0.696,-0.041,0.942,0.212,0.906,0.309,0.225,0.884,-0.077,0.367,0.280,0.530,0.000
3315478,0.0449439,261.855062125716,0.326,0.091,-0.130,0.424,0.578,-0.696,-0.041,0.942,0.212,0.906,0.309,0.225,0.884,-0.077,0.366,0.281,0.534,0.000
3315488,0.0415323,261.896594426129,0.326,0.091,-0.130,0.424,0.578,-0.696,-0.041,0.942,0.212,0.906,0.310,0.226,0.883,-0.076,0.367,0.281,0.546,0.000
3315498,0.0454658,261.94206022704,0.326,0.091,-0.130,0.424,0.578,-0.696,-0.041,0.942,0.212,0.907,0.310,0.226,0.884,-0.074,0.368,0.280,0.533,0.000
3315506,0.0471547,261.989214925561,0.326,0.091,-0.130,0.424,0.578,-0.696,-0.041,0.942,0.212,0.906,0.309,0.225,0.884,-0.075,0.367,0.279,0.523,0.000
3315516,0.0461535,262.035368426237,0.326,0.091,-0.130,0.424,0.578,-0.696,-0.041,0.942,0.212,0.904,0.310,0.225,0.884,-0.075,0.367,0.279,0.515,0.000
3315526,0.0501008,262.085469225887,0.326,0.091,-0.130,0.424,0.578,-0.696,-0.041,0.942,0.212,0.905,0.308,0.227,0.884,-0.077,0.366,0.280,0.509,0.000
3315536,0.0478982,262.133367425296,0.326,0.091,-0.130,0.424,0.578,-0.696,-0.041,0.942,0.212,0.902,0.308,0.226,0.884,-0.075,0.366,0.281,0.503,0.000
3315546,0.0527731,262.186140524689,0.326,0.091,-0.130,0.424,0.578,-0.696,-0.041,0.942,0.212,0.902,0.307,0.225,0.885,-0.075,0.364,0.282,0.508,0.013
3315554,0.0437786,262.229919122998,0.326,0.091,-0.130,0.424,0.578,-0.696,-0.041,0.942,0.212,0.903,0.307,0.225,0.885,-0.075,0.363,0.282,0.512,0.023
3315564,0.044625,262.274544122163,0.326,0.091,-0.130,0.424,0.578,-0.696,-0.041,0.942,0.212,0.903,0.306,0.223,0.886,-0.076,0.361,0.281,0.561,0.024
3315572,0.0464639,262.321008021478,0.326,0.091,-0.130,0.424,0.578,-0.696,-0.041,0.942,0.212,0.902,0.307,0.222,0.885,-0.075,0.363,0.281,0.596,0.043
3315582,0.0431245,262.36413252214,0.326,0.091,-0.130,0.424,0.578,-0.696,-0.041,0.942,0.212,0.904,0.305,0.220,0.886,-0.075,0.363,0.280,0.589,0.035
3315590,0.0447922,262.40892472351,0.326,0.091,-0.130,0.424,0.578,-0.696,-0.041,0.942,0.212,0.905,0.303,0.219,0.886,-0.076,0.362,0.279,0.560,0.019
3315598,0.0433568,262.452281522099,0.326,0.091,-0.130,0.424,0.578,-0.696,-0.041,0.942,0.212,0.906,0.303,0.218,0.887,-0.075,0.361,0.279,0.559,0.013
3315608,0.0450111,262.497292621527,0.326,0.091,-0.130,0.424,0.578,-0.696,-0.041,0.942,0.212,0.906,0.302,0.218,0.888,-0.076,0.360,0.277,0.564,0.014
3315616,0.0434165,262.540709121618,0.326,0.091,-0.130,0.424,0.578,-0.696,-0.041,0.942,0.212,0.907,0.302,0.217,0.888,-0.076,0.358,0.278,0.583,0.019
3315620,0.0435741,262.584283220116,0.326,0.091,-0.130,0.424,0.578,-0.696,-0.041,0.942,0.212,0.908,0.302,0.217,0.888,-0.075,0.358,0.280,0.603,0.042
3315628,0.0200925,262.60437572049,0.326,0.091,-0.130,0.424,0.578,-0.696,-0.041,0.942,0.212,0.908,0.303,0.216,0.888,-0.077,0.357,0.281,0.616,0.052
3315634,0.0467163,262.651092019398,0.326,0.091,-0.130,0.424,0.578,-0.696,-0.041,0.942,0.212,0.908,0.302,0.216,0.887,-0.076,0.357,0.283,0.626,0.063
3315640,0.0298181,262.680910120253,0.326,0.091,-0.130,0.424,0.578,-0.696,-0.041,0.942,0.212,0.909,0.302,0.216,0.887,-0.075,0.358,0.282,0.626,0.072
3315648,0.0243156,262.705225719605,0.326,0.091,-0.130,0.424,0.578,-0.696,-0.041,0.942,0.212,0.910,0.301,0.215,0.887,-0.076,0.358,0.280,0.632,0.080
3315656,0.060204,262.765429718886,0.326,0.091,-0.130,0.424,0.578,-0.696,-0.041,0.942,0.212,0.910,0.300,0.215,0.888,-0.076,0.357,0.280,0.677,0.099
3315670,0.03889,262.804319719318,0.326,0.091,-0.130,0.424,0.578,-0.696,-0.041,0.942,0.212,0.912,0.300,0.215,0.888,-0.078,0.357,0.277,0.691,0.109
3315678,0.0520871,262.856406817678,0.326,0.091,-0.130,0.424,0.578,-0.696,-0.041,0.942,0.212,0.912,0.300,0.214,0.889,-0.078,0.356,0.279,0.681,0.102
3315688,0.0419453,262.898352118675,0.326,0.091,-0.130,0.424,0.578,-0.696,-0.041,0.942,0.212,0.912,0.299,0.213,0.890,-0.079,0.355,0.276,0.651,0.106
3315696,0.0441101,262.942462219391,0.326,0.091,-0.130,0.424,0.578,-0.696,-0.041,0.942,0.212,0.913,0.298,0.214,0.889,-0.079,0.356,0.276,0.634,0.076
3315706,0.0437176,262.986179819796,0.326,0.091,-0.130,0.424,0.578,-0.696,-0.041,0.942,0.212,0.914,0.300,0.213,0.889,-0.081,0.356,0.275,0.633,0.076
3315714,0.0435722,263.029752018396,0.326,0.091,-0.130,0.424,0.578,-0.696,-0.041,0.942,0.212,0.915,0.300,0.213,0.890,-0.082,0.357,0.272,0.633,0.070
3315722,0.0419474,263.071699416731,0.326,0.091,-0.130,0.424,0.578,-0.696,-0.041,0.942,0.212,0.915,0.299,0.213,0.890,-0.081,0.358,0.271,0.632,0.056
3315732,0.0460625,263.117761916015,0.326,0.091,-0.130,0.424,0.578,-0.696,-0.041,0.942,0.212,0.916,0.299,0.213,0.891,-0.079,0.358,0.269,0.605,0.030
3315742,0.0462185,263.163980415557,0.326,0.091,-0.130,0.424,0.578,-0.696,-0.041,0.942,0.212,0.915,0.301,0.213,0.890,-0.076,0.360,0.269,0.596,0.010
3315752,0.0430886,263.207069015596,0.326,0.091,-0.130,0.424,0.578,-0.696,-0.041,0.942,0.212,0.915,0.302,0.212,0.888,-0.073,0.363,0.272,0.564,0.006
3315760,0.0554175,263.262486516032,0.326,0.091,-0.130,0.424,0.578,-0.696,-0.041,0.942,0.212,0.913,0.304,0.211,0.886,-0.068,0.367,0.274,0.528,0.149
3315772,0.047133,263.309619514737,0.326,0.091,-0.130,0.424,0.578,-0.696,-0.041,0.942,0.212,0.913,0.305,0.213,0.886,-0.055,0.377,0.265,0.457,0.548
3315782,0.0546983,263.364317814354,0.326,0.091,-0.130,0.424,0.578,-0.696,-0.041,0.942,0.212,0.912,0.308,0.213,0.885,-0.041,0.383,0.262,0.409,0.817
3315790,0.04385,263.408167815302,0.326,0.091,-0.130,0.424,0.578,-0.696,-0.041,0.942,0.212,0.910,0.310,0.213,0.883,-0.024,0.393,0.255,0.653,1.000
3315798,0.0467372,263.454905016813,0.326,0.091,-0.130,0.424,0.578,-0.696,-0.041,0.942,0.212,0.911,0.311,0.212,0.880,-0.017,0.398,0.257,1.000,1.000
3315806,0.0426143,263.497519316617,0.326,0.091,-0.130,0.424,0.578,-0.696,-0.041,0.942,0.212,0.911,0.313,0.213,0.880,-0.013,0.399,0.257,1.000,0.959
3315816,0.0415553,263.539074616972,0.326,0.091,-0.130,0.424,0.578,-0.696,-0.041,0.942,0.212,0.910,0.315,0.214,0.877,-0.008,0.402,0.262,1.000,0.936
3315826,0.0478881,263.58696271712,0.326,0.091,-0.130,0.424,0.578,-0.696,-0.041,0.942,0.212,0.910,0.318,0.214,0.876,-0.002,0.404,0.265,1.000,0.941
3315834,0.043202,263.630164718721,0.326,0.091,-0.130,0.424,0.578,-0.696,-0.041,0.942,0.212,0.911,0.321,0.214,0.874,0.002,0.405,0.269,1.000,0.957
3315842,0.0488043,263.67896902049,0.326,0.091,-0.130,0.424,0.578,-0.696,-0.041,0.942,0.212,0.912,0.326,0.213,0.872,0.008,0.407,0.273,1.000,0.972
3315852,0.0386368,263.717605820391,0.326,0.091,-0.130,0.424,0.578,-0.696,-0.041,0.942,0.212,0.914,0.330,0.214,0.871,0.014,0.408,0.273,1.000,0.955
3315860,0.0454411,263.763046918903,0.326,0.091,-0.130,0.424,0.578,-0.696,-0.041,0.942,0.212,0.915,0.334,0.214,0.870,0.018,0.409,0.275,1.000,0.949
3315870,0.0431206,263.806167519186,0.326,0.091,-0.130,0.424,0.578,-0.696,-0.041,0.942,0.212,0.917,0.336,0.212,0.868,0.023,0.411,0.278,1.000,0.957
3315878,0.0466948,263.852862319443,0.326,0.091,-0.130,0.424,0.578,-0.696,-0.041,0.942,0.212,0.919,0.338,0.211,0.867,0.025,0.411,0.280,1.000,0.995
3315886,0.0481347,263.900997018907,0.326,0.091,-0.130,0.424,0.578,-0.696,-0.041,0.942,0.212,0.922,0.341,0.212,0.867,0.027,0.412,0.280,1.000,1.000
3315896,0.0430848,263.944081819151,0.326,0.091,-0.130,0.424,0.578,-0.696,-0.041,0.942,0.212,0.922,0.341,0.210,0.867,0.028,0.412,0.281,1.000,1.000
3315906,0.0425181,263.986599920783,0.326,0.091,-0.130,0.424,0.578,-0.696,-0.041,0.942,0.212,0.922,0.341,0.210,0.867,0.029,0.412,0.280,1.000,1.000
3315914,0.0448165,264.031416422222,0.326,0.091,-0.130,0.424,0.578,-0.696,-0.041,0.942,0.212,0.921,0.341,0.209,0.867,0.031,0.411,0.279,1.000,1.000
3315924,0.043811,264.075227423105,0.326,0.091,-0.130,0.424,0.578,-0.696,-0.041,0.942,0.212,0.921,0.342,0.209,0.867,0.029,0.410,0.281,1.000,1.000
3315932,0.0440188,264.119246224407,0.326,0.091,-0.130,0.424,0.578,-0.696,-0.041,0.942,0.212,0.920,0.343,0.209,0.866,0.026,0.409,0.287,1.000,1.000
3315940,0.0453364,264.164582623634,0.326,0.091,-0.130,0.424,0.578,-0.696,-0.041,0.942,0.212,0.921,0.344,0.208,0.864,0.024,0.409,0.291,1.000,1.000
3315950,0.0420793,264.206661923323,0.326,0.091,-0.130,0.424,0.578,-0.696,-0.041,0.942,0.212,0.921,0.346,0.208,0.863,0.024,0.410,0.293,1.000,1.000
3315958,0.0484575,264.255119422916,0.326,0.091,-0.130,0.424,0.578,-0.696,-0.041,0.942,0.212,0.922,0.348,0.207,0.863,0.025,0.411,0.292,1.000,1.000
3315968,0.040037,264.295156421606,0.326,0.091,-0.130,0.424,0.578,-0.696,-0.041,0.942,0.212,0.923,0.349,0.207,0.863,0.027,0.411,0.292,1.000,1.000
3315976,0.0469594,264.342115821783,0.326,0.091,-0.130,0.424,0.578,-0.696,-0.041,0.942,0.212,0.923,0.350,0.207,0.862,0.029,0.412,0.293,1.000,1.000
3315986,0.0424747,264.384590520058,0.326,0.091,-0.130,0.424,0.578,-0.696,-0.041,0.942,0.212,0.923,0.351,0.207,0.862,0.031,0.413,0.292,1.000,1.000
3315994,0.0447946,264.429385120515,0.326,0.091,-0.130,0.424,0.578,-0.696,-0.041,0.942,0.212,0.923,0.353,0.207,0.862,0.031,0.413,0.292,1.000,1.000
3316002,0.0442465,264.47363161901,0.326,0.091,-0.130,0.424,0.578,-0.696,-0.041,0.942,0.212,0.923,0.354,0.207,0.862,0.032,0.413,0.292,1.000,1.000
3316012,0.038833,264.512464618776,0.326,0.091,-0.130,0.424,0.578,-0.696,-0.041,0.942,0.212,0.922,0.353,0.206,0.862,0.034,0.413,0.291,1.000,1.000
3316020,0.0512815,264.563746119384,0.326,0.091,-0.130,0.424,0.578,-0.696,-0.041,0.942,0.212,0.922,0.354,0.207,0.862,0.033,0.413,0.293,1.000,1.000
3316030,0.045104,264.608850120101,0.326,0.091,-0.130,0.424,0.578,-0.696,-0.041,0.942,0.212,0.922,0.355,0.206,0.861,0.032,0.413,0.294,1.000,1.000
3316038,0.0453342,264.654184321407,0.326,0.091,-0.130,0.424,0.578,-0.696,-0.041,0.942,0.212,0.921,0.357,0.206,0.861,0.034,0.413,0.295,1.000,1.000
3316048,0.0435417,264.697726021055,0.326,0.091,-0.130,0.424,0.578,-0.696,-0.041,0.942,0.212,0.920,0.357,0.205,0.861,0.032,0.413,0.294,1.000,1.000
3316056,0.0405029,264.73822891945,0.326,0.091,-0.130,0.424,0.578,-0.696,-0.041,0.942,0.212,0.921,0.359,0.205,0.860,0.035,0.414,0.296,1.000,1.000
3316064,0.0476125,264.785841418896,0.326,0.091,-0.130,0.424,0.578,-0.696,-0.041,0.942,0.212,0.922,0.361,0.205,0.860,0.036,0.415,0.296,1.000,1.000
3316074,0.041619,264.82746041799,0.326,0.091,-0.130,0.424,0.578,-0.696,-0.041,0.942,0.212,0.923,0.365,0.205,0.861,0.039,0.414,0.293,1.000,1.000
3316082,0.0477748,264.875235217158,0.326,0.091,-0.130,0.424,0.578,-0.696,-0.041,0.942,0.212,0.924,0.367,0.204,0.861,0.040,0.413,0.293,1.000,1.000
3316092,0.043761,264.918996217195,0.326,0.091,-0.130,0.424,0.578,-0.696,-0.041,0.942,0.212,0.924,0.368,0.204,0.861,0.040,0.413,0.295,1.000,1.000
3316100,0.0448305,264.963826718275,0.326,0.091,-0.130,0.424,0.578,-0.696,-0.041,0.942,0.212,0.925,0.369,0.203,0.860,0.041,0.413,0.297,1.000,1.000
3316110,0.0440811,265.007907817606,0.326,0.091,-0.130,0.424,0.578,-0.696,-0.041,0.942,0.212,0.927,0.371,0.202,0.860,0.041,0.413,0.297,1.000,1.000
3316118,0.0461915,265.054099316243,0.326,0.091,-0.130,0.424,0.578,-0.696,-0.041,0.942,0.212,0.927,0.370,0.200,0.860,0.044,0.412,0.297,1.000,1.000
3316126,0.041911,265.096010314766,0.326,0.091,-0.130,0.424,0.578,-0.696,-0.041,0.942,0.212,0.928,0.371,0.199,0.861,0.045,0.412,0.297,1.000,1.000
3316136,0.0446872,265.140697515104,0.326,0.091,-0.130,0.424,0.578,-0.696,-0.041,0.942,0.212,0.929,0.373,0.198,0.860,0.044,0.412,0.296,1.000,1.000
3316146,0.0459198,265.186617313419,0.326,0.091,-0.130,0.424,0.578,-0.696,-0.041,0.942,0.212,0.929,0.374,0.197,0.859,0.045,0.414,0.297,1.000,1.000
3316154,0.0421467,265.228764014784,0.326,0.091,-0.130,0.424,0.578,-0.696,-0.041,0.942,0.212,0.929,0.378,0.198,0.858,0.045,0.416,0.298,1.000,1.000
3316162,0.0478904,265.276654413436,0.326,0.091,-0.130,0.424,0.578,-0.696,-0.041,0.942,0.212,0.929,0.380,0.197,0.857,0.044,0.418,0.299,1.000,1.000
3316170,0.043241,265.319895415101,0.326,0.091,-0.130,0.424,0.578,-0.696,-0.041,0.942,0.212,0.930,0.378,0.196,0.857,0.046,0.417,0.298,1.000,1.000
3316180,0.0417346,265.361630013678,0.326,0.091,-0.130,0.424,0.578,-0.696,-0.041,0.942,0.212,0.928,0.379,0.198,0.855,0.043,0.418,0.305,1.000,1.000
3316190,0.0483554,265.409985414241,0.326,0.091,-0.130,0.424,0.578,-0.696,-0.041,0.942,0.212,0.927,0.381,0.198,0.852,0.036,0.421,0.309,1.000,1.000
3316198,0.0415834,265.45156881446,0.326,0.091,-0.130,0.424,0.578,-0.696,-0.041,0.942,0.212,0.927,0.378,0.197,0.852,0.039,0.421,0.310,1.000,1.000
3316206,0.0415051,265.493073912803,0.326,0.091,-0.130,0.424,0.578,-0.696,-0.041,0.942,0.212,0.926,0.373,0.192,0.854,0.039,0.422,0.303,1.000,1.000
3316216,0.0454708,265.538544713054,0.326,0.091,-0.130,0.424,0.578,-0.696,-0.041,0.942,0.212,0.928,0.374,0.194,0.856,0.042,0.420,0.300,1.000,1.000
3316224,0.0435941,265.582138812635,0.326,0.091,-0.130,0.424,0.578,-0.696,-0.041,0.942,0.212,0.927,0.376,0.195,0.856,0.041,0.419,0.301,1.000,1.000
3316234,0.0480105,265.63014931092,0.326,0.091,-0.130,0.424,0.578,-0.696,-0.041,0.942,0.212,0.928,0.377,0.196,0.856,0.041,0.420,0.300,1.000,1.000
3316242,0.0435023,265.673651611898,0.326,0.091,-0.130,0.424,0.578,-0.696,-0.041,0.942,0.212,0.929,0.378,0.196,0.855,0.040,0.421,0.301,1.000,1.000
3316252,0.042229,265.715880612377,0.326,0.091,-0.130,0.424,0.578,-0.696,-0.041,0.942,0.212,0.933,0.380,0.196,0.855,0.040,0.423,0.296,1.000,1.000
3316260,0.0463358,265.762216413859,0.326,0.091,-0.130,0.424,0.578,-0.696,-0.041,0.942,0.212,0.933,0.379,0.195,0.857,0.040,0.420,0.296,1.000,1.000
3316270,0.0456031,265.80781951407,0.326,0.091,-0.130,0.424,0.578,-0.696,-0.041,0.942,0.212,0.933,0.376,0.194,0.857,0.040,0.419,0.297,1.000,1.000
3316278,0.0457267,265.853546215687,0.326,0.091,-0.130,0.424,0.578,-0.696,-0.041,0.942,0.212,0.933,0.375,0.194,0.857,0.038,0.419,0.299,1.000,1.000
3316288,0.0450292,265.8985754163,0.326,0.091,-0.130,0.424,0.578,-0.696,-0.041,0.942,0.212,0.936,0.376,0.192,0.857,0.034,0.421,0.294,1.000,1.000
3316296,0.0430618,265.941637216602,0.326,0.091,-0.130,0.424,0.578,-0.696,-0.041,0.942,0.212,0.932,0.378,0.197,0.854,0.036,0.422,0.303,1.000,1.000
3316304,0.0425503,265.984187515918,0.326,0.091,-0.130,0.424,0.578,-0.696,-0.041,0.942,0.212,0.932,0.378,0.197,0.855,0.037,0.421,0.300,1.000,1.000
3316312,0.0419733,266.026160816196,0.326,0.091,-0.130,0.424,0.578,-0.696,-0.041,0.942,0.212,0.930,0.379,0.198,0.856,0.036,0.420,0.300,1.000,1.000
3316322,0.0472499,266.073410714511,0.326,0.091,-0.130,0.424,0.578,-0.696,-0.041,0.942,0.212,0.931,0.379,0.198,0.856,0.036,0.420,0.300,1.000,1.000
3316332,0.0444748,266.117885513697,0.326,0.091,-0.130,0.424,0.578,-0.696,-0.041,0.942,0.212,0.931,0.380,0.198,0.856,0.035,0.419,0.301,1.000,1.000
3316340,0.0432098,266.161095312331,0.326,0.091,-0.130,0.424,0.578,-0.696,-0.041,0.942,0.212,0.931,0.380,0.199,0.856,0.036,0.420,0.300,1.000,1.000
3316348,0.0457159,266.206811210606,0.326,0.091,-0.130,0.424,0.578,-0.696,-0.041,0.942,0.212,0.931,0.380,0.199,0.855,0.033,0.421,0.302,1.000,1.000
3316356,0.0422958,266.249107009266,0.326,0.091,-0.130,0.424,0.578,-0.696,-0.041,0.942,0.212,0.931,0.381,0.199,0.856,0.036,0.421,0.299,1.000,1.000
3316366,0.044343,266.293450007681,0.326,0.091,-0.130,0.424,0.578,-0.696,-0.041,0.942,0.212,0.931,0.380,0.200,0.855,0.031,0.420,0.304,1.000,1.000
3316376,0.0408397,266.334289705846,0.326,0.091,-0.130,0.424,0.578,-0.696,-0.041,0.942,0.212,0.930,0.379,0.200,0.855,0.035,0.421,0.302,1.000,1.000
3316384,0.0510012,266.385290904436,0.326,0.091,-0.130,0.424,0.578,-0.696,-0.041,0.942,0.212,0.929,0.379,0.199,0.855,0.034,0.421,0.303,1.000,1.000
3316394,0.0437902,266.429081103299,0.326,0.091,-0.130,0.424,0.578,-0.696,-0.041,0.942,0.212,0.929,0.380,0.199,0.855,0.034,0.420,0.303,1.000,1.000
3316402,0.0458551,266.474936204497,0.326,0.091,-0.130,0.424,0.578,-0.696,-0.041,0.942,0.212,0.930,0.379,0.198,0.855,0.034,0.420,0.303,1.000,1.000
3316412,0.0419082,266.516844405327,0.326,0.091,-0.130,0.424,0.578,-0.696,-0.041,0.942,0.212,0.930,0.379,0.198,0.856,0.033,0.420,0.302,1.000,1.000
3316420,0.0475461,266.564390505198,0.326,0.091,-0.130,0.424,0.578,-0.696,-0.041,0.942,0.212,0.929,0.379,0.198,0.855,0.033,0.420,0.302,1.000,1.000
3316430,0.0449948,266.609385306481,0.326,0.091,-0.130,0.424,0.578,-0.696,-0.041,0.942,0.212,0.928,0.380,0.198,0.855,0.032,0.420,0.302,1.000,1.000
3316438,0.0470543,266.656439604703,0.326,0.091,-0.130,0.424,0.578,-0.696,-0.041,0.942,0.212,0.927,0.380,0.199,0.854,0.033,0.421,0.304,1.000,1.000
3316448,0.039487,266.695926605258,0.326,0.091,-0.130,0.424,0.578,-0.696,-0.041,0.942,0.212,0.927,0.380,0.200,0.854,0.031,0.425,0.299,1.000,1.000
3316456,0.0474149,266.743341504131,0.326,0.091,-0.130,0.424,0.578,-0.696,-0.041,0.942,0.212,0.926,0.382,0.201,0.854,0.032,0.422,0.303,1.000,1.000
3316466,0.0412702,266.784611704294,0.326,0.091,-0.130,0.424,0.578,-0.696,-0.041,0.942,0.212,0.925,0.382,0.201,0.853,0.034,0.423,0.303,1.000,1.000
3316474,0.0457679,266.830379603896,0.326,0.091,-0.130,0.424,0.578,-0.696,-0.041,0.942,0.212,0.925,0.383,0.203,0.853,0.033,0.424,0.304,1.000,1.000
3316482,0.0440484,266.874428002629,0.326,0.091,-0.130,0.424,0.578,-0.696,-0.041,0.942,0.212,0.924,0.384,0.204,0.852,0.035,0.426,0.303,1.000,1.000
3316492,0.0433552,266.917783203069,0.326,0.091,-0.130,0.424,0.578,-0.696,-0.041,0.942,0.212,0.922,0.385,0.205,0.851,0.034,0.427,0.303,1.000,1.000
3316500,0.0430204,266.960803604219,0.326,0.091,-0.130,0.424,0.578,-0.696,-0.041,0.942,0.212,0.921,0.386,0.206,0.851,0.034,0.428,0.303,1.000,1.000
3316510,0.0457691,267.006572703365,0.326,0.091,-0.130,0.424,0.578,-0.696,-0.041,0.942,0.212,0.920,0.387,0.208,0.851,0.032,0.429,0.302,1.000,1.000
3316518,0.0457702,267.052342905197,0.326,0.091,-0.130,0.424,0.578,-0.696,-0.041,0.942,0.212,0.918,0.387,0.209,0.849,0.030,0.432,0.302,1.000,1.000
3316528,0.0440323,267.096375206951,0.326,0.091,-0.130,0.424,0.578,-0.696,-0.041,0.942,0.212,0.916,0.388,0.210,0.848,0.022,0.435,0.302,1.000,1.000
3316536,0.0455276,267.141902806703,0.326,0.091,-0.130,0.424,0.578,-0.696,-0.041,0.942,0.212,0.915,0.390,0.211,0.846,0.022,0.437,0.306,1.000,1.000
3316544,0.0430244,267.184927205089,0.326,0.091,-0.130,0.424,0.578,-0.696,-0.041,0.942,0.212,0.913,0.390,0.213,0.843,0.019,0.441,0.308,1.000,1.000
3316554,0.0448659,267.229793103877,0.326,0.091,-0.130,0.424,0.578,-0.696,-0.041,0.942,0.212,0.913,0.391,0.214,0.840,0.018,0.444,0.310,1.000,1.000
3316562,0.0472243,267.277017405722,0.326,0.091,-0.130,0.424,0.578,-0.696,-0.041,0.942,0.212,0.911,0.391,0.215,0.839,0.020,0.448,0.307,1.000,1.000
3316572,0.0389947,267.316012105439,0.326,0.091,-0.130,0.424,0.578,-0.696,-0.041,0.942,0.212,0.909,0.390,0.217,0.837,0.017,0.453,0.306,1.000,1.000
3316580,0.0475292,267.363541303668,0.326,0.091,-0.130,0.424,0.578,-0.696,-0.041,0.942,0.212,0.908,0.392,0.218,0.836,0.017,0.457,0.303,1.000,1.000
3316588,0.0443643,267.407905603293,0.326,0.091,-0.130,0.424,0.578,-0.696,-0.041,0.942,0.212,0.906,0.392,0.220,0.833,0.015,0.462,0.303,1.000,1.000
3316598,0.0460133,267.453918902669,0.326,0.091,-0.130,0.424,0.578,-0.696,-0.041,0.942,0.212,0.904,0.392,0.223,0.827,0.007,0.468,0.311,1.000,1.000
3316608,0.0438527,267.497771604452,0.326,0.091,-0.130,0.424,0.578,-0.696,-0.041,0.942,0.212,0.901,0.393,0.227,0.819,-0.004,0.478,0.318,1.000,1.000
3316616,0.0452102,267.542981805746,0.326,0.091,-0.130,0.424,0.578,-0.696,-0.041,0.942,0.212,0.897,0.394,0.231,0.804,-0.018,0.494,0.331,1.000,1.000
3316624,0.0426808,267.585662605707,0.326,0.091,-0.130,0.424,0.578,-0.696,-0.041,0.942,0.212,0.895,0.394,0.233,0.794,-0.024,0.509,0.331,1.000,1.000
3316634,0.0423288,267.627991406713,0.326,0.091,-0.130,0.424,0.578,-0.696,-0.041,0.942,0.212,0.891,0.396,0.237,0.781,-0.034,0.532,0.327,1.000,1.000
3316644,0.048231,267.676222404931,0.326,0.091,-0.130,0.424,0.578,-0.696,-0.041,0.942,0.212,0.887,0.396,0.242,0.763,-0.040,0.558,0.323,1.000,1.000
3316652,0.0446892,267.720911605749,0.326,0.091,-0.130,0.424,0.578,-0.696,-0.041,0.942,0.212,0.882,0.400,0.244,0.753,-0.042,0.575,0.318,1.000,1.000
3316660,0.040912,267.761823604349,0.326,0.091,-0.130,0.424,0.578,-0.696,-0.041,0.942,0.212,0.881,0.402,0.248,0.744,-0.037,0.589,0.313,1.000,1.000
3316670,0.0468232,267.808646804187,0.326,0.091,-0.130,0.424,0.578,-0.696,-0.041,0.942,0.212,0.875,0.403,0.250,0.738,-0.032,0.598,0.311,1.000,1.000
3316678,0.0433497,267.851996502373,0.326,0.091,-0.130,0.424,0.578,-0.696,-0.041,0.942,0.212,0.872,0.405,0.251,0.732,-0.029,0.606,0.310,1.000,0.936
3316686,0.0457474,267.897743901704,0.326,0.091,-0.130,0.424,0.578,-0.696,-0.041,0.942,0.212,0.868,0.406,0.253,0.723,-0.031,0.616,0.313,1.000,0.843
3316696,0.0371936,267.934937501792,0.326,0.091,-0.130,0.424,0.578,-0.696,-0.041,0.942,0.212,0.866,0.405,0.254,0.716,-0.031,0.623,0.314,1.000,0.810
3316704,0.049512,267.984449500684,0.326,0.091,-0.130,0.424,0.578,-0.696,-0.041,0.942,0.212,0.863,0.406,0.254,0.709,-0.028,0.632,0.311,1.000,0.792
3316714,0.0455851,268.030034600291,0.326,0.091,-0.130,0.424,0.578,-0.696,-0.041,0.942,0.212,0.861,0.407,0.255,0.704,-0.028,0.639,0.308,1.000,0.785
3316722,0.0441156,268.074150199536,0.326,0.091,-0.130,0.424,0.578,-0.696,-0.041,0.942,0.212,0.859,0.407,0.256,0.699,-0.026,0.645,0.308,1.000,0.793
3316730,0.0432416,268.117391800974,0.326,0.091,-0.130,0.424,0.578,-0.696,-0.041,0.942,0.212,0.857,0.407,0.258,0.696,-0.025,0.648,0.306,1.000,0.800
3316740,0.0446245,268.16201630095,0.326,0.091,-0.130,0.424,0.578,-0.696,-0.041,0.942,0.212,0.855,0.407,0.259,0.692,-0.029,0.652,0.309,1.000,0.782
3316750,0.0441908,268.20620710263,0.326,0.091,-0.130,0.424,0.578,-0.696,-0.041,0.942,0.212,0.853,0.407,0.259,0.685,-0.033,0.656,0.314,1.000,0.784
3316758,0.0482735,268.254480602685,0.326,0.091,-0.130,0.424,0.578,-0.696,-0.041,0.942,0.212,0.852,0.408,0.260,0.677,-0.039,0.666,0.310,1.000,0.798
3316768,0.0436058,268.298086403403,0.326,0.091,-0.130,0.424,0.578,-0.696,-0.041,0.942,0.212,0.851,0.408,0.264,0.669,-0.037,0.673,0.312,1.000,0.827
3316776,0.0443974,268.342483802233,0.326,0.091,-0.130,0.424,0.578,-0.696,-0.041,0.942,0.212,0.852,0.410,0.261,0.663,-0.041,0.682,0.305,1.000,0.813
3316784,0.0471555,268.389639301691,0.326,0.091,-0.130,0.424,0.578,-0.696,-0.041,0.942,0.212,0.851,0.410,0.262,0.657,-0.049,0.687,0.307,1.000,0.809
3316792,0.039151,268.428790303413,0.326,0.091,-0.130,0.424,0.578,-0.696,-0.041,0.942,0.212,0.849,0.411,0.262,0.650,-0.055,0.692,0.310,1.000,0.829
3316802,0.0460783,268.474868601654,0.326,0.091,-0.130,0.424,0.578,-0.696,-0.041,0.942,0.212,0.848,0.413,0.264,0.642,-0.057,0.700,0.308,1.000,0.892
3316812,0.0451519,268.520020502154,0.326,0.091,-0.130,0.424,0.578,-0.696,-0.041,0.942,0.212,0.848,0.414,0.264,0.638,-0.056,0.705,0.305,1.000,0.927
3316820,0.0491964,268.569216901902,0.326,0.091,-0.130,0.424,0.578,-0.696,-0.041,0.942,0.212,0.847,0.416,0.265,0.633,-0.059,0.708,0.306,1.000,0.933
3316830,0.0401609,268.609377803747,0.326,0.091,-0.130,0.424,0.578,-0.696,-0.041,0.942,0.212,0.846,0.417,0.265,0.630,-0.064,0.711,0.306,1.000,0.947
3316838,0.042517,268.651894802693,0.326,0.091,-0.130,0.424,0.578,-0.696,-0.041,0.942,0.212,0.845,0.418,0.265,0.627,-0.065,0.713,0.305,1.000,0.968
3316848,0.0463698,268.698264601175,0.326,0.091,-0.130,0.424,0.578,-0.696,-0.041,0.942,0.212,0.844,0.418,0.265,0.625,-0.065,0.716,0.305,1.000,0.965
3316854,0.0435627,268.741827300284,0.326,0.091,-0.130,0.424,0.578,-0.696,-0.041,0.942,0.212,0.842,0.420,0.266,0.622,-0.066,0.718,0.307,1.000,0.956
3316864,0.0431654,268.784992700908,0.326,0.091,-0.130,0.424,0.578,-0.696,-0.041,0.942,0.212,0.840,0.419,0.265,0.619,-0.067,0.720,0.307,1.000,0.946
3316872,0.0398487,268.824841401074,0.326,0.091,-0.130,0.424,0.578,-0.696,-0.041,0.942,0.212,0.838,0.419,0.265,0.618,-0.067,0.721,0.306,1.000,0.943
3316882,0.0418895,268.866730900947,0.326,0.091,-0.130,0.424,0.578,-0.696,-0.041,0.942,0.212,0.837,0.419,0.264,0.616,-0.068,0.723,0.307,1.000,0.938
3316890,0.0440037,268.910734599922,0.326,0.091,-0.130,0.424,0.578,-0.696,-0.041,0.942,0.212,0.838,0.419,0.264,0.613,-0.068,0.725,0.305,1.000,0.946
3316898,0.0441829,268.954917500261,0.326,0.091,-0.130,0.424,0.578,-0.696,-0.041,0.942,0.212,0.837,0.420,0.264,0.611,-0.067,0.727,0.305,1.000,0.931
3316908,0.0443921,268.999309601728,0.326,0.091,-0.130,0.424,0.578,-0.696,-0.041,0.942,0.212,0.837,0.421,0.264,0.610,-0.067,0.728,0.305,1.000,0.939
3316918,0.0522733,269.051582901273,0.326,0.091,-0.130,0.424,0.578,-0.696,-0.041,0.942,0.212,0.837,0.421,0.264,0.608,-0.067,0.730,0.304,1.000,0.938
3316926,0.0436067,269.095189599786,0.326,0.091,-0.130,0.424,0.578,-0.696,-0.041,0.942,0.212,0.835,0.422,0.265,0.605,-0.066,0.732,0.306,1.000,0.944
3316934,0.038072,269.133261600975,0.326,0.091,-0.130,0.424,0.578,-0.696,-0.041,0.942,0.212,0.835,0.422,0.264,0.603,-0.069,0.734,0.305,1.000,0.945
3316944,0.0422015,269.175463101361,0.326,0.091,-0.130,0.424,0.578,-0.696,-0.041,0.942,0.212,0.834,0.422,0.265,0.601,-0.070,0.735,0.305,1.000,0.962
3316954,0.0528257,269.228288801853,0.326,0.091,-0.130,0.424,0.578,-0.696,-0.041,0.942,0.212,0.833,0.423,0.265,0.598,-0.071,0.738,0.305,1.000,0.973
3316962,0.0471041,269.275392903481,0.326,0.091,-0.130,0.424,0.578,-0.696,-0.041,0.942,0.212,0.831,0.423,0.264,0.597,-0.071,0.740,0.302,1.000,0.973
3316972,0.0438054,269.319198305253,0.326,0.091,-0.130,0.424,0.578,-0.696,-0.041,0.942,0.212,0.830,0.423,0.265,0.592,-0.070,0.743,0.303,1.000,0.974
3316980,0.0441224,269.363320706878,0.326,0.091,-0.130,0.424,0.578,-0.696,-0.041,0.942,0.212,0.828,0.423,0.265,0.591,-0.071,0.744,0.303,1.000,0.959
3316988,0.040496,269.403816706035,0.326,0.091,-0.130,0.424,0.578,-0.696,-0.041,0.942,0.212,0.824,0.423,0.266,0.587,-0.072,0.746,0.307,1.000,0.963
3316998,0.0491324,269.452949105296,0.326,0.091,-0.130,0.424,0.578,-0.696,-0.041,0.942,0.212,0.823,0.422,0.265,0.587,-0.074,0.746,0.307,1.000,0.947
3317006,0.0410245,269.493973603938,0.326,0.091,-0.130,0.424,0.578,-0.696,-0.041,0.942,0.212,0.820,0.424,0.266,0.582,-0.084,0.746,0.312,1.000,0.961
3317016,0.0439514,269.537925003562,0.326,0.091,-0.130,0.424,0.578,-0.696,-0.041,0.942,0.212,0.819,0.423,0.267,0.581,-0.080,0.748,0.311,1.000,0.948
3317024,0.046395,269.584320003632,0.326,0.091,-0.130,0.424,0.578,-0.696,-0.041,0.942,0.212,0.817,0.424,0.269,0.580,-0.079,0.749,0.311,1.000,0.960
3317034,0.043817,269.628137002233,0.326,0.091,-0.130,0.424,0.578,-0.696,-0.041,0.942,0.212,0.817,0.423,0.269,0.579,-0.080,0.750,0.311,1.000,0.973
3317042,0.0469815,269.675118500832,0.326,0.091,-0.130,0.424,0.578,-0.696,-0.041,0.942,0.212,0.816,0.423,0.269,0.579,-0.078,0.750,0.310,1.000,0.972
3317052,0.0451458,269.720264299307,0.326,0.091,-0.130,0.424,0.578,-0.696,-0.041,0.942,0.212,0.816,0.423,0.269,0.581,-0.075,0.751,0.306,1.000,0.975
3317060,0.0471256,269.767389899585,0.326,0.091,-0.130,0.424,0.578,-0.696,-0.041,0.942,0.212,0.816,0.423,0.268,0.581,-0.077,0.750,0.307,1.000,0.958
3317070,0.0392909,269.806680800859,0.326,0.091,-0.130,0.424,0.578,-0.696,-0.041,0.942,0.212,0.814,0.423,0.268,0.581,-0.080,0.749,0.308,1.000,0.965
3317078,0.0452972,269.851978002582,0.326,0.091,-0.130,0.424,0.578,-0.696,-0.041,0.942,0.212,0.811,0.424,0.269,0.581,-0.081,0.748,0.311,1.000,0.950
3317088,0.0416207,269.893598704133,0.326,0.091,-0.130,0.424,0.578,-0.696,-0.041,0.942,0.212,0.810,0.423,0.270,0.580,-0.081,0.749,0.311,1.000,0.966
3317096,0.0498266,269.943425303791,0.326,0.091,-0.130,0.424,0.578,-0.696,-0.041,0.942,0.212,0.810,0.425,0.270,0.581,-0.077,0.749,0.311,1.000,0.954
3317104,0.0432286,269.986653903965,0.326,0.091,-0.130,0.424,0.578,-0.696,-0.041,0.942,0.212,0.809,0.425,0.269,0.581,-0.077,0.748,0.311,1.000,0.957
3317114,0.044146,270.030799905304,0.326,0.091,-0.130,0.424,0.578,-0.696,-0.041,0.942,0.212,0.808,0.425,0.269,0.580,-0.078,0.749,0.311,1.000,0.955
3317122,0.0442351,270.075035004411,0.326,0.091,-0.130,0.424,0.578,-0.696,-0.041,0.942,0.212,0.808,0.425,0.269,0.581,-0.079,0.749,0.310,1.000,0.958
3317132,0.044222,270.119257005397,0.326,0.091,-0.130,0.424,0.578,-0.696,-0.041,0.942,0.212,0.807,0.426,0.268,0.581,-0.078,0.749,0.308,1.000,0.956
3317140,0.0432611,270.162518105004,0.326,0.091,-0.130,0.424,0.578,-0.696,-0.041,0.942,0.212,0.805,0.426,0.269,0.582,-0.075,0.749,0.307,1.000,0.947
3317148,0.0471954,270.209713506047,0.326,0.091,-0.130,0.424,0.578,-0.696,-0.041,0.942,0.212,0.803,0.426,0.268,0.582,-0.076,0.749,0.307,1.000,0.947
3317158,0.0405043,270.250217805151,0.326,0.091,-0.130,0.424,0.578,-0.696,-0.041,0.942,0.212,0.802,0.425,0.268,0.582,-0.074,0.750,0.305,1.000,0.942
3317168,0.0466266,270.296844406519,0.326,0.091,-0.130,0.424,0.578,-0.696,-0.041,0.942,0.212,0.800,0.423,0.267,0.583,-0.076,0.749,0.305,1.000,0.937
3317176,0.0457982,270.342642607633,0.326,0.091,-0.130,0.424,0.578,-0.696,-0.041,0.942,0.212,0.801,0.423,0.267,0.585,-0.067,0.752,0.296,1.000,0.947
3317184,0.0464518,270.389094407205,0.326,0.091,-0.130,0.424,0.578,-0.696,-0.041,0.942,0.212,0.801,0.420,0.262,0.586,-0.060,0.754,0.291,1.000,0.965
3317194,0.0408598,270.429954207037,0.326,0.091,-0.130,0.424,0.578,-0.696,-0.041,0.942,0.212,0.804,0.418,0.260,0.588,-0.052,0.755,0.287,1.000,1.000
3317202,0.0459253,270.475879507605,0.326,0.091,-0.130,0.424,0.578,-0.696,-0.041,0.942,0.212,0.801,0.422,0.264,0.585,-0.051,0.757,0.287,1.000,1.000
3317212,0.0428147,270.518694209401,0.326,0.091,-0.130,0.424,0.578,-0.696,-0.041,0.942,0.212,0.798,0.423,0.266,0.582,-0.053,0.757,0.292,1.000,0.993
3317220,0.0485423,270.567236507777,0.326,0.091,-0.130,0.424,0.578,-0.696,-0.041,0.942,0.212,0.793,0.424,0.268,0.586,-0.052,0.752,0.298,1.000,0.931
3317230,0.0456414,270.612877907697,0.326,0.091,-0.130,0.424,0.578,-0.696,-0.041,0.942,0.212,0.786,0.427,0.268,0.599,-0.046,0.737,0.309,1.000,0.912
3317238,0.0420672,270.654945107643,0.326,0.091,-0.130,0.424,0.578,-0.696,-0.041,0.942,0.212,0.782,0.430,0.269,0.622,-0.039,0.714,0.321,1.000,0.867
3317246,0.0425726,270.697517706547,0.326,0.091,-0.130,0.424,0.578,-0.696,-0.041,0.942,0.212,0.774,0.430,0.267,0.642,-0.038,0.693,0.325,1.000,0.933
3317256,0.043064,270.740581704769,0.326,0.091,-0.130,0.424,0.578,-0.696,-0.041,0.942,0.212,0.766,0.429,0.265,0.653,-0.042,0.678,0.334,1.000,1.000
3317264,0.0471178,270.78769950429,0.326,0.091,-0.130,0.424,0.578,-0.696,-0.041,0.942,0.212,0.760,0.429,0.265,0.663,-0.044,0.669,0.334,1.000,1.000
3317274,0.0421055,270.829805003945,0.326,0.091,-0.130,0.424,0.578,-0.696,-0.041,0.942,0.212,0.754,0.430,0.263,0.667,-0.047,0.663,0.337,1.000,1.000
3317282,0.0449294,270.874734404031,0.326,0.091,-0.130,0.424,0.578,-0.696,-0.041,0.942,0.212,0.749,0.430,0.261,0.669,-0.054,0.658,0.343,1.000,1.000
3317290,0.0437417,270.918476103339,0.326,0.091,-0.130,0.424,0.578,-0.696,-0.041,0.942,0.212,0.744,0.431,0.259,0.671,-0.055,0.653,0.345,1.000,1.000
3317300,0.0400892,270.958565304521,0.326,0.091,-0.130,0.424,0.578,-0.696,-0.041,0.942,0.212,0.739,0.431,0.258,0.673,-0.058,0.648,0.351,1.000,1.000
3317310,0.0520761,271.010641405825,0.326,0.091,-0.130,0.424,0.578,-0.696,-0.041,0.942,0.212,0.736,0.431,0.257,0.672,-0.066,0.644,0.360,1.000,1.000
3317318,0.0427079,271.053349307273,0.326,0.091,-0.130,0.424,0.578,-0.696,-0.041,0.942,0.212,0.734,0.431,0.257,0.672,-0.066,0.642,0.362,1.000,1.000
3317328,0.0442021,271.097551407758,0.326,0.091,-0.130,0.424,0.578,-0.696,-0.041,0.942,0.212,0.733,0.432,0.256,0.669,-0.069,0.644,0.364,1.000,1.000
3317336,0.0465028,271.144054206554,0.326,0.091,-0.130,0.424,0.578,-0.696,-0.041,0.942,0.212,0.733,0.430,0.254,0.668,-0.070,0.647,0.361,1.000,1.000
3317344,0.0433644,271.187418604735,0.326,0.091,-0.130,0.424,0.578,-0.696,-0.041,0.942,0.212,0.732,0.431,0.253,0.667,-0.070,0.647,0.362,1.000,1.000
3317354,0.0430883,271.230506903026,0.326,0.091,-0.130,0.424,0.578,-0.696,-0.041,0.942,0.212,0.732,0.430,0.252,0.666,-0.072,0.647,0.363,1.000,1.000
3317360,0.0474615,271.277968401555,0.326,0.091,-0.130,0.424,0.578,-0.696,-0.041,0.942,0.212,0.733,0.430,0.252,0.665,-0.071,0.649,0.362,1.000,1.000
3317370,0.0336308,271.311599201057,0.326,0.091,-0.130,0.424,0.578,-0.696,-0.041,0.942,0.212,0.734,0.430,0.251,0.665,-0.072,0.649,0.362,1.000,1.000
3317380,0.0479997,271.359598899726,0.326,0.091,-0.130,0.424,0.578,-0.696,-0.041,0.942,0.212,0.734,0.430,0.252,0.664,-0.070,0.650,0.363,1.000,1.000
3317388,0.0423927,271.401991600636,0.326,0.091,-0.130,0.424,0.578,-0.696,-0.041,0.942,0.212,0.734,0.430,0.251,0.665,-0.069,0.649,0.363,1.000,1.000
3317396,0.0416564,271.443648001645,0.326,0.091,-0.130,0.424,0.578,-0.696,-0.041,0.942,0.212,0.733,0.429,0.251,0.665,-0.070,0.649,0.364,1.000,1.000
3317406,0.0499325,271.49358050013,0.326,0.091,-0.130,0.424,0.578,-0.696,-0.041,0.942,0.212,0.732,0.428,0.251,0.666,-0.071,0.648,0.363,1.000,1.000
3317414,0.0417914,271.535371901933,0.326,0.091,-0.130,0.424,0.578,-0.696,-0.041,0.942,0.212,0.732,0.427,0.250,0.666,-0.070,0.648,0.362,1.000,1.000
3317424,0.0434059,271.578777803574,0.326,0.091,-0.130,0.424,0.578,-0.696,-0.041,0.942,0.212,0.732,0.427,0.249,0.667,-0.071,0.648,0.361,1.000,1.000
3317432,0.0489558,271.627733601723,0.326,0.091,-0.130,0.424,0.578,-0.696,-0.041,0.942,0.212,0.733,0.426,0.249,0.668,-0.072,0.648,0.359,1.000,1.000
3317442,0.0445831,271.672316702548,0.326,0.091,-0.130,0.424,0.578,-0.696,-0.041,0.942,0.212,0.733,0.426,0.250,0.668,-0.072,0.648,0.360,1.000,1.000
3317452,0.0474711,271.71978780115,0.326,0.091,-0.130,0.424,0.578,-0.696,-0.041,0.942,0.212,0.734,0.426,0.250,0.668,-0.072,0.648,0.359,1.000,1.000
3317460,0.0442556,271.76404340053,0.326,0.091,-0.130,0.424,0.578,-0.696,-0.041,0.942,0.212,0.733,0.427,0.250,0.667,-0.071,0.649,0.359,1.000,1.000
3317470,0.0447965,271.808839900885,0.326,0.091,-0.130,0.424,0.578,-0.696,-0.041,0.942,0.212,0.733,0.426,0.250,0.667,-0.071,0.649,0.359,1.000,1.000
3317478,0.0444697,271.853309600148,0.326,0.091,-0.130,0.424,0.578,-0.696,-0.041,0.942,0.212,0.734,0.426,0.250,0.666,-0.071,0.650,0.360,1.000,1.000
3317486,0.0467496,271.900059199426,0.326,0.091,-0.130,0.424,0.578,-0.696,-0.041,0.942,0.212,0.734,0.425,0.250,0.667,-0.070,0.649,0.359,1.000,1.000
3317496,0.0390012,271.939060399774,0.326,0.091,-0.130,0.424,0.578,-0.696,-0.041,0.942,0.212,0.733,0.423,0.250,0.666,-0.073,0.649,0.362,1.000,1.000
3317504,0.0462204,271.985280799214,0.326,0.091,-0.130,0.424,0.578,-0.696,-0.041,0.942,0.212,0.734,0.423,0.251,0.665,-0.075,0.648,0.363,1.000,1.000
3317514,0.0443427,272.029623499606,0.326,0.091,-0.130,0.424,0.578,-0.696,-0.041,0.942,0.212,0.735,0.422,0.252,0.665,-0.075,0.648,0.362,1.000,1.000
3317522,0.0456825,272.075306000654,0.326,0.091,-0.130,0.424,0.578,-0.696,-0.041,0.942,0.212,0.735,0.422,0.252,0.667,-0.073,0.648,0.361,1.000,1.000
3317532,0.0425435,272.117849501316,0.326,0.091,-0.130,0.424,0.578,-0.696,-0.041,0.942,0.212,0.735,0.420,0.252,0.668,-0.073,0.648,0.360,1.000,1.000
3317542,0.0445094,272.162358900998,0.326,0.091,-0.130,0.424,0.578,-0.696,-0.041,0.942,0.212,0.735,0.420,0.251,0.668,-0.074,0.648,0.358,1.000,1.000
3317548,0.0535466,272.215905501042,0.326,0.091,-0.130,0.424,0.578,-0.696,-0.041,0.942,0.212,0.736,0.420,0.251,0.668,-0.074,0.649,0.356,1.000,1.000
3317558,0.0336758,272.249581302051,0.326,0.091,-0.130,0.424,0.578,-0.696,-0.041,0.942,0.212,0.736,0.419,0.251,0.668,-0.074,0.649,0.355,1.000,1.000
3317566,0.0463193,272.295900600497,0.326,0.091,-0.130,0.424,0.578,-0.696,-0.041,0.942,0.212,0.737,0.418,0.250,0.669,-0.073,0.649,0.355,1.000,1.000
3317574,0.0457712,272.341671800707,0.326,0.091,-0.130,0.424,0.578,-0.696,-0.041,0.942,0.212,0.737,0.418,0.250,0.670,-0.070,0.649,0.354,1.000,1.000
3317580,0.0435101,272.385181902442,0.326,0.091,-0.130,0.424,0.578,-0.696,-0.041,0.942,0.212,0.737,0.418,0.251,0.670,-0.070,0.649,0.354,1.000,1.000
3317588,0.0214287,272.406610602979,0.326,0.091,-0.130,0.424,0.578,-0.696,-0.041,0.942,0.212,0.737,0.418,0.251,0.671,-0.070,0.648,0.354,1.000,1.000
3317592,0.0487274,272.45533800358,0.326,0.091,-0.130,0.424,0.578,-0.696,-0.041,0.942,0.212,0.738,0.418,0.251,0.671,-0.070,0.648,0.354,1.000,1.000
3317600,0.0095021,272.464840103406,0.326,0.091,-0.130,0.424,0.578,-0.696,-0.041,0.942,0.212,0.738,0.418,0.250,0.672,-0.069,0.648,0.353,1.000,1.000
3317606,0.0571213,272.521961402614,0.326,0.091,-0.130,0.424,0.578,-0.696,-0.041,0.942,0.212,0.739,0.417,0.250,0.672,-0.069,0.647,0.353,1.000,1.000
3317616,0.0201,272.542061401997,0.326,0.091,-0.130,0.424,0.578,-0.696,-0.041,0.942,0.212,0.740,0.416,0.252,0.672,-0.066,0.648,0.353,1.000,1.000
3317624,0.0619344,272.603995802347,0.326,0.091,-0.130,0.424,0.578,-0.696,-0.041,0.942,0.212,0.743,0.414,0.252,0.673,-0.062,0.648,0.350,1.000,1.000
3317632,0.0348929,272.638888704125,0.326,0.091,-0.130,0.424,0.578,-0.696,-0.041,0.942,0.212,0.744,0.412,0.252,0.677,-0.062,0.646,0.348,1.000,1.000
3317642,0.0340589,272.672947602812,0.326,0.091,-0.130,0.424,0.578,-0.696,-0.041,0.942,0.212,0.747,0.409,0.252,0.679,-0.063,0.645,0.347,1.000,1.000
3317650,0.0434346,272.716382204089,0.326,0.091,-0.130,0.424,0.578,-0.696,-0.041,0.942,0.212,0.748,0.407,0.251,0.681,-0.064,0.643,0.344,1.000,1.000
3317658,0.037078,272.753460204694,0.326,0.091,-0.130,0.424,0.578,-0.696,-0.041,0.942,0.212,0.750,0.405,0.252,0.683,-0.065,0.642,0.342,1.000,1.000
3317668,0.0522226,272.805682803039,0.326,0.091,-0.130,0.424,0.578,-0.696,-0.041,0.942,0.212,0.751,0.403,0.252,0.684,-0.066,0.642,0.340,1.000,1.000
3317676,0.0389929,272.84467570344,0.326,0.091,-0.130,0.424,0.578,-0.696,-0.041,0.942,0.212,0.752,0.400,0.252,0.687,-0.065,0.641,0.337,1.000,1.000
3317684,0.0427859,272.887461605016,0.326,0.091,-0.130,0.424,0.578,-0.696,-0.041,0.942,0.212,0.753,0.398,0.252,0.689,-0.067,0.639,0.335,1.000,1.000
3317694,0.0444686,272.931930205319,0.326,0.091,-0.130,0.424,0.578,-0.696,-0.041,0.942,0.212,0.754,0.397,0.252,0.691,-0.071,0.637,0.334,1.000,1.000
3317704,0.0442005,272.97613070393,0.326,0.091,-0.130,0.424,0.578,-0.696,-0.041,0.942,0.212,0.755,0.396,0.252,0.693,-0.071,0.636,0.331,1.000,1.000
3317714,0.0554452,273.031575905625,0.326,0.091,-0.130,0.424,0.578,-0.696,-0.041,0.942,0.212,0.755,0.395,0.252,0.694,-0.070,0.636,0.330,1.000,1.000
3317724,0.0453282,273.076904105488,0.326,0.091,-0.130,0.424,0.578,-0.696,-0.041,0.942,0.212,0.757,0.395,0.253,0.695,-0.070,0.636,0.328,1.000,1.000
3317734,0.0455419,273.12244600663,0.326,0.091,-0.130,0.424,0.578,-0.696,-0.041,0.942,0.212,0.758,0.395,0.253,0.697,-0.070,0.636,0.325,1.000,1.000
3317744,0.0534258,273.175871806685,0.326,0.091,-0.130,0.424,0.578,-0.696,-0.041,0.942,0.212,0.758,0.395,0.252,0.697,-0.070,0.635,0.325,1.000,1.000
3317750,0.0494227,273.225294506643,0.326,0.091,-0.130,0.424,0.578,-0.696,-0.041,0.942,0.212,0.759,0.395,0.252,0.697,-0.071,0.635,0.325,1.000,1.000
3317760,0.041503,273.266797507647,0.326,0.091,-0.130,0.424,0.578,-0.696,-0.041,0.942,0.212,0.759,0.395,0.251,0.696,-0.072,0.635,0.326,1.000,1.000
3317770,0.0405103,273.307307808194,0.326,0.091,-0.130,0.424,0.578,-0.696,-0.041,0.942,0.212,0.761,0.395,0.251,0.696,-0.072,0.636,0.326,1.000,1.000
3317778,0.0507713,273.358079107944,0.326,0.091,-0.130,0.424,0.578,-0.696,-0.041,0.942,0.212,0.764,0.395,0.252,0.697,-0.070,0.637,0.321,1.000,1.000
3317788,0.0409689,273.399048006628,0.326,0.091,-0.130,0.424,0.578,-0.696,-0.041,0.942,0.212,0.765,0.396,0.251,0.697,-0.067,0.638,0.321,1.000,1.000
3317794,0.0433761,273.442424105946,0.326,0.091,-0.130,0.424,0.578,-0.696,-0.041,0.942,0.212,0.764,0.395,0.251,0.696,-0.068,0.639,0.321,1.000,1.000
3317800,0.045446,273.487870106939,0.326,0.091,-0.130,0.424,0.578,-0.696,-0.041,0.942,0.212,0.764,0.396,0.250,0.696,-0.068,0.639,0.321,1.000,1.000
3317806,0.0129343,273.500804407056,0.326,0.091,-0.130,0.424,0.578,-0.696,-0.041,0.942,0.212,0.764,0.395,0.250,0.695,-0.069,0.639,0.322,1.000,1.000
3317812,0.054012,273.554816407617,0.326,0.091,-0.130,0.424,0.578,-0.696,-0.041,0.942,0.212,0.764,0.395,0.250,0.695,-0.069,0.639,0.322,1.000,1.000
3317820,0.0189855,273.573801908176,0.326,0.091,-0.130,0.424,0.578,-0.696,-0.041,0.942,0.212,0.764,0.395,0.251,0.694,-0.071,0.639,0.323,1.000,1.000
3317828,0.0315088,273.605310707819,0.326,0.091,-0.130,0.424,0.578,-0.696,-0.041,0.942,0.212,0.764,0.395,0.251,0.694,-0.070,0.639,0.324,1.000,1.000
3317834,0.0600964,273.66540710954,0.326,0.091,-0.130,0.424,0.578,-0.696,-0.041,0.942,0.212,0.764,0.395,0.252,0.694,-0.070,0.640,0.323,1.000,1.000
3317844,0.005651,273.671058109496,0.326,0.091,-0.130,0.424,0.578,-0.696,-0.041,0.942,0.212,0.763,0.395,0.252,0.694,-0.068,0.641,0.321,1.000,1.000
3317852,0.0604343,273.731492409948,0.326,0.091,-0.130,0.424,0.578,-0.696,-0.041,0.942,0.212,0.762,0.395,0.252,0.694,-0.069,0.641,0.322,1.000,1.000
3317860,0.0432352,273.774727611337,0.326,0.091,-0.130,0.424,0.578,-0.696,-0.041,0.942,0.212,0.761,0.394,0.251,0.693,-0.070,0.639,0.325,1.000,1.000
3317870,0.0431661,273.817893712316,0.326,0.091,-0.130,0.424,0.578,-0.696,-0.041,0.942,0.212,0.760,0.393,0.251,0.693,-0.074,0.638,0.327,1.000,1.000
3317878,0.0479976,273.865891313646,0.326,0.091,-0.130,0.424,0.578,-0.696,-0.041,0.942,0.212,0.759,0.393,0.251,0.693,-0.074,0.638,0.326,1.000,1.000
3317888,0.0405116,273.906402914319,0.326,0.091,-0.130,0.424,0.578,-0.696,-0.041,0.942,0.212,0.759,0.393,0.251,0.694,-0.073,0.639,0.325,1.000,1.000
3317894,0.0474989,273.953901814763,0.326,0.091,-0.130,0.424,0.578,-0.696,-0.041,0.942,0.212,0.758,0.393,0.251,0.694,-0.073,0.640,0.322,1.000,1.000
3317904,0.0387971,273.992698913906,0.326,0.091,-0.130,0.424,0.578,-0.696,-0.041,0.942,0.212,0.758,0.394,0.251,0.694,-0.071,0.640,0.321,1.000,1.000
3317912,0.0384072,274.031106112991,0.326,0.091,-0.130,0.424,0.578,-0.696,-0.041,0.942,0.212,0.757,0.394,0.252,0.694,-0.072,0.640,0.321,1.000,1.000
3317922,0.0414199,274.072526013944,0.326,0.091,-0.130,0.424,0.578,-0.696,-0.041,0.942,0.212,0.757,0.394,0.252,0.695,-0.071,0.640,0.320,1.000,1.000
3317932,0.045257,274.117783012334,0.326,0.091,-0.130,0.424,0.578,-0.696,-0.041,0.942,0.212,0.756,0.394,0.252,0.696,-0.072,0.639,0.321,1.000,1.000
3317940,0.0457786,274.163561610971,0.326,0.091,-0.130,0.424,0.578,-0.696,-0.041,0.942,0.212,0.756,0.394,0.252,0.695,-0.073,0.639,0.322,1.000,1.000
3317952,0.0445452,274.208106810693,0.326,0.091,-0.130,0.424,0.578,-0.696,-0.041,0.942,0.212,0.755,0.394,0.252,0.696,-0.077,0.636,0.324,1.000,1.000
3317962,0.0577978,274.265904611442,0.326,0.091,-0.130,0.424,0.578,-0.696,-0.041,0.942,0.212,0.752,0.394,0.253,0.696,-0.080,0.635,0.326,1.000,1.000
3317974,0.0563151,274.322219713125,0.326,0.091,-0.130,0.424,0.578,-0.696,-0.041,0.942,0.212,0.748,0.393,0.254,0.695,-0.083,0.634,0.329,1.000,1.000
3317988,0.0615399,274.383759612683,0.326,0.091,-0.130,0.424,0.578,-0.696,-0.041,0.942,0.212,0.746,0.392,0.256,0.694,-0.084,0.633,0.332,1.000,1.000
3317996,0.0616719,274.445431514177,0.326,0.091,-0.130,0.424,0.578,-0.696,-0.041,0.942,0.212,0.743,0.393,0.253,0.692,-0.087,0.635,0.331,1.000,1.000
3318006,0.044708,274.490139512811,0.326,0.091,-0.130,0.424,0.578,-0.696,-0.041,0.942,0.212,0.743,0.393,0.253,0.693,-0.089,0.633,0.332,1.000,1.000
3318016,0.0520088,274.542148313019,0.326,0.091,-0.130,0.424,0.578,-0.696,-0.041,0.942,0.212,0.742,0.394,0.253,0.693,-0.088,0.635,0.330,1.000,1.000
3318024,0.0460363,274.588184612338,0.326,0.091,-0.130,0.424,0.578,-0.696,-0.041,0.942,0.212,0.742,0.394,0.253,0.693,-0.087,0.636,0.329,1.000,1.000
3318034,0.0412222,274.629406812135,0.326,0.091,-0.130,0.424,0.578,-0.696,-0.041,0.942,0.212,0.742,0.394,0.253,0.692,-0.089,0.635,0.331,1.000,1.000
3318040,0.0445893,274.673996111844,0.326,0.091,-0.130,0.424,0.578,-0.696,-0.041,0.942,0.212,0.743,0.393,0.253,0.692,-0.089,0.635,0.332,1.000,1.000
3318052,0.0394974,274.713493513409,0.326,0.091,-0.130,0.424,0.578,-0.696,-0.041,0.942,0.212,0.744,0.393,0.253,0.693,-0.089,0.634,0.332,1.000,1.000
3318060,0.0487929,274.762286412064,0.326,0.091,-0.130,0.424,0.578,-0.696,-0.041,0.942,0.212,0.745,0.392,0.252,0.693,-0.089,0.634,0.331,1.000,1.000
3318068,0.0438277,274.806114113424,0.326,0.091,-0.130,0.424,0.578,-0.696,-0.041,0.942,0.212,0.747,0.392,0.251,0.694,-0.092,0.633,0.331,1.000,1.000
3318076,0.0389204,274.845034512226,0.326,0.091,-0.130,0.424,0.578,-0.696,-0.041,0.942,0.212,0.749,0.392,0.251,0.695,-0.090,0.633,0.330,1.000,1.000
3318086,0.0462697,274.891304212157,0.326,0.091,-0.130,0.424,0.578,-0.696,-0.041,0.942,0.212,0.751,0.391,0.250,0.695,-0.094,0.631,0.331,1.000,1.000
3318096,0.0488833,274.940187512431,0.326,0.091,-0.130,0.424,0.578,-0.696,-0.041,0.942,0.212,0.752,0.392,0.251,0.696,-0.090,0.631,0.330,1.000,1.000
3318104,0.0478121,274.987999612931,0.326,0.091,-0.130,0.424,0.578,-0.696,-0.041,0.942,0.212,0.753,0.392,0.250,0.697,-0.089,0.630,0.330,1.000,1.000
3318112,0.0397259,275.027725512628,0.326,0.091,-0.130,0.424,0.578,-0.696,-0.041,0.942,0.212,0.754,0.391,0.250,0.698,-0.090,0.628,0.332,1.000,1.000
3318122,0.04081,275.068535512779,0.326,0.091,-0.130,0.424,0.578,-0.696,-0.041,0.942,0.212,0.754,0.391,0.249,0.698,-0.091,0.627,0.333,1.000,1.000
3318132,0.0511898,275.119725311641,0.326,0.091,-0.130,0.424,0.578,-0.696,-0.041,0.942,0.212,0.755,0.392,0.250,0.699,-0.091,0.627,0.332,1.000,1.000
3318140,0.0434051,275.163130412344,0.326,0.091,-0.130,0.424,0.578,-0.696,-0.041,0.942,0.212,0.755,0.392,0.250,0.699,-0.091,0.627,0.333,1.000,1.000
3318148,0.0449157,275.208046110813,0.326,0.091,-0.130,0.424,0.578,-0.696,-0.041,0.942,0.212,0.756,0.391,0.251,0.698,-0.091,0.627,0.334,1.000,1.000
3318158,0.0424369,275.250483012293,0.326,0.091,-0.130,0.424,0.578,-0.696,-0.041,0.942,0.212,0.757,0.391,0.250,0.698,-0.092,0.627,0.334,1.000,1.000
3318166,0.0455064,275.295989411417,0.326,0.091,-0.130,0.424,0.578,-0.696,-0.041,0.942,0.212,0.759,0.390,0.249,0.699,-0.091,0.626,0.334,1.000,1.000
3318174,0.044322,275.340311410371,0.326,0.091,-0.130,0.424,0.578,-0.696,-0.041,0.942,0.212,0.759,0.391,0.248,0.699,-0.091,0.626,0.333,1.000,1.000
3318184,0.0402496,275.380561011378,0.326,0.091,-0.130,0.424,0.578,-0.696,-0.041,0.942,0.212,0.760,0.391,0.249,0.700,-0.088,0.627,0.330,1.000,1.000
3318194,0.0530398,275.433600811753,0.326,0.091,-0.130,0.424,0.578,-0.696,-0.041,0.942,0.212,0.761,0.391,0.249,0.701,-0.085,0.628,0.327,1.000,1.000
3318202,0.0437819,275.477382710669,0.326,0.091,-0.130,0.424,0.578,-0.696,-0.041,0.942,0.212,0.762,0.390,0.248,0.703,-0.083,0.628,0.323,1.000,1.000
3318212,0.0435795,275.520962210838,0.326,0.091,-0.130,0.424,0.578,-0.696,-0.041,0.942,0.212,0.763,0.388,0.248,0.703,-0.084,0.629,0.322,1.000,1.000
3318220,0.0432995,275.564261710737,0.326,0.091,-0.130,0.424,0.578,-0.696,-0.041,0.942,0.212,0.764,0.388,0.246,0.705,-0.081,0.629,0.317,1.000,1.000
3318228,0.0425005,275.606762210373,0.326,0.091,-0.130,0.424,0.578,-0.696,-0.041,0.942,0.212,0.764,0.387,0.245,0.705,-0.083,0.631,0.313,1.000,1.000
3318238,0.0418099,275.648572111968,0.326,0.091,-0.130,0.424,0.578,-0.696,-0.041,0.942,0.212,0.762,0.386,0.244,0.705,-0.083,0.631,0.313,1.000,1.000
3318246,0.0491925,275.697764611337,0.326,0.091,-0.130,0.424,0.578,-0.696,-0.041,0.942,0.212,0.761,0.386,0.244,0.705,-0.084,0.630,0.315,1.000,1.000
3318256,0.0420829,275.739847509656,0.326,0.091,-0.130,0.424,0.578,-0.696,-0.041,0.942,0.212,0.759,0.384,0.244,0.704,-0.083,0.631,0.316,1.000,1.000
3318264,0.047346,275.787193509284,0.326,0.091,-0.130,0.424,0.578,-0.696,-0.041,0.942,0.212,0.758,0.384,0.244,0.702,-0.084,0.631,0.318,1.000,1.000
3318274,0.0422707,275.829464210663,0.326,0.091,-0.130,0.424,0.578,-0.696,-0.041,0.942,0.212,0.757,0.384,0.245,0.701,-0.085,0.632,0.318,1.000,1.000
3318282,0.0432675,275.872731710318,0.326,0.091,-0.130,0.424,0.578,-0.696,-0.041,0.942,0.212,0.757,0.383,0.245,0.702,-0.087,0.632,0.317,1.000,1.000
3318290,0.0483387,275.921070410404,0.326,0.091,-0.130,0.424,0.578,-0.696,-0.041,0.942,0.212,0.756,0.384,0.245,0.703,-0.087,0.630,0.318,1.000,1.000
3318300,0.0422947,275.963365110103,0.326,0.091,-0.130,0.424,0.578,-0.696,-0.041,0.942,0.212,0.754,0.384,0.245,0.702,-0.088,0.630,0.320,1.000,1.000
3318306,0.0449871,276.008352211211,0.326,0.091,-0.130,0.424,0.578,-0.696,-0.041,0.942,0.212,0.753,0.383,0.246,0.702,-0.089,0.630,0.321,1.000,1.000
3318314,0.0338736,276.042225810234,0.326,0.091,-0.130,0.424,0.578,-0.696,-0.041,0.942,0.212,0.753,0.383,0.246,0.701,-0.090,0.630,0.321,1.000,1.000
3318322,0.0334573,276.075683111791,0.326,0.091,-0.130,0.424,0.578,-0.696,-0.041,0.942,0.212,0.753,0.383,0.247,0.701,-0.091,0.631,0.321,1.000,1.000
3318326,0.0442284,276.119911512826,0.326,0.091,-0.130,0.424,0.578,-0.696,-0.041,0.942,0.212,0.753,0.384,0.247,0.701,-0.091,0.630,0.322,1.000,1.000
3318334,0.0198198,276.139731312636,0.326,0.091,-0.130,0.424,0.578,-0.696,-0.041,0.942,0.212,0.753,0.384,0.247,0.699,-0.092,0.631,0.323,1.000,1.000
3318338,0.0336599,276.173391214106,0.326,0.091,-0.130,0.424,0.578,-0.696,-0.041,0.942,0.212,0.752,0.384,0.247,0.699,-0.092,0.631,0.324,1.000,1.000
3318348,0.0306362,276.204027414788,0.326,0.091,-0.130,0.424,0.578,-0.696,-0.041,0.942,0.212,0.751,0.384,0.247,0.700,-0.091,0.630,0.324,1.000,1.000
3318354,0.0556731,276.259700514842,0.326,0.091,-0.130,0.424,0.578,-0.696,-0.041,0.942,0.212,0.751,0.384,0.247,0.699,-0.092,0.630,0.325,1.000,1.000
3318364,0.0191087,276.278809214477,0.326,0.091,-0.130,0.424,0.578,-0.696,-0.041,0.942,0.212,0.752,0.384,0.247,0.698,-0.093,0.631,0.325,1.000,1.000
3318372,0.0495267,276.328335913364,0.326,0.091,-0.130,0.424,0.578,-0.696,-0.041,0.942,0.212,0.752,0.384,0.247,0.699,-0.092,0.631,0.325,1.000,1.000
3318380,0.039169,276.367504911963,0.326,0.091,-0.130,0.424,0.578,-0.696,-0.041,0.942,0.212,0.752,0.385,0.247,0.699,-0.092,0.630,0.324,1.000,1.000
3318390,0.044173,276.411677910481,0.326,0.091,-0.130,0.424,0.578,-0.696,-0.041,0.942,0.212,0.752,0.386,0.246,0.701,-0.092,0.629,0.324,1.000,1.000
3318398,0.0489019,276.46057981113,0.326,0.091,-0.130,0.424,0.578,-0.696,-0.041,0.942,0.212,0.752,0.386,0.246,0.701,-0.092,0.628,0.325,1.000,1.000
3318408,0.0436581,276.504237911198,0.326,0.091,-0.130,0.424,0.578,-0.696,-0.041,0.942,0.212,0.753,0.385,0.246,0.702,-0.091,0.627,0.325,1.000,1.000
3318416,0.0466207,276.550858611707,0.326,0.091,-0.130,0.424,0.578,-0.696,-0.041,0.942,0.212,0.754,0.386,0.246,0.703,-0.089,0.627,0.325,1.000,1.000
3318426,0.0450832,276.595941810403,0.326,0.091,-0.130,0.424,0.578,-0.696,-0.041,0.942,0.212,0.754,0.387,0.246,0.703,-0.089,0.625,0.327,1.000,1.000
3318436,0.0477296,276.643671410624,0.326,0.091,-0.130,0.424,0.578,-0.696,-0.041,0.942,0.212,0.755,0.386,0.246,0.704,-0.089,0.624,0.328,1.000,1.000
3318444,0.0408184,276.684489811305,0.326,0.091,-0.130,0.424,0.578,-0.696,-0.041,0.942,0.212,0.755,0.386,0.245,0.704,-0.089,0.623,0.328,1.000,1.000
3318456,0.0488235,276.733313309494,0.326,0.091,-0.130,0.424,0.578,-0.696,-0.041,0.942,0.212,0.756,0.386,0.244,0.705,-0.090,0.623,0.328,1.000,1.000
3318464,0.0522156,276.785528908018,0.326,0.091,-0.130,0.424,0.578,-0.696,-0.041,0.942,0.212,0.756,0.387,0.243,0.705,-0.090,0.622,0.329,1.000,1.000
3318474,0.0440177,276.829546606634,0.326,0.091,-0.130,0.424,0.578,-0.696,-0.041,0.942,0.212,0.755,0.387,0.243,0.704,-0.090,0.621,0.331,1.000,1.000
3318482,0.0453921,276.874938706402,0.326,0.091,-0.130,0.424,0.578,-0.696,-0.041,0.942,0.212,0.755,0.388,0.242,0.704,-0.090,0.622,0.331,1.000,1.000
3318490,0.0435173,276.918456005398,0.326,0.091,-0.130,0.424,0.578,-0.696,-0.041,0.942,0.212,0.755,0.388,0.240,0.705,-0.090,0.621,0.330,1.000,1.000
3318500,0.0458016,276.964257603977,0.326,0.091,-0.130,0.424,0.578,-0.696,-0.041,0.942,0.212,0.756,0.389,0.239,0.706,-0.089,0.622,0.328,1.000,1.000
3318508,0.0457204,277.009978002403,0.326,0.091,-0.130,0.424,0.578,-0.696,-0.041,0.942,0.212,0.757,0.389,0.238,0.706,-0.089,0.622,0.327,1.000,1.000
3318518,0.0439396,277.053917604033,0.326,0.091,-0.130,0.424,0.578,-0.696,-0.041,0.942,0.212,0.757,0.389,0.237,0.706,-0.089,0.622,0.327,1.000,1.000
3318526,0.0466835,277.100601105485,0.326,0.091,-0.130,0.424,0.578,-0.696,-0.041,0.942,0.212,0.758,0.389,0.237,0.706,-0.090,0.622,0.327,1.000,1.000
3318536,0.040029,277.140630105976,0.326,0.091,-0.130,0.424,0.578,-0.696,-0.041,0.942,0.212,0.759,0.388,0.236,0.706,-0.089,0.622,0.325,1.000,1.000
3318544,0.0446861,277.185316207353,0.326,0.091,-0.130,0.424,0.578,-0.696,-0.041,0.942,0.212,0.760,0.389,0.235,0.707,-0.091,0.622,0.324,1.000,1.000
3318554,0.0445077,277.229823908303,0.326,0.091,-0.130,0.424,0.578,-0.696,-0.041,0.942,0.212,0.759,0.388,0.234,0.707,-0.093,0.621,0.325,1.000,1.000
3318562,0.0437404,277.273564307485,0.326,0.091,-0.130,0.424,0.578,-0.696,-0.041,0.942,0.212,0.757,0.389,0.232,0.708,-0.092,0.621,0.324,1.000,1.000
3318570,0.0442006,277.317764906678,0.326,0.091,-0.130,0.424,0.578,-0.696,-0.041,0.942,0.212,0.755,0.388,0.230,0.708,-0.094,0.620,0.326,1.000,1.000
3318580,0.0478298,277.365594706032,0.326,0.091,-0.130,0.424,0.578,-0.696,-0.041,0.942,0.212,0.755,0.387,0.228,0.708,-0.093,0.620,0.326,1.000,1.000
3318588,0.0442799,277.409874605481,0.326,0.091,-0.130,0.424,0.578,-0.696,-0.041,0.942,0.212,0.755,0.387,0.225,0.707,-0.094,0.620,0.327,1.000,1.000
3318598,0.0426605,277.452535106335,0.326,0.091,-0.130,0.424,0.578,-0.696,-0.041,0.942,0.212,0.756,0.387,0.223,0.707,-0.093,0.621,0.327,1.000,1.000
3318606,0.0433508,277.495885907207,0.326,0.091,-0.130,0.424,0.578,-0.696,-0.041,0.942,0.212,0.756,0.387,0.221,0.705,-0.094,0.622,0.327,1.000,1.000
3318616,0.0435939,277.539479805622,0.326,0.091,-0.130,0.424,0.578,-0.696,-0.041,0.942,0.212,0.756,0.387,0.221,0.704,-0.095,0.623,0.326,1.000,1.000
3318624,0.0453328,277.584812606219,0.326,0.091,-0.130,0.424,0.578,-0.696,-0.041,0.942,0.212,0.756,0.387,0.220,0.704,-0.095,0.624,0.326,1.000,1.000
3318634,0.0428704,277.62768300483,0.326,0.091,-0.130,0.424,0.578,-0.696,-0.041,0.942,0.212,0.756,0.386,0.220,0.703,-0.095,0.624,0.326,1.000,1.000
3318642,0.0490356,277.676718606148,0.326,0.091,-0.130,0.424,0.578,-0.696,-0.041,0.942,0.212,0.756,0.385,0.219,0.704,-0.094,0.624,0.325,1.000,1.000
3318650,0.044432,277.721150605474,0.326,0.091,-0.130,0.424,0.578,-0.696,-0.041,0.942,0.212,0.756,0.384,0.218,0.703,-0.098,0.624,0.327,1.000,1.000
3318660,0.0422306,277.763381204102,0.326,0.091,-0.130,0.424,0.578,-0.696,-0.041,0.942,0.212,0.756,0.384,0.219,0.704,-0.098,0.624,0.326,1.000,1.000
3318670,0.0475791,277.810960302595,0.326,0.091,-0.130,0.424,0.578,-0.696,-0.041,0.942,0.212,0.756,0.385,0.219,0.705,-0.097,0.623,0.324,1.000,1.000
3318678,0.0457115,277.856671801303,0.326,0.091,-0.130,0.424,0.578,-0.696,-0.041,0.942,0.212,0.755,0.385,0.219,0.705,-0.097,0.623,0.324,1.000,1.000
3318686,0.0392923,277.89596409956,0.326,0.091,-0.130,0.424,0.578,-0.696,-0.041,0.942,0.212,0.757,0.385,0.220,0.712,-0.084,0.622,0.315,1.000,1.000
3318696,0.0448443,277.940808399115,0.326,0.091,-0.130,0.424,0.578,-0.696,-0.041,0.942,0.212,0.756,0.384,0.218,0.706,-0.094,0.624,0.322,1.000,1.000
3318704,0.0461691,277.986977497581,0.326,0.091,-0.130,0.424,0.578,-0.696,-0.041,0.942,0.212,0.757,0.384,0.218,0.705,-0.094,0.626,0.321,1.000,1.000
3318712,0.0421426,278.029120097402,0.326,0.091,-0.130,0.424,0.578,-0.696,-0.041,0.942,0.212,0.757,0.384,0.218,0.707,-0.092,0.625,0.318,1.000,1.000
3318722,0.0439688,278.073088897858,0.326,0.091,-0.130,0.424,0.578,-0.696,-0.041,0.942,0.212,0.758,0.385,0.220,0.705,-0.092,0.626,0.319,1.000,1.000
3318730,0.0461395,278.119228398893,0.326,0.091,-0.130,0.424,0.578,-0.696,-0.041,0.942,0.212,0.758,0.386,0.222,0.706,-0.088,0.627,0.317,1.000,1.000
3318740,0.046248,278.165476399008,0.326,0.091,-0.130,0.424,0.578,-0.696,-0.041,0.942,0.212,0.757,0.386,0.222,0.704,-0.089,0.627,0.320,1.000,1.000
3318748,0.0407593,278.206235697959,0.326,0.091,-0.130,0.424,0.578,-0.696,-0.041,0.942,0.212,0.756,0.387,0.222,0.705,-0.088,0.626,0.320,1.000,1.000
3318756,0.0435221,278.249757798854,0.326,0.091,-0.130,0.424,0.578,-0.696,-0.041,0.942,0.212,0.755,0.386,0.223,0.702,-0.093,0.627,0.324,1.000,1.000
3318766,0.0431556,278.29291339824,0.326,0.091,-0.130,0.424,0.578,-0.696,-0.041,0.942,0.212,0.756,0.385,0.224,0.709,-0.079,0.627,0.314,1.000,1.000
3318776,0.0475844,278.340497797821,0.326,0.091,-0.130,0.424,0.578,-0.696,-0.041,0.942,0.212,0.753,0.385,0.224,0.702,-0.093,0.628,0.323,1.000,1.000
3318784,0.0448593,278.38535709912,0.326,0.091,-0.130,0.424,0.578,-0.696,-0.041,0.942,0.212,0.751,0.385,0.225,0.700,-0.095,0.628,0.325,1.000,1.000
3318792,0.0442572,278.429614300374,0.326,0.091,-0.130,0.424,0.578,-0.696,-0.041,0.942,0.212,0.751,0.384,0.226,0.701,-0.095,0.628,0.325,1.000,1.000
3318802,0.0431204,278.472734699491,0.326,0.091,-0.130,0.424,0.578,-0.696,-0.041,0.942,0.212,0.751,0.383,0.227,0.700,-0.096,0.629,0.325,1.000,1.000
3318812,0.048021,278.52075569937,0.326,0.091,-0.130,0.424,0.578,-0.696,-0.041,0.942,0.212,0.750,0.383,0.228,0.701,-0.095,0.628,0.325,1.000,1.000
3318820,0.0443825,278.565138200764,0.326,0.091,-0.130,0.424,0.578,-0.696,-0.041,0.942,0.212,0.748,0.383,0.228,0.701,-0.096,0.627,0.325,1.000,1.000
3318828,0.0431077,278.608245900366,0.326,0.091,-0.130,0.424,0.578,-0.696,-0.041,0.942,0.212,0.746,0.383,0.229,0.700,-0.100,0.626,0.329,1.000,1.000
3318838,0.0442344,278.652480299119,0.326,0.091,-0.130,0.424,0.578,-0.696,-0.041,0.942,0.212,0.746,0.382,0.229,0.700,-0.101,0.626,0.330,1.000,1.000
3318846,0.0459882,278.698468497489,0.326,0.091,-0.130,0.424,0.578,-0.696,-0.041,0.942,0.212,0.746,0.382,0.231,0.701,-0.098,0.626,0.328,1.000,1.000
3318856,0.0427138,278.741182296071,0.326,0.091,-0.130,0.424,0.578,-0.696,-0.041,0.942,0.212,0.743,0.383,0.230,0.700,-0.102,0.626,0.328,1.000,1.000
3318864,0.0432352,278.78441749746,0.326,0.091,-0.130,0.424,0.578,-0.696,-0.041,0.942,0.212,0.741,0.383,0.231,0.699,-0.105,0.626,0.330,1.000,1.000
3318872,0.0468806,278.831298096571,0.326,0.091,-0.130,0.424,0.578,-0.696,-0.041,0.942,0.212,0.739,0.383,0.231,0.698,-0.108,0.625,0.331,1.000,1.000
3318882,0.0430883,278.874386394862,0.326,0.091,-0.130,0.424,0.578,-0.696,-0.041,0.942,0.212,0.737,0.383,0.231,0.698,-0.109,0.625,0.331,1.000,1.000
3318890,0.0457062,278.920092596207,0.326,0.091,-0.130,0.424,0.578,-0.696,-0.041,0.942,0.212,0.736,0.384,0.232,0.698,-0.110,0.626,0.332,1.000,1.000
3318900,0.0431128,278.963205395732,0.326,0.091,-0.130,0.424,0.578,-0.696,-0.041,0.942,0.212,0.735,0.385,0.232,0.697,-0.108,0.627,0.331,1.000,1.000
3318908,0.0453158,279.008521194104,0.326,0.091,-0.130,0.424,0.578,-0.696,-0.041,0.942,0.212,0.736,0.385,0.232,0.697,-0.106,0.628,0.330,1.000,1.000
3318918,0.0408533,279.049374493305,0.326,0.091,-0.130,0.424,0.578,-0.696,-0.041,0.942,0.212,0.735,0.386,0.231,0.697,-0.104,0.629,0.329,1.000,1.000
3318928,0.0459744,279.095348893199,0.326,0.091,-0.130,0.424,0.578,-0.696,-0.041,0.942,0.212,0.738,0.385,0.231,0.698,-0.102,0.629,0.327,1.000,1.000
3318936,0.0487874,279.144136293326,0.326,0.091,-0.130,0.424,0.578,-0.696,-0.041,0.942,0.212,0.738,0.385,0.230,0.698,-0.102,0.629,0.327,1.000,1.000
3318944,0.0403953,279.184531594161,0.326,0.091,-0.130,0.424,0.578,-0.696,-0.041,0.942,0.212,0.739,0.384,0.229,0.699,-0.102,0.628,0.326,1.000,1.000
3318952,0.0464073,279.23093889514,0.326,0.091,-0.130,0.424,0.578,-0.696,-0.041,0.942,0.212,0.739,0.384,0.229,0.699,-0.103,0.628,0.326,1.000,1.000
3318958,0.035793,279.266731894109,0.326,0.091,-0.130,0.424,0.578,-0.696,-0.041,0.942,0.212,0.739,0.384,0.230,0.699,-0.103,0.627,0.327,1.000,1.000
3318964,0.0307882,279.297520094085,0.326,0.091,-0.130,0.424,0.578,-0.696,-0.041,0.942,0.212,0.738,0.384,0.230,0.699,-0.104,0.627,0.327,1.000,1.000
3318970,0.0408246,279.33834469365,0.326,0.091,-0.130,0.424,0.578,-0.696,-0.041,0.942,0.212,0.739,0.384,0.230,0.700,-0.104,0.627,0.327,1.000,1.000
3318976,0.0397139,279.378058594186,0.326,0.091,-0.130,0.424,0.578,-0.696,-0.041,0.942,0.212,0.738,0.384,0.230,0.700,-0.104,0.627,0.327,1.000,1.000
3318982,0.0117142,279.389772793744,0.326,0.091,-0.130,0.424,0.578,-0.696,-0.041,0.942,0.212,0.738,0.384,0.229,0.699,-0.105,0.626,0.329,1.000,1.000
3318994,0.0338799,279.423652692232,0.326,0.091,-0.130,0.424,0.578,-0.696,-0.041,0.942,0.212,0.737,0.384,0.229,0.699,-0.106,0.624,0.331,1.000,1.000
3319000,0.0620582,279.485710891429,0.326,0.091,-0.130,0.424,0.578,-0.696,-0.041,0.942,0.212,0.737,0.384,0.229,0.699,-0.107,0.624,0.332,1.000,1.000
3319008,0.0218827,279.507593591232,0.326,0.091,-0.130,0.424,0.578,-0.696,-0.041,0.942,0.212,0.737,0.384,0.229,0.698,-0.108,0.624,0.333,1.000,1.000
3319016,0.04861,279.556203593034,0.326,0.091,-0.130,0.424,0.578,-0.696,-0.041,0.942,0.212,0.737,0.385,0.230,0.697,-0.107,0.626,0.333,1.000,1.000
3319026,0.0439603,279.600163892377,0.326,0.091,-0.130,0.424,0.578,-0.696,-0.041,0.942,0.212,0.739,0.384,0.229,0.696,-0.108,0.627,0.331,1.000,1.000
3319034,0.0458501,279.646013994236,0.326,0.091,-0.130,0.424,0.578,-0.696,-0.041,0.942,0.212,0.739,0.385,0.230,0.698,-0.103,0.628,0.327,1.000,1.000
3319042,0.0398078,279.685821794439,0.326,0.091,-0.130,0.424,0.578,-0.696,-0.041,0.942,0.212,0.740,0.385,0.230,0.699,-0.103,0.628,0.327,1.000,1.000
3319052,0.0375015,279.723323293496,0.326,0.091,-0.130,0.424,0.578,-0.696,-0.041,0.942,0.212,0.741,0.385,0.229,0.699,-0.104,0.627,0.328,1.000,1.000
3319060,0.0438589,279.767182194162,0.326,0.091,-0.130,0.424,0.578,-0.696,-0.041,0.942,0.212,0.742,0.385,0.229,0.700,-0.103,0.626,0.327,1.000,1.000
3319068,0.0496992,279.816881392617,0.326,0.091,-0.130,0.424,0.578,-0.696,-0.041,0.942,0.212,0.742,0.385,0.229,0.700,-0.104,0.625,0.328,1.000,1.000
3319078,0.0363203,279.853201691527,0.326,0.091,-0.130,0.424,0.578,-0.696,-0.041,0.942,0.212,0.743,0.385,0.230,0.700,-0.104,0.625,0.329,1.000,1.000
3319088,0.0436992,279.896900892723,0.326,0.091,-0.130,0.424,0.578,-0.696,-0.041,0.942,0.212,0.744,0.384,0.230,0.700,-0.106,0.624,0.331,1.000,1.000
3319098,0.0509282,279.94782909425,0.326,0.091,-0.130,0.424,0.578,-0.696,-0.041,0.942,0.212,0.745,0.383,0.230,0.700,-0.109,0.623,0.332,1.000,1.000
3319106,0.0505012,279.998330295552,0.326,0.091,-0.130,0.424,0.578,-0.696,-0.041,0.942,0.212,0.749,0.380,0.229,0.707,-0.115,0.615,0.331,1.000,1.000
3319116,0.0446363,280.042966597248,0.326,0.091,-0.130,0.424,0.578,-0.696,-0.041,0.942,0.212,0.751,0.376,0.237,0.724,-0.135,0.597,0.319,0.740,1.000
3319124,0.0429262,280.085892796982,0.326,0.091,-0.130,0.424,0.578,-0.696,-0.041,0.942,0.212,0.755,0.366,0.236,0.732,-0.171,0.577,0.319,0.268,0.028
3319136,0.0481156,280.134008396883,0.326,0.091,-0.130,0.424,0.578,-0.696,-0.041,0.942,0.212,0.755,0.368,0.234,0.736,-0.182,0.575,0.309,0.166,0.000
3319144,0.0510238,280.185032196809,0.326,0.091,-0.130,0.424,0.578,-0.696,-0.041,0.942,0.212,0.756,0.369,0.233,0.738,-0.196,0.568,0.307,0.114,0.000
3319154,0.046836,280.231868196744,0.326,0.091,-0.130,0.424,0.578,-0.696,-0.041,0.942,0.212,0.757,0.370,0.231,0.736,-0.210,0.561,0.315,0.106,0.000
3319162,0.0459053,280.277773496229,0.326,0.091,-0.130,0.424,0.578,-0.696,-0.041,0.942,0.212,0.755,0.371,0.230,0.736,-0.212,0.561,0.315,0.093,0.000
3319170,0.0418491,280.319622595329,0.326,0.091,-0.130,0.424,0.578,-0.696,-0.041,0.942,0.212,0.756,0.372,0.230,0.736,-0.212,0.560,0.316,0.076,0.000
3319180,0.0440895,280.36371209519,0.326,0.091,-0.130,0.424,0.578,-0.696,-0.041,0.942,0.212,0.756,0.370,0.231,0.736,-0.214,0.559,0.317,0.057,0.000
3319188,0.0426895,280.406401593704,0.326,0.091,-0.130,0.424,0.578,-0.696,-0.041,0.942,0.212,0.756,0.370,0.232,0.736,-0.215,0.558,0.319,0.052,0.000
3319198,0.0447058,280.451107394416,0.326,0.091,-0.130,0.424,0.578,-0.696,-0.041,0.942,0.212,0.756,0.371,0.232,0.735,-0.215,0.558,0.319,0.045,0.000
3319206,0.0432057,280.494313095231,0.326,0.091,-0.130,0.424,0.578,-0.696,-0.041,0.942,0.212,0.756,0.370,0.235,0.735,-0.215,0.558,0.321,0.041,0.000
3319216,0.0453613,280.539674394298,0.326,0.091,-0.130,0.424,0.578,-0.696,-0.041,0.942,0.212,0.756,0.371,0.235,0.734,-0.216,0.559,0.320,0.053,0.000
3319224,0.0471781,280.586852495093,0.326,0.091,-0.130,0.424,0.578,-0.696,-0.041,0.942,0.212,0.757,0.370,0.234,0.732,-0.218,0.560,0.321,0.060,0.000
3319234,0.0422399,280.629092395771,0.326,0.091,-0.130,0.424,0.578,-0.696,-0.041,0.942,0.212,0.757,0.369,0.233,0.732,-0.220,0.559,0.321,0.072,0.000
3319242,0.0479296,280.677021995652,0.326,0.091,-0.130,0.424,0.578,-0.696,-0.041,0.942,0.212,0.757,0.368,0.233,0.731,-0.222,0.560,0.321,0.059,0.000
3319250,0.0437412,280.720763195772,0.326,0.091,-0.130,0.424,0.578,-0.696,-0.041,0.942,0.212,0.758,0.370,0.234,0.731,-0.223,0.560,0.321,0.056,0.000
3319258,0.0424118,280.763174996246,0.326,0.091,-0.130,0.424,0.578,-0.696,-0.041,0.942,0.212,0.757,0.370,0.235,0.730,-0.223,0.561,0.320,0.062,0.000
3319268,0.0418491,280.805024095345,0.326,0.091,-0.130,0.424,0.578,-0.696,-0.041,0.942,0.212,0.756,0.371,0.235,0.730,-0.222,0.562,0.320,0.059,0.000
3319276,0.0488998,280.853923894931,0.326,0.091,-0.130,0.424,0.578,-0.696,-0.041,0.942,0.212,0.757,0.370,0.235,0.730,-0.222,0.562,0.319,0.058,0.000
3319282,0.0288154,280.882739294786,0.326,0.091,-0.130,0.424,0.578,-0.696,-0.041,0.942,0.212,0.758,0.369,0.235,0.730,-0.222,0.563,0.318,0.054,0.000
3319288,0.0439613,280.926700596232,0.326,0.091,-0.130,0.424,0.578,-0.696,-0.041,0.942,0.212,0.758,0.370,0.235,0.730,-0.222,0.563,0.318,0.059,0.000
3319296,0.0191819,280.945882495958,0.326,0.091,-0.130,0.424,0.578,-0.696,-0.041,0.942,0.212,0.758,0.369,0.235,0.730,-0.222,0.563,0.318,0.054,0.000
3319300,0.0449272,280.990809694398,0.326,0.091,-0.130,0.424,0.578,-0.696,-0.041,0.942,0.212,0.759,0.369,0.235,0.729,-0.223,0.564,0.318,0.050,0.000
3319308,0.0307295,281.021539194975,0.326,0.091,-0.130,0.424,0.578,-0.696,-0.041,0.942,0.212,0.759,0.368,0.235,0.728,-0.224,0.563,0.319,0.044,0.000
3319316,0.0270194,281.048558595125,0.326,0.091,-0.130,0.424,0.578,-0.696,-0.041,0.942,0.212,0.759,0.368,0.235,0.728,-0.225,0.564,0.319,0.044,0.000
3319324,0.0474201,281.095978694502,0.326,0.091,-0.130,0.424,0.578,-0.696,-0.041,0.942,0.212,0.760,0.368,0.236,0.727,-0.225,0.565,0.320,0.024,0.000
3319334,0.0399042,281.135882894043,0.326,0.091,-0.130,0.424,0.578,-0.696,-0.041,0.942,0.212,0.759,0.369,0.235,0.726,-0.225,0.566,0.319,0.020,0.000
3319342,0.0413863,281.177269192878,0.326,0.091,-0.130,0.424,0.578,-0.696,-0.041,0.942,0.212,0.760,0.370,0.235,0.726,-0.224,0.566,0.320,0.011,0.000
3319352,0.0453971,281.222666291986,0.326,0.091,-0.130,0.424,0.578,-0.696,-0.041,0.942,0.212,0.761,0.369,0.235,0.726,-0.224,0.566,0.321,0.011,0.000
3319360,0.0421278,281.264794091228,0.326,0.091,-0.130,0.424,0.578,-0.696,-0.041,0.942,0.212,0.761,0.370,0.236,0.725,-0.225,0.566,0.322,0.013,0.000
3319370,0.0496279,281.314421991352,0.326,0.091,-0.130,0.424,0.578,-0.696,-0.041,0.942,0.212,0.761,0.371,0.235,0.724,-0.225,0.566,0.324,0.009,0.000
3319378,0.0422705,281.356692491565,0.326,0.091,-0.130,0.424,0.578,-0.696,-0.041,0.942,0.212,0.761,0.371,0.234,0.723,-0.227,0.565,0.325,0.007,0.000
3319388,0.0416431,281.398335593287,0.326,0.091,-0.130,0.424,0.578,-0.696,-0.041,0.942,0.212,0.763,0.372,0.235,0.723,-0.225,0.566,0.325,0.000,0.000
3319398,0.0511785,281.449514093343,0.326,0.091,-0.130,0.424,0.578,-0.696,-0.041,0.942,0.212,0.763,0.373,0.235,0.722,-0.224,0.567,0.327,0.002,0.000
3319406,0.0487125,281.498226592783,0.326,0.091,-0.130,0.424,0.578,-0.696,-0.041,0.942,0.212,0.764,0.373,0.236,0.722,-0.225,0.567,0.327,0.000,0.000
3319416,0.0445125,281.542739091907,0.326,0.091,-0.130,0.424,0.578,-0.696,-0.041,0.942,0.212,0.764,0.373,0.237,0.721,-0.224,0.567,0.328,0.000,0.000
3319424,0.0445194,281.587258490268,0.326,0.091,-0.130,0.424,0.578,-0.696,-0.041,0.942,0.212,0.764,0.375,0.239,0.721,-0.222,0.568,0.328,0.000,0.000
3319434,0.0437717,281.631030189339,0.326,0.091,-0.130,0.424,0.578,-0.696,-0.041,0.942,0.212,0.764,0.376,0.240,0.722,-0.221,0.568,0.329,0.000,0.000
3319442,0.0441998,281.675229987595,0.326,0.091,-0.130,0.424,0.578,-0.696,-0.041,0.942,0.212,0.765,0.378,0.240,0.722,-0.220,0.568,0.329,0.000,0.000
3319450,0.0436366,281.718866589013,0.326,0.091,-0.130,0.424,0.578,-0.696,-0.041,0.942,0.212,0.765,0.381,0.242,0.723,-0.216,0.569,0.326,0.000,0.000
3319460,0.0460513,281.764917890076,0.326,0.091,-0.130,0.424,0.578,-0.696,-0.041,0.942,0.212,0.766,0.385,0.242,0.727,-0.214,0.566,0.325,0.008,0.000
3319468,0.0437675,281.808685390744,0.326,0.091,-0.130,0.424,0.578,-0.696,-0.041,0.942,0.212,0.765,0.394,0.243,0.732,-0.211,0.561,0.324,0.042,0.000
3319476,0.0454657,281.854151091073,0.326,0.091,-0.130,0.424,0.578,-0.696,-0.041,0.942,0.212,0.763,0.401,0.245,0.742,-0.204,0.550,0.324,0.116,0.000
3319486,0.0436529,281.897803990636,0.326,0.091,-0.130,0.424,0.578,-0.696,-0.041,0.942,0.212,0.763,0.411,0.249,0.746,-0.201,0.543,0.329,0.138,0.000
3319496,0.0405317,281.93833568925,0.326,0.091,-0.130,0.424,0.578,-0.696,-0.041,0.942,0.212,0.762,0.423,0.252,0.749,-0.199,0.537,0.332,0.432,0.000
3319504,0.0504765,281.988812188152,0.326,0.091,-0.130,0.424,0.578,-0.696,-0.041,0.942,0.212,0.758,0.439,0.257,0.745,-0.188,0.542,0.341,1.000,0.000
3319514,0.0422096,282.031021787319,0.326,0.091,-0.130,0.424,0.578,-0.696,-0.041,0.942,0.212,0.761,0.447,0.262,0.742,-0.183,0.543,0.348,1.000,0.000
3319522,0.044897,282.075918788556,0.326,0.091,-0.130,0.424,0.578,-0.696,-0.041,0.942,0.212,0.762,0.457,0.262,0.735,-0.193,0.539,0.363,1.000,0.000
3319530,0.0446339,282.12055268744,0.326,0.091,-0.130,0.424,0.578,-0.696,-0.041,0.942,0.212,0.763,0.470,0.265,0.724,-0.201,0.538,0.381,1.000,0.000
3319540,0.0424899,282.163042588625,0.326,0.091,-0.130,0.424,0.578,-0.696,-0.041,0.942,0.212,0.768,0.479,0.266,0.717,-0.194,0.542,0.393,1.000,0.000
3319548,0.0482244,282.211266989354,0.326,0.091,-0.130,0.424,0.578,-0.696,-0.041,0.942,0.212,0.772,0.488,0.268,0.712,-0.184,0.546,0.402,1.000,0.000
3319558,0.0406265,282.251893489156,0.326,0.091,-0.130,0.424,0.578,-0.696,-0.041,0.942,0.212,0.774,0.496,0.267,0.707,-0.178,0.546,0.412,1.000,0.000
3319566,0.0441635,282.296056988183,0.326,0.091,-0.130,0.424,0.578,-0.696,-0.041,0.942,0.212,0.778,0.500,0.267,0.705,-0.169,0.548,0.417,1.000,0.000
3319574,0.0436117,282.339668689761,0.326,0.091,-0.130,0.424,0.578,-0.696,-0.041,0.942,0.212,0.783,0.505,0.269,0.706,-0.159,0.547,0.421,1.000,0.000
3319584,0.0468777,282.386546390597,0.326,0.091,-0.130,0.424,0.578,-0.696,-0.041,0.942,0.212,0.787,0.509,0.269,0.704,-0.156,0.545,0.428,1.000,0.000
3319592,0.0446279,282.431174291763,0.326,0.091,-0.130,0.424,0.578,-0.696,-0.041,0.942,0.212,0.792,0.510,0.268,0.703,-0.154,0.543,0.433,1.000,0.000
3319602,0.0428557,282.474029990379,0.326,0.091,-0.130,0.424,0.578,-0.696,-0.041,0.942,0.212,0.797,0.513,0.269,0.704,-0.148,0.541,0.435,1.000,0.000
3319610,0.0456834,282.519713389222,0.326,0.091,-0.130,0.424,0.578,-0.696,-0.041,0.942,0.212,0.802,0.514,0.268,0.705,-0.143,0.539,0.439,1.000,0.000
3319620,0.0435744,282.563287789468,0.326,0.091,-0.130,0.424,0.578,-0.696,-0.041,0.942,0.212,0.804,0.514,0.267,0.705,-0.140,0.536,0.442,1.000,0.000
3319628,0.0452033,282.608491087798,0.326,0.091,-0.130,0.424,0.578,-0.696,-0.041,0.942,0.212,0.807,0.516,0.267,0.707,-0.133,0.536,0.441,1.000,0.000
3319638,0.0426435,282.651134586427,0.326,0.091,-0.130,0.424,0.578,-0.696,-0.041,0.942,0.212,0.810,0.517,0.266,0.708,-0.129,0.534,0.443,1.000,0.000
3319644,0.0468308,282.697965385858,0.326,0.091,-0.130,0.424,0.578,-0.696,-0.041,0.942,0.212,0.814,0.518,0.264,0.710,-0.125,0.532,0.444,1.000,0.000
3319652,0.0409093,282.738874687348,0.326,0.091,-0.130,0.424,0.578,-0.696,-0.041,0.942,0.212,0.819,0.519,0.262,0.711,-0.120,0.530,0.446,1.000,0.000
3319662,0.036248,282.775122685824,0.326,0.091,-0.130,0.424,0.578,-0.696,-0.041,0.942,0.212,0.823,0.518,0.260,0.713,-0.119,0.526,0.448,1.000,0.000
3319670,0.0510138,282.82613648707,0.326,0.091,-0.130,0.424,0.578,-0.696,-0.041,0.942,0.212,0.828,0.520,0.258,0.715,-0.114,0.521,0.452,1.000,0.000
3319680,0.0382445,282.864380987827,0.326,0.091,-0.130,0.424,0.578,-0.696,-0.041,0.942,0.212,0.837,0.521,0.256,0.717,-0.105,0.516,0.456,1.000,0.000
3319688,0.0456229,282.910003887955,0.326,0.091,-0.130,0.424,0.578,-0.696,-0.041,0.942,0.212,0.847,0.519,0.254,0.721,-0.091,0.512,0.458,1.000,0.000
3319698,0.0437648,282.953768687788,0.326,0.091,-0.130,0.424,0.578,-0.696,-0.041,0.942,0.212,0.858,0.519,0.248,0.729,-0.071,0.509,0.452,1.000,0.155
3319706,0.044594,282.998362688813,0.326,0.091,-0.130,0.424,0.578,-0.696,-0.041,0.942,0.212,0.870,0.519,0.241,0.736,-0.039,0.502,0.452,0.493,0.153
3319716,0.0456189,283.04398158798,0.326,0.091,-0.130,0.424,0.578,-0.696,-0.041,0.942,0.212,0.888,0.515,0.232,0.737,0.013,0.511,0.443,0.600,0.423
3319724,0.0498227,283.093804287259,0.326,0.091,-0.130,0.424,0.578,-0.696,-0.041,0.942,0.212,0.905,0.508,0.223,0.743,0.054,0.517,0.422,1.000,1.000
3319734,0.0449943,283.138798585627,0.326,0.091,-0.130,0.424,0.578,-0.696,-0.041,0.942,0.212,0.922,0.487,0.216,0.746,0.063,0.522,0.409,1.000,1.000
3319744,0.0455983,283.184396883938,0.326,0.091,-0.130,0.424,0.578,-0.696,-0.041,0.942,0.212,0.945,0.447,0.206,0.755,0.039,0.514,0.405,1.000,1.000
3319752,0.0451101,283.229506982956,0.326,0.091,-0.130,0.424,0.578,-0.696,-0.041,0.942,0.212,0.959,0.396,0.179,0.769,0.003,0.500,0.398,1.000,1.000
3319762,0.0462979,283.275804883335,0.326,0.091,-0.130,0.424,0.578,-0.696,-0.041,0.942,0.212,0.967,0.342,0.145,0.790,-0.019,0.482,0.378,1.000,1.000
3319770,0.0440965,283.319901383016,0.326,0.091,-0.130,0.424,0.578,-0.696,-0.041,0.942,0.212,0.972,0.287,0.089,0.814,-0.043,0.449,0.365,1.000,0.972
3319780,0.0413839,283.361285282765,0.326,0.091,-0.130,0.424,0.578,-0.696,-0.041,0.942,0.212,0.967,0.240,0.041,0.848,-0.090,0.402,0.333,1.000,0.758
3319788,0.0469691,283.408254383598,0.326,0.091,-0.130,0.424,0.578,-0.696,-0.041,0.942,0.212,0.959,0.182,-0.025,0.882,-0.183,0.364,0.236,1.000,0.727
3319798,0.0468049,283.45505928481,0.326,0.091,-0.130,0.424,0.578,-0.696,-0.041,0.942,0.212,0.943,0.142,-0.102,0.870,-0.352,0.344,0.023,1.000,0.764
3319806,0.0460436,283.501102885697,0.326,0.091,-0.130,0.424,0.578,-0.696,-0.041,0.942,0.212,0.911,0.146,-0.177,-0.822,0.539,-0.180,0.012,0.998,0.983
3319812,0.0402964,283.541399287526,0.326,0.091,-0.130,0.424,0.578,-0.696,-0.041,0.942,0.212,0.915,0.142,-0.216,-0.790,0.600,-0.066,0.108,0.500,1.000
3319820,0.0315089,283.572908187751,0.326,0.091,-0.130,0.424,0.578,-0.696,-0.041,0.942,0.212,0.883,0.155,-0.222,-0.768,0.592,-0.114,0.216,0.200,1.000
3319826,0.0462078,283.619115988258,0.326,0.091,-0.130,0.424,0.578,-0.696,-0.041,0.942,0.212,0.883,0.155,-0.222,-0.768,0.592,-0.114,0.216,0.200,1.000
3319832,0.0213865,283.640502488706,0.326,0.091,-0.130,0.424,0.578,-0.696,-0.041,0.942,0.212,0.883,0.155,-0.222,-0.768,0.592,-0.114,0.216,0.200,1.000
3319840,0.0350558,283.675558289979,0.326,0.091,-0.130,0.424,0.578,-0.696,-0.041,0.942,0.212,0.883,0.155,-0.222,-0.768,0.592,-0.114,0.216,0.200,1.000
3319846,0.0531896,283.728747891728,0.326,0.091,-0.130,0.424,0.578,-0.696,-0.041,0.942,0.212,0.883,0.155,-0.222,-0.768,0.592,-0.114,0.216,0.200,1.000
3319854,0.0146798,283.743427691516,0.326,0.091,-0.130,0.424,0.578,-0.696,-0.041,0.942,0.212,0.883,0.155,-0.222,-0.768,0.592,-0.114,0.216,0.200,1.000
3319864,0.045145,283.788572692778,0.326,0.091,-0.130,0.424,0.578,-0.696,-0.041,0.942,0.212,0.883,0.155,-0.222,-0.768,0.592,-0.114,0.216,0.200,1.000
3319872,0.0406163,283.829188992735,0.326,0.091,-0.130,0.424,0.578,-0.696,-0.041,0.942,0.212,0.883,0.155,-0.222,-0.768,0.592,-0.114,0.216,0.200,1.000
3319880,0.0445634,283.873752394225,0.326,0.091,-0.130,0.424,0.578,-0.696,-0.041,0.942,0.212,0.883,0.155,-0.222,-0.768,0.592,-0.114,0.216,0.200,1.000
3319890,0.0420112,283.915763595607,0.326,0.091,-0.130,0.424,0.578,-0.696,-0.041,0.942,0.212,0.883,0.155,-0.222,-0.768,0.592,-0.114,0.216,0.200,1.000
3319898,0.0450908,283.960854393896,0.326,0.091,-0.130,0.424,0.578,-0.696,-0.041,0.942,0.212,0.883,0.155,-0.222,-0.768,0.592,-0.114,0.216,0.200,1.000
3319908,0.0451159,284.00597029319,0.326,0.091,-0.130,0.424,0.578,-0.696,-0.041,0.942,0.212,0.883,0.155,-0.222,-0.768,0.592,-0.114,0.216,0.200,1.000
3319918,0.0450119,284.050982193556,0.326,0.091,-0.130,0.424,0.578,-0.696,-0.041,0.942,0.212,0.883,0.155,-0.222,-0.768,0.592,-0.114,0.216,0.200,1.000
3319924,0.0454141,284.096396294888,0.326,0.091,-0.130,0.424,0.578,-0.696,-0.041,0.942,0.212,0.883,0.155,-0.222,-0.768,0.592,-0.114,0.216,0.200,1.000
3319934,0.0397899,284.136186195072,0.326,0.091,-0.130,0.424,0.578,-0.696,-0.041,0.942,0.212,0.883,0.155,-0.222,-0.768,0.592,-0.114,0.216,0.200,1.000
3319944,0.0510974,284.187283595558,0.326,0.091,-0.130,0.424,0.578,-0.696,-0.041,0.942,0.212,0.883,0.155,-0.222,-0.768,0.592,-0.114,0.216,0.200,1.000
3319956,0.0538062,284.241089796182,0.326,0.091,-0.130,0.424,0.578,-0.696,-0.041,0.942,0.212,0.883,0.155,-0.222,-0.768,0.592,-0.114,0.216,0.200,1.000
3319964,0.0483378,284.289427594747,0.326,0.091,-0.130,0.424,0.578,-0.696,-0.041,0.942,0.212,0.883,0.155,-0.222,-0.768,0.592,-0.114,0.216,0.200,1.000
3319972,0.0397779,284.329205495771,0.326,0.091,-0.130,0.424,0.578,-0.696,-0.041,0.942,0.212,0.883,0.155,-0.222,-0.768,0.592,-0.114,0.216,0.200,1.000
3319982,0.0458338,284.375039295759,0.326,0.091,-0.130,0.424,0.578,-0.696,-0.041,0.942,0.212,0.883,0.155,-0.222,-0.768,0.592,-0.114,0.216,0.200,1.000
3319990,0.0447857,284.419824996497,0.326,0.091,-0.130,0.424,0.578,-0.696,-0.041,0.942,0.212,0.883,0.155,-0.222,-0.768,0.592,-0.114,0.216,0.200,1.000
3319998,0.044121,284.463945997413,0.326,0.091,-0.130,0.424,0.578,-0.696,-0.041,0.942,0.212,0.883,0.155,-0.222,-0.768,0.592,-0.114,0.216,0.200,1.000
3320008,0.0472843,284.511230298784,0.326,0.091,-0.130,0.424,0.578,-0.696,-0.041,0.942,0.212,0.939,0.432,0.026,0.777,-0.278,0.443,0.351,0.830,1.000
3320018,0.0416031,284.552833398338,0.326,0.091,-0.130,0.424,0.578,-0.696,-0.041,0.942,0.212,0.944,0.465,0.044,0.762,-0.224,0.444,0.415,0.929,1.000
3320026,0.0461423,284.598975697067,0.326,0.091,-0.130,0.424,0.578,-0.696,-0.041,0.942,0.212,0.951,0.498,0.063,0.742,-0.157,0.458,0.464,1.000,1.000
3320034,0.0431088,284.64208449563,0.326,0.091,-0.130,0.424,0.578,-0.696,-0.041,0.942,0.212,0.956,0.525,0.072,0.725,-0.111,0.463,0.498,1.000,1.000
3320044,0.0427198,284.684804295655,0.326,0.091,-0.130,0.424,0.578,-0.696,-0.041,0.942,0.212,0.957,0.559,0.078,0.707,-0.059,0.470,0.525,1.000,1.000
3320052,0.0457539,284.730558195617,0.326,0.091,-0.130,0.424,0.578,-0.696,-0.041,0.942,0.212,0.957,0.588,0.089,0.683,-0.022,0.474,0.555,1.000,1.000
3320060,0.0446118,284.775169996079,0.326,0.091,-0.130,0.424,0.578,-0.696,-0.041,0.942,0.212,0.951,0.609,0.092,0.662,0.009,0.480,0.575,1.000,1.000
3320070,0.0414906,284.816660595592,0.326,0.091,-0.130,0.424,0.578,-0.696,-0.041,0.942,0.212,0.946,0.628,0.101,0.651,0.038,0.492,0.576,1.000,1.000
3320080,0.0470844,284.86374499416,0.326,0.091,-0.130,0.424,0.578,-0.696,-0.041,0.942,0.212,0.943,0.642,0.107,0.653,0.069,0.498,0.566,1.000,1.000
3320088,0.0443752,284.908120193984,0.326,0.091,-0.130,0.424,0.578,-0.696,-0.041,0.942,0.212,0.941,0.650,0.107,0.650,0.100,0.499,0.564,1.000,1.000
3320098,0.0455532,284.953673393931,0.326,0.091,-0.130,0.424,0.578,-0.696,-0.041,0.942,0.212,0.942,0.654,0.110,0.646,0.115,0.497,0.569,1.000,1.000
3320106,0.0421981,284.995871493127,0.326,0.091,-0.130,0.424,0.578,-0.696,-0.041,0.942,0.212,0.942,0.658,0.113,0.645,0.120,0.494,0.570,1.000,1.000
3320116,0.0459507,285.041822192725,0.326,0.091,-0.130,0.424,0.578,-0.696,-0.041,0.942,0.212,0.940,0.659,0.116,0.650,0.127,0.491,0.566,1.000,1.000
3320124,0.0437783,285.08560049301,0.326,0.091,-0.130,0.424,0.578,-0.696,-0.041,0.942,0.212,0.940,0.661,0.118,0.652,0.127,0.490,0.565,1.000,1.000
3320132,0.0442011,285.129801591393,0.326,0.091,-0.130,0.424,0.578,-0.696,-0.041,0.942,0.212,0.940,0.663,0.119,0.653,0.128,0.492,0.561,1.000,1.000
3320140,0.0485735,285.178375092801,0.326,0.091,-0.130,0.424,0.578,-0.696,-0.041,0.942,0.212,0.940,0.663,0.119,0.656,0.126,0.493,0.557,1.000,1.000
3320150,0.0395466,285.217921694275,0.326,0.091,-0.130,0.424,0.578,-0.696,-0.041,0.942,0.212,0.941,0.661,0.118,0.658,0.122,0.493,0.556,1.000,1.000
3320160,0.0469092,285.26483089244,0.326,0.091,-0.130,0.424,0.578,-0.696,-0.041,0.942,0.212,0.941,0.662,0.118,0.660,0.119,0.493,0.555,1.000,1.000
3320168,0.0431527,285.30798359355,0.326,0.091,-0.130,0.424,0.578,-0.696,-0.041,0.942,0.212,0.942,0.663,0.117,0.663,0.115,0.493,0.552,1.000,1.000
3320178,0.0448088,285.352792394813,0.326,0.091,-0.130,0.424,0.578,-0.696,-0.041,0.942,0.212,0.943,0.666,0.119,0.664,0.116,0.494,0.549,1.000,1.000
3320186,0.0445336,285.397325993981,0.326,0.091,-0.130,0.424,0.578,-0.696,-0.041,0.942,0.212,0.944,0.671,0.121,0.663,0.110,0.497,0.549,1.000,1.000
3320194,0.0451324,285.442458392587,0.326,0.091,-0.130,0.424,0.578,-0.696,-0.041,0.942,0.212,0.945,0.673,0.121,0.663,0.113,0.496,0.549,1.000,1.000
3320200,0.0437993,285.486257692333,0.326,0.091,-0.130,0.424,0.578,-0.696,-0.041,0.942,0.212,0.946,0.677,0.120,0.663,0.117,0.494,0.550,1.000,1.000
3320208,0.0280793,285.51433699159,0.326,0.091,-0.130,0.424,0.578,-0.696,-0.041,0.942,0.212,0.948,0.681,0.120,0.663,0.120,0.492,0.552,1.000,1.000
3320214,0.0378784,285.552215393167,0.326,0.091,-0.130,0.424,0.578,-0.696,-0.041,0.942,0.212,0.950,0.684,0.119,0.663,0.124,0.491,0.551,1.000,1.000
3320222,0.0328114,285.585026792716,0.326,0.091,-0.130,0.424,0.578,-0.696,-0.041,0.942,0.212,0.951,0.688,0.120,0.663,0.126,0.492,0.551,1.000,1.000
3320228,0.0347447,285.619771491271,0.326,0.091,-0.130,0.424,0.578,-0.696,-0.041,0.942,0.212,0.953,0.691,0.120,0.662,0.127,0.494,0.549,1.000,1.000
3320234,0.0451101,285.664881590288,0.326,0.091,-0.130,0.424,0.578,-0.696,-0.041,0.942,0.212,0.954,0.691,0.120,0.662,0.127,0.495,0.548,1.000,1.000
3320240,0.0240313,285.688912890386,0.326,0.091,-0.130,0.424,0.578,-0.696,-0.041,0.942,0.212,0.955,0.691,0.120,0.661,0.126,0.497,0.548,1.000,1.000
3320248,0.0288972,285.717810090166,0.326,0.091,-0.130,0.424,0.578,-0.696,-0.041,0.942,0.212,0.954,0.691,0.119,0.661,0.125,0.498,0.547,1.000,1.000
3320260,0.0581086,285.775918691885,0.326,0.091,-0.130,0.424,0.578,-0.696,-0.041,0.942,0.212,0.957,0.687,0.119,0.661,0.124,0.498,0.547,1.000,1.000
3320264,0.0414931,285.817411791068,0.326,0.091,-0.130,0.424,0.578,-0.696,-0.041,0.942,0.212,0.958,0.687,0.120,0.660,0.123,0.497,0.549,1.000,1.000
3320272,0.0167266,285.834138391074,0.326,0.091,-0.130,0.424,0.578,-0.696,-0.041,0.942,0.212,0.958,0.686,0.119,0.662,0.119,0.497,0.549,1.000,1.000
3320280,0.0321986,285.866336991545,0.326,0.091,-0.130,0.424,0.578,-0.696,-0.041,0.942,0.212,0.958,0.686,0.119,0.663,0.118,0.497,0.548,1.000,1.000
3320288,0.0626906,285.929027592298,0.326,0.091,-0.130,0.424,0.578,-0.696,-0.041,0.942,0.212,0.959,0.686,0.118,0.663,0.118,0.496,0.548,1.000,1.000
3320294,0.0448641,285.97389169177,0.326,0.091,-0.130,0.424,0.578,-0.696,-0.041,0.942,0.212,0.961,0.685,0.118,0.665,0.120,0.495,0.546,1.000,1.000
3320306,0.0177084,285.991600092035,0.326,0.091,-0.130,0.424,0.578,-0.696,-0.041,0.942,0.212,0.961,0.684,0.118,0.666,0.116,0.494,0.546,1.000,1.000
3320314,0.0663799,286.057979989331,0.326,0.091,-0.130,0.424,0.578,-0.696,-0.041,0.942,0.212,0.962,0.684,0.118,0.668,0.117,0.495,0.544,1.000,1.000
3320324,0.0368771,286.094857088756,0.326,0.091,-0.130,0.424,0.578,-0.696,-0.041,0.942,0.212,0.961,0.683,0.117,0.671,0.116,0.495,0.540,1.000,1.000
3320332,0.0442443,286.13910138933,0.326,0.091,-0.130,0.424,0.578,-0.696,-0.041,0.942,0.212,0.961,0.683,0.117,0.672,0.113,0.498,0.537,1.000,1.000
3320342,0.0363134,286.175414789002,0.326,0.091,-0.130,0.424,0.578,-0.696,-0.041,0.942,0.212,0.961,0.680,0.115,0.670,0.114,0.500,0.537,1.000,1.000
3320350,0.0437178,286.219132590573,0.326,0.091,-0.130,0.424,0.578,-0.696,-0.041,0.942,0.212,0.960,0.677,0.114,0.667,0.110,0.500,0.542,1.000,1.000
3320358,0.0377137,286.256846289616,0.326,0.091,-0.130,0.424,0.578,-0.696,-0.041,0.942,0.212,0.960,0.676,0.116,0.663,0.110,0.501,0.545,1.000,1.000
3320366,0.048801,286.305647290777,0.326,0.091,-0.130,0.424,0.578,-0.696,-0.041,0.942,0.212,0.960,0.674,0.117,0.662,0.107,0.502,0.547,1.000,1.000
3320376,0.0438593,286.34950659005,0.326,0.091,-0.130,0.424,0.578,-0.696,-0.041,0.942,0.212,0.958,0.674,0.118,0.659,0.105,0.503,0.549,1.000,1.000
3320386,0.0386998,286.388206388336,0.326,0.091,-0.130,0.424,0.578,-0.696,-0.041,0.942,0.212,0.959,0.672,0.118,0.658,0.102,0.503,0.551,1.000,1.000
3320394,0.0550399,286.443246289622,0.326,0.091,-0.130,0.424,0.578,-0.696,-0.041,0.942,0.212,0.957,0.673,0.119,0.658,0.103,0.503,0.551,1.000,1.000
3320404,0.0447606,286.488006889354,0.326,0.091,-0.130,0.424,0.578,-0.696,-0.041,0.942,0.212,0.958,0.671,0.121,0.657,0.101,0.503,0.552,1.000,1.000
3320414,0.0503423,286.538349188399,0.326,0.091,-0.130,0.424,0.578,-0.696,-0.041,0.942,0.212,0.957,0.672,0.123,0.658,0.103,0.505,0.549,1.000,1.000
3320424,0.0463642,286.584713387769,0.326,0.091,-0.130,0.424,0.578,-0.696,-0.041,0.942,0.212,0.956,0.671,0.123,0.658,0.104,0.506,0.548,1.000,1.000
3320434,0.046524,286.631237387192,0.326,0.091,-0.130,0.424,0.578,-0.696,-0.041,0.942,0.212,0.956,0.670,0.122,0.659,0.106,0.506,0.547,1.000,1.000
3320444,0.0456964,286.676933787297,0.326,0.091,-0.130,0.424,0.578,-0.696,-0.041,0.942,0.212,0.956,0.670,0.122,0.659,0.107,0.507,0.546,1.000,1.000
3320452,0.052384,286.729317787569,0.326,0.091,-0.130,0.424,0.578,-0.696,-0.041,0.942,0.212,0.956,0.670,0.124,0.658,0.105,0.506,0.547,1.000,1.000
3320462,0.0441408,286.773458588403,0.326,0.091,-0.130,0.424,0.578,-0.696,-0.041,0.942,0.212,0.956,0.669,0.126,0.657,0.103,0.507,0.548,1.000,1.000
3320470,0.0508803,286.824338890146,0.326,0.091,-0.130,0.424,0.578,-0.696,-0.041,0.942,0.212,0.956,0.669,0.127,0.657,0.101,0.507,0.549,1.000,1.000
3320478,0.0380003,286.862339190673,0.326,0.091,-0.130,0.424,0.578,-0.696,-0.041,0.942,0.212,0.956,0.667,0.128,0.657,0.101,0.507,0.549,1.000,1.000
3320486,0.0459226,286.908261790406,0.326,0.091,-0.130,0.424,0.578,-0.696,-0.041,0.942,0.212,0.955,0.666,0.128,0.656,0.100,0.506,0.550,1.000,1.000
3320496,0.0409558,286.949217590969,0.326,0.091,-0.130,0.424,0.578,-0.696,-0.041,0.942,0.212,0.952,0.664,0.127,0.658,0.101,0.505,0.550,1.000,1.000
3320504,0.0384768,286.987694389652,0.326,0.091,-0.130,0.424,0.578,-0.696,-0.041,0.942,0.212,0.952,0.664,0.129,0.661,0.100,0.503,0.548,1.000,1.000
3320514,0.0471976,287.034891988616,0.326,0.091,-0.130,0.424,0.578,-0.696,-0.041,0.942,0.212,0.950,0.663,0.130,0.662,0.098,0.500,0.550,1.000,1.000
3320522,0.0438816,287.078773587476,0.326,0.091,-0.130,0.424,0.578,-0.696,-0.041,0.942,0.212,0.948,0.662,0.130,0.664,0.099,0.498,0.549,1.000,1.000
3320532,0.0487429,287.12751648901,0.326,0.091,-0.130,0.424,0.578,-0.696,-0.041,0.942,0.212,0.947,0.659,0.131,0.668,0.098,0.496,0.547,1.000,1.000
3320540,0.0385014,287.166017889511,0.326,0.091,-0.130,0.424,0.578,-0.696,-0.041,0.942,0.212,0.947,0.660,0.132,0.669,0.098,0.494,0.547,1.000,1.000
3320548,0.0450427,287.211060590576,0.326,0.091,-0.130,0.424,0.578,-0.696,-0.041,0.942,0.212,0.947,0.660,0.133,0.671,0.098,0.493,0.545,1.000,1.000
3320560,0.0433631,287.254423692357,0.326,0.091,-0.130,0.424,0.578,-0.696,-0.041,0.942,0.212,0.944,0.661,0.133,0.674,0.100,0.491,0.542,1.000,1.000
3320568,0.0513232,287.305746893864,0.326,0.091,-0.130,0.424,0.578,-0.696,-0.041,0.942,0.212,0.943,0.661,0.133,0.675,0.103,0.490,0.542,1.000,1.000
3320578,0.043632,287.349378894549,0.326,0.091,-0.130,0.424,0.578,-0.696,-0.041,0.942,0.212,0.943,0.661,0.132,0.676,0.105,0.490,0.540,1.000,1.000
3320586,0.0460279,287.395406793337,0.326,0.091,-0.130,0.424,0.578,-0.696,-0.041,0.942,0.212,0.941,0.659,0.131,0.678,0.105,0.490,0.538,1.000,1.000
3320596,0.0450975,287.440504293423,0.326,0.091,-0.130,0.424,0.578,-0.696,-0.041,0.942,0.212,0.941,0.657,0.130,0.679,0.102,0.490,0.537,1.000,1.000
3320602,0.0464568,287.486961092334,0.326,0.091,-0.130,0.424,0.578,-0.696,-0.041,0.942,0.212,0.943,0.658,0.129,0.680,0.102,0.489,0.537,1.000,1.000
3320608,0.0341123,287.521073393058,0.326,0.091,-0.130,0.424,0.578,-0.696,-0.041,0.942,0.212,0.945,0.658,0.129,0.680,0.102,0.489,0.537,1.000,1.000
3320616,0.0385434,287.559616792481,0.326,0.091,-0.130,0.424,0.578,-0.696,-0.041,0.942,0.212,0.945,0.657,0.128,0.681,0.102,0.490,0.535,1.000,1.000
3320622,0.0304982,287.590114991646,0.326,0.091,-0.130,0.424,0.578,-0.696,-0.041,0.942,0.212,0.945,0.657,0.127,0.682,0.102,0.489,0.533,1.000,1.000
3320630,0.0302731,287.620388092007,0.326,0.091,-0.130,0.424,0.578,-0.696,-0.041,0.942,0.212,0.945,0.657,0.126,0.684,0.104,0.489,0.532,1.000,1.000
3320634,0.0488194,287.669207492378,0.326,0.091,-0.130,0.424,0.578,-0.696,-0.041,0.942,0.212,0.945,0.656,0.125,0.685,0.