F,DT,T,LeapPos_X,LeapPos_Y,LeapPos_Z,LeapRot_X,LeapRot_Y,LeapRot_Z,LeapRot_W,Grab,Pinch,cmdPos_X,cmdPos_Y,cmdPos_Z,cmdRot_X,cmdRot_Y,cmdRot_Z,cmdRot_W
102922,0.0241128,0.0241128001362085,1.092726,0.1592068,-0.3430278,0.559439,-0.3125222,0.7293752,0.2395197,0.12258642911911,0,0.3722222,0.1442251,0.1733562,0.9848975,-0.04041696,0.1648415,-0.03421441
102924,0.016667,0.0407797992229462,1.091814,0.1597043,-0.3427562,-0.5607769,0.3114879,-0.7298836,-0.236166,0.113291993737221,0,0.3730278,0.1427256,0.1742069,0.9838771,-0.04061736,0.1692742,-0.04101779
102928,0.0166675,0.0574472993612289,1.089973,0.160484,-0.3434175,0.5629482,-0.3104828,0.7301131,0.2315701,0.102651029825211,0,0.3727562,0.1418141,0.1747043,0.983511,-0.0410606,0.1703864,-0.04459532
102932,0.0166663,0.0741135999560356,1.088767,0.1608803,-0.3432803,-0.5625938,0.3106224,-0.731304,-0.2284653,0.0869938731193542,0,0.3734174,0.139973,0.175484,0.9828904,-0.04200781,0.1724523,-0.04921584
102938,0.0166669,0.0907805003225803,1.085899,0.1615197,-0.3437958,-0.5602208,0.3111855,-0.7350317,-0.2214603,0.08194899559021,0,0.3732803,0.1387669,0.1758803,0.9826087,-0.04045219,0.1736317,-0.05192013
102940,0.0244176,0.115198099985719,1.085383,0.1621978,-0.3445895,0.5609972,-0.311289,0.735667,0.2171987,0.0860302150249481,0,0.3737957,0.1358992,0.1765197,0.9821071,-0.035137,0.1757145,-0.0579262
102942,0.0166679,0.131866000592709,1.085338,0.1616416,-0.3443344,0.5590294,-0.3112606,0.7378787,0.2147974,0.0828301087021828,0,0.3745894,0.135383,0.1771977,0.981509,-0.03448888,0.1779198,-0.06160549
102946,0.0166668,0.148532800376415,1.083815,0.1617689,-0.3446905,-0.5589401,0.3125058,-0.7380151,-0.2127437,0.0788825526833534,0,0.3743343,0.1353381,0.1766416,0.981481,-0.03140301,0.1778568,-0.06384224
102950,0.0166878,0.165220599621534,1.082971,0.1626423,-0.3452203,0.5594895,-0.3120206,0.7396941,0.2060759,0.0696744173765183,0,0.3746905,0.1338146,0.1767689,0.981102,-0.03039143,0.1797317,-0.06489725
102954,0.0166478,0.181868400424719,1.081617,0.1627742,-0.3457457,0.559046,-0.3147985,0.7392426,0.2046702,0.0640886798501015,0,0.3752203,0.1329713,0.1776423,0.9802516,-0.02876091,0.1822955,-0.07105029
102956,0.0166736,0.198542000725865,1.081838,0.1628199,-0.3458365,0.5591189,-0.3140987,0.7390275,0.2063166,0.0592957623302937,0,0.3757457,0.1316172,0.1777742,0.9798039,-0.02735425,0.1850724,-0.07059998
102960,0.0166604,0.215202400460839,1.079555,0.1626431,-0.345421,-0.5597222,0.3127802,-0.7407496,-0.2004238,0.0553578436374664,0,0.3758364,0.1318375,0.1778199,0.98009,-0.02811188,0.1838265,-0.06957833
102964,0.0172756,0.232478000223637,1.079147,0.1627656,-0.3441619,-0.560053,0.3077016,-0.7437169,-0.1963303,0.0500932261347771,0,0.3754209,0.1295547,0.1776431,0.9793872,-0.02696094,0.1853846,-0.07554046
102968,0.0175006,0.24997860006988,1.078317,0.1626758,-0.3430349,-0.560086,0.3062874,-0.7447582,-0.1944912,0.0341546721756458,0,0.3741619,0.1291474,0.1777656,0.9793432,-0.02671125,0.1827914,-0.08222429
102970,0.0166689,0.266647500917315,1.078502,0.1626217,-0.3427429,0.5602092,-0.3055625,0.7449142,0.1946795,0.0288987047970295,0,0.3730349,0.1283174,0.1776758,0.9792287,-0.02634338,0.1823289,-0.08469529
102974,0.0166671,0.283314600586891,1.078263,0.1625467,-0.342213,0.5610017,-0.3032419,0.7454628,0.1939247,0.0186026319861412,0,0.3727429,0.1285018,0.1776217,0.9793169,-0.02665968,0.181682,-0.08496748
102978,0.0166671,0.299981700256467,1.077952,0.1625304,-0.341666,-0.5615759,0.297899,-0.747647,-0.1921265,0.018010338768363,0,0.372213,0.1282626,0.1775467,0.9793518,-0.02766713,0.1803734,-0.08700596
102982,0.0166665,0.316648200154305,1.077613,0.1626249,-0.3417575,-0.5603896,0.2991961,-0.7475917,-0.1937834,0.0153312440961599,0,0.371666,0.1279516,0.1775305,0.9795486,-0.02856355,0.1767546,-0.09179574
102984,0.0166668,0.333314999938011,1.077404,0.1625847,-0.3416592,0.5600661,-0.2977169,0.7483802,0.193953,0.0148709984496236,0,0.3717575,0.1276128,0.1776249,0.9798077,-0.0275682,0.1765959,-0.08961502
102988,0.0166664,0.349981399253011,1.076719,0.1623696,-0.3415357,0.5598116,-0.2987981,0.7475841,0.1960836,0.0161357466131449,0,0.3716591,0.127404,0.1775847,0.9800127,-0.02749705,0.1750744,-0.09037769
102992,0.0175491,0.36753049865365,1.076049,0.1623957,-0.3410284,-0.560379,0.2959504,-0.7484435,-0.1955023,0.0196070149540901,0,0.3715356,0.1267187,0.1773696,0.9802448,-0.02775571,0.1750096,-0.08787119
102996,0.0166677,0.384198198094964,1.075589,0.1622004,-0.3405303,0.5606895,-0.2949008,0.7488705,0.1945608,0.0226676166057587,0,0.3710284,0.1260495,0.1773957,0.9803642,-0.02866235,0.1730615,-0.0900794
102998,0.0178292,0.402027398347855,1.0752,0.1623766,-0.3405701,-0.5605971,0.2942718,-0.749126,-0.1947958,0.0279296338558197,0,0.3705302,0.1255891,0.1772005,0.9802892,-0.02886682,0.1726946,-0.0915233
103002,0.0166681,0.418695498257875,1.074678,0.1626837,-0.3413149,0.559233,-0.298007,0.747879,0.1978064,0.0317431353032589,0,0.37057,0.1251997,0.1773766,0.9803915,-0.02894448,0.1720045,-0.09170199
103006,0.0188099,0.437505397945642,1.074037,0.1633057,-0.3416957,-0.5586298,0.2970774,-0.7484189,-0.1988642,0.0381290130317211,0,0.3713149,0.1246782,0.1776836,0.9806328,-0.02781283,0.1733195,-0.08686846
103008,0.0187182,0.456223597750068,1.073477,0.1639702,-0.3419143,-0.557155,0.2980774,-0.7485124,-0.2011401,0.0446552038192749,0,0.3716956,0.1240367,0.1783057,0.98094,-0.02764015,0.1717702,-0.08653125
103014,0.0166668,0.472890397533774,1.073048,0.1645597,-0.3423903,-0.5564601,0.2993216,-0.7478029,-0.2038372,0.0482033416628838,0,0.3719142,0.1234766,0.1789702,0.9813318,-0.02658676,0.1709569,-0.08399379
103016,0.0172203,0.490110697224736,1.072652,0.1649061,-0.3419998,-0.5545401,0.3009463,-0.7478296,-0.2065614,0.0576787926256657,0,0.3723903,0.1230475,0.1795597,0.9816581,-0.02652609,0.1705832,-0.08090202
103020,0.0166667,0.506777396425605,1.072048,0.1653681,-0.3422204,0.5512882,-0.3037279,0.7482895,0.2095078,0.076399177312851,0,0.3719998,0.122652,0.1799061,0.9820805,-0.02503508,0.1699095,-0.07760163
103024,0.018961,0.525738395750523,1.072238,0.165165,-0.3413631,-0.549182,0.2998165,-0.7513817,-0.2096061,0.082712709903717,0,0.3722204,0.1220483,0.1803681,0.9825476,-0.02194412,0.1694814,-0.07344837
103028,0.0166677,0.542406095191836,1.071402,0.165648,-0.3413007,-0.546156,0.3027191,-0.7512822,-0.2136584,0.0990070924162865,0,0.371363,0.1222381,0.180165,0.9831722,-0.02022951,0.1649691,-0.07581811
103030,0.0195872,0.561993295326829,1.071138,0.1657368,-0.3415076,0.5445312,-0.3048138,0.7510681,0.2155715,0.111279830336571,0,0.3713007,0.1214024,0.180648,0.9837173,-0.01777472,0.1643187,-0.07059634
103034,0.0166683,0.578661594539881,1.070705,0.1663831,-0.3419856,-0.5417494,0.3062219,-0.7518386,-0.2178868,0.114892743527889,0,0.3715075,0.1211384,0.1807368,0.983909,-0.01628826,0.164547,-0.06769205
103038,0.0185738,0.597235394641757,1.070287,0.1668774,-0.3418435,0.5403389,-0.30611,0.7527762,0.2183083,0.121746681630611,0,0.3719856,0.1207054,0.1813831,0.9843221,-0.01376102,0.1634341,-0.06488497
103042,0.0166681,0.613903494551778,1.069859,0.1677006,-0.3424492,-0.5377206,0.3100841,-0.7521733,-0.2212235,0.135757312178612,0,0.3718435,0.1202872,0.1818774,0.9845197,-0.01234812,0.162456,-0.06462728
103044,0.0167845,0.630687994882464,1.070099,0.1679872,-0.3427838,-0.5365674,0.3119833,-0.7516317,-0.2231853,0.131828978657722,0,0.3724492,0.1198586,0.1827006,0.9846978,-0.009828961,0.1634273,-0.05970884
103048,0.0166677,0.647355694323778,1.069375,0.1682806,-0.3429022,-0.5344679,0.3150473,-0.7508875,-0.2264008,0.131382212042809,0,0.3727838,0.1200992,0.1829873,0.9848279,-0.008943779,0.1637147,-0.05684617
103050,0.0196246,0.666980294510722,1.069384,0.1681987,-0.3430672,0.5325099,-0.317222,0.750706,0.2285696,0.144007414579391,0,0.3729022,0.1193748,0.1832806,0.9850451,-0.007278635,0.1640436,-0.0521812
103056,0.0166683,0.683648593723774,1.068871,0.1681374,-0.3427634,-0.5304021,0.3183038,-0.7518134,-0.2283264,0.146856412291527,0,0.3730671,0.1193838,0.1831987,0.9852127,-0.005543617,0.1640923,-0.04897828
103058,0.0181761,0.701824693009257,1.068814,0.1680032,-0.3426471,0.5305094,-0.3178078,0.7519697,0.2282535,0.159545764327049,0,0.3727633,0.1188706,0.1831374,0.985245,-0.002946086,0.1640808,-0.04859123
103062,0.0166683,0.718492992222309,1.068428,0.1678304,-0.3422543,-0.5279132,0.318001,-0.7536531,-0.2284516,0.163706049323082,0,0.3726471,0.1188142,0.1830031,0.9852847,-0.003113553,0.1637298,-0.04895778
103064,0.016936,0.735428992658854,1.068298,0.1677704,-0.3421588,0.5267705,-0.3187492,0.7538424,0.2294198,0.181626409292221,0,0.3722543,0.1184277,0.1828304,0.9855008,-0.0002684688,0.1625213,-0.04873488
103068,0.0166689,0.752097893506289,1.067716,0.1677346,-0.342379,-0.5236242,0.3214923,-0.7546219,-0.2302306,0.194902554154396,0,0.3721588,0.1182978,0.1827703,0.9856136,0.0007653736,0.1622167,-0.0474448
103074,0.0173689,0.769466793164611,1.067372,0.1675762,-0.3424409,-0.521094,0.3208865,-0.7569402,-0.2292041,0.217287570238113,0,0.372379,0.1177159,0.1827346,0.9856299,0.004372312,0.1627242,-0.04511661
103076,0.0204234,0.789890192449093,1.067367,0.1675064,-0.3422418,0.5186524,-0.3211907,0.758574,0.2289145,0.236589953303337,0,0.3724408,0.1173721,0.1825762,0.9857752,0.007450039,0.1613476,-0.04646137
103080,0.0166679,0.806558093056083,1.067436,0.1671322,-0.3424361,-0.5162071,0.3248899,-0.7585678,-0.2292416,0.247947752475739,0,0.3722417,0.1173674,0.1825064,0.9858791,0.01029501,0.1605186,-0.04658479
103082,0.0166671,0.823225192725658,1.067571,0.1668984,-0.3428719,0.5143033,-0.3280002,0.7581605,0.2304358,0.252354949712753,0,0.372436,0.1174361,0.1821322,0.9856466,0.01342265,0.1624152,-0.04406748
103086,0.0166669,0.839892093092203,1.068624,0.1662007,-0.3429952,-0.5132343,0.3289563,-0.7584987,-0.2303436,0.255364686250687,0.00948989298194647,0.3728718,0.1175706,0.1818984,0.9855267,0.015546,0.1637202,-0.04112399
103088,0.0166668,0.85655889287591,1.069111,0.1658267,-0.3428647,0.5113713,-0.3299482,0.7593325,0.230321,0.270314931869507,0.00496470322832465,0.3729951,0.1186242,0.1812007,0.9854671,0.01689389,0.1640674,-0.04063519
103092,0.0166671,0.873225992545486,1.069298,0.1658538,-0.3433296,-0.5105141,0.3313839,-0.7591553,-0.2307452,0.272028923034668,0.00530726555734873,0.3728647,0.1191108,0.1808267,0.9854566,0.01909293,0.1640268,-0.04007533
103096,0.0166674,0.88989339210093,1.069377,0.1659921,-0.3435853,0.5098572,-0.3322167,0.7593104,0.2304898,0.2760009765625,0.0273110177367926,0.3733296,0.1192984,0.1808538,0.9853756,0.02008862,0.1646938,-0.03882455
103098,0.0166656,0.906558992341161,1.06941,0.1660318,-0.3439334,-0.5084442,0.3352311,-0.7585404,-0.231778,0.27926504611969,0.0423138700425625,0.3735853,0.1193774,0.1809921,0.9852817,0.02102061,0.1652036,-0.03854702
103104,0.0166677,0.923226691782475,1.069447,0.1658942,-0.3441857,0.5065632,-0.3385507,0.7579563,0.2329795,0.277196139097214,0.0711096823215485,0.3739333,0.1194102,0.1810318,0.985119,0.02253624,0.1666387,-0.03555492
103106,0.0187096,0.941936291754246,1.069397,0.1659843,-0.3443989,0.5034497,-0.3470224,0.7555639,0.2350259,0.279189765453339,0.105797119438648,0.3741856,0.1194468,0.1808942,0.9849191,0.02463024,0.1681505,-0.03245136
103110,0.016667,0.958603290840983,1.069168,0.1658356,-0.3445092,-0.4999688,0.3550917,-0.7535614,-0.2368256,0.279616236686707,0.160042956471443,0.3743989,0.1193975,0.1809843,0.9841366,0.02845232,0.173267,-0.02538197
103114,0.0166671,0.975270390510559,1.068863,0.1659565,-0.3446935,-0.4980468,0.3596238,-0.7527729,-0.2365443,0.291082441806793,0.203709825873375,0.3745092,0.119168,0.1808356,0.9833149,0.03265808,0.1779715,-0.01874999
103116,0.0171538,0.992424190044403,1.06887,0.1659264,-0.3448131,-0.4976925,0.367032,-0.7494047,-0.2366058,0.294341415166855,0.211257964372635,0.3746935,0.1188628,0.1809566,0.9826829,0.0354314,0.1811563,-0.01616134
103120,0.0171573,1.00958148948848,1.069321,0.1658257,-0.3442155,0.4976219,-0.3655632,0.7501087,0.2367974,0.309067130088806,0.223732173442841,0.3748131,0.11887,0.1809264,0.9815055,0.03669612,0.187538,-0.01140275
103124,0.0187514,1.02833288908005,1.069619,0.1657694,-0.3439649,0.4972691,-0.3672322,0.7494335,0.2370938,0.317855358123779,0.202243864536285,0.3742154,0.1193212,0.1808257,0.9817722,0.03652845,0.1861207,-0.01216866
103128,0.0166674,1.04500028863549,1.070141,0.1663809,-0.3439555,0.4977566,-0.3711644,0.7466974,0.2385757,0.317855358123779,0.202243864536285,0.3739649,0.1196187,0.1807694,0.9815431,0.03700515,0.1873134,-0.01084521
103130,0.0266204,1.07162068784237,1.07097,0.1663882,-0.3435725,-0.49889,0.3718997,-0.745347,-0.2392847,0.324201017618179,0.204084262251854,0.3739555,0.1201413,0.1813809,0.9809946,0.03638997,0.1904636,-0.007000882
103136,0.0166682,1.08828888833523,1.071047,0.1667651,-0.3429033,0.4989823,-0.3762142,0.7422006,0.2421115,0.324690043926239,0.189952611923218,0.3735725,0.1209703,0.1813881,0.9808723,0.0349727,0.1913948,-0.005877916
103138,0.0166668,1.10495568811893,1.071333,0.1671045,-0.3425309,0.4989044,-0.3762776,0.7417665,0.2434998,0.32595083117485,0.197137027978897,0.3729032,0.1210472,0.1817651,0.9803678,0.03431679,0.1941674,-0.0005730052
103142,0.016671,1.12162668816745,1.071894,0.1673592,-0.3418351,0.4996961,-0.3755422,0.7412614,0.2445475,0.326219171285629,0.207330137491226,0.3725309,0.1213327,0.1821045,0.9804876,0.03389605,0.193635,0.0007120746
103144,0.0166637,1.13829038850963,1.072168,0.168034,-0.3413633,0.5001032,-0.3748407,0.7413334,0.244573,0.319774001836777,0.225861757993698,0.3718351,0.1218939,0.1823592,0.9806668,0.03255713,0.1929538,0.001193057
103148,0.0166671,1.15495748817921,1.072766,0.1684332,-0.3409023,0.5034765,-0.3705336,0.7400894,0.2479599,0.312623590230942,0.232367143034935,0.3713632,0.1221685,0.183034,0.9807705,0.03202252,0.1925182,0.0007718415
103150,0.0166695,1.17162698879838,1.073008,0.1684809,-0.3403919,-0.504981,0.3681382,-0.7394401,-0.2503937,0.296174973249435,0.245246440172195,0.3709022,0.1227663,0.1834332,0.9816164,0.02656726,0.1890029,0.001113384
103156,0.0166654,1.18829238787293,1.073471,0.1689412,-0.3408326,0.5064061,-0.3683918,0.7366945,0.2551897,0.293720752000809,0.260982424020767,0.3703918,0.1230076,0.1834809,0.9821379,0.02372521,0.1866523,0.001799984
103158,0.0166687,1.20496108755469,1.073535,0.1691302,-0.3409476,-0.5079831,0.3682372,-0.7345567,-0.2584203,0.280692756175995,0.26988497376442,0.3708326,0.1234707,0.1839412,0.9823751,0.02037423,0.1856995,0.00632127
103162,0.0166687,1.22162978723645,1.074002,0.1691267,-0.3410203,-0.5070649,0.3699083,-0.7323373,-0.2640742,0.276306569576263,0.274500072002411,0.3709476,0.1235351,0.1841302,0.9825268,0.01738571,0.1850796,0.009181283
103164,0.0166622,1.23829198814929,1.073815,0.1692605,-0.341068,-0.5073626,0.3693895,-0.7313556,-0.2669337,0.274241030216217,0.259550422430038,0.3710203,0.1240018,0.1841267,0.9826862,0.01642335,0.1839078,0.01536223
103170,0.0166689,1.25496088899672,1.07448,0.1688428,-0.3405322,-0.5084215,0.3675776,-0.7297757,-0.2717015,0.274480104446411,0.251981228590012,0.371068,0.1238149,0.1842605,0.9829378,0.01493128,0.182481,0.01763658
103172,0.0166649,1.27162578888237,1.074277,0.1687675,-0.3410459,-0.5067857,0.3712757,-0.727763,-0.2751067,0.280924171209335,0.247269958257675,0.3705321,0.1244801,0.1838428,0.9834597,0.01170027,0.1795433,0.0208445
103178,0.0166672,1.28829298913479,1.073892,0.1683397,-0.3412869,0.5078233,-0.3716627,0.7257547,0.2779613,0.282462745904922,0.238520696759224,0.3710459,0.1242773,0.1837675,0.9831031,0.0125885,0.1807163,0.02629484
103180,0.0211256,1.30941858887672,1.073492,0.1687269,-0.3414201,0.5086024,-0.3707136,0.7259579,0.2772728,0.282753318548203,0.225185140967369,0.3712868,0.1238921,0.1833397,0.9830909,0.01035278,0.180481,0.02918522
103182,0.0166671,1.3260856885463,1.073106,0.1688797,-0.3415263,0.5092413,-0.3699873,0.7258683,0.2773049,0.285100400447845,0.227975651621819,0.37142,0.1234924,0.1837269,0.9831693,0.009656758,0.1802861,0.02796279
103186,0.0166693,1.3427549879998,1.072801,0.1684718,-0.341182,-0.5094683,0.3692258,-0.725961,-0.27766,0.288669526576996,0.228656098246574,0.3715263,0.1231057,0.1838797,0.9832515,0.008854984,0.1799435,0.02754117
103190,0.0166657,1.35942068882287,1.07265,0.1685619,-0.3409831,-0.5093437,0.3688593,-0.7263132,-0.2774544,0.295068353414536,0.231540992856026,0.371182,0.1228009,0.1834718,0.9833886,0.008378796,0.1792399,0.02738195
103192,0.0166668,1.37608748860657,1.072022,0.1683046,-0.3408803,-0.5092459,0.3693741,-0.7260402,-0.2776637,0.299424916505814,0.233464360237122,0.370983,0.1226497,0.1835619,0.9834554,0.008558275,0.1789292,0.02695418
103196,0.0166668,1.39275428839028,1.071693,0.1675642,-0.3406095,-0.5095401,0.3703963,-0.7257299,-0.2765714,0.305138319730759,0.233264788985252,0.3708803,0.122022,0.1833046,0.9833801,0.008640856,0.1792598,0.02747487
103200,0.0166662,1.40942048840225,1.07121,0.1674617,-0.3404601,-0.5091762,0.3706896,-0.7261454,-0.2757567,0.300782054662704,0.227085992693901,0.3706095,0.1216931,0.1825642,0.9831164,0.008857236,0.1807406,0.0271409
103204,0.0166675,1.42608798854053,1.070536,0.1665921,-0.3402343,0.5084496,-0.371407,0.7263616,0.2755626,0.299499005079269,0.22390142083168,0.37046,0.1212098,0.1824617,0.9830522,0.009615078,0.1811348,0.02657431
103208,0.0218857,1.44797368906438,1.070555,0.1669062,-0.3400021,0.5084884,-0.3706362,0.7269241,0.275045,0.299332469701767,0.224324300885201,0.3702343,0.1205363,0.1815921,0.9829699,0.01057681,0.1814881,0.0268398
103210,0.0167706,1.46474428847432,1.07073,0.1671317,-0.3399513,0.5083684,-0.3701979,0.7273085,0.2748408,0.30004146695137,0.224661469459534,0.3700021,0.120555,0.1819062,0.9830818,0.01065354,0.1810178,0.0258702
103214,0.0166751,1.48141938820481,1.07065,0.1674025,-0.339924,0.5079026,-0.369538,0.7282476,0.2741024,0.299898892641068,0.231158003211021,0.3699512,0.1207297,0.1821317,0.9831609,0.01081913,0.1806449,0.02539771
103218,0.0166609,1.49808028899133,1.070665,0.167484,-0.3398705,-0.5081874,0.3683659,-0.7287115,-0.2739192,0.302174359560013,0.237835273146629,0.369924,0.1206496,0.1824025,0.9832792,0.01155377,0.1801076,0.02428534
103222,0.0166669,1.51474718935788,1.070931,0.1677827,-0.3399246,-0.5081566,0.3667291,-0.7298322,-0.2731881,0.306043237447739,0.236370369791985,0.3698705,0.1206654,0.182484,0.9834581,0.01117975,0.1792735,0.02337092
103224,0.020595,1.53534218855202,1.071295,0.1678176,-0.3399957,-0.5080079,0.3666962,-0.7300205,-0.2730053,0.30606883764267,0.232562154531479,0.3699246,0.1209312,0.1827827,0.9837129,0.01131716,0.1780794,0.02165021
103228,0.0166682,1.55201038904488,1.071601,0.1678966,-0.3403419,0.5077288,-0.3673422,0.7298201,0.273192,0.306083887815475,0.231857821345329,0.3699957,0.1212946,0.1828176,0.9837203,0.01154982,0.1780466,0.02145845
103232,0.0166661,1.56867648847401,1.071786,0.1679142,-0.3408051,-0.5080868,0.367387,-0.7295358,-0.2732256,0.305666387081146,0.227555811405182,0.3703419,0.1216014,0.1828966,0.9836377,0.01185881,0.1784119,0.02203684
103236,0.0166677,1.58534418791533,1.071757,0.1681896,-0.3408816,-0.5086297,0.3681968,-0.7288223,-0.2730294,0.305174052715302,0.226456195116043,0.370805,0.1217859,0.1829142,0.9836037,0.01145385,0.1786172,0.02210529
103238,0.0179125,1.60325668752193,1.072016,0.1686118,-0.3412654,0.5091873,-0.3682194,0.7288879,0.2717813,0.304232209920883,0.22190548479557,0.3708816,0.1217573,0.1831896,0.9834057,0.01101899,0.1796867,0.02246047
103242,0.0166679,1.61992458812892,1.071955,0.1689945,-0.3415515,-0.5092534,0.368536,-0.7285027,-0.2722612,0.302944004535675,0.220611348748207,0.3712653,0.1220157,0.1836118,0.9832889,0.01089115,0.1804674,0.0213496
103246,0.0177265,1.63765108771622,1.072166,0.1692085,-0.3420111,0.5101093,-0.3685995,0.7277507,0.2725837,0.302678436040878,0.219953164458275,0.3715514,0.121955,0.1839945,0.9832534,0.01066542,0.1805975,0.02199314
103250,0.0166679,1.65431898832321,1.071933,0.1694863,-0.3419597,-0.5103361,0.3683605,-0.7279762,-0.2718792,0.302475661039352,0.217286631464958,0.3720111,0.1221657,0.1842085,0.9831902,0.0095955,0.1809569,0.02235135
103252,0.0179008,1.67221978865564,1.071865,0.1694001,-0.3419467,0.5108424,-0.3689719,0.7270843,0.2724852,0.302280902862549,0.210852980613709,0.3719597,0.1219327,0.1844863,0.9831762,0.00959279,0.1811289,0.02156022
103258,0.0166679,1.68888768926263,1.071186,0.1700464,-0.3420009,-0.5115448,0.3689626,-0.7268279,-0.2718636,0.30119976401329,0.211470797657967,0.3719466,0.1218653,0.1844001,0.9830573,0.008860527,0.181694,0.02252112
103260,0.0209914,1.70987908914685,1.070901,0.1702104,-0.3420461,0.511717,-0.3696575,0.7261736,0.2723434,0.299395829439163,0.213066458702087,0.3720008,0.1211864,0.1850464,0.9829666,0.008321862,0.1822768,0.02196664
103264,0.0166668,1.72654588893056,1.07067,0.1701211,-0.3418553,0.5115007,-0.3695192,0.7265027,0.2720596,0.299419611692429,0.219122260808945,0.3720461,0.1209012,0.1852104,0.9828519,0.008018722,0.1827986,0.02285747
103268,0.0166744,1.74322028830647,1.070501,0.1698256,-0.3416027,0.511938,-0.3708975,0.7258476,0.2711086,0.299870431423187,0.220986947417259,0.3718552,0.1206699,0.1851211,0.98288,0.008355452,0.1826764,0.02250297
103270,0.0193643,1.7625845875591,1.070395,0.16955,-0.3412999,0.5117597,-0.3706684,0.7261775,0.2708751,0.296418845653534,0.218805313110352,0.3716027,0.1205009,0.1848256,0.9825393,0.008391701,0.1844947,0.0225351
103274,0.0166675,1.77925208769739,1.070011,0.169329,-0.3413953,0.5114146,-0.3721693,0.725877,0.2702736,0.294901669025421,0.217587634921074,0.3712998,0.1203945,0.18455,0.9825836,0.008656554,0.1842909,0.02216903
103278,0.0187744,1.79802648723125,1.070143,0.1689077,-0.3412493,-0.5113547,0.372535,-0.7259918,-0.2695738,0.294908553361893,0.234242811799049,0.3713952,0.1200106,0.184329,0.982303,0.009438395,0.1856931,0.02257857
103282,0.0166685,1.81469498760998,1.070722,0.1679655,-0.3408959,-0.5109321,0.3725816,-0.7267433,-0.2682827,0.294038593769073,0.235386878252029,0.3712493,0.1201432,0.1839077,0.982201,0.009817785,0.186261,0.02217446
103284,0.0197319,1.83442688733339,1.071298,0.1674166,-0.3404917,0.5114506,-0.3711981,0.7277901,0.2663679,0.293274939060211,0.2336335927248,0.3708959,0.1207218,0.1829655,0.9821535,0.01079617,0.1865912,0.02101521
103288,0.0176042,1.85203108750284,1.071615,0.1670157,-0.34001,0.5115484,-0.3706258,0.7282063,0.2658391,0.295112043619156,0.231271266937256,0.3704917,0.1212981,0.1824166,0.9822506,0.01081321,0.1863558,0.01839219
103292,0.0166663,1.86869738809764,1.071933,0.166598,-0.3395973,0.5114502,-0.3701946,0.7286603,0.2653844,0.29893034696579,0.225533246994019,0.37001,0.1216149,0.1820157,0.9823146,0.01084687,0.1860985,0.01754446
103296,0.0166677,1.88536508753896,1.072061,0.1666144,-0.3396106,-0.5117416,0.3702535,-0.7285368,-0.2650795,0.299418777227402,0.219718366861343,0.3695973,0.1219328,0.181598,0.9823729,0.01108472,0.1858408,0.01685023
103298,0.0168686,1.90223368816078,1.072204,0.1662197,-0.3393841,0.5116633,-0.370218,0.7285696,0.2651896,0.301295161247253,0.219141036272049,0.3696106,0.1220614,0.1816144,0.9823191,0.01088517,0.1861575,0.01661868
103302,0.0166676,1.9189012888819,1.072429,0.1661371,-0.3395819,-0.5121576,0.3700532,-0.7285131,-0.2646205,0.301417022943497,0.21878108382225,0.3693841,0.1222044,0.1812197,0.9823388,0.01092572,0.1860439,0.0166939
103304,0.0182331,1.93713438883424,1.072501,0.1659194,-0.3393837,0.5121396,-0.3694241,0.7288535,0.2645969,0.299766182899475,0.215676367282867,0.3695818,0.1224292,0.1811371,0.9822921,0.01057814,0.1863647,0.01608353
103310,0.0166684,1.95380278863013,1.072435,0.1657845,-0.3393617,0.5125847,-0.3693388,0.7286744,0.2643472,0.299978077411652,0.215040311217308,0.3693837,0.1225006,0.1809194,0.9824058,0.01053779,0.185803,0.01565664
103312,0.0188722,1.9726749882102,1.072702,0.165802,-0.3392353,0.5132308,-0.3692462,0.7282727,0.2643298,0.300928175449371,0.214890584349632,0.3693616,0.1224349,0.1807845,0.9823682,0.01012982,0.1860463,0.01538688
103316,0.0166677,1.98934268765152,1.072934,0.1658875,-0.3391232,-0.5133674,0.3686679,-0.7285735,-0.2640431,0.302042216062546,0.217495918273926,0.3692353,0.1227024,0.180802,0.9823295,0.009407468,0.1862935,0.01532955
103322,0.0189782,2.00832088850439,1.073315,0.1659614,-0.3390459,-0.5140039,0.3679803,-0.7284737,-0.2640389,0.301840096712112,0.214938461780548,0.3691232,0.1229343,0.1808875,0.9824039,0.009302157,0.1859568,0.0147005
103324,0.021183,2.02950388938189,1.07367,0.1659572,-0.3391723,0.5141962,-0.3679888,0.7282646,0.2642294,0.301441758871078,0.215473100543022,0.3690459,0.1233152,0.1809614,0.9824729,0.008518702,0.185663,0.01427259
103328,0.0166681,2.04617198929191,1.073907,0.166105,-0.3393048,0.5152771,-0.3673026,0.7280149,0.2637661,0.300898522138596,0.216180309653282,0.3691723,0.12367,0.1809572,0.9824671,0.008232076,0.1856928,0.01445676
103330,0.0173276,2.06349958851933,1.074127,0.1660506,-0.339357,-0.5155376,0.3675744,-0.727571,-0.2641032,0.295761615037918,0.212842240929604,0.3693048,0.123907,0.181105,0.9824669,0.007130397,0.1858016,0.01362567
103334,0.0166684,2.08016798831522,1.07394,0.1660352,-0.3396883,0.5159851,-0.3685169,0.7264994,0.2648649,0.295008361339569,0.213777333498001,0.369357,0.1241269,0.1810506,0.982417,0.006740314,0.1860436,0.01411467
103338,0.0169832,2.09715118817985,1.073905,0.1660647,-0.3401881,-0.516451,0.3688239,-0.7258579,-0.2652881,0.295337110757828,0.216809242963791,0.3696883,0.1239398,0.1810352,0.9822556,0.006051267,0.1868137,0.01542745
103342,0.0241814,2.12133258767426,1.073651,0.1662201,-0.3406242,-0.5163739,0.3700871,-0.7251811,-0.2655299,0.294960588216782,0.220501840114594,0.370188,0.1239045,0.1810647,0.9821844,0.00540145,0.1871572,0.01602451
103344,0.0166674,2.1379999872297,1.073549,0.1661972,-0.3404486,0.5165569,-0.3696213,0.7250326,0.2662269,0.294868350028992,0.226483091711998,0.3706242,0.1236514,0.1812201,0.981976,0.005532281,0.1881537,0.01705631
103348,0.0166681,2.15466808713973,1.073419,0.1657502,-0.3401753,-0.515786,0.3706285,-0.7248297,-0.266873,0.294114410877228,0.231429845094681,0.3704486,0.1235487,0.1811972,0.9820865,0.005006478,0.1875588,0.01739656
103350,0.0166691,2.17133718729019,1.073446,0.1656558,-0.3399034,0.5147826,-0.3711396,0.7251878,0.2671273,0.292244076728821,0.238636314868927,0.3701753,0.1234191,0.1807502,0.9820101,0.00572572,0.1878219,0.01861107
103354,0.016667,2.18800418637693,1.073328,0.1652489,-0.3399087,-0.5147884,0.3705734,-0.7254887,-0.2670852,0.291783273220062,0.24596332013607,0.3699033,0.1234457,0.1806558,0.9820207,0.00680169,0.1876772,0.01914221
103358,0.0166682,2.20467238686979,1.073192,0.1656014,-0.3396724,-0.5145205,0.3709193,-0.7257731,-0.2663473,0.285207748413086,0.250282675027847,0.3699087,0.123328,0.1802489,0.9821218,0.006750087,0.18719,0.01873869
103362,0.0166636,2.22133598662913,1.073214,0.1652439,-0.3395992,-0.5144266,0.370023,-0.726449,-0.2659326,0.282002240419388,0.254043877124786,0.3696724,0.1231917,0.1806014,0.982038,0.007373006,0.1876512,0.01828155
103364,0.0166693,2.23800528608263,1.073223,0.1653233,-0.3390353,-0.5139831,0.3686712,-0.7276202,-0.2654651,0.279951870441437,0.280401170253754,0.3695991,0.1232141,0.1802439,0.9821851,0.007540861,0.1869637,0.01732312
103368,0.0166659,2.25467118620873,1.072805,0.1652111,-0.3393919,-0.5127463,0.3681863,-0.7286712,-0.2656474,0.278742909431458,0.290243238210678,0.3690353,0.123223,0.1803233,0.98244,0.008067247,0.1857153,0.01601395
103372,0.0166664,2.27133758552372,1.073143,0.1654166,-0.339467,0.513036,-0.3667806,0.7292185,0.2655303,0.282622039318085,0.307264387607574,0.3693919,0.1228051,0.1802111,0.9826434,0.009319313,0.1845926,0.01583285
103376,0.0166659,2.28800348564982,1.07369,0.164917,-0.3396897,0.5132992,-0.3650369,0.7302966,0.2644597,0.28251639008522,0.306954085826874,0.369467,0.1231433,0.1804166,0.9828625,0.008885102,0.1835282,0.01483109
103378,0.0166661,2.30466958507895,1.074136,0.1647498,-0.3401173,-0.5138765,0.3645586,-0.7305489,-0.2632988,0.281878054141998,0.31054899096489,0.3696897,0.1236904,0.179917,0.98308,0.008808681,0.1825205,0.01274552
103382,0.0166737,2.32134328596294,1.074407,0.1646549,-0.3406953,-0.5162974,0.3633604,-0.729647,-0.2627195,0.281081110239029,0.311446249485016,0.3701172,0.1241363,0.1797498,0.9830405,0.008559671,0.1828343,0.01139971
103384,0.0166601,2.33800338581204,1.074855,0.164672,-0.3411966,0.5181921,-0.363449,0.7278338,0.2638934,0.276285469532013,0.284926623106003,0.3706952,0.1244069,0.1796549,0.9830044,0.0059505,0.1832033,0.01017471
103388,0.0166708,2.35467418655753,1.074405,0.1650711,-0.3411262,-0.5185621,0.3669445,-0.725203,-0.2655667,0.275984972715378,0.27373594045639,0.3711965,0.124855,0.179672,0.9828968,0.003395068,0.1837755,0.01135541
103392,0.0166627,2.37133688665926,1.074297,0.1652,-0.3408101,-0.5192265,0.3663613,-0.7250869,-0.2653908,0.265482068061829,0.261377394199371,0.3711261,0.1244048,0.1800711,0.9823478,0.002728007,0.1864305,0.0151344
103396,0.0166694,2.3880062866956,1.073834,0.1656881,-0.3399569,-0.5204486,0.3655601,-0.7247604,-0.2649933,0.272453874349594,0.259351491928101,0.3708101,0.1242972,0.1802,0.9823799,0.001988526,0.1863119,0.01462035
103398,0.0166652,2.40467148646712,1.074017,0.1661793,-0.3402855,0.5206541,-0.3657461,0.7243022,0.2655854,0.280280500650406,0.256563633680344,0.3699569,0.1238342,0.1806881,0.9823836,0.0006861627,0.1863655,0.01378309
103402,0.0166687,2.42134018614888,1.07404,0.166494,-0.3405789,-0.5192769,0.3672732,-0.724026,-0.2669241,0.28223928809166,0.252506822347641,0.3702855,0.1240172,0.1811793,0.9823667,0.0002473486,0.1864052,0.01444867
103406,0.0194913,2.44083148613572,1.074283,0.1668437,-0.3409805,-0.5192315,0.3696435,-0.7230467,-0.2663941,0.283844500780106,0.254187971353531,0.3705789,0.1240397,0.181494,0.9823028,0.001437887,0.1865569,0.01660566
103410,0.0166692,2.45750068686903,1.074024,0.167539,-0.3407925,0.5195705,-0.3694924,0.7224672,0.2675125,0.286812782287598,0.252698987722397,0.3709804,0.1242827,0.1818437,0.9818439,0.001954373,0.1888581,0.01764862
103412,0.0175848,2.47508548758924,1.074564,0.1672387,-0.3409741,0.5196801,-0.3699763,0.7222169,0.2673068,0.288242757320404,0.224501356482506,0.3707924,0.1240242,0.182539,0.9819044,0.001123048,0.1884604,0.0185821
103416,0.0166679,2.49175338819623,1.074177,0.1679552,-0.3405112,0.5189156,-0.3694693,0.722729,0.268108,0.289573550224304,0.209484621882439,0.3709741,0.1245642,0.1822387,0.9817928,0.00113294,0.1890279,0.01871043
103420,0.0173501,2.50910348817706,1.074226,0.1680062,-0.340756,-0.517253,0.3710407,-0.7225065,-0.2697453,0.290618300437927,0.194971770048141,0.3705112,0.124177,0.1829552,0.9820052,0.001621449,0.1878795,0.01908883
103424,0.016668,2.52577148750424,1.074006,0.1682866,-0.3408843,0.5142283,-0.3754663,0.721517,0.2720433,0.293146848678589,0.19352000951767,0.370756,0.1242262,0.1830062,0.9819635,0.00301122,0.1878157,0.02154353
103426,0.0176466,2.54341808706522,1.074484,0.168038,-0.3411384,-0.5146111,0.3758566,-0.7209944,-0.272166,0.292223662137985,0.20927406847477,0.3708842,0.124006,0.1832866,0.9815322,0.005958712,0.1893716,0.02641195
103430,0.0166677,2.56008578650653,1.074278,0.168119,-0.3410226,0.5138201,-0.3763998,0.7211588,0.2724743,0.292419910430908,0.214303731918335,0.3711384,0.1244835,0.183038,0.9814289,0.005523555,0.1898664,0.02678932
103434,0.0213461,2.58143188618124,1.074504,0.1679656,-0.3414894,-0.5142658,0.3776196,-0.7200256,-0.2729418,0.292280673980713,0.220384761691093,0.3710226,0.1242778,0.183119,0.9814127,0.006342096,0.1898372,0.02739887
103438,0.0166678,2.59809968620539,1.074309,0.1678637,-0.3411693,0.5140393,-0.3777004,0.7200874,0.2730939,0.289869725704193,0.220985725522041,0.3714894,0.1245043,0.1829656,0.9811602,0.005785896,0.1909748,0.02863256
103442,0.0166675,2.61476718634367,1.074307,0.1680244,-0.3412299,0.5129741,-0.3776322,0.7203847,0.2744036,0.290896117687225,0.220347568392754,0.3711693,0.1243095,0.1828637,0.981173,0.005987402,0.1908749,0.02881708
103444,0.0183835,2.63315068557858,1.074252,0.167674,-0.3406571,0.513062,-0.3776189,0.7200829,0.2750491,0.295913517475128,0.220687001943588,0.3712299,0.1243066,0.1830244,0.9813486,0.006653262,0.1897746,0.02993874
103448,0.0166676,2.64981828629971,1.074432,0.1673904,-0.3409777,0.512368,-0.3780098,0.719959,0.2761278,0.296166896820068,0.222908571362495,0.370657,0.124252,0.182674,0.9813747,0.00629885,0.1895583,0.03052414
103450,0.0166653,2.66648358665407,1.074493,0.1670043,-0.3412237,0.5120937,-0.3783981,0.7190371,0.2784969,0.295036613941193,0.224112197756767,0.3709777,0.1244317,0.1823904,0.9814129,0.006686799,0.189146,0.03174531
103456,0.0166679,2.68315148726106,1.074625,0.1663565,-0.3410805,0.5099655,-0.3793197,0.7189401,0.2813841,0.294972151517868,0.222642987966537,0.3712237,0.1244932,0.1820043,0.98147,0.006092384,0.1884473,0.0341627
103458,0.0178946,2.70104608684778,1.074784,0.1657432,-0.3408259,0.5088055,-0.3788853,0.7188977,0.2841635,0.297618240118027,0.232274904847145,0.3710804,0.124625,0.1813565,0.9816024,0.007408933,0.1871009,0.03735027
103462,0.0166684,2.71771448664367,1.075076,0.1649525,-0.340834,0.5092465,-0.3774997,0.717634,0.288381,0.303049176931381,0.242648705840111,0.3708258,0.1247837,0.1807431,0.9818991,0.007544647,0.1850675,0.0395907
103464,0.0196487,2.73736318573356,1.074839,0.1645411,-0.3407593,0.5081297,-0.3762275,0.717502,0.2923149,0.316102415323257,0.263959616422653,0.370834,0.1250765,0.1799525,0.9822807,0.005212971,0.1824377,0.04259079
103468,0.0166688,2.75403198599815,1.074351,0.1645737,-0.3412072,-0.5102458,0.3775124,-0.7133819,-0.2970183,0.324653327465057,0.268527209758759,0.3707592,0.124839,0.1795412,0.982747,0.004731447,0.1792426,0.0453659
103472,0.0166653,2.77069728635252,1.074723,0.1638907,-0.3399089,0.5094264,-0.3725065,0.7165408,0.2971415,0.335945606231689,0.290755689144135,0.3712072,0.1243507,0.1795736,0.9824216,0.0005752941,0.1796791,0.05062468
103476,0.0166676,2.78736488707364,1.074419,0.1639512,-0.3406152,0.509371,-0.3721602,0.7155482,0.300048,0.357073128223419,0.299328148365021,0.3699089,0.1247235,0.1788907,0.9834713,0.0009271629,0.1747304,0.04746098
103478,0.0166664,2.80403128638864,1.074572,0.1636263,-0.3406207,-0.5103587,0.3699626,-0.7155877,-0.3009917,0.359522104263306,0.329136699438095,0.3706152,0.1244187,0.1789512,0.9836031,-0.0002436199,0.1732965,0.04993298
103482,0.0166689,2.82070018723607,1.075081,0.162552,-0.3392212,0.5106559,-0.3665627,0.7164831,0.3025136,0.360790282487869,0.330899506807327,0.3706206,0.1245717,0.1786263,0.9839475,-0.001967309,0.1714684,0.04941742
103486,0.0168927,2.83759288676083,1.075225,0.1624815,-0.339311,-0.5123271,0.3620943,-0.7169264,-0.304015,0.370629251003265,0.329768866300583,0.3692212,0.1250809,0.177552,0.9845801,-0.003293167,0.1680028,0.04864485
103490,0.0166682,2.85426108725369,1.07536,0.1623342,-0.3391399,-0.5119913,0.3618317,-0.7164977,-0.3058984,0.372771114110947,0.333299040794373,0.3693109,0.1252248,0.1774815,0.9852623,-0.006273625,0.1642852,0.04721622
103492,0.0167491,2.87101018801332,1.075702,0.1614561,-0.3382274,0.5115789,-0.3570736,0.7188461,0.3066688,0.371291190385818,0.337154179811478,0.3691399,0.1253598,0.1773342,0.9853671,-0.006710348,0.1631753,0.04879069
103496,0.0180621,2.88907228782773,1.07581,0.1612122,-0.3374143,0.5138648,-0.3528467,0.7190893,0.3071693,0.369328081607819,0.328205496072769,0.3682274,0.1257018,0.1764561,0.9862509,-0.007110293,0.1584353,0.0464433
103500,0.0174876,2.90655988827348,1.07587,0.1612322,-0.3368684,-0.5142478,0.3489353,-0.7208773,-0.306805,0.365630656480789,0.313250780105591,0.3674142,0.1258101,0.1762122,0.9867678,-0.01036508,0.1556318,0.04427975
103504,0.0166677,2.92322758771479,1.075889,0.1610677,-0.3361413,-0.5160641,0.3474126,-0.720043,-0.3074419,0.361081033945084,0.302550941705704,0.3668684,0.1258697,0.1762322,0.9873735,-0.01110987,0.1524836,0.04146152
103506,0.0198139,2.94304148852825,1.075906,0.1610667,-0.3358943,0.5158355,-0.3468782,0.7203936,0.3076075,0.351727336645126,0.288596004247665,0.3661413,0.1258889,0.1760677,0.9874602,-0.01359007,0.1518049,0.04114513
103512,0.0166681,2.95970958843827,1.076298,0.1606574,-0.3357043,0.5153511,-0.3456306,0.7214845,0.3072668,0.34751370549202,0.287043482065201,0.3658942,0.1259064,0.1760667,0.9875698,-0.01346877,0.1511536,0.0409527
103514,0.0270059,2.98671548813581,1.076437,0.1605088,-0.3352338,-0.5159824,0.3425196,-0.7224161,-0.3075022,0.339512914419174,0.283181875944138,0.3657042,0.126298,0.1756574,0.9878092,-0.01293917,0.1499306,0.03982843
103520,0.0166679,3.0033833887428,1.07702,0.1606269,-0.3350338,0.5165866,-0.3378216,0.7247337,0.3062287,0.33833321928978,0.281151950359344,0.3652338,0.1264369,0.1755088,0.9882418,-0.01413058,0.147401,0.03809805
103524,0.0199012,3.02328458800912,1.077561,0.160524,-0.3341307,-0.5176385,0.3332659,-0.7264658,-0.3053388,0.335021018981934,0.277680516242981,0.3650337,0.1270201,0.1756269,0.9888792,-0.01487764,0.1440235,0.03396793
103526,0.0193936,3.04267818853259,1.077686,0.1604957,-0.3334386,0.5172627,-0.3309284,0.7280912,0.3046457,0.333599001169205,0.273173749446869,0.3641307,0.1275607,0.175524,0.9894313,-0.01628276,0.1408608,0.03031135
103528,0.0166683,3.05934648774564,1.077826,0.160627,-0.333346,0.5180343,-0.3278342,0.7297717,0.3026526,0.333128809928894,0.275848299264908,0.3634386,0.1276861,0.1754957,0.9897816,-0.01589084,0.1388707,0.02819223
103532,0.0166673,3.07601378858089,1.077799,0.160521,-0.3335882,-0.5182838,0.328923,-0.728855,-0.3032524,0.334452509880066,0.273006498813629,0.3633459,0.1278265,0.175627,0.9900956,-0.01635334,0.1372823,0.02443314
103534,0.0166665,3.09268028847873,1.078487,0.1599386,-0.333687,-0.517461,0.3287444,-0.7291059,-0.3042463,0.333154439926147,0.271007031202316,0.3635881,0.1277993,0.175521,0.9899384,-0.01672888,0.1381403,0.0256766
103538,0.016667,3.10934728756547,1.078855,0.1595045,-0.3337111,-0.5172893,0.3292663,-0.7290172,-0.3041865,0.335135728120804,0.269534379243851,0.363687,0.1284874,0.1749386,0.9900572,-0.01624443,0.1371955,0.02646276
103542,0.016667,3.12601428665221,1.079269,0.1593786,-0.3339265,0.5181341,-0.3284046,0.7292373,0.303151,0.331819474697113,0.268652021884918,0.363711,0.1288546,0.1745045,0.9899998,-0.01595703,0.1375918,0.02672797
103546,0.0166667,3.14268098585308,1.079394,0.1591903,-0.333908,0.5188584,-0.3276685,0.729161,0.302892,0.329201459884644,0.271472930908203,0.3639265,0.1292694,0.1743786,0.9900204,-0.0165911,0.1376467,0.02525437
103548,0.0166661,3.15934708528221,1.07952,0.1592151,-0.3340059,0.5195135,-0.3265602,0.7293667,0.3024707,0.325090050697327,0.265395939350128,0.3639079,0.129394,0.1741902,0.9900497,-0.01739388,0.1374594,0.02457688
103552,0.0166678,3.17601488530636,1.080094,0.1589946,-0.3339005,0.5212445,-0.3237334,0.7297308,0.3016517,0.324225664138794,0.266667425632477,0.3640059,0.1295202,0.1742151,0.9901304,-0.01810497,0.1369713,0.02351539
103554,0.0166666,3.19268148578703,1.080027,0.1590086,-0.3343107,0.5212974,-0.3250545,0.7288824,0.3021906,0.322830975055695,0.263509958982468,0.3639004,0.1300939,0.1739946,0.9903277,-0.02009587,0.1356622,0.02105084
103558,0.0166671,3.20934858545661,1.080365,0.1589701,-0.3349037,0.5231957,-0.3250298,0.7277171,0.3017443,0.324154108762741,0.257015228271484,0.3643107,0.1300274,0.1740086,0.9901612,-0.02019146,0.1366475,0.02237388
103562,0.0166669,3.22601548582315,1.080488,0.1586957,-0.3348342,0.5245566,-0.3233571,0.7278017,0.300974,0.318192005157471,0.253313720226288,0.3649037,0.1303652,0.1739701,0.9899752,-0.02213518,0.1377491,0.02200641
103566,0.0166681,3.24268358573318,1.080718,0.1585836,-0.3346994,0.5261959,-0.3213117,0.7278121,0.3002769,0.313754886388779,0.240811437368393,0.3648342,0.1304883,0.1736957,0.9900473,-0.02357625,0.1372534,0.0202968
103568,0.0166657,3.25934928655624,1.08076,0.15841,-0.3346293,0.5267504,-0.3208779,0.7274998,0.3005251,0.312585324048996,0.22647425532341,0.3646993,0.1307182,0.1735836,0.9901363,-0.02541563,0.1365444,0.01843571
103572,0.0166673,3.2760165873915,1.080551,0.1584433,-0.3342777,0.5285686,-0.3190671,0.7268807,0.3007591,0.311754524707794,0.231563597917557,0.3646292,0.1307603,0.17341,0.9901431,-0.02620045,0.1363489,0.01841576
103576,0.0166667,3.29268328659236,1.080297,0.1584767,-0.3340896,0.5287688,-0.3187789,0.7265194,0.3015843,0.317206174135208,0.245110496878624,0.3642777,0.130551,0.1734433,0.9901968,-0.02859432,0.1355871,0.01757386
103580,0.0166668,3.30935008637607,1.080123,0.1577492,-0.333699,-0.5283866,0.3212593,-0.7250236,-0.3032176,0.320865899324417,0.251690983772278,0.3640895,0.1302969,0.1734767,0.9902318,-0.0291992,0.1351235,0.01816786
103582,0.0166674,3.32601748593152,1.080129,0.1574155,-0.333445,0.5279946,-0.3214735,0.7251902,0.3032752,0.321209311485291,0.256464719772339,0.363699,0.1301232,0.1727492,0.9899865,-0.02909066,0.1364945,0.02120942
103584,0.0166663,3.34268378652632,1.080121,0.1571293,-0.3332846,0.527957,-0.3219686,0.7249058,0.3034949,0.320495814085007,0.257051289081573,0.363445,0.130129,0.1724155,0.9900001,-0.02864374,0.136463,0.02138185
103588,0.0166669,3.35935068689287,1.080573,0.1568643,-0.3332644,0.5282943,-0.3215371,0.7249988,0.3031431,0.317261695861816,0.257212460041046,0.3632846,0.1301213,0.1721293,0.9899436,-0.02862266,0.1367967,0.02189236
103592,0.0166669,3.37601758725941,1.080865,0.1564185,-0.3332286,0.5283875,-0.3224403,0.7246534,0.3028471,0.320268839597702,0.252356112003326,0.3632644,0.1305732,0.1718643,0.9899582,-0.02891723,0.1367202,0.02130958
103594,0.0166672,3.39268478751183,1.081107,0.1563144,-0.333467,-0.5290642,0.3229744,-0.7236648,-0.3034603,0.320879817008972,0.248890146613121,0.3632286,0.1308653,0.1714185,0.9898241,-0.02877363,0.1376733,0.02159983
103598,0.0166685,3.40935328789055,1.081513,0.1562169,-0.3336316,0.5294986,-0.3223888,0.7238744,0.3028241,0.323554426431656,0.259706437587738,0.363467,0.1311074,0.1713144,0.9896947,-0.02971305,0.1382545,0.0225268
103602,0.016666,3.42601928859949,1.082586,0.1558607,-0.3335729,0.5319393,-0.3200018,0.723501,0.3019701,0.324250042438507,0.264799147844315,0.3636316,0.1315132,0.1712169,0.989714,-0.03002118,0.1381988,0.02158763
103606,0.0166668,3.4426860883832,1.083072,0.1556811,-0.3331334,0.5333875,-0.3181964,0.7232536,0.3019156,0.32468980550766,0.276007443666458,0.3635729,0.1325859,0.1708607,0.9897481,-0.03275234,0.1376572,0.01940382
103608,0.0166666,3.45935268886387,1.083647,0.1554028,-0.3329433,0.5341435,-0.3168272,0.7233508,0.3017861,0.329356461763382,0.313299357891083,0.3631333,0.1330717,0.170681,0.9898212,-0.03461821,0.1368253,0.01828937
103612,0.0166937,3.47604638896883,1.084572,0.1549595,-0.3325762,0.5353596,-0.3154346,0.722939,0.3020767,0.334177672863007,0.336864799261093,0.3629432,0.1336474,0.1704028,0.989909,-0.03561291,0.1360549,0.01735031
103614,0.0166674,3.49271378852427,1.085033,0.1545035,-0.331797,-0.5359148,0.3143189,-0.7230668,-0.3019493,0.336063265800476,0.337203055620193,0.3625762,0.1345716,0.1699595,0.9899541,-0.03730506,0.1353399,0.01680668
103618,0.0166665,3.50938028842211,1.085597,0.1540415,-0.3313922,-0.5369961,0.3135597,-0.7223076,-0.3026339,0.339940011501312,0.3501917719841,0.3617969,0.1350328,0.1695035,0.9900276,-0.03804055,0.1346908,0.01602056
103622,0.0166671,3.52604738809168,1.085749,0.1531773,-0.3305894,0.5374044,-0.3140453,0.7212375,0.303955,0.349621891975403,0.366447925567627,0.3613922,0.1355966,0.1690415,0.9900117,-0.03965474,0.1343164,0.01623158
103626,0.0166664,3.54271378740668,1.086289,0.1523686,-0.3298405,-0.5387315,0.3136488,-0.7196792,-0.3057039,0.351070165634155,0.372594207525253,0.3605894,0.1357489,0.1681773,0.9899286,-0.04059229,0.1344531,0.01777701
103628,0.0166671,3.55938088707626,1.086524,0.1516976,-0.3293195,0.5398213,-0.3137787,0.7184142,0.3066218,0.35661906003952,0.378403127193451,0.3598405,0.1362894,0.1673686,0.9898501,-0.04287711,0.1341239,0.01921584
103632,0.0166672,3.57604808732867,1.087192,0.1507823,-0.3286197,-0.5398824,0.3155312,-0.7170126,-0.3079937,0.355078220367432,0.374428898096085,0.3593194,0.1365235,0.1666976,0.9897158,-0.04447601,0.1344495,0.02019924
103634,0.0166667,3.59271478652954,1.087762,0.1499589,-0.3279838,-0.5404794,0.3144673,-0.7170611,-0.3079217,0.349931478500366,0.367277771234512,0.3586197,0.1371917,0.1657822,0.9895028,-0.04486711,0.1355061,0.02256705
103640,0.0166668,3.60938158631325,1.087931,0.1492368,-0.326739,-0.543163,0.3118665,-0.7163066,-0.3076007,0.340365886688232,0.334578812122345,0.3579838,0.137762,0.1649589,0.9895644,-0.04566645,0.1349033,0.0218671
103642,0.0166671,3.62604868598282,1.088279,0.1480256,-0.3266658,-0.5433858,0.3143279,-0.7149042,-0.3079638,0.321172326803207,0.3221175968647,0.3567389,0.1379309,0.1642368,0.9895524,-0.04895585,0.134112,0.02008067
103646,0.0166671,3.6427157856524,1.088806,0.1470345,-0.3264009,-0.5473224,0.3151069,-0.7121263,-0.30663,0.301123142242432,0.3015978038311,0.3566658,0.1382794,0.1630256,0.9892176,-0.04900909,0.136252,0.02195488
103648,0.0166668,3.65938258543611,1.088991,0.1461497,-0.3263736,0.548979,-0.3167212,0.7097662,0.3074762,0.267935365438461,0.204675197601318,0.3564009,0.138806,0.1620344,0.9885866,-0.05283175,0.1394561,0.02138663
103652,0.0166677,3.67605028487742,1.088971,0.1456385,-0.3265009,0.5497126,-0.3194696,0.7080783,0.3072138,0.252570778131485,0.149673566222191,0.3563735,0.1389913,0.1611497,0.988156,-0.05485502,0.1414124,0.02326534
103656,0.016666,3.69271628558636,1.089553,0.1448073,-0.3269338,0.5538681,-0.3225348,0.704475,0.3048223,0.225109308958054,0.0798895731568336,0.3565009,0.1389707,0.1606386,0.9876809,-0.05520653,0.1443089,0.02477225
103658,0.0166671,3.70938338525593,1.089707,0.1440149,-0.3270653,0.5577636,-0.3216566,0.7014063,0.3057222,0.17950576543808,0,0.3569338,0.139553,0.1598073,0.9866332,-0.0585626,0.1500532,0.02468341
103662,0.0166697,3.72605308517814,1.089867,0.1440567,-0.3275805,-0.5628515,0.32288,-0.6969495,-0.3052999,0.166913703083992,0,0.3570652,0.1397067,0.1590149,0.9861726,-0.06354923,0.1509636,0.02520049
103664,0.0166647,3.74271778576076,1.08988,0.1437773,-0.3277705,-0.5679653,0.3239998,-0.6928281,-0.304021,0.140445470809937,0,0.3575805,0.1398667,0.1590567,0.9851778,-0.06910155,0.1548536,0.02588806
103668,0.0166668,3.75938458554447,1.089486,0.1439618,-0.3278015,-0.5735287,0.3212459,-0.690814,-0.3010679,0.131074473261833,0,0.3577704,0.13988,0.1587773,0.9841374,-0.07436798,0.1589992,0.02573383
103672,0.0166669,3.77605148591101,1.089157,0.1435896,-0.3281268,0.5776254,-0.3219406,0.6873085,0.3005165,0.11072750389576,0,0.3578015,0.1394855,0.1589618,0.9835368,-0.07998509,0.1605924,0.02162763
103676,0.0166668,3.79271828569472,1.089042,0.1439162,-0.3291108,0.5814117,-0.320702,0.6855229,0.2986122,0.104531422257423,0,0.3581268,0.1391571,0.1585896,0.9826644,-0.08447213,0.1635779,0.02185117
103678,0.0166677,3.80938598513603,1.088875,0.1436878,-0.3291837,0.582178,-0.3217651,0.6844534,0.2984286,0.0892155095934868,0,0.3591107,0.1390424,0.1589162,0.982105,-0.08829089,0.1652005,0.01958048
103682,0.0166672,3.82605318538845,1.087595,0.1443666,-0.329414,-0.5857264,0.325223,-0.6785126,-0.3012895,0.064933106303215,0,0.3591837,0.1388748,0.1586878,0.9817919,-0.08898185,0.1666174,0.0201392
103686,0.0166662,3.84271938540041,1.08727,0.1442319,-0.3296131,-0.585383,0.3296818,-0.6757989,-0.3032037,0.0707589462399483,0,0.359414,0.1375948,0.1593666,0.9805401,-0.09395661,0.1705098,0.02529283
103690,0.016668,3.8593873847276,1.086493,0.1454264,-0.329244,-0.5883766,0.3270682,-0.6747734,-0.3025232,0.0713035240769386,0,0.3596132,0.1372699,0.1592319,0.9798852,-0.09382115,0.1735769,0.02989425
103692,0.0166661,3.87605348415673,1.085887,0.1458752,-0.3290741,0.590027,-0.3276254,0.6727865,0.3031305,0.058300357311964,0,0.359244,0.1364935,0.1604264,0.9796782,-0.09740665,0.1731101,0.02784723
103696,0.0166667,3.8927201833576,1.084765,0.1469096,-0.3291468,-0.5903164,0.3307982,-0.6699374,-0.3054227,0.058300357311964,0,0.3590741,0.1358872,0.1608752,0.9792249,-0.09956639,0.1742669,0.02891638
103700,0.0166672,3.90938738361001,1.084103,0.14725,-0.3293886,0.5908865,-0.3312501,0.6688816,0.3061439,0.0554665923118591,0,0.3591468,0.1347646,0.1619096,0.9786124,-0.1005187,0.1763991,0.03312269
103704,0.0166675,3.92605488374829,1.082847,0.1474646,-0.3291895,0.592527,-0.3292365,0.6683921,0.3062142,0.0517717003822327,0,0.3593885,0.1341034,0.1622501,0.9784003,-0.101458,0.1768429,0.03414242
103706,0.0182372,3.94429208338261,1.082174,0.1477122,-0.3290656,-0.5929044,0.3275352,-0.6691107,-0.3057382,0.0378009900450706,0,0.3591895,0.1328467,0.1624646,0.9783718,-0.1036871,0.1759089,0.03307105
103710,0.0166682,3.96096028387547,1.081595,0.1473723,-0.3281992,0.5937278,-0.3244779,0.669693,0.3061252,0.0292443968355656,0,0.3590656,0.1321737,0.1627122,0.9785771,-0.1041351,0.1747741,0.03157126
103714,0.0166663,3.97762658447027,1.080517,0.1475566,-0.3280795,0.5964202,-0.3209501,0.6695996,0.3048122,0.0151314651593566,0,0.3581991,0.1315952,0.1623723,0.9788902,-0.1056546,0.1723581,0.03006454
103718,0.0166667,3.99429328367114,1.07906,0.1479341,-0.3281621,0.5998328,-0.3181607,0.668608,0.3032126,0,0,0.3580795,0.1305171,0.1625566,0.9788546,-0.1087492,0.1711641,0.02683599
103722,0.0214095,4.01570278406143,1.077491,0.1477971,-0.3278632,0.6031669,-0.3137775,0.6681319,0.3022138,0,0,0.358162,0.1290596,0.1629341,0.9785125,-0.112509,0.1711276,0.0238841
103724,0.0197856,4.03548838384449,1.076197,0.1482441,-0.3272219,-0.6081119,0.3028894,-0.6712682,-0.296407,0,0,0.3578632,0.1274908,0.1627971,0.9784011,-0.1166507,0.1694225,0.0204958
103728,0.0166683,4.05215668305755,1.074904,0.1486501,-0.3275629,-0.6126752,0.2945071,-0.6733107,-0.2907703,0,0,0.3572219,0.1261972,0.1632441,0.9787917,-0.1215848,0.1646462,0.008695582
103732,0.0166655,4.06882218271494,1.074315,0.1487265,-0.3273024,0.6137047,-0.2937795,0.6736399,0.2885647,0,0,0.3575629,0.1249043,0.1636502,0.9787493,-0.1258971,0.1618576,-0.00133718
103736,0.0166681,4.08549028262496,1.073165,0.1490394,-0.3275147,-0.6148481,0.2925559,-0.673843,-0.2868947,0,0,0.3573024,0.1243151,0.1637265,0.9785641,-0.1263247,0.162605,-0.003742712
103738,0.0194849,4.10497518256307,1.072549,0.1489726,-0.3279829,0.6132474,-0.2951671,0.6739756,0.2873341,0,0,0.3575146,0.1231651,0.1640394,0.9784121,-0.1271889,0.1627804,-0.005941308
103742,0.0166817,4.12165688164532,1.071905,0.1489424,-0.3280958,0.6131991,-0.2950681,0.6743174,0.2867365,0,0,0.3579829,0.1225488,0.1639726,0.9784864,-0.1250605,0.1640355,-0.004075768
103746,0.0166523,4.13830918073654,1.071072,0.1486216,-0.3286602,0.6130899,-0.2976871,0.6736647,0.2857953,0,0,0.3580958,0.1219053,0.1639424,0.9785023,-0.124768,0.1641466,-0.004698528
103750,0.016675,4.1549841798842,1.071105,0.1489048,-0.328657,0.611694,-0.2969961,0.6764938,0.2828074,0,0,0.3586601,0.1210724,0.1636216,0.9781805,-0.1238731,0.1667417,-0.003961189
103752,0.017365,4.17234917916358,1.07116,0.1490569,-0.3288183,0.6118051,-0.2962864,0.6777058,0.2803996,0,0,0.358657,0.121105,0.1639048,0.9785559,-0.1210498,0.1664988,-0.007305843
103756,0.0166673,4.18901647999883,1.070827,0.1493433,-0.3291304,0.6107472,-0.2983425,0.6769017,0.2824603,0,0,0.3588183,0.12116,0.1640569,0.9785666,-0.1202954,0.1668443,-0.00996916
103760,0.0268812,4.21589767932892,1.070783,0.150071,-0.3287089,-0.6110331,0.2960125,-0.67801,-0.2816338,0,0,0.3591303,0.1208271,0.1643433,0.978604,-0.1195743,0.1672984,-0.006885071
103764,0.0166691,4.23256677947938,1.070585,0.1513901,-0.3292828,0.6113143,-0.2954932,0.6783954,0.2806393,0,0,0.3587089,0.1207834,0.165071,0.9788138,-0.1199109,0.1657185,-0.009068832
103766,0.0166818,4.24924857914448,1.070302,0.1521384,-0.329201,-0.6111181,0.2949691,-0.6787866,-0.2806717,0,0,0.3592828,0.1205849,0.1663901,0.9787889,-0.1199161,0.1657908,-0.01028549
103770,0.0166702,4.26591877825558,1.070084,0.1528986,-0.3295779,0.6110393,-0.2953829,0.6782883,0.2816111,0,0,0.359201,0.1203017,0.1671384,0.9789015,-0.1197688,0.165212,-0.01059861
103772,0.0166761,4.28259487822652,1.069987,0.1533162,-0.329836,-0.6108432,0.2956641,-0.6783055,-0.2817002,0,0,0.3595778,0.1200836,0.1678986,0.9788905,-0.1199996,0.1651777,-0.009478949
103776,0.0166665,4.29926137812436,1.070237,0.1538644,-0.3300063,0.6108804,-0.2944444,0.678798,0.2817107,0,0,0.3598359,0.119987,0.1683162,0.9789042,-0.1197595,0.1652845,-0.00924124
103780,0.0166685,4.31592987850308,1.070342,0.1537641,-0.3302365,0.6105789,-0.295719,0.6784955,0.281758,0,0,0.3600062,0.1202368,0.1688644,0.9790467,-0.1199848,0.1642303,-0.009982293
103784,0.0166678,4.33259767852724,1.070636,0.153549,-0.3300737,-0.6095393,0.2966686,-0.6785626,-0.2828471,0,0,0.3602365,0.1203424,0.1687641,0.9789614,-0.1194572,0.1651675,-0.009178989
103786,0.0166655,4.34926317818463,1.070884,0.1534447,-0.3303617,-0.6092048,0.2984526,-0.6777782,-0.2835706,0,0,0.3600737,0.1206364,0.168549,0.9791123,-0.1185172,0.1650265,-0.007679889
103790,0.0166657,4.3659288790077,1.071315,0.152615,-0.3296578,0.6075462,-0.29872,0.6787324,0.2845635,0,0,0.3603616,0.1208838,0.1684447,0.9789796,-0.1181586,0.1661396,-0.00593412
103794,0.0166678,4.38259667903185,1.071579,0.1524231,-0.3296788,0.6072069,-0.2998917,0.6785193,0.2845635,0,0,0.3596578,0.1213154,0.167615,0.9793549,-0.1165354,0.1651017,-0.005003578
103798,0.0166677,4.39926437847316,1.072068,0.1519073,-0.3294433,-0.6061701,0.3005867,-0.6787463,-0.2854976,0,0,0.3596788,0.1215792,0.1674231,0.9792833,-0.115962,0.1659479,-0.004308369
103800,0.0191851,4.41844947822392,1.072554,0.1512357,-0.3293382,0.6064751,-0.299726,0.6790935,0.2849286,0,0,0.3594433,0.122068,0.1669073,0.9794517,-0.1150045,0.1656462,-0.003105798
103806,0.0166686,4.43511807732284,1.073135,0.1502393,-0.3285251,-0.6063668,0.2988303,-0.6793085,-0.2855868,0,0,0.3593381,0.1225539,0.1662357,0.979482,-0.1152569,0.1652686,-0.004140642
103808,0.0166649,4.4517829772085,1.073428,0.1494832,-0.3281494,0.6061391,-0.2990554,0.6793399,0.2857596,0,0,0.3585251,0.123135,0.1652393,0.9796345,-0.1155256,0.1641749,-0.004095062
103812,0.016668,4.46845097653568,1.074212,0.1480627,-0.3277605,-0.6050915,0.3002434,-0.6794797,-0.286401,0,0,0.3581494,0.1234279,0.1644832,0.9796616,-0.1152917,0.1641846,-0.003815939
103816,0.019496,4.48794697597623,1.074591,0.1467021,-0.327297,-0.6054351,0.3019964,-0.6784744,-0.286215,0,0,0.3577605,0.1242116,0.1630627,0.9797617,-0.1141317,0.1644211,-0.00257974
103818,0.0166672,4.50461417622864,1.075192,0.1457058,-0.3273377,0.6063033,-0.3021536,0.6778509,0.285688,0,0,0.357297,0.1245907,0.1617021,0.97945,-0.1142211,0.1662186,-0.001631073
103822,0.0166669,4.52128107659519,1.075295,0.1452564,-0.3273504,-0.6063309,0.3022943,-0.6778166,-0.285562,0,0,0.3573377,0.1251923,0.1607058,0.9792182,-0.1150239,0.1670251,-0.001941928
103826,0.017586,4.53886707685888,1.075884,0.1440749,-0.3271901,-0.6069141,0.3013347,-0.6777422,-0.2855137,0,0,0.3573504,0.1252947,0.1602564,0.9791909,-0.1149853,0.1672112,-0.001968922
103830,0.0166676,4.55553467758,1.077069,0.1430002,-0.3276339,0.6074106,-0.3002935,0.6774359,0.2862812,0,0,0.35719,0.1258839,0.1590749,0.9791806,-0.1158002,0.1667007,-0.002555748
103832,0.0187764,4.57431107759476,1.078138,0.1418269,-0.3274503,0.6085168,-0.2997898,0.6768428,0.2858622,0,0,0.3576338,0.1270686,0.1580002,0.9792138,-0.1168605,0.1657653,-0.002442303
103836,0.0166677,4.59097877703607,1.07929,0.1407668,-0.3279924,-0.6096227,0.3031152,-0.6736697,-0.2874901,0,0,0.3574503,0.1281384,0.1568269,0.9790115,-0.1180886,0.1660795,-0.003039615
103840,0.0174534,4.60843217745423,1.080079,0.1394845,-0.3281889,0.6088083,-0.3063028,0.6718151,0.2901647,0,0,0.3579924,0.1292903,0.1557668,0.978329,-0.119635,0.1689958,0.0006533757
103844,0.0166674,4.62509957700968,1.080963,0.1378377,-0.3279763,-0.6095756,0.3096876,-0.6682447,-0.2931897,0,0,0.3581889,0.130079,0.1544845,0.9781157,-0.1193356,0.1703616,0.005059816
103846,0.0178288,4.64292837679386,1.081469,0.1367246,-0.3279895,0.6111412,-0.3123031,0.66508,0.2943498,0,0,0.3579763,0.1309634,0.1528377,0.9774622,-0.1210847,0.1726397,0.01008659
103850,0.0166676,4.65959597751498,1.082648,0.1348764,-0.3277522,0.6085434,-0.3262457,0.65639,0.3039588,0,0,0.3579895,0.1314691,0.1517246,0.9766847,-0.1231329,0.1753764,0.01297875
103854,0.0192138,4.6788097769022,1.083696,0.1332383,-0.3277821,-0.6068526,0.3328059,-0.6521571,-0.3092917,0,0,0.3577522,0.1326482,0.1498764,0.9750236,-0.1223956,0.1827879,0.03060711
103858,0.0166674,4.69547717645764,1.084486,0.1324234,-0.3276139,-0.6067568,0.3375608,-0.6487166,-0.3115537,0,0,0.357782,0.133696,0.1482383,0.9741924,-0.121925,0.185764,0.03968906
103860,0.0211851,4.71666227653623,1.085141,0.1314001,-0.3273929,0.6072826,-0.336095,0.6494391,0.3106073,0,0,0.3576139,0.134486,0.1474234,0.9732689,-0.1222956,0.189144,0.04490043
103864,0.0166685,4.73333077691495,1.086067,0.1299549,-0.327024,-0.6073645,0.3384165,-0.647177,-0.3126414,0,0,0.3573928,0.1351407,0.1464001,0.9734341,-0.1226741,0.1884642,0.04310874
103868,0.0166657,4.74999647773802,1.086339,0.1285711,-0.325755,0.6078805,-0.3375026,0.6467907,0.3134247,0,0,0.357024,0.1360667,0.1449549,0.9729103,-0.1234296,0.1898508,0.04655587
103872,0.0166681,4.76666457764804,1.086726,0.1277318,-0.3251406,-0.607395,0.3393667,-0.6454726,-0.3150662,0,0,0.3557549,0.136339,0.1435711,0.9729232,-0.1245018,0.1890317,0.04676484
103874,0.0166654,4.7833299767226,1.086725,0.1267268,-0.3247775,0.6073736,-0.3402702,0.6445546,0.316011,0,0,0.3551406,0.1367256,0.1427318,0.972638,-0.1244454,0.1898417,0.04948544
103878,0.0166695,4.79999947734177,1.086321,0.1262951,-0.3246757,0.6069089,-0.3410006,0.6438426,0.317564,0,0,0.3547774,0.1367245,0.1417268,0.972433,-0.1247484,0.1902994,0.05097165
103880,0.0166643,4.81666377745569,1.086377,0.1253744,-0.3245542,0.6062374,-0.3422999,0.6428438,0.3194665,0.000756457971874624,0,0.3546757,0.1363214,0.1412951,0.9723561,-0.1247999,0.1901385,0.05287793
103884,0.0166684,4.83333217725158,1.086628,0.1245947,-0.3246497,-0.6058997,0.3438385,-0.6415675,-0.321017,0.014379627071321,0,0.3545541,0.136377,0.1403744,0.9722025,-0.1247012,0.1902501,0.05546842
103886,0.0166659,4.84999807737768,1.086845,0.1238319,-0.3244899,0.6061115,-0.3440337,0.6403015,0.32293,0.020567424595356,0,0.3546496,0.1366283,0.1395947,0.9719171,-0.1248345,0.1908898,0.057919
103890,0.0166677,4.86666577681899,1.086761,0.1234646,-0.3242487,-0.6058149,0.3454502,-0.6390948,-0.3243614,0.0234506689012051,0,0.3544898,0.1368451,0.138832,0.9717315,-0.1259389,0.1904966,0.05990306
103892,0.0166668,4.8833325766027,1.085841,0.1230017,-0.3243636,0.6043231,-0.3506559,0.6346301,0.3302706,0.0216845907270908,0,0.3542486,0.1367608,0.1384646,0.9714521,-0.1260885,0.1910956,0.0621702
103898,0.0166691,4.90000167675316,1.08511,0.122041,-0.3238564,-0.6022337,0.3546107,-0.6325458,-0.3338437,0.0158274061977863,0,0.3543636,0.1358413,0.1380017,0.970439,-0.1264778,0.1928606,0.0711081
103900,0.016665,4.91666667722166,1.084974,0.1205204,-0.3239273,-0.6013513,0.3586071,-0.6308988,-0.3342818,0.0118824234232306,0,0.3538564,0.1351098,0.137041,0.9699284,-0.1252148,0.1940141,0.07693306
103902,0.0166672,4.93333387747407,1.08467,0.1195056,-0.3238189,-0.6004716,0.3615097,-0.6294031,-0.3355541,0.0167124941945076,0,0.3539272,0.1349744,0.1355203,0.9692439,-0.1239993,0.1969904,0.07990801
103906,0.0166663,4.95000017806888,1.084552,0.117857,-0.3236954,-0.6003743,0.3623191,-0.6294061,-0.3348488,0.0167124941945076,0,0.3538189,0.1346696,0.1345056,0.9687321,-0.1232759,0.1986879,0.08297203
103910,0.0166683,4.96666847728193,1.084388,0.1166796,-0.3240193,-0.599951,0.3637274,-0.6290277,-0.3347916,0.0202106088399887,0,0.3536954,0.1345519,0.132857,0.9686192,-0.1227642,0.1996172,0.08281785
103912,0.0166656,4.98333407752216,1.083911,0.1154267,-0.3237584,-0.5995002,0.3661742,-0.6278608,-0.3351222,0.0198165439069271,0,0.3540193,0.1343879,0.1316796,0.9684102,-0.1221076,0.2006822,0.08365456
103916,0.0166666,5.00000067800283,1.083385,0.1141189,-0.3236484,-0.5977809,0.3694181,-0.6269962,-0.3362501,0.0161322988569736,0,0.3537584,0.1339106,0.1304267,0.9679304,-0.1215211,0.2025406,0.08556058
103920,0.0166673,5.01666797883809,1.083104,0.1130386,-0.3237634,-0.5972148,0.3716771,-0.6260487,-0.3365318,0.0176203362643719,0,0.3536483,0.1333848,0.1291189,0.9675444,-0.1196952,0.2041446,0.08863354
103924,0.0166674,5.03333537839353,1.083371,0.1111304,-0.3235743,-0.5959128,0.3750474,-0.6248043,-0.3374123,0.0192717183381319,0,0.3537634,0.1331039,0.1280386,0.967125,-0.1189704,0.2057911,0.09036216
103926,0.0166652,5.05000057816505,1.083809,0.1099047,-0.323257,0.5938103,-0.3765599,0.6248061,0.3394249,0.0109071778133512,0,0.3535743,0.1333708,0.1261304,0.9665778,-0.1175514,0.207837,0.09334204
103930,0.0166701,5.06667067855597,1.084557,0.1083621,-0.3228467,0.5936103,-0.376623,0.6244848,0.3402951,0.0103358896449208,0,0.353257,0.1338093,0.1249047,0.9666238,-0.1158139,0.20735,0.09608074
103932,0.0166654,5.08333607763052,1.084667,0.1075872,-0.3226311,-0.5930895,0.3773241,-0.6241353,-0.341067,0,0,0.3528466,0.1345566,0.1233621,0.9665947,-0.1159739,0.2069928,0.09694692
103936,0.0166673,5.10000337846577,1.084871,0.1064769,-0.3226067,-0.5924358,0.3789427,-0.6232548,-0.3420171,0,0,0.352631,0.134667,0.1225872,0.9664977,-0.1156529,0.2070759,0.09811374
103940,0.0166667,5.11667007766664,1.085146,0.1054852,-0.322514,-0.5910727,0.379723,-0.6231837,-0.3436359,0,0,0.3526067,0.1348708,0.1214769,0.9661834,-0.1151957,0.2078634,0.1000623
103942,0.0166674,5.13333747722209,1.085632,0.1044313,-0.3224914,-0.5915611,0.3795602,-0.6228547,-0.3435719,0,0,0.352514,0.1351457,0.1204852,0.9662222,-0.1142407,0.2072597,0.1020153
103946,0.0166665,5.15000397711992,1.085971,0.1032482,-0.3230431,-0.590327,0.382566,-0.6215056,-0.3448014,0,0,0.3524914,0.1356316,0.1194313,0.9661352,-0.1148198,0.2074031,0.1018976
103950,0.0166668,5.16667077690363,1.086412,0.1023039,-0.3237439,-0.5897045,0.3839727,-0.6208076,-0.3455597,0,0,0.353043,0.1359714,0.1182483,0.9655802,-0.1137053,0.2090466,0.1050022
103954,0.0166669,5.18333767727017,1.086825,0.1012527,-0.3241719,-0.5898602,0.3857746,-0.6193907,-0.3458296,0,0,0.3537439,0.1364118,0.1173039,0.9653108,-0.1132191,0.209729,0.1066313
103956,0.0166671,5.20000477693975,1.087227,0.1006159,-0.324626,-0.5898485,0.3870106,-0.6183724,-0.3462906,0,0,0.3541719,0.1368248,0.1162527,0.9647579,-0.1134357,0.2113757,0.1081438
103960,0.0166663,5.21667107753456,1.086892,0.1002142,-0.3249248,0.5903799,-0.3862004,0.6188893,0.345365,0,0,0.3546259,0.1372275,0.1156159,0.9643826,-0.1135727,0.2123452,0.1094391
103962,0.0166679,5.23333897814155,1.087067,0.09978247,-0.3252467,0.5905392,-0.3865175,0.6185223,0.3453952,0,0,0.3549248,0.1368918,0.1152142,0.9645386,-0.1138284,0.2122158,0.1080405
103966,0.0166667,5.25000567734241,1.086824,0.0994412,-0.3256419,0.5907392,-0.3868124,0.6182542,0.345203,0,0,0.3552467,0.137067,0.1147825,0.9644049,-0.1140211,0.2125849,0.1083054
103970,0.0166668,5.26667247712612,1.086973,0.09916303,-0.3259876,-0.5908594,0.3872098,-0.6181576,-0.3447246,0,0,0.3556418,0.1368242,0.1144412,0.9642854,-0.1141589,0.2130334,0.1083425
103972,0.016667,5.28333947621286,1.087131,0.0986628,-0.3265216,-0.5904091,0.3882006,-0.6183209,-0.3440883,0,0,0.3559876,0.1369726,0.114163,0.9641857,-0.1140565,0.2136311,0.108161
103976,0.0166681,5.30000757612288,1.087411,0.09808163,-0.3269265,0.5911028,-0.388162,0.6180094,0.3434999,0,0,0.3565215,0.1371309,0.1136628,0.9640967,-0.1131451,0.2145129,0.1081664
103980,0.0166651,5.31667267531157,1.087723,0.09768683,-0.3276763,0.5903342,-0.3896977,0.617487,0.3440221,0,0,0.3569264,0.1374112,0.1130816,0.9639641,-0.11372,0.2150662,0.1076454
103984,0.0166684,5.33334107510746,1.088138,0.09701213,-0.3278854,-0.59079,0.3894661,-0.6176011,-0.3432962,0,0,0.3576763,0.1377228,0.1126868,0.9637098,-0.1129415,0.2158713,0.1091204
103986,0.0166659,5.35000697523355,1.088631,0.0962491,-0.3281296,-0.5909602,0.3905898,-0.6168732,-0.3430351,0,0,0.3578854,0.1381384,0.1120121,0.9637098,-0.1131684,0.2161629,0.1083052
103990,0.0166717,5.36667867563665,1.089695,0.09544548,-0.3293092,-0.592002,0.3902212,-0.6163172,-0.3426575,0,0,0.3581296,0.1386309,0.1112491,0.9633719,-0.113195,0.2173821,0.1088419
103992,0.0166633,5.38334197551012,1.090565,0.09440717,-0.3296379,-0.5931026,0.3897547,-0.6156958,-0.3424023,0,0,0.3593091,0.1396953,0.1104455,0.9632121,-0.1143174,0.2177526,0.1083413
103996,0.0166679,5.40000987611711,1.092055,0.09288523,-0.3291987,0.5936814,-0.390633,0.6143603,0.3427968,0,0,0.3596379,0.1405647,0.1094072,0.96305,-0.1155767,0.2180234,0.1079008
104000,0.0166672,5.41667707636952,1.092836,0.09173656,-0.3293341,0.5941489,-0.3920055,0.6135655,0.3418423,0,0,0.3591987,0.1420551,0.1078852,0.9626018,-0.1164347,0.2190178,0.1089592
104004,0.0166674,5.43334447592497,1.092833,0.09138519,-0.3291719,-0.5951215,0.391064,-0.6123113,-0.3434739,0,0,0.3593341,0.1428363,0.1067366,0.9621633,-0.1164885,0.2208739,0.1090279
104006,0.0166695,5.45001397654414,1.093203,0.09058544,-0.3292088,-0.5971978,0.3901738,-0.6105525,-0.3440128,0,0,0.3591719,0.1428332,0.1063852,0.9619983,-0.1185176,0.2199835,0.1100913
104010,0.0184448,5.46845877729356,1.093411,0.08984265,-0.3295459,-0.5969215,0.392391,-0.6086943,-0.3452612,0,0,0.3592088,0.1432027,0.1055854,0.9615855,-0.1213925,0.2201369,0.1102587
104012,0.0166676,5.48512637801468,1.093569,0.08926237,-0.3298059,0.5972139,-0.3932385,0.6073288,0.3461949,0,0,0.3595458,0.1434106,0.1048426,0.960915,-0.1215445,0.2215971,0.1129789
104018,0.0166679,5.50179427862167,1.093916,0.08786131,-0.3302237,-0.5983984,0.3939309,-0.6052285,-0.3470394,0,0,0.3598059,0.1435693,0.1042624,0.9604899,-0.1223196,0.2222221,0.1145177
104020,0.0166675,5.51846177875996,1.094002,0.08677199,-0.330662,0.5986391,-0.3951849,0.6036395,0.3479649,0,0,0.3602237,0.1439157,0.1028613,0.9598418,-0.1241716,0.2232367,0.1159764
104024,0.0166665,5.53512827865779,1.09379,0.08575684,-0.3311587,0.5989186,-0.3965507,0.6022618,0.3483171,0,0,0.360662,0.1440025,0.101772,0.959303,-0.1248676,0.2242144,0.1177877
104028,0.0166671,5.55179537832737,1.093813,0.08471024,-0.3317826,0.5988116,-0.3961791,0.602797,0.3479982,0,0,0.3611586,0.1437899,0.1007568,0.9587727,-0.1253322,0.2255154,0.1191203
104032,0.0166662,5.56846157833934,1.093972,0.08344913,-0.3319245,0.5987657,-0.3969323,0.6025979,0.3475633,0,0,0.3617826,0.1438132,0.09971024,0.9589505,-0.1250582,0.2252201,0.1185339
104034,0.016666,5.58512757904828,1.093994,0.08210596,-0.3322244,0.5985028,-0.3981563,0.602133,0.3474219,0,0,0.3619245,0.1439716,0.09844916,0.9587852,-0.1247593,0.2260407,0.1186244
104036,0.0166689,5.60179647989571,1.094194,0.08104652,-0.3322278,0.5983625,-0.3992778,0.6015448,0.3473951,0,0,0.3622244,0.1439938,0.09710597,0.9585141,-0.1243145,0.227075,0.1193044
104040,0.0166667,5.61846317909658,1.094342,0.08022925,-0.332709,-0.5985782,0.3994571,-0.6016415,-0.3466493,0,0,0.3622277,0.1441943,0.09604652,0.9582216,-0.124084,0.2280449,0.1200426
104042,0.0166663,5.63512947969139,1.093911,0.07983962,-0.3326406,0.5973511,-0.4014386,0.6009076,0.3477483,0,0,0.362709,0.1443418,0.09522928,0.9581777,-0.1239838,0.228588,0.1194616
104046,0.0166671,5.65179657936096,1.094065,0.07912222,-0.332858,-0.5966861,0.4024754,-0.6010513,-0.3474432,0,0,0.3626406,0.1439114,0.09483962,0.9578405,-0.1229149,0.2293592,0.1217698
104050,0.0166668,5.66846337914467,1.094093,0.07873008,-0.3330544,-0.5969183,0.4013128,-0.6022038,-0.3463916,0,0,0.362858,0.1440647,0.09412222,0.9577608,-0.1219003,0.2300517,0.1221095
104054,0.0166668,5.68513017892838,1.094765,0.07801235,-0.3330941,-0.5975246,0.400495,-0.6025271,-0.3457301,0,0,0.3630543,0.1440931,0.09373005,0.9581549,-0.1217196,0.2294634,0.1202914
104056,0.0166691,5.70179927907884,1.09502,0.07750678,-0.3332174,-0.5977717,0.4010193,-0.6019922,-0.345627,0,0,0.363094,0.1447651,0.09301235,0.9582844,-0.1221845,0.2292726,0.1191472
104060,0.0166655,5.71846477873623,1.095302,0.07723182,-0.3330236,0.5982003,-0.3997652,0.602461,0.3455212,0,0,0.3632174,0.1450196,0.09250678,0.9580587,-0.1224235,0.2299334,0.1194439
104064,0.016667,5.73513177782297,1.095727,0.076662,-0.3324897,-0.5984158,0.4004827,-0.6016079,-0.3458038,0,0,0.3630236,0.1453021,0.09223182,0.9583178,-0.1229531,0.2290477,0.1185189
104066,0.0166663,5.75179807841778,1.095501,0.07634944,-0.3319405,0.598887,-0.3997915,0.6012222,0.346458,0,0,0.3624896,0.145727,0.091662,0.9580038,-0.1233326,0.2297376,0.1193254
104070,0.0166672,5.76846527867019,1.095334,0.07628515,-0.3316973,-0.5977553,0.401204,-0.6009538,-0.3472444,0,0,0.3619404,0.1455012,0.09134944,0.9579995,-0.1242641,0.2291375,0.1195469
104072,0.0166676,5.78513287939131,1.095485,0.07569963,-0.3316489,0.598002,-0.4013592,0.6005335,0.3473673,0,0,0.3616973,0.1453343,0.09128515,0.9578396,-0.1231824,0.2295414,0.1211618
104076,0.0166663,5.80179917998612,1.095905,0.07599571,-0.3316066,0.5977631,-0.4001966,0.6007497,0.348743,0,0,0.3616489,0.145485,0.09069963,0.957702,-0.1235447,0.2297823,0.1214232
104080,0.0166667,5.81846587918699,1.096219,0.07587022,-0.3314072,0.5981147,-0.3997385,0.6008053,0.3485699,0,0,0.3616065,0.1459048,0.09099568,0.9579861,-0.1239588,0.2280987,0.1219342
104084,0.0166671,5.83513297885656,1.09641,0.07641375,-0.3315039,0.5976767,-0.3981963,0.6009724,0.3507913,0,0,0.3614072,0.1462186,0.09087022,0.9580345,-0.1243299,0.2279307,0.1214889
104086,0.0166665,5.8517994787544,1.096509,0.07625518,-0.3317477,-0.597633,0.3967627,-0.6017659,-0.3511297,0,0,0.3615038,0.1464096,0.09141372,0.9583986,-0.1249261,0.2254958,0.1225451
104090,0.0166671,5.86846657842398,1.096594,0.07669628,-0.3315186,-0.597398,0.3962643,-0.6018511,-0.3519453,0,0,0.3617476,0.146509,0.0912552,0.9588068,-0.1250926,0.2240274,0.1218738
104094,0.0166667,5.88513327762485,1.096965,0.07659009,-0.3318751,0.5974766,-0.3956477,0.6021708,0.3519586,0,0,0.3615185,0.1465942,0.09169628,0.9589392,-0.1252186,0.2231556,0.122301
104098,0.0205558,5.90568907745183,1.097072,0.07763914,-0.3319418,-0.5971182,0.3944224,-0.6026357,-0.3531446,0,0,0.3618751,0.1469646,0.09159009,0.9590974,-0.125348,0.2226243,0.1218952
104100,0.0166684,5.92235747724772,1.097261,0.07769766,-0.3316028,-0.5971779,0.3935373,-0.6025369,-0.354198,0,0,0.3619418,0.1470721,0.0926391,0.9594408,-0.1255328,0.2208847,0.1221676
104104,0.0166666,5.93902407772839,1.097615,0.07767698,-0.3324658,0.5980604,-0.3929726,0.6014574,0.3551693,0,0,0.3616028,0.1472611,0.09269767,0.9595656,-0.1261616,0.2197411,0.1226006
104108,0.0166673,5.95569137856364,1.098095,0.07705101,-0.3326576,0.5975851,-0.3917388,0.602806,0.355046,0,0,0.3624657,0.1476149,0.09267701,0.9593477,-0.1277644,0.2193853,0.1232815
104112,0.0166677,5.97235907800496,1.098397,0.07728001,-0.3331786,-0.5976897,0.3913172,-0.6030405,-0.3549367,0,0,0.3626576,0.1480947,0.09205104,0.9598718,-0.1271638,0.218019,0.1222424
104114,0.0166665,5.98902557790279,1.098601,0.07659635,-0.3329248,-0.5973051,0.3912015,-0.603155,-0.3555169,0,0,0.3631786,0.1483971,0.09228002,0.9599751,-0.1272589,0.2177253,0.1218556
104118,0.0166669,6.00569247826934,1.098607,0.07603437,-0.3335836,0.5987467,-0.3911647,0.6030636,0.3532801,0,0,0.3629248,0.1486012,0.09159635,0.9600615,-0.12707,0.217205,0.1222996
104120,0.0166682,6.0223606787622,1.098972,0.07620656,-0.3341503,0.5995626,-0.3902164,0.6030958,0.3528901,0,0,0.3635835,0.1486074,0.09103434,0.9598784,-0.1277702,0.2187426,0.1202494
104124,0.0166653,6.03902597911656,1.099221,0.07616577,-0.3341787,-0.6000622,0.3891839,-0.6035122,-0.352469,0,0,0.3641502,0.1489723,0.0912066,0.9599439,-0.1286395,0.2184585,0.1193127
104126,0.016668,6.05569397844374,1.098864,0.07708535,-0.335038,-0.600958,0.3890799,-0.6026267,-0.3525724,0,0,0.3641787,0.1492214,0.09116577,0.9601335,-0.1291039,0.21793,0.1182472
104130,0.0166663,6.07236027903855,1.099138,0.07710484,-0.3352566,0.6012837,-0.3892575,0.6016116,0.3535534,0,0,0.3650379,0.1488639,0.09208535,0.9598721,-0.1302781,0.2183034,0.1183932
104134,0.016668,6.08902827836573,1.099463,0.07682058,-0.3355996,-0.601435,0.3896671,-0.6007763,-0.3542646,0,0,0.3652566,0.1491376,0.09210487,0.9596085,-0.1311586,0.2183171,0.1195271
104138,0.0166659,6.10569417849183,1.099869,0.07660022,-0.3356044,0.6014134,-0.3901559,0.5995423,0.3558502,0,0,0.3655995,0.1494634,0.09182058,0.9593607,-0.1316794,0.2185392,0.1205332
104142,0.0166672,6.12236137874424,1.099818,0.07582701,-0.3356233,0.6021675,-0.3898268,0.598829,0.3561365,0,0,0.3656043,0.1498688,0.09160022,0.9590409,-0.1324129,0.2184409,0.1224374
104144,0.0166665,6.13902787864208,1.099904,0.07540098,-0.3360075,-0.6032045,0.3905034,-0.5976192,-0.3556724,0,0,0.3656233,0.1498178,0.090827,0.9588628,-0.1335135,0.2184658,0.1225923
104148,0.0166673,6.15569517947733,1.099715,0.07509816,-0.3362128,0.6044767,-0.3918908,0.5955013,0.3555387,0,0,0.3660075,0.1499041,0.09040098,0.9583851,-0.1345557,0.2198354,0.1227409
104150,0.0166665,6.17236167937517,1.099751,0.07435597,-0.3360724,0.6049572,-0.39288,0.5944715,0.3553531,0,0,0.3662128,0.1497151,0.09009813,0.9575747,-0.1360311,0.221886,0.1237449
104154,0.0166676,6.18902928009629,1.099487,0.07397414,-0.3357208,-0.6058887,0.3930381,-0.5934365,-0.3553211,0,0,0.3660724,0.1497506,0.08935593,0.9571424,-0.1365049,0.2231379,0.1243158
104156,0.0166668,6.20569607988,1.099371,0.07299435,-0.3355548,-0.6059363,0.3938155,-0.5932207,-0.3547391,0,0,0.3657207,0.1494872,0.08897416,0.9567901,-0.1376565,0.2238247,0.1245226
104162,0.0166671,6.22236317954957,1.099043,0.07270616,-0.3349534,-0.6059078,0.3941599,-0.59315,-0.3545234,0,0,0.3655548,0.1493713,0.08799435,0.9566094,-0.1373983,0.2247692,0.1244947
104164,0.0166661,6.23902927897871,1.098922,0.0715977,-0.3345742,-0.6057298,0.3951045,-0.593086,-0.3538826,0,0,0.3649534,0.1490429,0.08770616,0.9565404,-0.1372427,0.2251453,0.1245175
104168,0.0166688,6.2556980792433,1.099151,0.0710575,-0.3339167,-0.6060364,0.3945585,-0.5941325,-0.3522075,0,0,0.3645742,0.1489224,0.0865977,0.956389,-0.136666,0.2261367,0.1245178
104170,0.0166652,6.27236327901483,1.099394,0.07004321,-0.3340657,0.6072179,-0.3956858,0.5940047,0.3491099,0,0,0.3639166,0.1491513,0.0860575,0.9566516,-0.1362436,0.2263717,0.1225201
104174,0.0166673,6.28903057985008,1.099383,0.06949463,-0.333965,0.6068578,-0.3974623,0.5938785,0.3479306,0,0,0.3640656,0.1493945,0.08504318,0.9562714,-0.136166,0.2291412,0.1204087
104176,0.0166663,6.30569688044488,1.099398,0.0680697,-0.3338464,0.606675,-0.3992907,0.5937793,0.3463216,0,0,0.363965,0.1493827,0.08449464,0.9559793,-0.1350699,0.2309863,0.1204371
104182,0.0166676,6.32236448116601,1.099936,0.06774014,-0.3324665,-0.6073481,0.3984024,-0.594632,-0.344698,0,0,0.3638464,0.1493983,0.0830697,0.955653,-0.1339888,0.2331287,0.1201054
104184,0.0166666,6.33903108164668,1.099788,0.06684902,-0.3320971,-0.6075073,0.3980551,-0.5954102,-0.343473,0,0,0.3624665,0.149936,0.08274014,0.9558789,-0.1340746,0.233241,0.1179759
104188,0.0166683,6.35569938085973,1.099652,0.06618288,-0.3308593,0.6076024,-0.3969247,0.5961259,0.3433715,0,0,0.3620971,0.1497884,0.08184902,0.9560619,-0.1336908,0.2334283,0.1165489
104188,0.0166656,6.37236498109996,1.099691,0.06544477,-0.3306677,0.6079867,-0.3982972,0.5949204,0.3431929,0,0,0.3608592,0.1496521,0.08118285,0.9563868,-0.1338016,0.2324681,0.1156717
104194,0.0166669,6.38903188146651,1.100149,0.06469515,-0.3300257,0.6096494,-0.3982848,0.5934407,0.3428193,0,0,0.3606677,0.1496909,0.08044477,0.9558573,-0.1341504,0.2340215,0.1165091
104198,0.0166669,6.40569878183305,1.100403,0.06350088,-0.3298889,-0.6105959,0.3989239,-0.5921965,-0.342543,0,0,0.3600256,0.1501489,0.07969512,0.9553428,-0.136068,0.2350851,0.1163645
104202,0.016667,6.42236578091979,1.100517,0.06286836,-0.3295041,0.61117,-0.3998155,0.5908915,0.3427331,0,0,0.3598889,0.1504028,0.07850088,0.9548529,-0.1371091,0.2363135,0.1166742
104204,0.0166673,6.43903308175504,1.100473,0.06205708,-0.3291877,0.6124072,-0.4000383,0.5897676,0.3422002,0,0,0.359504,0.1505174,0.07786836,0.9543583,-0.1379001,0.2374054,0.1175691
104206,0.016668,6.45570108108222,1.100703,0.06121323,-0.328595,-0.6132776,0.4004444,-0.5888015,-0.34183,0,0,0.3591877,0.1504732,0.07705708,0.9539192,-0.1392017,0.2385026,0.1173782
104210,0.0166655,6.47236658073962,1.101088,0.06060669,-0.3275483,-0.614301,0.3999515,-0.5882685,-0.3414871,0,0,0.358595,0.1507034,0.07621323,0.9535284,-0.1401139,0.2395057,0.1174252
104214,0.0166676,6.48903418146074,1.100934,0.06026009,-0.3262412,-0.6163708,0.3991632,-0.587044,-0.3407862,0,0,0.3575482,0.1510884,0.07560672,0.9533632,-0.1412618,0.2397511,0.1168898
104218,0.0166668,6.50570098124444,1.100782,0.06021479,-0.3249799,-0.6175469,0.3985759,-0.586273,-0.3406716,0,0,0.3562411,0.1509337,0.07526009,0.952957,-0.1435778,0.240446,0.1159492
104220,0.0166688,6.52236978150904,1.100731,0.05989408,-0.3246664,0.6183228,-0.3988951,0.5848675,0.3413058,0,0,0.3549799,0.1507822,0.07521476,0.9527356,-0.1450388,0.2406152,0.1155981
104224,0.0167414,6.53911118209362,1.100103,0.06015071,-0.323795,0.6186442,-0.3998732,0.5838394,0.3413392,0,0,0.3546664,0.1507308,0.07489409,0.9522868,-0.1463301,0.2411431,0.1165645
104228,0.016668,6.5557791814208,1.099257,0.06013063,-0.3232842,0.6192882,-0.402633,0.5820225,0.3400274,0,0,0.353795,0.1501033,0.07515074,0.9518551,-0.1467298,0.2422283,0.1173356
104232,0.016671,6.57245018146932,1.097466,0.06032268,-0.322925,-0.6210741,0.4057922,-0.5798683,-0.3366785,0,0,0.3532842,0.1492569,0.07513063,0.9508749,-0.14684,0.2456211,0.11809
104234,0.0166626,6.58911278098822,1.096292,0.06022507,-0.3225974,0.6213821,-0.4064898,0.5795328,0.3358454,0,0,0.352925,0.1474662,0.07532267,0.9495426,-0.1474224,0.250749,0.1173048
104238,0.0166673,6.60578008182347,1.095224,0.05939102,-0.3226377,-0.6234969,0.4062274,-0.5799805,-0.3314418,0,0,0.3525974,0.1462916,0.07522507,0.9492854,-0.1473973,0.2518646,0.1170281
104242,0.0166663,6.62244638241827,1.094534,0.05891437,-0.3226005,0.6238294,-0.4072426,0.5805832,0.3285021,0,0,0.3526377,0.1452238,0.07439102,0.9490371,-0.1479819,0.2543555,0.1128416
104246,0.0166671,6.63911348208785,1.09336,0.0581781,-0.3219999,-0.6268722,0.406991,-0.5815773,-0.3211814,0,0,0.3526005,0.1445336,0.07391433,0.9488629,-0.1469709,0.2565099,0.1107317
104248,0.017288,6.65640148147941,1.092967,0.05776256,-0.3218209,0.6279041,-0.4063868,0.5822553,0.3186928,0,0,0.3519998,0.1433603,0.07317813,0.948465,-0.147391,0.2605769,0.1038741
104254,0.0166682,6.67306968197227,1.092092,0.05729493,-0.3208127,-0.6291913,0.4043424,-0.5841505,-0.3152677,0,0,0.3518209,0.1429673,0.07276256,0.9484826,-0.1475532,0.2614785,0.1011827
104256,0.0182816,6.691351281479,1.0913,0.05721486,-0.3201333,-0.6288864,0.4036787,-0.5852846,-0.3146226,0,0,0.3508127,0.1420917,0.07229494,0.9489355,-0.1476442,0.2615147,0.09660611
104260,0.0188179,6.71016918122768,1.09083,0.05695471,-0.3197471,-0.6299859,0.4024112,-0.5853781,-0.3138721,0,0,0.3501333,0.1412997,0.07221486,0.9493134,-0.1469661,0.2609445,0.09546237
104264,0.0166673,6.72683648206294,1.090649,0.05627432,-0.3194995,-0.6312395,0.4015305,-0.5852361,-0.3127436,0,0,0.3497472,0.1408299,0.07195474,0.949365,-0.1480617,0.2606642,0.09401124
104266,0.0251227,6.75195918232203,1.090811,0.05535898,-0.3194638,-0.6332371,0.3998245,-0.5850906,-0.3111593,0,0,0.3494995,0.1406485,0.07127433,0.9492568,-0.1491718,0.2609683,0.09249325
104270,0.0166678,6.76862698234618,1.090598,0.0544225,-0.3198607,-0.6329163,0.4008946,-0.5845785,-0.3113979,0,0,0.3494638,0.1408115,0.07035895,0.9491561,-0.1510543,0.2610982,0.09007225
104272,0.0166688,6.78529578261077,1.090811,0.05330399,-0.319808,-0.6335215,0.4005052,-0.5842955,-0.3111992,0,0,0.3498607,0.1405975,0.0694225,0.9489197,-0.1507221,0.2618245,0.09100696
104276,0.0166655,6.80196128226817,1.090978,0.0512985,-0.3190182,-0.6336794,0.4026151,-0.5828717,-0.3108248,0,0,0.3498079,0.1408113,0.06830399,0.9488274,-0.1514209,0.2618839,0.09063645
104280,0.0166682,6.81862948276103,1.090921,0.05053577,-0.3189031,-0.6340281,0.4038499,-0.5815693,-0.3109516,0.00128688663244247,0,0.3490182,0.1409777,0.0662985,0.948113,-0.1513956,0.2640753,0.09179014
104284,0.0166653,6.83529478311539,1.090737,0.04971161,-0.3190347,-0.6352756,0.4050049,-0.5798051,-0.3101969,0.000343438034178689,0,0.3489031,0.1409212,0.06553577,0.9475672,-0.1518758,0.2653868,0.0928437
104288,0.0166671,6.85196188278496,1.090788,0.04868734,-0.318839,-0.6364913,0.4051805,-0.5787778,-0.3093927,0,0,0.3490347,0.1407369,0.06471162,0.9467562,-0.1531127,0.2674603,0.0931353
104290,0.0166668,6.86862868256867,1.09095,0.04756377,-0.3188313,0.6387342,-0.4050438,0.5776463,0.3070552,0,0,0.3488389,0.1407878,0.06368734,0.9462783,-0.1543101,0.2686189,0.09268094
104294,0.0166673,6.88529598340392,1.090813,0.04750896,-0.3193993,0.6399439,-0.4062514,0.5760947,0.3058538,0,0,0.3488312,0.1409498,0.06256376,0.9455981,-0.156137,0.2706293,0.09069307
104298,0.0166671,6.9019630830735,1.091242,0.04691997,-0.319783,0.6415734,-0.408988,0.5736371,0.3034022,0,0,0.3493993,0.1408132,0.06250896,0.9447922,-0.15713,0.2728936,0.09059349
104300,0.0166665,6.91862958297133,1.091848,0.04642314,-0.3191364,0.6447669,-0.4071445,0.5718827,0.3024223,0,0,0.349783,0.1412423,0.06191997,0.9433693,-0.1580729,0.2772824,0.09045322
104306,0.0204343,6.93906388245523,1.092136,0.04630113,-0.3180957,0.647324,-0.4062112,0.5702479,0.3012995,0,0,0.3491364,0.1418479,0.06142314,0.9427475,-0.1618232,0.2777864,0.08874159
104308,0.0217225,6.9607863817364,1.092075,0.04617584,-0.3172768,-0.6493235,0.4064712,-0.5680647,-0.3007703,0,0,0.3480957,0.1421362,0.06130113,0.9420697,-0.1646718,0.278823,0.08743978
104312,0.0166695,6.97745588235557,1.092292,0.04569444,-0.3157899,-0.6511787,0.4054093,-0.5668688,-0.3004488,0,0,0.3472767,0.1420751,0.06117584,0.9411663,-0.1670535,0.2804421,0.08747225
104316,0.0166647,6.99412058293819,1.092259,0.04580313,-0.3158782,-0.651113,0.4071003,-0.5657074,-0.3004935,0,0,0.3457898,0.1422918,0.06069444,0.9407547,-0.1693653,0.2806644,0.08673772
104320,0.0166683,7.01078888215125,1.092058,0.0462575,-0.3165722,0.6519349,-0.4077423,0.5638197,0.3013877,0,0,0.3458782,0.1422594,0.0608031,0.9401962,-0.1692788,0.2821972,0.08798116
104324,0.0231781,7.03396698273718,1.091691,0.04697615,-0.3170943,0.6518819,-0.4092307,0.5624076,0.3021226,0,0,0.3465721,0.1420581,0.0612575,0.9395514,-0.1707756,0.2829769,0.08945973
104326,0.0170912,7.05105818249285,1.091479,0.0470953,-0.3173799,-0.6513342,0.4095917,-0.5625415,-0.3025649,0,0,0.3470943,0.1416915,0.06197615,0.9389983,-0.171036,0.284087,0.0912334
104330,0.0166676,7.06772578321397,1.091046,0.04764903,-0.3178879,-0.6509784,0.4102466,-0.5619705,-0.303503,0,0,0.3473799,0.1414794,0.06209527,0.9390792,-0.1705146,0.2839437,0.09182088
104334,0.0166695,7.08439528383315,1.091012,0.04726392,-0.3180284,-0.6524607,0.4094664,-0.561376,-0.3024721,0,0,0.3478879,0.1410456,0.06264906,0.9389335,-0.1704786,0.2840184,0.09313752
104336,0.0167008,7.10109608434141,1.091461,0.04686752,-0.3176554,0.652054,-0.4097268,0.5614913,0.3027822,0,0,0.3480284,0.1410121,0.06226392,0.9386333,-0.1719655,0.284533,0.09185065
104340,0.0166502,7.11774628423154,1.091526,0.04683829,-0.3174519,0.6520949,-0.4105017,0.560661,0.3031829,0,0,0.3476554,0.1414608,0.06186752,0.9386978,-0.1715696,0.2844258,0.09226336
104342,0.0166668,7.13441308401525,1.091631,0.04648108,-0.3168828,-0.6516227,0.4113571,-0.5605159,-0.3033071,0,0,0.3474519,0.1415259,0.06183828,0.9383735,-0.1718073,0.2850396,0.09321918
104346,0.0166684,7.15108148381114,1.091386,0.04671553,-0.3163274,0.6516213,-0.4097682,0.5612312,0.3041369,0,0,0.3468828,0.1416314,0.06148107,0.9382677,-0.1712347,0.285519,0.09386912
104350,0.0166684,7.16774988360703,1.091307,0.04679897,-0.3159307,0.6510221,-0.4098507,0.561317,0.305149,0,0,0.3463274,0.1413861,0.0617155,0.9387715,-0.1716315,0.2837309,0.0935281
104354,0.0166642,7.18441408313811,1.091268,0.04653853,-0.316038,0.6511716,-0.4108423,0.5603442,0.3052845,0,0,0.3459307,0.1413066,0.06179897,0.9389282,-0.1713127,0.2830956,0.09445969
104358,0.0194546,7.20386868342757,1.091418,0.04611585,-0.3159817,-0.6513462,0.4111268,-0.559664,-0.3057764,0,0,0.346038,0.1412676,0.06153853,0.938498,-0.1715692,0.2840718,0.09533507
104360,0.0168424,7.22071108408272,1.091481,0.04584086,-0.3156205,0.6515411,-0.4113621,0.5595315,0.3052866,0,0,0.3459816,0.1414178,0.06111582,0.9382793,-0.1720316,0.2842728,0.09605197
104364,0.0166686,7.23737968318164,1.091211,0.04546416,-0.3155575,0.6514912,-0.412415,0.5590019,0.3049428,0,0,0.3456205,0.1414806,0.06084086,0.9381474,-0.1720583,0.2847826,0.09578208
104366,0.0166669,7.25404658354819,1.091122,0.04475269,-0.3154082,-0.6511757,0.4129915,-0.5588863,-0.305048,0,0,0.3455575,0.1412115,0.06046416,0.9378178,-0.1718262,0.2858655,0.09619971
104370,0.0166668,7.27071338333189,1.090952,0.04424667,-0.3150033,0.6505591,-0.4140392,0.5585281,0.3055992,0,0,0.3454081,0.1411219,0.05975266,0.9377414,-0.1714556,0.2861835,0.09666027
104374,0.0166666,7.28737998381257,1.091059,0.04351637,-0.3153001,0.6504425,-0.4148908,0.5580848,0.3055021,0,0,0.3450032,0.1409521,0.0592467,0.9375911,-0.1708952,0.2866099,0.09783985
104378,0.0166683,7.30404828302562,1.091012,0.04453903,-0.3166684,0.6500537,-0.4155091,0.5574968,0.3065612,0,0,0.3453001,0.141059,0.05851637,0.9373401,-0.170694,0.287378,0.09834123
104380,0.0166651,7.32071338221431,1.091361,0.0447475,-0.3172198,-0.6498819,0.4159432,-0.557715,-0.3059393,0,0,0.3466683,0.141012,0.05953901,0.9371998,-0.1706789,0.2873596,0.09974851
104384,0.0166674,7.33738078176975,1.09075,0.0452666,-0.3168921,-0.6496458,0.4161442,-0.5579948,-0.3056571,0,0,0.3472198,0.1413611,0.05974747,0.9371684,-0.1701566,0.2878834,0.09942558
104388,0.0166663,7.35404708236456,1.090832,0.04518542,-0.3166074,-0.6494599,0.4167467,-0.5577854,-0.3056135,0,0,0.346892,0.1407496,0.0602666,0.9372226,-0.1697099,0.2880301,0.09925238
104392,0.0192751,7.37332218326628,1.091103,0.04525635,-0.3161644,0.6475828,-0.4169268,0.5595227,0.3061747,0,0,0.3466073,0.1408319,0.06018539,0.9370871,-0.1694432,0.2885032,0.09961291
104394,0.0166677,7.3899898827076,1.090945,0.04520002,-0.3154349,0.6471549,-0.4158791,0.5615472,0.304795,0,0,0.3461643,0.1411027,0.06025635,0.9378049,-0.1672196,0.287353,0.09993967
104398,0.0166833,7.40667318180203,1.091608,0.04585832,-0.3164486,0.6467757,-0.4148727,0.5628328,0.3046,0,0,0.3454348,0.1409447,0.06020002,0.9384843,-0.1660032,0.2865897,0.09775807
104402,0.0166511,7.42332428134978,1.091235,0.04588696,-0.3162024,0.6464772,-0.4154366,0.5621726,0.3056824,0,0,0.3464486,0.1416079,0.06085829,0.9390283,-0.165413,0.2854821,0.09677027
104406,0.0166684,7.43999268114567,1.091126,0.04739085,-0.3160405,0.6456031,-0.414511,0.5621749,0.3087665,0,0,0.3462024,0.1412347,0.06088696,0.93887,-0.1655262,0.2854572,0.09817601
104408,0.0166674,7.45666008070111,1.091108,0.04753897,-0.315991,0.6449863,-0.4144522,0.5623337,0.3098433,0,0,0.3460405,0.1411265,0.06239085,0.9393346,-0.1658302,0.2829862,0.100348
104412,0.0166661,7.47332618013024,1.091306,0.04915902,-0.3158325,0.6439413,-0.412246,0.5635557,0.3127265,0,0,0.345991,0.141108,0.062539,0.9395323,-0.1655267,0.2821879,0.1012426
104414,0.0166666,7.48999278061092,1.091496,0.04916546,-0.3155991,0.6433918,-0.4117189,0.5644078,0.3130151,0,0,0.3458325,0.1413056,0.06415902,0.9405252,-0.1655283,0.2784838,0.1022718
104418,0.0166678,7.50666058063507,1.091638,0.04964784,-0.3149289,0.6424166,-0.41087,0.5648345,0.315355,0,0,0.345599,0.141496,0.06416549,0.9409219,-0.1649455,0.2775604,0.1020745
104422,0.016666,7.52332658134401,1.091644,0.0491769,-0.3146708,0.6421546,-0.4108211,0.5651665,0.3153577,0,0,0.3449289,0.1416381,0.06464787,0.9414298,-0.164784,0.2753702,0.1035737
104426,0.0166674,7.53999398089945,1.092064,0.04894412,-0.3145358,-0.6414692,0.4113957,-0.5650063,-0.3162891,0,0,0.3446708,0.1416436,0.06417693,0.9415577,-0.164441,0.2751676,0.1034944
104428,0.016666,7.55665998160839,1.092638,0.0486846,-0.3150523,0.6415153,-0.4110169,0.5650898,0.3165388,0,0,0.3445358,0.1420638,0.06394412,0.9415601,-0.1639812,0.274979,0.1046968
104432,0.0199866,7.57664658129215,1.093172,0.04879949,-0.3151639,-0.6418399,0.4107353,-0.564509,-0.3172818,0,0,0.3450522,0.1426378,0.0636846,0.9416518,-0.1641641,0.2745632,0.1046765
104434,0.0166669,7.5933134816587,1.093281,0.04878104,-0.3154352,0.6424295,-0.4102548,0.562856,0.3196382,0,0,0.3451639,0.1431721,0.06379949,0.9415457,-0.1649486,0.2742341,0.1052584
104438,0.0166701,7.60998358204961,1.093698,0.04889724,-0.3162691,-0.6432966,0.4098276,-0.5618367,-0.3202349,0.00208051968365908,0,0.3454351,0.1432807,0.06378104,0.9412412,-0.1668609,0.2733193,0.1073265
104442,0.0166912,7.62667478248477,1.093773,0.04906788,-0.3170314,0.643581,-0.4095477,0.5610253,0.3214418,0.00646290509030223,0,0.3462691,0.143698,0.06389724,0.9409629,-0.1682944,0.273228,0.1077607
104446,0.0166666,7.64334138296545,1.093655,0.04947537,-0.3168705,0.6441071,-0.4082223,0.5599307,0.3239725,0.00930547248572111,0,0.3470314,0.1437731,0.06406786,0.940819,-0.1692554,0.2727193,0.108796
104448,0.0166672,7.66000858321786,1.093908,0.04921567,-0.3176154,-0.6446033,0.4071964,-0.5601261,-0.3239391,0.0154258124530315,0,0.3468705,0.143655,0.0644754,0.9407998,-0.1711882,0.2709181,0.1104254
104452,0.0166665,7.6766750831157,1.094189,0.0489842,-0.3172213,-0.6435769,0.4071176,-0.5603853,-0.325626,0.0171566344797611,0,0.3476154,0.1439077,0.06421567,0.9409509,-0.171835,0.27026,0.1097442
104454,0.0166668,7.6933418828994,1.094507,0.04837012,-0.3170464,-0.6436338,0.4074172,-0.5601273,-0.3255829,0.0159524194896221,0,0.3472212,0.1441889,0.0639842,0.9412435,-0.1713027,0.268997,0.1111613
104458,0.0166664,7.7100082822144,1.094324,0.04845279,-0.3174023,0.643273,-0.406699,0.5607514,0.3261193,0.0183094646781683,0,0.3470463,0.1445068,0.06337012,0.9411178,-0.1713542,0.2693276,0.1113448
104462,0.016669,7.72667728178203,1.094205,0.04835385,-0.3174658,-0.6428366,0.405612,-0.5618514,-0.32644,0.0140939839184284,0,0.3474022,0.1443238,0.0634528,0.9414689,-0.1711458,0.2682534,0.1112906
104466,0.016665,7.74334228225052,1.093992,0.04846838,-0.317974,-0.6411842,0.4045297,-0.5643784,-0.3266735,0.011763921007514,0,0.3474658,0.1442054,0.06335388,0.9420026,-0.170737,0.2668619,0.1107461
104468,0.0166667,7.76000898145139,1.094302,0.04732722,-0.3179384,-0.6419379,0.4050955,-0.5633848,-0.3262071,0.00917901564389467,0,0.3479739,0.1439919,0.06346838,0.9430566,-0.1686881,0.2647829,0.1099027
104474,0.0253782,7.7853871807456,1.093943,0.04687172,-0.3187526,0.6406575,-0.4063749,0.563893,0.3262548,0.0129961594939232,0,0.3479384,0.1443017,0.06232722,0.942591,-0.1694452,0.2659215,0.109984
104476,0.0170979,7.80248508043587,1.093941,0.04677931,-0.3198615,-0.6409398,0.4067814,-0.5632596,-0.3262878,0.0154141345992684,0,0.3487526,0.1439425,0.06187169,0.9426844,-0.1677703,0.2663463,0.1107201
104480,0.0166687,7.81915378011763,1.093847,0.0465323,-0.320994,0.6402879,-0.4072517,0.5635685,0.3264475,0.015738470479846,0,0.3498615,0.1439406,0.06177931,0.9424197,-0.1681534,0.2668848,0.1110949
104484,0.0188498,7.83800357952714,1.09355,0.04594005,-0.320663,-0.6392714,0.4087873,-0.5631906,-0.3271717,0.0165245980024338,0,0.3509941,0.1438466,0.0615323,0.9425145,-0.1673695,0.266885,0.1114738
104488,0.0166698,7.85467338003218,1.092955,0.04571986,-0.3207171,0.6399305,-0.4086876,0.5630496,0.3262495,0.0170184560120106,0,0.350663,0.1435496,0.06094004,0.9423277,-0.166373,0.2674782,0.1131105
104490,0.0166665,7.87133987993002,1.092838,0.04521725,-0.3199202,-0.6404492,0.4089198,-0.5625929,-0.3257279,0.0289144143462181,0,0.350717,0.142955,0.06071986,0.9421831,-0.16679,0.2680908,0.1122477
104494,0.0166662,7.88800607994199,1.09284,0.04474336,-0.3183525,-0.6406804,0.4060563,-0.5654607,-0.3238847,0.0339333489537239,0,0.3499202,0.1428382,0.06021725,0.9419369,-0.1672162,0.2687958,0.1119939
104496,0.0166669,7.90467298030853,1.092323,0.04469538,-0.3175357,0.6404264,-0.4024213,0.5692239,0.322328,0.0387189537286758,0,0.3483525,0.1428402,0.05974336,0.9430304,-0.1666527,0.2668728,0.1081646
104500,0.0166672,7.92134018056095,1.091777,0.04479441,-0.3157187,-0.6384605,0.3985908,-0.5723451,-0.3254456,0.0396144166588783,0,0.3475357,0.1423232,0.05969538,0.9445311,-0.1656208,0.2638491,0.1039929
104504,0.0166669,7.93800708092749,1.091264,0.04504365,-0.3148994,-0.6342753,0.3955599,-0.5767766,-0.3294784,0.0448409803211689,0,0.3457187,0.141777,0.05979438,0.9463109,-0.1646286,0.2580312,0.1039859
104506,0.0166671,7.95467418059707,1.091001,0.04477847,-0.3127227,-0.6317807,0.3881675,-0.5796959,-0.337834,0.042347714304924,0,0.3448994,0.1412637,0.06004365,0.9485713,-0.1612059,0.2513568,0.1050951
104510,0.0166666,7.97134078107774,1.090255,0.04527381,-0.3119562,0.6269298,-0.3762096,0.5873747,0.3470106,0.0717262327671051,0,0.3427227,0.141001,0.05977844,0.9509947,-0.162267,0.2401601,0.1077116
104514,0.0166668,7.98800758086145,1.088968,0.04651701,-0.3104029,0.625823,-0.3680433,0.5887985,0.355255,0.0904011353850365,0,0.3419562,0.1402546,0.06027384,0.9553413,-0.1610222,0.2231526,0.1076933
104518,0.0166666,8.00467418134212,1.08936,0.04633617,-0.3091125,-0.6249734,0.3628114,-0.5905629,-0.359182,0.118485577404499,0,0.3404028,0.1389683,0.06151702,0.9570353,-0.1641146,0.2122081,0.1100799
104522,0.0166678,8.02134198136628,1.088799,0.04667252,-0.3084584,-0.6205098,0.3607934,-0.5904551,-0.3689969,0.123072110116482,0,0.3391125,0.1393595,0.06133614,0.9582517,-0.1652938,0.2055961,0.1102816
104524,0.0166665,8.03800848126411,1.088605,0.04682067,-0.3078311,0.6200209,-0.3542255,0.5915801,0.3743414,0.127403631806374,0,0.3384584,0.1387985,0.06167255,0.9590549,-0.1646756,0.1978993,0.1180322
104528,0.0166672,8.05467568151653,1.088287,0.04672102,-0.3064522,-0.6173698,0.3401175,-0.595853,-0.3848815,0.148363098502159,0.0831744149327278,0.3378311,0.1386047,0.06182067,0.9601421,-0.1672078,0.189842,0.118864
104530,0.0166666,8.0713422819972,1.08867,0.04669646,-0.3060615,0.6143119,-0.3301355,0.6029845,0.3873515,0.158271536231041,0.313390702009201,0.3364521,0.1382867,0.06172101,0.9628569,-0.1703212,0.1720155,0.1196162
104534,0.0166675,8.08800978213549,1.089424,0.04691178,-0.306211,-0.610783,0.3306817,-0.6048561,-0.389542,0.165290474891663,0.416175991296768,0.3360615,0.1386703,0.06169643,0.9657099,-0.1685969,0.1604326,0.1150691
104538,0.0166666,8.10467638261616,1.088961,0.04761547,-0.3059857,0.6079444,-0.3358172,0.6004691,0.3963171,0.195514053106308,0.531998753547668,0.336211,0.1394244,0.06191181,0.9664063,-0.1652423,0.1582045,0.1171547
104540,0.0166668,8.12134318239987,1.089155,0.04782248,-0.3056362,-0.6030073,0.3288788,-0.6071535,-0.3994817,0.249923825263977,0.746390342712402,0.3359857,0.1389611,0.06261547,0.9651104,-0.1647522,0.1590249,0.1270029
104544,0.0166667,8.13800988160074,1.089138,0.04795223,-0.3047379,0.5988913,-0.3242343,0.6112483,0.4032083,0.253679066896439,0.934392213821411,0.3356362,0.1391554,0.06282245,0.9676358,-0.1608571,0.1489455,0.1249852
104546,0.0166676,8.15467748232186,1.089639,0.04775557,-0.30374,-0.5915441,0.3252599,-0.6149569,-0.4075654,0.269986897706985,1,0.3347379,0.139138,0.06295227,0.9692085,-0.1581406,0.141247,0.1252024
104550,0.0166665,8.1713439822197,1.089586,0.04820586,-0.3033566,0.5815983,-0.3253641,0.6206473,0.4131327,0.315780520439148,1,0.33374,0.139639,0.06275557,0.9704164,-0.1512388,0.1366565,0.1293983
104554,0.0166679,8.18801188282669,1.089802,0.0485374,-0.3032051,0.578034,-0.3236962,0.6227803,0.4162238,0.339435815811157,1,0.3333566,0.1395856,0.06320585,0.9721829,-0.1419575,0.1294457,0.1339859
104558,0.0166666,8.20467848330736,1.090472,0.04894686,-0.3035212,-0.5699461,0.3172751,-0.6308892,-0.4200915,0.375032752752304,1,0.3332051,0.139802,0.0635374,0.9729009,-0.1394177,0.1249931,0.1356589
104560,0.0166667,8.22134518250823,1.090614,0.04964918,-0.3036766,0.5694457,-0.3117546,0.6337996,0.4205222,0.456352859735489,1,0.3335212,0.1404722,0.06394686,0.975426,-0.132361,0.1135864,0.1346216
104564,0.0166665,8.23801168240607,1.091207,0.04983091,-0.3036972,0.5666941,-0.3099618,0.6357656,0.4225916,0.531382501125336,1,0.3336766,0.1406143,0.06464918,0.9764255,-0.1326207,0.1082556,0.1314753
104566,0.0166683,8.25467998161912,1.090749,0.05016965,-0.3039224,0.5640132,-0.3101925,0.6357116,0.4260758,0.55180037021637,1,0.3336972,0.1412073,0.06483091,0.9770104,-0.1306177,0.1045015,0.1321715
104570,0.0166657,8.27134568244219,1.090839,0.05011714,-0.3038753,-0.5612502,0.3019735,-0.640779,-0.4280333,0.591018795967102,1,0.3339223,0.140749,0.06516962,0.9769759,-0.1292176,0.1021335,0.1356086
104574,0.0166678,8.28801348246634,1.091315,0.0497925,-0.303812,0.5589772,-0.2919631,0.6467593,0.4289575,0.612018465995789,1,0.3338753,0.1408394,0.06511717,0.9785537,-0.1279653,0.09272112,0.1321378
104578,0.0166656,8.30467908270657,1.091224,0.0498679,-0.3044499,0.5562581,-0.2897498,0.6499639,0.4291491,0.654136836528778,1,0.3338119,0.1413153,0.0647925,0.9803283,-0.127069,0.08236079,0.1265965
104580,0.0166678,8.32134688273072,1.091304,0.05000913,-0.3045226,-0.556268,0.2791033,-0.6554212,-0.4278907,0.660815179347992,1,0.3344499,0.141224,0.06486787,0.9811549,-0.1242516,0.07889782,0.1251873
104584,0.0166668,8.33801368251443,1.09114,0.0502865,-0.3050803,-0.5527735,0.2726473,-0.6615966,-0.4270772,0.687657415866852,1,0.3345226,0.1413041,0.06500913,0.9826903,-0.1251362,0.0699663,0.1173261
104588,0.0166685,8.35468218289316,1.091308,0.0505887,-0.3052483,0.5528166,-0.2679745,0.6643278,0.4257373,0.705115854740143,1,0.3350803,0.1411403,0.06528653,0.9842131,-0.1215798,0.06273604,0.1122817
104590,0.0166656,8.37134778313339,1.091386,0.05062288,-0.3054797,-0.5517488,0.2638418,-0.6657099,-0.4275408,0.725538849830627,1,0.3352482,0.1413078,0.0655887,0.9848946,-0.1216707,0.05912474,0.1080893
104594,0.0200381,8.39138588309288,1.091455,0.05050623,-0.3051776,0.5504093,-0.2615408,0.6672243,0.4283198,0.732787489891052,1,0.3354797,0.1413863,0.06562288,0.9852096,-0.1220154,0.05437341,0.1073214
104598,0.0166685,8.40805438347161,1.091827,0.05029422,-0.3050413,-0.5482737,0.2568424,-0.6710456,-0.4279321,0.749696910381317,1,0.3351776,0.1414554,0.0655062,0.985542,-0.1212267,0.05141289,0.1066201
104602,0.0166667,8.42472108267248,1.092054,0.0503833,-0.3048253,0.5479023,-0.2548468,0.6717891,0.428434,0.761789441108704,1,0.3350413,0.1418268,0.06529425,0.9863845,-0.1193165,0.04634302,0.1032546
104606,0.0166674,8.44138848222792,1.092261,0.05011949,-0.3046566,0.5479683,-0.2527975,0.6733452,0.4271189,0.76884925365448,1,0.3348252,0.1420537,0.06538327,0.9865354,-0.1194803,0.04425481,0.1025369
104608,0.0166668,8.45805528201163,1.092478,0.05001125,-0.3044902,0.5477986,-0.2517343,0.6740584,0.4268394,0.780666947364807,1,0.3346566,0.1422614,0.06511949,0.9868842,-0.119232,0.04294976,0.09999368
104612,0.0166663,8.47472158260643,1.092626,0.04958385,-0.304525,0.5471724,-0.250583,0.6751845,0.4265402,0.78820812702179,1,0.3344902,0.142478,0.06501125,0.987036,-0.1190748,0.04203406,0.09906671
104614,0.0166686,8.49139018170536,1.092846,0.04969892,-0.3045641,0.5473516,-0.2493463,0.6759015,0.4258989,0.802254498004913,1,0.334525,0.1426257,0.06458388,0.987272,-0.1183931,0.04081026,0.09803845
104618,0.0166657,8.50805588252842,1.093403,0.04970953,-0.3050488,0.5475627,-0.2470325,0.6773992,0.4245944,0.805812776088715,1,0.3345641,0.1428462,0.06469889,0.9874267,-0.1184892,0.040048,0.09666993
104622,0.0166703,8.52472618222237,1.093902,0.04995087,-0.3051349,0.5473152,-0.2466975,0.6780583,0.4240559,0.811622619628906,1,0.3350488,0.1434026,0.0647095,0.9877439,-0.118476,0.03859401,0.09400009
104626,0.0166649,8.54139108210802,1.094801,0.05021775,-0.3055316,-0.5483088,0.2445138,-0.6786667,-0.4230626,0.816113293170929,1,0.3351349,0.1439021,0.0649509,0.9878848,-0.1179738,0.03835445,0.09324614
104628,0.0166684,8.55805948190391,1.095615,0.05066445,-0.3057973,0.5496264,-0.2391773,0.6806903,0.4211482,0.820875585079193,1,0.3355316,0.1448013,0.06521775,0.9880074,-0.1190117,0.03732141,0.09102054
104632,0.0166649,8.57472438178957,1.096424,0.05144542,-0.3058837,-0.551066,0.2352944,-0.6810803,-0.4208236,0.824008882045746,1,0.3357973,0.1456147,0.06566449,0.9883868,-0.1205379,0.03405512,0.08603737
104634,0.0197018,8.59442618116736,1.097034,0.05203569,-0.3059874,0.5512108,-0.2351317,0.680802,0.421175,0.832545399665833,1,0.3358837,0.1464241,0.06644543,0.988411,-0.1227629,0.03158078,0.08352062
104638,0.0166678,8.61109398119152,1.097412,0.05250037,-0.305945,-0.5515096,0.2361565,-0.6794855,-0.422335,0.835566818714142,1,0.3359874,0.1470342,0.06703569,0.9883476,-0.123139,0.03139968,0.08378518
104642,0.0166675,8.6277614813298,1.097722,0.05280575,-0.3057576,-0.5513313,0.2352989,-0.680292,-0.4217478,0.839864671230316,1,0.335945,0.1474116,0.06750037,0.988081,-0.1238836,0.03204942,0.08556581
104646,0.0166666,8.64442808181047,1.097522,0.05308384,-0.3056189,-0.5528049,0.2330025,-0.6799434,-0.4216557,0.840578138828278,1,0.3357576,0.1477216,0.06780578,0.9882396,-0.1235378,0.03141535,0.08446323
104648,0.016667,8.66109508089721,1.097747,0.05331236,-0.3050654,0.5534659,-0.2309262,0.6803686,0.4212448,0.847355604171753,1,0.3356189,0.1475219,0.06808384,0.9881258,-0.1256334,0.0302471,0.08311959
104652,0.0166674,8.67776248045266,1.098026,0.05310512,-0.3045378,0.5541232,-0.2298297,0.6811545,0.4197076,0.849249601364136,1,0.3350654,0.1477467,0.06831236,0.9881751,-0.1265851,0.02895009,0.08153613
104654,0.0166665,8.69442898035049,1.0981,0.05304861,-0.3042205,0.5542147,-0.2280347,0.682198,0.41887,0.848078072071075,1,0.3345377,0.1480262,0.06810512,0.9883261,-0.1267808,0.02886791,0.07940368
104658,0.0166687,8.71109768003225,1.098249,0.0530181,-0.304089,-0.5551649,0.2252454,-0.6831784,-0.417521,0.848119676113129,1,0.3342204,0.1480996,0.06804858,0.9885063,-0.1268071,0.02765881,0.07752597
104662,0.0166652,8.72776287980378,1.098478,0.05283108,-0.3039961,0.5556005,-0.2238604,0.6837596,0.4167342,0.846829473972321,1,0.334089,0.1482487,0.06801809,0.9886452,-0.1277702,0.02622203,0.07461861
104666,0.016668,8.74443087913096,1.098486,0.05297303,-0.3039667,-0.5559517,0.2237806,-0.6837558,-0.4163148,0.846624553203583,1,0.333996,0.1484783,0.06783105,0.9887305,-0.1281509,0.02553015,0.07305848
104668,0.0166825,8.76111337915063,1.098687,0.05303168,-0.3040662,-0.5560922,0.2244767,-0.6835523,-0.4160865,0.84718781709671,1,0.3339667,0.1484856,0.06797303,0.9887286,-0.1283646,0.0257867,0.07261769
104672,0.0166891,8.77780247852206,1.098503,0.05306641,-0.3042127,0.5564336,-0.2244509,0.6842508,0.4144929,0.847335755825043,1,0.3340662,0.1486872,0.06803168,0.9887064,-0.1282784,0.02653166,0.07280457
104674,0.018092,8.79589447937906,1.09805,0.05333427,-0.304395,0.5558379,-0.2240451,0.6849225,0.4144025,0.850166082382202,1,0.3342126,0.1485026,0.0680664,0.9888536,-0.127883,0.02722363,0.07122739
104680,0.0166677,8.81256217882037,1.097827,0.05374223,-0.3041839,-0.5577793,0.2136934,-0.6896378,-0.4094106,0.855580508708954,1,0.334395,0.1480499,0.0683343,0.988982,-0.1272238,0.02659537,0.07086241
104682,0.0166673,8.82922947965562,1.097536,0.05378139,-0.3043737,-0.5573992,0.2106189,-0.6916828,-0.4080697,0.861063420772552,1,0.3341839,0.1478266,0.06874226,0.9896054,-0.129057,0.02047207,0.06005342
104686,0.0166674,8.84589687921107,1.096909,0.05375987,-0.3041759,0.5572684,-0.20766,0.6928408,0.4077999,0.868329048156738,1,0.3343737,0.1475357,0.06878136,0.9898974,-0.1285814,0.01811498,0.05693736
104688,0.0166668,8.86256367899477,1.096815,0.05348396,-0.3037137,0.5571212,-0.2056858,0.6943061,0.4065077,0.872122526168823,1,0.3341758,0.1469087,0.06875987,0.9900087,-0.1289076,0.01562663,0.05496873
104692,0.016667,8.87923067808151,1.09659,0.05306244,-0.3035442,0.5554345,-0.2027231,0.6971316,0.4054669,0.875189602375031,1,0.3337137,0.1468151,0.06848396,0.9902107,-0.1285136,0.01431525,0.05255622
104696,0.0166669,8.89589757844806,1.096395,0.05303928,-0.303622,-0.5559721,0.1970691,-0.699121,-0.40409,0.883247911930084,1,0.3335441,0.1465904,0.06806241,0.9906321,-0.1266757,0.01128235,0.04973929
104700,0.0166673,8.91256487928331,1.095445,0.05351314,-0.3041598,0.5545123,-0.1951051,0.700488,0.4046811,0.886336445808411,1,0.333622,0.146395,0.06803925,0.9907382,-0.1278337,0.007252226,0.04520983
104702,0.0166673,8.92923218011856,1.095126,0.05396456,-0.3042242,-0.5540791,0.1900968,-0.7029531,-0.4033814,0.890549898147583,1,0.3341598,0.1454452,0.06851317,0.9909065,-0.1268619,0.004633671,0.04459604
104706,0.0166687,8.94590087980032,1.094479,0.0545167,-0.3045434,0.5534151,-0.1890995,0.7037241,0.4034173,0.886202275753021,1,0.3342242,0.1451264,0.06896453,0.9910983,-0.1268294,0.0006328595,0.04047395
104708,0.0166652,8.96256607957184,1.094301,0.05513152,-0.30447,-0.5531803,0.1856111,-0.7053944,-0.4024412,0.881645441055298,1,0.3345434,0.1444793,0.0695167,0.9911883,-0.1263033,-0.0005631246,0.03991171
104712,0.0166658,8.9792318791151,1.093834,0.05572262,-0.304599,0.5519294,-0.1854274,0.7064801,0.4023389,0.880314111709595,1,0.3344699,0.1443006,0.07013153,0.9912919,-0.1263396,-0.003283252,0.03698675
104716,0.0201451,8.99937697872519,1.093778,0.05638549,-0.3045805,-0.5512661,0.1814386,-0.7086974,-0.4011657,0.885260999202728,1,0.334599,0.1438343,0.07072262,0.9914823,-0.1248937,-0.004049415,0.03671448
104720,0.0166669,9.01604387909174,1.09405,0.05697614,-0.3043956,-0.550669,0.1759892,-0.7118177,-0.3988822,0.883959054946899,1,0.3345805,0.1437783,0.07138549,0.9916372,-0.1244699,-0.007336947,0.03330389
104722,0.016669,9.03271287865937,1.094167,0.0583088,-0.3039642,-0.5503392,0.1734957,-0.7134662,-0.3974822,0.884450495243073,1,0.3343955,0.1440499,0.07197614,0.9918281,-0.1239428,-0.01142243,0.02801261
104726,0.0166666,9.04937947914004,1.094561,0.05931726,-0.3036813,-0.5496882,0.1704271,-0.7158056,-0.3954994,0.887612402439117,1,0.3339642,0.1441666,0.07330878,0.9919384,-0.1234773,-0.01319328,0.02524886
104730,0.0166682,9.0660476796329,1.095044,0.0606609,-0.3031638,-0.5487584,0.167666,-0.7180774,-0.3938493,0.890695214271545,1,0.3336813,0.1445608,0.07431726,0.9921128,-0.1225108,-0.01540365,0.02158907
104734,0.0166677,9.08271537907422,1.095657,0.06197155,-0.3030915,-0.5492942,0.1647216,-0.7204282,-0.3900332,0.885944128036499,1,0.3331637,0.1450439,0.07566087,0.992286,-0.1213226,-0.01761086,0.01841758
104736,0.0166693,9.09938467852771,1.09605,0.06429482,-0.3023466,-0.5495244,0.159422,-0.7235775,-0.3860611,0.881771445274353,1,0.3330915,0.145657,0.07697155,0.9924138,-0.1208398,-0.01845705,0.01311835
104740,0.0166631,9.11604777909815,1.096107,0.06719634,-0.3014452,-0.5492319,0.155021,-0.7260641,-0.3835932,0.877782940864563,1,0.3323466,0.14605,0.07929476,0.9924595,-0.1205295,-0.02135456,0.006384887
104744,0.01708,9.13312777876854,1.096263,0.07013994,-0.3006397,0.5507222,-0.1515009,0.7264165,0.3821931,0.874350249767303,1,0.3314452,0.1461065,0.08219634,0.9924594,-0.1201329,-0.02428936,0.001593442
104748,0.0166678,9.14979557879269,1.095603,0.07380971,-0.299896,-0.5512242,0.1473396,-0.7274842,-0.3810639,0.874122202396393,1,0.3306397,0.1462632,0.08513997,0.9921827,-0.1220559,-0.02595094,-0.001594247
104750,0.0213595,9.1711550783366,1.095155,0.07710593,-0.2995261,0.5512246,-0.145045,0.7279522,0.3810497,0.878646194934845,1,0.329896,0.1456032,0.08880974,0.9919595,-0.1231517,-0.02874011,-0.004903807
104754,0.0166672,9.18782227858901,1.094213,0.07981944,-0.2989534,0.5503323,-0.1436832,0.7290155,0.3808227,0.884777307510376,1,0.3295261,0.1451545,0.09210594,0.9918242,-0.1237278,-0.03063226,-0.006150365
104758,0.0166669,9.20448917895556,1.092951,0.08277629,-0.2984369,-0.5498023,0.1426283,-0.7293849,-0.3812772,0.899804890155792,1,0.3289534,0.1442135,0.09481941,0.9918661,-0.1229558,-0.03213358,-0.007140955
104762,0.0166732,9.22116237878799,1.091434,0.08660638,-0.2980626,-0.5483156,0.1411533,-0.730125,-0.3825483,0.908124923706055,1,0.3284369,0.142951,0.09777628,0.9918371,-0.1228331,-0.03343679,-0.007291484
104764,0.0166627,9.23782507888973,1.090372,0.09008978,-0.2978206,-0.5450773,0.1400749,-0.7315831,-0.3847806,0.908122420310974,1,0.3280625,0.1414341,0.1016064,0.9918442,-0.1221106,-0.03586351,-0.006920299
104768,0.0166688,9.25449387915432,1.089369,0.09352684,-0.297765,-0.5436975,0.1383017,-0.7341072,-0.3825603,0.914244115352631,1,0.3278206,0.1403716,0.1050898,0.9920149,-0.1197507,-0.03919335,-0.005480528
104770,0.0180255,9.2725193798542,1.089069,0.09601892,-0.2978236,-0.5422953,0.1359503,-0.7362177,-0.3813357,0.917283535003662,1,0.3277649,0.1393691,0.1085268,0.9921915,-0.1176251,-0.04057121,-0.008627152
104776,0.0166713,9.28919067978859,1.087412,0.09948174,-0.2975336,-0.5385869,0.1344148,-0.740244,-0.3793359,0.913745284080505,1,0.3278235,0.1390689,0.1110189,0.9922543,-0.1160919,-0.0427856,-0.01111534
104778,0.0166638,9.30585448071361,1.086884,0.1026636,-0.2972727,0.5370208,-0.129977,0.7426271,0.3784437,0.910884082317352,1,0.3275335,0.1374115,0.1144817,0.9926473,-0.1114051,-0.04521522,-0.01399568
104782,0.0166684,9.3225228805095,1.085544,0.1055596,-0.2973505,0.533313,-0.1279579,0.7458919,0.3779542,0.905731439590454,1,0.3272727,0.1368837,0.1176636,0.9925105,-0.1104134,-0.04933557,-0.01725799
104786,0.0168833,9.33940618112683,1.084813,0.1095496,-0.2963119,0.5326684,-0.1205975,0.749831,0.3734623,0.909395158290863,1,0.3273504,0.1355439,0.1205596,0.9927273,-0.1065784,-0.05268478,-0.01891653
104788,0.0190628,9.35846898145974,1.084192,0.112504,-0.2962123,-0.5338194,0.1167449,-0.7505093,-0.3716765,0.917281568050385,1,0.3263119,0.1348134,0.1245496,0.9923558,-0.1058171,-0.05742897,-0.02710554
104792,0.0166683,9.37513728067279,1.083434,0.115419,-0.2966227,-0.5350117,0.1101161,-0.7531228,-0.3666647,0.93372517824173,0.997630059719086,0.3262123,0.1341916,0.127504,0.9919695,-0.1073538,-0.05935938,-0.03079054
104796,0.0170436,9.39218088053167,1.082091,0.1189667,-0.29644,-0.5338739,0.1096806,-0.7542992,-0.366035,0.944530367851257,1,0.3266226,0.133434,0.130419,0.991396,-0.1082843,-0.06236176,-0.03898207
104800,0.023006,9.4151868801564,1.081204,0.1208445,-0.2968002,-0.5329148,0.1038453,-0.7586318,-0.3601332,0.959455847740173,1,0.32644,0.1320906,0.1339667,0.9914725,-0.1068579,-0.06305902,-0.0398414
104802,0.0192623,9.43444918096066,1.080374,0.1226563,-0.2974988,-0.5325856,0.1002524,-0.7605596,-0.357563,0.976623475551605,1,0.3268001,0.1312041,0.1358446,0.9911025,-0.1048308,-0.06614397,-0.04849064
104806,0.0166679,9.45111708156765,1.078998,0.1255606,-0.2976292,-0.5305117,0.09360638,-0.7654715,-0.3519213,0.987270414829254,1,0.3274987,0.1303745,0.1376563,0.990787,-0.1043635,-0.06828953,-0.05278225
104810,0.0166683,9.4677853807807,1.077486,0.1283822,-0.2974019,0.5287182,-0.08966213,0.7675838,0.3510454,0.982075810432434,1,0.3276291,0.1289985,0.1405606,0.9902646,-0.1015304,-0.07264421,-0.06156651
104814,0.0166675,9.48445288091898,1.076036,0.12961,-0.2978362,0.5266432,-0.08980988,0.7704678,0.3477938,0.983149945735931,1,0.3274018,0.1274862,0.1433822,0.989922,-0.1003191,-0.07640593,-0.06444187
104816,0.0166659,9.50111878104508,1.07421,0.1328,-0.2978319,0.5247152,-0.08721831,0.7732519,0.3451788,0.980294048786163,1,0.3278362,0.126036,0.14461,0.9901133,-0.09658951,-0.0761164,-0.06747305
104822,0.0166666,9.51778538152575,1.07291,0.1340275,-0.2984565,0.5216336,-0.08706321,0.7790866,0.3366635,0.980294048786163,1,0.3278319,0.1242097,0.1478,0.9899226,-0.09411194,-0.07819778,-0.07128292
104824,0.0186066,9.53639198094606,1.071515,0.1386207,-0.2979739,-0.519739,0.08316939,-0.780686,-0.3368733,0.970813453197479,0.993781924247742,0.3284565,0.1229104,0.1490275,0.9900599,-0.08717901,-0.07667449,-0.07938673
104828,0.0166681,9.55306008085608,1.069696,0.1412687,-0.2987643,-0.5191663,0.07783193,-0.7830683,-0.3334856,0.964680314064026,0.980875611305237,0.3279739,0.1215151,0.1536207,0.9896564,-0.08634612,-0.08082806,-0.08118781
104830,0.0166665,9.56972658075392,1.068512,0.1433056,-0.2989517,-0.5176266,0.07739402,-0.7842563,-0.3331891,0.959399700164795,0.953594386577606,0.3287642,0.1196962,0.1562687,0.9889209,-0.08590486,-0.08414135,-0.08704062
104834,0.0166672,9.58639378100634,1.067091,0.1455325,-0.299796,-0.516425,0.0769159,-0.7861899,-0.3305976,0.954452276229858,0.94187468290329,0.3289517,0.1185119,0.1583056,0.988934,-0.08423132,-0.08513847,-0.08755684
104836,0.0166683,9.60306208021939,1.065615,0.1483932,-0.300162,-0.5143985,0.07562979,-0.7887244,-0.3280065,0.940906524658203,0.926567554473877,0.329796,0.1170905,0.1605325,0.9888827,-0.08199079,-0.08513829,-0.09022225
104840,0.016665,9.61972708068788,1.064301,0.1502134,-0.3009503,-0.5134007,0.07585259,-0.7900827,-0.3262444,0.931433796882629,0.918371438980103,0.330162,0.1156148,0.1633932,0.9887417,-0.07910402,-0.08618829,-0.09329513
104842,0.0166668,9.63639388047159,1.063201,0.1520958,-0.3014047,0.5123636,-0.07610145,0.7907162,0.326282,0.91455090045929,0.918662488460541,0.3309503,0.1143013,0.1652134,0.9887753,-0.07722826,-0.08583127,-0.09482729
104848,0.0166679,9.65306178107858,1.061405,0.1554094,-0.3020924,-0.5108595,0.07612173,-0.7919618,-0.3256141,0.910946607589722,0.920544922351837,0.3314047,0.1132007,0.1670958,0.9888539,-0.07604122,-0.08615152,-0.09467711
104850,0.0166675,9.66972928121686,1.059861,0.1583856,-0.3027608,0.5097914,-0.07628036,0.7926208,0.3256476,0.907800257205963,0.922359704971313,0.3320924,0.1114054,0.1704094,0.9888989,-0.07412884,-0.08661623,-0.09529787
104854,0.0166676,9.68639688193798,1.057808,0.1602651,-0.3032554,0.5087584,-0.0759915,0.7935356,0.3251021,0.907774567604065,0.923139572143555,0.3327607,0.1098613,0.1733856,0.9889619,-0.07293613,-0.08702163,-0.09519509
104858,0.0166657,9.70306258276105,1.055602,0.163182,-0.3036451,0.5080903,-0.07418015,0.7947394,0.3236217,0.909930348396301,0.925641894340515,0.3332554,0.1078082,0.1752651,0.9889435,-0.07168153,-0.08755022,-0.09585158
104862,0.0166668,9.71972938254476,1.052724,0.1651466,-0.3038921,-0.5072802,0.07535726,-0.7954669,-0.322832,0.91111558675766,0.927235960960388,0.333645,0.1056016,0.178182,0.9886671,-0.07090414,-0.08877041,-0.09813157
104866,0.0195699,9.7392992824316,1.048749,0.1690139,-0.3045709,-0.5070649,0.07839815,-0.7959766,-0.3211857,0.91050910949707,0.928614675998688,0.3338921,0.1027239,0.1801466,0.988839,-0.06934924,-0.08791833,-0.09827739
104868,0.0203342,9.75963348150253,1.046157,0.1720755,-0.3049604,-0.5058091,0.07864385,-0.7973099,-0.3197956,0.914356231689453,0.936575531959534,0.3345709,0.09874922,0.1840139,0.9892244,-0.06752862,-0.08495179,-0.09827622
104874,0.0166686,9.77630208060145,1.043335,0.1741712,-0.3057463,-0.5056908,0.07929923,-0.7980247,-0.3180334,0.916169941425323,0.951715171337128,0.3349604,0.0961569,0.1870755,0.989252,-0.06553487,-0.08483499,-0.09944168
104876,0.0166656,9.79296768084168,1.040079,0.1770632,-0.3060486,-0.5052607,0.07980753,-0.798926,-0.3163219,0.917929410934448,0.955701112747192,0.3357463,0.09333462,0.1891712,0.9892861,-0.06449853,-0.08369379,-0.1007386
104880,0.016668,9.80963568016887,1.037233,0.1797228,-0.3071089,-0.504653,0.07773074,-0.8006802,-0.3133601,0.920411825180054,0.956114828586578,0.3360486,0.09007865,0.1920632,0.9893066,-0.06319267,-0.0828404,-0.102062
104882,0.0249824,9.83461808040738,1.034531,0.1824188,-0.3075552,-0.5040992,0.07555239,-0.8018579,-0.3117684,0.92972195148468,0.94046825170517,0.3371089,0.08723325,0.1947228,0.9889173,-0.06197672,-0.08367427,-0.1058312
104886,0.0166681,9.8512861803174,1.031481,0.1854371,-0.3081315,0.50304,-0.07605863,0.8028541,0.3107912,0.939073085784912,0.921960115432739,0.3375551,0.08453113,0.1974188,0.9885558,-0.06140463,-0.08508454,-0.1083857
104890,0.0166681,9.86795428022742,1.028605,0.188513,-0.3084185,-0.5024689,0.07355469,-0.8037013,-0.3101273,0.942412853240967,0.920191287994385,0.3381315,0.08148092,0.2004371,0.9886111,-0.05972143,-0.08481518,-0.1090314
104894,0.0166656,9.88461988046765,1.026096,0.1909951,-0.3087038,-0.5025719,0.07398529,-0.8044848,-0.3078178,0.946430265903473,0.917081534862518,0.3384185,0.07860488,0.203513,0.9882345,-0.05960447,-0.08684857,-0.1108926
104896,0.0166671,9.90128698013723,1.023357,0.193691,-0.3095349,-0.5010371,0.07161818,-0.8063928,-0.3058811,0.950144171714783,0.905971348285675,0.3387037,0.07609648,0.2059951,0.9881871,-0.05866872,-0.08556568,-0.1127953
104900,0.0167014,9.91798838041723,1.020899,0.1954253,-0.3103779,-0.5000749,0.07019031,-0.8079601,-0.303643,0.942162156105042,0.90893566608429,0.3395349,0.0733574,0.208691,0.9877784,-0.05697757,-0.08746181,-0.1157495
104902,0.0166665,9.93465488031507,1.017953,0.1978096,-0.310718,-0.4989359,0.06977181,-0.8089106,-0.3030816,0.935734152793884,0.906099677085876,0.3403779,0.07089859,0.2104253,0.987469,-0.0555025,-0.08820829,-0.1185066
104906,0.0166666,9.95132148079574,1.015477,0.1991356,-0.3116651,0.4982333,-0.0705267,0.8097883,0.3017158,0.926690936088562,0.916531443595886,0.340718,0.06795269,0.2128096,0.9873955,-0.05418969,-0.08887558,-0.1192256
104910,0.0166681,9.96798958070576,1.012316,0.2019525,-0.3114407,0.4964174,-0.06965446,0.8114617,0.3004132,0.918777644634247,0.933241188526154,0.341665,0.06547695,0.2141356,0.9874436,-0.05267063,-0.08808025,-0.1200955
104914,0.0166659,9.98465548083186,1.009215,0.2041289,-0.312122,0.4953488,-0.06884285,0.8130025,0.2981898,0.919329643249512,0.940904974937439,0.3414407,0.06231612,0.2169525,0.9872639,-0.05048683,-0.08914842,-0.1217119
104916,0.0166686,10.0013240799308,1.005361,0.2071837,-0.3125007,-0.4938019,0.06971283,-0.814566,-0.2962805,0.923043966293335,0.947791576385498,0.3421219,0.05921513,0.2191289,0.9870228,-0.04872973,-0.0894503,-0.1241371
104920,0.0166651,10.0179891791195,1.001488,0.2092383,-0.3134334,0.4938356,-0.07223707,0.8157414,0.2923599,0.919245421886444,0.949507176876068,0.3425006,0.05536145,0.2221837,0.9870495,-0.04607094,-0.08875275,-0.1254344
104922,0.0176588,10.0356479790062,0.9983209,0.2106559,-0.3140624,-0.4949261,0.07290467,-0.8158982,-0.2899022,0.912541151046753,0.960130751132965,0.3434334,0.05148822,0.2242383,0.9871703,-0.04382093,-0.08518557,-0.1277418
104926,0.0166678,10.0523157790303,0.9937231,0.2126649,-0.3149602,-0.4940057,0.07274351,-0.8175533,-0.2868331,0.908719003200531,0.955902934074402,0.3440624,0.04832089,0.2256559,0.9870933,-0.04383728,-0.08316877,-0.129646
104930,0.0166678,10.0689835790545,0.9895631,0.2151494,-0.3153729,-0.4927464,0.07233979,-0.8190355,-0.2848662,0.903165698051453,0.939572513103485,0.3449602,0.04372311,0.2276649,0.9868582,-0.04173354,-0.08253895,-0.1325016
104934,0.0166666,10.0856501795352,0.9857718,0.2163554,-0.3160019,0.4912403,-0.07350265,0.8204395,0.2831243,0.901136517524719,0.931758403778076,0.3453729,0.03956312,0.2301494,0.9866595,-0.03976835,-0.08269473,-0.1344735
104936,0.0166706,10.102320779115,0.9813959,0.2190723,-0.3166116,0.4897615,-0.07347348,0.8221772,0.280642,0.904382586479187,0.906708776950836,0.3460019,0.03577179,0.2313554,0.9867019,-0.03715056,-0.08179718,-0.1354562
104940,0.016665,10.1189857795835,0.9776478,0.2201384,-0.3181221,-0.4898669,0.07428234,-0.8228695,-0.2782056,0.908502042293549,0.898248672485352,0.3466116,0.03139591,0.2340723,0.9865029,-0.03465193,-0.08155036,-0.1376981
104944,0.0166659,10.1356516797096,0.9732833,0.2225854,-0.3186462,-0.4882329,0.07343967,-0.8244731,-0.276549,0.918486714363098,0.874990880489349,0.3481221,0.02764785,0.2351384,0.986423,-0.03360185,-0.07989122,-0.1394921
104950,0.0166654,10.1523170787841,0.9685733,0.2235599,-0.3201739,-0.4880503,0.07402151,-0.8252056,-0.2745237,0.919786095619202,0.870304107666016,0.3486462,0.0232833,0.2375854,0.9861571,-0.03150608,-0.08069249,-0.141387
104954,0.0222812,10.1745982784778,0.9624262,0.2258433,-0.3213489,-0.4879917,0.07520299,-0.825712,-0.272779,0.920650541782379,0.865300178527832,0.3501738,0.01857334,0.2385599,0.9860678,-0.03037957,-0.07951214,-0.1429168
104956,0.0185382,10.1931364778429,0.9582847,0.2275272,-0.3221693,-0.487324,0.07487035,-0.8264704,-0.2717658,0.921193957328796,0.86925607919693,0.3513489,0.0124262,0.2408433,0.9860866,-0.02930827,-0.07790108,-0.1438947
104960,0.0166681,10.2098045777529,0.9543272,0.2279062,-0.3241711,-0.4889392,0.08162487,-0.8252137,-0.2707367,0.921274781227112,0.873403966426849,0.3521693,0.008284748,0.2425272,0.9859443,-0.02832669,-0.07808454,-0.1449628
104962,0.0175189,10.2273234780878,0.949575,0.2293638,-0.325063,-0.4880698,0.08142096,-0.8264644,-0.2685428,0.923945307731628,0.878977298736572,0.3541711,0.004327238,0.2429063,0.9868208,-0.02760874,-0.07147816,-0.142525
104966,0.0241366,10.2514600772411,0.9459177,0.2297145,-0.3266536,0.4889789,-0.08176637,0.8267627,0.2658519,0.922371625900269,0.885749995708466,0.3550631,-0.0004249811,0.2443638,0.9865875,-0.02593842,-0.07118569,-0.1445853
104970,0.0174817,10.268941776827,0.942122,0.2308285,-0.327467,0.4885758,-0.08061383,0.8273636,0.2650748,0.91853392124176,0.897296011447906,0.3566536,-0.004082263,0.2447145,0.9863858,-0.02580812,-0.06940586,-0.1468327
104974,0.0166689,10.2856106776744,0.9378471,0.2321633,-0.3286379,0.4874761,-0.0792782,0.8284277,0.2641771,0.927939772605896,0.898831009864807,0.357467,-0.007877946,0.2458285,0.9861482,-0.02544373,-0.07021587,-0.1481017
104976,0.0166663,10.3022769782692,0.9338456,0.2335304,-0.3294922,0.4868011,-0.07788961,0.829445,0.2626385,0.93365341424942,0.904525816440582,0.3586379,-0.01215285,0.2471633,0.9858664,-0.02435449,-0.07145549,-0.1495608
104982,0.0166669,10.3189438786358,0.9308925,0.2346081,-0.3308598,0.4866226,-0.07737063,0.8301356,0.2609352,0.933537781238556,0.909754574298859,0.3594922,-0.01615441,0.2485304,0.9855121,-0.02349939,-0.0722791,-0.1516227
104984,0.0166651,10.3356089778245,0.9268489,0.2360067,-0.3318048,0.4859251,-0.07685611,0.8309504,0.2597912,0.937221705913544,0.913117051124573,0.3608597,-0.01910746,0.2496081,0.9852652,-0.02284802,-0.07210126,-0.1534009
104990,0.0166677,10.3522766772658,0.9246581,0.2366665,-0.3325702,-0.4840233,0.07713208,-0.8323728,-0.258704,0.93725574016571,0.915292084217072,0.3618048,-0.0231511,0.2510067,0.9850684,-0.02185167,-0.07238857,-0.1546698
104994,0.0219858,10.3742624763399,0.9206806,0.2378034,-0.3334059,0.4820083,-0.07757456,0.8339002,0.2574113,0.939207315444946,0.920193254947662,0.3625702,-0.02534187,0.2516665,0.9849757,-0.01936536,-0.07263346,-0.1554748
104996,0.0190599,10.3933223765343,0.918143,0.2386442,-0.333923,0.4808975,-0.077632,0.8348703,0.2563249,0.939965426921844,0.922527134418488,0.3634058,-0.02931941,0.2528034,0.984877,-0.01663889,-0.0727139,-0.1563749
105000,0.0166691,10.4099914766848,0.9162723,0.2386884,-0.3341514,-0.4804604,0.07720999,-0.8350856,-0.2565706,0.939444065093994,0.921357452869415,0.363923,-0.03185701,0.2536442,0.9847526,-0.01505983,-0.07275741,-0.1572957
105004,0.0171711,10.4271625764668,0.9133136,0.2394184,-0.3348836,0.4793702,-0.07981587,0.8354166,0.2567349,0.935211718082428,0.926184833049774,0.3641514,-0.03372771,0.2536884,0.9847109,-0.01481672,-0.07340144,-0.1572805
105008,0.0166674,10.4438299760222,0.9110835,0.2398226,-0.33593,-0.4807083,0.07950974,-0.834875,-0.2560889,0.931136250495911,0.935383439064026,0.3648835,-0.03668636,0.2544184,0.9850824,-0.01293779,-0.07188742,-0.1558126
105010,0.02768,10.4715099763125,0.9087409,0.2404133,-0.3367533,0.4820203,-0.08009631,0.8346598,0.2541341,0.927510619163513,0.951591610908508,0.36593,-0.03891647,0.2548226,0.9849927,-0.01420566,-0.0712428,-0.1565635
105014,0.0166707,10.4881806764752,0.9062219,0.2407029,-0.3373686,-0.4811755,0.08152113,-0.8352093,-0.253476,0.922395527362823,0.95810741186142,0.3667532,-0.04125911,0.2554132,0.984885,-0.01470666,-0.06936689,-0.1580302
105018,0.0166656,10.5048462767154,0.9034429,0.2412314,-0.3379872,-0.480535,0.08454301,-0.8354665,-0.2528526,0.91508823633194,0.959619760513306,0.3673686,-0.04377812,0.2557029,0.9850006,-0.01315007,-0.06835571,-0.1578877
105022,0.0166658,10.5215120762587,0.9012751,0.2414886,-0.3386514,-0.4811138,0.08562724,-0.8351419,-0.2524591,0.910398483276367,0.961044788360596,0.3679871,-0.04655713,0.2562314,0.9853408,-0.01134259,-0.06597532,-0.1569142
105026,0.0191366,10.540648676455,0.8982528,0.2419849,-0.3391173,0.4795597,-0.08714893,0.836083,0.251779,0.911840915679932,0.961730241775513,0.3686513,-0.04872489,0.2564886,0.9854553,-0.01148564,-0.0646705,-0.1567283
105030,0.0187211,10.5593697763979,0.8958912,0.2424272,-0.340054,0.4798163,-0.09134683,0.835649,0.2512425,0.905848026275635,0.963966012001038,0.3691173,-0.05174714,0.2569849,0.9855596,-0.009152076,-0.06390455,-0.1565401
105034,0.0166675,10.5760372765362,0.8939019,0.2427012,-0.340447,0.4795986,-0.09041511,0.8361285,0.2503985,0.905772030353546,0.967643558979034,0.370054,-0.05410874,0.2574272,0.9860627,-0.007980525,-0.06018186,-0.154903
105036,0.0177168,10.5937540773302,0.8917962,0.243284,-0.3409806,-0.4781826,0.09075667,-0.8371615,-0.2495302,0.903442621231079,0.99035370349884,0.370447,-0.0560981,0.2577012,0.9858413,-0.007726799,-0.06069688,-0.1561191
105040,0.0166674,10.6104214768857,0.8901467,0.2436579,-0.3418604,-0.4779701,0.09098943,-0.8375133,-0.2486701,0.896828770637512,1,0.3709806,-0.05820376,0.258284,0.9857608,-0.005827788,-0.06073938,-0.1566919
105044,0.018355,10.6287764776498,0.8880315,0.2439903,-0.3422664,0.4767357,-0.09185098,0.8382356,0.2482892,0.894699931144714,1,0.3718604,-0.05985326,0.2586579,0.9856887,-0.00522956,-0.0603051,-0.1573332
105048,0.0166674,10.6454438772053,0.8861896,0.2444469,-0.3430725,-0.4763341,0.09235603,-0.8386483,-0.2474777,0.894196927547455,1,0.3722664,-0.06196851,0.2589903,0.9857318,-0.003542904,-0.06003771,-0.1572124
105050,0.0263013,10.6717451773584,0.8845899,0.2449861,-0.3433473,-0.4749083,0.09212098,-0.8397419,-0.2465957,0.897256255149841,1,0.3730725,-0.06381041,0.259447,0.9856948,-0.002683925,-0.05949171,-0.1576686
105054,0.0166683,10.6884134765714,0.882997,0.2453541,-0.3439347,0.4740064,-0.09285366,0.8404192,0.2457475,0.899108707904816,1,0.3733473,-0.06541008,0.2599861,0.9855275,-0.0009463429,-0.05999618,-0.1585405
105056,0.0166668,10.7050802763551,0.8815131,0.2457069,-0.3443655,-0.4727697,0.09364788,-0.8409353,-0.2460627,0.90056973695755,1,0.3739347,-0.06700301,0.2603541,0.9855005,0.0005152341,-0.05948593,-0.1589025
105060,0.0166672,10.7217474766076,0.8799967,0.2461693,-0.3450089,-0.4718456,0.09353644,-0.8416128,-0.2455617,0.904600739479065,1,0.3743655,-0.06848687,0.260707,0.9856084,0.001933098,-0.05955276,-0.1581957
105064,0.0166689,10.738416377455,0.8785037,0.246675,-0.3455214,0.4724222,-0.09404794,0.8414633,0.2447688,0.906006097793579,1,0.3750088,-0.07000333,0.2611693,0.985509,0.003043564,-0.05987393,-0.1586755
105068,0.0166651,10.7550814766437,0.8765728,0.2472197,-0.346144,0.4726919,-0.09546907,0.8410935,0.2449692,0.906981825828552,1,0.3755213,-0.07149631,0.261675,0.9854966,0.002871676,-0.05886976,-0.1591307
105072,0.016667,10.7717484757304,0.874474,0.247645,-0.3464113,-0.4722078,0.09602518,-0.8414194,-0.244566,0.911846458911896,1,0.3761439,-0.0734272,0.2622197,0.9857105,0.002937955,-0.05767622,-0.1582392
105074,0.0166675,10.7884159758687,0.8732583,0.248081,-0.3467876,-0.4720675,0.09576022,-0.841672,-0.2440708,0.91291868686676,1,0.3764112,-0.07552594,0.262645,0.9857199,0.003750226,-0.05729099,-0.1583035
105078,0.0166663,10.8050822764635,0.8718699,0.2484799,-0.3473349,0.4720511,-0.09455418,0.8418916,0.243815,0.913834631443024,1,0.3767875,-0.0767417,0.263081,0.9856227,0.003993398,-0.05737053,-0.1588728
105080,0.0166674,10.821749676019,0.8703236,0.2488075,-0.3479692,0.4718201,-0.09593327,0.8417425,0.2442381,0.915920495986938,1,0.3773349,-0.07813007,0.2634799,0.9854369,0.003745102,-0.05824909,-0.1597097
105084,0.016666,10.8384156767279,0.8688973,0.2488276,-0.3486173,0.4715704,-0.09621708,0.8415028,0.2454316,0.915726840496063,1,0.3779692,-0.07967639,0.2638075,0.9856579,0.004244133,-0.05741446,-0.1586318
105086,0.0166677,10.8550833761692,0.8674586,0.2488273,-0.3489764,-0.4710589,0.09648313,-0.8417285,-0.2455357,0.915400981903076,1,0.3786173,-0.08110267,0.2638276,0.9858298,0.004167775,-0.05778485,-0.1574266
105092,0.0166662,10.8717495761812,0.8656916,0.2485411,-0.3490709,0.4698288,-0.09670955,0.8423451,0.2456888,0.915400981903076,1,0.3789763,-0.08254135,0.2638273,0.9858613,0.004743807,-0.05785175,-0.1571883
105094,0.0166674,10.8884169757366,0.8643298,0.2486244,-0.3492725,-0.4690783,0.09678219,-0.8427405,-0.2457378,0.920105874538422,1,0.3790709,-0.08430839,0.2635411,0.9858717,0.0060412,-0.05830711,-0.1569103
105096,0.0166676,10.9050845764577,0.8629858,0.248491,-0.3497547,-0.4691426,0.09925349,-0.8421516,-0.2466467,0.920105874538422,1,0.3792724,-0.08567017,0.2636244,0.9858635,0.006828612,-0.05861967,-0.1568127
105100,0.0166661,10.9217506758869,0.8610922,0.2482913,-0.3505364,-0.4690716,0.101446,-0.8418826,-0.2468082,0.934224188327789,1,0.3797547,-0.08701414,0.263491,0.9862836,0.007165081,-0.05695855,-0.1547547
105104,0.0166671,10.9384177755564,0.8594148,0.2482,-0.3512218,0.4679786,-0.1023115,0.8425326,0.2463071,0.942958056926727,1,0.3805363,-0.08890778,0.2632913,0.9865709,0.007821956,-0.05528268,-0.1534945
105106,0.0166703,10.9550880752504,0.8583723,0.2482295,-0.351699,-0.467625,0.1032298,-0.8427408,-0.2458833,0.943621158599854,1,0.3812218,-0.09058517,0.2632,0.9865826,0.009391582,-0.05489121,-0.1534716
105112,0.0166639,10.9717519748956,0.8568527,0.2484999,-0.3526458,-0.4666433,0.1035771,-0.8435161,-0.2449419,0.944097816944122,1,0.3816989,-0.09162766,0.2632295,0.986632,0.01017682,-0.05414166,-0.1533701
105114,0.0166682,10.9884201753885,0.8558755,0.2486145,-0.3529503,-0.4658082,0.1034121,-0.8440909,-0.2446202,0.94337260723114,1,0.3826458,-0.09314734,0.2634999,0.9865286,0.01163305,-0.05393875,-0.154002
105118,0.0166747,11.0050948746502,0.854771,0.2486422,-0.3533485,0.4652758,-0.10405,0.8442829,0.2447009,0.940850555896759,1,0.3829503,-0.0941245,0.2636145,0.9864411,0.01256836,-0.0543325,-0.1543501
105122,0.0268728,11.0319676753134,0.853044,0.2487271,-0.3540409,-0.464775,0.1043717,-0.8445584,-0.2445647,0.93815290927887,1,0.3833484,-0.09522897,0.2636422,0.9865088,0.0132794,-0.05409713,-0.15394
105126,0.0166718,11.0486394744366,0.8518071,0.2487335,-0.3541968,-0.4645635,0.1039459,-0.8447925,-0.2443392,0.936935782432556,1,0.3840409,-0.09695601,0.263727,0.986513,0.01394185,-0.0540153,-0.1538836
105128,0.0166735,11.0653129741549,0.8509174,0.2487645,-0.3544182,-0.464332,0.1040203,-0.8449976,-0.2440385,0.936648547649384,1,0.3841967,-0.09819287,0.2637335,0.9864269,0.01411778,-0.05436768,-0.1542947
105132,0.0166683,11.081981273368,0.849937,0.2486045,-0.3544553,-0.4648052,0.1079399,-0.8438196,-0.2455071,0.936832308769226,1,0.3844182,-0.09908259,0.2637645,0.9863909,0.01448607,-0.05429367,-0.1545167
105136,0.016679,11.0986602734774,0.8489553,0.2485784,-0.3543918,-0.4645127,0.1079429,-0.8440657,-0.245213,0.936227738857269,1,0.3844553,-0.100063,0.2636045,0.987049,0.0146089,-0.05148981,-0.1512271
105140,0.016661,11.1153212729841,0.8478445,0.2486134,-0.3547737,-0.4653337,0.1108863,-0.8430682,-0.2457738,0.934156656265259,1,0.3843917,-0.1010447,0.2635784,0.9870036,0.01501779,-0.05150494,-0.1514783
105142,0.0166704,11.1319916732609,0.8468851,0.2486303,-0.3552452,-0.4653668,0.1120636,-0.842832,-0.2459875,0.934613466262817,1,0.3847737,-0.1021554,0.2636133,0.9874387,0.01480991,-0.04895969,-0.1494944
105146,0.0166663,11.1486579738557,0.8456759,0.2485372,-0.3554561,0.4653416,-0.1126242,0.8425533,0.2467328,0.936551451683044,1,0.3852452,-0.1031148,0.2636303,0.9875984,0.01503643,-0.04807459,-0.1487016
105148,0.0166692,11.165327174589,0.8444557,0.2484018,-0.3552603,0.4650725,-0.1121785,0.8427987,0.2466049,0.937194585800171,1,0.3854561,-0.104324,0.2635372,0.9877489,0.01495923,-0.04793219,-0.1477534
105154,0.0166626,11.1819897741079,0.8428695,0.2484943,-0.3557411,0.4646898,-0.1174456,0.8419815,0.2476631,0.938671588897705,1,0.3852603,-0.1055443,0.2634018,0.9876743,0.01515755,-0.04836823,-0.148089
105156,0.0166797,11.1986694745719,0.8420347,0.2484868,-0.3560319,0.4649493,-0.1187485,0.8416244,0.247769,0.93868750333786,1,0.3857411,-0.1071305,0.2634943,0.9883644,0.01667691,-0.04469244,-0.1444309
105160,0.0166576,11.2153270747513,0.8409536,0.2485481,-0.3565975,0.4656479,-0.1209503,0.8409021,0.2478438,0.93722003698349,1,0.3860319,-0.1079653,0.2634868,0.988525,0.01673654,-0.04355368,-0.143671
105164,0.0166707,11.2319977749139,0.8395477,0.248608,-0.3569626,0.4660015,-0.1233787,0.8401596,0.2484998,0.936160862445831,1,0.3865974,-0.1090463,0.2635481,0.9887889,0.01660072,-0.04146442,-0.1424836
105166,0.0166633,11.2486610747874,0.8385588,0.2484768,-0.3568733,0.4653138,-0.1261356,0.8399352,0.2491624,0.940076947212219,1,0.3869626,-0.1104523,0.263608,0.9891267,0.01667858,-0.03958468,-0.1406531
105168,0.016673,11.2653340753168,0.8373755,0.2482991,-0.3568501,0.4648923,-0.1283329,0.8396524,0.2497794,0.941723346710205,1,0.3868732,-0.1114412,0.2634768,0.9894571,0.01792709,-0.03792507,-0.1386184
105172,0.0166612,11.2819952759892,0.8360627,0.2482602,-0.3571026,-0.4637781,0.1299533,-0.8397766,-0.2505942,0.947143852710724,1,0.3868501,-0.1126245,0.2632992,0.9897291,0.01875515,-0.03657733,-0.1369183
105176,0.0166733,11.2986685764045,0.8350844,0.248198,-0.3572753,0.4633315,-0.1314283,0.8396867,0.2509519,0.949126541614532,1,0.3871025,-0.1139373,0.2632602,0.9899399,0.02007276,-0.03610289,-0.1353243
105180,0.016662,11.3153305761516,0.8335528,0.2482186,-0.3581802,0.4613841,-0.1321962,0.8402435,0.2522691,0.949126541614532,1,0.3872753,-0.1149156,0.263198,0.9901047,0.0208157,-0.03525027,-0.1342266
105182,0.0166681,11.3319986760616,0.8326619,0.2480261,-0.358507,-0.4603715,0.1328778,-0.8405394,-0.252775,0.956095576286316,1,0.3881801,-0.1164472,0.2632186,0.9902549,0.02258321,-0.03606193,-0.1326072
105186,0.0166652,11.3486638758332,0.8311077,0.2480077,-0.3593,0.4613656,-0.1357628,0.8388992,0.2548695,0.956095576286316,1,0.388507,-0.1173381,0.2630261,0.9903369,0.02364201,-0.03618055,-0.1317757
105188,0.0166681,11.3653319757432,0.8298159,0.2478404,-0.3598474,0.4611587,-0.1360281,0.8388714,0.2551935,0.966595470905304,1,0.3892999,-0.1188923,0.2630076,0.9908698,0.02264545,-0.03419848,-0.1284317
105192,0.0166663,11.381998276338,0.8279961,0.2478647,-0.3607777,0.4595812,-0.1390072,0.8383233,0.2582174,0.977461159229279,1,0.3898473,-0.1201841,0.2628404,0.9909215,0.02281659,-0.03420792,-0.1279994
105196,0.0166832,11.3986814767122,0.8266647,0.2471483,-0.3613138,0.455798,-0.142655,0.8388205,0.2613004,0.984698116779327,1,0.3907777,-0.1220039,0.2628647,0.9914513,0.02417637,-0.03371711,-0.1237055
105200,0.0166673,11.4153487775475,0.8248909,0.2467383,-0.3619498,-0.4520943,0.1444558,-0.8401858,-0.262357,0.995761871337891,1,0.3913137,-0.1233352,0.2621483,0.9919345,0.0279724,-0.03372314,-0.1189381
105202,0.0166657,11.4320144783705,0.8238152,0.2461888,-0.362523,0.4499061,-0.1462029,0.8407869,0.2632235,1,1,0.3919498,-0.1251091,0.2617382,0.9920303,0.03190921,-0.03438946,-0.1169406
105206,0.0166696,11.4486840777099,0.8224393,0.2455066,-0.3632658,0.4471807,-0.1474311,0.8415468,0.2647502,1,1,0.3925229,-0.1261848,0.2611887,0.9921582,0.03432391,-0.03431661,-0.1151799
105210,0.0166677,11.4653517771512,0.8215665,0.244928,-0.3636273,-0.4428715,0.1514384,-0.8422886,-0.2673598,1,1,0.3932658,-0.1275607,0.2605066,0.9922763,0.03691024,-0.03517998,-0.1130833
105214,0.0166661,11.4820178765804,0.8206761,0.2446394,-0.3645784,-0.4383733,0.157161,-0.8419384,-0.2725235,1,1,0.3936273,-0.1284335,0.259928,0.9926186,0.04146033,-0.03491892,-0.1084898
105216,0.0195365,11.501554377377,0.820242,0.2441127,-0.365494,-0.432036,0.1668564,-0.840717,-0.280533,1,1,0.3945783,-0.1293238,0.2596394,0.9932765,0.04569074,-0.03433703,-0.1006732
105220,0.0166668,11.5182211771607,0.8202958,0.2433355,-0.3662999,0.4307635,-0.1761631,0.8376886,0.2858098,1,1,0.395494,-0.1297579,0.2591127,0.9942423,0.0517188,-0.03242349,-0.08806865
105222,0.0166686,11.5348897762597,0.8199276,0.2425167,-0.3667968,0.4278223,-0.1845008,0.8355637,0.2911374,0.932285249233246,1,0.3962999,-0.1297042,0.2583355,0.9951258,0.05339147,-0.02738504,-0.07825613
105228,0.0166707,11.5515604764223,0.8205934,0.2419945,-0.3671923,0.42435,-0.1865334,0.8353786,0.2954234,0.896346092224121,1,0.3967967,-0.1300724,0.2575167,0.9957448,0.05644597,-0.02390523,-0.06880919
105230,0.0166709,11.568231375888,0.820317,0.2412398,-0.3677109,0.4215901,-0.1998957,0.8327731,0.2979808,0.748123347759247,1,0.3971923,-0.1294066,0.2569945,0.995907,0.05885744,-0.02548308,-0.06368461
105234,0.0166635,11.5848948750645,0.820975,0.2410386,-0.3685865,0.4167406,-0.1972685,0.83592,0.2977421,0.655169486999512,1,0.3977109,-0.129683,0.2562397,0.9963601,0.06389197,-0.01660493,-0.05393136
105236,0.0166669,11.601561775431,0.8210528,0.2403265,-0.3691765,0.4193956,-0.2097002,0.8309878,0.29932,0.406145840883255,1,0.3985865,-0.129025,0.2560387,0.9959064,0.06830067,-0.02091909,-0.05538944
105240,0.0166671,11.6182288751006,0.8215263,0.2405377,-0.3689421,0.4312811,-0.2461306,0.8175605,0.2915669,0.244609966874123,1,0.3991765,-0.1289472,0.2553265,0.9965258,0.06789438,-0.009925833,-0.04720332
105244,0.0166664,11.6348952744156,0.8210251,0.2403747,-0.3687074,-0.4379986,0.2521477,-0.815062,-0.283289,0.0220931768417358,0.489315003156662,0.3989421,-0.1284737,0.2555377,0.9967617,0.06664931,0.02927914,-0.03415702
105248,0.0166674,11.6515626739711,0.8215063,0.2411811,-0.3707566,-0.4505422,0.2828907,-0.8029888,-0.2686886,0,0.147544413805008,0.3987074,-0.1289749,0.2553747,0.996371,0.06410406,0.04073867,-0.03841672
105250,0.0166668,11.6682294737548,0.8216823,0.2411867,-0.3726704,-0.457435,0.3034299,-0.7958355,-0.2555963,0,0,0.4007565,-0.1284937,0.2561811,0.994363,0.06248327,0.07862394,-0.03400636
105254,0.0166674,11.6848968733102,0.8236051,0.2417717,-0.3768905,-0.4464504,0.3506475,-0.7852731,-0.2471326,0,0,0.4026704,-0.1283177,0.2561867,0.9918809,0.06371582,0.1047803,-0.03366981
105256,0.0208282,11.7057250738144,0.8245941,0.2412933,-0.3785571,-0.4383926,0.3734643,-0.7810168,-0.2415557,0,0,0.4068904,-0.1263949,0.2567717,0.9857616,0.08563001,0.1441984,-0.01217789
105260,0.0166698,11.7223948743194,0.8250919,0.2409874,-0.3801669,-0.4403274,0.3853894,-0.7747229,-0.2395646,0,0,0.4085571,-0.1254059,0.2562933,0.9816666,0.09909219,0.1628018,-0.002656187
105264,0.0166655,11.7390603739768,0.8258446,0.2400638,-0.380251,0.4358643,-0.3878787,0.7763662,0.2383862,0,0,0.4101669,-0.1249081,0.2559874,0.9795324,0.09921093,0.1751111,0.003126541
105268,0.016667,11.7557273730636,0.8263067,0.239485,-0.3798673,-0.4371022,0.3871239,-0.7766222,-0.2365054,0,0,0.410251,-0.1241553,0.2550638,0.9788634,0.104596,0.1757047,0.003762818
105270,0.0166667,11.7723940722644,0.8268877,0.2390986,-0.3806962,-0.4380741,0.3900836,-0.7748738,-0.235577,0,0,0.4098673,-0.1236933,0.254485,0.9788252,0.1038911,0.1763673,0.001579356
105274,0.0166671,11.789061171934,0.8272357,0.2390116,-0.3806994,0.4385659,-0.3900959,0.7749473,0.2343966,0,0,0.4106962,-0.1231123,0.2540986,0.9782284,0.1035425,0.1798366,0.002632615
105278,0.016667,11.8057281710207,0.8275379,0.2386829,-0.3807117,-0.4389349,0.390523,-0.7747383,-0.2336849,0,0,0.4106994,-0.1227643,0.2540116,0.9781083,0.1034516,0.1805531,0.001581528
105282,0.0166678,11.8223959710449,0.8278158,0.2381287,-0.3804402,0.4404106,-0.3904535,0.7745367,0.2316838,0,0,0.4107117,-0.1224621,0.253683,0.9779621,0.1033674,0.1813939,0.00121633
105284,0.0166662,11.8390621710569,0.8279763,0.2375838,-0.3802908,-0.4429145,0.3902223,-0.7738839,-0.2294712,0,0,0.4104402,-0.1221842,0.2531286,0.9777835,0.1025266,0.1828315,-0.0006335785
105288,0.016667,11.8557291701436,0.8285033,0.2365639,-0.3805589,-0.4437858,0.3923804,-0.772768,-0.227863,0,0,0.4102908,-0.1220236,0.2525838,0.9776233,0.100659,0.1846963,-0.002790718
105292,0.0166664,11.8723955694586,0.829182,0.23539,-0.3805224,-0.444155,0.3973547,-0.7701733,-0.2273078,0,0,0.4105588,-0.1214967,0.2515639,0.977065,0.1005534,0.1876834,-0.002842756
105296,0.0166668,11.8890623692423,0.829797,0.2347105,-0.380776,-0.4454626,0.4006479,-0.7681707,-0.2257392,0,0,0.4105224,-0.120818,0.25039,0.9760897,0.1009005,0.1925304,-0.0001306827
105298,0.0225457,11.9116080701351,0.8302588,0.2343913,-0.3809107,-0.445415,0.4031795,-0.7671224,-0.224889,0,0,0.410776,-0.120203,0.2497105,0.9753006,0.1004246,0.196732,0.0005925502
105302,0.0166673,11.9282753709704,0.8305131,0.2338225,-0.3806854,-0.4458562,0.403967,-0.7666493,-0.224214,0,0,0.4109106,-0.1197411,0.2493913,0.9747101,0.1010361,0.1993233,0.001484418
105304,0.0166677,11.9449430704117,0.8307377,0.2331789,-0.3806252,-0.4459169,0.4054069,-0.7662187,-0.2229631,0,0,0.4106854,-0.1194869,0.2488225,0.9744816,0.1008893,0.2005116,0.001392636
105310,0.0166686,11.9616116695106,0.8311074,0.2326778,-0.3804498,-0.4462893,0.4077146,-0.7653966,-0.2208231,0,0,0.4106251,-0.1192623,0.2481789,0.9740499,0.101412,0.2023388,0.001222234
105312,0.0166641,11.9782757703215,0.8313199,0.2321872,-0.3804086,0.4469414,-0.4073581,0.7655733,0.2195461,0,0,0.4104498,-0.1188926,0.2476778,0.9733362,0.1020018,0.2054546,0.000829471
105316,0.0166688,11.9949445705861,0.8320587,0.2315976,-0.3801893,0.4479152,-0.406039,0.7659988,0.2185183,0,0,0.4104086,-0.1186801,0.2471872,0.9732583,0.1017264,0.2059605,-0.0005404319
105318,0.0166657,12.0116102714092,0.8325885,0.2310495,-0.380077,-0.4484018,0.4060768,-0.765797,-0.2181569,0,0,0.4101893,-0.1179413,0.2465976,0.9734038,0.1009266,0.2056539,-0.002321096
105322,0.0166675,12.0282777715474,0.8335711,0.2308759,-0.3802207,0.449706,-0.4064182,0.7651465,0.2171166,0,0,0.410077,-0.1174115,0.2460495,0.9733558,0.1005425,0.2060653,-0.002621837
105326,0.0166664,12.0449441708624,0.8339969,0.2307193,-0.3802499,0.4500178,-0.4069589,0.7648245,0.2165917,0,0,0.4102207,-0.1164289,0.2458759,0.9731682,0.09956076,0.2074133,-0.003333712
105330,0.0166675,12.0616116710007,0.8342881,0.2308312,-0.3803867,-0.4513809,0.4073959,-0.7639014,-0.216191,0,0,0.4102499,-0.1160031,0.2457193,0.9729964,0.09946767,0.2082604,-0.00344789
105332,0.0166659,12.0782775711268,0.8346803,0.2307133,-0.3803892,-0.4522432,0.4074084,-0.7634979,-0.2157904,0,0,0.4103867,-0.1157119,0.2458312,0.9728658,0.09820703,0.2094638,-0.00353209
105336,0.0166679,12.0949454717338,0.8349559,0.2303957,-0.379705,0.4524949,-0.4076383,0.7633397,0.2153881,0,0,0.4103892,-0.1153197,0.2457133,0.9728162,0.09743409,0.2100481,-0.003886602
105338,0.0226449,12.1175903715193,0.8353764,0.2300813,-0.3796923,-0.4530125,0.4084855,-0.7624211,-0.2159479,0,0,0.409705,-0.1150441,0.2453957,0.9727198,0.09733003,0.210538,-0.004093888
105344,0.0166684,12.1342587713152,0.8361433,0.2294479,-0.3792056,-0.4527153,0.410817,-0.761196,-0.2164691,0,0,0.4096923,-0.1146236,0.2450813,0.9726203,0.09666833,0.211319,-0.003052159
105346,0.016667,12.150925770402,0.836339,0.229083,-0.3789548,-0.4536966,0.4129783,-0.759359,-0.2167543,0,0,0.4092056,-0.1138567,0.2444479,0.9722081,0.097026,0.213064,-0.001063923
105350,0.016667,12.1675927694887,0.8369859,0.22883,-0.3778177,-0.4546167,0.4118803,-0.7596797,-0.2157896,0,0,0.4089548,-0.113661,0.2440829,0.971795,0.09608787,0.215363,0.0005956909
105354,0.0166679,12.1842606700957,0.8373014,0.2284863,-0.3775747,0.454974,-0.411864,0.7595982,0.215354,0,0,0.4078177,-0.1130141,0.24383,0.9719031,0.09534443,0.2152041,-0.000984268
105356,0.0171168,12.2013774700463,0.8372661,0.2282304,-0.3772498,0.4552038,-0.4117404,0.7595484,0.2152798,0,0,0.4075746,-0.1126986,0.2434863,0.9718514,0.09511507,0.2155368,-0.00138215
105360,0.016668,12.2180454693735,0.8374082,0.2281225,-0.3773362,-0.4555385,0.4115329,-0.7595993,-0.2147891,0,0,0.4072498,-0.1127339,0.2432304,0.9718673,0.09488489,0.2155654,-0.00153056
105364,0.0166659,12.2347113694996,0.8372874,0.2278569,-0.3770385,0.4557757,-0.4111181,0.7598228,0.2142892,0,0,0.4073362,-0.1125918,0.2431225,0.971848,0.09468077,0.2157374,-0.002102156
105368,0.0166689,12.251380270347,0.8373709,0.2277468,-0.3771485,-0.4572102,0.4112928,-0.7591487,-0.2132846,0,0,0.4070385,-0.1127126,0.2428569,0.9718703,0.09456353,0.2156803,-0.002816716
105370,0.017635,12.2690152712166,0.8373334,0.2272649,-0.377094,-0.4574243,0.4133378,-0.7580711,-0.2127044,0,0,0.4071485,-0.1126291,0.2427468,0.9717014,0.09340303,0.2169314,-0.003598684
105372,0.016668,12.2856832705438,0.8372408,0.2270644,-0.3768781,0.4582555,-0.4132581,0.7579005,0.2116751,0,0,0.407094,-0.1126666,0.2422649,0.9711988,0.09356817,0.2191125,-0.002769126
105376,0.0166669,12.3023501709104,0.8369385,0.2273063,-0.3766729,-0.4586374,0.4121569,-0.7591828,-0.2083746,0,0,0.4068781,-0.1127592,0.2420644,0.9710787,0.09303258,0.2198571,-0.003733606
105380,0.0166664,12.3190165702254,0.8372287,0.2270626,-0.3757113,0.4573037,-0.4138902,0.7596222,0.2062582,0,0,0.4066728,-0.1130615,0.2423063,0.9708759,0.09366523,0.2203921,-0.007362509
105382,0.0166672,12.3356837704778,0.8378915,0.2267195,-0.3750001,-0.455339,0.4157928,-0.7604744,-0.2036207,0,0,0.4057113,-0.1127713,0.2420626,0.9702367,0.09597648,0.2221803,-0.008073955
105388,0.016667,12.3523507695645,0.8400118,0.2261686,-0.3740098,0.4552905,-0.4164363,0.760749,0.201376,0,0,0.4050001,-0.1121085,0.2417195,0.9694816,0.09914686,0.2240362,-0.009121361
105390,0.0166672,12.3690179698169,0.8421908,0.2255081,-0.373319,-0.4571206,0.4136844,-0.7618553,-0.1987021,0,0,0.4040098,-0.1099882,0.2411686,0.9690332,0.1000233,0.2255132,-0.01066409
105394,0.0166668,12.3856847696006,0.8460539,0.224681,-0.3712388,-0.4630865,0.4075058,-0.7625762,-0.1948526,0,0,0.403319,-0.1078092,0.2405081,0.9692296,0.09872964,0.2250036,-0.01482623
105396,0.0166669,12.4023516699672,0.8491228,0.2238124,-0.3703982,-0.4660902,0.4025334,-0.7633354,-0.1950535,0,0,0.4012387,-0.1039461,0.2396811,0.9699062,0.09307928,0.2238799,-0.02227348
105400,0.0166672,12.4190188702196,0.8534157,0.2227066,-0.3679625,-0.4742187,0.3976152,-0.7606179,-0.1961613,0,0,0.4003981,-0.1008772,0.2388124,0.9708973,0.08930921,0.2207702,-0.02535513
105402,0.0166666,12.4356854707003,0.8574849,0.2205972,-0.3651888,0.4765057,-0.4010799,0.7566706,0.1988138,0,0,0.3979625,-0.09658426,0.2377066,0.9718872,0.07972152,0.2198134,-0.02760303
105408,0.0166702,12.4523556698114,0.8675007,0.2183761,-0.3625054,0.4960044,-0.391009,0.7486686,0.201462,0,0,0.3951888,-0.09251511,0.2355972,0.9715366,0.07671428,0.2229382,-0.02302908
105410,0.0166675,12.4690231699497,0.8731274,0.2167182,-0.3623055,0.5034255,-0.3848835,0.7467515,0.2019647,0,0,0.3925054,-0.08249933,0.2333761,0.9731201,0.05362394,0.2223219,-0.02710582
105414,0.0166688,12.4856919702142,0.8809856,0.2157375,-0.3628891,0.5157168,-0.3775281,0.7419599,0.2024951,0,0,0.3923054,-0.07687259,0.2317182,0.9739344,0.04467604,0.220283,-0.03051702
105416,0.0166632,12.5023551695049,0.8862996,0.2141003,-0.3630736,-0.5236301,0.3771202,-0.7361292,-0.20422,0,0,0.3928891,-0.06901437,0.2307375,0.9745164,0.03013557,0.2195833,-0.0345376
105420,0.0188298,12.5211849696934,0.893285,0.2127001,-0.3608878,0.5337455,-0.3758775,0.7281183,0.2089873,0,0,0.3930736,-0.06370038,0.2291003,0.9741585,0.02069519,0.2224715,-0.03306505
105424,0.0166677,12.5378526691347,0.89785,0.2120363,-0.3613179,-0.5378874,0.374775,-0.7247205,-0.2121345,0,0,0.3908878,-0.05671501,0.2277001,0.9739987,0.007561051,0.2245214,-0.02931872
105428,0.0166695,12.5545221697539,0.9042222,0.2112959,-0.3611332,0.5435488,-0.373221,0.7198105,0.2171029,0,0,0.3913178,-0.05215001,0.2270363,0.9741279,0.00166279,0.2243625,-0.02708496
105430,0.0166669,12.5711890701205,0.9092044,0.2104107,-0.3622427,-0.5489525,0.3720548,-0.7146426,-0.222514,0,0,0.3911332,-0.04577774,0.2262959,0.9743178,-0.006684213,0.2238544,-0.02343927
105434,0.0166666,12.5878556706011,0.9140095,0.2101487,-0.3614889,0.5543157,-0.3705183,0.708511,0.2312195,0,0,0.3922427,-0.04079562,0.2254107,0.9744231,-0.0149112,0.2234096,-0.01911995
105436,0.0166713,12.6045269705355,0.9189003,0.2096385,-0.3609577,-0.5597923,0.3686692,-0.704004,-0.2347209,0,0,0.3914889,-0.03599054,0.2251487,0.9748194,-0.02439939,0.2213294,-0.01204911
105440,0.0166629,12.6211898699403,0.9215269,0.2098565,-0.3596777,0.5629227,-0.3661363,0.7002887,0.2421942,0,0,0.3909577,-0.03109974,0.2246384,0.9746649,-0.03219788,0.2211243,-0.009790524
105444,0.0166667,12.6378565691412,0.9255918,0.2092211,-0.3598148,-0.5666056,0.3661584,-0.695798,-0.2464779,0,0,0.3896777,-0.02847308,0.2248565,0.975266,-0.0388868,0.21754,-0.00450675
105448,0.016667,12.6545235682279,0.9288163,0.2098401,-0.3595115,-0.5672557,0.3647615,-0.6943998,-0.2509564,0,0,0.3898147,-0.02440822,0.2242211,0.9749632,-0.04479176,0.2178082,-0.0003776677
105450,0.0166667,12.6711902674288,0.9325303,0.2096469,-0.3602569,0.5689154,-0.3632532,0.692461,0.2547162,0,0,0.3895115,-0.02118367,0.2248401,0.9754256,-0.04741046,0.2151493,0.002822998
105454,0.0166669,12.6878571677953,0.9361642,0.2094357,-0.3602499,0.5696446,-0.3609594,0.6901059,0.262616,0,0,0.3902569,-0.01746964,0.2246469,0.9756625,-0.05095597,0.2132073,0.005377801
105458,0.0166671,12.7045242674649,0.9396856,0.2093494,-0.3602525,-0.5715463,0.3578405,-0.6889583,-0.265747,0,0,0.3902499,-0.01383579,0.2244357,0.9764071,-0.05513737,0.2084816,0.01115493
105462,0.022061,12.7265852671117,0.9421463,0.2098032,-0.3605713,0.5729216,-0.357801,0.6851941,0.2724859,0,0,0.3902524,-0.0103144,0.2243494,0.9768094,-0.05892597,0.2054843,0.01213671
105464,0.0166677,12.743252966553,0.94506,0.2095311,-0.3602513,-0.5747844,0.3546752,-0.6837584,-0.2762299,0,0,0.3905713,-0.007853687,0.2248032,0.976837,-0.06323701,0.203597,0.01840794
105468,0.0166679,12.75992086716,0.9492671,0.2091202,-0.3604451,0.5768342,-0.3518635,0.6813112,0.2815484,0,0,0.3902512,-0.004939973,0.2245311,0.977207,-0.06726526,0.2003568,0.01997533
105472,0.016668,12.7765888664871,0.952166,0.2083907,-0.3605872,0.5778873,-0.3504477,0.6807014,0.2826277,0,0,0.3904451,-0.0007328987,0.2241202,0.9774874,-0.07214484,0.1969108,0.02323398
105476,0.0166681,12.7932569663972,0.9540096,0.2094009,-0.3595257,0.5803359,-0.3461778,0.6778361,0.2896715,0,0,0.3905872,0.002165973,0.2233907,0.9775702,-0.07398077,0.1957953,0.02340158
105478,0.0166643,12.8099212665111,0.9550176,0.20911,-0.3590062,0.5799312,-0.3437862,0.6769779,0.2952826,0,0,0.3895257,0.004009604,0.2244009,0.977993,-0.08024894,0.1906297,0.02738924
105482,0.0166683,12.8265895657241,0.9565609,0.2089694,-0.3586686,-0.5805417,0.3375522,-0.6798337,-0.2947136,0,0,0.3890062,0.005017579,0.22411,0.9785636,-0.08238012,0.1861786,0.03105312
105484,0.0166662,12.8432557657361,0.959231,0.2085938,-0.3590435,0.5813664,-0.3347743,0.6802865,0.295211,0,0,0.3886686,0.006560922,0.2239695,0.9795376,-0.08356699,0.1811541,0.02656846
105488,0.0166661,12.8599218651652,0.9606037,0.2084495,-0.3593711,-0.5820921,0.3331762,-0.6799454,-0.2963726,0,0,0.3890435,0.009231031,0.2235938,0.9798488,-0.08507481,0.1789339,0.02532367
105490,0.0166688,12.8765906654298,0.9623966,0.2083984,-0.3599748,0.5830392,-0.3313213,0.6796525,0.297261,0,0,0.389371,0.01060367,0.2234495,0.9799782,-0.08660997,0.177465,0.02544793
105494,0.0166654,12.8932560645044,0.9640858,0.2080442,-0.3599602,-0.584153,0.3313925,-0.6782003,-0.2983097,0,0,0.3899748,0.01239663,0.2233984,0.9800982,-0.0883261,0.1759894,0.02517343
105498,0.0166668,12.9099228642881,0.9661579,0.2075722,-0.3603402,-0.5851864,0.3299435,-0.6780654,-0.2981973,0,0,0.3899602,0.01408577,0.2230442,0.9798612,-0.09007997,0.1762567,0.0262917
105502,0.0166666,12.9265894647688,0.9679196,0.2073588,-0.3606276,-0.5857239,0.3293878,-0.6775991,-0.2988156,0,0,0.3903401,0.01615793,0.2225722,0.9798855,-0.0914318,0.1755625,0.02534935
105504,0.0166696,12.9432590641081,0.9699782,0.2068703,-0.3612418,0.5860196,-0.3295588,0.6770862,0.2992097,0,0,0.3906276,0.01791966,0.2223588,0.9798658,-0.0923981,0.175126,0.02561959
105508,0.0166651,12.9599241632968,0.9720783,0.2065116,-0.3616186,-0.5863183,0.3280595,-0.6776778,-0.2989327,0,0,0.3912417,0.01997817,0.2218703,0.9797763,-0.09289542,0.1752897,0.02612239
105512,0.0166676,12.9765917640179,0.974422,0.2061086,-0.3619465,-0.5863776,0.327883,-0.6771043,-0.3003064,0,0,0.3916186,0.02207834,0.2215116,0.9799582,-0.09331393,0.1742202,0.02493426
105514,0.0166664,12.9932581633329,0.9764266,0.2057931,-0.3623196,0.5870488,-0.3280155,0.6759782,0.3013852,0,0,0.3919464,0.02442199,0.2211086,0.9799759,-0.09398744,0.1735847,0.02611441
105518,0.0166671,13.0099252630025,0.9787111,0.2053001,-0.3621955,0.588645,-0.327009,0.6745558,0.3025506,0,0,0.3923196,0.02642661,0.2207931,0.9798112,-0.09522748,0.1736616,0.02726741
105520,0.0166665,13.0265917629004,0.9804928,0.2046552,-0.3626508,-0.5892501,0.3276194,-0.6734049,-0.303275,0,0,0.3921955,0.02871114,0.2203001,0.9796299,-0.09774521,0.1731914,0.02785837
105526,0.0166678,13.0432595629245,0.9827039,0.2039507,-0.3628226,-0.5905527,0.3272612,-0.6722569,-0.3036748,0,0,0.3926508,0.03049278,0.2196552,0.9793952,-0.09870208,0.1737907,0.02898028
105528,0.0166654,13.0599249619991,0.9842975,0.2033179,-0.3631385,0.5914122,-0.3277516,0.6708608,0.3045592,0,0,0.3928225,0.03270388,0.2189507,0.979166,-0.1004703,0.1740247,0.02924271
105532,0.0166672,13.0765921622515,0.9866031,0.2023451,-0.3632591,-0.5928396,0.3276306,-0.669442,-0.3050359,0,0,0.3931385,0.03429747,0.2183179,0.9788877,-0.1018174,0.1745967,0.03046386
105534,0.0166665,13.0932586621493,0.9879721,0.2016966,-0.3634,-0.5923405,0.3280016,-0.6693848,-0.3057317,0,0,0.393259,0.03660309,0.2173451,0.9785829,-0.1037442,0.1750827,0.03096461
105538,0.0166685,13.109927162528,0.9915467,0.2001002,-0.3636292,0.5943155,-0.3279403,0.6674708,0.3061487,0,0,0.3934,0.03797215,0.2166966,0.978627,-0.1034017,0.174887,0.03181106
105540,0.0166657,13.1265928633511,0.9938476,0.1989972,-0.363734,0.5957929,-0.3275163,0.6662907,0.3063014,0,0,0.3936292,0.0415467,0.2151002,0.9781824,-0.1059553,0.1757454,0.03234643
105546,0.0166678,13.1432606633753,0.9969507,0.1976056,-0.3635737,0.5980037,-0.3253792,0.6654502,0.3060982,0,0,0.393734,0.04384762,0.2139973,0.9779097,-0.1078449,0.1761111,0.03235793
105548,0.0166656,13.1599262636155,0.9992027,0.1966952,-0.3638858,0.6000252,-0.3237099,0.6647581,0.3054151,0,0,0.3935737,0.0469507,0.2126056,0.9777508,-0.1106684,0.1754824,0.03101284
105552,0.0166681,13.1765943635255,1.002492,0.1951776,-0.3640193,0.6033397,-0.3230232,0.6623527,0.3048382,0,0,0.3938858,0.04920268,0.2116952,0.9775544,-0.1130079,0.1753465,0.02949994
105554,0.0166663,13.1932606641203,1.004472,0.194089,-0.3643514,0.6062374,-0.3221023,0.660347,0.3044145,0,0,0.3940192,0.05249172,0.2101776,0.9768699,-0.1168424,0.1767515,0.02884481
105558,0.0166672,13.2099278643727,1.006986,0.1928594,-0.3640523,0.609304,-0.3189784,0.6595544,0.3032977,0,0,0.3943513,0.05447155,0.209089,0.9763064,-0.1202783,0.1776699,0.02815165
105560,0.016666,13.2265938650817,1.008763,0.1918786,-0.3642129,0.6115275,-0.3181782,0.6577306,0.3036233,0,0,0.3940522,0.05698615,0.2078594,0.9760537,-0.123895,0.1769823,0.0254275
105566,0.0166675,13.24326136522,1.010949,0.1907101,-0.363795,-0.6130135,0.317995,-0.656173,-0.3041885,0,0,0.3942129,0.05876344,0.2068786,0.9756041,-0.1268383,0.1773712,0.02546068
105568,0.0166662,13.2599275652319,1.012974,0.1891482,-0.3633286,-0.6154048,0.3176941,-0.653939,-0.3044853,0,0,0.393795,0.06094891,0.2057101,0.9752351,-0.1289166,0.1778176,0.02603719
105570,0.0166673,13.2765948660672,1.014569,0.1882898,-0.3629747,-0.6172463,0.3164536,-0.6527151,-0.3046753,0,0,0.3933286,0.06297404,0.2041482,0.9746407,-0.1320031,0.1787583,0.02638735
105574,0.0166674,13.2932622656226,1.016888,0.1868102,-0.3621295,0.6198385,-0.3161457,0.6499785,0.3055816,0,0,0.3929746,0.06456906,0.2032897,0.9743399,-0.1344902,0.1786031,0.02598276
105578,0.0166693,13.3099315650761,1.018954,0.1858537,-0.3624158,0.6228127,-0.3143895,0.6478651,0.3058339,0,0,0.3921295,0.06688803,0.2018102,0.973656,-0.1381036,0.1794321,0.02693826
105582,0.016665,13.3265965655446,1.02115,0.1848419,-0.361747,-0.6237495,0.3144807,-0.6462748,-0.3071927,0,0,0.3924157,0.06895429,0.2008537,0.9730977,-0.1420866,0.1794301,0.02640516
105584,0.0166676,13.3432641662657,1.022588,0.1837712,-0.3607105,-0.6258652,0.3112689,-0.6449083,-0.3090271,0,0,0.391747,0.07115048,0.1998418,0.9727817,-0.1438265,0.1795366,0.0278619
105588,0.018811,13.3620751667768,1.023988,0.1829664,-0.3593032,0.6276772,-0.3115861,0.641257,0.31261,0,0,0.3907104,0.07258803,0.1987712,0.9726418,-0.1476365,0.1771944,0.02781437
105592,0.0166686,13.3787437658757,1.025502,0.181785,-0.3587023,-0.6288064,0.3114025,-0.6394274,-0.3142667,0,0,0.3893032,0.0739885,0.1979663,0.9719423,-0.151429,0.1771892,0.03164601
105596,0.0166669,13.3954106662422,1.027781,0.1801939,-0.3582847,-0.6312804,0.3092859,-0.6381775,-0.3139377,0,0,0.3887023,0.0755021,0.196785,0.9715729,-0.1535917,0.1770599,0.0332493
105598,0.0166681,13.4120787661523,1.029771,0.178709,-0.358207,-0.6334986,0.3080355,-0.63663,-0.3138407,0,0,0.3882847,0.0777815,0.1951939,0.971177,-0.1567785,0.1766864,0.03190054
105602,0.0166656,13.4287443663925,1.031819,0.1778032,-0.3583055,0.6349475,-0.3087972,0.6341895,0.3151026,0,0,0.388207,0.07977086,0.193709,0.9706969,-0.1596532,0.1768584,0.03129731
105606,0.016667,13.4454113654792,1.033897,0.1763103,-0.358271,-0.6370381,0.3093652,-0.6315567,-0.3156134,0,0,0.3883054,0.08181852,0.1928032,0.970066,-0.1619378,0.1778978,0.03317621
105612,0.0166687,13.462080065161,1.035057,0.1762607,-0.3568387,0.6405525,-0.3097352,0.6270169,0.3171853,0,0,0.388271,0.08389717,0.1913103,0.9692812,-0.1647195,0.1794012,0.03430399
105614,0.0269308,13.4890108648688,1.037743,0.1739623,-0.3562485,-0.6430293,0.3100009,-0.6239375,-0.3179857,0,0,0.3868387,0.08505732,0.1912607,0.9679939,-0.1698068,0.1811616,0.0365247
105616,0.0166678,13.5056786648929,1.038409,0.1732251,-0.3557928,0.6437939,-0.3108504,0.6218514,0.319691,0,0,0.3862484,0.08774322,0.1889623,0.9670749,-0.1732676,0.1825238,0.03780957
105620,0.016667,13.5223456639797,1.039467,0.1724699,-0.3555438,-0.6449011,0.3116747,-0.6196992,-0.3208339,0,0,0.3857927,0.08840877,0.1882251,0.9665748,-0.174916,0.18311,0.04010211
105624,0.0166666,13.5390122644603,1.041207,0.1709028,-0.3555398,0.6467371,-0.3118668,0.6175467,0.3211018,0,0,0.3855438,0.08946711,0.1874699,0.9659823,-0.1767505,0.1840727,0.04189087
105628,0.0166679,13.5556801650673,1.041968,0.1701323,-0.3549021,0.6471518,-0.3134274,0.6161848,0.3213629,0,0,0.3855398,0.09120709,0.1859028,0.9652889,-0.1791863,0.1852025,0.04254078
105630,0.016978,13.5726581644267,1.042865,0.1693548,-0.3546022,-0.648059,0.3133761,-0.6149988,-0.3218562,0,0,0.3849021,0.09196776,0.1851323,0.9648448,-0.1796619,0.1867424,0.04385834
105634,0.0166681,13.5893262643367,1.04374,0.1686098,-0.3537785,0.6492,-0.3128904,0.6133986,0.3230808,0,0,0.3846021,0.09286505,0.1843548,0.9645,-0.1810517,0.1870439,0.04443654
105638,0.0166701,13.6059963647276,1.044664,0.1676908,-0.3535983,-0.650471,0.3131063,-0.6110898,-0.3246865,0,0,0.3837784,0.09373981,0.1836098,0.9641001,-0.1831278,0.1868344,0.04547779
105642,0.0166648,13.6226611640304,1.045358,0.1668635,-0.3534345,0.6524961,-0.312673,0.6080976,0.3266522,0,0,0.3835983,0.09466404,0.1826908,0.9634903,-0.1854757,0.187195,0.04736372
105644,0.0166662,13.6393273640424,1.046674,0.1655395,-0.3536365,-0.6537966,0.3127193,-0.6062688,-0.3274062,0,0,0.3834345,0.09535831,0.1818635,0.9626822,-0.1890373,0.187289,0.0493024
105648,0.0166674,13.6559947635978,1.047366,0.1639618,-0.3529862,0.6541302,-0.3137044,0.6047056,0.3286858,0,0,0.3836364,0.09667355,0.1805394,0.9621294,-0.1910584,0.1878211,0.05026847
105650,0.0166657,13.6726604644209,1.048382,0.1628722,-0.3528477,-0.6551435,0.3134795,-0.6033425,-0.3293865,0,0,0.3829862,0.09736615,0.1789618,0.961719,-0.1919852,0.1884495,0.05220243
105654,0.0166674,13.6893278639764,1.050014,0.1615825,-0.3528636,-0.6570672,0.3126091,-0.6015909,-0.3295855,0,0,0.3828476,0.09838182,0.1778722,0.9613196,-0.1936462,0.1885933,0.05290052
105658,0.0166663,13.7059941645712,1.051541,0.1600827,-0.3532903,0.6586367,-0.3133169,0.5993566,0.3298514,0,0,0.3828636,0.1000137,0.1765825,0.9607271,-0.1963177,0.1888667,0.05284151
105662,0.0166673,13.7226614654064,1.052984,0.1587919,-0.3535548,-0.6597723,0.3139753,-0.5975985,-0.3301455,0,0,0.3832904,0.1015412,0.1750827,0.9599561,-0.1984033,0.1903266,0.05381715
105664,0.0166666,13.7393280658871,1.054746,0.1573077,-0.3538051,-0.6619792,0.3137878,-0.5952201,-0.3302027,0,0,0.3835547,0.1029837,0.1737919,0.9593545,-0.1999496,0.1914806,0.05472044
105668,0.0166672,13.7559952661395,1.056041,0.1558548,-0.3534959,0.6640491,-0.3146676,0.5921615,0.3307083,0,0,0.3838051,0.1047463,0.1723077,0.9585021,-0.2028678,0.1925893,0.05502591
105672,0.0223683,13.7783635668457,1.057876,0.154404,-0.352282,-0.6650881,0.3143652,-0.5907431,-0.3314438,0,0,0.3834959,0.1060414,0.1708547,0.9574398,-0.2057229,0.1944245,0.05644776
105676,0.0170818,13.7954453676939,1.060235,0.1526071,-0.3521552,0.6674215,-0.3157183,0.5873001,0.3315857,0,0,0.382282,0.1078755,0.1694041,0.9570044,-0.2074643,0.1945123,0.05715053
105678,0.0166685,13.8121138680726,1.062439,0.1511754,-0.3520632,0.6690375,-0.3152456,0.5861446,0.3308226,0,0,0.3821552,0.1102346,0.1676071,0.9557403,-0.2104621,0.1970631,0.05858531
105682,0.0166671,13.8287809677422,1.064193,0.149721,-0.3522799,0.6689228,-0.3196855,0.5829257,0.3324771,0,0,0.3820632,0.1124393,0.1661754,0.9552228,-0.2122671,0.1978616,0.05781804
105686,0.0166666,13.8454475682229,1.066232,0.1483272,-0.3520006,-0.6698709,0.3219046,-0.5793793,-0.3346196,0,0,0.3822798,0.1141934,0.164721,0.9541847,-0.2124972,0.2012242,0.06233311
105690,0.0166669,13.8621144685894,1.068063,0.1475091,-0.351742,0.6728798,-0.3233343,0.5743859,0.3358102,0,0,0.3820006,0.1162322,0.1633271,0.953075,-0.2145906,0.2030593,0.06607607
105692,0.0166665,13.8787809684873,1.069907,0.1466304,-0.3510916,-0.6750151,0.3234867,-0.5706246,-0.3377846,0,0,0.3817419,0.1180632,0.1625091,0.9512933,-0.2190428,0.2057506,0.06876076
105696,0.0166669,13.8954478688538,1.071346,0.1463342,-0.3505583,-0.6757407,0.3231981,-0.5699605,-0.3377317,0,0,0.3810915,0.1199066,0.1616304,0.9500641,-0.2228487,0.2065044,0.07122336
105698,0.0166674,13.9121152684093,1.072815,0.1457354,-0.3499404,0.6768265,-0.3229227,0.5685909,0.3381291,0,0,0.3805583,0.1213463,0.1613342,0.9498019,-0.2238165,0.2066991,0.07112059
105704,0.0166681,13.9287833683193,1.073991,0.1455185,-0.3494098,-0.6779792,0.3228884,-0.5663239,-0.3396536,0,0,0.3799404,0.1228151,0.1607354,0.9493149,-0.2254892,0.2069718,0.07154405
105706,0.0173497,13.9461330678314,1.074994,0.1449773,-0.3490127,-0.6789457,0.3222097,-0.5654641,-0.3398003,0,0,0.3794098,0.1239913,0.1605185,0.9486002,-0.2277941,0.2071242,0.07326042
105710,0.0166691,13.9628021679819,1.076022,0.144487,-0.3492106,-0.6814968,0.3214367,-0.563064,-0.3394108,0,0,0.3790126,0.1249942,0.1599773,0.9482822,-0.2292209,0.2070461,0.07314756
105712,0.0242616,13.9870637673885,1.077082,0.1441539,-0.3490737,0.6819044,-0.3217525,0.5624431,0.3393221,0,0,0.3792106,0.1260222,0.159487,0.9472915,-0.2325257,0.2080295,0.07276246
105718,0.016668,14.0037317667156,1.078387,0.1433392,-0.3482683,-0.6825653,0.3218858,-0.5606925,-0.3407609,0,0,0.3790737,0.1270823,0.1591539,0.9470333,-0.2330063,0.2085946,0.07296813
105720,0.0166673,14.0203990675509,1.079836,0.1429533,-0.3477599,-0.6837578,0.3206695,-0.5601565,-0.3403986,0,0,0.3782682,0.1283875,0.1583392,0.9464999,-0.2346077,0.2086354,0.07462291
105724,0.0166666,14.0370656680316,1.081037,0.1426317,-0.346872,0.6853706,-0.3200195,0.5577066,0.3417866,0,0,0.3777599,0.1298359,0.1579533,0.9462477,-0.2361367,0.2083826,0.07369835
105726,0.016666,14.0537316687405,1.082015,0.1420971,-0.3462959,-0.6854869,0.3207393,-0.5563958,-0.3430127,0,0,0.3768719,0.1310366,0.1576317,0.9454239,-0.2390721,0.2083161,0.07498402
105732,0.0166677,14.0703993681818,1.083094,0.1415153,-0.3449486,0.6865539,-0.3205704,0.5547673,0.3436738,0,0,0.3762959,0.1320153,0.1570971,0.9450336,-0.2397914,0.2086314,0.07671142
105736,0.0179665,14.088365867734,1.083931,0.1407505,-0.3436626,-0.6874738,0.3203271,-0.5530016,-0.3449051,0,0,0.3749486,0.1330941,0.1565154,0.9444497,-0.2415904,0.2089137,0.07748522
105738,0.0168659,14.1052317675203,1.084215,0.1406377,-0.3428005,-0.6872311,0.319956,-0.553151,-0.3454933,0,0,0.3736626,0.133931,0.1557505,0.9438717,-0.2434879,0.20885,0.07875046
105742,0.0166674,14.1218991670758,1.084884,0.1404932,-0.3417192,0.6877325,-0.3201489,0.5512493,0.3473514,0,0,0.3728004,0.1342147,0.1556377,0.9439992,-0.2434844,0.2081676,0.07903853
105744,0.0171332,14.1390323676169,1.085341,0.1401988,-0.3410937,-0.6881587,0.3204822,-0.5502547,-0.3477767,0,0,0.3717192,0.1348837,0.1554932,0.9434314,-0.2451017,0.2080365,0.08113663
105748,0.0166682,14.1557005681098,1.085977,0.1400402,-0.3399825,0.6889527,-0.3203644,0.5485864,0.3489468,0,0,0.3710937,0.135341,0.1551988,0.9430715,-0.2458768,0.2084625,0.08187898
105752,0.0166661,14.1723666675389,1.086383,0.1396515,-0.3393291,0.6894969,-0.3216336,0.5472545,0.3487957,0,0,0.3699825,0.1359774,0.1550402,0.9425169,-0.2475731,0.2084608,0.08314839
105756,0.0273586,14.1997252684087,1.088054,0.1393349,-0.3387122,0.6926406,-0.3207836,0.5434324,0.3493254,0,0,0.369329,0.136383,0.1546515,0.9419503,-0.2481482,0.2100035,0.08396835
105758,0.0166686,14.2163938675076,1.088923,0.1387749,-0.338539,0.6949979,-0.3198567,0.5412778,0.3488382,0,0,0.3687122,0.1380538,0.1543349,0.9404254,-0.2528077,0.2110109,0.08463319
105762,0.016666,14.2330598682165,1.090594,0.1380396,-0.3374239,-0.6969011,0.3201817,-0.5397295,-0.3471377,0,0,0.368539,0.1389235,0.1537749,0.9394692,-0.2558782,0.2117987,0.0840563
105766,0.0166672,14.2497270684689,1.091627,0.1373119,-0.3366723,-0.6979553,0.320477,-0.5385579,-0.3465665,0,0,0.3674239,0.1405942,0.1530396,0.9386252,-0.2576115,0.2138451,0.08300182
105770,0.0166679,14.2663949690759,1.093022,0.1366025,-0.3363277,-0.7000456,0.32078,-0.5368018,-0.3447901,0,0,0.3666722,0.1416268,0.1523119,0.9380656,-0.2587585,0.2149639,0.08287115
105772,0.0166678,14.2830627691001,1.093683,0.135951,-0.3364226,0.7006598,-0.3219784,0.5351319,0.3450214,0,0,0.3663276,0.1430215,0.1516025,0.9371151,-0.2607268,0.2171387,0.08177853
105776,0.0166663,14.2997290696949,1.094663,0.1354562,-0.3363752,-0.7024967,0.3216509,-0.5347587,-0.3421583,0,0,0.3664226,0.1436834,0.150951,0.936434,-0.261622,0.2185447,0.08296736
105778,0.0166665,14.3163955695927,1.094697,0.13541,-0.3355427,-0.7059733,0.3212694,-0.5305141,-0.3419687,0,0,0.3663751,0.1446627,0.1504563,0.9359342,-0.2627289,0.2203458,0.08030272
105782,0.0166669,14.3330624699593,1.094836,0.1355911,-0.3349183,0.7094755,-0.3205711,0.5260676,0.3422451,0,0,0.3655426,0.1446974,0.15041,0.9340853,-0.2675281,0.2222637,0.08069795
105786,0.0166682,14.3497306704521,1.096342,0.1349664,-0.3329564,0.7110355,-0.3204233,0.524443,0.3416386,0,0,0.3649183,0.1448365,0.1505911,0.9321836,-0.2726529,0.2237683,0.08137479
105790,0.0166658,14.3663964699954,1.097249,0.1346989,-0.3315631,0.7145029,-0.3175904,0.5230862,0.3391206,0,0,0.3629564,0.1463421,0.1499664,0.9313974,-0.2745543,0.2248303,0.08105704
105792,0.0166663,14.3830627705902,1.097948,0.1343936,-0.3308027,-0.7160742,0.3178795,-0.5208675,-0.3389506,0,0,0.3615631,0.1472487,0.1496989,0.9304661,-0.278344,0.2252871,0.07748047
105796,0.0166681,14.3997308705002,1.098552,0.1340086,-0.3300809,0.7177962,-0.317048,0.5185442,0.3396488,0,0,0.3608027,0.1479477,0.1493936,0.9294658,-0.2804749,0.22662,0.07791318
105800,0.0166658,14.4163966700435,1.09945,0.1331555,-0.3293258,-0.7191006,0.3181535,-0.5163268,-0.3392335,0,0,0.3600808,0.1485518,0.1490086,0.9285132,-0.2833501,0.2267442,0.07850581
105802,0.0166679,14.4330645706505,1.099812,0.1324588,-0.3288102,-0.7201045,0.3194815,-0.5141989,-0.3390881,0,0,0.3593257,0.1494504,0.1481555,0.927481,-0.2849342,0.2287383,0.07918525
105806,0.0166657,14.4497302714735,1.100801,0.1320387,-0.3272799,-0.7226295,0.3172886,-0.5144475,-0.3353779,0,0,0.3588102,0.1498122,0.1474588,0.9265204,-0.2862221,0.2306567,0.08021417
105808,0.0166672,14.4663974717259,1.101055,0.1316124,-0.3266709,-0.7230623,0.3183203,-0.5130901,-0.3355469,0,0,0.3572799,0.1508012,0.1470387,0.9261308,-0.2880423,0.2314967,0.075649
105812,0.0166674,14.4830648712814,1.101643,0.1320037,-0.325641,-0.7243371,0.3168413,-0.5125145,-0.3350765,0,0,0.3566709,0.1510546,0.1466124,0.9255519,-0.2886939,0.2326706,0.07664163
105816,0.0166669,14.4997317716479,1.101728,0.131754,-0.325288,-0.725556,0.3165925,-0.5113962,-0.3343827,0,0,0.355641,0.1516426,0.1470037,0.9252129,-0.2903738,0.2322996,0.07550567
105820,0.0166673,14.5163990724832,1.102751,0.1320459,-0.3245125,-0.7275056,0.3151816,-0.5093662,-0.3345779,0,0,0.355288,0.1517276,0.146754,0.9246114,-0.2917877,0.2330949,0.07497041
105822,0.0166665,14.533065572381,1.103287,0.1315525,-0.3250046,0.7287071,-0.3143792,0.5093833,0.3326868,0,0,0.3545124,0.1527513,0.1470459,0.9236945,-0.2947965,0.233016,0.07474692
105826,0.0166663,14.5497318729758,1.103701,0.1311702,-0.3242066,0.7318144,-0.3125284,0.5075581,0.3303913,0,0,0.3550046,0.1532868,0.1465525,0.9234383,-0.295599,0.2336852,0.07262401
105828,0.0166679,14.5663997735828,1.104099,0.1303485,-0.3240602,-0.7327782,0.3139882,-0.5062972,-0.328802,0,0,0.3542065,0.1537008,0.1461702,0.922262,-0.2990324,0.2347838,0.06992178
105832,0.0166663,14.5830660741776,1.104635,0.1293061,-0.3230747,0.7344716,-0.3141343,0.5054355,0.3261996,0,0,0.3540602,0.154099,0.1453485,0.9214886,-0.2995249,0.2372785,0.06958833
105836,0.0166717,14.5997377745807,1.105088,0.1279513,-0.3226362,0.7358729,-0.3139139,0.5042672,0.3250599,0,0,0.3530747,0.1546348,0.1443061,0.9207322,-0.3006395,0.2393847,0.06755042
105840,0.0166615,14.616399275139,1.105514,0.127073,-0.3220825,-0.7364131,0.3142886,-0.5037671,-0.3242486,0,0,0.3526362,0.1550881,0.1429513,0.920028,-0.3021131,0.240485,0.06665695
105842,0.0166725,14.6330717746168,1.105675,0.1262821,-0.3221492,-0.7367902,0.3152466,-0.5029414,-0.3237433,0,0,0.3520825,0.1555142,0.142073,0.919688,-0.3024642,0.2414539,0.06625336
105846,0.0166627,14.6497344747186,1.10573,0.1250811,-0.3214059,0.7377216,-0.3155975,0.5023541,0.3221884,0,0,0.3521491,0.1556748,0.1412821,0.9192494,-0.3027031,0.2427507,0.06651044
105850,0.0166704,14.6664048749954,1.105507,0.1242032,-0.3207966,-0.7378253,0.3165837,-0.5021417,-0.3213133,0,0,0.3514059,0.1557297,0.1400811,0.9187602,-0.3032483,0.2442034,0.06545869
105852,0.0166664,14.6830712743104,1.105098,0.1235849,-0.3202142,0.7381526,-0.3170573,0.5019975,0.3203186,0,0,0.3507966,0.1555075,0.1392032,0.9185519,-0.3028964,0.2454671,0.06528545
105856,0.0166644,14.6997356750071,1.105201,0.1216271,-0.3194319,-0.7399948,0.3176671,-0.5006799,-0.3175139,0,0,0.3502142,0.1550983,0.1385849,0.9183487,-0.30284,0.246448,0.06470672
105858,0.0166666,14.7164022754878,1.104981,0.1201862,-0.3189215,-0.7397505,0.3185752,-0.5002805,-0.3178028,0,0,0.3494318,0.1552011,0.1366271,0.9173348,-0.3040794,0.2491626,0.06285333
105862,0.0166677,14.7330699749291,1.10458,0.1185756,-0.3191559,-0.7392174,0.3207708,-0.500027,-0.317233,0,0,0.3489215,0.1549807,0.1351862,0.9172049,-0.3038217,0.2497406,0.06369595
105866,0.0166663,14.7497362755239,1.103878,0.1170615,-0.3192107,-0.7388417,0.3237012,-0.4988703,-0.3169527,0,0,0.3491559,0.1545797,0.1335756,0.9170349,-0.3026359,0.2515967,0.06447946
105870,0.016668,14.7664042748511,1.103421,0.1150834,-0.3193276,0.7380106,-0.3245636,0.4991263,0.3176031,0,0,0.3492107,0.1538783,0.1320615,0.9164907,-0.3018029,0.2541435,0.06611315
105872,0.0166656,14.7830698750913,1.103361,0.1134295,-0.319847,0.7378054,-0.3252575,0.4990657,0.3174654,0.00124896038323641,0,0.3493276,0.1534206,0.1300833,0.9167157,-0.3008734,0.2541707,0.06711686
105876,0.0166674,14.7997372746468,1.10335,0.1115727,-0.3191456,0.7378936,-0.3264077,0.4978879,0.317929,0.00317345699295402,0,0.349847,0.153361,0.1284295,0.9166748,-0.3004699,0.2547206,0.06739884
105878,0.0166686,14.8164058737457,1.103641,0.1101653,-0.3194377,-0.7379976,0.3257848,-0.4979937,-0.3181607,0.00542302429676056,0,0.3491455,0.1533501,0.1265727,0.9162037,-0.3007903,0.2556908,0.06868994
105882,0.0181036,14.834509473294,1.104061,0.1073408,-0.3185213,0.739316,-0.3212754,0.4998282,0.3168056,0.0115873590111732,0,0.3494377,0.1536413,0.1251653,0.9162807,-0.301089,0.2551078,0.06852093
105886,0.0166678,14.8511772733182,1.104354,0.1054613,-0.3183277,0.7383887,-0.3191863,0.5035838,0.3151278,0.0396380536258221,0,0.3485212,0.1540605,0.1223408,0.916886,-0.3025381,0.2522691,0.06442823
105890,0.0166677,14.8678449727595,1.103349,0.1033217,-0.3171188,0.737575,-0.3208847,0.5028503,0.316477,0.047897394746542,0,0.3483277,0.1543542,0.1204613,0.918359,-0.3004187,0.2502806,0.06103294
105892,0.0166681,14.8845130726695,1.103755,0.101451,-0.3164224,0.7375927,-0.3202406,0.5040912,0.3151112,0.0710252523422241,0,0.3471187,0.1533487,0.1183217,0.918241,-0.2998261,0.2508567,0.06331499
105896,0.0166678,14.9011808726937,1.10335,0.09956414,-0.3151495,0.7381012,-0.3196063,0.5035208,0.3154761,0.07378751039505,0,0.3464224,0.1537554,0.116451,0.9186071,-0.299188,0.2507277,0.06150879
105898,0.0166648,14.9178456719965,1.103015,0.09783286,-0.3152739,-0.7380887,0.3181618,-0.5047016,-0.3150787,0.103136986494064,0,0.3451495,0.1533504,0.1145641,0.9183874,-0.3001525,0.2503606,0.06158628
105904,0.0166714,14.9345170725137,1.104347,0.09451455,-0.3140091,0.7375638,-0.3157298,0.5072075,0.3147298,0.116329193115234,0,0.3452739,0.1530152,0.1128329,0.9188553,-0.3000067,0.2491544,0.06019202
105908,0.016663,14.9511800725013,1.106078,0.09037695,-0.3133607,0.737542,-0.3155749,0.5080994,0.3134953,0.135517910122871,0,0.3440091,0.154347,0.1095145,0.9199249,-0.2991939,0.2466868,0.05802457
105910,0.0207243,14.9719043727964,1.107255,0.08782168,-0.3140923,0.7383367,-0.317151,0.5063242,0.3129059,0.140678063035011,0,0.3433607,0.1560779,0.1053769,0.9201508,-0.2985461,0.2469417,0.05667978
105914,0.0166688,14.988573173061,1.107788,0.0852952,-0.3146639,0.7388114,-0.320557,0.5040207,0.3120321,0.163775622844696,0,0.3440923,0.1572554,0.1028217,0.9192681,-0.2993231,0.2491128,0.05739957
105918,0.0166663,15.0052394736558,1.109297,0.08224919,-0.3158512,-0.7413292,0.3207497,-0.502538,-0.3082308,0.163775622844696,0,0.3446639,0.1577881,0.1002952,0.9181198,-0.2993984,0.2528537,0.0590049
105920,0.0166663,15.0219057742506,1.110156,0.08051038,-0.316432,-0.7419338,0.3228274,-0.5006719,-0.3076434,0.194919243454933,0,0.3458511,0.159297,0.09724917,0.9168556,-0.3011732,0.255978,0.0560868
105926,0.022948,15.0448537748307,1.112321,0.07741994,-0.3184509,-0.7423018,0.3254024,-0.4985309,-0.3075198,0.213358730077744,0,0.3464319,0.160156,0.09551038,0.9159223,-0.3016697,0.2584948,0.05711536
105928,0.0166682,15.0615219753236,1.113144,0.07595537,-0.3193107,0.7423957,-0.3256595,0.4979222,0.3080067,0.226202785968781,0,0.3484508,0.1623207,0.09241994,0.9149321,-0.302037,0.2611617,0.05888654
105932,0.0166674,15.078189374879,1.114674,0.07376043,-0.3205069,0.7442244,-0.3251621,0.4969674,0.3056521,0.242631077766418,0,0.3493106,0.1631443,0.09095536,0.9147241,-0.3024112,0.2613001,0.05957942
105934,0.0166657,15.0948550757021,1.115709,0.07216913,-0.3220554,-0.7448416,0.32634,-0.4946708,-0.3066171,0.240835264325142,0,0.3505068,0.1646741,0.08876039,0.9139047,-0.3039527,0.2628535,0.05743791
105940,0.0168065,15.1116615757346,1.117052,0.07028919,-0.3222011,0.7438207,-0.3267955,0.495435,0.3073757,0.245499774813652,0,0.3520554,0.1657088,0.08716913,0.9129846,-0.3053095,0.2640375,0.05940896
105942,0.0236537,15.1353152748197,1.118284,0.06862348,-0.3235881,0.7431235,-0.3289171,0.4942793,0.3086568,0.241712018847466,0,0.352201,0.1670521,0.0852892,0.9134685,-0.3041585,0.2635192,0.06017178
105946,0.0166694,15.1519846748561,1.119488,0.06682965,-0.3254361,0.743488,-0.329544,0.4934959,0.3083638,0.238181382417679,0,0.3535881,0.1682839,0.08362348,0.9131423,-0.3036928,0.2645906,0.06271992
105950,0.0166887,15.1686733756214,1.119803,0.06578612,-0.3259138,-0.7441513,0.3306212,-0.4913791,-0.3089904,0.20167638361454,0,0.3554361,0.1694883,0.08182962,0.9127329,-0.3040631,0.2655151,0.06297682
105954,0.0167636,15.1854369752109,1.119682,0.06415644,-0.3249125,-0.7428805,0.3333154,-0.4916825,-0.3086712,0.192487448453903,0,0.3559137,0.1698032,0.08078612,0.9118358,-0.3053336,0.2667554,0.06456318
105956,0.0166657,15.202102676034,1.120086,0.06252819,-0.324084,0.7431428,-0.3341064,0.4904722,0.3091097,0.145418271422386,0,0.3549125,0.1696816,0.07915644,0.9119523,-0.3031907,0.2685078,0.06574231
105962,0.0166678,15.2187704760581,1.119068,0.06200469,-0.3226379,0.7413753,-0.3371368,0.4923628,0.307051,0.142325147986412,0,0.354084,0.1700858,0.07752819,0.9114506,-0.303782,0.2692759,0.06681947
105964,0.0206428,15.2394132763147,1.119781,0.06207284,-0.3252767,-0.7371533,0.3414171,-0.4949995,-0.3082449,0.118297725915909,0,0.3526379,0.1690683,0.07700469,0.9120467,-0.3000141,0.2715883,0.066349
105968,0.0213694,15.2607826758176,1.119055,0.06279975,-0.3256706,-0.7376375,0.3408898,-0.494978,-0.3077041,0.109165407717228,0,0.3552767,0.1697809,0.07707281,0.9134814,-0.294245,0.2723446,0.0692835
105972,0.0182885,15.2790711764246,1.119821,0.06228578,-0.3268307,-0.737638,0.3419749,-0.4941051,-0.307902,0.104499846696854,0,0.3556706,0.1690553,0.07779975,0.9133886,-0.2947005,0.2723573,0.06851597
105976,0.0166688,15.2957399766892,1.120747,0.06177205,-0.3275487,-0.7363634,0.3443631,-0.4935253,-0.3092182,0.100791797041893,0,0.3568307,0.1698206,0.07728578,0.9130089,-0.2947746,0.2733041,0.06948141
105980,0.0166666,15.3124065771699,1.121589,0.06109422,-0.3266825,0.7367293,-0.3444222,0.4934194,0.3084488,0.0954622328281403,0,0.3575487,0.1707466,0.07677205,0.9129338,-0.2935021,0.2742426,0.07210659
105982,0.0166655,15.3290720768273,1.12193,0.06071648,-0.3265832,-0.7329565,0.3484636,-0.4942652,-0.3115283,0.0849130749702454,0,0.3566825,0.1715892,0.0760942,0.9127673,-0.2936511,0.2747986,0.071489
105986,0.0166687,15.345740776509,1.121824,0.06093225,-0.3266048,0.7294949,-0.3519519,0.4958207,0.3132554,0.0694737657904625,0,0.3565832,0.1719301,0.07571648,0.9136125,-0.2895627,0.2750306,0.07631415
105990,0.0185763,15.3643170762807,1.123096,0.06024873,-0.3284971,-0.7256573,0.3587537,-0.4970329,-0.3125309,0.066250242292881,0,0.3566048,0.1718238,0.07593222,0.9145693,-0.2852854,0.2754158,0.07950717
105994,0.022783,15.3871000763029,1.124539,0.05926517,-0.3291521,0.7218278,-0.3650775,0.498987,0.3109581,0.0355567596852779,0,0.3584971,0.1730964,0.07524876,0.9149472,-0.2791912,0.2794867,0.08252922
105998,0.0203433,15.407443376258,1.124729,0.05916306,-0.3301936,-0.7212639,0.3705519,-0.4989092,-0.3058747,0.017156794667244,0,0.3591521,0.1745388,0.0742652,0.9155118,-0.2727389,0.2834214,0.08440362
106002,0.0187153,15.4261586759239,1.125099,0.06002185,-0.3314313,-0.7149969,0.3817765,-0.5052174,-0.2962797,0,0,0.3601936,0.1747286,0.07416309,0.9146066,-0.2693291,0.2899072,0.08312935
106004,0.0166691,15.4428277760744,1.126057,0.05992976,-0.3316271,-0.7134894,0.3830847,-0.509293,-0.2912039,0,0,0.3614313,0.1750988,0.07502185,0.9157164,-0.2554902,0.2996404,0.08002462
106008,0.0193606,15.4621883761138,1.127296,0.0601733,-0.3320875,-0.7112052,0.3848344,-0.511891,-0.2899262,0,0,0.361627,0.1760567,0.07492976,0.9167239,-0.2508496,0.3016307,0.07556967
106012,0.0176039,15.4797922763973,1.127127,0.06092325,-0.3322675,0.7107133,-0.3883031,0.5118227,0.2866094,0,0,0.3620875,0.1772959,0.0751733,0.9176266,-0.2469607,0.3022418,0.0749786
106014,0.0166676,15.4964598771185,1.126497,0.06144869,-0.3327217,-0.7100654,0.3889356,-0.5120866,-0.2868861,0,0,0.3622674,0.1771266,0.07592322,0.9169418,-0.2446829,0.3063534,0.07413194
106020,0.0166759,15.5131357777864,1.127875,0.06133533,-0.3322368,-0.7076297,0.3884216,-0.5161372,-0.2863413,0,0,0.3627217,0.1764966,0.07644866,0.917079,-0.2438921,0.3064372,0.07469292
106022,0.0166587,15.5297944769263,1.128012,0.06117183,-0.3319632,-0.7056513,0.3888488,-0.5185216,-0.2863355,0,0,0.3622367,0.1778749,0.0763353,0.9188131,-0.2401511,0.3045649,0.07314572
106026,0.0166674,15.5464618764818,1.127903,0.06168485,-0.3317463,-0.704772,0.3914497,-0.5177506,-0.2863528,0,0,0.3619632,0.1780121,0.07617183,0.919847,-0.2373369,0.3036979,0.0729409
106030,0.0166651,15.5631269756705,1.127639,0.06243691,-0.3314557,0.7035325,-0.3928893,0.5183745,0.2863006,0,0,0.3617463,0.1779035,0.07668485,0.9194015,-0.2361082,0.3055889,0.07462871
106032,0.0171119,15.5802388750017,1.127367,0.06279626,-0.3313729,-0.7016863,0.3943678,-0.5193523,-0.2870255,0,0,0.3614557,0.1776393,0.07743691,0.9196046,-0.2343338,0.306175,0.07531239
106034,0.0166688,15.5969076752663,1.12728,0.06276405,-0.3308007,0.7007164,-0.3952831,0.5197133,0.287482,0,0,0.3613729,0.177367,0.07779627,0.9200801,-0.2320736,0.3061409,0.07663156
106038,0.0166665,15.6135741751641,1.126773,0.06310055,-0.3303926,-0.6993189,0.3962495,-0.5201505,-0.2887611,0,0,0.3608007,0.1772799,0.07776399,0.9202665,-0.2309258,0.3062293,0.0775018
106042,0.0166675,15.6302416753024,1.126158,0.0635722,-0.3297693,0.6980149,-0.3972025,0.5202795,0.2903701,0,0,0.3603926,0.1767725,0.07810058,0.9206098,-0.2295678,0.3058079,0.07910644
106044,0.0166661,15.6469077747315,1.125496,0.06396189,-0.3296324,-0.6963664,0.3980178,-0.5219284,-0.2902526,0,0,0.3597693,0.176158,0.0785722,0.920867,-0.2285035,0.3053213,0.08105014
106048,0.0166669,15.6635746750981,1.125155,0.06386897,-0.3290243,-0.6958682,0.3975447,-0.5231826,-0.2898374,0,0,0.3596324,0.1754963,0.07896186,0.921524,-0.2261324,0.3050846,0.08112331
106052,0.0166671,15.6802417747676,1.124621,0.06366357,-0.3286939,0.6962954,-0.3973471,0.5231591,0.2891238,0,0,0.3590242,0.1751553,0.07886897,0.9220269,-0.2252304,0.3044631,0.08024891
106056,0.0166672,15.6969089750201,1.124215,0.06349972,-0.3292244,0.6971716,-0.3970946,0.522735,0.2881246,0,0,0.3586939,0.1746213,0.07866357,0.9219174,-0.22549,0.3047955,0.07951304
106058,0.0166668,15.7135757748038,1.123603,0.06398347,-0.3289307,0.696781,-0.3976076,0.5232333,0.2874568,0,0,0.3592243,0.1742149,0.07849969,0.9215927,-0.2262459,0.3054612,0.07856981
106062,0.0166695,15.7302452754229,1.122915,0.06420812,-0.3283867,-0.6969535,0.3975302,-0.5231678,-0.2872647,0,0,0.3589307,0.1736031,0.07898344,0.9216795,-0.225384,0.3059315,0.07819784
106068,0.0228368,15.7530820760876,1.121369,0.06521988,-0.3279201,-0.6960614,0.3970474,-0.5245399,-0.287593,0,0,0.3583867,0.1729147,0.07920812,0.9216254,-0.225535,0.3060347,0.07799661
106070,0.0166677,15.7697497755289,1.120404,0.06588858,-0.3283272,-0.6952239,0.3968771,-0.5256256,-0.2878716,0,0,0.3579201,0.1713688,0.08021988,0.9222928,-0.2244337,0.3048957,0.07774449
106074,0.016668,15.7864177748561,1.119911,0.06647393,-0.3277335,0.695508,-0.3966039,0.5244878,0.2896319,0,0,0.3583272,0.1704037,0.08088861,0.9228118,-0.2233896,0.3041056,0.07768721
106076,0.0166674,15.8030851744115,1.119483,0.06676626,-0.3274879,0.695087,-0.3970194,0.5240598,0.2908455,0,0,0.3577335,0.169911,0.0814739,0.9226058,-0.2246205,0.3034141,0.07927256
106080,0.0166666,15.8197517748922,1.119348,0.06686619,-0.3272629,0.6947282,-0.3967954,0.5239801,0.2921489,0,0,0.3574879,0.1694834,0.08176626,0.9225855,-0.2246093,0.3031187,0.0806575
106082,0.0166665,15.83641827479,1.119325,0.06692496,-0.3271345,0.6942385,-0.3968177,0.5240203,0.2932088,0,0,0.3572629,0.1693484,0.08186619,0.92276,-0.2247258,0.3022267,0.08167939
106086,0.0166668,15.8530850745738,1.119204,0.06734112,-0.3273295,0.6939601,-0.396679,0.524087,0.2939355,0,0,0.3571345,0.1693249,0.08192493,0.9229357,-0.2245452,0.3015697,0.08261233
106090,0.0166668,15.8697518743575,1.119226,0.06720099,-0.3274412,-0.6941249,0.3967842,-0.52378,-0.2939516,0,0,0.3573295,0.1692042,0.08234112,0.9230804,-0.2245016,0.3010101,0.08315392
106092,0.016667,15.8864188734442,1.119256,0.06710225,-0.3272981,-0.6938533,0.3964583,-0.524114,-0.2944369,0,0,0.3574411,0.1692262,0.08220099,0.9229453,-0.2247411,0.3012088,0.08328664
106096,0.0166659,15.9030847735703,1.119336,0.06729364,-0.3275209,-0.6937801,0.39626,-0.5239677,-0.2951357,0,0,0.3572981,0.1692558,0.08210225,0.923178,-0.2245907,0.3005599,0.08345735
106100,0.0166677,15.9197524730116,1.119523,0.06722316,-0.3274949,0.6932585,-0.3964062,0.5242162,0.2957232,0,0,0.3575209,0.1693363,0.08229364,0.9232292,-0.224822,0.3000841,0.08397866
106104,0.0166674,15.9364198725671,1.119525,0.06788349,-0.3270532,-0.6937078,0.3958778,-0.52349,-0.2966624,0,0,0.3574949,0.1695231,0.08222316,0.923416,-0.2243738,0.299689,0.08453398
106106,0.0166669,15.9530867729336,1.11936,0.068138,-0.3270918,-0.6927909,0.3960979,-0.5236638,-0.2982004,0,0,0.3570532,0.1695252,0.08288349,0.923269,-0.2254523,0.2991495,0.0851779
106110,0.0166664,15.9697531722486,1.11918,0.06870162,-0.3277875,-0.6905527,0.3974167,-0.5235378,-0.3018365,0,0,0.3570918,0.1693597,0.083138,0.9235588,-0.2249096,0.2982467,0.08662395
106112,0.0166667,15.9864198714495,1.119036,0.0684773,-0.3277391,-0.6898281,0.3974973,-0.5235645,-0.3033372,0,0,0.3577875,0.1691801,0.08370163,0.9239635,-0.2235446,0.2968296,0.09061778
106116,0.0166671,16.003086971119,1.119242,0.06815869,-0.3273917,0.6896873,-0.3967901,0.5240173,0.3038009,0,0,0.357739,0.1690357,0.08347733,0.9241847,-0.2232618,0.2959335,0.0919788
106120,0.0166669,16.0197538714856,1.119384,0.06765297,-0.3273647,0.6894299,-0.3979062,0.5232223,0.3042954,0,0,0.3573916,0.1692424,0.08315869,0.9244817,-0.2232859,0.2950158,0.09188469
106124,0.0166665,16.0364203713834,1.119472,0.06737176,-0.3277878,-0.6891121,0.398196,-0.5232881,-0.3045228,0,0,0.3573647,0.1693839,0.08265297,0.9241522,-0.2231752,0.2957418,0.09312581
106126,0.016667,16.0530873704702,1.119549,0.06698218,-0.3284211,0.6885243,-0.3988397,0.5233681,0.3048722,0,0,0.3577878,0.1694718,0.08237176,0.9241971,-0.222844,0.2957378,0.09348541
106130,0.0166668,16.0697541702539,1.119743,0.06658036,-0.3287179,-0.688165,0.3990348,-0.523423,-0.3053337,0,0,0.3584211,0.1695492,0.08198221,0.924246,-0.2221981,0.295857,0.09415963
106134,0.0166665,16.0864206701517,1.119528,0.06606412,-0.3287415,-0.6872769,0.399946,-0.524336,-0.3045744,0,0,0.3587179,0.1697434,0.08158033,0.9243236,-0.2219232,0.2956574,0.09467115
106138,0.0188519,16.1052725706249,1.118973,0.06597045,-0.3283064,0.6855056,-0.4007653,0.5258487,0.3048812,0,0,0.3587414,0.1695278,0.08106412,0.9245573,-0.2203194,0.2962197,0.09437729
106140,0.0166679,16.1219404712319,1.118678,0.06549913,-0.3278642,0.6852542,-0.4002923,0.5275099,0.3031933,0,0,0.3583063,0.1689727,0.08097048,0.9251986,-0.2180063,0.2957746,0.09485873
106144,0.0166667,16.1386071704328,1.118691,0.06499887,-0.3271077,0.6827136,-0.4013472,0.5304802,0.3023463,0,0,0.3578642,0.1686783,0.0804991,0.9256933,-0.2168316,0.2957457,0.0927924
106146,0.0166672,16.1552743706852,1.118557,0.06523514,-0.3278684,-0.6780616,0.4034484,-0.5340301,-0.3037658,0,0,0.3571077,0.1686913,0.0799989,0.9267671,-0.2129026,0.2954414,0.09214002
106150,0.0166686,16.1719429697841,1.119244,0.06457239,-0.3280176,0.6790904,-0.4022456,0.5349033,0.3015184,0,0,0.3578683,0.1685567,0.08023514,0.9283223,-0.2071761,0.2940378,0.09400845
106152,0.0166653,16.1886082701385,1.119756,0.06371212,-0.3274937,-0.6786999,0.4033658,-0.5351369,-0.3004846,0,0,0.3580176,0.1692441,0.07957239,0.9284454,-0.207505,0.2943144,0.09115902
106156,0.0166675,16.2052757702768,1.120212,0.06347623,-0.3278569,0.6777981,-0.4042954,0.5352917,0.3009945,0,0,0.3574937,0.1697559,0.07871215,0.9283293,-0.2064764,0.2954888,0.09087623
106160,0.0166678,16.2219435703009,1.120707,0.06312826,-0.3279431,-0.6777739,0.4047227,-0.5352053,-0.3006284,0,0,0.3578569,0.1702117,0.07847624,0.9284078,-0.205485,0.2956318,0.09185186
106162,0.0166657,16.238609271124,1.120865,0.06314799,-0.328863,0.6759616,-0.4070145,0.5356565,0.300811,0,0,0.3579431,0.170707,0.07812823,0.9282941,-0.2052785,0.2961479,0.09180004
106166,0.0166676,16.2552768718451,1.12122,0.06281838,-0.3288978,-0.6767143,0.4081633,-0.5333707,-0.3016225,0,0,0.358863,0.1708649,0.07814799,0.9283605,-0.2028909,0.2971304,0.09325037
106170,0.016666,16.2719428725541,1.122174,0.06201831,-0.3282482,0.6766147,-0.408438,0.5342185,0.2999692,0,0,0.3588977,0.17122,0.07781838,0.9274527,-0.2043255,0.2984079,0.0950544
106174,0.0166672,16.2886100728065,1.122436,0.061613,-0.3282199,0.6755002,-0.4087737,0.5360816,0.2986974,0,0,0.3582482,0.1721736,0.07701828,0.9275551,-0.2033975,0.2991777,0.09361451
106176,0.016666,16.3052760735154,1.122612,0.0612672,-0.3278304,0.6759088,-0.4086652,0.5357209,0.2985685,0,0,0.3582198,0.1724356,0.07661299,0.9281244,-0.2012611,0.299244,0.09236895
106180,0.0166672,16.3219432737678,1.123358,0.06020018,-0.3270417,-0.6732295,0.4132063,-0.5354125,-0.2989248,0,0,0.3578303,0.1726118,0.0762672,0.9279646,-0.2017598,0.2994393,0.09225412
106182,0.0166669,16.3386101741344,1.123582,0.05919552,-0.3263137,-0.6723399,0.415633,-0.5350121,-0.2982791,0,0,0.3570416,0.1733584,0.07520016,0.9275785,-0.1983036,0.301966,0.09534362
106186,0.0166678,16.3552779741585,1.122629,0.05912963,-0.3255943,0.6670315,-0.4212398,0.5367222,0.299258,0,0,0.3563137,0.1735823,0.07419555,0.9271504,-0.1968104,0.3039464,0.09630404
106190,0.0166662,16.3719441741705,1.122013,0.05878219,-0.3247591,0.6658544,-0.4238401,0.5356819,0.3000705,0.0214160736650229,0,0.3555943,0.1726291,0.07412966,0.9275639,-0.1901158,0.3056657,0.1002476
106194,0.0166672,16.3886113744229,1.122611,0.05738389,-0.3236248,-0.6620592,0.4280359,-0.5384596,-0.2975301,0.0241925995796919,0,0.3547591,0.1720131,0.07378222,0.9270447,-0.1889521,0.3071394,0.1027164
106196,0.0166664,16.4052777737379,1.122805,0.05628824,-0.3232425,0.6577076,-0.4325941,0.5400505,0.2977057,0.0311288703233004,0,0.3536248,0.1726106,0.0723839,0.927473,-0.1826718,0.3096929,0.1025443
106200,0.0166669,16.4219446741045,1.122684,0.05583388,-0.3233371,-0.656898,0.4333399,-0.5405278,-0.2975422,0.0366449728608131,0,0.3532425,0.1728048,0.07128824,0.927734,-0.1769727,0.3113244,0.1052024
106202,0.0166676,16.4386122748256,1.122689,0.05511612,-0.3234416,0.6545456,-0.4361114,0.5410889,0.2976571,0.0423662811517715,0,0.353337,0.1726845,0.07083388,0.9278343,-0.1758206,0.3116002,0.1054325
106206,0.0166667,16.4552789740264,1.123399,0.05369028,-0.322468,0.6538977,-0.4360664,0.5425978,0.2963977,0.0457867011427879,0,0.3534416,0.172689,0.07011612,0.9278147,-0.1727771,0.3127786,0.1071328
106210,0.0166667,16.4719456732273,1.123685,0.05226955,-0.3220355,0.6536163,-0.4368439,0.5425139,0.2960268,0.0504309609532356,0,0.352468,0.1733986,0.06869026,0.9282466,-0.1713068,0.3127798,0.1057411
106214,0.0166674,16.4886130727828,1.123634,0.051952,-0.3214953,-0.6534411,0.4376879,-0.5414876,-0.2970441,0.0540998056530952,0,0.3520354,0.1736855,0.06726955,0.9280888,-0.170775,0.3134827,0.105904
106216,0.0166665,16.5052795726806,1.123678,0.05134711,-0.3216912,0.6527123,-0.4385564,0.5411984,0.2978915,0.0616593658924103,0,0.3514953,0.1736345,0.06695201,0.9277394,-0.1710447,0.31383,0.1074902
106220,0.016667,16.5219465717673,1.123379,0.05108953,-0.3217147,0.6524351,-0.4392412,0.5407639,0.2982787,0.0628871098160744,0,0.3516912,0.1736782,0.06634708,0.9276549,-0.1704905,0.3139235,0.1088185
106226,0.0293981,16.551344672218,1.122564,0.05086398,-0.3216425,-0.6486257,0.4425178,-0.541063,-0.3011869,0.0585323609411716,0,0.3517147,0.1733789,0.06608953,0.9274679,-0.1703224,0.3142768,0.109653
106230,0.0166691,16.5680137723684,1.122736,0.04939371,-0.3223025,-0.6488146,0.4435846,-0.5398591,-0.3013712,0.0639012828469276,0,0.3516424,0.1725636,0.06586398,0.9276425,-0.1666895,0.3140954,0.1141845
106232,0.0166671,16.584680872038,1.122603,0.04884145,-0.3222785,0.6462994,-0.4449687,0.5412237,0.3022862,0.0615391880273819,0,0.3523025,0.1727359,0.06439368,0.9270828,-0.1670695,0.3151716,0.115205
106236,0.0166667,16.6013475712389,1.122081,0.04881606,-0.3219167,-0.642207,0.4472968,-0.5422561,-0.3057026,0.061833068728447,0,0.3522785,0.1726032,0.06384145,0.9275942,-0.1641782,0.3146583,0.1166395
106240,0.0166666,16.6180141717196,1.122462,0.04771399,-0.3218358,0.6397986,-0.4496418,0.5430737,0.3058613,0.0649497509002686,0,0.3519167,0.1720811,0.06381606,0.928182,-0.1604208,0.3132391,0.1209322
106242,0.016668,16.6346821710467,1.122749,0.0470053,-0.3217058,0.6417164,-0.4489862,0.5423328,0.3041161,0.0623325556516647,0,0.3518358,0.1724622,0.06271397,0.92826,-0.1573711,0.3139878,0.1223903
106246,0.0166653,16.6513474714011,1.123038,0.04592008,-0.3210633,0.6413802,-0.4508144,0.5413743,0.3038285,0.0557321384549141,0,0.3517058,0.1727493,0.06200533,0.9278275,-0.1590696,0.315117,0.1205585
106250,0.0166688,16.6680162716657,1.12308,0.04596251,-0.3207537,-0.6395918,0.4529617,-0.5410799,-0.3049274,0.0541440546512604,0,0.3510633,0.1730379,0.0609201,0.9272156,-0.1585564,0.3167745,0.1215938
106252,0.0166666,16.6846828721464,1.123326,0.04548043,-0.3203369,0.6380124,-0.4543483,0.5404308,0.3073146,0.051025003194809,0,0.3507536,0.17308,0.06096248,0.9269962,-0.1567848,0.3173853,0.1239483
106256,0.0166662,16.7013490721583,1.123683,0.04505995,-0.3189081,0.6368833,-0.4564193,0.5386812,0.3096508,0.055521048605442,0,0.3503369,0.1733264,0.06048043,0.9268798,-0.1558862,0.3169475,0.1270345
106260,0.0166693,16.7180183716118,1.122721,0.04485035,-0.3172206,0.6350884,-0.4593966,0.5349312,0.3153826,0.0708184167742729,0,0.3489081,0.1736835,0.06005998,0.9262421,-0.1556059,0.3174646,0.1306856
106264,0.0201257,16.7381440717727,1.12192,0.04509768,-0.3160275,-0.6322493,0.4641319,-0.5309417,-0.3208478,0.0981965139508247,0,0.3472205,0.1727214,0.05985035,0.9251027,-0.1561598,0.3173065,0.1382599
106266,0.0166693,16.7548133712262,1.121403,0.04515034,-0.3166955,-0.6305985,0.4644607,-0.5298845,-0.3253371,0.112060822546482,0,0.3460275,0.1719201,0.06009771,0.9235759,-0.1553388,0.3183393,0.1467568
106270,0.0166671,16.7714804708958,1.120096,0.04522225,-0.3162058,0.6097564,-0.4868745,0.5199969,0.3474964,0.111530996859074,0,0.3466954,0.1714025,0.06015034,0.9236076,-0.1553982,0.3161538,0.1511527
106272,0.0166677,16.7881481703371,1.120744,0.04435956,-0.3149085,-0.5979572,0.4997895,-0.5097516,-0.3644323,0.0937707275152206,0,0.3462058,0.1700957,0.06022222,0.9186783,-0.1407031,0.3182535,0.1869426
106278,0.0166655,16.8048136699945,1.119309,0.04619074,-0.3148145,0.5816528,-0.5174311,0.5033266,0.3749767,0.0732317417860031,0,0.3449085,0.1707441,0.05935957,0.913822,-0.1354294,0.3185739,0.2123653
106280,0.0166663,16.8214799705893,1.118683,0.04626241,-0.3142421,-0.5699196,0.5296858,-0.4962813,-0.3851358,0.106678150594234,0,0.3448145,0.1693092,0.06119074,0.9086552,-0.1218125,0.3231909,0.2346383
106284,0.016667,16.838146969676,1.119589,0.04648244,-0.3122765,0.5439344,-0.5485387,0.4965372,0.3958428,0.130501449108124,0,0.3442421,0.1686834,0.06126238,0.9038379,-0.1138557,0.3254913,0.2533167
106286,0.0166666,16.8548135701567,1.119646,0.04686952,-0.311319,-0.5264305,0.560527,-0.4977806,-0.4011172,0.199354231357574,0,0.3422765,0.1695887,0.06148247,0.899699,-0.08914612,0.3261688,0.276059
106290,0.0166677,16.871481269598,1.120226,0.04678503,-0.3097539,0.5116051,-0.5751424,0.4945825,0.4035586,0.205945879220963,0,0.3413189,0.1696461,0.06186952,0.8969223,-0.07182807,0.3267417,0.2891556
106294,0.0166662,16.88814746961,1.120862,0.04606509,-0.3091025,-0.5037004,0.5808122,-0.4961112,-0.4035057,0.217984333634377,0,0.3397538,0.1702264,0.06178503,0.8915028,-0.05715755,0.3325904,0.3022242
106298,0.0166706,16.9048180691898,1.121036,0.04575834,-0.3080437,0.4989583,-0.584692,0.4990267,0.4001852,0.21236290037632,0,0.3391025,0.1708625,0.06106506,0.8902156,-0.0482682,0.3339782,0.3060145
106300,0.016664,16.9214820694178,1.121556,0.04577622,-0.3083611,-0.4970861,0.5861349,-0.5019556,-0.3967265,0.202466413378716,0,0.3380437,0.1710357,0.06075834,0.8899697,-0.04112234,0.3362899,0.305241
106304,0.0166654,16.9381474684924,1.123222,0.04495758,-0.3094666,0.4987778,-0.5886108,0.5049485,0.3870208,0.201482176780701,0,0.3383611,0.1715564,0.06077622,0.8904996,-0.03703544,0.3377515,0.3025935
106306,0.0193358,16.9574832692742,1.123984,0.04458582,-0.3098197,-0.5009647,0.5888206,-0.5063868,-0.3819649,0.154464974999428,0,0.3394666,0.1732215,0.05995761,0.890798,-0.03399813,0.3441674,0.2947403
106310,0.016669,16.9741522688419,1.125565,0.04348639,-0.3105981,0.5085415,-0.583653,0.5125833,0.3714744,0.144033789634705,0,0.3398197,0.1739845,0.05958582,0.8912352,-0.03387054,0.3471434,0.2899037
106314,0.0166676,16.990819869563,1.12603,0.04274512,-0.3098905,-0.5116405,0.5827975,-0.513662,-0.3670458,0.116295889019966,0,0.3405981,0.1755654,0.05848642,0.8948651,-0.03643273,0.3492894,0.2754741
106318,0.0166664,17.007486268878,1.126519,0.04239235,-0.3097098,-0.5222529,0.5754561,-0.5180689,-0.3573607,0.0950762629508972,0,0.3398905,0.1760297,0.05774511,0.8954341,-0.03769409,0.3515327,0.2705583
106320,0.0166675,17.0241537690163,1.126496,0.04206399,-0.3087382,-0.535315,0.5648889,-0.5207614,-0.3509216,0.094871424138546,0,0.3397098,0.1765191,0.05739234,0.89889,-0.04440113,0.3530421,0.2557078
106324,0.0166677,17.0408214684576,1.127294,0.04097533,-0.3077662,-0.5445595,0.5606872,-0.5183704,-0.3469539,0.103983603417873,0,0.3387381,0.176496,0.05706398,0.902577,-0.05565315,0.3517301,0.2419575
106326,0.016665,17.0574864689261,1.12804,0.04070184,-0.3074435,-0.5445178,0.5619344,-0.5174349,-0.3463976,0.11727973818779,0,0.3377662,0.1772943,0.05597533,0.9027354,-0.06461386,0.3540243,0.2357131
106330,0.016667,17.0741534680128,1.128939,0.04031709,-0.3079619,-0.5479551,0.5586109,-0.5186965,-0.3444606,0.115271955728531,0,0.3374435,0.1780401,0.05570184,0.9020599,-0.06446429,0.3554497,0.2361945
106334,0.0166673,17.0908207688481,1.130006,0.03955132,-0.3079932,0.5478825,-0.5589705,0.5186926,0.3439983,0.107927031815052,0,0.3379619,0.1789389,0.05531709,0.9032615,-0.06730293,0.3546728,0.2319401
106338,0.0166669,17.1074876692146,1.130646,0.03880787,-0.3078091,0.5518481,-0.5572484,0.5167982,0.343304,0.102457568049431,0,0.3379931,0.1800058,0.05455135,0.9031417,-0.0670227,0.3551462,0.2317632
106340,0.016666,17.1241536699235,1.131345,0.03811687,-0.3078102,0.5529643,-0.5562218,0.5171798,0.3425971,0.101355791091919,0,0.337809,0.1806465,0.05380784,0.9028969,-0.07146297,0.3559104,0.2302132
106348,0.019294,17.143447669223,1.130378,0.03851971,-0.3078658,0.5588089,-0.5526907,0.5160642,0.3405048,0.0973954796791077,0,0.3378102,0.1813449,0.05311687,0.9032494,-0.07236281,0.355742,0.2288052
106350,0.0260794,17.1695270687342,1.130723,0.03795817,-0.3073264,0.559888,-0.5516632,0.5160826,0.3403703,0.085789829492569,0,0.3378657,0.1803775,0.05351974,0.9036148,-0.07823684,0.3562269,0.2246368
106352,0.0166688,17.1861958689988,1.130401,0.03820112,-0.3073193,-0.5601354,0.5516797,-0.5155727,-0.3407091,0.0927929803729057,0,0.3373263,0.1807232,0.05295818,0.9038643,-0.07940166,0.3558559,0.2238109
106356,0.0166664,17.2028622683138,1.130485,0.03848124,-0.3083455,0.5595262,-0.5526536,0.5165322,0.3386724,0.118444487452507,0,0.3373193,0.180401,0.05320109,0.9037018,-0.07990152,0.355907,0.2242077
106358,0.0166688,17.2195310685784,1.130745,0.03742602,-0.3073789,0.5613118,-0.5501792,0.5187002,0.3364255,0.133133113384247,0,0.3383454,0.1804846,0.05348124,0.9036719,-0.07819587,0.3572022,0.2228657
106364,0.0166658,17.2361968681216,1.131031,0.03587356,-0.3046957,-0.5760722,0.5283727,-0.5287438,-0.3307464,0.142044350504875,0,0.3373789,0.1807448,0.05242603,0.9048879,-0.07895459,0.3564648,0.2188084
106366,0.0166674,17.2528642676771,1.129054,0.03569981,-0.3038256,-0.5878816,0.5147825,-0.5277493,-0.3329789,0.190344259142876,0,0.3346957,0.1810307,0.05087356,0.9129562,-0.09217231,0.34499,0.1974768
106370,0.0166675,17.2695317678154,1.128204,0.03514719,-0.3035238,0.5926778,-0.5001816,0.5311163,0.3412725,0.241576716303825,0.235932260751724,0.3338255,0.1790543,0.05069982,0.9155284,-0.1070962,0.3376198,0.1906599
106372,0.0166669,17.2861986681819,1.127634,0.03401926,-0.302415,-0.6015617,0.4758749,-0.5414208,-0.3442822,0.209126099944115,0.487101346254349,0.3335238,0.1782044,0.05014722,0.9201267,-0.116152,0.323242,0.1881229
106378,0.016666,17.3028646688908,1.125736,0.03550643,-0.3016881,0.6079662,-0.4541937,0.5446892,0.3569298,0.216224730014801,0.549122869968414,0.332415,0.1776342,0.04901923,0.928131,-0.1273959,0.3036479,0.1736121
106380,0.0166678,17.319532468915,1.125314,0.0355314,-0.3017229,0.5989552,-0.4481684,0.5488834,0.3729945,0.346123725175858,0.752966284751892,0.331688,0.1757358,0.05050643,0.9333831,-0.1411621,0.2822683,0.1708623
106384,0.0166661,17.3361985683441,1.124902,0.03540209,-0.3028898,-0.5924253,0.4329598,-0.5621327,-0.381556,0.41666966676712,0.876483380794525,0.3317229,0.1753138,0.0505314,0.9367349,-0.1377176,0.2659981,0.181126
106388,0.0240043,17.3602028675377,1.125012,0.03615108,-0.3032055,0.5836632,-0.431893,0.5676687,0.388018,0.475088268518448,1,0.3328898,0.1749023,0.05040209,0.9437426,-0.1335505,0.2449408,0.177534
106392,0.0166681,17.3768709674478,1.125966,0.03496683,-0.3013785,-0.5667751,0.4299777,-0.5812803,-0.3949662,0.520922601222992,1,0.3332055,0.1750123,0.05115108,0.9459988,-0.1258693,0.2368393,0.1820724
106394,0.016667,17.3935379665345,1.12692,0.03455511,-0.3019248,0.5570748,-0.42958,0.5879695,0.3992752,0.625417530536652,1,0.3313785,0.1759663,0.04996683,0.9507684,-0.1084479,0.2232716,0.1855489
106398,0.0166668,17.4102047663182,1.126573,0.03525212,-0.3031827,-0.5463061,0.4347983,-0.5915545,-0.4031916,0.642194211483002,1,0.3319247,0.17692,0.04955511,0.9528861,-0.09879369,0.2161247,0.1885156
106400,0.0166673,17.4268720671535,1.125974,0.03466895,-0.3034976,-0.5446839,0.4344826,-0.5930229,-0.4035692,0.72060751914978,1,0.3331826,0.1765733,0.05025212,0.953153,-0.0877165,0.2138623,0.1951104
106404,0.0166673,17.4435393679887,1.124671,0.0347335,-0.3046937,0.5370671,-0.4402011,0.594145,0.4059233,0.743266046047211,1,0.3334976,0.1759738,0.04966892,0.953608,-0.08595087,0.2125565,0.1950999
106408,0.016666,17.4602053686976,1.124203,0.03465977,-0.3055612,-0.5295485,0.4436134,-0.5966514,-0.4084025,0.774229109287262,1,0.3346937,0.1746709,0.0497335,0.9529841,-0.07798164,0.2130454,0.2008775
106412,0.0166687,17.4768740683794,1.124747,0.03422862,-0.3063281,0.5183844,-0.4460807,0.6044324,0.4085965,0.78428328037262,1,0.3355612,0.1742032,0.04965977,0.9530345,-0.07027116,0.2114035,0.2051729
106414,0.016665,17.4935390688479,1.12477,0.03514537,-0.3065704,-0.5194163,0.4437752,-0.6040463,-0.4103638,0.791465699672699,1,0.3363281,0.1747473,0.04922862,0.9545139,-0.05707241,0.2076791,0.2061929
106418,0.0166672,17.5102062691003,1.125312,0.03588721,-0.307606,0.5144985,-0.4431548,0.6068065,0.4131477,0.795580446720123,1,0.3365703,0.1747697,0.05014537,0.9548084,-0.0592456,0.2054892,0.2064103
106420,0.0166669,17.5268731694669,1.125878,0.03647533,-0.3081751,-0.5130546,0.4412603,-0.6080015,-0.415209,0.793784499168396,1,0.337606,0.1753125,0.05088721,0.9555052,-0.05492159,0.2013944,0.2084076
106424,0.016667,17.5435401685536,1.12644,0.03750062,-0.3098395,-0.5122561,0.439815,-0.6098143,-0.4150699,0.793241202831268,1,0.3381751,0.1758781,0.05147533,0.9560724,-0.05433701,0.198186,0.2090344
106426,0.0166671,17.5602072682232,1.126779,0.0380643,-0.3105377,0.5107235,-0.4401214,0.6101512,0.4161372,0.776363730430603,1,0.3398395,0.1764397,0.05250068,0.9567578,-0.05333637,0.1964483,0.2077928
106432,0.0166668,17.5768740680069,1.127302,0.03841773,-0.3106571,-0.505901,0.4418584,-0.6108744,-0.4191155,0.77027839422226,1,0.3405377,0.1767794,0.0530643,0.9567427,-0.05210287,0.1955837,0.2089872
106434,0.0166671,17.5935411676764,1.127378,0.03905404,-0.3113002,0.5051407,-0.4393345,0.6124073,0.4204466,0.76646876335144,1,0.3406571,0.1773023,0.0534177,0.9564667,-0.04802855,0.1937195,0.212926
106438,0.0166669,17.610208068043,1.127676,0.03873444,-0.3111818,-0.4998316,0.4426308,-0.6133417,-0.4219695,0.766261100769043,1,0.3413002,0.1773779,0.05405407,0.9572279,-0.04788213,0.1905237,0.212421
106444,0.025211,17.635419068858,1.127678,0.03903816,-0.311783,0.4997065,-0.4403554,0.6144585,0.4228728,0.767642617225647,1,0.3411818,0.1776758,0.05373441,0.956722,-0.04247024,0.1903463,0.2159804
106446,0.0166675,17.6520865689963,1.127764,0.03960264,-0.3117905,0.498947,-0.4402219,0.615293,0.422695,0.768926799297333,1,0.341783,0.1776776,0.05403818,0.9573593,-0.04283683,0.187856,0.2152635
106450,0.0166673,17.6687538698316,1.127745,0.0399147,-0.3121506,-0.498089,0.4369248,-0.6177717,-0.4235118,0.770187139511108,1,0.3417904,0.1777644,0.05460267,0.9575673,-0.04185976,0.1873897,0.2149364
106452,0.0166679,17.6854217704386,1.128005,0.04034045,-0.3122748,-0.4974146,0.436618,-0.6182944,-0.423858,0.784082770347595,1,0.3421506,0.1777447,0.0549147,0.9586776,-0.04135197,0.1835895,0.2133595
106456,0.0166662,17.7020879704505,1.127954,0.03995288,-0.3115789,-0.4969217,0.4373899,-0.6176484,-0.4245816,0.789054989814758,1,0.3422747,0.1780052,0.05534045,0.9588256,-0.04076103,0.1828397,0.2134518
106460,0.0166686,17.7187565695494,1.127768,0.04016143,-0.3114912,-0.4969629,0.4373498,-0.6178735,-0.4242469,0.798754572868347,1,0.3415789,0.1779543,0.05495287,0.9585079,-0.04056529,0.1830748,0.2147108
106464,0.0166665,17.7354230694473,1.128274,0.0393962,-0.3108563,-0.4972781,0.4358966,-0.6192397,-0.4233804,0.80924791097641,1,0.3414911,0.1777682,0.05516146,0.9585786,-0.04043368,0.1831654,0.2143426
106466,0.0166668,17.752089869231,1.128532,0.03922954,-0.3104589,0.4985041,-0.4323862,0.6215944,0.4220856,0.831618666648865,1,0.3408562,0.1782742,0.05439617,0.9591801,-0.04035936,0.1822455,0.2124413
106470,0.0173421,17.7694319691509,1.128856,0.03869906,-0.3101336,-0.5021851,0.4254956,-0.625346,-0.419173,0.843753933906555,1,0.3404589,0.1785318,0.05422957,0.9603872,-0.0411588,0.1800165,0.208702
106472,0.0166702,17.786102168262,1.128717,0.03880587,-0.3100253,0.5034229,-0.4212229,0.6268095,0.4198172,0.863175928592682,1,0.3401336,0.1788557,0.05369909,0.9625413,-0.04405277,0.1764462,0.2010977
106478,0.0175016,17.8036037683487,1.128196,0.03968316,-0.3103026,0.5059532,-0.4177848,0.6275899,0.4190443,0.870835661888123,1,0.3400252,0.1787171,0.05380587,0.9635646,-0.04596306,0.1729109,0.1988283
106480,0.0166669,17.8202706687152,1.127795,0.03974688,-0.310163,-0.5051862,0.4182422,-0.627731,-0.419302,0.889968574047089,1,0.3403025,0.1781961,0.05468316,0.964345,-0.04860819,0.1712891,0.1957962
106484,0.0166679,17.8369385693222,1.127738,0.03998834,-0.3103009,0.5071715,-0.4116772,0.6316757,0.4174745,0.896465420722961,1,0.3401629,0.1777946,0.05474688,0.9642856,-0.04783815,0.1712299,0.196329
106486,0.016668,17.8536065686494,1.127269,0.04041141,-0.3103755,-0.5078018,0.4105345,-0.6322565,-0.4169539,0.908912420272827,1,0.3403008,0.1777379,0.05498834,0.9662461,-0.04943546,0.1667761,0.1900273
106490,0.0166647,17.870271269232,1.127192,0.04074562,-0.3106755,0.5086842,-0.4090537,0.633018,0.4161775,0.910402536392212,1,0.3403755,0.1772694,0.05541138,0.9665672,-0.04994203,0.1662175,0.1887468
106492,0.0166669,17.8869381695986,1.126934,0.04128129,-0.3107616,-0.5103166,0.4025563,-0.6372744,-0.4140131,0.911278307437897,1,0.3406755,0.1771924,0.05574562,0.9669855,-0.0506239,0.165562,0.1869905
106496,0.0166668,17.9036049693823,1.127,0.04161888,-0.3103046,0.5079574,-0.4026479,0.6381576,0.4154622,0.913103640079498,1,0.3407616,0.1769338,0.05628131,0.9689228,-0.05170253,0.1611286,0.1804247
106500,0.0166688,17.9202737696469,1.126055,0.04299712,-0.3100042,-0.5067622,0.4057661,-0.6358505,-0.4174208,0.920832395553589,1,0.3403045,0.1770002,0.05661888,0.9690355,-0.04972368,0.1595117,0.1818071
106504,0.0166656,17.9369393698871,1.12596,0.0434888,-0.3092651,0.5066849,-0.4000225,0.640337,0.4161982,0.938682198524475,1,0.3400042,0.1760551,0.05799709,0.9680259,-0.04920631,0.1611236,0.1858598
106506,0.0166672,17.9536065701395,1.125754,0.04358155,-0.309442,-0.50811,0.3894992,-0.6481524,-0.4123265,0.959553778171539,1,0.339265,0.17596,0.05848877,0.969835,-0.04878005,0.1561963,0.1806746
106510,0.0172163,17.9708228707314,1.125174,0.0447312,-0.3081681,-0.5066844,0.3856522,-0.6516544,-0.4121771,0.965794086456299,1,0.339442,0.1757538,0.05858155,0.9729977,-0.04906206,0.1485637,0.1696973
106512,0.0166683,17.9874911699444,1.124991,0.04625455,-0.308166,0.5103801,-0.3708937,0.6593108,0.4089735,0.987193584442139,1,0.338168,0.1751743,0.0597312,0.9741893,-0.0476131,0.1443654,0.1668737
106516,0.0166667,18.0041578691453,1.124827,0.04921699,-0.3082472,-0.5123301,0.3554543,-0.6688672,-0.4047058,0.992256104946136,1,0.3381659,0.1749906,0.06125455,0.9776034,-0.05136505,0.1339263,0.1540034
106520,0.0166673,18.0208251699805,1.124115,0.05221957,-0.3084598,0.5151058,-0.3467744,0.6733052,0.4013398,0.993020176887512,1,0.3382472,0.1748272,0.06421696,0.9811725,-0.05286725,0.1224326,0.1396989
106524,0.0166666,18.0374917704612,1.123624,0.05562237,-0.3074247,-0.5237839,0.3068762,-0.6918126,-0.3909894,0.99199390411377,1,0.3384598,0.1741145,0.0672196,0.982896,-0.05525502,0.1172091,0.1308607
106526,0.0166681,18.0541598703712,1.123175,0.05955139,-0.3067877,0.5270233,-0.2877828,0.7004537,0.3857359,0.986469507217407,0.980244874954224,0.3374246,0.1736239,0.07062237,0.989208,-0.06502768,0.08979615,0.09578906
106530,0.0166658,18.0708256699145,1.121236,0.0629611,-0.305904,-0.5286739,0.2746953,-0.7063667,-0.3822206,0.989654898643494,0.9797083735466,0.3367877,0.1731753,0.07455136,0.9915283,-0.06902437,0.07654716,0.07904316
106532,0.0166676,18.0874932706356,1.120324,0.06613216,-0.3052524,-0.529072,0.2701497,-0.7106111,-0.3770065,1,1,0.335904,0.1712363,0.07796107,0.9928743,-0.07134083,0.06722983,0.06775881
106536,0.016669,18.1041622702032,1.118826,0.06977487,-0.3047789,-0.5303283,0.2694515,-0.7102104,-0.3764957,1,1,0.3352524,0.1703244,0.08113216,0.9935882,-0.07011877,0.06532457,0.05998768
106540,0.0166655,18.1208277698606,1.117333,0.07368866,-0.3044972,0.5310998,-0.25978,0.715286,0.3725767,1,1,0.3347789,0.1688264,0.08477487,0.9935327,-0.07142227,0.06553987,0.05912816
106544,0.0166657,18.1374934706837,1.115404,0.07887553,-0.3035864,-0.5324212,0.2510784,-0.7196593,-0.3682092,1,1,0.3344971,0.1673331,0.08868869,0.9944118,-0.07216652,0.05896318,0.04960583
106546,0.0166681,18.1541615705937,1.113894,0.08355054,-0.3028972,0.5334964,-0.2441226,0.7227364,0.3652916,1,0.983549892902374,0.3335864,0.1654044,0.09387554,0.9950517,-0.07323565,0.05369936,0.04031048
106550,0.0166694,18.1708309706301,1.111271,0.08900333,-0.3020984,-0.5336686,0.2386535,-0.7254322,-0.3633049,1,0.983549892902374,0.3328971,0.1638942,0.09855051,0.9954436,-0.07442514,0.04932079,0.03347095
106552,0.0166633,18.1874942705035,1.109707,0.09332168,-0.302578,-0.5329897,0.2373417,-0.7268856,-0.3622544,1,0.970424234867096,0.3320984,0.1612713,0.1040033,0.9957605,-0.07477039,0.0454405,0.02838376
106558,0.0166691,18.204163370654,1.105772,0.1001104,-0.3033879,0.530803,-0.2324291,0.730386,0.3616092,1,0.955554068088531,0.332578,0.1597074,0.1083217,0.9959323,-0.07378745,0.04435293,0.02658958
106560,0.0166671,18.2208304703236,1.103815,0.1039781,-0.3039663,0.5301275,-0.226336,0.7342601,0.3586071,1,0.926818490028381,0.3333879,0.1557724,0.1151104,0.9963637,-0.07200583,0.03928728,0.02304501
106564,0.0166651,18.2374955695122,1.101391,0.1084908,-0.3038658,0.5267117,-0.2152423,0.7429425,0.3525367,1,0.92545223236084,0.3339662,0.1538154,0.1189781,0.9967191,-0.07113306,0.03484287,0.01664487
106566,0.0166671,18.2541626691818,1.099268,0.1127678,-0.3038699,0.5265494,-0.2058895,0.7478047,0.3480566,1,0.917958378791809,0.3338658,0.1513906,0.1234908,0.9974105,-0.06693932,0.02592074,0.004426051
106570,0.0166665,18.2708291690797,1.097048,0.117084,-0.3036587,-0.5228657,0.195322,-0.7545079,-0.3452226,1,0.898525655269623,0.3338699,0.1492683,0.1277678,0.99756,-0.06681933,0.01957771,-0.005110492
106574,0.0166667,18.2874958682805,1.09495,0.121297,-0.3033898,-0.5213128,0.1837698,-0.7616292,-0.3382052,1,0.882394850254059,0.3336587,0.1470481,0.132084,0.9978145,-0.06385914,0.009890686,-0.01380181
106576,0.0166671,18.3041629679501,1.093347,0.1252935,-0.3033052,-0.5199787,0.1746807,-0.7666669,-0.3336626,1,0.875001311302185,0.3333898,0.1449497,0.136297,0.9977251,-0.06180855,0.002037779,-0.026838
106580,0.016667,18.3208299670368,1.091233,0.1291946,-0.3036515,-0.5176714,0.1620901,-0.7734453,-0.3279107,1,0.885381579399109,0.3333052,0.1433468,0.1402935,0.9974996,-0.0605835,-0.004514776,-0.03610714
106582,0.016667,18.3374969661236,1.088857,0.132659,-0.3035668,0.5153992,-0.1606382,0.7750266,0.3284703,1,0.882992684841156,0.3336515,0.1412334,0.1441946,0.997004,-0.05873736,-0.01396065,-0.04835453
106586,0.0166669,18.3541638664901,1.086451,0.1361257,-0.304217,0.5154045,-0.1588366,0.7766776,0.3254246,1,0.880820333957672,0.3335668,0.1388567,0.147659,0.9970606,-0.05684402,-0.01649212,-0.04865202
106590,0.0166671,18.3708309661597,1.084047,0.1396352,-0.304128,0.513777,-0.1566643,0.7788157,0.3239376,1,0.879516541957855,0.334217,0.1364511,0.1511257,0.9969074,-0.0560426,-0.01683572,-0.05245525
106594,0.0166676,18.3874985668808,1.081365,0.1424357,-0.3045111,-0.5117347,0.1593249,-0.7797126,-0.3237151,1,0.875431954860687,0.3341279,0.1340466,0.1546353,0.9968341,-0.05420106,-0.01887151,-0.05502611
106596,0.0166652,18.4041637666523,1.079352,0.1446529,-0.3043432,0.5092568,-0.1599217,0.7814041,0.3232495,1,0.86767190694809,0.334511,0.1313652,0.1574357,0.9970813,-0.05120885,-0.0175874,-0.05382585
106600,0.0166678,18.4208315666765,1.077193,0.1474487,-0.3041965,0.5071826,-0.1582811,0.7845667,0.3196374,1,0.865727365016937,0.3343431,0.1293522,0.1596529,0.9972157,-0.04816862,-0.01813,-0.0539627
106602,0.0166674,18.4374989662319,1.074878,0.1515527,-0.3046529,0.5053688,-0.1578573,0.7869905,0.3167481,1,0.865791082382202,0.3341965,0.1271928,0.1624487,0.9971128,-0.04485295,-0.01913308,-0.05820914
106608,0.0166668,18.4541657660156,1.072312,0.1544525,-0.3060932,0.5054919,-0.1622086,0.7872962,0.3135778,1,0.867215096950531,0.3346529,0.124878,0.1665527,0.9970677,-0.04182024,-0.01927021,-0.06112014
106612,0.0166658,18.4708315655589,1.069559,0.1591874,-0.3062687,0.5040177,-0.1569204,0.7907845,0.3098422,1,0.870895743370056,0.3360931,0.1223124,0.1694525,0.9972057,-0.03957425,-0.01440294,-0.06170284
106614,0.0166668,18.4874983653426,1.067366,0.1620925,-0.307034,0.50435,-0.1580102,0.7907614,0.3088045,1,0.878556430339813,0.3362687,0.119559,0.1741874,0.996805,-0.03781741,-0.01806797,-0.06799421
106618,0.0166664,18.5041647646576,1.064537,0.1658124,-0.308065,-0.5069412,0.1571652,-0.7908447,-0.3047529,1,0.882721781730652,0.337034,0.1173665,0.1770925,0.9968178,-0.03748493,-0.01660867,-0.06836179
106620,0.0172088,18.5213735643774,1.062304,0.1689546,-0.3085436,0.5073123,-0.157478,0.7913062,0.3027697,1,0.890343844890594,0.3380649,0.1145371,0.1808124,0.9965029,-0.03889178,-0.01449415,-0.07252128
106624,0.0166673,18.5380408652127,1.060818,0.1713596,-0.3087641,0.507881,-0.1526941,0.7930557,0.2996734,1,0.891590774059296,0.3385436,0.1123044,0.1839547,0.9964163,-0.0384283,-0.01329311,-0.07416967
106626,0.016668,18.5547088645399,1.058778,0.1739729,-0.3085664,0.5071737,-0.1511566,0.7941228,0.2988237,1,0.899063467979431,0.3387641,0.1108177,0.1863596,0.9959399,-0.03904789,-0.01577503,-0.07956276
106630,0.016667,18.5713758636266,1.056616,0.1761765,-0.3085458,0.5070824,-0.1491121,0.7954937,0.2963491,1,0.902014791965485,0.3385664,0.1087779,0.1889729,0.9958167,-0.03834526,-0.01705946,-0.08116464
106634,0.016667,18.5880428627133,1.054461,0.1787726,-0.3085279,0.5066881,-0.1471111,0.7968753,0.2943047,1,0.90092533826828,0.3385457,0.1066161,0.1911765,0.9955449,-0.03780732,-0.01783326,-0.08451571
106636,0.0173124,18.6053552627563,1.053023,0.180411,-0.3081377,0.5058346,-0.1470852,0.7982529,0.2920439,1,0.90092533826828,0.3385279,0.1044611,0.1937726,0.9952988,-0.03710511,-0.01888166,-0.08744746
106640,0.0166688,18.6220240630209,1.05104,0.1824894,-0.3080445,0.5050977,-0.1456109,0.7998605,0.2896497,1,0.889108836650848,0.3381377,0.1030225,0.1954111,0.9951877,-0.03531161,-0.01844037,-0.0895246
106644,0.0166685,18.6386925633997,1.048898,0.1849639,-0.3086844,-0.5057473,0.1462733,-0.8003966,-0.2866865,1,0.889108836650848,0.3380444,0.1010396,0.1974894,0.994951,-0.03397647,-0.01908084,-0.09248839
106646,0.0166669,18.6553594637662,1.047019,0.1869062,-0.3088163,-0.505223,0.1457529,-0.8014442,-0.2849436,1,0.889306008815765,0.3386844,0.09889752,0.1999639,0.9947882,-0.03336247,-0.01706715,-0.09482726
106650,0.0166655,18.6720249634236,1.044437,0.1886149,-0.3084148,-0.5050778,0.1439945,-0.8023759,-0.2834694,1,0.893122673034668,0.3388163,0.09701854,0.2019062,0.9946454,-0.03226522,-0.01706936,-0.09668652
106654,0.0166672,18.688692163676,1.041799,0.1908654,-0.3083363,-0.5039992,0.1436248,-0.8033503,-0.2828163,1,0.889934003353119,0.3384147,0.09443742,0.2036149,0.9944139,-0.03200773,-0.0180102,-0.09895572
106658,0.016666,18.705358164385,1.038488,0.1929241,-0.3085659,0.5029119,-0.1460712,0.8038419,0.282101,1,0.890491247177124,0.3383362,0.09179908,0.2058654,0.9943659,-0.03069424,-0.01858057,-0.09974518
106660,0.0166673,18.7220254652202,1.035667,0.1951248,-0.3083926,-0.5016864,0.146662,-0.8047534,-0.2813769,1,0.883440732955933,0.3385658,0.08848816,0.2079241,0.9945244,-0.02860722,-0.01681415,-0.09909729
106664,0.0166665,18.7386919651181,1.032289,0.196567,-0.3083174,-0.4981332,0.1441969,-0.8083097,-0.2787581,1,0.872099280357361,0.3383926,0.08566743,0.2101248,0.9945419,-0.02685891,-0.01663629,-0.09943964
106666,0.0166673,18.7553592659533,1.028808,0.1991888,-0.3079515,-0.4958062,0.1424178,-0.8106676,-0.2769681,1,0.862155675888062,0.3383174,0.08228904,0.211567,0.9942226,-0.02270235,-0.01934905,-0.1031096
106670,0.0166696,18.7720288652927,1.025423,0.2005464,-0.3085652,-0.4935903,0.1406032,-0.8130676,-0.2748101,1,0.865110397338867,0.3379515,0.07880777,0.2141888,0.9939746,-0.02000771,-0.02122584,-0.1056589
106674,0.0166637,18.7886925656348,1.022545,0.2025781,-0.3085723,-0.4925586,0.1389105,-0.8145424,-0.2731496,1,0.873824238777161,0.3385652,0.0754227,0.2155464,0.9936756,-0.01731293,-0.02292901,-0.1085517
106678,0.0185589,18.8072514664382,1.019612,0.2037501,-0.3088329,-0.492187,0.1362566,-0.8162175,-0.270139,1,0.873432338237762,0.3385723,0.07254487,0.2175781,0.9934047,-0.01604384,-0.02415716,-0.1109328
106680,0.0166683,18.8239197656512,1.016701,0.2061025,-0.309115,-0.4921932,0.1350647,-0.8169855,-0.2683991,1,0.871945142745972,0.3388329,0.06961209,0.2187501,0.9929219,-0.01523983,-0.02532118,-0.1150336
106684,0.016667,18.840586764738,1.013019,0.208591,-0.3098077,-0.491493,0.1367238,-0.8181218,-0.2653638,1,0.873333334922791,0.339115,0.06670135,0.2211025,0.9926634,-0.01492289,-0.02560588,-0.1172221
106686,0.0166678,18.8572545647621,1.009809,0.2112872,-0.3101102,-0.4908544,0.135387,-0.819306,-0.2635716,1,0.878279089927673,0.3398077,0.06301934,0.223591,0.9925308,-0.0126088,-0.02337697,-0.1190677
106690,0.016666,18.8739205654711,1.006774,0.2133859,-0.310908,-0.4902576,0.1360453,-0.8203387,-0.2611197,1,0.877135276794434,0.3401102,0.05980903,0.2262872,0.9922475,-0.01163132,-0.02406499,-0.1213698
106694,0.0166669,18.8905874658376,1.003839,0.2156902,-0.3113503,-0.4891887,0.1365546,-0.8213961,-0.2595298,1,0.878648459911346,0.340908,0.05677384,0.228386,0.992068,-0.009920895,-0.02283444,-0.1232126
106698,0.0166666,18.9072540663183,1.000741,0.2181415,-0.312116,0.4904543,-0.1345412,0.8217724,0.2569891,1,0.873426914215088,0.3413503,0.05383855,0.2306902,0.9919544,-0.008067732,-0.02229291,-0.124356
106700,0.0166834,18.9239374659956,0.9979071,0.2206817,-0.3122476,0.4897607,-0.1318994,0.8230023,0.2557425,1,0.86605316400528,0.342116,0.0507409,0.2331415,0.9915214,-0.009032631,-0.02232427,-0.1276926
106704,0.0166645,18.9406019654125,0.9946057,0.2231606,-0.3126371,0.4884863,-0.128888,0.8247556,0.2540617,1,0.863300561904907,0.3422475,0.04790711,0.2356817,0.991155,-0.008562448,-0.02431886,-0.1301812
106706,0.016668,18.9572699647397,0.9912063,0.2260727,-0.3136916,-0.4882004,0.1298239,-0.8248944,-0.2536833,1,0.859575212001801,0.342637,0.04460567,0.2381606,0.990696,-0.007426896,-0.02671521,-0.1332388
106712,0.0166704,18.9739403650165,0.9871061,0.228258,-0.3150046,-0.4879246,0.1259543,-0.8272662,-0.2483864,1,0.856616139411926,0.3436916,0.04120636,0.2410726,0.9907426,-0.006730818,-0.02593467,-0.1330842
106714,0.0166628,18.990603165701,0.9833391,0.2308381,-0.3152089,-0.4876646,0.1242316,-0.828001,-0.247314,1,0.850206911563873,0.3450046,0.0371061,0.243258,0.989792,-0.005603299,-0.02710004,-0.1398072
106718,0.0180972,19.0087003652006,0.9796749,0.232139,-0.3161792,0.4897202,-0.124186,0.8274427,0.2451338,1,0.848088502883911,0.3452089,0.03333908,0.2458381,0.9895,-0.005422514,-0.02819791,-0.1416517
106720,0.0166673,19.0253676660359,0.9767051,0.2340415,-0.3163138,-0.4901838,0.1243535,-0.8277213,-0.2431739,1,0.845294177532196,0.3461792,0.02967489,0.247139,0.9892558,-0.006837276,-0.02637903,-0.1436324
106724,0.0166681,19.0420357659459,0.9721969,0.2361176,-0.3171049,-0.489354,0.1238432,-0.8289336,-0.240966,1,0.837084650993347,0.3463138,0.02670509,0.2490415,0.9890459,-0.006587264,-0.02523105,-0.1452868
106728,0.0166676,19.058703366667,0.9679579,0.2392572,-0.3175878,-0.488304,0.1200833,-0.8311001,-0.2375117,1,0.828764498233795,0.3471049,0.02219695,0.2511176,0.9887298,-0.005069539,-0.02514985,-0.1474966
106732,0.0166663,19.0753696672618,0.9642411,0.2412163,-0.3184203,-0.4872364,0.117745,-0.8330384,-0.2340595,1,0.821358561515808,0.3475878,0.01795787,0.2542572,0.9879209,-0.003792561,-0.02731523,-0.1524857
106734,0.0166661,19.092035766691,0.9596266,0.2435049,-0.3192315,-0.487404,0.1153608,-0.8340952,-0.2311155,1,0.816017746925354,0.3484203,0.0142411,0.2562163,0.9872337,-0.002114859,-0.02832447,-0.1567255
106740,0.0166678,19.1087035667151,0.9549213,0.245086,-0.3204941,-0.4873512,0.1150955,-0.8354359,-0.2264702,1,0.819430828094482,0.3492315,0.009626627,0.2585049,0.9866,-0.001942955,-0.0289869,-0.16055
106742,0.0176659,19.1263694670051,0.9504665,0.2476944,-0.3213476,0.4866994,-0.1165739,0.8362238,0.224196,1,0.828939437866211,0.3504941,0.004921317,0.260086,0.9859536,-0.000360486,-0.02733233,-0.1647678
106746,0.0166674,19.1430368665606,0.9454909,0.2488561,-0.3226821,-0.4870771,0.117918,-0.8366901,-0.2209092,1,0.828930675983429,0.3513476,0.0004665256,0.2626944,0.9857962,0.001525077,-0.02550835,-0.165991
106750,0.0228072,19.1658440660685,0.9405031,0.2517903,-0.3230406,-0.4860178,0.1177011,-0.8377582,-0.2193045,1,0.830739617347717,0.3526821,-0.004509091,0.2638561,0.9854868,0.002626598,-0.02288875,-0.1681816
106754,0.0166682,19.1825122665614,0.9360983,0.2535803,-0.3236473,0.4890909,-0.1189556,0.8365259,0.2164814,1,0.82621830701828,0.3530406,-0.009496927,0.2667903,0.9852235,0.004228047,-0.02290821,-0.1696818
106756,0.0169416,19.1994538661093,0.9312711,0.256251,-0.3241853,0.488465,-0.1170173,0.8375786,0.2148747,1,0.822017371654511,0.3536473,-0.01390165,0.2685803,0.9849852,0.002292217,-0.01927065,-0.1715447
106760,0.025454,19.2249078657478,0.9266804,0.2572017,-0.3254764,0.4923627,-0.1204199,0.8353499,0.2127641,1,0.815502882003784,0.3541853,-0.01872891,0.271251,0.9845389,0.002949212,-0.02048383,-0.1739398
106764,0.0166684,19.2415762655437,0.9226456,0.2591816,-0.3256441,0.4925852,-0.1194887,0.8357854,0.211057,1,0.813868939876556,0.3554764,-0.02331954,0.2722017,0.9846185,0.0004939309,-0.01499392,-0.1740727
106768,0.016668,19.2582442648709,0.9169865,0.2609394,-0.3259791,0.4920571,-0.1166211,0.8368654,0.2096083,1,0.810517966747284,0.3556441,-0.02735436,0.2741815,0.9842686,0.0005694554,-0.01494254,-0.1760449
106772,0.0166642,19.274908464402,0.9107421,0.2630207,-0.3261952,0.4908593,-0.1159043,0.8383343,0.2069275,1,0.797077596187592,0.3559791,-0.03301346,0.2759394,0.983743,0.0008051388,-0.0169294,-0.1787812
106774,0.0166668,19.2915752641857,0.9064403,0.2641542,-0.3262866,0.4897408,-0.1159452,0.8393132,0.2055822,1,0.789474308490753,0.3561952,-0.03925788,0.2780207,0.9832466,0.002761946,-0.01697256,-0.1814674
106780,0.0166692,19.308244464919,0.902881,0.2647662,-0.3264999,0.4891707,-0.1161055,0.8400717,0.2037425,1,0.790390133857727,0.3562866,-0.04355967,0.2791542,0.983032,0.004401552,-0.01691259,-0.1826
106782,0.0200767,19.3283211644739,0.8985806,0.265835,-0.3265673,0.4883104,-0.1142295,0.841453,0.2011505,1,0.791239738464355,0.3564999,-0.04711902,0.2797661,0.9827551,0.005657032,-0.01628952,-0.1841065
106786,0.0166672,19.3449883647263,0.8956978,0.2664392,-0.3267503,0.4868935,-0.1122649,0.8426979,0.2004782,1,0.79380077123642,0.3565673,-0.05141938,0.280835,0.9821275,0.006886255,-0.01714601,-0.1873077
106790,0.0189545,19.3639428652823,0.8915664,0.2671219,-0.3269395,0.4856003,-0.112069,0.8439911,0.1982725,1,0.798839211463928,0.3567503,-0.05430222,0.2814392,0.9817812,0.00804106,-0.01913311,-0.1888783
106794,0.0166682,19.3806110657752,0.8887829,0.2674783,-0.3274436,-0.4863579,0.1098009,-0.8444905,-0.1955392,1,0.803962111473084,0.3569394,-0.05843359,0.2821218,0.9813806,0.01006843,-0.01898526,-0.1908672
106796,0.0197294,19.4003404658288,0.8853468,0.2678573,-0.3273502,-0.4841283,0.1091108,-0.8463743,-0.1933009,1,0.81266713142395,0.3574436,-0.06121713,0.2824783,0.9806845,0.009512329,-0.01932942,-0.1944065
106800,0.0234282,19.4237686656415,0.8836899,0.2679925,-0.3279037,-0.4825934,0.10739,-0.8477851,-0.1919152,1,0.808861315250397,0.3573501,-0.06465322,0.2828573,0.9801906,0.01238474,-0.02000697,-0.1966542
106802,0.0166683,19.4404369648546,0.8814276,0.2681304,-0.3279408,-0.4814012,0.1068148,-0.8488864,-0.1903562,1,0.802427709102631,0.3579037,-0.06631011,0.2829925,0.9797238,0.01394889,-0.02154664,-0.1987018
106808,0.0166671,19.4571040645242,0.8787411,0.2684834,-0.328608,-0.4790322,0.1056165,-0.8508114,-0.1883966,1,0.805146276950836,0.3579408,-0.06857234,0.2831304,0.9793628,0.01553551,-0.02192147,-0.2003165
106810,0.0166666,19.4737706650048,0.8756072,0.2682657,-0.3287121,-0.4779056,0.1054631,-0.8519452,-0.1862075,1,0.799827873706818,0.358608,-0.0712589,0.2834834,0.9788228,0.01829945,-0.02318485,-0.2025676
106814,0.0166676,19.490438265726,0.8739135,0.2685166,-0.3294289,0.4770362,-0.1063492,0.8525189,0.1853048,1,0.793746888637543,0.3587121,-0.0743928,0.2832657,0.9783902,0.02013301,-0.0229191,-0.2045042
106818,0.0166673,19.5071055665612,0.8711671,0.268555,-0.3290026,0.4753438,-0.1058296,0.8538744,0.1837031,1,0.781372487545013,0.3594289,-0.07608652,0.2835166,0.9783116,0.02158581,-0.02222943,-0.2048082
106822,0.0166666,19.5237721670419,0.8699178,0.2684209,-0.3290661,-0.4753788,0.106442,-0.8539928,-0.182706,1,0.770455718040466,0.3590026,-0.07883292,0.283555,0.9779132,0.02371182,-0.02276981,-0.2064103
106826,0.0166654,19.5404375661165,0.8678092,0.2681817,-0.3290835,-0.4748991,0.1065113,-0.8546236,-0.1809554,1,0.751812517642975,0.3590661,-0.08008224,0.2834209,0.9778083,0.0241686,-0.02183747,-0.2069539
106828,0.0211186,19.5615561660379,0.8657438,0.2679389,-0.3288116,-0.474405,0.1061234,-0.8552675,-0.1794305,1,0.737823963165283,0.3590834,-0.08219081,0.2831817,0.9774848,0.02524275,-0.02126831,-0.2084083
106832,0.0166679,19.5782240666449,0.865019,0.2678021,-0.3286307,-0.4761421,0.1035931,-0.8547215,-0.1789085,1,0.732044577598572,0.3588116,-0.08425617,0.2829388,0.9771442,0.02612648,-0.02117066,-0.209901
106836,0.016667,19.5948910657316,0.8635536,0.2675483,-0.3282695,-0.4750805,0.1034743,-0.8556394,-0.1774058,1,0.725607573986053,0.3586307,-0.08498102,0.2828021,0.9767988,0.02374397,-0.02218683,-0.2116793
106840,0.0166672,19.6115582659841,0.8632608,0.2674754,-0.3281339,-0.4767319,0.1025582,-0.85499,-0.1766372,1,0.724064111709595,0.3582694,-0.08644634,0.2825483,0.9764736,0.02528894,-0.02214532,-0.213001
106842,0.0269541,19.63851236552,0.862211,0.2673074,-0.3279231,0.4769017,-0.1025905,0.855125,0.1755032,1,0.729031264781952,0.3581338,-0.08673918,0.2824754,0.976271,0.02353987,-0.0217891,-0.2141635
106846,0.0166669,19.6551792658865,0.8611298,0.2670932,-0.3276098,0.476611,-0.1002131,0.8559231,0.1737665,1,0.74300217628479,0.357923,-0.08778894,0.2823074,0.976069,0.02372685,-0.02120396,-0.2151206
106850,0.0166685,19.6718477662653,0.8597258,0.2668216,-0.327372,0.4764712,-0.09881841,0.8564234,0.1724795,1,0.760678350925446,0.3576097,-0.08887023,0.2820932,0.9754397,0.02387765,-0.02252864,-0.2178068
106854,0.0166654,19.6885131653398,0.859023,0.2665774,-0.3271114,-0.475765,0.09599823,-0.8571874,-0.1722261,1,0.774608016014099,0.357372,-0.09027421,0.2818215,0.9750166,0.02401513,-0.02317668,-0.2196106
106856,0.0166668,19.7051799651235,0.8580157,0.2663875,-0.3270014,-0.4765341,0.09664984,-0.8567365,-0.1719788,1,0.795862376689911,0.3571114,-0.09097701,0.2815774,0.9745858,0.02400021,-0.02567867,-0.2212398
106860,0.0166673,19.7218472659588,0.8571869,0.2663563,-0.3271971,0.4768664,-0.09684027,0.856475,0.1722533,1,0.802838861942291,0.3570014,-0.09198433,0.2813875,0.9746473,0.02346705,-0.02468755,-0.2211389
106862,0.016667,19.7385142650455,0.8562937,0.2658605,-0.3270835,-0.4763732,0.09657186,-0.856756,-0.1723706,1,0.809211611747742,0.3571971,-0.09281313,0.2813563,0.9747344,0.02309117,-0.02449449,-0.220816
106868,0.0166671,19.7551813647151,0.8556998,0.2656693,-0.3274175,0.4757069,-0.09773359,0.8570675,0.1720074,1,0.816468000411987,0.3570835,-0.09370625,0.2808605,0.9747067,0.02349014,-0.02499189,-0.2208403
106870,0.0166679,19.7718492653221,0.8548405,0.2654209,-0.3277466,0.4760266,-0.09885422,0.8568687,0.1714721,1,0.823100447654724,0.3574175,-0.09430021,0.2806693,0.9747648,0.02464028,-0.02421113,-0.2205457
106872,0.0166668,19.7885160651058,0.854319,0.2651967,-0.3279621,0.4762596,-0.1000285,0.8565333,0.1718189,1,0.82697606086731,0.3577466,-0.09515947,0.280421,0.9748152,0.02480236,-0.02292876,-0.2204415
106876,0.0166668,19.8051828648895,0.8537738,0.2651726,-0.3281521,-0.4759847,0.1004791,-0.856699,-0.1714918,1,0.826748788356781,0.357962,-0.09568101,0.2801967,0.9750364,0.02479602,-0.02201727,-0.2195549
106880,0.0166659,19.8218487650156,0.8532221,0.2649014,-0.328155,-0.475389,0.1009128,-0.8567905,-0.1724297,1,0.823825120925903,0.3581521,-0.09622616,0.2801726,0.9750217,0.02531638,-0.02164281,-0.2195985
106882,0.0167008,19.8385495655239,0.8527257,0.2647641,-0.328178,0.4751484,-0.1015004,0.8568516,0.1724447,1,0.82133811712265,0.3581549,-0.09677792,0.2799014,0.9752349,0.02577336,-0.02196833,-0.2185637
106886,0.0166625,19.8552120663226,0.8525707,0.2642192,-0.3284236,-0.4751468,0.1005768,-0.8569359,-0.1725711,1,0.821309924125671,0.358178,-0.0972743,0.2797641,0.9753028,0.02619132,-0.02161187,-0.2182464
106890,0.016667,19.8718790654093,0.8525484,0.2633685,-0.3284317,0.4739791,-0.1022009,0.8572847,0.1730946,1,0.82416170835495,0.3584236,-0.09742928,0.2792192,0.9752119,0.02588367,-0.02241338,-0.2186081
106892,0.016667,19.888546064496,0.8527451,0.2630343,-0.3284968,-0.4734438,0.1006639,-0.8577197,-0.1733054,1,0.820690035820007,0.3584317,-0.09745163,0.2783685,0.9754733,0.02741252,-0.02186717,-0.217307
106896,0.0166682,19.9052142649889,0.8535161,0.262602,-0.3282532,0.4741406,-0.1021121,0.8563922,0.177077,1,0.812869966030121,0.3584968,-0.09725493,0.2780343,0.975304,0.02745526,-0.02345013,-0.2178954
106900,0.0166657,19.921879965812,0.8539225,0.2622424,-0.3283897,0.4738421,-0.1034595,0.8558987,0.1794635,1,0.76250296831131,0.3582532,-0.09648389,0.277602,0.9762145,0.02597505,-0.02354866,-0.2139533
106904,0.0166662,19.9385461658239,0.8554503,0.2619694,-0.3287556,-0.4700495,0.1110728,-0.8562399,-0.1832201,1,0.742830753326416,0.3583897,-0.09607744,0.2772424,0.9768099,0.02592937,-0.02360537,-0.2112177
106906,0.0166673,19.9552134666592,0.856143,0.2610766,-0.3292373,-0.4700391,0.1325908,-0.851893,-0.1891062,1,0.752719342708588,0.3587556,-0.09454972,0.2769694,0.9782598,0.0308922,-0.02078921,-0.2040128
106910,0.0166674,19.9718808662146,0.8611535,0.2585453,-0.3301023,-0.479789,0.1488838,-0.848466,-0.1665582,0.99919056892395,0.960304439067841,0.3592373,-0.09385699,0.2760766,0.9815583,0.03507229,-0.005744622,-0.1878302
106912,0.0166662,19.9885470662266,0.8616123,0.2597451,-0.3306283,-0.5035802,0.1726341,-0.8353514,-0.1370861,0.460671454668045,0.889756262302399,0.3601023,-0.08884645,0.2735453,0.9791242,0.03638129,0.02169067,-0.1988005
106916,0.0166665,20.0052135661244,0.8619371,0.2602977,-0.3322458,-0.524742,0.1907077,-0.8210348,-0.1190728,0.134138613939285,0.239345625042915,0.3606282,-0.08838773,0.274745,0.9748734,0.02625428,0.06518437,-0.2113848
106920,0.0166673,20.0218808669597,0.8618634,0.2604362,-0.3324986,0.5325418,-0.1879853,0.8184419,0.1058949,0,0,0.3622457,-0.08806288,0.2752976,0.9712046,0.01316922,0.09822132,-0.216658
106924,0.0166665,20.0385473668575,0.8633187,0.2618218,-0.3363993,0.5304816,-0.2072499,0.816502,0.09466337,0,0,0.3624986,-0.08813661,0.2754362,0.9676489,0.007756073,0.1055211,-0.2290433
106926,0.0166662,20.0552135668695,0.8641238,0.2614688,-0.3362079,0.5304872,-0.2231572,0.8122846,0.09475175,0,0,0.3663993,-0.08668131,0.2768219,0.9654369,0.01759308,0.1255676,-0.2277166
106930,0.0166681,20.0718816667795,0.8658357,0.2617171,-0.3379378,0.5279585,-0.2396185,0.80914,0.09557913,0,0,0.3662079,-0.08587617,0.2764688,0.9656132,0.02112724,0.1389041,-0.2187472
106932,0.0166666,20.0885482672602,0.8662434,0.2615913,-0.3380761,-0.5259719,0.2420008,-0.8096983,-0.09580064,0,0,0.3679377,-0.08416426,0.2767171,0.9658223,0.02718075,0.1512159,-0.2087635
106938,0.0166669,20.1052151676267,0.8677126,0.2612264,-0.3379954,-0.5256347,0.2500904,-0.8071095,-0.09867702,0,0,0.3680761,-0.08375657,0.2765914,0.9659244,0.0297781,0.1521673,-0.2072401
106940,0.016667,20.1218821667135,0.8683916,0.2611393,-0.3382527,0.5240956,-0.2541528,0.806636,0.1003425,0,0,0.3679953,-0.08228743,0.2762265,0.9664915,0.03102069,0.157604,-0.2002324
106944,0.0166687,20.1385508663952,0.8696904,0.2608185,-0.3382024,-0.52431,0.2579994,-0.8049105,-0.103221,0,0,0.3682526,-0.08160841,0.2761393,0.9668602,0.03305609,0.1595757,-0.1965307
106946,0.0166646,20.155215466395,0.8704558,0.2608091,-0.3377783,-0.5251656,0.256366,-0.8049663,-0.1025036,0,0,0.3682024,-0.08030957,0.2758185,0.9674426,0.03279489,0.1616921,-0.1919243
106950,0.0166676,20.1718830671161,0.8709127,0.2609205,-0.3371324,-0.5254498,0.2557237,-0.8047994,-0.1039505,0,0,0.3677782,-0.07954419,0.2758091,0.967283,0.03173842,0.1610332,-0.1934546
106954,0.016913,20.1887960676104,0.8711172,0.2607858,-0.3371804,-0.5264081,0.254831,-0.8043837,-0.1045104,0,0,0.3671324,-0.07908726,0.2759205,0.9676489,0.03090101,0.1599885,-0.1926249
106958,0.0166692,20.2054652683437,0.8714125,0.2606111,-0.3371005,-0.5276543,0.2540611,-0.8039243,-0.1036319,0,0,0.3671803,-0.07888281,0.2757858,0.9677724,0.02952434,0.1594507,-0.1926666
106960,0.0172402,20.2227054685354,0.8719377,0.2600194,-0.336897,-0.5274409,0.255412,-0.8036691,-0.1033773,0,0,0.3671005,-0.07858753,0.2756111,0.9675227,0.028256,0.1597909,-0.1938252
106966,0.0248434,20.2475488688797,0.8731036,0.2593498,-0.3371644,-0.5273386,0.2560938,-0.8036085,-0.1026807,0,0,0.366897,-0.0780623,0.2750194,0.9674273,0.02882866,0.1609493,-0.1932582
106968,0.0166711,20.264219969511,0.8733447,0.2590352,-0.3376974,-0.5283942,0.2593327,-0.8018404,-0.1029475,0,0,0.3671644,-0.07689643,0.2743498,0.9672377,0.0292684,0.1617867,-0.1934421
106972,0.0167248,20.280944770202,0.8738249,0.2587455,-0.3378363,0.5288522,-0.2591867,0.8017191,0.1019021,0,0,0.3676973,-0.07665527,0.2740352,0.9671404,0.02868298,0.1649494,-0.1913333
106976,0.0166121,20.2975568696857,0.874122,0.2585582,-0.3377697,-0.5295318,0.2588445,-0.8015132,-0.1008574,0,0,0.3678363,-0.07617509,0.2737455,0.9668645,0.02844323,0.1655091,-0.1922776
106980,0.0166623,20.3142191693187,0.8742093,0.258248,-0.3374419,-0.5298672,0.2604451,-0.8008847,-0.09996413,0,0,0.3677696,-0.07587796,0.2735581,0.9665836,0.02792197,0.1660102,-0.1933317
106982,0.0216276,20.3358467686921,0.87435,0.2581837,-0.337673,0.5300303,-0.2604459,0.8007915,0.09984408,0,0,0.3674418,-0.0757907,0.273248,0.9662844,0.02811532,0.1679344,-0.1931375
106986,0.0166693,20.3525160681456,0.874737,0.2578983,-0.3378635,-0.5311347,0.2609929,-0.7998774,-0.09987409,0,0,0.367673,-0.07565004,0.2731836,0.966246,0.02797022,0.1680681,-0.1932341
106990,0.0167285,20.3692445680499,0.8752325,0.2577914,-0.3382943,0.5318298,-0.2611329,0.7994347,0.09935251,0,0,0.3678635,-0.07526296,0.2728983,0.9661751,0.02686138,0.1690645,-0.1928766
106992,0.0166647,20.3859092686325,0.875694,0.2574632,-0.3381006,0.5314819,-0.2639314,0.7987379,0.09942427,0,0,0.3682943,-0.07476753,0.2727914,0.9660023,0.02627158,0.1697555,-0.1932165
106996,0.0166677,20.4025769680738,0.8760775,0.25746,-0.3379589,-0.5318832,0.2631791,-0.7988014,-0.09875976,0,0,0.3681006,-0.07430595,0.2724632,0.965925,0.02717562,0.1719444,-0.1915345
107000,0.0166681,20.4192450679839,0.876143,0.2577413,-0.3378052,0.5318995,-0.2630313,0.7990923,0.09668992,0,0,0.3679589,-0.07392246,0.27246,0.9657684,0.02677345,0.1717914,-0.1925158
107002,0.0181047,20.4373497683555,0.8759788,0.2579153,-0.3381485,0.5325277,-0.2645463,0.7982276,0.09623996,0,0,0.3678052,-0.07385701,0.2727413,0.9652526,0.0272938,0.1725858,-0.1943111
107006,0.0171901,20.4545398689806,0.8760881,0.2580419,-0.3384382,-0.5329739,0.2646843,-0.7979721,-0.09550751,0,0,0.3681485,-0.07402116,0.2729153,0.9650407,0.02702167,0.1743887,-0.193791
107010,0.0166715,20.4712113682181,0.8762716,0.2580386,-0.3384349,0.5331342,-0.2644899,0.7979546,0.09529743,0,0,0.3684382,-0.07391185,0.2730419,0.9648243,0.02675928,0.1750496,-0.1943083
107014,0.0166641,20.487875469029,0.8763366,0.2580732,-0.3382662,-0.5333369,0.2648505,-0.7976516,-0.09569702,0,0,0.3684349,-0.07372838,0.2730386,0.9647703,0.02660344,0.175055,-0.1945923
107016,0.0166672,20.5045426692814,0.8764156,0.2580502,-0.338085,0.5326508,-0.2659845,0.7977135,0.09585692,0,0,0.3682662,-0.07366335,0.2730732,0.9648448,0.0263417,0.1752869,-0.1940494
107020,0.0166665,20.5212091691792,0.8765987,0.2579807,-0.337912,-0.5320305,0.2675081,-0.7975886,-0.09610169,0,0,0.368085,-0.07358438,0.2730502,0.9648739,0.02726763,0.1758486,-0.1932669
107022,0.016667,20.5378761682659,0.8766287,0.2579798,-0.3380325,0.5328537,-0.2666265,0.7974342,0.0952691,0,0,0.367912,-0.07340127,0.2729807,0.9649013,0.02817181,0.1767393,-0.192185
107026,0.0166673,20.5545434691012,0.8771899,0.2581071,-0.3380188,0.5319986,-0.2673972,0.7979608,0.09346014,0,0,0.3680325,-0.07337129,0.2729799,0.9646847,0.02732868,0.1767574,-0.1933741
107030,0.0166672,20.5712106693536,0.8775895,0.2580153,-0.3381107,-0.5333225,0.2667997,-0.797481,-0.09170158,0,0,0.3680188,-0.07281005,0.2731071,0.9642358,0.02890464,0.1777954,-0.1944289
107034,0.0166658,20.5878764688969,0.8782805,0.2579332,-0.3374919,0.5356902,-0.267263,0.7959588,0.08975635,0,0,0.3681107,-0.07241046,0.2730153,0.963738,0.02781653,0.1787134,-0.1962059
107036,0.0166779,20.604554368183,0.879154,0.2576034,-0.3380175,-0.5374939,0.2682619,-0.7944002,-0.08980064,0,0,0.3674918,-0.07171953,0.2729332,0.9630766,0.0258328,0.1811385,-0.1974972
107040,0.0166676,20.6212219689041,0.880276,0.2572181,-0.337967,0.5396776,-0.2688256,0.7927688,0.08943465,0,0,0.3680175,-0.07084596,0.2726034,0.9629306,0.02402878,0.182865,-0.1968447
107042,0.0166665,20.637888468802,0.8816272,0.2563989,-0.3382627,-0.5416164,0.2694353,-0.7912239,-0.08956103,0,0,0.3679669,-0.06972402,0.2722181,0.9626681,0.02183072,0.1845903,-0.1967741
107046,0.0166669,20.6545553691685,0.8831602,0.2552075,-0.3384017,0.5424116,-0.2697257,0.7903135,0.09188284,0,0,0.3682626,-0.06837279,0.2713988,0.9625401,0.01977424,0.1860175,-0.1962733
107050,0.016667,20.6712223682553,0.884694,0.2546588,-0.3385223,-0.5440836,0.2696689,-0.7889805,-0.0936025,0,0,0.3684016,-0.06683975,0.2702075,0.9630684,0.01832356,0.1856333,-0.1941744
107052,0.0166671,20.6878894679248,0.8875543,0.2528616,-0.3381467,0.5480007,-0.2687942,0.7860326,0.09796845,0,0,0.3685222,-0.06530595,0.2696587,0.9633912,0.01599817,0.1856551,-0.1927528
107056,0.016667,20.7045564670116,0.8902543,0.251022,-0.337341,-0.552881,0.2712457,-0.7809265,-0.1044134,0,0,0.3681467,-0.0624457,0.2678616,0.9642406,0.01030131,0.1849293,-0.1895655
107060,0.016667,20.7212234660983,0.8940617,0.2474009,-0.335578,0.5581865,-0.2790805,0.7721384,0.1197678,0,0,0.367341,-0.05974567,0.266022,0.9652931,0.003546825,0.18664,-0.1826534
107064,0.016667,20.737890465185,0.8984306,0.2439965,-0.3344402,-0.5609572,0.2797534,-0.7685867,-0.1278264,0,0,0.365578,-0.05593824,0.2624009,0.9679229,-0.005321367,0.1893493,-0.1650573
107066,0.0166669,20.7545573655516,0.9011403,0.2418151,-0.333417,0.5644047,-0.2805092,0.76386,0.1388519,0,0,0.3644402,-0.0515694,0.2589965,0.9693823,-0.01066453,0.1878423,-0.1577954
107070,0.0166663,20.7712236661464,0.9041996,0.2399034,-0.3328809,-0.5712149,0.2728458,-0.7585894,-0.1543077,0,0,0.363417,-0.04885966,0.2568151,0.971287,-0.01770118,0.1855033,-0.1479087
107072,0.0166667,20.7878903653473,0.9079144,0.2372094,-0.3320352,-0.5724733,0.2707275,-0.7553163,-0.1687546,0,0,0.3628809,-0.04580039,0.2549034,0.9740527,-0.03151283,0.1757843,-0.1390263
107076,0.0166748,20.8045651651919,0.9112747,0.2358287,-0.3331295,0.5725506,-0.2792408,0.7468821,0.1907288,0,0,0.3620352,-0.04208559,0.2522094,0.9766392,-0.03789556,0.1685186,-0.1278336
107080,0.016666,20.8212311659008,0.9150376,0.2338668,-0.333828,-0.5730831,0.2845154,-0.7423593,-0.19882,0,0,0.3631295,-0.03872526,0.2508286,0.9795504,-0.04370115,0.1667711,-0.1037243
107084,0.0166675,20.8378986660391,0.9187922,0.2324884,-0.3345632,0.576607,-0.287955,0.7365005,0.2053615,0,0,0.363828,-0.03496236,0.2488668,0.9802113,-0.04615239,0.1682864,-0.09346348
107086,0.0166667,20.85456536524,0.9228843,0.2303742,-0.3340352,-0.5775895,0.2875416,-0.7344678,-0.2103981,0,0,0.3645632,-0.03120774,0.2474884,0.9802877,-0.05187369,0.1704178,-0.08545822
107090,0.0168741,20.8714394643903,0.9258184,0.2287693,-0.3331826,0.5780568,-0.2914826,0.7285888,0.2237113,0.0171033646911383,0,0.3640351,-0.0271157,0.2453742,0.9808155,-0.05482854,0.1685216,-0.0812121
107092,0.0166679,20.8881073649973,0.9288753,0.2272803,-0.3326441,0.5779961,-0.2909031,0.7276942,0.2275022,0.0759259089827538,0,0.3631825,-0.02418154,0.2437693,0.9819096,-0.05945768,0.1668223,-0.06699799
107096,0.0166679,20.9047752656043,0.934934,0.2244732,-0.3331713,0.573534,-0.2985563,0.7234607,0.2419246,0.0937932655215263,0,0.3626441,-0.02112466,0.2422803,0.9823723,-0.06085128,0.1647692,-0.06397498
107100,0.0166663,20.9214415661991,0.9397883,0.2223509,-0.333768,0.572727,-0.3013753,0.7200696,0.2503127,0.13363079726696,0,0.3631713,-0.01506603,0.2394732,0.9836415,-0.0597996,0.1633898,-0.04666041
107104,0.016704,20.9381455667317,0.9433537,0.2215197,-0.3342366,0.5709788,-0.3011736,0.7204715,0.2533741,0.150526881217957,0,0.363768,-0.01021165,0.2373509,0.9841341,-0.06159028,0.1621317,-0.03741785
107106,0.0166629,20.9548084661365,0.9476544,0.2199244,-0.3345829,-0.5727684,0.2995052,-0.7187873,-0.2560817,0.17122146487236,0,0.3642365,-0.006646335,0.2365197,0.9846522,-0.06076641,0.159848,-0.03487468
107110,0.0166681,20.9714765660465,0.9511524,0.2179131,-0.3346192,-0.5699738,0.306335,-0.7150154,-0.264654,0.179968535900116,0,0.3645829,-0.002345622,0.2349244,0.9847488,-0.06412231,0.1582623,-0.03333574
107112,0.0166661,20.9881426654756,0.9553657,0.2161004,-0.3344175,-0.5690799,0.3056535,-0.714361,-0.2690957,0.18852111697197,0,0.3646192,0.001152456,0.2329131,0.9849471,-0.06317963,0.1594519,-0.02151098
107116,0.0166681,21.0048107653856,0.9587836,0.2143109,-0.3347322,-0.5670769,0.3095262,-0.7113793,-0.2766889,0.192292287945747,0,0.3644175,0.00536567,0.2311004,0.9854127,-0.06398465,0.156673,-0.01792858
107120,0.0166658,21.0214765649289,0.9627976,0.2119099,-0.33466,-0.5648621,0.3099207,-0.7116449,-0.2800742,0.201513826847076,0,0.3647322,0.008783579,0.2293109,0.985619,-0.06410854,0.1561075,-0.008699412
107122,0.0166674,21.0381439644843,0.9666257,0.2100376,-0.3349915,0.5662904,-0.3102083,0.7091311,0.28323,0.21679699420929,0,0.36466,0.01279759,0.2269099,0.9860539,-0.06284577,0.1540069,-0.005475166
107126,0.0166664,21.0548103637993,0.9700224,0.2079936,-0.3348019,0.56696,-0.3090776,0.7079337,0.2861073,0.227929666638374,0,0.3649915,0.0166257,0.2250375,0.9859114,-0.06572355,0.1537982,-0.002304327
107130,0.0166682,21.0714785642922,0.9733115,0.2060449,-0.3345833,0.5667414,-0.3080989,0.707913,0.2876427,0.241621047258377,0,0.3648018,0.02002245,0.2229936,0.9860414,-0.06782446,0.1520596,-0.000307692
107132,0.0166662,21.0881447643042,0.9761433,0.2042533,-0.3349417,-0.5674862,0.3080823,-0.7066479,-0.2892986,0.251262426376343,0,0.3645833,0.0233115,0.2210449,0.9862447,-0.06833565,0.1505037,0.000492356
107136,0.0166664,21.1048111636192,0.9792472,0.2021973,-0.3353026,0.5685372,-0.30882,0.7049242,0.2906503,0.257822781801224,0,0.3649416,0.02614331,0.2192533,0.9861736,-0.06987514,0.1502497,0.002060194
107140,0.0166668,21.1214779634029,0.9822215,0.1999259,-0.3358159,-0.5690054,0.3111466,-0.7022722,-0.293657,0.257452815771103,0,0.3653025,0.02924716,0.2171973,0.9859443,-0.07154075,0.1509346,0.003835347
107144,0.0166668,21.1381447631866,0.986039,0.1973226,-0.3363403,0.5704381,-0.3122845,0.7003974,0.2941466,0.254410177469254,0,0.3658159,0.0322215,0.214926,0.9856347,-0.07299002,0.1520893,0.008098688
107146,0.0166668,21.1548115629703,0.9889064,0.1953979,-0.3370466,-0.5727065,0.3136963,-0.6975692,-0.2949563,0.243077293038368,0,0.3663402,0.03603899,0.2123226,0.9852524,-0.07469945,0.1536562,0.009355237
107150,0.0166676,21.1714791636914,0.991812,0.1933448,-0.3373033,0.5749922,-0.3189866,0.6924778,0.2968269,0.227421820163727,0,0.3670465,0.03890646,0.2103979,0.9846843,-0.0774832,0.155785,0.01114096
107152,0.0166665,21.1881456635892,0.9948015,0.1917724,-0.3378301,-0.5774589,0.3220103,-0.6887816,-0.2973728,0.207584902644157,0,0.3673033,0.041812,0.2083448,0.9835606,-0.08022019,0.1609528,0.01635373
107156,0.016668,21.2048136629164,0.997077,0.1906654,-0.3376586,-0.5830279,0.3209329,-0.6854211,-0.2954292,0.201076954603195,0,0.36783,0.04480153,0.2067724,0.982663,-0.08294772,0.1647249,0.01894492
107158,0.016666,21.2214796636254,0.9992713,0.1895709,-0.3378709,0.5848142,-0.321647,0.6831895,0.2962899,0.188895031809807,0,0.3676585,0.047077,0.2056654,0.9817244,-0.08883465,0.1674532,0.01688
107164,0.0166675,21.2381471637636,1.00133,0.1886962,-0.3381372,0.5874194,-0.3215094,0.6810625,0.2961828,0.181319251656532,0,0.3678709,0.04927135,0.204571,0.981265,-0.09121548,0.1687147,0.01827662
107166,0.0166668,21.2548139635473,1.00353,0.1876599,-0.3383516,-0.5888924,0.3245203,-0.6780273,-0.2969365,0.172628551721573,0,0.3681372,0.05132991,0.2036962,0.9807493,-0.09427532,0.1700234,0.01830312
107170,0.0166682,21.2714821640402,1.005201,0.1866577,-0.3385375,0.5905813,-0.3254518,0.6761413,0.2968633,0.16565714776516,0,0.3683516,0.05353028,0.2026599,0.9799746,-0.09596476,0.1731997,0.02103671
107174,0.0166639,21.2881460636854,1.007393,0.1859633,-0.3384597,0.5928054,-0.3234493,0.6756303,0.2957806,0.15744836628437,0,0.3685375,0.05520147,0.2016577,0.9794629,-0.09782988,0.1749593,0.02170449
107176,0.0166679,21.3048139642924,1.009168,0.1851505,-0.338413,-0.5939189,0.3234426,-0.6745062,-0.2961192,0.147180825471878,0,0.3684596,0.0573929,0.2009633,0.9792919,-0.1002726,0.1747803,0.01961583
107180,0.0166674,21.3214813638479,1.011541,0.1840851,-0.3379917,0.5948879,-0.3234918,0.6732132,0.2970612,0.1485865265131,0,0.368413,0.05916756,0.2001505,0.979048,-0.101746,0.1752475,0.02002735
107182,0.0166702,21.338151562959,1.013165,0.1831099,-0.337872,-0.5956525,0.3243536,-0.6719227,-0.2975111,0.145537301898003,0,0.3679916,0.06154066,0.1990851,0.9788261,-0.1032965,0.1754627,0.02102782
107188,0.0166642,21.35481576249,1.014741,0.182219,-0.3374038,0.5977724,-0.3248766,0.6699511,0.2971345,0.145812690258026,0,0.3678719,0.06316525,0.1981099,0.9785155,-0.1042967,0.1764729,0.02206601
107190,0.0166675,21.3714832626283,1.016206,0.1810949,-0.3370736,-0.5998696,0.3263554,-0.6674932,-0.2968187,0.145270675420761,0,0.3674038,0.06474119,0.197219,0.9779443,-0.1066157,0.1782228,0.02224136
107194,0.0166665,21.3881497625262,1.017738,0.1798526,-0.3367531,-0.6024535,0.3272042,-0.66522,-0.2957527,0.140101805329323,0,0.3670736,0.06620604,0.1960949,0.9772098,-0.1088252,0.1807905,0.02308503
107196,0.0166687,21.4048184622079,1.018794,0.1786901,-0.3364461,0.6032428,-0.328583,0.6636361,0.2961733,0.132324278354645,0,0.3667531,0.06773764,0.1948526,0.97645,-0.1113859,0.1833444,0.02287689
107200,0.0166653,21.4214837625623,1.01999,0.1773945,-0.3359126,0.6054285,-0.3278148,0.6621563,0.2958765,0.12829115986824,0,0.3664461,0.06879383,0.1936901,0.9760231,-0.1123565,0.1848456,0.02423031
107204,0.0166662,21.4381499625742,1.021269,0.1759524,-0.3353001,0.606509,-0.32903,0.660686,0.2956012,0.123275108635426,0,0.3659126,0.0699901,0.1923945,0.9756159,-0.1149632,0.1854629,0.02367942
107208,0.016667,21.454816961661,1.02214,0.1747871,-0.3347559,-0.6069925,0.3292518,-0.6601403,-0.2955812,0.116566441953182,0,0.3653001,0.07126886,0.1909524,0.9751368,-0.116015,0.1872377,0.02430876
107210,0.0166663,21.4714832622558,1.023041,0.1731486,-0.3338482,-0.6077968,0.3315086,-0.6581472,-0.2958502,0.117377191781998,0,0.3647559,0.07214016,0.1897872,0.9749763,-0.1165673,0.1877071,0.02448166
107214,0.0228717,21.49435496144,1.023938,0.1718327,-0.3329413,-0.6094021,0.3314641,-0.657061,-0.2950113,0.11669335514307,0,0.3638481,0.07304114,0.1881486,0.9743734,-0.117403,0.1900608,0.02626571
107218,0.0166679,21.511022862047,1.024449,0.1704921,-0.3319798,0.6100224,-0.331765,0.656848,0.2938632,0.113242194056511,0,0.3629413,0.07393795,0.1868327,0.9739715,-0.119002,0.1912115,0.02561733
107220,0.0166674,21.5276902616024,1.024942,0.1684229,-0.3309482,0.6109085,-0.334295,0.654371,0.29468,0.111762039363384,0,0.3619798,0.07444876,0.1854921,0.9737607,-0.1192342,0.1922456,0.02479825
107224,0.0166666,21.5443568620831,1.025223,0.1665719,-0.330136,-0.6122181,0.3347506,-0.6532401,-0.293953,0.106517285108566,0,0.3609482,0.07494193,0.1834229,0.9730666,-0.1203838,0.1946906,0.0272897
107228,0.0166676,21.5610244628042,1.02477,0.1651635,-0.3293736,0.6142938,-0.3361108,0.6508294,0.2934175,0.106414511799812,0,0.360136,0.07522279,0.1815719,0.9726389,-0.1216225,0.1960876,0.02704234
107232,0.0166662,21.5776906628162,1.024612,0.1626185,-0.329024,0.6149098,-0.3389855,0.6496366,0.2914569,0.10393314063549,0,0.3593736,0.07477015,0.1801635,0.9718291,-0.1237865,0.1986474,0.02764678
107238,0.0166668,21.5943574625999,1.022204,0.159974,-0.3273624,0.6152169,-0.3477788,0.6442742,0.2923509,0.104645058512688,0,0.359024,0.07461196,0.1776185,0.9711241,-0.1234027,0.2022884,0.02773567
107240,0.0279747,21.6223321631551,1.022587,0.15546,-0.3265083,0.6160989,-0.3529434,0.6416534,0.2900588,0.101906388998032,0,0.3573624,0.07220381,0.174974,0.9692827,-0.1232872,0.210028,0.03434359
107242,0.0166712,21.6390033625066,1.021732,0.1535147,-0.3254623,0.6153146,-0.358461,0.6383762,0.2921807,0.0944669172167778,0,0.3565083,0.07258672,0.1704599,0.9679644,-0.1229113,0.21602,0.03568179
107246,0.0166645,21.6556678619236,1.019917,0.151148,-0.3240472,-0.6191524,0.3615814,-0.6354497,-0.2865536,0.0905386507511139,0,0.3554623,0.0717321,0.1685147,0.9669635,-0.1223708,0.2197883,0.04123225
107250,0.0166677,21.6723355613649,1.019257,0.1499822,-0.3224134,-0.6243294,0.3591298,-0.6339577,-0.2816667,0.0659051537513733,0,0.3540471,0.06991678,0.166148,0.965185,-0.1244414,0.2268312,0.03846808
107254,0.0166671,21.6890026610345,1.017219,0.1490206,-0.3205219,-0.6252295,0.360785,-0.6325002,-0.2808305,0.0659165158867836,0,0.3524134,0.0692572,0.1649822,0.9642063,-0.1289878,0.2293177,0.03289048
107256,0.0184033,21.7074059601873,1.016301,0.1479893,-0.3197877,-0.6260297,0.3635629,-0.631071,-0.2786724,0.0725100561976433,0,0.3505219,0.06721884,0.1640206,0.9635532,-0.1296176,0.2316339,0.03332053
107260,0.0166682,21.7240741606802,1.014181,0.1466457,-0.3169426,0.6270427,-0.3635841,0.6306624,0.277289,0.0775259286165237,0,0.3497876,0.06630057,0.1629893,0.9626594,-0.1294795,0.2354068,0.03325171
107262,0.0166668,21.7407409604639,1.012512,0.1458515,-0.3151757,0.6270326,-0.3645356,0.6305372,0.2763454,0.0823484733700752,0,0.3469426,0.06418091,0.1616457,0.9623365,-0.1301568,0.2365107,0.03210035
107268,0.0166678,21.757408760488,1.010512,0.1452126,-0.313091,-0.6276431,0.3645484,-0.6302581,-0.2755783,0.07431910187006,0,0.3451757,0.06251186,0.1608515,0.9621119,-0.1296723,0.2377208,0.03185154
107270,0.0166658,21.7740745600313,1.009521,0.14464,-0.3116269,-0.6287131,0.363279,-0.6305302,-0.2741895,0.0720923319458961,0,0.343091,0.06051177,0.1602126,0.9619148,-0.1301103,0.2383621,0.03122138
107274,0.0166669,21.7907414603978,1.008832,0.1432618,-0.3102704,0.6288552,-0.364148,0.6306902,0.272337,0.0669284239411354,0,0.3416269,0.05952066,0.15964,0.9618704,-0.1309617,0.2383297,0.0292135
107276,0.0166694,21.8074108604342,1.008264,0.1417144,-0.3089827,-0.6282162,0.3650094,-0.6309205,-0.2721248,0.0624612793326378,0,0.3402703,0.05883211,0.1582618,0.9616064,-0.1302947,0.2398911,0.02808217
107280,0.016665,21.8240758609027,1.008135,0.1404481,-0.3074782,-0.6286646,0.3646148,-0.6308674,-0.2717412,0.0587654635310173,0,0.3389826,0.05826432,0.1567144,0.9616012,-0.1293411,0.2403931,0.0283767
107282,0.0166683,21.8407441601157,1.008253,0.1396607,-0.307794,-0.6296381,0.3660132,-0.6297306,-0.27024,0.0532102845609188,0,0.3374782,0.05813497,0.1554481,0.9615503,-0.1297712,0.2404306,0.02781321
107288,0.0166666,21.8574107605964,1.009156,0.1383526,-0.3068985,-0.6316171,0.3657263,-0.6285636,-0.2687228,0.0532102845609188,0,0.337794,0.05825335,0.1546607,0.960896,-0.1302539,0.2428125,0.02747498
107290,0.0166671,21.874077860266,1.009596,0.1374241,-0.306725,0.6329026,-0.365584,0.6269375,0.2696887,0.0485289990901947,0,0.3368985,0.05915552,0.1533526,0.9603173,-0.1321207,0.2442378,0.02612902
107294,0.0166656,21.8907434605062,1.010313,0.1365382,-0.3066956,-0.6339906,0.3658583,-0.6261132,-0.2686742,0.0473568253219128,0,0.336725,0.05959648,0.1524241,0.9599492,-0.1341467,0.244474,0.02710586
107298,0.0199384,21.9106818605214,1.011243,0.1357379,-0.3069478,-0.6349553,0.3666488,-0.6248289,-0.2683084,0.039509866386652,0,0.3366956,0.06031281,0.1515382,0.9595188,-0.1350691,0.2457198,0.02649004
107302,0.0172162,21.9278980605304,1.012005,0.1345924,-0.307041,-0.6378869,0.3668059,-0.6223167,-0.2669753,0.0325155556201935,0,0.3369477,0.06124264,0.1507379,0.9590077,-0.1360712,0.2471237,0.02681027
107304,0.0166678,21.9445658605546,1.013204,0.1329838,-0.306555,-0.6402252,0.3652929,-0.6217268,-0.2648181,0.018186816945672,0,0.337041,0.0620051,0.1495924,0.9579806,-0.1391986,0.2494333,0.02607735
107308,0.0166685,21.9612343609333,1.013917,0.1319064,-0.306855,0.6421089,-0.3660442,0.6191598,0.2652341,0.0116126500070095,0,0.336555,0.06320423,0.1479837,0.9575338,-0.1413647,0.250197,0.0233785
107312,0.0166644,21.9778987616301,1.01507,0.1306343,-0.3069049,0.6449755,-0.3648765,0.6177604,0.2631423,0.00525505561381578,0,0.3368549,0.06391662,0.1469063,0.9567106,-0.1438693,0.251802,0.0245396
107316,0.0166675,21.9945662617683,1.015998,0.1291827,-0.3065365,0.6475936,-0.3645816,0.615867,0.2615544,0.00134678988251835,0,0.3369049,0.06507045,0.1456343,0.9559742,-0.1467217,0.2531647,0.02222019
107318,0.0166659,22.0112321618944,1.016953,0.1278951,-0.3064826,-0.648483,0.3648003,-0.6149038,-0.2613118,0.00221009668894112,0,0.3365365,0.06599849,0.1441827,0.9550988,-0.1494162,0.2549962,0.02092924
107324,0.0166687,22.0279008615762,1.017538,0.1265195,-0.3064116,-0.6485125,0.3659574,-0.6140849,-0.2615463,0.00234096264466643,0,0.3364826,0.06695348,0.1428951,0.9547231,-0.1504347,0.2557987,0.02098331
107326,0.0187809,22.0466817617416,1.019091,0.1253439,-0.3070144,0.6482657,-0.3674713,0.6127552,0.2631492,0.00110528396908194,0,0.3364116,0.06753808,0.1415195,0.9544276,-0.1504892,0.2567833,0.02198623
107330,0.0189291,22.0656108614057,1.019871,0.1247567,-0.3076559,0.6472887,-0.3713066,0.6103716,0.2656977,0,0,0.3370143,0.0690909,0.1403439,0.9541557,-0.1507384,0.2574224,0.02446534
107334,0.0166687,22.0822795610875,1.020737,0.123445,-0.3069817,-0.6502205,0.3733836,-0.6057246,-0.2662627,0,0,0.3376559,0.06987089,0.1397567,0.9535486,-0.1503064,0.2594127,0.02929477
107336,0.0166651,22.0989446602762,1.022239,0.1222482,-0.306878,-0.6498498,0.3728208,-0.6066118,-0.2659364,0.00294784037396312,0,0.3369816,0.07073694,0.138445,0.9519249,-0.1541759,0.2628018,0.03168819
107340,0.0238122,22.1227568611503,1.023283,0.1214316,-0.3059181,0.6517529,-0.3761671,0.6019403,0.2671787,0.00496125547215343,0,0.336878,0.07223874,0.1372482,0.9522112,-0.1535957,0.2621923,0.03094135
107344,0.0172256,22.1399824619293,1.024585,0.1205021,-0.3056614,-0.6521014,0.3777657,-0.5999568,-0.2685308,0.00310360826551914,0,0.335918,0.07328266,0.1364316,0.950598,-0.1563764,0.265907,0.03469016
107348,0.0166687,22.1566511616111,1.026208,0.1192582,-0.3053764,-0.6524101,0.3827634,-0.5959368,-0.269653,0.00885953847318888,0,0.3356614,0.07458466,0.1355021,0.9500234,-0.1573139,0.2670783,0.03711053
107350,0.0166679,22.1733190622181,1.02799,0.117933,-0.3058482,0.6536704,-0.3834703,0.5938643,0.2701679,0.00777938030660152,0,0.3353764,0.07620806,0.1342582,0.9484913,-0.1579408,0.2714474,0.0416561
107354,0.0166658,22.1899848617613,1.029223,0.1168449,-0.3056692,-0.6559604,0.3852609,-0.5894982,-0.2716282,0,0,0.3358482,0.07798988,0.132933,0.9477891,-0.1597628,0.2726476,0.04283714
107358,0.0166676,22.2066524624825,1.031143,0.115199,-0.3048963,0.6594521,-0.385519,0.5855443,0.2713593,0,0,0.3356692,0.0792231,0.1318449,0.9463346,-0.1632918,0.2751099,0.04583947
107360,0.0166674,22.2233198620379,1.032392,0.1145209,-0.3046845,-0.6601062,0.3891772,-0.5805436,-0.2752639,0,0,0.3348963,0.08114272,0.130199,0.9448317,-0.1677274,0.2775083,0.04636715
107364,0.0166651,22.2399849612266,1.033615,0.1135382,-0.3040254,0.6615974,-0.3913719,0.5770134,0.2759939,0,0,0.3346844,0.08239216,0.1295209,0.9433695,-0.1701519,0.27986,0.05273246
107368,0.0166665,22.2566514611244,1.034325,0.1131503,-0.3037056,0.662313,-0.3908033,0.5768454,0.2754337,0,0,0.3340253,0.08361489,0.1285382,0.9420303,-0.1723655,0.2825215,0.05523409
107370,0.0166673,22.2733187619597,1.034798,0.1126224,-0.3028885,0.6645151,-0.3909748,0.5745373,0.2747097,0,0,0.3337056,0.08432466,0.1281503,0.9419153,-0.173081,0.282623,0.05443282
107376,0.0166669,22.2899856623262,1.034903,0.1126612,-0.302116,-0.6644495,0.392148,-0.5727456,-0.2769285,0,0,0.3328884,0.08479804,0.1276224,0.9409219,-0.1756684,0.2843612,0.05427081
107378,0.0201189,22.3101045619696,1.035679,0.1123341,-0.301018,0.6651645,-0.3912662,0.5720075,0.2779826,0,0,0.332116,0.08490306,0.1276612,0.940513,-0.1765276,0.2846087,0.05719446
107382,0.0215627,22.3316672611982,1.036664,0.1116714,-0.2986806,-0.665381,0.3912039,-0.5710853,-0.2794448,0,0,0.331018,0.08567888,0.1273341,0.9404443,-0.1779678,0.2838337,0.0577096
107384,0.0166897,22.3483569603413,1.037133,0.1111345,-0.2975917,0.6663663,-0.391452,0.569455,0.2800757,0,0,0.3286806,0.08666414,0.1266714,0.9403177,-0.1789069,0.2833765,0.05909966
107388,0.0166676,22.3650245610625,1.038111,0.110933,-0.2961407,-0.6676202,0.3921472,-0.5662524,-0.2825987,0,0,0.3275917,0.08713323,0.1261345,0.9397741,-0.1804913,0.2839718,0.06006308
107392,0.0166717,22.3816962614655,1.038969,0.1098216,-0.295704,0.6675411,-0.393674,0.5646017,0.2839622,0,0,0.3261406,0.08811086,0.125933,0.938879,-0.1832757,0.2844667,0.06320601
107396,0.0166629,22.3983591608703,1.039705,0.11076,-0.2952251,-0.6686226,0.3925382,-0.5632869,-0.2855969,0,0,0.325704,0.08896858,0.1248216,0.9383536,-0.18375,0.2853557,0.06557873
107398,0.0166696,22.4150287602097,1.04058,0.1103285,-0.2951885,0.6693757,-0.3929891,0.5616451,0.2864449,0,0,0.3252251,0.08970529,0.12576,0.9381511,-0.185961,0.2843626,0.06655114
107402,0.0166676,22.4316963609308,1.041483,0.1110646,-0.2950159,0.6693143,-0.3929344,0.5607775,0.2883567,0,0,0.3251885,0.09057957,0.1253285,0.9376094,-0.1873455,0.284937,0.06783361
107404,0.0166677,22.4483640603721,1.042172,0.1106557,-0.2951127,-0.6696672,0.3939524,-0.5590626,-0.2894762,0,0,0.3250159,0.09148306,0.1260646,0.9375536,-0.1881361,0.2841672,0.06962072
107408,0.0176517,22.4660157598555,1.043289,0.1109946,-0.2944262,-0.6710716,0.3920631,-0.5588306,-0.2892364,0,0,0.3251126,0.09217173,0.1256557,0.9369848,-0.1891029,0.2849357,0.07149322
107412,0.0166671,22.4826828595251,1.044086,0.1110714,-0.2944001,-0.6713993,0.391531,-0.5580569,-0.2906871,0,0,0.3244262,0.09328932,0.1259946,0.9369668,-0.1909164,0.2841062,0.07019859
107416,0.0166666,22.4993494600058,1.045023,0.1113855,-0.2942881,-0.6714876,0.390855,-0.5579501,-0.2915965,0,0,0.3244,0.09408551,0.1260713,0.9369027,-0.1920341,0.2832927,0.07128419
107418,0.0166683,22.5160177592188,1.045889,0.1117098,-0.2945966,0.6719686,-0.3907986,0.5572805,0.2918443,0,0,0.324288,0.09502274,0.1263856,0.93703,-0.1925851,0.2823919,0.07169875
107422,0.0179651,22.5339828599244,1.047035,0.1114769,-0.2951481,0.6714733,-0.3901857,0.5567674,0.2947691,0,0,0.3245965,0.09588891,0.1267098,0.9368042,-0.1933482,0.2825442,0.07199495
107426,0.0167712,22.5507540591061,1.047802,0.1110925,-0.2958824,0.6712928,-0.390156,0.5567495,0.2952529,0,0,0.325148,0.09703535,0.1264768,0.9370545,-0.1940469,0.2806359,0.07428543
107430,0.0166683,22.5674223583192,1.049448,0.1101496,-0.2966297,-0.6723019,0.3881542,-0.5560359,-0.2969356,0,0,0.3258824,0.09780246,0.1260925,0.9371178,-0.1940291,0.2803276,0.07469597
107432,0.0176008,22.5850231591612,1.050748,0.1094571,-0.2974735,-0.6717416,0.3883249,-0.5555808,-0.2988262,0,0,0.3266296,0.09944814,0.1251496,0.9371815,-0.1962136,0.2784782,0.07510782
107436,0.0166673,22.6016904599965,1.05275,0.107862,-0.2982777,0.6737335,-0.387616,0.5529885,0.300068,0,0,0.3274735,0.1007484,0.1244571,0.9372571,-0.1963377,0.2776321,0.0769484
107438,0.0166714,22.6183618605137,1.054104,0.1071114,-0.2987623,-0.6742589,0.3881815,-0.5513111,-0.3012412,0,0,0.3282776,0.1027499,0.122862,0.9364354,-0.1996254,0.2777504,0.0780592
107444,0.0166626,22.6350244600326,1.055935,0.1056549,-0.2991289,0.6760817,-0.3877768,0.5491726,0.3015828,0,0,0.3287622,0.104104,0.1221114,0.9358972,-0.2008786,0.2781911,0.07971185
107446,0.0166674,22.651691859588,1.057257,0.1047552,-0.2996631,0.6764619,-0.3887263,0.5481871,0.3013005,0,0,0.3291289,0.105935,0.1206549,0.935105,-0.2035209,0.2788113,0.08013868
107450,0.0166661,22.6683579590172,1.058539,0.1036683,-0.3003915,-0.6781201,0.3891644,-0.5447474,-0.3032403,0,0,0.329663,0.1072572,0.1197552,0.9346184,-0.2038883,0.2800328,0.08062144
107452,0.0166667,22.685024658218,1.059649,0.1027286,-0.3009194,0.6790317,-0.3903756,0.5423738,0.3038973,0,0,0.3303914,0.1085387,0.1186683,0.9334677,-0.2070633,0.280791,0.08318217
107456,0.0166687,22.7016933578998,1.061068,0.1016551,-0.3013394,-0.6801931,0.3907641,-0.5414492,-0.3024461,0,0,0.3309193,0.1096491,0.1177286,0.9325252,-0.2086083,0.282264,0.0848905
107460,0.0166655,22.7183588575572,1.062076,0.1008743,-0.3013143,-0.6810674,0.3914634,-0.5401348,-0.3019237,0,0,0.3313394,0.1110683,0.1166551,0.9319235,-0.2095008,0.2838508,0.0840049
107464,0.0222093,22.7405681572855,1.063385,0.09976223,-0.3010679,-0.6825317,0.3909084,-0.5387442,-0.3018209,0,0,0.3313142,0.112076,0.1158743,0.9312725,-0.2104439,0.2852315,0.08418991
107466,0.0166675,22.7572356574237,1.064296,0.09926094,-0.3012091,0.6831335,-0.3909023,0.5377619,0.3022185,0,0,0.3310679,0.1133849,0.1147622,0.9307114,-0.2124117,0.2856551,0.08401596
107470,0.0166686,22.7739042565227,1.066572,0.09767888,-0.3018284,0.6837897,-0.3919684,0.536321,0.3019141,0,0,0.3312091,0.1142961,0.114261,0.9303602,-0.2134307,0.2858865,0.08453564
107474,0.0166655,22.79056975618,1.067783,0.09690642,-0.3023508,0.6836883,-0.3926165,0.5357181,0.3023717,0,0,0.3318284,0.1165717,0.1126789,0.9296633,-0.2141816,0.2874042,0.08515409
107478,0.0166686,22.807238355279,1.069333,0.09637252,-0.3024865,-0.6841027,0.3924354,-0.5351427,-0.3026884,0,0,0.3323508,0.1177825,0.1119064,0.9294431,-0.214258,0.2877935,0.08604713
107480,0.0166653,22.8239036556333,1.07058,0.09614722,-0.3030071,0.6849409,-0.3930857,0.5338141,0.3022949,0,0,0.3324865,0.1193328,0.1113725,0.9292567,-0.2149832,0.2877724,0.0863208
107484,0.0166675,22.8405711557716,1.071929,0.09569053,-0.3035352,-0.6864983,0.3931204,-0.5318599,-0.3021613,0,0,0.3330071,0.1205798,0.1111472,0.9286118,-0.2159495,0.289045,0.08659659
107486,0.0166657,22.8572368565947,1.073404,0.09482451,-0.3040245,0.6868021,-0.3938964,0.530706,0.302489,0,0,0.3335352,0.1219285,0.1106905,0.92777,-0.2180421,0.2900994,0.08684991
107492,0.0166686,22.8739054556936,1.075075,0.09450379,-0.3046483,-0.6868946,0.3940973,-0.529411,-0.3042814,0,0,0.3340245,0.123404,0.1098245,0.9272901,-0.2186207,0.2909097,0.08780462
107496,0.0187272,22.8926326557994,1.076927,0.09356167,-0.3052988,0.6878031,-0.3946127,0.5270356,0.3056815,0,0,0.3346483,0.1250747,0.1095038,0.9269853,-0.2196171,0.2905421,0.08973286
107498,0.0176375,22.9102701563388,1.077942,0.09315214,-0.3057957,0.6880774,-0.3945639,0.5268047,0.3055252,0,0,0.3352987,0.1269273,0.1085617,0.9261473,-0.2215634,0.291122,0.09169944
107500,0.0166681,22.9269382562488,1.078732,0.09285446,-0.3065629,-0.6881374,0.3953781,-0.5256338,-0.3063531,0,0,0.3357957,0.1279415,0.1081521,0.9260297,-0.2218694,0.2913021,0.09157481
107504,0.0166669,22.9436051566154,1.079957,0.09226209,-0.3056866,-0.688221,0.3964819,-0.524352,-0.3069349,0,0,0.3365629,0.1287321,0.1078545,0.9256047,-0.22236,0.2918276,0.09299806
107506,0.0166671,22.960272256285,1.081519,0.0916438,-0.3045076,0.6888769,-0.3962587,0.5232309,0.307664,0,0,0.3356865,0.1299574,0.1072621,0.925081,-0.2227671,0.2927272,0.09439713
107510,0.0166678,22.9769400563091,1.082958,0.09135446,-0.3037074,0.6881341,-0.3961336,0.5233452,0.3092885,0,0,0.3345076,0.1315188,0.1066438,0.9247144,-0.2240404,0.2926824,0.09511168
107514,0.0166671,22.9936071559787,1.084142,0.09111124,-0.302667,-0.6886263,0.3957736,-0.5225991,-0.3099149,0,0,0.3337074,0.1329582,0.1063545,0.9249942,-0.2238008,0.2915421,0.09644703
107516,0.0166669,23.0102740563452,1.085435,0.09089121,-0.302568,-0.6883153,0.3955421,-0.5218506,-0.3121546,0,0,0.3326669,0.1341417,0.1061112,0.9247796,-0.2247958,0.2913001,0.09692207
107520,0.0166665,23.0269405562431,1.08685,0.09049965,-0.3022659,0.688616,-0.3955129,0.5206217,0.3135773,0,0,0.3325679,0.1354352,0.1058912,0.9247761,-0.225468,0.2901259,0.09889619
107524,0.0166673,23.0436078570783,1.088364,0.08991225,-0.3021714,0.6886238,-0.3946452,0.5203969,0.3150231,0,0,0.3322659,0.1368499,0.1054997,0.924442,-0.2265964,0.2898089,0.100359
107528,0.0166671,23.0602749567479,1.090051,0.08979556,-0.3017633,0.6888736,-0.3937525,0.5195935,0.3169146,0,0,0.3321714,0.1383641,0.1049122,0.9245841,-0.2273224,0.2885046,0.1011625
107532,0.0166672,23.0769421570003,1.091683,0.08954258,-0.3016565,-0.6896985,0.3932509,-0.5175828,-0.3190263,0,0,0.3317633,0.1400514,0.1047956,0.9245354,-0.2286138,0.287182,0.1024522
107534,0.0166667,23.0936088562012,1.093378,0.0887123,-0.3018348,-0.6917771,0.3919502,-0.5165899,-0.3177332,0,0,0.3316565,0.1416828,0.1045426,0.9239711,-0.230832,0.2865245,0.1043922
107538,0.016667,23.1102758552879,1.095843,0.08781239,-0.3023869,-0.6917124,0.3913013,-0.5162196,-0.319272,0,0,0.3318348,0.1433781,0.1037123,0.9234336,-0.2330962,0.2870475,0.1026659
107540,0.0166661,23.126941954717,1.097486,0.08699277,-0.3022245,0.6937146,-0.3904266,0.5134351,0.3204866,0,0,0.3323869,0.1458433,0.1028124,0.9235075,-0.2337777,0.2858777,0.1037108
107544,0.0166673,23.1436092555523,1.099133,0.08560148,-0.3028056,0.6966473,-0.3890711,0.5107465,0.3200694,0,0,0.3322245,0.1474865,0.1019928,0.9224945,-0.237215,0.285924,0.1047875
107548,0.0166665,23.1602757554501,1.099949,0.08537981,-0.3036082,-0.6981049,0.3884567,-0.5080755,-0.3218857,0.00126603641547263,0,0.3328056,0.149133,0.1006015,0.9213203,-0.24115,0.286659,0.104126
107552,0.0166671,23.1769428551197,1.100577,0.0846484,-0.3045255,0.6992222,-0.3894446,0.5058467,0.3217767,0.00108505820389837,0,0.3336082,0.1499491,0.1003798,0.9204073,-0.2441476,0.2864141,0.1058742
107554,0.0166666,23.1936094556004,1.101271,0.08428138,-0.3050507,-0.6995029,0.3897752,-0.5047327,-0.3225149,0.00646861782297492,0,0.3345254,0.1505767,0.0996484,0.9193597,-0.2456977,0.2881104,0.1067834
107558,0.0166671,23.21027655527,1.102469,0.08344191,-0.3053387,-0.7014619,0.3891155,-0.502435,-0.3226447,0.00499552208930254,0,0.3350506,0.1512707,0.09928139,0.9189465,-0.2464834,0.2883632,0.1078424
107560,0.0166669,23.2269434556365,1.103423,0.08273169,-0.3050581,-0.7031443,0.3875833,-0.5017229,-0.3219339,0.00738286972045898,0,0.3353387,0.1524687,0.09844188,0.9179642,-0.2493495,0.2889645,0.10801
107564,0.0166678,23.2436112556607,1.105111,0.08113781,-0.3051204,0.7040815,-0.3868819,0.5021024,0.3201325,0.00924069341272116,0,0.3350581,0.1534232,0.09773169,0.9176137,-0.2513789,0.2888356,0.1066198
107566,0.0166662,23.2602774556726,1.106075,0.08019251,-0.3055757,-0.704302,0.3869595,-0.5026029,-0.3187654,0.0185017101466656,0,0.3351203,0.1551105,0.09613781,0.917571,-0.2517892,0.2893716,0.1045457
107572,0.0166668,23.2769442554563,1.106746,0.07869244,-0.3062066,0.7060365,-0.3884035,0.5007983,0.3160004,0.0212567020207644,0,0.3355757,0.1560748,0.09519248,0.9176078,-0.2514048,0.2900395,0.1032893
107574,0.0166667,23.2936109546572,1.107234,0.07774619,-0.3066497,-0.706619,0.3890926,-0.5002568,-0.3147058,0.0182982459664345,0,0.3362066,0.1567462,0.09369244,0.9163567,-0.2525061,0.2934572,0.1020495
107578,0.0166675,23.3102784547955,1.107661,0.07664326,-0.3076866,0.7074316,-0.3904973,0.4992183,0.3127835,0.0197621639817953,0,0.3366497,0.1572339,0.09274618,0.915904,-0.2526955,0.2949221,0.1014193
107580,0.0166672,23.3269456550479,1.107715,0.07648713,-0.3082038,0.7096136,-0.3902765,0.4978343,0.3103125,0.0204130001366138,0,0.3376866,0.1576613,0.09164326,0.9151065,-0.2529127,0.2974285,0.1007549
107586,0.0166664,23.3436120543629,1.108226,0.07597628,-0.3092681,-0.713143,0.3898534,-0.4960851,-0.3055177,0.0224162191152573,0,0.3382038,0.1577154,0.09148712,0.9141355,-0.2548104,0.2994689,0.0987241
107588,0.0166663,23.3602783549577,1.10808,0.07594278,-0.3102021,-0.7135327,0.3923971,-0.4943849,-0.304104,0.0274274758994579,0,0.339268,0.1582256,0.09097628,0.9126566,-0.2575011,0.3029844,0.09461319
107590,0.016668,23.3769463542849,1.108291,0.07543138,-0.3102385,-0.7145576,0.3946501,-0.4923609,-0.3020588,0.0202415399253368,0,0.3402021,0.1580804,0.09094281,0.9115666,-0.2574106,0.3061419,0.09520115
107594,0.0166661,23.393612453714,1.108858,0.0746654,-0.3102786,0.7161967,-0.3953352,0.4908414,0.2997453,0.0178380236029625,0,0.3402385,0.1582909,0.09043138,0.9102374,-0.2579334,0.3096578,0.0951333
107598,0.0166676,23.4102800544351,1.109158,0.07386708,-0.3100647,-0.7183673,0.395685,-0.4892111,-0.2967396,0.0185489878058434,0,0.3402786,0.1588581,0.0896654,0.9091575,-0.2591881,0.3121748,0.09381416
107600,0.0166668,23.4269468542188,1.109296,0.07327974,-0.3095291,-0.7188014,0.3967346,-0.4877336,-0.2967192,0.0193365588784218,0,0.3400647,0.1591578,0.08886711,0.907926,-0.2608778,0.3149616,0.09171936
107604,0.0166671,23.4436139538884,1.109338,0.07278562,-0.308878,-0.7203152,0.3962844,-0.4861817,-0.296196,0.0217234212905169,0,0.339529,0.1592959,0.08827974,0.9071918,-0.2615393,0.3162645,0.09261339
107608,0.0166665,23.4602804537863,1.110016,0.07175079,-0.3076302,-0.7202292,0.3960307,-0.4862089,-0.2966994,0.0231016334146261,0,0.338878,0.1593383,0.08778559,0.9064042,-0.2634937,0.3170187,0.09220441
107610,0.0166672,23.4769476540387,1.110187,0.07112178,-0.3074151,-0.7200974,0.3965073,-0.4861546,-0.2964717,0.0240109395235777,0,0.3376302,0.1600159,0.08675082,0.9065053,-0.263611,0.316549,0.09248938
107614,0.016668,23.4936156533659,1.110522,0.07037333,-0.3070956,0.7205439,-0.3965809,0.4854637,0.2964206,0.0246441345661879,0,0.337415,0.1601872,0.08612178,0.9064253,-0.2633181,0.3169946,0.09258121
107618,0.0166658,23.5102814529091,1.110708,0.06978047,-0.3074312,0.7206973,-0.3972029,0.4847813,0.2963315,0.0292973462492228,0,0.3370956,0.1605224,0.08537333,0.9060909,-0.2639541,0.3173812,0.09271901
107620,0.0166673,23.5269487537444,1.110307,0.06927818,-0.3077677,0.7206912,-0.3979727,0.4842778,0.2961367,0.0331703126430511,0,0.3374311,0.1607077,0.08478047,0.9057319,-0.2641578,0.3181113,0.09314388
107624,0.0166664,23.5436151530594,1.110493,0.06888181,-0.3075584,-0.7213976,0.3974951,-0.484327,-0.2949754,0.0404232069849968,0,0.3377677,0.1603065,0.08427818,0.9054337,-0.2640785,0.3189123,0.09352748
107628,0.0178901,23.5615052524954,1.110287,0.06752634,-0.3070224,0.7223883,-0.3972881,0.4839572,0.2934328,0.0479540415108204,0,0.3375584,0.1604926,0.08388178,0.9052953,-0.2645234,0.3193159,0.09222423
107630,0.0166677,23.5781729519367,1.110676,0.06630647,-0.3072187,-0.7227666,0.3972137,-0.4838776,-0.2927324,0.0493621379137039,0,0.3370224,0.1602866,0.08252631,0.9048876,-0.2652101,0.3202992,0.09083284
107634,0.0166676,23.5948405526578,1.110831,0.06505519,-0.3062617,0.7236137,-0.396607,0.484003,0.2912514,0.0544767417013645,0,0.3372187,0.1606761,0.08130647,0.9047424,-0.2654178,0.3207172,0.09019502
107638,0.0166668,23.6115073524415,1.110653,0.0641402,-0.3055994,0.7235139,-0.3966107,0.4848509,0.2900814,0.0588056407868862,0,0.3362616,0.160831,0.08005516,0.9045904,-0.2659125,0.3212014,0.08852405
107642,0.0166668,23.6281741522253,1.110407,0.06304941,-0.3051193,-0.7236639,0.3969416,-0.4841518,-0.2904222,0.0599630400538445,0,0.3355994,0.1606527,0.0791402,0.9048022,-0.2651833,0.3215327,0.08733622
107644,0.0166666,23.6448407527059,1.109672,0.06224299,-0.3042559,0.7235519,-0.3977177,0.4840215,0.2898558,0.0550893172621727,0,0.3351192,0.1604065,0.07804941,0.9045148,-0.2655864,0.3218363,0.08796822
107650,0.0166672,23.6615079529583,1.109287,0.06150252,-0.302773,0.7236161,-0.3995347,0.483112,0.2887117,0.0480585396289825,0,0.3342559,0.1596723,0.07724299,0.9043317,-0.2651672,0.3226983,0.08795691
107652,0.0172723,23.6787802521139,1.109059,0.06094992,-0.3026212,0.723332,-0.3996446,0.4839858,0.2878068,0.0412282757461071,0,0.3327729,0.1592869,0.07650252,0.9036453,-0.264763,0.324876,0.0882121
107656,0.0166687,23.6954489517957,1.108743,0.06054292,-0.302188,-0.7230366,0.4000666,-0.48415,-0.2876869,0.0384719297289848,0,0.3326212,0.1590595,0.07594989,0.9039062,-0.2638978,0.3250971,0.08731235
107658,0.016666,23.7121149525046,1.108207,0.05987442,-0.3018549,0.7228292,-0.4006591,0.4842255,0.2872562,0.0319387763738632,0,0.332188,0.1587431,0.07554291,0.9039465,-0.2634169,0.3253454,0.08742271
107662,0.0166678,23.7287827525288,1.108122,0.05909652,-0.3014746,0.7226288,-0.4016893,0.4831153,0.2881891,0.0280474461615086,0,0.3318549,0.1582066,0.07487442,0.9038874,-0.2629198,0.3259224,0.08738089
107664,0.0166656,23.745448352769,1.10739,0.05810052,-0.3008018,-0.7223824,0.4025161,-0.4836179,-0.2868071,0.0241725761443377,0,0.3314745,0.1581215,0.07409652,0.9034715,-0.2631259,0.3264644,0.08902272
107668,0.0209671,23.7664154525846,1.107901,0.05683053,-0.2994194,0.7226257,-0.4028099,0.4839397,0.2852346,0.0177965983748436,0,0.3308017,0.1573897,0.07310052,0.9034489,-0.262111,0.3275635,0.08820517
107672,0.0166698,23.7830852530897,1.108031,0.05583582,-0.298335,0.7219387,-0.4027199,0.4859444,0.2836889,0.00969404447823763,0,0.3294194,0.1579012,0.0718305,0.9033318,-0.2617083,0.3285435,0.08694591
107676,0.0166654,23.7997506521642,1.107767,0.05422944,-0.2966025,-0.7212273,0.4038204,-0.4857629,-0.284244,0.0102219916880131,0,0.328335,0.1580306,0.07083581,0.9040244,-0.2599294,0.3285223,0.08514496
107678,0.016668,23.8164186514914,1.10759,0.05305201,-0.2954603,-0.7210467,0.4040767,-0.4862092,-0.283574,0.00818006135523319,0,0.3266025,0.157767,0.06922944,0.9039812,-0.2591947,0.3289171,0.08631156
107682,0.0166663,23.8330849520862,1.107747,0.05241186,-0.2949212,-0.7204879,0.4042937,-0.4877908,-0.2819647,0.00653674872592092,0,0.3254602,0.1575902,0.06805201,0.9040691,-0.2586105,0.3292717,0.08579049
107684,0.0166663,23.849751252681,1.107731,0.05159974,-0.2942331,0.7195719,-0.4055665,0.4885145,0.2812218,0.00665883161127567,0,0.3249212,0.1577473,0.06741188,0.9045345,-0.2570092,0.3296568,0.08420244
107688,0.0166672,23.8664184529334,1.107257,0.05174133,-0.2936815,-0.7183954,0.4072421,-0.4876572,-0.2832886,0.00580020993947983,0,0.324233,0.1577309,0.06659974,0.9046909,-0.2553499,0.330526,0.08416241
107692,0.0166668,23.8830852527171,1.107149,0.05141479,-0.2923484,0.7184913,-0.4075711,0.4875206,0.2828067,0.00528654688969254,0,0.3236815,0.1572574,0.0667413,0.9045509,-0.2546943,0.3306495,0.08711771
107694,0.0166668,23.8997520525008,1.107346,0.05088064,-0.2914939,0.7173442,-0.4081425,0.4872544,0.2853422,0.00316936010494828,0,0.3223484,0.1571493,0.06641473,0.9043925,-0.2546147,0.3311955,0.08692061
107698,0.0166671,23.9164191521704,1.107541,0.0507077,-0.29085,0.7172223,-0.4083949,0.4868194,0.2860292,0.00178360659629107,0,0.3214939,0.157346,0.06588064,0.9046528,-0.2541912,0.3301169,0.0895152
107702,0.0166673,23.9330864530057,1.10765,0.05090043,-0.2896237,0.7168245,-0.4090524,0.4861198,0.287274,0.00117765355389565,0,0.32085,0.1575413,0.0657077,0.9045485,-0.2543602,0.3300454,0.09034902
107706,0.0166678,23.9497542530298,1.107813,0.05099392,-0.2886873,0.716311,-0.4098341,0.4850319,0.2892728,0,0,0.3196237,0.1576498,0.06590046,0.9043896,-0.2544169,0.3299919,0.09196093
107708,0.0166656,23.9664198532701,1.108009,0.05117536,-0.288105,0.7158158,-0.4094763,0.4855373,0.2901558,0,0,0.3186873,0.1578134,0.06599392,0.9041615,-0.2546844,0.3297273,0.09438156
107712,0.0166679,23.983087753877,1.108267,0.05172387,-0.2878384,0.7157381,-0.4092082,0.4849029,0.2917823,0,0,0.318105,0.1580086,0.06617536,0.9045554,-0.2543759,0.3287526,0.09483782
107714,0.0166657,23.9997534547001,1.107788,0.05228379,-0.2881889,0.7153549,-0.409526,0.4840517,0.2936834,0.0029125118162483,0,0.3178384,0.1582672,0.0667239,0.9045293,-0.2550572,0.3278927,0.09622394
107718,0.0166676,24.0164210554212,1.108109,0.05240485,-0.2882407,0.7146869,-0.4096558,0.4848449,0.2938202,0.00371893146075308,0,0.3181888,0.1577882,0.06728382,0.9044129,-0.2554563,0.3273043,0.09824078
107722,0.0166668,24.0330878552049,1.108171,0.05238265,-0.2873496,-0.7143793,0.4098717,-0.4847528,-0.2944185,0.00632561324164271,0,0.3182407,0.1581087,0.06740485,0.9047978,-0.2545468,0.326938,0.09827766
107726,0.0166671,24.0497549548745,1.108043,0.05251727,-0.2877288,0.7133468,-0.4105994,0.485517,0.2946483,0.00790563970804214,0,0.3173495,0.1581706,0.06738265,0.9048366,-0.2544034,0.3267405,0.09894592
107728,0.0166664,24.0664213541895,1.108559,0.05238944,-0.2872021,-0.7126574,0.4113832,-0.4856911,-0.2949365,0.00860478356480598,0,0.3177287,0.158043,0.06751727,0.9051903,-0.2530344,0.3266788,0.09942432
107732,0.0166682,24.0830895546824,1.108043,0.05263945,-0.2868839,0.712577,-0.4126163,0.4858693,0.2931089,0.0121237561106682,0,0.317202,0.1585589,0.06738944,0.9052745,-0.2522028,0.3268807,0.1001053
107734,0.0166661,24.0997556541115,1.10792,0.05262569,-0.2864889,0.7125677,-0.4140959,0.4852412,0.2920839,0.013761998154223,0,0.3168839,0.1580428,0.06763946,0.9050084,-0.251232,0.3286344,0.09920539
107738,0.0166671,24.1164227537811,1.107598,0.0522851,-0.2856135,0.7118996,-0.4153253,0.4855621,0.2914333,0.0152870463207364,0,0.3164889,0.1579204,0.06762572,0.9044763,-0.2507819,0.3304056,0.09931432
107742,0.0166663,24.1330890543759,1.107472,0.05225682,-0.284844,0.7106563,-0.4165175,0.4867822,0.2907302,0.0130398152396083,0,0.3156135,0.1575977,0.06728508,0.9044557,-0.2495401,0.3313712,0.09941252
107746,0.0166676,24.149756655097,1.107551,0.05222464,-0.2837132,0.7100582,-0.4167998,0.4879108,0.2898937,0.00893497094511986,0,0.314844,0.1574717,0.06725682,0.9048443,-0.2474291,0.3319372,0.09926444
107748,0.0166662,24.166422855109,1.107184,0.05242836,-0.2819768,0.7092905,-0.4181131,0.488681,0.2885816,0,0,0.3137132,0.1575506,0.06722467,0.9052194,-0.2461536,0.3320969,0.09847827
107752,0.0166655,24.1830883547664,1.106918,0.05292144,-0.2809805,0.7092604,-0.4176221,0.4902654,0.2866729,0,0,0.3119768,0.1571843,0.06742837,0.9052925,-0.2444513,0.3333054,0.09796283
107756,0.0166668,24.1997551545501,1.106899,0.05307585,-0.2795439,-0.7090836,0.4183141,-0.4892427,-0.2878462,0,0,0.3109805,0.1569179,0.06792144,0.9057498,-0.2434441,0.333459,0.09569397
107760,0.0166703,24.216425454244,1.107232,0.05351821,-0.2781698,0.7081148,-0.4197233,0.4889382,0.2886959,0.00267891329713166,0,0.3095439,0.1568992,0.06807582,0.9054237,-0.2437975,0.3336129,0.09733028
107762,0.0166647,24.2330901548266,1.107579,0.05354881,-0.2770497,0.7077455,-0.4199233,0.4894985,0.2883609,0.0070622363127768,0,0.3081698,0.1572316,0.06851821,0.905333,-0.2428752,0.334049,0.09897059
107766,0.0166672,24.2497573550791,1.108167,0.05354702,-0.2766618,0.7076796,-0.4196748,0.4899384,0.288137,0.0117103131487966,0,0.3070497,0.1575788,0.06854878,0.9055263,-0.2421818,0.3341125,0.09868685
107768,0.0166669,24.2664242554456,1.108283,0.05407351,-0.2763861,0.7073218,-0.4199139,0.4903687,0.2879353,0.00926371105015278,0,0.3066617,0.1581671,0.06854703,0.9057085,-0.2419623,0.3339042,0.09825663
107772,0.0166687,24.2830929551274,1.109173,0.05373645,-0.2761653,0.7076609,-0.4198884,0.4899531,0.2878467,0.00245956773869693,0,0.3063861,0.1582832,0.06907348,0.90586,-0.2413542,0.3339683,0.09813833
107776,0.0166656,24.2997585553676,1.109635,0.05379453,-0.2761391,0.7076353,-0.4198546,0.4902113,0.2875192,0,0,0.3061653,0.1591727,0.06873645,0.9056566,-0.2418037,0.3341976,0.09812802
107778,0.0166669,24.3164254557341,1.109887,0.05395341,-0.2763976,-0.7076439,0.42,-0.4899243,-0.2877747,0,0,0.3061391,0.1596349,0.06879453,0.9057258,-0.2416038,0.3342594,0.09777142
107782,0.0166669,24.3330923561007,1.110707,0.05368409,-0.2762628,0.7079497,-0.4201814,0.4889146,0.2884741,0,0,0.3063976,0.1598865,0.06895341,0.9056252,-0.2417494,0.334319,0.09813752
107784,0.0166666,24.3497589565814,1.111176,0.05353877,-0.2762019,-0.7089312,0.4213179,-0.4881573,-0.285675,0,0,0.3062628,0.1607072,0.06868409,0.9052596,-0.2425495,0.3344592,0.09905475
107788,0.016667,24.3664259556681,1.111661,0.05327729,-0.2757771,0.7102397,-0.4215133,0.4872036,0.2837584,0,0,0.3062019,0.161176,0.06853877,0.9043984,-0.2426709,0.3371633,0.09744372
107792,0.0166689,24.3830948565155,1.112114,0.05313784,-0.2752885,0.7115157,-0.4211808,0.4860882,0.2829674,0,0,0.3057771,0.161661,0.06827725,0.9036391,-0.2436586,0.3388737,0.09608153
107796,0.0167239,24.3998187556863,1.112897,0.05240795,-0.2749146,-0.7126536,0.422312,-0.4844034,-0.2813022,0,0,0.3052884,0.1621136,0.06813781,0.9030147,-0.2451237,0.3396681,0.09541759
107798,0.0166692,24.4164879564196,1.113413,0.05196244,-0.274223,-0.7127186,0.4226487,-0.4839906,-0.2813421,0,0,0.3049146,0.1628969,0.06740795,0.901893,-0.2460486,0.3420933,0.09498084
107802,0.0166661,24.4331540558487,1.114073,0.05147988,-0.2730039,-0.7134463,0.4224218,-0.4833805,-0.280887,0,0,0.304223,0.1634127,0.06696244,0.9016868,-0.2461842,0.3424505,0.09529882
107804,0.0166665,24.4498205557466,1.114592,0.05151859,-0.2723356,0.7136966,-0.4233626,0.4830649,0.2793737,0,0,0.3030039,0.1640729,0.06647985,0.9013417,-0.2470196,0.3428706,0.09489065
107808,0.0166672,24.466487755999,1.114689,0.0509629,-0.2714839,-0.7147263,0.4238434,-0.4818782,-0.2780587,0,0,0.3023356,0.1645921,0.06651856,0.9008893,-0.2467083,0.3444704,0.09420034
107812,0.0166719,24.4831596557051,1.115088,0.0507187,-0.2710768,0.7149152,-0.4237098,0.4814403,0.2785347,0,0,0.3014838,0.1646895,0.0659629,0.900088,-0.2476177,0.3460767,0.09358424
107816,0.0166621,24.4998217560351,1.115266,0.05012095,-0.2707388,-0.7157071,0.4243309,-0.4805789,-0.2770388,0,0,0.3010768,0.1650878,0.06571867,0.8999698,-0.2481199,0.3459102,0.09400597
107818,0.016667,24.5164887551218,1.115328,0.05033475,-0.2704818,-0.7159365,0.4240979,-0.4804722,-0.2769879,0,0,0.3007388,0.1652657,0.06512095,0.8992798,-0.2486029,0.347558,0.09325212
107822,0.0166668,24.5331555549055,1.115129,0.04999587,-0.2701921,0.7161448,-0.4247595,0.4799308,0.2763738,0,0,0.3004817,0.1653282,0.06533475,0.8992353,-0.2489025,0.3475019,0.09309071
107824,0.0166673,24.5498228557408,1.115484,0.05009183,-0.2701281,0.7159228,-0.4250314,0.479432,0.2773947,0,0,0.3001921,0.165129,0.0649959,0.8988384,-0.2489557,0.3484971,0.09306197
107828,0.0166669,24.5664897561073,1.115268,0.04975775,-0.27073,0.716374,-0.4248846,0.4789402,0.2773043,0,0,0.300128,0.1654839,0.06509183,0.8987576,-0.2491416,0.3482638,0.09421029
107832,0.0166672,24.5831569563597,1.115715,0.04980782,-0.2717418,-0.7163959,0.4250633,-0.4783077,-0.2780647,0,0,0.30073,0.1652676,0.06475775,0.8985199,-0.2497565,0.3484545,0.0941441
107836,0.017623,24.6007799562067,1.115505,0.04983211,-0.2720552,0.7172251,-0.4256941,0.4762593,0.2784777,0,0,0.3017418,0.1657153,0.06480782,0.8983377,-0.2501719,0.3483837,0.09503841
107838,0.0173774,24.6181573569775,1.115316,0.05025193,-0.2722804,0.7173771,-0.4254654,0.4764311,0.2781418,0,0,0.3020551,0.1655051,0.06483211,0.8974007,-0.2516493,0.349417,0.09618907
107842,0.0166697,24.6348270568997,1.115095,0.0512718,-0.2729408,0.7192329,-0.4239068,0.4766663,0.2753112,0,0,0.3022804,0.1653164,0.06525193,0.8974401,-0.2516947,0.3494104,0.09572636
107846,0.0166661,24.6514931563288,1.114572,0.05255523,-0.2723829,0.7193039,-0.4235744,0.4755032,0.2776388,0,0,0.3029407,0.1650955,0.06627177,0.8971703,-0.252967,0.3501066,0.09229642
107850,0.0166661,24.6681592557579,1.113431,0.05369383,-0.2717124,0.7192383,-0.4235479,0.4751335,0.2784809,0,0,0.3023828,0.1645724,0.06755523,0.8970293,-0.2541862,0.3490349,0.09435339
107852,0.0166682,24.6848274562508,1.112863,0.05456305,-0.270625,0.7189297,-0.4233348,0.4753656,0.2792048,0,0,0.3017123,0.1634305,0.06869383,0.8969959,-0.2544993,0.3486778,0.09514337
107856,0.016666,24.7014934569597,1.11163,0.05587709,-0.2697282,0.7185386,-0.4231898,0.4761131,0.2791577,0,0,0.3006249,0.1628632,0.06956305,0.8972389,-0.25438,0.3480149,0.0955972
107860,0.0166677,24.718161156401,1.111306,0.05684135,-0.2696229,-0.716593,0.4241476,-0.476456,-0.2821048,0,0,0.2997282,0.1616301,0.07087706,0.8975939,-0.2537645,0.3476254,0.09531742
107862,0.0166662,24.734827356413,1.110364,0.05824745,-0.2691242,-0.7162209,0.4237297,-0.47732,-0.2822171,0,0,0.2996229,0.1613061,0.07184134,0.898185,-0.2523856,0.3462476,0.09837633
107866,0.0166695,24.7514968570322,1.109577,0.05924368,-0.2687341,0.7146071,-0.4241627,0.4786111,0.2834682,0,0,0.2991241,0.1603644,0.07324745,0.8986365,-0.2518598,0.3455512,0.0980493
107870,0.0166648,24.768161656335,1.10878,0.06048056,-0.2696392,0.7127811,-0.4235416,0.4814951,0.2841094,0,0,0.298734,0.1595774,0.07424368,0.8994222,-0.2501127,0.3444649,0.09913286
107872,0.0166667,24.7848283555359,1.108091,0.06210276,-0.2701237,0.7113529,-0.4222254,0.4833213,0.2865369,0,0,0.2996392,0.1587804,0.07548054,0.9009163,-0.2476888,0.342419,0.09873813
107876,0.0211236,24.8059519547969,1.107931,0.06275767,-0.2713761,0.7097405,-0.4220681,0.4857946,0.2865844,0,0,0.3001236,0.158091,0.07710277,0.902238,-0.2466999,0.339361,0.09969926
107880,0.0166673,24.8226192556322,1.107518,0.06361565,-0.2721121,0.7088313,-0.4213013,0.4881848,0.2859005,0,0,0.301376,0.1579311,0.07775767,0.9034044,-0.2443456,0.3381191,0.09915268
107884,0.0166681,24.8392873555422,1.107643,0.06432676,-0.2739823,0.7077292,-0.4208461,0.4891536,0.2876398,0,0,0.3021121,0.1575182,0.07861565,0.904448,-0.2426343,0.3370042,0.09762474
107886,0.0166806,24.8559679556638,1.107778,0.06501997,-0.2756526,-0.7064133,0.4206556,-0.4906073,-0.2886756,0,0,0.3039823,0.1576427,0.07932676,0.9051978,-0.2418533,0.3352416,0.09867661
107890,0.0166682,24.8726361561567,1.108017,0.06546295,-0.2769609,-0.7058942,0.4209415,-0.4901962,-0.290223,0,0,0.3056525,0.1577783,0.08001997,0.9060403,-0.2404335,0.3338358,0.09917901
107892,0.0166656,24.8893017563969,1.108165,0.06609124,-0.2782108,-0.7048882,0.4209101,-0.4904667,-0.2922496,0,0,0.3069609,0.1580173,0.08046298,0.9060754,-0.240455,0.3332451,0.1007802
107898,0.0166682,24.9059699568897,1.108651,0.06596494,-0.2795972,-0.7043059,0.4203092,-0.4906655,-0.2941784,0,0,0.3082108,0.1581648,0.08109124,0.9065146,-0.2399905,0.331865,0.1024772
107900,0.0166647,24.9226346574724,1.110056,0.06546101,-0.2806412,-0.70403,0.4202077,-0.490781,-0.2947901,0,0,0.3095971,0.1586513,0.08096494,0.9069383,-0.2400682,0.3302471,0.1037644
107904,0.0166684,24.9393030572683,1.110711,0.06387606,-0.2811427,-0.7049757,0.419814,-0.4900885,-0.2942429,0,0,0.3106411,0.1600561,0.08046098,0.9070905,-0.239966,0.3297608,0.1042158
107906,0.0171425,24.9564455579966,1.110826,0.06423309,-0.2814866,-0.7056642,0.4188004,-0.4897325,-0.2946291,0,0,0.3111427,0.1607109,0.07887609,0.9067145,-0.2410486,0.3301868,0.1036389
107912,0.0166722,24.9731177575886,1.110385,0.06383654,-0.2820421,-0.7050852,0.4200405,-0.4899372,-0.2939088,0,0,0.3114865,0.1608261,0.0792331,0.9066721,-0.2421905,0.3295288,0.1034422
107914,0.0180294,24.9911471568048,1.110209,0.06436938,-0.282713,-0.7047818,0.4205419,-0.48944,-0.2947468,0,0,0.3120421,0.160385,0.07883655,0.9065802,-0.2410541,0.3305913,0.1035118
107918,0.0204559,25.0116030573845,1.109606,0.06456962,-0.2824327,0.7044146,-0.4193706,0.4902715,0.295909,0,0,0.312713,0.1602092,0.07936935,0.9064488,-0.2410561,0.3305947,0.1046414
107920,0.0166679,25.0282709579915,1.10969,0.06465507,-0.2829256,-0.7039175,0.4196087,-0.4903816,-0.2965716,0,0,0.3124327,0.1596056,0.07956962,0.9070787,-0.2410387,0.3288261,0.1047949
107924,0.0166672,25.0449381582439,1.109169,0.06564236,-0.2847643,0.7015156,-0.4205272,0.4915857,0.2989585,0,0,0.3129256,0.1596901,0.07965504,0.9072145,-0.2406586,0.3285061,0.1054947
107926,0.0166667,25.0616048574448,1.109316,0.06599253,-0.2851533,-0.7014167,0.4197377,-0.4923433,-0.2990535,0,0,0.3147643,0.1591688,0.08064236,0.9080638,-0.2384122,0.3270143,0.1078959
107932,0.0166667,25.0782715566456,1.110486,0.06675178,-0.2859087,-0.6993365,0.4187918,-0.4978058,-0.2961945,0,0,0.3151532,0.1593165,0.08099253,0.908473,-0.2382755,0.3261528,0.1073595
107934,0.0166669,25.0949384570122,1.110816,0.06782278,-0.2865772,-0.6994503,0.4179131,-0.4975885,-0.2975293,0,0,0.3159086,0.1604858,0.08175178,0.9105814,-0.2338018,0.3248414,0.1032296
107938,0.0166669,25.1116053573787,1.111523,0.0684787,-0.2872196,0.6991269,-0.4166429,0.4984227,0.2986724,0,0,0.3165771,0.1608157,0.08282275,0.9107378,-0.234587,0.3236158,0.1039155
107940,0.0166672,25.1282725576311,1.112429,0.06943861,-0.2870038,-0.6988149,0.4147504,-0.4995181,-0.3002025,0,0,0.3172196,0.1615227,0.08347867,0.9113622,-0.2346331,0.3217932,0.1039973
107946,0.0166672,25.1449397578835,1.113083,0.070737,-0.286835,-0.6980777,0.4128047,-0.5002349,-0.3033889,0,0,0.3170037,0.1624292,0.08443861,0.9121963,-0.2348659,0.3192496,0.1039984
107948,0.0166667,25.1616064570844,1.113659,0.07157472,-0.2868035,-0.6978474,0.4117197,-0.4997078,-0.3062483,0,0,0.316835,0.1630834,0.08573703,0.9130992,-0.2353203,0.3158243,0.1054956
107952,0.0166683,25.1782747562975,1.11422,0.07270205,-0.2873221,-0.6970871,0.4106671,-0.5000874,-0.3087634,0,0,0.3168035,0.1636589,0.08657472,0.9133373,-0.236383,0.3136719,0.1074618
107954,0.0166651,25.1949398554862,1.115433,0.07279888,-0.2874604,-0.697336,0.4091954,-0.499801,-0.3106132,0,0,0.3173221,0.16422,0.08770205,0.9139253,-0.2365206,0.3113251,0.108973
107960,0.0228619,25.2178017552942,1.115514,0.07332852,-0.2875741,0.6981996,-0.4095651,0.498925,0.3095926,0,0,0.3174603,0.1654335,0.08779885,0.9141415,-0.2377619,0.3094561,0.1097799
107962,0.0166681,25.2344698552042,1.115807,0.07382409,-0.2881356,0.6978583,-0.4097505,0.4986529,0.3105536,0,0,0.3175741,0.1655136,0.08832853,0.9135842,-0.2384983,0.3107128,0.1092704
107966,0.0166666,25.2511364556849,1.116158,0.07431218,-0.2883219,0.6976697,-0.4091803,0.4980071,0.3127577,0,0,0.3181355,0.1658072,0.08882408,0.9135858,-0.238502,0.3103491,0.1102784
107968,0.0166667,25.2678031548858,1.11637,0.07438672,-0.2884592,0.6972176,-0.4091964,0.4980037,0.3137487,0,0,0.3183218,0.1661584,0.08931218,0.9136342,-0.2393319,0.3089466,0.112004
107972,0.0166676,25.2844707556069,1.116233,0.07492375,-0.2885596,-0.6964816,0.4095884,-0.4984721,-0.3141278,0,0,0.3184592,0.1663697,0.08938672,0.9137681,-0.2391885,0.3083395,0.112887
107974,0.0166663,25.3011370562017,1.116278,0.07524041,-0.2882953,0.6965225,-0.4097924,0.4981476,0.3142858,0,0,0.3185596,0.1662332,0.08992375,0.9140078,-0.2383388,0.3081121,0.113364
107980,0.0166673,25.3178043570369,1.115754,0.07620263,-0.2882718,0.6960739,-0.4105868,0.4977943,0.3148024,0,0,0.3182953,0.1662781,0.09024043,0.9138718,-0.2384858,0.3082826,0.113687
107982,0.0166664,25.3344707563519,1.115403,0.07664871,-0.2883645,0.695891,-0.4105448,0.4977866,0.315273,0,0,0.3182718,0.1657537,0.09120263,0.913737,-0.2381353,0.3085841,0.114683
107986,0.016668,25.3511387556791,1.114791,0.07761738,-0.2881738,-0.6951085,0.4106911,-0.4981414,-0.316247,0,0,0.3183644,0.1654032,0.09164871,0.9138,-0.2381122,0.3082694,0.1150744
107988,0.0166678,25.3678065557033,1.114845,0.07781256,-0.2879904,0.6947987,-0.4110902,0.4982428,0.3162496,0,0,0.3181738,0.1647914,0.09261738,0.9140825,-0.2374935,0.3075798,0.1159521
107992,0.0166658,25.3844723552465,1.114928,0.07802701,-0.2879254,0.6944529,-0.4117246,0.4980811,0.3164385,0,0,0.3179903,0.1648449,0.09281255,0.9141044,-0.2370653,0.3077616,0.1161726
107996,0.0166668,25.4011391550303,1.115082,0.07774028,-0.2878954,0.694331,-0.41176,0.4983334,0.3162625,0,0,0.3179253,0.1649283,0.09302701,0.9140192,-0.2366904,0.3080851,0.1167482
108000,0.018573,25.4197121541947,1.11522,0.07783369,-0.287506,0.6939611,-0.4114525,0.4989901,0.3164391,0,0,0.3178954,0.1650824,0.09274031,0.9141064,-0.2364265,0.3080982,0.1165656
108002,0.0166673,25.43637945503,1.115431,0.07771546,-0.2873968,-0.6939088,0.4109639,-0.4995477,-0.3163091,0,0,0.317506,0.1652201,0.09283368,0.9144427,-0.2359749,0.3075037,0.1164121
108006,0.0166677,25.4530471544713,1.115611,0.07762167,-0.2874611,-0.6936517,0.4108824,-0.4997437,-0.316669,0,0,0.3173968,0.1654306,0.09271543,0.914704,-0.2358149,0.3070427,0.1158994
108008,0.016667,25.469714153558,1.115611,0.07736189,-0.2874728,0.6932536,-0.4109055,0.5001023,0.3169446,0,0,0.3174611,0.1656112,0.09262167,0.9148448,-0.2356283,0.3066789,0.1161309
108014,0.0166668,25.4863809533417,1.116132,0.07647526,-0.2880005,-0.6933429,0.4098596,-0.5006214,-0.3172837,0,0,0.3174728,0.1656106,0.09236188,0.9150405,-0.2352004,0.306352,0.1163192
108016,0.0166673,25.503048254177,1.116396,0.07567829,-0.2881418,-0.6927406,0.409182,-0.5011708,-0.318604,0,0,0.3180004,0.1661319,0.09147526,0.9153802,-0.2354647,0.3052927,0.1158961
108020,0.0166668,25.5197150539607,1.117237,0.07456318,-0.2886883,-0.6917734,0.4091707,-0.5002945,-0.3220783,0,0,0.3181417,0.1663958,0.09067829,0.915841,-0.2352577,0.3038163,0.1165534
108022,0.016667,25.5363820530474,1.117536,0.07344055,-0.2893947,-0.6914907,0.4094889,-0.4994001,-0.3236649,0,0,0.3186883,0.1672366,0.08956315,0.9159076,-0.2356663,0.3020371,0.1197841
108026,0.0166664,25.5530484523624,1.118058,0.07209659,-0.2904034,-0.6906907,0.4103144,-0.4986776,-0.3254369,0,0,0.3193946,0.1675356,0.08844052,0.9156953,-0.2360962,0.3016404,0.1215479
108028,0.0166673,25.5697157531977,1.118192,0.07123008,-0.2908154,-0.6907856,0.4107231,-0.4983138,-0.3252771,0,0,0.3204033,0.1680585,0.08709662,0.91555,-0.2359043,0.3013373,0.1237464
108034,0.016667,25.5863827522844,1.118099,0.07047674,-0.290984,-0.6905214,0.4107631,-0.4983152,-0.3257848,0,0,0.3208154,0.168192,0.08623008,0.9153425,-0.235972,0.301844,0.1239182
108038,0.0166659,25.6030486524105,1.118329,0.06932026,-0.2911943,0.6902655,-0.41128,0.4974426,0.3270064,0,0,0.320984,0.1680993,0.08547671,0.9154053,-0.2358605,0.3015459,0.1243914
108040,0.0251603,25.6282089520246,1.118413,0.06846699,-0.2913903,-0.6897227,0.4120201,-0.4968851,-0.3280658,0,0,0.3211943,0.1683294,0.08432026,0.9151385,-0.236153,0.30148,0.1259487
108044,0.0166662,25.6448751520365,1.118751,0.06754252,-0.2920561,0.6883535,-0.4138102,0.4955682,0.3306701,0,0,0.3213902,0.1684129,0.08346699,0.9149767,-0.2359606,0.3014968,0.1274361
108046,0.0166663,25.6615414526314,1.118984,0.06620893,-0.2920998,0.6882273,-0.4144804,0.4950203,0.330914,0,0,0.3220561,0.1687511,0.08254249,0.9145982,-0.2354456,0.3014912,0.1310676
108050,0.0166672,25.6782086528838,1.119596,0.0653486,-0.2929245,0.6873971,-0.4165491,0.4935952,0.3321683,0,0,0.3220998,0.1689835,0.08120893,0.9143399,-0.2354227,0.3019772,0.1317896
108054,0.0166669,25.6948755532503,1.120107,0.06363505,-0.2936035,0.6870483,-0.4187616,0.4919876,0.3324929,0,0,0.3229244,0.1695965,0.0803486,0.9137197,-0.2349913,0.3030318,0.1344144
108058,0.0166675,25.7115430533886,1.120941,0.06257677,-0.2939755,-0.6864452,0.4200563,-0.4903217,-0.3345601,0,0,0.3236034,0.1701068,0.07863505,0.9128895,-0.2347708,0.3048404,0.1363373
108060,0.0166673,25.7282103542238,1.121422,0.06146872,-0.2944155,0.6864861,-0.4209997,0.489026,0.3351862,0,0,0.3239755,0.1709408,0.07757677,0.9123015,-0.235075,0.3050399,0.1392717
108064,0.0166662,25.7448765542358,1.122141,0.06035924,-0.2945038,0.6863095,-0.421152,0.488536,0.33607,0,0,0.3244154,0.1714222,0.07646872,0.9117276,-0.2355204,0.3057812,0.1406446
108066,0.0166671,25.7615436539054,1.12297,0.05926353,-0.2948633,0.6860821,-0.4214925,0.4880818,0.3367665,0,0,0.3245037,0.1721415,0.07535924,0.9116013,-0.2357496,0.3055323,0.1416168
108072,0.0166666,25.7782102543861,1.123802,0.05825594,-0.2953473,0.6860198,-0.4210516,0.4872808,0.3385999,0,0,0.3248633,0.1729704,0.0742635,0.911455,-0.2358164,0.3054928,0.1425288
108074,0.0166669,25.7948771547526,1.124384,0.05706903,-0.2955243,-0.6849596,0.4217806,-0.4869861,-0.3402588,0,0,0.3253473,0.1738017,0.07325591,0.9113401,-0.2366925,0.3044423,0.1440508
108078,0.0166675,25.8115446548909,1.12405,0.0561178,-0.2956539,-0.685209,0.4233986,-0.4848258,-0.3408317,0,0,0.3255242,0.1743842,0.07206903,0.9113483,-0.2361057,0.3039334,0.1460235
108080,0.0166648,25.8282094541937,1.124117,0.05506423,-0.2956173,0.6848749,-0.4239512,0.4840959,0.3418522,0,0,0.3256539,0.1740499,0.0711178,0.9103222,-0.2368727,0.305488,0.1479254
108084,0.0166681,25.8448775541037,1.124041,0.05367973,-0.2958065,0.6841615,-0.4255384,0.483587,0.3420289,0,0,0.3256173,0.1741167,0.07006423,0.9100688,-0.2369812,0.3054859,0.1493093
108088,0.016667,25.8615445531905,1.123772,0.05248776,-0.2963756,-0.6826868,0.4272985,-0.4834523,-0.3429703,0,0,0.3258065,0.1740406,0.06867974,0.9097419,-0.2361469,0.3065091,0.1505211
108092,0.0166672,25.8782117534429,1.122922,0.05236352,-0.2961252,0.6781293,-0.4298097,0.4843466,0.3475811,0,0,0.3263756,0.1737718,0.06748776,0.9096556,-0.2346467,0.3069646,0.1524477
108094,0.0166666,25.8948783539236,1.123016,0.05176497,-0.295886,-0.6773592,0.4306799,-0.4848623,-0.3472867,0,0,0.3261252,0.1729221,0.06736355,0.9103727,-0.2307846,0.3049988,0.1579105
108098,0.0166672,25.911545554176,1.123113,0.05155066,-0.2967607,0.6763023,-0.4312226,0.48568,0.3475303,0,0,0.325886,0.1730163,0.06676497,0.910503,-0.2295739,0.3054386,0.1580741
108100,0.0166666,25.9282121546566,1.123468,0.05083933,-0.2969301,-0.6744025,0.4315993,-0.4869338,-0.3489969,0,0,0.3267606,0.1731133,0.06655063,0.9108519,-0.2282278,0.3052054,0.1584636
108106,0.0166671,25.9448792543262,1.124164,0.05030969,-0.2972287,0.6744382,-0.4316571,0.4860179,0.3501312,0,0,0.3269301,0.1734684,0.06583931,0.9115375,-0.2263403,0.303883,0.1597644
108110,0.0166666,25.9615458548069,1.124579,0.04842275,-0.297661,-0.6747532,0.4332932,-0.4853397,-0.3484401,0,0,0.3272287,0.174164,0.06530969,0.9112434,-0.2270221,0.3036089,0.1609907
108112,0.0201375,25.9816833548248,1.125374,0.04830027,-0.2980426,-0.6744558,0.4338986,-0.4848916,-0.3488862,0,0,0.3276609,0.1745791,0.06342275,0.9106261,-0.2266508,0.3059375,0.1605981
108114,0.0166752,25.9983585551381,1.125882,0.04814116,-0.2982749,-0.674078,0.4336387,-0.4844933,-0.3504893,0,0,0.3280425,0.1753736,0.06330027,0.9104223,-0.2265135,0.3061971,0.1614507
108118,0.0166707,26.0150292553008,1.126396,0.04786384,-0.2986575,-0.6736099,0.4331702,-0.4842245,-0.3523351,0,0,0.3282748,0.1758817,0.06314115,0.9104345,-0.2268414,0.3051991,0.1628054
108120,0.0166731,26.0317023545504,1.126925,0.04743839,-0.2990992,-0.6730005,0.4323024,-0.4851154,-0.3533385,0,0,0.3286574,0.1763958,0.06286384,0.9105452,-0.2271632,0.3038648,0.1642273
108124,0.0166649,26.048367254436,1.126523,0.04681737,-0.2995699,-0.6725966,0.4323033,-0.4850177,-0.3542395,0,0,0.3290992,0.1769249,0.06243838,0.911119,-0.2267885,0.302311,0.1644301
108128,0.0166661,26.0650333538651,1.126867,0.04635042,-0.300014,0.6729221,-0.4317009,0.4850423,0.3543223,0,0,0.3295699,0.1765226,0.06181736,0.911167,-0.2267125,0.3017714,0.165258
108132,0.0166652,26.0816985536367,1.126533,0.04572189,-0.300449,-0.6715183,0.433133,-0.4839011,-0.3567896,0,0,0.330014,0.1768673,0.06135042,0.9112366,-0.2271834,0.3013685,0.1649622
108136,0.0166673,26.0983658544719,1.126396,0.0449155,-0.3002667,-0.6717594,0.4326036,-0.4846039,-0.356023,0.00529055157676339,0,0.330449,0.1765333,0.06072189,0.9108544,-0.2266539,0.3010966,0.1682653
108138,0.0166699,26.1150357536972,1.126031,0.04459327,-0.2998455,0.6711261,-0.4331108,0.4849722,0.3560993,0.00344899436458945,0,0.3302666,0.1763964,0.0599155,0.9111366,-0.2265322,0.3009717,0.1671207
108142,0.0166656,26.1317013539374,1.125798,0.04389915,-0.2995422,-0.6700749,0.4335403,-0.4854247,-0.3569387,0.00436946097761393,0,0.3298454,0.1760311,0.05959328,0.9112655,-0.2257041,0.3010334,0.1674269
108144,0.0166711,26.1483724545687,1.125814,0.04305244,-0.299726,0.6697481,-0.4342728,0.4857183,0.3562616,0.00713033881038427,0,0.3295421,0.1757985,0.05889915,0.9115134,-0.2247017,0.3005142,0.1683557
108148,0.0166676,26.1650400552899,1.125625,0.04274035,-0.2991042,0.668767,-0.4350112,0.4872267,0.3551424,0.00902698747813702,0,0.329726,0.1758136,0.05805244,0.9115141,-0.2239071,0.3012273,0.1681365
108150,0.0166653,26.1817053556442,1.125686,0.04263428,-0.2991316,-0.6676471,0.4362779,-0.4870785,-0.3558983,0.0063413348980248,0,0.3291042,0.1756251,0.05774035,0.9120082,-0.2219343,0.301661,0.1672932
108156,0.0166695,26.1983748562634,1.126023,0.04259786,-0.2991208,0.6679413,-0.4358585,0.4869451,0.3560424,0.00320285209454596,0,0.3291316,0.1756861,0.05763431,0.9119058,-0.2208496,0.3019429,0.1687715
108158,0.016668,26.2150428555906,1.126217,0.04227346,-0.2986384,0.6673855,-0.4355245,0.4879425,0.3561281,0.0031746553722769,0,0.3291208,0.1760228,0.05759786,0.9118981,-0.2213196,0.3016782,0.168671
108162,0.0166634,26.2317062560469,1.127163,0.04155952,-0.2985406,-0.6655465,0.4361887,-0.4890635,-0.3572174,0.004555344581604,0,0.3286384,0.1762171,0.05727346,0.912377,-0.2205526,0.3009671,0.1683558
108164,0.0167246,26.2484308555722,1.127393,0.04146099,-0.2991833,-0.6648031,0.4362301,-0.4899501,-0.357336,0.00625089276582003,0,0.3285406,0.1771629,0.05655952,0.9129181,-0.2185931,0.3000962,0.1695286
108168,0.0167002,26.2651310563087,1.128154,0.04115373,-0.2993554,-0.6640552,0.4369625,-0.4893267,-0.3586834,0.00627799844369292,0,0.3291832,0.1773928,0.05646099,0.9133155,-0.2176076,0.2996227,0.1694937
108170,0.0166681,26.2817991562188,1.128123,0.04123458,-0.2996523,0.6630737,-0.437651,0.4895198,0.3593958,0.00381525210104883,0,0.3293554,0.1781536,0.05615373,0.9131045,-0.2173505,0.2994418,0.1712704
108176,0.0166695,26.2984686568379,1.128637,0.04128656,-0.2999854,0.6610898,-0.4373571,0.4903449,0.3622718,0.00376862520352006,0,0.3296523,0.1781227,0.05623455,0.9131938,-0.2164063,0.2992651,0.1722958
108178,0.0166634,26.3151320572943,1.128584,0.0413793,-0.2997895,0.659933,-0.4374957,0.4904514,0.3640651,0.0105456477031112,0,0.3299854,0.178637,0.05628653,0.9138489,-0.2151918,0.2968222,0.1745547
108182,0.021147,26.3362790569663,1.128222,0.04214216,-0.3003257,0.659923,-0.436444,0.4896826,0.3663733,0.0157849304378033,0,0.3297895,0.178584,0.0563793,0.9140449,-0.2145763,0.2956674,0.1762381
108184,0.0166687,26.3529477566481,1.128062,0.04197934,-0.3002633,0.6613703,-0.4351958,0.4893186,0.3657337,0.0296062026172876,0,0.3303257,0.178222,0.05714212,0.9140123,-0.2157933,0.2939276,0.1778241
108190,0.0166665,26.3696142565459,1.127036,0.0422321,-0.3000948,-0.6621891,0.4296005,-0.4939438,-0.3646486,0.0350735858082771,0,0.3302633,0.1780625,0.05697931,0.9139109,-0.2173927,0.2938307,0.1765525
108192,0.0166684,26.3862826563418,1.127075,0.04125139,-0.2993963,0.6628035,-0.4282955,0.4940337,0.3649456,0.0529403574764729,0,0.3300948,0.1770356,0.0572321,0.9163274,-0.2175819,0.2892368,0.1713019
108196,0.0166671,26.4029497560114,1.126197,0.04138172,-0.2972559,-0.664067,0.4164812,-0.5010081,-0.3668096,0.0632437169551849,0,0.3293963,0.1770746,0.05625139,0.9165055,-0.2185391,0.2882696,0.1707603
108198,0.0166658,26.4196155555546,1.126126,0.04055873,-0.2943846,0.6625119,-0.3976215,0.5124703,0.3746323,0.0774230360984802,0,0.3272559,0.1761971,0.05638172,0.9206477,-0.2207793,0.2770707,0.1640002
108202,0.0180555,26.4376710560173,1.124691,0.04120424,-0.2924249,0.649917,-0.3720659,0.5258964,0.4032465,0.113002151250839,0,0.3243846,0.1761262,0.0555587,0.9275326,-0.2224537,0.2556149,0.1576659
108206,0.0166697,26.4543407559395,1.123317,0.04126137,-0.2911674,0.6447633,-0.3612682,0.530876,0.414652,0.145651251077652,0,0.3224249,0.1746907,0.05620424,0.9365717,-0.221394,0.214932,0.1662
108210,0.0166655,26.4710062555969,1.121619,0.0415355,-0.2889403,0.6372232,-0.3432435,0.5393093,0.430437,0.259608328342438,0.428275495767593,0.3211674,0.1733168,0.05626135,0.9396883,-0.2212535,0.1982713,0.1694741
108212,0.0166709,26.4876771550626,1.122382,0.04119226,-0.2911241,-0.6383854,0.3528896,-0.5380242,-0.4224488,0.259608328342438,0.428275495767593,0.3189403,0.1716192,0.0565355,0.9443513,-0.22109,0.1723238,0.1721176
108216,0.0166673,26.5043444558978,1.121665,0.04238641,-0.2905857,0.6198184,-0.3274472,0.5639058,0.4365934,0.299675911664963,0.665140628814697,0.3211241,0.1723822,0.05619226,0.9432015,-0.2175173,0.184297,0.1705632
108220,0.0166662,26.5210106559098,1.122041,0.04229686,-0.2899282,-0.6112086,0.3099148,-0.5807691,-0.4394135,0.443875938653946,1,0.3205857,0.1716649,0.05738641,0.9542019,-0.2027822,0.1456916,0.1647792
108222,0.0166669,26.5376775562763,1.121941,0.04288983,-0.2901771,0.6060533,-0.2839237,0.5961443,0.4435074,0.528469204902649,1,0.3199282,0.1720408,0.05729686,0.9605694,-0.1948597,0.1239913,0.1547976
108226,0.0166709,26.554348455742,1.122492,0.04261211,-0.2885618,-0.5982597,0.2570807,-0.6140768,-0.4459872,0.753964900970459,1,0.320177,0.1719409,0.05788983,0.9659957,-0.1935552,0.09659235,0.1416289
108230,0.0166629,26.5710113551468,1.122214,0.04284966,-0.287766,0.598983,-0.2358729,0.6270221,0.4386646,0.905191123485565,1,0.3185617,0.1724922,0.05761211,0.9714465,-0.1889349,0.06780916,0.1264803
108232,0.0166703,26.5876816548407,1.122547,0.04318428,-0.2872052,-0.5936875,0.2210449,-0.6393423,-0.4357934,1,0.969478249549866,0.317766,0.172214,0.05784966,0.9747854,-0.1892351,0.0520637,0.1061742
108236,0.0166636,26.6043452546,1.122579,0.04334477,-0.2873038,0.59109,-0.2149206,0.6435664,0.4361697,1,0.929076194763184,0.3172052,0.1725468,0.05818431,0.9777507,-0.1838594,0.0372789,0.09385898
108240,0.0166666,26.6210118550807,1.122276,0.04434571,-0.2870832,-0.5883647,0.2099654,-0.6472883,-0.4367601,1,0.887331604957581,0.3173038,0.1725793,0.0583448,0.9786496,-0.1820602,0.03048698,0.09038571
108244,0.0222988,26.6433106549084,1.122133,0.04574937,-0.2872499,0.5805313,-0.1988819,0.6576023,0.4370225,1,0.870190858840942,0.3170832,0.1722757,0.05934568,0.9794229,-0.1800358,0.02457534,0.08782896
108246,0.016688,26.6599986553192,1.121873,0.04685971,-0.2873339,-0.5752136,0.1988183,-0.6613331,-0.438451,1,0.832608819007874,0.3172499,0.1721328,0.06074937,0.981531,-0.1729871,0.01081193,0.08096629
108250,0.0166668,26.6766654551029,1.122023,0.04750147,-0.2872101,-0.5647601,0.1923254,-0.6716332,-0.4392789,1,0.813339352607727,0.3173339,0.1718734,0.06185971,0.9824508,-0.1674088,0.007437541,0.08191121
108254,0.0166666,26.6933320555836,1.121696,0.04863885,-0.2871343,-0.5599378,0.1893284,-0.6759604,-0.4401158,1,0.791642546653748,0.3172101,0.1720235,0.06250148,0.9845145,-0.1568411,-0.003901433,0.07820998
108258,0.0166677,26.7099997550249,1.122049,0.0490272,-0.2868257,-0.550227,0.1817819,-0.6853365,-0.4410438,1,0.784880757331848,0.3171343,0.1716962,0.06363885,0.985292,-0.1522637,-0.009254366,0.07700561
108260,0.0166663,26.7266660556197,1.121769,0.05009836,-0.2864617,-0.5479048,0.1795697,-0.687737,-0.4411041,1,0.781177520751953,0.3168257,0.1720487,0.06402721,0.9867854,-0.1430975,-0.02100723,0.07305054
108264,0.0166678,26.7433338556439,1.121715,0.05081558,-0.2862596,-0.542936,0.1762976,-0.6934128,-0.4396799,1,0.783935964107513,0.3164616,0.1717692,0.06509839,0.9871222,-0.1409382,-0.02409583,0.07173254
108266,0.0166693,26.7600031550974,1.121598,0.0514744,-0.2857595,-0.5415426,0.1712624,-0.697476,-0.4369531,1,0.79339587688446,0.3162596,0.1717153,0.06581558,0.9880421,-0.1352212,-0.02895045,0.06819125
108272,0.0166646,26.7766677550972,1.121735,0.05152631,-0.285424,-0.5377885,0.1701863,-0.701937,-0.4348617,1,0.801995038986206,0.3157595,0.1715984,0.06647439,0.988535,-0.1333895,-0.03298534,0.06259097
108274,0.0166687,26.7933364547789,1.121636,0.05203229,-0.2850244,0.5353457,-0.1714442,0.7033099,0.4351633,1,0.816879212856293,0.3154239,0.1717349,0.06652634,0.9893149,-0.1282842,-0.03512228,0.05971251
108278,0.0166656,26.8100020550191,1.121943,0.05189729,-0.284353,0.5309612,-0.1699838,0.7072052,0.4347948,0.995064675807953,0.823163568973541,0.3150244,0.1716357,0.06703229,0.989626,-0.1253569,-0.03542437,0.060589
108280,0.0166672,26.8266692552716,1.121576,0.05215463,-0.283758,0.5303941,-0.1685762,0.7083554,0.4341621,0.995465457439423,0.830268859863281,0.3143529,0.1719435,0.06689729,0.9901838,-0.1205289,-0.03876428,0.05921375
108284,0.0179895,26.844658754766,1.121835,0.05171064,-0.2834712,0.5295265,-0.1684282,0.7094918,0.4334225,0.997183978557587,0.831658720970154,0.313758,0.1715761,0.06715466,0.9902949,-0.1198992,-0.04001759,0.05778328
108288,0.0166674,26.8613261543214,1.121575,0.05189854,-0.2829151,-0.528966,0.1682771,-0.7099009,-0.4334957,0.997763514518738,0.839801013469696,0.3134712,0.171835,0.06671064,0.9904904,-0.1185795,-0.04033564,0.0569276
108292,0.0166687,26.8779948540032,1.121539,0.05214977,-0.2823419,-0.5287839,0.1672777,-0.7113495,-0.4317264,1,0.843428492546082,0.312915,0.1715745,0.06689854,0.9905416,-0.1180175,-0.0407717,0.05689369
108294,0.0166666,26.8946614544839,1.121233,0.05241001,-0.2818189,-0.5281714,0.1663654,-0.7125701,-0.4308148,0.999229073524475,0.84808337688446,0.3123419,0.171539,0.06714977,0.9907598,-0.1171617,-0.04110485,0.05457643
108298,0.0166665,26.9113279543817,1.121217,0.05193847,-0.2811891,-0.5273892,0.1640384,-0.7148578,-0.4288712,0.999354422092438,0.849797308444977,0.3118188,0.171233,0.06740998,0.9909152,-0.1162309,-0.04187085,0.05314422
108300,0.0166664,26.9279943536967,1.120975,0.05203805,-0.2808359,0.526726,-0.1645154,0.7153896,0.4286166,0.997896790504456,0.857431471347809,0.3111891,0.1712175,0.06693847,0.9911619,-0.1149364,-0.04355298,0.04990822
108308,0.0166676,26.9446619544178,1.120223,0.05141348,-0.2808971,-0.5247433,0.1667148,-0.7168857,-0.4276981,0.996255815029144,0.860761225223541,0.3108359,0.1709753,0.06703804,0.9912835,-0.1139473,-0.04340601,0.04989055
108310,0.0287162,26.9733781535178,1.119534,0.05255351,-0.2801843,-0.5237949,0.1660562,-0.7177169,-0.4277227,0.994250357151031,0.872729182243347,0.3108971,0.1702233,0.06641348,0.9916861,-0.1107311,-0.04226701,0.05010877
108312,0.0166693,26.9900474529713,1.119208,0.05290762,-0.2803178,-0.5236825,0.1664681,-0.7181645,-0.4269483,0.992753863334656,0.873414039611816,0.3101843,0.1695336,0.06755351,0.9917598,-0.1098339,-0.04330418,0.04973679
108316,0.0166654,27.0067128520459,1.118876,0.05322665,-0.2805385,-0.5238743,0.1680946,-0.7186232,-0.4253007,0.991105556488037,0.873810529708862,0.3103177,0.1692079,0.06790762,0.991878,-0.1092256,-0.04275557,0.04919143
108320,0.0166675,27.0233803521842,1.118573,0.053657,-0.2803391,-0.5238944,0.1679363,-0.7193735,-0.4240681,0.988187491893768,0.876909136772156,0.3105385,0.1688761,0.06822665,0.9921068,-0.1082392,-0.04074398,0.04845996
108324,0.0166673,27.0400476530194,1.118048,0.05432799,-0.2807409,0.52318,-0.1689003,0.7195999,0.4241832,0.984678685665131,0.877926766872406,0.310339,0.1685733,0.068657,0.9922413,-0.1076922,-0.04044742,0.04715521
108326,0.0166659,27.0567135531455,1.117774,0.05515764,-0.2807796,0.5231581,-0.16775,0.7202121,0.4236273,0.979048848152161,0.879271864891052,0.3107408,0.1680478,0.069328,0.9923336,-0.1067165,-0.04004337,0.0477721
108330,0.0166678,27.0733813531697,1.117224,0.05575624,-0.2807522,-0.5222401,0.1685998,-0.7209519,-0.4231641,0.977985203266144,0.880033433437347,0.3107795,0.1677744,0.07015763,0.9923605,-0.1066926,-0.04082498,0.04659077
108332,0.0166663,27.0900476537645,1.116777,0.05646658,-0.280866,-0.5216893,0.1684288,-0.7214392,-0.423081,0.975800037384033,0.877459049224854,0.3107522,0.1672239,0.07075624,0.992534,-0.1052318,-0.04042212,0.04656696
108338,0.0166673,27.1067149545997,1.11616,0.05694705,-0.2809502,-0.520974,0.1680722,-0.7220245,-0.4231058,0.974503636360168,0.877151906490326,0.310866,0.1667772,0.07146658,0.9925925,-0.1046139,-0.0408143,0.04637187
108340,0.0166676,27.1233825553209,1.115837,0.05762875,-0.2809016,0.5203197,-0.1682025,0.7225205,0.4230125,0.973385691642761,0.877531230449677,0.3109502,0.1661602,0.07194705,0.992648,-0.1039094,-0.04148073,0.04617622
108344,0.0166663,27.1400488559157,1.115169,0.05791479,-0.2812088,-0.5198717,0.1688437,-0.7227863,-0.4228539,0.972327291965485,0.878593385219574,0.3109016,0.1658375,0.07262875,0.9927265,-0.1030994,-0.04166983,0.0461334
108346,0.0166675,27.1567163560539,1.114782,0.0586133,-0.2813988,-0.519625,0.1686179,-0.7231889,-0.4225585,0.970784604549408,0.880838453769684,0.3112088,0.1651689,0.07291479,0.9928091,-0.1023668,-0.04130678,0.04631356
108350,0.0166668,27.1733831558377,1.114336,0.05901366,-0.2814553,-0.5189896,0.1683418,-0.7239367,-0.422169,0.969337821006775,0.882100820541382,0.3113987,0.1647817,0.07361327,0.9928577,-0.102,-0.04151855,0.04589017
108354,0.0166662,27.1900493558496,1.114049,0.05974218,-0.2813334,-0.518626,0.1676711,-0.7244496,-0.4220028,0.966151893138886,0.885706305503845,0.3114552,0.1643359,0.07401367,0.9929512,-0.1011641,-0.04193568,0.0453337
108358,0.0166671,27.2067164555192,1.113234,0.05987275,-0.2814134,-0.5178376,0.1672692,-0.7249258,-0.4223125,0.964267790317535,0.887796103954315,0.3113334,0.164049,0.07474218,0.99298,-0.1008367,-0.04262101,0.04479045
108360,0.0166669,27.2233833558857,1.112771,0.06060046,-0.281184,0.5174925,-0.1653704,0.7254391,0.4226018,0.966115117073059,0.891160905361176,0.3114133,0.1632338,0.07487272,0.9930051,-0.1002033,-0.04345783,0.04485061
108364,0.0166674,27.2400507554412,1.112279,0.06008154,-0.2809438,-0.517183,0.1608566,-0.7271819,-0.4217267,0.972692608833313,0.890880644321442,0.311184,0.1627708,0.07560046,0.9929351,-0.1004156,-0.04531174,0.04408602
108366,0.0204231,27.2604738548398,1.111674,0.06012201,-0.2806751,0.5166967,-0.159595,0.7276282,0.4220324,0.991638123989105,0.896361887454987,0.3109438,0.1622794,0.07508154,0.9928734,-0.1007378,-0.04892408,0.04075192
108370,0.0166683,27.2771421540529,1.110519,0.05961433,-0.280346,0.51476,-0.15777,0.7297117,0.4214874,1,0.89536988735199,0.310675,0.1616741,0.07512201,0.9928285,-0.100653,-0.05032113,0.0403519
108374,0.0166684,27.2938105538487,1.109876,0.05981988,-0.2804065,-0.5141663,0.1585139,-0.7297416,-0.421881,1,0.890933394432068,0.3103459,0.1605194,0.07461433,0.9929707,-0.09867802,-0.05262084,0.03876739
108378,0.0166658,27.310476353392,1.108666,0.05940643,-0.280478,0.510852,-0.1591521,0.7318063,0.4220906,1,0.886435091495514,0.3104065,0.159876,0.07481985,0.9930146,-0.09802565,-0.05243481,0.03954168
108380,0.0166664,27.327142752707,1.107836,0.05970889,-0.2804278,-0.5093527,0.1589589,-0.7329469,-0.4219962,1,0.870614886283875,0.310478,0.1586657,0.07440643,0.9932941,-0.09428767,-0.05363221,0.04000477
108384,0.0166677,27.3438104521483,1.107193,0.05938697,-0.2805091,0.50551,-0.161203,0.7353208,0.4216356,1,0.858582258224487,0.3104278,0.1578355,0.07470886,0.9934122,-0.09262671,-0.05450775,0.03976898
108386,0.0166665,27.3604769520462,1.106757,0.05979788,-0.2803241,-0.5019482,0.1603382,-0.7377253,-0.4220203,1,0.835792660713196,0.310509,0.1571929,0.07438697,0.9938366,-0.08764847,-0.0544311,0.04054305
108390,0.0166675,27.3771444521844,1.106709,0.06004524,-0.2801181,0.4985518,-0.1621234,0.739436,0.4223703,1,0.830031335353851,0.310324,0.1567568,0.07479788,0.9940017,-0.08411814,-0.05704751,0.04037616
108394,0.0166677,27.3938121516258,1.106455,0.06005279,-0.2798427,-0.4954623,0.1671669,-0.7392125,-0.4244258,1,0.819585561752319,0.310118,0.156709,0.07504521,0.9942629,-0.08011293,-0.05736374,0.04162621
108398,0.016666,27.4104781523347,1.106535,0.0597477,-0.2798819,-0.4933102,0.17114,-0.7386401,-0.4263413,1,0.812745809555054,0.3098427,0.1564551,0.07505278,0.994451,-0.07648952,-0.05539886,0.04634112
108400,0.0166666,27.4271447528154,1.10657,0.06004176,-0.2798409,0.4925125,-0.1720877,0.7390243,0.4262165,1,0.79873251914978,0.3098818,0.1565354,0.0747477,0.9945234,-0.07410526,-0.05380559,0.0503643
108404,0.0166672,27.4438119530678,1.106874,0.05980217,-0.2802008,0.4926201,-0.1756291,0.7384447,0.4256516,1,0.796211183071136,0.3098409,0.1565695,0.07504176,0.9946134,-0.07294426,-0.05336538,0.05074883
108406,0.0166656,27.460477553308,1.107249,0.05987698,-0.2808387,0.4945614,-0.1794429,0.7367201,0.4247974,1,0.798709273338318,0.3102008,0.1568738,0.07480215,0.9947808,-0.0719462,-0.05016391,0.05213976
108410,0.0166681,27.477145653218,1.106996,0.06083882,-0.2818143,0.494978,-0.1908062,0.7337243,0.4245451,1,0.803082883358002,0.3108386,0.1572493,0.07487698,0.9948666,-0.07276242,-0.04572835,0.05343205
108414,0.0166663,27.4938119538128,1.106664,0.06120193,-0.2817636,0.4932772,-0.1998951,0.732585,0.4243098,1,0.780876874923706,0.3118143,0.1569962,0.07583879,0.9950891,-0.0704847,-0.03591434,0.05949688
108418,0.0166668,27.5104787535965,1.106108,0.06187624,-0.2822064,-0.4929168,0.2014991,-0.73382,-0.4218287,1,0.764260947704315,0.3117636,0.1566637,0.07620193,0.9952893,-0.06647468,-0.02902824,0.06432553
108420,0.0166689,27.527147654444,1.105786,0.06295228,-0.2822197,0.4963094,-0.1994739,0.7348313,0.4170254,1,0.870508193969727,0.3122064,0.1561084,0.07687627,0.9955735,-0.06452005,-0.02700469,0.0627804
108424,0.0166664,27.543814053759,1.106242,0.06364956,-0.2814478,-0.5073391,0.1957644,-0.738209,-0.3991627,1,0.9871866106987,0.3122196,0.155786,0.07795228,0.9958432,-0.06636815,-0.02538602,0.05698413
108426,0.0166692,27.5604832544923,1.105664,0.06414443,-0.2818855,-0.5123745,0.2083627,-0.73338,-0.3952356,1,1,0.3114477,0.1562422,0.07864957,0.9966324,-0.07084869,-0.0168408,0.03769217
108430,0.0166661,27.5771493539214,1.105493,0.06407955,-0.2817043,0.5223971,-0.2161534,0.7307026,0.3826914,0.970982134342194,1,0.3118855,0.1556637,0.0791444,0.996568,-0.07182091,-0.002338757,0.04109177
108434,0.0166661,27.5938154533505,1.105539,0.06434557,-0.2810865,0.5255717,-0.2249132,0.7303497,0.3738687,0.900084733963013,1,0.3117043,0.155493,0.07907955,0.9964834,-0.07549808,0.01369192,0.03366487
108438,0.0166675,27.6104829534888,1.104739,0.06490618,-0.2808733,0.53497,-0.2395714,0.7248975,0.3618513,0.862957835197449,1,0.3110865,0.1555392,0.07934557,0.9965225,-0.0731935,0.02585838,0.03028234
108440,0.0166662,27.6271491535008,1.103937,0.06619373,-0.2814472,-0.5430724,0.2487037,-0.7204187,-0.3524427,0.774038970470428,0.866625607013702,0.3108733,0.1547388,0.07990618,0.9956436,-0.07540581,0.04740724,0.02757788
108444,0.0166679,27.6438170541078,1.103953,0.06644669,-0.2817431,-0.548192,0.2586064,-0.7180463,-0.3420787,0.732622802257538,0.728784799575806,0.3114472,0.1539374,0.08119373,0.9946308,-0.07863388,0.0627463,0.02427679
108446,0.016666,27.6604830548167,1.103436,0.06799883,-0.2831747,-0.5567225,0.27179,-0.7090459,-0.3368148,0.670931696891785,0.45361116528511,0.3117431,0.1539527,0.08144666,0.9937088,-0.07806578,0.07764222,0.02050147
108450,0.0166664,27.6771494541317,1.10344,0.06859419,-0.2842888,-0.5638412,0.2943007,-0.6973598,-0.3303931,0.642143607139587,0.345819473266602,0.3131746,0.1534358,0.08299883,0.9916723,-0.08323282,0.09534635,0.02381989
108454,0.0166675,27.69381695427,1.103002,0.06958124,-0.2854382,-0.5694714,0.3071836,-0.6882089,-0.3281907,0.608877837657928,0.158437803387642,0.3142888,0.1534401,0.08359419,0.9884906,-0.08505628,0.1209899,0.03183049
108458,0.0166672,27.7104841545224,1.102549,0.06965008,-0.2861769,-0.5694481,0.3226291,-0.6817966,-0.3267916,0.611434757709503,0.10129202902317,0.3154382,0.1530023,0.08458124,0.9859796,-0.08878944,0.136052,0.03808763
108460,0.0166666,27.7271507550031,1.102553,0.06994185,-0.2864559,-0.5732611,0.3328587,-0.6754059,-0.3231156,0.544256329536438,0.0140741104260087,0.3161769,0.1525488,0.08465005,0.9838058,-0.08609671,0.1501876,0.04644512
108464,0.0166679,27.7438186556101,1.101808,0.07126307,-0.2863386,0.5818356,-0.3395014,0.6682446,0.3156823,0.490397214889526,0.00682973582297564,0.3164558,0.1525528,0.08494185,0.9815206,-0.08771896,0.16263,0.04974186
108466,0.0166664,27.7604850549251,1.101848,0.07124415,-0.286399,0.5819438,-0.3431594,0.6671214,0.3138983,0.38518813252449,0,0.3163385,0.1518083,0.08626305,0.978774,-0.09386418,0.1758409,0.04765461
108470,0.0166665,27.7771515548229,1.100924,0.07227316,-0.2872416,0.5847636,-0.3485721,0.662946,0.3115313,0.334210276603699,0,0.3163989,0.1518484,0.08624415,0.9781172,-0.09281582,0.1798214,0.04833375
108474,0.0166678,27.7938193548471,1.10049,0.0732398,-0.2883865,0.5815216,-0.3560555,0.6617479,0.3116839,0.257355958223343,0,0.3172416,0.1509236,0.08727314,0.9765144,-0.09458243,0.1870531,0.0498498
108478,0.0166666,27.8104859553277,1.099995,0.07395694,-0.2892998,0.583307,-0.3594779,0.6595176,0.3091361,0.226756125688553,0,0.3183864,0.1504897,0.08823977,0.9757351,-0.09003457,0.1919771,0.05458627
108480,0.0166666,27.8271525558084,1.100583,0.07342673,-0.2890111,0.5838561,-0.3614593,0.6585492,0.307851,0.217373326420784,0,0.3192997,0.1499947,0.08895697,0.9746785,-0.09073412,0.1969531,0.05457821
108484,0.0166669,27.843819456175,1.100737,0.07390574,-0.2899822,0.5832168,-0.3724118,0.6534078,0.3069623,0.208591148257256,0,0.319011,0.1505827,0.08842672,0.9741591,-0.09064978,0.1995067,0.05471529
108486,0.0166669,27.8604863565415,1.100908,0.074121,-0.2913916,0.5855847,-0.3848343,0.6450781,0.3047419,0.176384136080742,0,0.3199822,0.1507373,0.08890574,0.9718969,-0.08855276,0.2093944,0.06106421
108490,0.0166674,27.877153756097,1.101379,0.07432395,-0.2928582,-0.5943607,0.3892533,-0.6359041,-0.3014022,0.141911700367928,0,0.3213915,0.1509078,0.089121,0.9683981,-0.08950242,0.2227923,0.06751346
108494,0.016665,27.8938187565655,1.100919,0.07563598,-0.2943174,0.5989276,-0.3950048,0.6279252,0.3016071,0.109243981540203,0,0.3228581,0.1513787,0.08932395,0.9651101,-0.09840621,0.2328537,0.06824964
108498,0.0166692,27.9104879572988,1.101958,0.07532278,-0.2957602,0.6058856,-0.3964276,0.6227089,0.2966168,0.0980163887143135,0,0.3243174,0.1509194,0.09063597,0.9623116,-0.1037589,0.24058,0.07288233
108500,0.0166661,27.9271540567279,1.102381,0.07532866,-0.2958708,0.6084227,-0.4011284,0.6171207,0.2967825,0.0616064891219139,0,0.3257601,0.151958,0.09032278,0.9600511,-0.1100722,0.2475761,0.06994321
108504,0.0166668,27.9438208565116,1.102246,0.07637122,-0.2986361,0.6104184,-0.407186,0.611896,0.2952495,0.0479546114802361,0,0.3258708,0.1523815,0.09032868,0.9579355,-0.1130739,0.2532741,0.07366293
108506,0.0166672,27.960488056764,1.101977,0.07667905,-0.2992439,0.6133968,-0.4145832,0.6038626,0.2953219,0.0264089163392782,0,0.3286361,0.1522461,0.09137122,0.955555,-0.1146419,0.2605621,0.07667697
108512,0.016667,27.9771550558507,1.101826,0.07683223,-0.300645,0.6192134,-0.4164605,0.5984327,0.2915713,0.0134543683379889,0,0.3292439,0.1519766,0.09167905,0.9522818,-0.1181749,0.2690994,0.08233819
108514,0.0166658,27.993820855394,1.101797,0.07772705,-0.3015465,0.6205725,-0.4198354,0.5960648,0.2886777,0,0,0.330645,0.1518258,0.09183224,0.9498499,-0.1238045,0.2755216,0.08090433
108518,0.0166682,28.0104890558869,1.101725,0.07777855,-0.3016154,0.6265862,-0.419189,0.5917696,0.2854456,0,0,0.3315465,0.1517971,0.09272705,0.9483557,-0.124176,0.2805036,0.08074351
108520,0.0166657,28.0271547567099,1.101674,0.0777855,-0.3014224,0.6312467,-0.4188207,0.5893321,0.2807214,0,0,0.3316154,0.1517248,0.09277855,0.9465383,-0.1304192,0.284529,0.0780991
108524,0.0166674,28.0438221562654,1.10243,0.07732899,-0.3012125,-0.6325291,0.4219843,-0.5878724,-0.2761202,0,0,0.3314224,0.1516741,0.09278549,0.9450854,-0.134314,0.2885967,0.0740631
108528,0.0166667,28.0604888554662,1.102928,0.0774087,-0.3029038,-0.6335527,0.4291133,-0.5814161,-0.2764563,0,0,0.3312125,0.1524301,0.09232898,0.9436274,-0.1339043,0.2939879,0.07216682
108532,0.0166671,28.0771559551358,1.103116,0.07813665,-0.3055047,-0.6347876,0.4338587,-0.5771888,-0.2750714,0,0,0.3329038,0.1529277,0.0924087,0.9407097,-0.135319,0.3011707,0.07778464
108536,0.0245601,28.1017160546035,1.103955,0.07812664,-0.3050203,-0.6387078,0.4301295,-0.5782033,-0.2696701,0,0,0.3355047,0.1531156,0.09313665,0.9385221,-0.1363129,0.3068809,0.08011974
108538,0.0168605,28.1185765545815,1.104546,0.0776667,-0.3046193,-0.6387788,0.4299072,-0.5778766,-0.2705553,0,0,0.3350202,0.1539554,0.09312664,0.9384637,-0.1390355,0.3076268,0.07294292
108542,0.0166686,28.1352451536804,1.105332,0.0771251,-0.3049016,-0.6400737,0.4287314,-0.5779787,-0.2691387,0,0,0.3346193,0.1545464,0.0926667,0.9385005,-0.139513,0.3071344,0.07363063
108546,0.0166675,28.1519126538187,1.10499,0.07730904,-0.3048843,-0.639676,0.4296473,-0.5773987,-0.2698679,0,0,0.3349016,0.1553319,0.09212513,0.9384387,-0.1405813,0.3073034,0.0716552
108550,0.0166662,28.1685788538307,1.104734,0.07763588,-0.3049853,0.638262,-0.4318957,0.5769857,0.2705094,0,0,0.3348843,0.1549905,0.09230904,0.9382502,-0.1403807,0.3076675,0.07294226
108552,0.0182322,28.1868110541254,1.104757,0.0775063,-0.3051448,0.6375536,-0.4337079,0.5762085,0.2709364,0,0,0.3349853,0.1547337,0.09263588,0.9379759,-0.1388234,0.3087271,0.07494583
108556,0.0166683,28.2034793533385,1.104374,0.07802824,-0.3053451,0.6378442,-0.4353751,0.5750588,0.2700197,0,0,0.3351448,0.1547574,0.0925063,0.9375771,-0.1380945,0.3098694,0.07655104
108560,0.016666,28.2201453540474,1.104174,0.07828799,-0.3053045,-0.6384125,0.4350175,-0.5753227,-0.2686875,0,0,0.3353451,0.1543741,0.09302823,0.9368549,-0.1380815,0.3119541,0.07694892
108564,0.0166678,28.2368131540716,1.103904,0.07828275,-0.3051521,-0.6382466,0.4367091,-0.5743279,-0.2684658,0,0,0.3353044,0.1541744,0.09328799,0.9367867,-0.1382388,0.3124371,0.07552313
108566,0.0166667,28.2534798532724,1.103272,0.07853082,-0.3048651,-0.6378106,0.4381433,-0.5736969,-0.2685144,0,0,0.335152,0.1539038,0.09328274,0.9362193,-0.1379379,0.3140239,0.07652194
108570,0.016667,28.2701468523592,1.102275,0.07859507,-0.3046053,0.6369034,-0.439424,0.5737472,0.2684675,0,0,0.334865,0.1532722,0.09353085,0.9358489,-0.1374033,0.3151098,0.07754418
108574,0.0166654,28.2868122514337,1.101841,0.07824937,-0.3044876,0.6365995,-0.4400726,0.5737596,0.2680991,0,0,0.3346053,0.1522751,0.09359507,0.9357254,-0.1362138,0.3158089,0.07828517
108578,0.0230001,28.3098123520613,1.101091,0.07836506,-0.3041765,-0.6356502,0.4412937,-0.57421,-0.2673792,0,0,0.3344876,0.1518413,0.09324937,0.9356055,-0.1356647,0.3163809,0.07836134
108580,0.0166672,28.3264795523137,1.100303,0.07843108,-0.3037732,0.6357517,-0.4415553,0.5746413,0.2657745,0,0,0.3341765,0.1510909,0.09336506,0.9355291,-0.13413,0.3172465,0.07841722
108584,0.0166675,28.343147052452,1.100064,0.07876599,-0.3033977,-0.636238,0.4412767,-0.5788627,-0.2557227,0,0,0.3337732,0.1503032,0.09343107,0.9354133,-0.1335693,0.3181433,0.07711058
108586,0.016667,28.3598140515387,1.099298,0.07833236,-0.3025638,0.6353025,-0.4417126,0.5794317,0.2560072,0,0,0.3333976,0.1500637,0.09376599,0.9353936,-0.1298956,0.3218778,0.06753282
108590,0.0166674,28.3764814510942,1.098208,0.07907808,-0.3010341,-0.635718,0.4414023,-0.5818834,-0.2498768,0,0,0.3325637,0.1492984,0.09333234,0.9355954,-0.1288068,0.3216379,0.06796443
108594,0.0166674,28.3931488506496,1.098075,0.07858998,-0.3000881,-0.6345658,0.4422952,-0.5829009,-0.2488531,0,0,0.3310341,0.1482082,0.09407808,0.9355122,-0.1267658,0.3238734,0.06207453
108598,0.0166667,28.4098155498505,1.098024,0.07863915,-0.2984775,-0.6334193,0.4423668,-0.5845803,-0.2477046,0,0,0.3300881,0.1480748,0.09359001,0.9356084,-0.1248554,0.3244306,0.06158594
108600,0.0166686,28.4264841489494,1.098202,0.07892424,-0.2979631,-0.6344245,0.4418648,-0.5837789,-0.247918,0,0,0.3284774,0.1480241,0.09363915,0.9360046,-0.1228984,0.324261,0.06038436
108604,0.0166648,28.4431489482522,1.099591,0.07828936,-0.2984342,0.6381105,-0.4423347,0.5799331,0.2466431,0,0,0.327963,0.1482018,0.09392424,0.9358119,-0.1242813,0.3242911,0.0603776
108606,0.016668,28.4598169475794,1.100383,0.07808423,-0.298612,-0.639133,0.4423849,-0.5788696,-0.2464036,0,0,0.3284342,0.1495909,0.09328936,0.9341807,-0.128527,0.3273696,0.06013648
108610,0.0166668,28.4764837473631,1.101307,0.07760441,-0.2984124,-0.6407689,0.442352,-0.5775176,-0.2453843,0,0,0.3286119,0.1503832,0.0930842,0.9337532,-0.1297558,0.3281068,0.0601203
108614,0.0166694,28.4931531473994,1.10202,0.07726473,-0.2985544,-0.6426653,0.4415281,-0.5761849,-0.2450415,0,0,0.3284124,0.1513073,0.09260441,0.9330972,-0.1314599,0.329419,0.05942188
108618,0.0181986,28.5113517474383,1.102427,0.07725877,-0.2981821,-0.6431713,0.4419499,-0.5754534,-0.2446721,0,0,0.3285543,0.15202,0.09226473,0.9326419,-0.1337807,0.3298817,0.05882051
108620,0.0166672,28.5280189476907,1.102536,0.07765451,-0.2978615,-0.6428983,0.4418302,-0.5757869,-0.2448213,0,0,0.3281821,0.1524267,0.0922588,0.9322684,-0.1342922,0.3307193,0.05887287
108624,0.0166685,28.5446874480695,1.103605,0.07778135,-0.2980831,-0.6427436,0.4420662,-0.575035,-0.2465623,0,0,0.3278614,0.1525363,0.09265451,0.9324279,-0.1339964,0.3303886,0.058877
108628,0.0166665,28.5613539479673,1.103753,0.0781267,-0.2980852,0.6419067,-0.4426157,0.5755193,0.2466269,0,0,0.328083,0.1536054,0.09278135,0.9324229,-0.1345219,0.3298689,0.06064616
108632,0.0166678,28.5780217479914,1.104367,0.07873321,-0.2987212,0.6415775,-0.4427553,0.5751626,0.2480609,0,0,0.3280852,0.1537529,0.0931267,0.9325526,-0.1334629,0.3298734,0.06096668
108634,0.016666,28.5946877487004,1.104917,0.07923314,-0.2992809,0.6406027,-0.4426517,0.5751886,0.2506904,0,0,0.3287211,0.1543674,0.09373321,0.9326479,-0.1336341,0.3292752,0.06235065
108638,0.016668,28.6113557480276,1.106362,0.07939035,-0.2999527,0.6425484,-0.4408979,0.5744644,0.2504623,0,0,0.3292809,0.1549168,0.09423311,0.9331043,-0.133464,0.3276205,0.06456443
108640,0.0166667,28.6280224472284,1.107519,0.07872799,-0.3000755,-0.6426179,0.4420376,-0.5729024,-0.2518486,0,0,0.3299527,0.1563618,0.09439035,0.932987,-0.1358868,0.3271863,0.06339595
108644,0.0166665,28.6446889471263,1.108886,0.07840657,-0.3017316,-0.6436611,0.4462461,-0.5678554,-0.2531896,0,0,0.3300755,0.1575193,0.09372799,0.9325247,-0.1365758,0.3277939,0.06554263
108648,0.0166666,28.6613555476069,1.109813,0.07790983,-0.3039902,0.6439302,-0.4473472,0.565537,0.2557386,0,0,0.3317315,0.158886,0.09340657,0.9304365,-0.13858,0.3319204,0.07008854
108652,0.016668,28.6780235469341,1.111407,0.07787943,-0.306565,-0.6454798,0.4483687,-0.5614707,-0.2589825,0,0,0.3339902,0.1598127,0.09290986,0.9298706,-0.1400441,0.3321874,0.07334773
108654,0.0166661,28.6946896463633,1.113549,0.07636727,-0.3071463,-0.6521596,0.4463112,-0.5555164,-0.2586422,0,0,0.336565,0.1614071,0.09287943,0.9287582,-0.1435067,0.3328911,0.07744414
108658,0.0231239,28.717813545838,1.113964,0.07603309,-0.3069158,-0.6516835,0.4458182,-0.553221,-0.2655208,0,0,0.3371463,0.1635491,0.09136726,0.9266517,-0.1521644,0.3350503,0.07683782
108662,0.0166703,28.7344838455319,1.114219,0.07521883,-0.3066041,-0.6506386,0.4460671,-0.5531712,-0.2677598,0,0,0.3369158,0.1639641,0.09103309,0.9269149,-0.1545262,0.3317808,0.08289728
108666,0.016665,28.7511488460004,1.114207,0.07448533,-0.3064337,-0.6497987,0.4458921,-0.5530832,-0.2702609,0,0,0.336604,0.1642186,0.09021883,0.9272195,-0.1541298,0.3305768,0.08501146
108668,0.0166669,28.767815746367,1.114373,0.07324103,-0.305745,-0.6495416,0.4457916,-0.5538261,-0.2695223,0,0,0.3364336,0.1642069,0.0894853,0.9275895,-0.1541154,0.3289977,0.08710158
108672,0.0166674,28.7844831459224,1.11452,0.07209644,-0.3064886,0.648579,-0.4465729,0.5537418,0.2707178,0,0,0.335745,0.1643735,0.08824103,0.9277728,-0.1534417,0.3290139,0.08627348
108674,0.016667,28.8011501450092,1.115054,0.07077587,-0.306816,-0.64776,0.4474954,-0.5531958,-0.272267,0,0,0.3364886,0.1645204,0.08709647,0.9278416,-0.1527146,0.3287508,0.08781313
108680,0.0166682,28.817818345502,1.115925,0.06896538,-0.3069087,0.6465615,-0.4493821,0.552448,0.273524,0,0,0.3368159,0.1650537,0.08577587,0.9277695,-0.1523431,0.3285831,0.08982528
108682,0.0166666,28.8344849459827,1.116031,0.06819382,-0.3067226,-0.6465569,0.4499635,-0.5524151,-0.2726437,0,0,0.3369087,0.1659248,0.08396538,0.9274691,-0.1513704,0.329219,0.09221151
108686,0.0166661,28.8511510454118,1.116092,0.06753853,-0.30708,0.6460737,-0.4505881,0.5521088,0.2733773,0,0,0.3367226,0.1660314,0.08319382,0.9272613,-0.1509894,0.3300915,0.09180605
108688,0.0166664,28.8678174447268,1.116157,0.06671232,-0.3075516,-0.6442242,0.4532447,-0.5512325,-0.2751132,0,0,0.33708,0.1660921,0.08253853,0.9271858,-0.1506958,0.3301364,0.09288394
108692,0.0166677,28.8844851441681,1.116138,0.06493363,-0.3081124,-0.644687,0.4538293,-0.5503116,-0.2749087,0,0,0.3375516,0.1661566,0.08171232,0.9268137,-0.1491093,0.3309532,0.09619103
108696,0.0166661,28.9011512435973,1.116414,0.06401968,-0.3087543,-0.6445568,0.4538867,-0.5506868,-0.2743676,0,0,0.3381124,0.166138,0.07993363,0.9263643,-0.1496548,0.3318672,0.0965239
108700,0.019703,28.9208542443812,1.117193,0.06210262,-0.308182,-0.6447405,0.4547085,-0.5502037,-0.2735429,0,0,0.3387543,0.1664137,0.07901968,0.9264216,-0.1492402,0.3320385,0.09602462
108702,0.0166683,28.9375225435942,1.11744,0.06163481,-0.3079678,-0.6440012,0.4548116,-0.5515988,-0.2723008,0,0,0.338182,0.1671931,0.07710262,0.9260206,-0.1491456,0.3332364,0.09589085
108706,0.0166686,28.9541911426932,1.117862,0.06069848,-0.3080817,0.6432755,-0.4557743,0.5514713,0.2726642,0,0,0.3379678,0.1674395,0.07663484,0.9263586,-0.1476093,0.3333384,0.09464115
108708,0.0166663,28.970857443288,1.119059,0.05908248,-0.3079313,-0.6429908,0.4562559,-0.5512185,-0.2730418,0,0,0.3380817,0.1678619,0.07569848,0.9262544,-0.1468445,0.3336981,0.09557745
108714,0.0166671,28.9875245429575,1.118965,0.05936691,-0.3089187,-0.642509,0.4565187,-0.5519515,-0.2722544,0,0,0.3379313,0.1690595,0.07408248,0.9261587,-0.1466541,0.3338548,0.09624799
108716,0.0166672,29.00419174321,1.11874,0.05876699,-0.3076184,-0.6419125,0.4563505,-0.5538059,-0.2701695,0,0,0.3389187,0.1689648,0.07436691,0.9262912,-0.1456721,0.3341024,0.09560346
108720,0.0166664,29.020858142525,1.119533,0.05786288,-0.3072656,0.6414235,-0.4571799,0.5535615,0.2704295,0,0,0.3376184,0.1687405,0.07376699,0.926704,-0.1439445,0.334336,0.09337623
108722,0.0166657,29.037523843348,1.120269,0.05640462,-0.3060567,0.64082,-0.4574015,0.5544387,0.2696876,0,0,0.3372656,0.1695328,0.07286288,0.926554,-0.1434439,0.3347473,0.09415855
108730,0.0166676,29.0541914440691,1.121794,0.05465046,-0.30474,0.6402788,-0.4565261,0.556097,0.2690412,0,0,0.3360567,0.1702692,0.07140462,0.9267492,-0.1423232,0.3348678,0.09350678
108732,0.0262342,29.0804256442934,1.121468,0.05423874,-0.3045925,0.6398335,-0.4564475,0.5569433,0.2684827,0,0,0.3347399,0.171794,0.06965049,0.9273811,-0.1412883,0.3339366,0.09213211
108734,0.0166684,29.0970940440893,1.121624,0.05392382,-0.3042065,-0.6400596,0.455676,-0.5574434,-0.2682163,0,0,0.3345925,0.1714681,0.06923871,0.9276248,-0.1404501,0.333798,0.09146019
108738,0.0166664,29.1137604434043,1.121402,0.05397791,-0.3044014,0.6392647,-0.4555939,0.5582056,0.2686658,0,0,0.3342065,0.1716242,0.06892382,0.9278625,-0.1406039,0.3332884,0.0906679
108740,0.0166685,29.130428943783,1.121361,0.05391133,-0.3049147,-0.6381344,0.4559941,-0.55879,-0.269458,0,0,0.3344013,0.1714023,0.06897791,0.9282265,-0.1397508,0.3325725,0.09088906
108744,0.0166649,29.1470938436687,1.12121,0.05371416,-0.3070087,-0.6382822,0.4565065,-0.5583564,-0.2691391,0,0,0.3349147,0.1713613,0.06891133,0.9285181,-0.1386247,0.3319961,0.09173866
108748,0.0166685,29.1637623440474,1.121481,0.05299551,-0.3082225,-0.6386688,0.4565591,-0.5579386,-0.2689988,0,0,0.3370087,0.1712099,0.06871416,0.9282476,-0.1386961,0.332692,0.09184687
108752,0.0166668,29.1804291438311,1.122214,0.05219829,-0.3092317,0.6389425,-0.4568091,0.5571061,0.2696495,0,0,0.3382224,0.1714811,0.0679955,0.9280638,-0.1391455,0.3330237,0.09182306
108754,0.0166665,29.197095643729,1.122601,0.0508059,-0.3099825,0.6388695,-0.4570816,0.556348,0.2709227,0,0,0.3392317,0.1722144,0.06719829,0.9278197,-0.1398031,0.3331909,0.09267973
108758,0.0166666,29.2137622442096,1.122208,0.04991886,-0.3102941,-0.6380234,0.4590495,-0.55442,-0.2735289,0,0,0.3399825,0.1726008,0.06580587,0.9276933,-0.1402815,0.3329481,0.09408392
108760,0.0166668,29.2304290439934,1.12181,0.0492585,-0.3108397,-0.6376759,0.460238,-0.5533755,-0.2744558,0,0,0.3402941,0.1722082,0.06491889,0.9271197,-0.1404007,0.3333953,0.097899
108764,0.016668,29.2470970433205,1.122508,0.04824987,-0.3126656,0.6380224,-0.4603894,0.5530095,0.2741342,0,0,0.3408397,0.1718096,0.0642585,0.9267187,-0.1404044,0.3339987,0.09961899
108768,0.0166659,29.2637629434466,1.122364,0.04767495,-0.313057,-0.6383057,0.4604045,-0.5522938,-0.2748912,0,0,0.3426656,0.1725076,0.06324984,0.9265149,-0.1407247,0.3344675,0.09948996
108772,0.0166669,29.2804298438132,1.122027,0.04706901,-0.3138117,-0.6377129,0.462882,-0.5508609,-0.2749813,0,0,0.343057,0.1723639,0.06267495,0.926353,-0.1414399,0.334379,0.1002774
108774,0.0166672,29.2970970440656,1.121047,0.04659942,-0.3145652,0.636896,-0.464117,0.5504711,0.2755731,0,0,0.3438117,0.1720273,0.06206901,0.9255216,-0.1408036,0.3363822,0.1021326
108778,0.016667,29.3137640431523,1.120629,0.04593509,-0.3153324,0.6369707,-0.4644994,0.550227,0.2752432,0,0,0.3445652,0.1710467,0.06159942,0.9253077,-0.1400449,0.3368737,0.103486
108782,0.0203794,29.3341434430331,1.120367,0.04550362,-0.3161011,0.636569,-0.4657836,0.5495295,0.2753958,0,0,0.3453324,0.1706287,0.06093509,0.9251196,-0.140013,0.3374063,0.1034749
108786,0.0167963,29.3509397432208,1.120252,0.0444611,-0.3156789,0.6362963,-0.4664555,0.5494696,0.275008,0,0,0.346101,0.1703668,0.06050365,0.9247167,-0.1396111,0.3383526,0.1045242
108788,0.0166682,29.3676079437137,1.12048,0.04382324,-0.3160045,0.6358323,-0.4675699,0.5493599,0.2744076,0,0,0.3456789,0.1702519,0.0594611,0.9245532,-0.1391079,0.3389784,0.1046144
108792,0.0166669,29.3842748440802,1.121062,0.04276854,-0.3165695,0.6362498,-0.4685812,0.548304,0.273826,0,0,0.3460045,0.1704801,0.05882324,0.924283,-0.1382783,0.3399945,0.1048036
108794,0.016667,29.4009418431669,1.12205,0.041742,-0.3176302,-0.6364252,0.4688762,-0.5480831,-0.2733554,0,0,0.3465695,0.1710622,0.05776857,0.923668,-0.1386213,0.3414326,0.1050973
108800,0.0166671,29.4176089428365,1.123029,0.04050237,-0.318524,0.6377375,-0.4686695,0.5463027,0.2742137,0,0,0.3476302,0.1720498,0.056742,0.9234772,-0.1386575,0.3419925,0.1049052
108802,0.0166684,29.4342773426324,1.123676,0.04002717,-0.3181704,0.638572,-0.4674558,0.5463344,0.2742804,0,0,0.348524,0.1730289,0.0555024,0.9229495,-0.1407756,0.3422713,0.1058154
108804,0.016665,29.4509423431009,1.124668,0.03944579,-0.3181112,0.6399766,-0.466269,0.5458753,0.2739409,0,0,0.3481703,0.1736761,0.05502717,0.9231245,-0.1418509,0.3415724,0.1051086
108808,0.0166669,29.4676092434675,1.12474,0.0390265,-0.3177561,-0.6398094,0.4668669,-0.5452102,-0.274636,0,0,0.3481112,0.1746679,0.05444579,0.9230461,-0.1435048,0.341389,0.1041431
108810,0.0166668,29.4842760432512,1.124916,0.03855693,-0.3175898,0.6395218,-0.4672992,0.5449995,0.2749889,0,0,0.347756,0.1747403,0.05402647,0.9228183,-0.1436275,0.3416187,0.1052345
108814,0.0166683,29.5009443424642,1.125434,0.03803217,-0.3179883,-0.6403303,0.4667471,-0.5442825,-0.275465,0,0,0.3475898,0.1749162,0.05355693,0.922735,-0.1434269,0.3417381,0.1058486
108818,0.0166657,29.5176100432873,1.125511,0.03785515,-0.3184649,0.6411693,-0.466779,0.5429654,0.2760579,0,0,0.3479882,0.1754339,0.05303217,0.9225971,-0.1446904,0.3415193,0.1060375
108822,0.0166681,29.5342781431973,1.125369,0.03757888,-0.3184281,0.6412156,-0.4666815,0.5426458,0.2767431,0,0,0.3484648,0.1755111,0.05285512,0.9221704,-0.1460809,0.3418442,0.1067929
108824,0.0166653,29.5509434435517,1.125684,0.03755498,-0.3187438,0.6416463,-0.4660429,0.542853,0.2764142,0,0,0.348428,0.1753691,0.05257885,0.9221586,-0.1464489,0.3415329,0.1073852
108828,0.0166671,29.5676105432212,1.126552,0.03679016,-0.3198111,-0.6420707,0.465354,-0.5427197,-0.2768506,0,0,0.3487438,0.1756839,0.05255498,0.9222696,-0.1468401,0.3412911,0.1066636
108830,0.0166669,29.5842774435878,1.126203,0.03692552,-0.3200187,-0.6419968,0.4653262,-0.5420431,-0.2783897,0,0,0.3498111,0.1765522,0.05179019,0.922366,-0.1475689,0.3407239,0.1066379
108836,0.0166674,29.6009448431432,1.12607,0.03657809,-0.3212361,-0.6417056,0.4660997,-0.540881,-0.2800229,0,0,0.3500187,0.1762028,0.05192553,0.9223304,-0.1481704,0.3401036,0.1080818
108838,0.0166664,29.6176112424582,1.126103,0.03628013,-0.3212446,-0.6421536,0.4659289,-0.5407281,-0.2795749,0,0,0.3512361,0.1760705,0.05157809,0.9220191,-0.1485705,0.3400966,0.1101899
108842,0.0166675,29.6342787425965,1.126853,0.03537181,-0.3226635,0.6426694,-0.466861,0.5383927,0.2813366,0,0,0.3512446,0.1761031,0.05128013,0.921916,-0.1489554,0.3403613,0.1097152
108844,0.0166677,29.6509464420378,1.127166,0.03478411,-0.3226671,0.6442637,-0.4660645,0.5371276,0.2814289,0,0,0.3526634,0.1768535,0.05037181,0.9211418,-0.1505088,0.3409533,0.112231
108848,0.016666,29.6676124427468,1.127278,0.03445241,-0.3226212,-0.6441823,0.4665678,-0.5361163,-0.2827065,0,0,0.3526671,0.1771658,0.04978411,0.9207554,-0.152646,0.3411145,0.1120252
108852,0.0166663,29.6842787433416,1.127102,0.03399107,-0.3225724,-0.6446472,0.4669471,-0.5353891,-0.2823985,0,0,0.3526212,0.177278,0.04945238,0.9204782,-0.1531569,0.3411025,0.1136306
108856,0.0166684,29.7009471431375,1.126614,0.03422639,-0.323269,0.6447418,-0.4672299,0.5348522,0.282732,0,0,0.3525724,0.1771018,0.04899107,0.920101,-0.1536624,0.3418627,0.1137185
108858,0.0166665,29.7176136430353,1.126035,0.03434727,-0.3233382,0.6444393,-0.467188,0.535358,0.2825336,0,0,0.353269,0.1766143,0.04922639,0.9199018,-0.1539614,0.3420776,0.1142781
108862,0.0166687,29.7342823427171,1.126522,0.0342752,-0.3241121,0.6457186,-0.4661962,0.5347887,0.2823291,0,0,0.3533382,0.176035,0.04934727,0.9200786,-0.1534597,0.3419227,0.1139928
108864,0.0166653,29.7509476430714,1.126625,0.03436416,-0.3244613,-0.6460385,0.4656475,-0.5348489,-0.282389,0,0,0.354112,0.1765223,0.0492752,0.9199446,-0.1550283,0.3418094,0.1132897
108868,0.016666,29.7676136437804,1.127163,0.0344179,-0.3257764,0.6460679,-0.4665207,0.5333489,0.2837141,0,0,0.3544613,0.1766248,0.04936413,0.9200431,-0.1554545,0.3414496,0.1129898
108872,0.0166674,29.7842810433358,1.127458,0.03394327,-0.3239758,0.6511416,-0.4632643,0.5296951,0.2842957,0,0,0.3557764,0.1771629,0.0494179,0.9195316,-0.1561623,0.3418496,0.1149512
108874,0.0166671,29.8009481430054,1.127234,0.03412417,-0.3234183,-0.6517808,0.4628604,-0.5291041,-0.284589,0,0,0.3539758,0.1774579,0.04894327,0.9185373,-0.1631029,0.3415819,0.1140552
108878,0.0166664,29.8176145423204,1.127064,0.03438988,-0.3231816,-0.6545278,0.461236,-0.5268573,-0.2850899,0,0,0.3534183,0.1772335,0.0491242,0.9183875,-0.164084,0.3414787,0.1141631
108882,0.0166694,29.8342839423567,1.126543,0.03472736,-0.3222379,-0.6543728,0.4612103,-0.5264428,-0.2862506,0,0,0.3531816,0.1770638,0.04938985,0.9177334,-0.1679593,0.3414136,0.1139818
108884,0.0166647,29.8509486429393,1.126074,0.03498363,-0.3206522,0.6538775,-0.4600365,0.5280463,0.2863179,0,0,0.3522379,0.1765433,0.04972737,0.9177341,-0.168292,0.3408868,0.1150568
108888,0.0166681,29.8676167428494,1.125531,0.03572628,-0.3200904,0.6537868,-0.4598531,0.5286388,0.2857252,0,0,0.3506522,0.1760738,0.04998361,0.9185278,-0.1675771,0.3394162,0.1141108
108892,0.0166658,29.8842825423926,1.125594,0.03644333,-0.3200286,0.6550361,-0.4583849,0.5285709,0.2853487,0,0,0.3500904,0.1755307,0.05072628,0.918704,-0.1671644,0.3393896,0.1133746
108894,0.0166669,29.9009494427592,1.125603,0.03667668,-0.3186582,0.6553859,-0.457427,0.5298858,0.2836388,0,0,0.3500286,0.1755944,0.05144332,0.9187856,-0.1686035,0.3388644,0.1121462
108900,0.0166681,29.9176175426692,1.125304,0.03793734,-0.318443,0.6558739,-0.4565524,0.5306506,0.2824879,0,0,0.3486582,0.1756034,0.05167668,0.9191774,-0.1682255,0.3387499,0.109826
108902,0.0166662,29.9342837426811,1.124882,0.03902012,-0.3185949,0.6563277,-0.4560997,0.5307639,0.2819517,0,0,0.348443,0.1753039,0.05293734,0.9194151,-0.1683049,0.3386065,0.1081441
108906,0.0166668,29.9509505424649,1.124891,0.04016891,-0.3183289,0.6574953,-0.4541421,0.5319413,0.2801666,0,0,0.3485949,0.1748825,0.05402015,0.9194314,-0.1686486,0.3386357,0.1073746
108908,0.0166671,29.9676176421344,1.124725,0.04111403,-0.3181082,0.6572722,-0.4538933,0.5324156,0.2801925,0,0,0.3483289,0.1748912,0.05516891,0.919855,-0.1693066,0.3380872,0.1043988
108912,0.0202418,29.9878594428301,1.124467,0.04219633,-0.317401,-0.6583644,0.4524232,-0.5334834,-0.2779661,0,0,0.3481082,0.1747245,0.05611403,0.9200774,-0.1690021,0.3376999,0.1041863
108916,0.0166675,30.0045269429684,1.124388,0.04244211,-0.3170117,0.6584889,-0.4521802,0.5335665,0.2779068,0,0,0.347401,0.1744667,0.0571963,0.920332,-0.1693872,0.3377371,0.1011472
108920,0.0173538,30.0218807421625,1.124843,0.04241002,-0.3169032,0.6595353,-0.4511625,0.5339792,0.276282,0,0,0.3470117,0.1743881,0.05744211,0.9203821,-0.1695176,0.3375998,0.1009312
108922,0.016666,30.0385467428714,1.124754,0.042887,-0.317455,-0.660028,0.4513265,-0.5337276,-0.2753222,0,0,0.3469031,0.174843,0.05741002,0.9204093,-0.170146,0.3378362,0.09881248
108926,0.0166666,30.0552133433521,1.124974,0.0428319,-0.317582,0.6605448,-0.4510746,0.5342708,0.2734358,0,0,0.3474549,0.174754,0.057887,0.9201444,-0.1703846,0.3386391,0.09811783
108928,0.016667,30.0718803424388,1.12482,0.0428423,-0.3171651,-0.6616408,0.450992,-0.534398,-0.2706596,0,0,0.3475819,0.1749744,0.0578319,0.9201012,-0.1702142,0.3393853,0.09622151
108932,0.0166687,30.0885490421206,1.124633,0.04250059,-0.3166887,0.6619096,-0.4506333,0.5359243,0.2675641,0,0,0.347165,0.1748196,0.05784233,0.9197302,-0.1704406,0.3409718,0.09372614
108936,0.0166657,30.1052147429436,1.124488,0.04255113,-0.3163707,-0.662293,0.4499435,-0.5371986,-0.2652104,0,0,0.3466886,0.1746332,0.05750059,0.9198979,-0.1693918,0.3419004,0.09054475
108940,0.0166671,30.1218818426132,1.124282,0.04286128,-0.3158515,-0.6615143,0.4503883,-0.5401943,-0.2602676,0,0,0.3463707,0.1744885,0.05755113,0.920108,-0.168826,0.3423172,0.08785233
108942,0.0166666,30.1385484430939,1.123938,0.04330465,-0.3153638,0.6610807,-0.4510064,0.5413882,0.2578071,0,0,0.3458515,0.1742817,0.05786125,0.9204693,-0.1655901,0.3440564,0.0833156
108946,0.0166678,30.155216243118,1.12468,0.04332623,-0.3159415,-0.6624119,0.4510452,-0.5411009,-0.2549089,0,0,0.3453638,0.1739379,0.05830465,0.9204805,-0.1639444,0.3452813,0.08135588
108948,0.0166667,30.1718829423189,1.1256,0.042707,-0.316157,0.6650833,-0.4500622,0.5405135,0.2509054,0,0,0.3459414,0.1746804,0.05832626,0.9198788,-0.1644801,0.3471914,0.07891489
108954,0.0168917,30.1887746416032,1.126853,0.04204419,-0.3169462,0.6691669,-0.4483134,0.5381386,0.2482694,0,0,0.346157,0.1756003,0.057707,0.9190627,-0.1663215,0.3493484,0.07494424
108956,0.0166682,30.2054428420961,1.126776,0.04196391,-0.3170455,-0.6705323,0.4501546,-0.5363261,-0.2451567,0,0,0.3469462,0.1768535,0.05704419,0.9178159,-0.1706674,0.3511445,0.07200223
108960,0.0166673,30.2221101429313,1.127304,0.04081169,-0.3161334,-0.6731626,0.448498,-0.5358523,-0.2419999,0,0,0.3470454,0.1767761,0.05696391,0.9163511,-0.1712698,0.3549092,0.07075857
108962,0.0166661,30.2387762423605,1.127979,0.03987965,-0.3156528,-0.6755823,0.4484861,-0.5336044,-0.2402397,0,0,0.3461334,0.1773042,0.05581169,0.9157533,-0.1734437,0.3561039,0.06710584
108966,0.0166692,30.2554454430938,1.127701,0.03998572,-0.3149804,-0.6787693,0.4472592,-0.5320102,-0.2370584,0,0,0.3456528,0.1779787,0.05487962,0.9145089,-0.1760128,0.3582456,0.06597822
108968,0.0166658,30.272111242637,1.12776,0.03959224,-0.3146898,-0.6810214,0.4467462,-0.5301648,-0.2356967,0,0,0.3449804,0.1777011,0.05498572,0.9133781,-0.1789917,0.3602245,0.062776
108972,0.0166666,30.2887778431177,1.128168,0.0391688,-0.3151679,-0.6864163,0.4430611,-0.5263945,-0.2354533,0,0,0.3446897,0.1777602,0.05459224,0.9124007,-0.1815019,0.3616419,0.06162287
108976,0.0166669,30.3054447434843,1.12901,0.03818753,-0.3144313,-0.6923711,0.4394993,-0.5240937,-0.2297573,0,0,0.3451678,0.1781679,0.05416881,0.9110855,-0.1887188,0.3615609,0.05985104
108980,0.0166671,30.3221118431538,1.128775,0.03731632,-0.3142707,-0.6953449,0.4394916,-0.520977,-0.2278721,0,0,0.3444313,0.1790097,0.0531875,0.9093148,-0.1944631,0.3640013,0.05323313
108982,0.0166673,30.3387791439891,1.128083,0.03685159,-0.3124821,0.6965755,-0.4408283,0.5204968,0.2225672,0,0,0.3442707,0.1787755,0.05231635,0.9076062,-0.1978438,0.3665855,0.05219155
108986,0.0166679,30.3554470445961,1.126275,0.03624687,-0.3100001,-0.6985615,0.4379138,-0.5241975,-0.2132143,0,0,0.3424821,0.1780832,0.05185159,0.9062511,-0.1974182,0.370644,0.04856068
108988,0.0166659,30.3721129447222,1.123494,0.03673524,-0.3056653,0.7004258,-0.4332576,0.5323192,0.195775,0,0,0.3400001,0.1762751,0.05124687,0.9061961,-0.1962306,0.3726211,0.0381544
108992,0.0166671,30.3887800443918,1.120213,0.03995464,-0.3047772,0.6953558,-0.4308918,0.5429794,0.1897001,0,0,0.3356653,0.173494,0.05173524,0.9063597,-0.1917342,0.3760131,0.01908888
108996,0.016667,30.4054470434785,1.118086,0.04048696,-0.3024734,0.6906714,-0.433851,0.5491408,0.1821833,0,0,0.3347772,0.1702126,0.05495463,0.909717,-0.1822852,0.372927,0.0106172
108998,0.0166665,30.4221135433763,1.117566,0.04200754,-0.3048495,0.6934671,-0.4273565,0.5531874,0.1745093,0,0,0.3324734,0.1680855,0.05548693,0.9103829,-0.1730781,0.3757955,0.004985156
109002,0.0166669,30.4387804437429,1.117005,0.04279417,-0.3046541,0.6915002,-0.4221051,0.5617049,0.1677573,0,0,0.3348495,0.1675665,0.05700754,0.9107852,-0.1739711,0.3743896,-0.006074758
109006,0.0166676,30.455448044464,1.117315,0.04376093,-0.3058747,-0.685004,0.422686,-0.5682588,-0.1708454,0,0,0.334654,0.1670049,0.05779414,0.9130536,-0.1688111,0.3709022,-0.01635337
109010,0.0166661,30.4721141438931,1.117225,0.04371899,-0.3049563,-0.6765473,0.4159041,-0.578788,-0.1852352,0,0,0.3358747,0.1673149,0.05876093,0.9163508,-0.1611256,0.3662356,-0.01453278
109012,0.0166672,30.4887813441455,1.116787,0.04453951,-0.3047328,-0.6679329,0.413859,-0.5885121,-0.190368,0,0,0.3349563,0.1672251,0.05871902,0.9241787,-0.1550542,0.3489754,-0.00825698
109016,0.0166668,30.5054481439292,1.116737,0.04458523,-0.3032629,-0.6601452,0.398953,-0.6005607,-0.210646,0,0,0.3347327,0.1667867,0.05953951,0.9291109,-0.1455833,0.3398727,-0.006704967
109018,0.0166675,30.5221156440675,1.116512,0.04334715,-0.3033641,-0.6411368,0.4129609,-0.5924883,-0.2595469,0,0,0.3332629,0.1667374,0.05958523,0.938728,-0.1434256,0.3133988,-0.0002867949
109022,0.0166663,30.5387819446623,1.116633,0.04341662,-0.3031153,-0.6264027,0.4186005,-0.5918832,-0.2864743,0.0807157605886459,0.0380815826356411,0.3333641,0.1665122,0.05834715,0.9435512,-0.1380351,0.2966574,0.05149558
109026,0.0166677,30.5554496441036,1.117017,0.0434339,-0.3030695,0.6140593,-0.4202794,0.5977072,0.2984002,0.164907574653625,0.445090681314468,0.3331152,0.1666334,0.05841662,0.9467717,-0.1306498,0.2834986,0.07863012
109030,0.016666,30.5721156448126,1.116393,0.04416358,-0.3023349,0.6034981,-0.4170747,0.601322,0.3166239,0.174144357442856,0.602834701538086,0.3330694,0.1670167,0.05843391,0.9500735,-0.1202582,0.2736871,0.08940834
109032,0.0166671,30.5887827444822,1.11622,0.04543591,-0.3017177,0.5972992,-0.4157967,0.6039669,0.3249168,0.196972861886024,0.800625503063202,0.3323348,0.1663927,0.05916359,0.9536085,-0.1153576,0.258204,0.1032191
109036,0.0166667,30.605449443683,1.116874,0.04592681,-0.300488,-0.5879973,0.3967161,-0.6187139,-0.3377406,0.308788537979126,1,0.3317176,0.16622,0.06043591,0.9553885,-0.1115063,0.2505987,0.1095425
109038,0.0166669,30.6221163440496,1.117691,0.04634973,-0.3007363,0.5886934,-0.3739042,0.6317105,0.3384933,0.407389402389526,1,0.3304879,0.1668735,0.06092681,0.9629162,-0.1067367,0.2232277,0.10756
109042,0.0166673,30.6387836448848,1.118585,0.04701141,-0.299307,-0.5853298,0.3457798,-0.6483476,-0.3427401,0.579805672168732,1,0.3307363,0.1676913,0.06134973,0.9687418,-0.109299,0.2024303,0.09281839
109046,0.0166674,30.6554510444403,1.118642,0.04785309,-0.2972898,0.5823827,-0.3210134,0.666073,0.3378277,0.607381403446198,1,0.329307,0.1685845,0.06201138,0.9755849,-0.1095831,0.1736379,0.07794534
109050,0.0166669,30.6721179448068,1.119266,0.04948184,-0.2964994,-0.5822561,0.2934815,-0.6819513,-0.3313442,0.737162113189697,1,0.3272898,0.1686423,0.06285308,0.9810196,-0.1065327,0.1516663,0.05699809
109052,0.016667,30.6887849438936,1.119583,0.04980698,-0.2963,0.5784889,-0.290116,0.6853074,0.3339717,0.853204965591431,1,0.3264993,0.1692656,0.06448184,0.9851801,-0.1071761,0.1296431,0.03355795
109056,0.0166664,30.7054513432086,1.120135,0.05000142,-0.2956558,-0.5751874,0.2709991,-0.6970218,-0.3314806,0.890732288360596,1,0.3262999,0.1695833,0.06480698,0.9862325,-0.1043952,0.1237417,0.03369302
109058,0.0166683,30.7221196424216,1.120271,0.0511049,-0.2961473,0.573168,-0.2744954,0.6965506,0.3330884,0.933605194091797,1,0.3256557,0.1701352,0.06500141,0.9888582,-0.102438,0.1062438,0.01944944
109062,0.0166661,30.7387857418507,1.12044,0.05161071,-0.295593,-0.569099,0.2685015,-0.70171,-0.3341202,0.945694506168365,1,0.3261472,0.1702715,0.0661049,0.9888616,-0.1002094,0.1076314,0.02294463
109066,0.0166672,30.7554529421031,1.120613,0.05191278,-0.295408,-0.566162,0.2638884,-0.7063546,-0.3329966,0.94933146238327,1,0.3255929,0.1704401,0.06661071,0.9900613,-0.09691686,0.09992115,0.02003973
109068,0.0166661,30.7721190415323,1.121068,0.05234447,-0.2951282,0.5651684,-0.2624314,0.7069983,0.3344665,0.956791460514069,1,0.3254079,0.1706126,0.06691276,0.9909369,-0.09380496,0.09480508,0.01602517
109072,0.0166671,30.7887861412019,1.121716,0.05286336,-0.2958094,0.5621747,-0.2608607,0.7097641,0.3348824,0.971687734127045,1,0.3251282,0.1710685,0.0673445,0.991172,-0.09355057,0.09249164,0.01648724
109076,0.0166667,30.8054528404027,1.121864,0.05398133,-0.2960058,-0.5613674,0.2593949,-0.7107876,-0.3352044,0.971965372562408,1,0.3258094,0.1717159,0.06786336,0.9917436,-0.09054852,0.08942694,0.01576626
109078,0.0166679,30.8221207410097,1.122062,0.05472636,-0.2963024,0.5601195,-0.2572565,0.7119922,0.3363814,0.978927493095398,1,0.3260058,0.171864,0.06898136,0.9919623,-0.09001684,0.0876257,0.01515251
109082,0.0166667,30.8387874402106,1.122255,0.05559418,-0.2962491,-0.5589215,0.2547765,-0.7133183,-0.3374502,0.985268354415894,1,0.3263023,0.1720622,0.06972636,0.9922684,-0.08947447,0.08470541,0.0149268
109086,0.0166674,30.855454839766,1.122155,0.05645043,-0.2962537,0.558014,-0.2525437,0.714727,0.3376497,0.989513158798218,1,0.3262491,0.1722555,0.07059418,0.9925814,-0.08900973,0.08155925,0.01440358
109088,0.016667,30.8721218388528,1.122005,0.05710316,-0.2963256,-0.557203,0.2526167,-0.7151719,-0.3379924,1,1,0.3262537,0.1721547,0.07145043,0.9928464,-0.08845971,0.07909607,0.01322324
109092,0.0166669,30.8887887392193,1.121919,0.05782574,-0.2966793,0.5563096,-0.2508274,0.7162272,0.3385616,1,1,0.3263255,0.1720049,0.07210316,0.9929507,-0.08766523,0.07861481,0.01354688
109096,0.0166671,30.9054558388889,1.121806,0.05863086,-0.2964845,-0.5559928,0.2485781,-0.717315,-0.3384378,1,1,0.3266793,0.171919,0.07282574,0.99317,-0.08721721,0.07640778,0.01298317
109100,0.016667,30.9221228379756,1.122155,0.05890319,-0.2965693,0.5550439,-0.2463964,0.7189206,0.3381836,1,1,0.3264844,0.1718056,0.07363082,0.9933436,-0.08721561,0.07435767,0.01152539
109104,0.0166662,30.9387890379876,1.122466,0.05957019,-0.2968023,0.5550466,-0.2455236,0.7196491,0.3372634,1,1,0.3265693,0.1721546,0.07390319,0.9935969,-0.08642498,0.07208957,0.009954032
109106,0.0166668,30.9554558377713,1.122456,0.0600878,-0.2966306,-0.5539398,0.2445187,-0.7207226,-0.3375208,1,1,0.3268023,0.1724657,0.07457019,0.9936599,-0.08619045,0.07167895,0.008571389
109110,0.0166667,30.9721225369722,1.122631,0.06037912,-0.2965754,-0.5534092,0.2427308,-0.7220353,-0.3368756,1,1,0.3266305,0.172456,0.0750878,0.9938552,-0.08522665,0.07015409,0.008170011
109112,0.016667,30.9887895360589,1.122845,0.06079763,-0.2964596,0.5528586,-0.2399914,0.7231165,0.3374228,1,1,0.3265753,0.1726314,0.07537912,0.9940238,-0.08467907,0.06858614,0.006487558
109116,0.0166668,31.0054563358426,1.123154,0.06114176,-0.296079,-0.5519512,0.2336063,-0.7259223,-0.3373645,1,1,0.3264596,0.1728446,0.07579763,0.9942101,-0.08481307,0.06575859,0.005379247
109118,0.0166674,31.0221237353981,1.123288,0.06155742,-0.2956386,0.5500045,-0.2338328,0.7267942,0.338508,1,1,0.3260789,0.1731544,0.07614176,0.9945802,-0.08499736,0.05986029,0.001570365
109122,0.0166664,31.0387901347131,1.123406,0.06167847,-0.2950437,0.5479932,-0.2328071,0.7281035,0.3396613,1,1,0.3256386,0.1732882,0.07655738,0.9947998,-0.0832338,0.0586377,0.002690766
109126,0.0166687,31.0554588343948,1.123733,0.06203172,-0.2947128,0.5457422,-0.2316247,0.7296338,0.340808,1,1,0.3250437,0.1734057,0.07667847,0.995064,-0.08165257,0.05631219,0.003095645
109130,0.0166657,31.0721245352179,1.123177,0.06296203,-0.2938811,-0.542215,0.2290744,-0.7325868,-0.341825,1,0.98871523141861,0.3247127,0.1737333,0.07703172,0.995353,-0.07983316,0.0537359,0.003397212
109132,0.0166677,31.0887922346592,1.12319,0.06403393,-0.2933564,0.5399866,-0.2255094,0.7349263,0.3427001,1,0.96560662984848,0.3238811,0.1731772,0.07796203,0.9958187,-0.07679641,0.0493967,0.002739735
109136,0.0166666,31.1054588351399,1.123029,0.06475428,-0.2930732,-0.5370012,0.2236057,-0.737088,-0.3439935,1,0.958422601222992,0.3233563,0.1731896,0.0790339,0.9961414,-0.07538579,0.04491321,0.001428662
109140,0.0166669,31.1221257355064,1.122751,0.06617522,-0.2932046,0.5328735,-0.2195647,0.7408304,0.3449745,1,0.944189250469208,0.3230732,0.1730289,0.07975428,0.9964765,-0.07297859,0.0413112,0.00144761
109142,0.0166666,31.1387923359871,1.122734,0.06724176,-0.2931359,0.5318987,-0.2194637,0.7417916,0.3444774,1,0.919273376464844,0.3232045,0.172751,0.08117522,0.9969444,-0.06961276,0.03544114,-7.902317E-05
109146,0.0166672,31.1554595362395,1.123144,0.06837344,-0.2929307,-0.5300597,0.2149155,-0.7444203,-0.3445091,1,0.903334319591522,0.3231359,0.1727341,0.08224176,0.997047,-0.06832705,0.03504732,-0.0006385522
109148,0.0166664,31.1721259355545,1.123243,0.06948221,-0.2925945,0.5285333,-0.2129957,0.7456003,0.3454934,1,0.890864551067352,0.3229307,0.1731437,0.08337341,0.9972722,-0.06724538,0.03026052,-0.003254894
109152,0.0166674,31.1887933351099,1.123495,0.0707522,-0.2925827,-0.5284124,0.2096223,-0.747056,-0.3445958,1,0.887171685695648,0.3225945,0.1732426,0.08448221,0.9974092,-0.06637862,0.02751016,-0.003460479
109156,0.0166663,31.2054596357048,1.123815,0.07208082,-0.2924757,0.5274993,-0.2060543,0.7492127,0.3434625,1,0.878773510456085,0.3225826,0.1734948,0.0857522,0.9974501,-0.0665815,0.02492951,-0.006220275
109160,0.0166674,31.2221270352602,1.12405,0.07335153,-0.2924629,-0.5272917,0.2016797,-0.7504081,-0.3437682,1,0.873635232448578,0.3224757,0.1738147,0.08708082,0.9975458,-0.06585258,0.02187932,-0.009327659
109162,0.016667,31.2387940343469,1.124482,0.07475448,-0.2922115,0.5274072,-0.1970509,0.7516521,0.3435572,1,0.863225996494293,0.3224629,0.1740504,0.08835156,0.9975436,-0.06671803,0.01797808,-0.01150357
109166,0.0166662,31.2554602343589,1.124708,0.07576838,-0.2919002,-0.5277464,0.194022,-0.7524378,-0.3430402,1,0.862551808357239,0.3222114,0.1744818,0.08975448,0.9974959,-0.06779014,0.01422102,-0.01428994
109168,0.0166673,31.2721275351942,1.124824,0.07712117,-0.2917945,0.5272886,-0.1916962,0.7535248,0.3426656,1,0.858970701694489,0.3219002,0.1747083,0.09076835,0.9974338,-0.06862943,0.01203746,-0.01645735
109172,0.0166671,31.2887946348637,1.124863,0.07869288,-0.2915827,-0.5274292,0.1905907,-0.7537364,-0.3426006,1,0.853859722614288,0.3217945,0.1748238,0.09212114,0.9974372,-0.06848986,0.009995774,-0.01811655
109176,0.0166665,31.3054611347616,1.124947,0.08018205,-0.2914563,0.5271411,-0.1861928,0.7552244,0.3421849,1,0.845600068569183,0.3215827,0.1748628,0.09369288,0.9974065,-0.0688712,0.009163111,-0.01878824
109180,0.0166669,31.3221280351281,1.12513,0.08183289,-0.2918912,-0.5279093,0.1834741,-0.7560489,-0.3406451,1,0.844920754432678,0.3214562,0.1749473,0.09518208,0.9973402,-0.06938857,0.00548952,-0.02162439
109182,0.0166671,31.3387951347977,1.125105,0.08362622,-0.2921392,0.5285595,-0.1790748,0.7574809,0.3387918,1,0.840762436389923,0.3218912,0.1751297,0.09683292,0.9972208,-0.07021637,0.004167683,-0.02455456
109186,0.0166671,31.3554622344673,1.125219,0.08522612,-0.2924178,-0.5291799,0.1760625,-0.7579037,-0.3384565,1,0.832338094711304,0.3221392,0.1751053,0.09862621,0.9970491,-0.0711839,0.001503211,-0.02870145
109188,0.0166664,31.3721286337823,1.125153,0.08669195,-0.2924285,0.5290511,-0.1743113,0.7582562,0.3387744,1,0.824286222457886,0.3224177,0.1752195,0.1002261,0.996901,-0.07244648,-0.0005759408,-0.03065355
109192,0.0166672,31.3887958340347,1.125139,0.08800995,-0.2927769,0.5291194,-0.1731291,0.7589735,0.3376661,1,0.825309753417969,0.3224285,0.1751528,0.1016919,0.996848,-0.07285854,-0.002217666,-0.03131765
109196,0.0166664,31.4054622333497,1.124774,0.08952296,-0.2928396,-0.528396,0.1712621,-0.7597927,-0.3379083,1,0.82299417257309,0.3227769,0.1751387,0.10301,0.9968004,-0.07274743,-0.002757445,-0.03300268
109198,0.0166669,31.4221291337162,1.124395,0.09046552,-0.2927794,0.5276848,-0.1711428,0.7602288,0.3380995,1,0.820627152919769,0.3228396,0.1747735,0.104523,0.9967838,-0.07249927,-0.004762233,-0.03381366
109202,0.0166671,31.4387962333858,1.123783,0.09134579,-0.2925388,-0.5252689,0.1715545,-0.7613484,-0.3391315,1,0.816903114318848,0.3227793,0.1743954,0.1054655,0.9968334,-0.07182114,-0.005286755,-0.03371707
109206,0.0166673,31.4554635342211,1.122628,0.09255525,-0.2929663,0.5242933,-0.1735372,0.7610072,0.3403961,1,0.811898767948151,0.3225388,0.1737828,0.1063458,0.9970294,-0.0694857,-0.006528889,-0.03258171
109208,0.0166674,31.4721309337765,1.121944,0.0936926,-0.2930892,-0.5233862,0.173837,-0.7613319,-0.3409126,1,0.79738050699234,0.3229663,0.1726282,0.1075553,0.9971752,-0.06846575,-0.005832012,-0.03033423
109214,0.016666,31.4887969344854,1.121529,0.09471846,-0.2941851,-0.5228938,0.1773815,-0.7615553,-0.3393397,1,0.794008553028107,0.3230892,0.1719441,0.1086926,0.99725,-0.06761099,-0.006224164,-0.02970577
109216,0.0166664,31.5054633338004,1.121106,0.09560263,-0.294237,-0.5220069,0.1758579,-0.7627454,-0.3388249,1,0.784385144710541,0.3241851,0.1715292,0.1097185,0.9974163,-0.06554806,-0.002931641,-0.02925214
109220,0.0166675,31.5221308339387,1.120602,0.09654231,-0.294711,-0.5217638,0.1780478,-0.7632585,-0.3368948,1,0.782749056816101,0.3242369,0.1711064,0.1106026,0.997425,-0.06471483,-0.004450795,-0.03058911
109222,0.0166672,31.5387980341911,1.119918,0.09764892,-0.2951717,-0.5217624,0.1819128,-0.7627759,-0.3359238,1,0.781362473964691,0.324711,0.1706019,0.1115423,0.997517,-0.0631052,-0.002028638,-0.03120322
109226,0.0166672,31.5554652344435,1.118838,0.09788126,-0.2958643,-0.5182055,0.2021773,-0.7598338,-0.3365116,1,0.778196036815643,0.3251716,0.169918,0.1126489,0.9976382,-0.06177582,0.001557214,-0.02998927
109228,0.016666,31.5721312351525,1.117919,0.09805408,-0.2969978,-0.5162549,0.2158656,-0.7573634,-0.3365764,1,0.756627202033997,0.3258642,0.1688381,0.1128813,0.9982662,-0.05344856,0.01655925,-0.01826307
109232,0.0166672,31.5887984354049,1.115916,0.09721074,-0.2985111,-0.515979,0.2423073,-0.7523082,-0.3302805,1,0.73979514837265,0.3269978,0.1679195,0.1130541,0.9984078,-0.04833132,0.02710978,-0.01053269
109236,0.0166665,31.6054649353027,1.114693,0.09827664,-0.2988146,0.5206314,-0.2410261,0.7535227,0.3210186,1,0.79068922996521,0.3285111,0.1659155,0.1122107,0.9978601,-0.03992316,0.05176707,-0.001288519
109240,0.0166671,31.6221320349723,1.112255,0.09874406,-0.2993314,0.5274205,-0.2550072,0.7505085,0.3058366,1,0.872751414775848,0.3288146,0.1646931,0.1132766,0.9974893,-0.04143862,0.05644668,-0.01057354
109242,0.0166666,31.638798635453,1.110368,0.1002866,-0.2997046,-0.5334539,0.2548182,-0.7522557,-0.2908709,1,1,0.3293313,0.1622555,0.1137441,0.996054,-0.04001681,0.07750908,-0.01635562
109246,0.0166683,31.655466934666,1.107979,0.1002892,-0.2977987,0.5355638,-0.2553023,0.7552391,0.2785788,1,1,0.3297046,0.1603683,0.1152866,0.9950003,-0.04074951,0.08607493,-0.03008312
109248,0.0166656,31.6721325349063,1.105825,0.1011549,-0.2970334,0.5385199,-0.2645188,0.7534314,0.269012,1,1,0.3277987,0.1579787,0.1152891,0.9941561,-0.03817605,0.09228676,-0.04098071
109252,0.0166692,31.6888017356396,1.104445,0.1006092,-0.2979722,0.5437787,-0.2837212,0.7505829,0.2458299,1,0.934991598129272,0.3270334,0.1558252,0.1161549,0.9927936,-0.0360603,0.105398,-0.04417972
109256,0.0166652,31.7054669354111,1.102689,0.1009813,-0.2990154,0.5465984,-0.2974968,0.7460852,0.2368181,1,0.590108811855316,0.3279721,0.1544452,0.1156092,0.9891236,-0.02981379,0.1337227,-0.05351461
109260,0.0166675,31.7221344355494,1.100762,0.1012318,-0.300549,0.5495797,-0.3240196,0.7363736,0.2252273,0.99005126953125,0.423084408044815,0.3290153,0.1526894,0.1159813,0.9867708,-0.02738419,0.1506818,-0.05318318
109262,0.0166677,31.7388021349907,1.099413,0.1009388,-0.3018062,0.555351,-0.3327554,0.7301591,0.2184648,1,0,0.330549,0.1507619,0.1162318,0.9822748,-0.02252884,0.1800188,-0.04713655
109266,0.0166655,31.7554676346481,1.097115,0.1010488,-0.3025056,-0.5612394,0.333577,-0.7288452,-0.2062074,1,0,0.3318061,0.1494134,0.1159388,0.9796464,-0.02545312,0.1933762,-0.0474416
109268,0.0166669,31.7721345350146,1.09517,0.1029213,-0.3059729,-0.5731801,0.3405529,-0.7182797,-0.1989036,0.930541515350342,0,0.3325056,0.1471149,0.1160488,0.9772871,-0.02773875,0.2020807,-0.05747949
109272,0.0166675,31.7888020351529,1.094684,0.1020106,-0.3062161,-0.5897561,0.3613473,-0.6961882,-0.1921925,0.852012693881989,0,0.3359728,0.1451699,0.1179213,0.9735643,-0.03802465,0.2173996,-0.05885578
109276,0.0166675,31.8054695352912,1.094566,0.1018857,-0.3072202,-0.5986798,0.3693541,-0.6871343,-0.1816773,0.737091422080994,0,0.336216,0.1446838,0.1170106,0.966179,-0.05265469,0.2473759,-0.05030669
109280,0.0166664,31.8221359346062,1.093584,0.1010508,-0.3061893,0.6031799,-0.3657857,0.6868683,0.1748909,0.537313282489777,0,0.3372201,0.144566,0.1168857,0.9613374,-0.05881615,0.2636272,-0.05358874
109282,0.0166685,31.8388044349849,1.09209,0.1018374,-0.3069511,0.6081545,-0.3723678,0.6791124,0.1740596,0.0639058500528336,0,0.3361893,0.1435841,0.1160507,0.9601005,-0.06223572,0.2656257,-0.0614559
109286,0.0166683,31.855472734198,1.090939,0.1023723,-0.3075342,-0.6138861,0.3741011,-0.6740768,-0.1697433,0,0,0.336951,0.1420899,0.1168374,0.957487,-0.06729018,0.2745804,-0.0574127
109288,0.0166651,31.8721378333867,1.089604,0.1036257,-0.3090518,-0.6172163,0.3837358,-0.665405,-0.1703734,0,0,0.3375342,0.1409388,0.1173723,0.9550965,-0.07259647,0.2810393,-0.05947567
109294,0.0191321,31.8912699334323,1.089072,0.1042995,-0.3103468,-0.6232241,0.3822764,-0.661096,-0.1685483,0,0,0.3390517,0.139604,0.1186257,0.9521663,-0.07604665,0.2913295,-0.05218601
109296,0.0166666,31.907936533913,1.087845,0.105442,-0.3109518,-0.627933,0.3802433,-0.6582251,-0.1668982,0,0,0.3403468,0.1390721,0.1192995,0.9506482,-0.08287911,0.2940611,-0.05410214
109300,0.0166683,31.9246048331261,1.086824,0.1062383,-0.3112361,-0.6348703,0.3787573,-0.6527128,-0.1656763,0,0,0.3409518,0.1378449,0.120442,0.949586,-0.08825915,0.2954985,-0.0563677
109304,0.0166668,31.9412716329098,1.086029,0.107155,-0.3114483,-0.6384977,0.3774417,-0.6502385,-0.1644642,0,0,0.3412361,0.1368243,0.1212383,0.9477636,-0.09652226,0.2985112,-0.05760689
109306,0.0166666,31.9579382333905,1.085367,0.1078185,-0.3136969,0.6431763,-0.3804516,0.6423832,0.1700727,0,0,0.3414483,0.1360286,0.122155,0.9468144,-0.1007152,0.2998441,-0.05909741
109310,0.0166662,31.9746044334024,1.084674,0.10809,-0.314016,0.6492038,-0.3768699,0.6387198,0.1689394,0,0,0.3436968,0.1353672,0.1228185,0.9454491,-0.1082215,0.3029089,-0.05158018
109314,0.0166678,31.9912722334266,1.08381,0.1083144,-0.3135161,-0.6513012,0.3760956,-0.6381525,-0.1646823,0,0,0.344016,0.1346735,0.12309,0.9442264,-0.1156553,0.3035216,-0.05417502
109316,0.0166666,32.0079388339072,1.082518,0.10897,-0.3131141,0.6536973,-0.3747455,0.637435,0.1610043,0,0,0.3435161,0.1338097,0.1233144,0.9431149,-0.1169103,0.3057569,-0.05812937
109320,0.016667,32.024605832994,1.081294,0.1092973,-0.3130332,0.6545945,-0.3740974,0.6369459,0.1608013,0,0,0.3431141,0.1325179,0.12397,0.9421019,-0.118795,0.3074066,-0.06191176
109324,0.0166659,32.0412717331201,1.080364,0.1093923,-0.3122425,-0.6564854,0.37183,-0.6373665,-0.1566312,0,0,0.3430331,0.1312943,0.1242973,0.9419271,-0.1199078,0.3074117,-0.06239804
109328,0.0166681,32.0579398330301,1.078766,0.1106579,-0.3120874,-0.6560195,0.3715056,-0.6382647,-0.1556932,0,0,0.3422425,0.130364,0.1243923,0.9411997,-0.121077,0.3081507,-0.06728081
109330,0.0166657,32.0746055338532,1.07758,0.1113633,-0.3117608,0.6564604,-0.3708057,0.6385858,0.1541788,0,0,0.3420873,0.1287656,0.1256579,0.9412891,-0.1202017,0.3079785,-0.06837847
109334,0.0237435,32.0983490329236,1.076384,0.1132136,-0.3120998,0.6557723,-0.3695709,0.640704,0.1512561,0,0,0.3417607,0.1275799,0.1263633,0.9410688,-0.1203121,0.3082216,-0.07009922
109338,0.0166688,32.1150178331882,1.075506,0.1136691,-0.3112936,0.6552157,-0.3694873,0.6417846,0.1492784,0,0,0.3420998,0.1263838,0.1282136,0.9411232,-0.1185788,0.3079224,-0.0735532
109342,0.016668,32.1316858325154,1.074863,0.1146891,-0.311034,-0.6553847,0.3689833,-0.6432207,-0.1434902,0,0,0.3412936,0.1255062,0.1286691,0.941004,-0.1172381,0.3083537,-0.07539663
109344,0.0166661,32.1483519319445,1.07419,0.1153087,-0.3104355,-0.655271,0.3681299,-0.6443799,-0.1409781,0,0,0.341034,0.1248626,0.1296891,0.940087,-0.1156201,0.3104119,-0.08070263
109348,0.016669,32.1650209315121,1.074454,0.1152394,-0.3104159,-0.6545655,0.3667372,-0.6466518,-0.1374382,0,0,0.3404355,0.1241904,0.1303087,0.9398839,-0.1147415,0.3106269,-0.08344773
109350,0.0166649,32.1816858313978,1.074077,0.1154655,-0.3102084,-0.6541631,0.3661293,-0.6479026,-0.1350642,0,0,0.3404158,0.1244542,0.1302394,0.9398018,-0.1128439,0.310453,-0.08750879
109354,0.0166715,32.1983573306352,1.074943,0.1159492,-0.3106467,0.6534787,-0.3669591,0.6487935,0.1318092,0,0,0.3402084,0.1240768,0.1304655,0.9396367,-0.1116407,0.3106755,-0.09000026
109358,0.0166626,32.2150199301541,1.074882,0.1163493,-0.3105614,-0.652985,0.3677268,-0.6488644,-0.1317676,0,0,0.3406466,0.1249431,0.1309492,0.9390632,-0.1096944,0.312416,-0.09232382
109362,0.0166695,32.2316894307733,1.075199,0.1166185,-0.3105891,-0.6523966,0.3690921,-0.648812,-0.1311211,0,0,0.3405614,0.1248824,0.1313493,0.9390398,-0.1089986,0.3128499,-0.0919152
109364,0.0166648,32.2483542300761,1.075125,0.1168458,-0.3106944,-0.6519696,0.3691644,-0.6492106,-0.1310687,0,0,0.3405891,0.1251995,0.1316185,0.9387949,-0.1079475,0.3140287,-0.09163779
109368,0.0166681,32.2650223299861,1.07556,0.1167368,-0.3110995,0.6528478,-0.369647,0.6486351,0.1281539,0,0,0.3406943,0.1251255,0.1318458,0.9389051,-0.1073902,0.3138749,-0.09169108
109370,0.0166666,32.2816889304668,1.075639,0.1168205,-0.3113962,-0.6530345,0.3700131,-0.6485078,-0.1267825,0,0,0.3410995,0.1255601,0.1317368,0.9379562,-0.1075479,0.3160455,-0.09373919
109374,0.0177498,32.2994387298822,1.076319,0.1163107,-0.3119796,-0.6539908,0.3736093,-0.6453269,-0.1275357,0,0,0.3413962,0.1256385,0.1318205,0.9375464,-0.1073292,0.3170658,-0.09463871
109378,0.016688,32.316126730293,1.07655,0.1158266,-0.3115491,-0.6541014,0.376831,-0.6434312,-0.1270666,0,0,0.3419796,0.1263193,0.1313107,0.9365425,-0.1084785,0.3205527,-0.09146926
109382,0.0166665,32.3327932301909,1.076892,0.1146036,-0.3118104,-0.6544895,0.3903882,-0.6351233,-0.1259332,0,0,0.341549,0.1265503,0.1308266,0.9356442,-0.1082298,0.3237452,-0.08969589
109384,0.0166675,32.3494607303292,1.076432,0.1141846,-0.3123794,-0.6503296,0.4066615,-0.6288862,-0.1272798,0,0,0.3418104,0.1268917,0.1296036,0.9318607,-0.1074594,0.336831,-0.08144319
109388,0.0166675,32.3661282304674,1.075505,0.1150232,-0.3128875,-0.6476014,0.4162452,-0.6268564,-0.1200143,0,0,0.3423794,0.1264325,0.1291846,0.9290244,-0.1017514,0.348856,-0.06971236
109390,0.0166688,32.382797030732,1.076315,0.1147485,-0.3135584,-0.6494954,0.418476,-0.6239966,-0.1168848,0,0,0.3428875,0.1255053,0.1300232,0.9257105,-0.09565727,0.3592517,-0.06962784
109394,0.0166665,32.3994635306299,1.076565,0.1146941,-0.3142035,0.6472336,-0.4205916,0.6251706,0.1155562,0,0,0.3435584,0.1263154,0.1297485,0.9237509,-0.09702434,0.3637402,-0.07045314
109398,0.0166668,32.4161303304136,1.075988,0.1146668,-0.3145353,-0.6467169,0.4195203,-0.6264958,-0.1151653,0,0,0.3442035,0.1265647,0.1296941,0.9236101,-0.09368036,0.3649781,-0.07042308
109402,0.0166668,32.4327971301973,1.076358,0.114456,-0.3152305,0.6441566,-0.4253165,0.6248375,0.1172452,0,0,0.3445352,0.1259881,0.1296668,0.9240388,-0.09294374,0.3638547,-0.07157874
109404,0.0166687,32.449465829879,1.077278,0.1140929,-0.3157222,-0.6446881,0.4231314,-0.6256965,-0.1176478,0,0,0.3452305,0.1263582,0.129456,0.9235218,-0.09014916,0.3668928,-0.0661087
109408,0.0166653,32.4661311302334,1.078604,0.1137678,-0.316,0.6457983,-0.4238622,0.6239764,0.1180629,0,0,0.3457222,0.1272776,0.1290929,0.9241097,-0.09101082,0.3649914,-0.06722846
109410,0.0166673,32.4827984310687,1.078987,0.1129005,-0.3148976,-0.6458132,0.4239051,-0.6240574,-0.1173971,0,0,0.346,0.1286044,0.1287678,0.9235837,-0.09252055,0.3661285,-0.06620444
109414,0.0167349,32.4995333310217,1.079528,0.1118125,-0.3144218,-0.6457951,0.4250752,-0.6230825,-0.1184399,0,0,0.3448976,0.1289869,0.1279005,0.923432,-0.09233531,0.366461,-0.0667373
109418,0.0166746,32.5162079315633,1.080063,0.1109989,-0.3141038,-0.645933,0.4259369,-0.6222541,-0.1189458,0,0,0.3444218,0.1295279,0.1268125,0.9232758,-0.09259599,0.3670952,-0.06503064
109422,0.0166615,32.5328694321215,1.080469,0.110032,-0.3146011,-0.645909,0.4267005,-0.6216704,-0.1193913,0,0,0.3441038,0.1300631,0.1259989,0.9230539,-0.09290138,0.3677612,-0.06397349
109424,0.0166668,32.5495362319052,1.080914,0.1093139,-0.3146327,0.6463371,-0.427141,0.6208805,0.1196096,0,0,0.344601,0.1304688,0.125032,0.9229056,-0.09298649,0.3682693,-0.06305949
109428,0.0166673,32.5662035327405,1.081579,0.1088876,-0.3150559,0.6469136,-0.4270076,0.6195216,0.1239372,0,0,0.3446327,0.130914,0.1243139,0.9226582,-0.09358536,0.3688323,-0.06250077
109430,0.016668,32.5828715320677,1.082248,0.1083904,-0.3152924,0.6473138,-0.4270532,0.6191148,0.1237222,0,0,0.3450559,0.1315795,0.1238876,0.9233384,-0.09565628,0.3671998,-0.05882533
109434,0.016667,32.5995385311544,1.082604,0.1085721,-0.3160061,-0.6483242,0.4277123,-0.61703,-0.1265388,0,0,0.3452923,0.132248,0.1233904,0.923142,-0.09609752,0.3675634,-0.05891784
109438,0.0166676,32.6162061318755,1.083148,0.1079983,-0.3164842,0.6515595,-0.4263192,0.6144946,0.1269588,0,0,0.3460061,0.1326044,0.1235721,0.9231027,-0.09824489,0.367566,-0.05589752
109442,0.016666,32.6328721325845,1.083322,0.1079062,-0.3161133,-0.6529657,0.4264782,-0.6124688,-0.1289732,0,0,0.3464842,0.133148,0.1229983,0.922473,-0.1025397,0.3679523,-0.0560395
109444,0.0166679,32.6495400331914,1.083168,0.1073888,-0.3159572,-0.6529716,0.4267797,-0.6118125,-0.1310444,0,0,0.3461133,0.1333222,0.1229062,0.9222779,-0.1049695,0.368063,-0.05398763
109448,0.0166658,32.6662058327347,1.083439,0.1071802,-0.3159136,0.6537839,-0.4276515,0.6097251,0.1338513,0,0,0.3459572,0.1331682,0.1223888,0.9225516,-0.105625,0.3674753,-0.0519973
109450,0.0166721,32.6828779336065,1.083525,0.106944,-0.3169737,-0.6541572,0.4293923,-0.6071517,-0.1380851,0,0,0.3459135,0.1334389,0.1221802,0.9224606,-0.1075424,0.3675809,-0.0488412
109454,0.0166755,32.6995534338057,1.083517,0.107916,-0.317852,-0.6519006,0.4309004,-0.6068529,-0.1451895,0,0,0.3469737,0.1335254,0.121944,0.9224678,-0.10935,0.367653,-0.0438972
109458,0.0166734,32.7162268329412,1.08336,0.1079361,-0.3184311,-0.6507334,0.4323309,-0.6060358,-0.1495219,0,0,0.347852,0.1335168,0.122916,0.9239751,-0.1087371,0.3647942,-0.0370337
109462,0.0166615,32.7328883334994,1.082917,0.1076076,-0.3213881,-0.6508448,0.4354198,-0.5991055,-0.1669828,0,0,0.3484311,0.1333602,0.1229361,0.9246051,-0.1086462,0.3636611,-0.03243399
109464,0.0166694,32.7495577335358,1.082996,0.1059316,-0.3225371,0.6477175,-0.4381724,0.5992773,0.1712707,0,0,0.3513881,0.1329171,0.1226076,0.9259664,-0.114683,0.3594597,-0.01492634
109468,0.0166656,32.766223333776,1.083053,0.1052853,-0.3252521,0.6442496,-0.4364794,0.6002595,0.1847069,0,0,0.3525371,0.1329955,0.1209316,0.9267261,-0.1121252,0.3584876,-0.009662473
109470,0.0166664,32.782889733091,1.082303,0.1046964,-0.3268354,0.6421046,-0.437182,0.599991,0.1912706,0,0,0.355252,0.1330532,0.1202853,0.9301779,-0.1124492,0.3494626,0.0004822826
109474,0.0166672,32.7995569333434,1.082969,0.1027767,-0.3292874,0.6325611,-0.4363247,0.6051383,0.2080742,0,0,0.3568354,0.1323027,0.1196964,0.9313985,-0.1120724,0.3462576,0.006511007
109478,0.0166706,32.8162275329232,1.081925,0.1017326,-0.3300955,0.6304767,-0.4397702,0.6029974,0.2132967,0,0,0.3592874,0.1329694,0.1177767,0.9366249,-0.1061291,0.3332989,0.01955332
109482,0.0166632,32.8328907322139,1.080568,0.1013029,-0.3304392,0.6290307,-0.4364014,0.608069,0.210063,0,0,0.3600954,0.1319249,0.1167326,0.9365352,-0.105431,0.3332964,0.02645114
109484,0.0166684,32.8495591320097,1.079981,0.09957474,-0.3303824,-0.62497,0.4366404,-0.6114562,-0.2118468,0,0,0.3604391,0.1305682,0.1163029,0.9379785,-0.1023977,0.3305672,0.02089359
109488,0.0166659,32.8662250321358,1.07924,0.09819287,-0.3311799,0.6205922,-0.4385254,0.6136178,0.2145554,0,0,0.3603823,0.1299813,0.1145747,0.9394058,-0.09793672,0.3277752,0.02210553
109490,0.0166666,32.8828916326165,1.078631,0.09645179,-0.3315629,0.6180553,-0.4396379,0.6139497,0.2186135,0,0,0.3611798,0.12924,0.1131929,0.9404029,-0.09342847,0.3259959,0.02530587
109494,0.0166668,32.8995584324002,1.077603,0.09514904,-0.3318552,-0.6134526,0.4394469,-0.6173467,-0.2223636,0,0,0.3615629,0.1286306,0.1114518,0.9411287,-0.09177858,0.3240168,0.02943934
109498,0.016666,32.9162244331092,1.077198,0.09346533,-0.3315009,-0.6122205,0.4391278,-0.619307,-0.2209337,0,0,0.3618552,0.1276032,0.110149,0.9429005,-0.08746385,0.3197783,0.03210465
109502,0.0166676,32.9328920338303,1.076737,0.0912497,-0.3323164,0.6113206,-0.4410335,0.6184582,0.222005,0,0,0.3615009,0.1271978,0.1084653,0.9432942,-0.08538338,0.3193438,0.03042091
109504,0.016668,32.9495600331575,1.076106,0.0902929,-0.3325099,-0.6116218,0.4405854,-0.618972,-0.2206286,0,0,0.3623164,0.1267368,0.1062497,0.9429939,-0.08464483,0.320207,0.03264102
109508,0.0166664,32.9662264324725,1.075662,0.0891611,-0.3335072,-0.611333,0.4404059,-0.6192126,-0.2211121,0,0,0.3625099,0.126106,0.1052929,0.9429616,-0.08449818,0.3204927,0.03110937
109510,0.01667,32.9828964322805,1.075169,0.08804628,-0.3333555,0.6110077,-0.4391256,0.6205455,0.2208202,0,0,0.3635072,0.1256619,0.1041611,0.9431442,-0.08432656,0.3199736,0.03138334
109514,0.0166641,32.9995605330914,1.07489,0.08700243,-0.332001,-0.6106088,0.4363624,-0.6217867,-0.2238889,0,0,0.3633555,0.1251686,0.1030463,0.9436576,-0.0838304,0.3187051,0.03016335
109518,0.0166665,33.0162270329893,1.074087,0.08677027,-0.3315466,0.6112146,-0.4338697,0.622405,0.2253571,0,0,0.3620009,0.1248896,0.1020025,0.9449113,-0.0845632,0.3146983,0.03093079
109522,0.0167089,33.0329359322786,1.07339,0.08583924,-0.3306912,-0.6112292,0.4321855,-0.6228673,-0.2272681,0,0,0.3615466,0.1240872,0.1017703,0.9456491,-0.08593332,0.3121358,0.03056964
109524,0.016666,33.0496019329876,1.073226,0.08504662,-0.3305142,0.6082562,-0.4352759,0.6221466,0.2312852,0,0,0.3606912,0.1233895,0.1008392,0.9463174,-0.08672825,0.3098281,0.0311157
109528,0.0166669,33.0662688333541,1.072722,0.08408201,-0.330096,-0.6053062,0.4377215,-0.6219227,-0.2349818,0,0,0.3605142,0.1232263,0.1000466,0.9464291,-0.08453237,0.3094943,0.03660207
109530,0.0166672,33.0829360336065,1.072129,0.08362836,-0.3303134,0.6051867,-0.4346506,0.6243617,0.2345216,0,0,0.360096,0.1227223,0.09908201,0.9466895,-0.08227696,0.3087054,0.04135817
109536,0.0166673,33.0996033344418,1.071472,0.08324561,-0.330453,0.6031061,-0.4345568,0.626545,0.2342323,0,0,0.3603134,0.1221288,0.09862836,0.947719,-0.08201093,0.3059447,0.03874036
109538,0.0183292,33.1179325338453,1.070934,0.0828701,-0.3302647,-0.6036014,0.430972,-0.6286296,-0.2339941,0,0,0.360453,0.1214722,0.09824561,0.948336,-0.07933033,0.3048101,0.03816184
109542,0.0166678,33.1346003338695,1.070862,0.08148637,-0.3303826,-0.6031904,0.4297175,-0.6289788,-0.2364106,0,0,0.3602646,0.1209338,0.0978701,0.9493411,-0.07993823,0.3018335,0.0354678
109544,0.0166673,33.1512676347047,1.070209,0.08047494,-0.3287485,0.6025639,-0.4270859,0.6316886,0.2355503,0,0,0.3603825,0.1208617,0.09648634,0.9499905,-0.08041272,0.2995027,0.03674215
109548,0.0166668,33.1679344344884,1.07065,0.07894677,-0.3284172,0.6021192,-0.4285129,0.630755,0.2365953,0,0,0.3587484,0.1202089,0.09547491,0.9509513,-0.07938353,0.2970382,0.03403205
109552,0.0166668,33.1846012342721,1.070064,0.07860762,-0.328544,-0.6019068,0.4265594,-0.6325946,-0.2357529,0,0,0.3584172,0.1206505,0.09394677,0.9506845,-0.079202,0.2977154,0.03593866
109556,0.0166673,33.2012685351074,1.068888,0.0781284,-0.3291717,-0.6025171,0.424419,-0.6346297,-0.2325659,0,0,0.358544,0.1200643,0.09360762,0.9513103,-0.07867216,0.2961062,0.03377213
109558,0.0166665,33.2179350350052,1.068129,0.07720122,-0.3292838,0.6027709,-0.4246442,0.6348287,0.2309481,0,0,0.3591716,0.1188877,0.0931284,0.9516183,-0.07825241,0.2956904,0.02943526
109562,0.0166674,33.2346024345607,1.067408,0.07642508,-0.3291831,0.6023365,-0.4248632,0.6356717,0.2293544,0,0,0.3592838,0.1181292,0.09220119,0.9513794,-0.07792936,0.2966681,0.02814893
109564,0.0166666,33.2512690350413,1.066424,0.07542449,-0.3292296,0.6016052,-0.4260693,0.6359332,0.2283094,0,0,0.3591831,0.1174082,0.09142508,0.9513303,-0.07677355,0.2972509,0.02680383
109568,0.0166669,33.2679359354079,1.065765,0.07488564,-0.3296922,-0.6006336,0.4275078,-0.6359895,-0.2280215,0,0,0.3592296,0.1164239,0.09042449,0.9510914,-0.07543278,0.2983735,0.02661648
109572,0.0166665,33.2846024353057,1.065717,0.07391036,-0.3300313,0.6017833,-0.427674,0.6355742,0.2258257,0,0,0.3596922,0.1157652,0.08988564,0.950893,-0.07408288,0.299285,0.02725442
109576,0.0166669,33.3012693356723,1.065974,0.07275334,-0.3301013,-0.6034343,0.4271894,-0.6350538,-0.2237923,0,0,0.3600313,0.1157169,0.08891036,0.9503779,-0.07464405,0.3009312,0.02550711
109578,0.0208707,33.3221400361508,1.065935,0.07187796,-0.3303364,0.6044215,-0.4271154,0.6347177,0.2222174,0,0,0.3601013,0.115974,0.08775334,0.9499301,-0.07590861,0.3021886,0.0235106
109584,0.0173116,33.3394516352564,1.066054,0.07035688,-0.3306735,0.607165,-0.4311824,0.6306908,0.2183153,0,0,0.3603363,0.1159351,0.08687796,0.9495648,-0.07652347,0.3032827,0.02214518
109586,0.0174338,33.3568854350597,1.06568,0.06906164,-0.3314953,-0.6086826,0.4312963,-0.6299706,-0.2159309,0,0,0.3606735,0.1160541,0.08535688,0.9472175,-0.07829598,0.310119,0.02179444
109590,0.0166687,33.3735541347414,1.065301,0.06792924,-0.3313204,0.6119115,-0.4330314,0.6254328,0.2165223,0,0,0.3614953,0.1156796,0.08406164,0.9465585,-0.07926522,0.3120064,0.01990113
109592,0.016664,33.3902181349695,1.065024,0.0674524,-0.3318536,0.6124264,-0.4338891,0.6244706,0.2161266,0,0,0.3613204,0.115301,0.08292924,0.9450944,-0.08344096,0.315195,0.02205304
109598,0.0166675,33.4068856351078,1.065057,0.06691954,-0.3316513,0.6118104,-0.4348792,0.6238523,0.2176613,0,0,0.3618535,0.1150237,0.08245243,0.9446295,-0.08391025,0.3164392,0.02236686
109602,0.0170253,33.423910934478,1.064736,0.06638488,-0.3311401,0.6126025,-0.4339473,0.6241672,0.2163868,0,0,0.3616513,0.1150569,0.08191954,0.9446052,-0.08370514,0.3164175,0.0243804
109604,0.0173254,33.4412363339216,1.06451,0.06568727,-0.3309258,-0.6130898,0.4342744,-0.6233829,-0.2166111,0,0,0.3611401,0.1147357,0.08138488,0.9445773,-0.08422619,0.3164901,0.0226652
109608,0.0166681,33.4579044338316,1.064142,0.06500611,-0.3301805,0.6135676,-0.4339393,0.6229852,0.2170737,0,0,0.3609257,0.1145096,0.0806873,0.9443395,-0.08490945,0.3169809,0.02316084
109610,0.0166654,33.4745698329061,1.063596,0.06450936,-0.3293458,0.6131222,-0.4350425,0.6227777,0.2167192,0,0,0.3601804,0.1141416,0.08000611,0.9443394,-0.08568639,0.3167544,0.02340128
109614,0.0166683,33.4912381321192,1.063286,0.06395873,-0.329194,-0.6133417,0.4352954,-0.6225208,-0.2163277,0,0,0.3593457,0.1135965,0.07950936,0.9440845,-0.08497407,0.3176745,0.02380791
109618,0.0169523,33.5081904325634,1.062855,0.06321824,-0.3287565,0.612572,-0.4367023,0.6221714,0.2166782,0,0,0.359194,0.1132862,0.07895873,0.9439046,-0.08509346,0.3181877,0.0236611
109622,0.024148,33.5323384329677,1.063114,0.06197214,-0.3295501,-0.6160887,0.4380261,-0.6188624,-0.2134885,0,0,0.3587564,0.1128554,0.07821821,0.9436978,-0.08424076,0.3189341,0.0248815
109624,0.0166675,33.5490059331059,1.06296,0.06118244,-0.3295615,-0.6170123,0.4372309,-0.6185623,-0.2133206,0,0,0.3595501,0.1131143,0.07697214,0.9419274,-0.08739118,0.3234016,0.0233896
109628,0.0166672,33.5656731333584,1.062368,0.06033868,-0.330778,-0.6186092,0.4398906,-0.6160601,-0.2104494,0,0,0.3595615,0.1129602,0.07618244,0.9418934,-0.088495,0.3232431,0.02279056
109630,0.0166678,33.5823409333825,1.062096,0.06008912,-0.3310822,-0.6223592,0.4387799,-0.6141884,-0.2071564,0,0,0.360778,0.1123679,0.07533868,0.9402578,-0.08936913,0.3277662,0.02230805
109634,0.0166689,33.5990098342299,1.061477,0.0597012,-0.3310269,0.6244329,-0.4370532,0.6144087,0.2038871,0,0,0.3610821,0.1120958,0.07508911,0.9391593,-0.09285425,0.3301443,0.01904712
109638,0.0166654,33.6156752333045,1.060301,0.0590052,-0.3312995,-0.6264951,0.4365914,-0.6136495,-0.2008136,0,0,0.3610269,0.1114771,0.0747012,0.9387906,-0.09426748,0.3309928,0.01515273
109640,0.0166685,33.6323437336832,1.059625,0.05879641,-0.332343,0.6282507,-0.4368052,0.6126613,0.1978594,0,0,0.3612995,0.1103012,0.0740052,0.9379914,-0.09573241,0.3329489,0.01234617
109644,0.016666,33.6490097343922,1.059192,0.05881608,-0.3317641,0.631484,-0.4311737,0.6146662,0.193656,0,0,0.3623429,0.109625,0.07379641,0.9370574,-0.09685529,0.3353217,0.01009475
109648,0.016667,33.6656767334789,1.058867,0.05899459,-0.3325764,-0.6318353,0.4324345,-0.6129647,-0.1950867,0,0,0.361764,0.109192,0.07381605,0.9374581,-0.09949769,0.333564,0.002771814
109652,0.0166668,33.6823435332626,1.058513,0.05917671,-0.3338778,0.6325033,-0.4337793,0.6107538,0.1968626,0,0,0.3625764,0.1088673,0.07399459,0.9370598,-0.1004401,0.3343739,0.004997378
109654,0.016668,33.6990115325898,1.05818,0.05971623,-0.3339761,0.6322117,-0.433573,0.6111506,0.1970225,0,0,0.3638778,0.1085131,0.07417674,0.9365487,-0.1019143,0.3353085,0.007640944
109658,0.0166657,33.7156772334129,1.057557,0.0603506,-0.3346353,-0.6332932,0.4333903,-0.6092844,-0.1997128,0,0,0.3639761,0.1081796,0.07471623,0.936734,-0.1016066,0.3348848,0.007595049
109660,0.0166704,33.7323476336896,1.05695,0.06075153,-0.3344923,-0.6325684,0.432507,-0.6100104,-0.2016984,0,0,0.3646353,0.107557,0.07535057,0.936673,-0.1039726,0.3342645,0.01003164
109664,0.0166893,33.7490369342268,1.055577,0.06178213,-0.3346932,0.6298654,-0.4340481,0.6104813,0.2053888,0,0,0.3644922,0.1069499,0.07575153,0.9374018,-0.1038029,0.3322351,0.01107891
109666,0.0166692,33.7657061349601,1.055151,0.06222931,-0.3350108,-0.6287568,0.4350839,-0.6103631,-0.206939,0,0,0.3646932,0.1055768,0.07678209,0.9381238,-0.1017291,0.3306759,0.01511247
109672,0.016665,33.7823711354285,1.054208,0.06313837,-0.3352923,-0.627376,0.4359138,-0.6103345,-0.2094528,0,0,0.3650108,0.1051511,0.07722931,0.9382764,-0.1008917,0.330403,0.0170924
109674,0.0166723,33.7990434356034,1.053789,0.06366581,-0.3357753,-0.6264446,0.4372133,-0.6094107,-0.2122039,0,0,0.3652923,0.1042079,0.07813837,0.938662,-0.1000798,0.3294044,0.01975884
109678,0.0166624,33.8157058358192,1.053551,0.06369016,-0.335952,-0.6250703,0.4376191,-0.609874,-0.2140806,0,0,0.3657752,0.1037889,0.07866581,0.9387408,-0.09992627,0.3290129,0.02304446
109680,0.0166678,33.8323736358434,1.053251,0.06371742,-0.3360631,-0.6247545,0.4372945,-0.6100172,-0.2152543,0,0,0.365952,0.1035512,0.07869016,0.9392015,-0.09889869,0.3278756,0.02484113
109684,0.0166657,33.8490393366665,1.053031,0.06331664,-0.3356218,0.6235504,-0.4347124,0.6129931,0.2155219,0,0,0.3660631,0.1032514,0.07871743,0.9395038,-0.09895161,0.3269318,0.02562763
109686,0.016669,33.8657083362341,1.052304,0.06319055,-0.3348247,-0.6236327,0.4291351,-0.6169395,-0.2151999,0,0,0.3656217,0.1030306,0.07831664,0.9408058,-0.09757259,0.3237205,0.02385688
109692,0.0166655,33.8823738358915,1.052627,0.06254834,-0.3348909,0.6223509,-0.4224533,0.6226687,0.2156302,0,0,0.3648246,0.1023044,0.07819055,0.9426155,-0.09766123,0.3186751,0.01960799
109694,0.0166751,33.899048935622,1.051707,0.06258738,-0.3348166,-0.6207666,0.4190637,-0.6265412,-0.2155935,0,0,0.3648908,0.1026269,0.07754834,0.9452063,-0.09639473,0.3115523,0.01510826
109698,0.0166591,33.9157080352306,1.051315,0.06259,-0.3350765,-0.6194941,0.4105455,-0.6352617,-0.2100524,0,0,0.3648165,0.1017074,0.07758738,0.9467524,-0.09451369,0.3075242,0.01249245
109700,0.0166772,33.9323852360249,1.051108,0.06261259,-0.335767,-0.6170929,0.4094817,-0.6380758,-0.2106666,0,0,0.3650764,0.1013152,0.07759003,0.9492175,-0.09120069,0.301109,0.001414439
109704,0.0166567,33.9490419365466,1.04953,0.06327969,-0.3366435,-0.6153955,0.4065118,-0.6427419,-0.2071701,0,0,0.365767,0.1011075,0.07761259,0.9502826,-0.08850694,0.298544,0.0009405843
109706,0.0172014,33.9662433359772,1.049191,0.06372812,-0.3373883,0.6140592,-0.4034591,0.6458784,0.2073481,0,0,0.3666435,0.09952956,0.07827966,0.9512858,-0.08527066,0.2962507,-0.004440835
109710,0.0166691,33.9829124361277,1.048553,0.06414351,-0.3376787,0.6127328,-0.4008,0.6501591,0.2030052,0,0,0.3673882,0.09919125,0.07872812,0.9525188,-0.08385732,0.2926319,-0.00652893
109714,0.0166655,33.9995779357851,1.047778,0.06496921,-0.3387865,-0.6136487,0.3962194,-0.6548034,-0.1941087,0,0,0.3676787,0.09855276,0.07914351,0.9531666,-0.08080041,0.29119,-0.01237466
109718,0.01667,34.0162479355931,1.047526,0.06544611,-0.3394898,-0.6129881,0.3934151,-0.6583753,-0.1897686,0,0,0.3687865,0.09777755,0.07996921,0.9531482,-0.07901128,0.291072,-0.02329825
109722,0.0166657,34.0329136364162,1.046976,0.06568667,-0.3395314,-0.6112947,0.3896647,-0.6633493,-0.1856014,0,0,0.3694898,0.09752613,0.08044611,0.9535216,-0.07685851,0.2899001,-0.02910752
109724,0.0166668,34.0495804361999,1.046776,0.06604657,-0.3399989,-0.6104678,0.3883152,-0.6654134,-0.183754,0,0,0.3695313,0.09697622,0.08068667,0.9543657,-0.07360736,0.2872434,-0.03548711
109728,0.0166676,34.066248036921,1.046005,0.0671944,-0.3423977,0.6049213,-0.3917933,0.6679978,0.1853301,0,0,0.3699989,0.09677607,0.08104657,0.9546615,-0.07206361,0.2863151,-0.03810351
109730,0.0166665,34.0829145368189,1.0459,0.06780326,-0.3434462,0.6040905,-0.3914413,0.6690236,0.1850835,0,0,0.3723978,0.0960049,0.0821944,0.9553952,-0.06564301,0.2858153,-0.03493937
109734,0.0166847,34.0995992366225,1.045576,0.06844869,-0.344378,0.6014403,-0.3895722,0.6730623,0.1830037,0,0,0.3734462,0.0959,0.08280329,0.9556485,-0.06458151,0.2851437,-0.03547356
109738,0.0166675,34.1162667367607,1.045645,0.06925619,-0.3443244,0.5996263,-0.3861975,0.6772637,0.1805924,0,0,0.374378,0.09557599,0.08344869,0.9564458,-0.06081638,0.2828552,-0.03880611
109742,0.016666,34.1329327374697,1.045451,0.06994414,-0.3451146,-0.597149,0.3870764,-0.6786991,-0.181528,0,0,0.3743244,0.09564549,0.08425619,0.95732,-0.05808191,0.2797976,-0.04333976
109744,0.0166666,34.1495993379503,1.045435,0.07111087,-0.3456851,0.5946106,-0.387063,0.6805706,0.1828775,0,0,0.3751146,0.0954507,0.08494414,0.9578021,-0.05536744,0.2788768,-0.04215812
109748,0.0199996,34.1695989370346,1.04489,0.07175943,-0.3458703,-0.5899355,0.3730386,-0.6929271,-0.1807496,0,0,0.375685,0.09543496,0.08611088,0.9585478,-0.0528012,0.2769476,-0.0412076
109752,0.0166674,34.1862663365901,1.044739,0.07303369,-0.3458237,0.5883182,-0.3557324,0.7052756,0.1729813,0,0,0.3758703,0.0948897,0.08675943,0.9622642,-0.04777632,0.2626528,-0.05271187
109756,0.0166683,34.2029346358031,1.043905,0.07410285,-0.3462907,-0.5858672,0.3436851,-0.7120116,-0.1779882,0,0,0.3758236,0.09473866,0.08803372,0.964732,-0.04506924,0.249488,-0.07082874
109758,0.016665,34.2195996362716,1.044033,0.07539746,-0.3470636,0.5813034,-0.3509838,0.7111623,0.1820577,0,0,0.3762907,0.09390551,0.08910285,0.9679931,-0.04527273,0.2353979,-0.07434765
109762,0.0166691,34.2362687364221,1.043858,0.07627767,-0.3492773,0.577847,-0.3511213,0.7127555,0.1865112,0,0,0.3770636,0.0940333,0.09039746,0.9681906,-0.04043934,0.2378114,-0.06646381
109766,0.0166657,34.2529344372451,1.043453,0.07704243,-0.3498826,-0.5763377,0.346234,-0.7163444,-0.1865679,0,0,0.3792773,0.0938583,0.09127767,0.9694008,-0.03790412,0.2342908,-0.06271534
109768,0.0166701,34.269604537636,1.041836,0.0773728,-0.3510435,-0.5682209,0.3464583,-0.7199996,-0.1967037,0,0,0.3798826,0.09345275,0.09204243,0.9704676,-0.03675511,0.2291332,-0.06587587
109772,0.0166643,34.28626883775,1.040043,0.07918754,-0.3530301,0.5648854,-0.3422044,0.724068,0.1988117,0,0,0.3810434,0.09183639,0.09237279,0.9731087,-0.03080618,0.2209579,-0.05734192
109776,0.0166673,34.3029361385852,1.03891,0.07994404,-0.3563245,0.5610404,-0.3389895,0.7266229,0.2057643,0,0,0.3830301,0.09004313,0.09418754,0.9745478,-0.02822666,0.214599,-0.05837032
109778,0.0166653,34.3196014389396,1.038959,0.08100761,-0.3581991,0.5583789,-0.3392839,0.7274691,0.209495,0,0,0.3863245,0.0889098,0.09494404,0.976472,-0.02664435,0.2069404,-0.0544811
109782,0.0166679,34.3362693395466,1.038426,0.08058689,-0.3592804,-0.5559409,0.3274361,-0.7319804,-0.2189062,0,0,0.3881991,0.08895892,0.0960076,0.9772514,-0.02486978,0.2043187,-0.0511382
109786,0.0166654,34.3529347386211,1.037964,0.08176163,-0.3617216,0.5566254,-0.3230354,0.7324172,0.2222193,0,0,0.3892804,0.08842605,0.09558688,0.9803498,-0.02700853,0.188813,-0.05034309
109788,0.0166676,34.3696023393422,1.037202,0.08247051,-0.3630552,-0.5580364,0.3134693,-0.7353157,-0.2228077,0,0,0.3917216,0.08796436,0.09676163,0.9812099,-0.02958811,0.1839601,-0.05010474
109792,0.0166672,34.3862695395947,1.037043,0.08520615,-0.3670389,0.5595785,-0.3018178,0.7387443,0.2236846,0,0,0.3930552,0.08720249,0.09747051,0.9822717,-0.03279125,0.1760531,-0.05542846
109796,0.0166674,34.4029369391501,1.037302,0.0868423,-0.3693727,-0.560107,0.2997287,-0.7385331,-0.2258577,0,0,0.3970389,0.08704287,0.1002062,0.9834586,-0.03663655,0.1663083,-0.06171365
109798,0.0166665,34.4196034390479,1.037376,0.08817378,-0.3713079,0.5610774,-0.2914301,0.7400275,0.2293902,0,0,0.3993727,0.08730191,0.1018423,0.9838428,-0.03834624,0.1638854,-0.06102874
109802,0.016668,34.4362714383751,1.037513,0.0896453,-0.3728706,-0.5615371,0.2859242,-0.7409706,-0.2321335,0,0,0.4013079,0.08737642,0.1031738,0.9848967,-0.04205787,0.1557464,-0.06287008
109806,0.0166659,34.4529373385012,1.037776,0.08998239,-0.3748973,0.5653046,-0.2777394,0.7389596,0.2392287,0,0,0.4028706,0.08751279,0.1046453,0.9856108,-0.04448543,0.1501061,-0.06372205
109808,0.0166677,34.4696050379425,1.038171,0.0910506,-0.3765274,-0.5668804,0.2727523,-0.7385074,-0.2426101,0,0,0.4048973,0.08777624,0.1049824,0.9864889,-0.05275919,0.1421228,-0.06210671
109812,0.0166672,34.4862722381949,1.038708,0.09220028,-0.3798339,0.5674254,-0.2743041,0.7365419,0.2455438,0,0,0.4065273,0.08817071,0.1060506,0.986966,-0.05667132,0.1372809,-0.06197315
109814,0.0166665,34.5029387380928,1.038568,0.09405774,-0.3825239,-0.5680239,0.2736605,-0.7365385,-0.2448873,0,0,0.4098338,0.08870775,0.1072003,0.9870368,-0.05811331,0.1377406,-0.0583844
109818,0.0166662,34.5196049381047,1.038566,0.09522635,-0.384743,-0.5682564,0.2731819,-0.7365413,-0.2448742,0,0,0.4125239,0.08856755,0.1090577,0.9869463,-0.05866527,0.1377521,-0.05932811
109822,0.016667,34.5362719371915,1.037964,0.09697506,-0.3873154,0.5679635,-0.2700292,0.7378016,0.2452562,0,0,0.4147429,0.08856612,0.1102263,0.9869488,-0.05900956,0.1374635,-0.05961329
109824,0.0166667,34.5529386363924,1.037523,0.09872365,-0.3884945,-0.5674365,0.2653148,-0.7396716,-0.2459874,0,0,0.4173154,0.08796388,0.1119751,0.9872489,-0.05936967,0.1344402,-0.06116234
109828,0.0166674,34.5696060359478,1.036664,0.09949234,-0.3902114,0.5675674,-0.2647807,0.7398618,0.2456887,0,0,0.4184945,0.0875234,0.1137237,0.9877001,-0.05987979,0.1298166,-0.06332897
109832,0.0166659,34.5862719360739,1.036101,0.1005593,-0.3923531,-0.5662305,0.2640483,-0.7409292,-0.2463441,0,0,0.4202114,0.08666378,0.1144923,0.9876907,-0.06001428,0.1295421,-0.06390715
109836,0.0166671,34.6029390357435,1.034913,0.1026776,-0.3955797,0.5636349,-0.2672777,0.7415287,0.2470093,0,0,0.4223531,0.086101,0.1155593,0.9879712,-0.05886457,0.127966,-0.06381727
109838,0.0166673,34.6196063365787,1.034202,0.1058311,-0.3989617,0.5613334,-0.2662973,0.7435086,0.247357,0,0,0.4255797,0.0849126,0.1176776,0.9881585,-0.05557257,0.1291529,-0.06143261
109842,0.0166676,34.6362739372998,1.034103,0.1089884,-0.4017144,-0.5599502,0.2645122,-0.7447688,-0.2486132,0,0,0.4289616,0.08420163,0.1208311,0.9885423,-0.05326019,0.1269934,-0.06180793
109844,0.0166687,34.6529426369816,1.033584,0.1117619,-0.4039539,0.5607194,-0.2624993,0.7449357,0.2485132,0,0,0.4317144,0.08410317,0.1239884,0.9889328,-0.05248024,0.1242538,-0.06179655
109848,0.0166683,34.6696109361947,1.033176,0.1144205,-0.4069012,-0.5611835,0.258036,-0.7468081,-0.2465125,0,0,0.4339539,0.08358437,0.1267619,0.9889521,-0.05368285,0.1229548,-0.06304038
109852,0.0166645,34.6862754356116,1.033242,0.1166355,-0.4100013,-0.5606817,0.2580445,-0.7467327,-0.2478699,0,0,0.4369012,0.08317572,0.1294205,0.9889733,-0.05428895,0.120149,-0.06744544
109856,0.016666,34.7029414363205,1.033145,0.1190709,-0.4136558,0.5589365,-0.2561118,0.7481295,0.2495975,0,0,0.4400012,0.08324176,0.1316355,0.9891533,-0.05422234,0.119363,-0.06624303
109858,0.0166653,34.7196067366749,1.033411,0.1217024,-0.4150802,-0.557703,0.2512335,-0.74985,-0.2521392,0,0,0.4436557,0.08314496,0.1340709,0.9896136,-0.05324833,0.1161321,-0.06590038
109862,0.0166696,34.7362763360143,1.03325,0.1241834,-0.4171921,-0.5556949,0.249925,-0.7511518,-0.2539915,0,0,0.4450802,0.0834108,0.1367024,0.9902112,-0.05372414,0.1103208,-0.06652013
109866,0.0166647,34.7529410365969,1.033256,0.1261384,-0.4189868,0.5545895,-0.2480239,0.7521421,0.2553371,0,0,0.447192,0.08325034,0.1391834,0.9906527,-0.05239863,0.1074498,-0.06569809
109870,0.0166681,34.7696091365069,1.033834,0.1281971,-0.4204997,-0.5531858,0.2456055,-0.7531108,-0.2578519,0,0,0.4489867,0.08325619,0.1411384,0.9909675,-0.05202212,0.1047327,-0.06563716
109872,0.0231257,34.7927348371595,1.034256,0.1294351,-0.4210885,-0.5509383,0.244252,-0.7541925,-0.2607712,0,0,0.4504996,0.08383375,0.1431971,0.9914204,-0.05185524,0.1009648,-0.06483001
109876,0.0166688,34.8094036374241,1.034667,0.1304466,-0.4216121,0.5496525,-0.2416386,0.7549861,0.2636076,0,0,0.4510884,0.08425587,0.1444351,0.9919387,-0.05069188,0.09752421,-0.06306463
109878,0.0166668,34.8260704372078,1.03526,0.1312675,-0.4222013,-0.5488601,0.2399292,-0.7556576,-0.2648928,0,0,0.451612,0.08466667,0.1454466,0.9923788,-0.05083653,0.09353218,-0.06206131
109884,0.0166664,34.8427368365228,1.03578,0.1312806,-0.4225115,-0.5476533,0.2393331,-0.756114,-0.2666218,0,0,0.4522013,0.08526009,0.1462675,0.9926109,-0.0507746,0.09117126,-0.06191522
109886,0.0166668,34.8594036363065,1.036494,0.1313301,-0.422999,0.5477665,-0.2399648,0.7554326,0.2677506,0,0,0.4525115,0.08578044,0.1462806,0.9928761,-0.0501977,0.08937776,-0.06073641
109890,0.0166685,34.8760721366853,1.037641,0.1305999,-0.4220256,0.5453438,-0.2405916,0.7559987,0.2705217,0,0,0.4529989,0.08649451,0.1463301,0.9929244,-0.05062992,0.089532,-0.05934457
109892,0.0166652,34.8927373364568,1.038407,0.1301965,-0.4213744,0.54391,-0.2397901,0.7569209,0.2715392,0,0,0.4520256,0.08764142,0.1455999,0.9933344,-0.04884989,0.08776306,-0.05655236
109896,0.0166688,34.9094061367214,1.039723,0.1282295,-0.420083,-0.5438616,0.2377829,-0.7575072,-0.2717658,0,0,0.4513743,0.08840662,0.1451965,0.9935666,-0.04779468,0.08596128,-0.05613976
109900,0.016665,34.9260711371899,1.040351,0.1273722,-0.4197582,0.542636,-0.2404135,0.7571218,0.2729729,0,0,0.4500829,0.08972257,0.1432295,0.9936473,-0.04822945,0.08413903,-0.05709377
109904,0.0166678,34.942738937214,1.041907,0.125311,-0.4190668,0.5411893,-0.241199,0.7574046,0.274364,0,0,0.4497581,0.09035093,0.1423722,0.993762,-0.04679674,0.08529316,-0.05451894
109906,0.0166655,34.9594044368714,1.042768,0.1242355,-0.4185815,-0.5390054,0.2446707,-0.7573047,-0.2758607,0,0,0.4490668,0.09190685,0.140311,0.993961,-0.04555947,0.08469416,-0.05284678
109910,0.0167016,34.9761060364544,1.045005,0.1225796,-0.4190591,-0.5396515,0.2490564,-0.7552354,-0.2763453,0,0,0.4485815,0.09276789,0.1392355,0.9941345,-0.04301299,0.08597688,-0.04954347
109912,0.0175473,34.9936533365399,1.046354,0.1213934,-0.4198355,-0.54017,0.2574407,-0.7512221,-0.2785786,0,0,0.4490591,0.09500474,0.1375796,0.9939342,-0.04306712,0.08985925,-0.04653458
109916,0.0166686,35.0103219356388,1.047947,0.1194713,-0.4209752,-0.5381185,0.2842455,-0.7389104,-0.2892135,0,0,0.4498355,0.09635407,0.1363934,0.9936255,-0.042919,0.09643359,-0.03958333
109920,0.0166668,35.0269887354225,1.049798,0.1172338,-0.4212899,-0.5362566,0.2914665,-0.7358289,-0.2933121,0,0,0.4509752,0.09794706,0.1344712,0.9925264,-0.04005426,0.1144165,-0.01399852
109924,0.0166666,35.0436553359032,1.052023,0.1149991,-0.4233941,-0.5279956,0.3288272,-0.7190595,-0.3099142,0,0,0.4512899,0.0997985,0.1322338,0.9922314,-0.03841429,0.1181785,-0.005937731
109926,0.0166672,35.0603225361556,1.052081,0.114901,-0.4228514,-0.530889,0.322791,-0.7210139,-0.3067602,0,0,0.4533941,0.1020234,0.1299991,0.9890988,-0.03039288,0.1404496,0.03215094
109930,0.0166692,35.0769917368889,1.054173,0.1134476,-0.423276,-0.523016,0.335891,-0.715219,-0.3195203,0,0,0.4528514,0.1020812,0.129901,0.9895782,-0.03316059,0.1377771,0.02555227
109932,0.0166642,35.09365593642,1.054435,0.1134691,-0.4241312,-0.5186031,0.3586659,-0.702423,-0.330169,0,0,0.453276,0.104173,0.1284476,0.9886321,-0.02791325,0.1405947,0.04539225
109938,0.0166675,35.1103234365582,1.056724,0.1124425,-0.4250205,-0.516225,0.3832519,-0.6893431,-0.33382,0,0,0.4541312,0.104435,0.1284691,0.9851813,-0.02482869,0.1546984,0.06978424
109940,0.0166656,35.1269890367985,1.058303,0.1106464,-0.4256328,-0.5077171,0.4072151,-0.6782532,-0.3411332,0,0,0.4550204,0.1067237,0.1274425,0.9804194,-0.02132528,0.1742606,0.08919837
109944,0.0166683,35.1436573360115,1.057324,0.1096027,-0.4242006,-0.4795381,0.4861707,-0.639997,-0.3522571,0,0,0.4556328,0.1083029,0.1256464,0.9754891,-0.01309927,0.1890612,0.111827
109946,0.0166662,35.1603235360235,1.058582,0.1075174,-0.4235366,0.4535435,-0.517781,0.6326144,0.354965,0,0,0.4542006,0.1073242,0.1246027,0.9533226,0.01612735,0.2442122,0.1768513
109952,0.0166727,35.176996236667,1.058256,0.1087766,-0.420617,0.4253004,-0.5612361,0.6168756,0.3515653,0,0,0.4535366,0.1085816,0.1225174,0.9431793,0.04344141,0.260275,0.2019471
109954,0.0200522,35.1970484368503,1.059564,0.1062345,-0.4175959,-0.407284,0.5790213,-0.6168861,-0.3439558,0,0,0.450617,0.1082557,0.1237766,0.9258823,0.07405157,0.2895013,0.2311867
109958,0.016668,35.2137164361775,1.06247,0.1037588,-0.4168835,-0.3925883,0.6030129,-0.6016828,-0.3467387,0,0,0.4475959,0.1095636,0.1212345,0.9186783,0.09600146,0.300727,0.2374391
109962,0.016667,35.2303834352642,1.063136,0.1031712,-0.4179624,-0.3822649,0.6193109,-0.5881177,-0.3527677,0,0,0.4468835,0.1124699,0.1187588,0.9060647,0.1081438,0.3164081,0.2593024
109966,0.016888,35.2472714353353,1.063475,0.1027915,-0.4168735,-0.3791646,0.6277892,-0.5807225,-0.3533787,0,0,0.4479623,0.1131356,0.1181712,0.8962393,0.114249,0.3257094,0.2785959
109968,0.0166675,35.2639389354736,1.064201,0.1018561,-0.4157192,-0.3769466,0.6296132,-0.58145,-0.3513038,0,0,0.4468734,0.113475,0.1177915,0.8910461,0.1160356,0.3325907,0.2862797
109972,0.0166665,35.2806054353714,1.06461,0.1015182,-0.4154165,-0.3735427,0.6336299,-0.5794304,-0.3510548,0,0,0.4457191,0.1142011,0.1168561,0.8902535,0.1191969,0.3340609,0.2857345
109976,0.0166676,35.2972730360925,1.06451,0.1019764,-0.4155394,-0.371462,0.6384869,-0.5750315,-0.351695,0,0,0.4454165,0.1146105,0.1165182,0.887864,0.1223696,0.3365785,0.2888567
109978,0.0191592,35.3164322357625,1.064604,0.1022343,-0.4162297,-0.3720937,0.6396089,-0.5738721,-0.3508812,0,0,0.4455394,0.1145095,0.1169764,0.8847203,0.1234929,0.3403143,0.2936082
109982,0.0166687,35.3331009354442,1.06457,0.1025431,-0.4163029,-0.3714272,0.6422337,-0.5720531,-0.3497614,0,0,0.4462297,0.1146036,0.1172343,0.8840675,0.1230224,0.3420446,0.2937613
109986,0.0166651,35.3497660346329,1.064503,0.1026891,-0.416223,0.3698362,-0.643188,0.5724057,0.3491163,0,0,0.4463028,0.1145702,0.1175431,0.8825105,0.1238493,0.3447868,0.2948875
109990,0.0166688,35.3664348348975,1.064396,0.103298,-0.416144,0.3710301,-0.6429583,0.5724435,0.3482093,0,0,0.4462229,0.1145028,0.1176891,0.8820257,0.1257321,0.3452065,0.2950504
109992,0.0189009,35.3853357341141,1.06419,0.103401,-0.4161323,0.3707277,-0.6433416,0.572276,0.3480989,0,0,0.4461439,0.1143962,0.118298,0.8822483,0.1249311,0.3458574,0.2939608
109996,0.0230657,35.4084014333785,1.063862,0.1043302,-0.4161974,-0.3711164,0.6435222,-0.5718014,-0.3481306,0,0,0.4461323,0.1141898,0.118401,0.8820204,0.1252469,0.3461404,0.2941771
110000,0.0166674,35.4250688329339,1.063441,0.104427,-0.4163118,0.3715874,-0.6443475,0.5706264,0.3480297,0,0,0.4461973,0.1138619,0.1193302,0.8818805,0.1247764,0.346505,0.2943672
110004,0.0166676,35.441736433655,1.062757,0.1046374,-0.4167586,-0.3716689,0.6443304,-0.5711629,-0.347093,0,0,0.4463117,0.1134406,0.119427,0.8813239,0.1241669,0.347617,0.2949802
110006,0.0166674,35.4584038332105,1.062338,0.1043109,-0.4169053,0.371557,-0.6446471,0.5714749,0.3461097,0,0,0.4467586,0.1127566,0.1196374,0.881453,0.1245509,0.3479536,0.2940342
110010,0.0166666,35.4750704336911,1.061441,0.1041567,-0.4177175,-0.3720244,0.6448924,-0.5725545,-0.3433553,0,0,0.4469053,0.112338,0.1193109,0.881372,0.1251075,0.3485548,0.2933278
110012,0.0166665,35.491736933589,1.061329,0.1038346,-0.4184029,0.3725223,-0.6438708,0.5745224,0.3414405,0,0,0.4477175,0.1114414,0.1191567,0.881532,0.1259281,0.349963,0.2908081
110016,0.0166683,35.508405232802,1.060927,0.1035759,-0.4194362,-0.3723027,0.6435014,-0.5774382,-0.3374343,0,0,0.4484029,0.1113293,0.1188346,0.8824194,0.1265178,0.3498043,0.2880386
110020,0.0166658,35.5250710323453,1.060567,0.1036537,-0.4202444,-0.3745529,0.6411887,-0.5791526,-0.3364066,0,0,0.4494362,0.1109269,0.1185759,0.8831285,0.1287925,0.3506794,0.2837614
110024,0.0166704,35.5417414326221,1.060122,0.1038635,-0.4208723,0.3755978,-0.6401457,0.5822358,0.3318754,0,0,0.4502444,0.1105669,0.1186537,0.8846651,0.1272498,0.3497586,0.2807919
110026,0.0166634,35.5584048330784,1.059883,0.1030388,-0.4209368,-0.3768835,0.6378059,-0.5866203,-0.3271683,0,0,0.4508723,0.1101218,0.1188635,0.885768,0.1284917,0.3507546,0.2754563
110030,0.0166724,35.5750772338361,1.059252,0.1028177,-0.4217978,0.3765323,-0.6387945,0.5875027,0.3240459,0,0,0.4509368,0.1098831,0.1180388,0.8876607,0.1297407,0.3506185,0.2688726
110032,0.0166622,35.5917394347489,1.058752,0.102538,-0.4221678,0.3762816,-0.6398639,0.5873498,0.3225007,0,0,0.4517977,0.1092518,0.1178177,0.8873167,0.1314485,0.3525393,0.2666579
110038,0.0196991,35.6114385351539,1.058427,0.1031492,-0.4229371,0.3807266,-0.6371679,0.5890792,0.3194526,0,0,0.4521678,0.1087523,0.117538,0.8867744,0.1322799,0.3540453,0.2660546
110040,0.0175663,35.6290048360825,1.058434,0.1026583,-0.4233503,0.3800985,-0.6365206,0.5907818,0.318345,0,0,0.4529371,0.1084273,0.1181492,0.8885635,0.1293295,0.3545283,0.2608423
110044,0.0166688,35.6456736363471,1.058404,0.1021984,-0.424012,-0.3814062,0.6361876,-0.5912848,-0.3165075,0,0,0.4533503,0.1084339,0.1176583,0.8890784,0.1306324,0.3539517,0.2592163
110046,0.0166665,35.6623401362449,1.058297,0.1016892,-0.4245822,0.381192,-0.63665,0.5924971,0.313555,0,0,0.454012,0.1084036,0.1171984,0.8893729,0.1301255,0.3548952,0.2571629
110050,0.0166673,35.6790074370801,1.058235,0.1018073,-0.4253891,-0.381446,0.634971,-0.5957671,-0.3104391,0,0,0.4545821,0.1082972,0.1166892,0.8892965,0.1316605,0.3563003,0.2546911
110054,0.0166676,35.6956750378013,1.058191,0.1013801,-0.425719,0.3818178,-0.6343972,0.5979788,0.3068822,0,0,0.4553891,0.1082349,0.1168073,0.89053,0.1330816,0.3558211,0.2502736
110058,0.0166671,35.7123421374708,1.058156,0.1014616,-0.4260549,-0.3819548,0.6355917,-0.598209,-0.3037756,0,0,0.455719,0.108191,0.1163801,0.891076,0.1343955,0.3566842,0.2463696
110060,0.0166662,35.7290083374828,1.058235,0.1009966,-0.4261685,0.3813927,-0.635722,0.5990784,0.3024936,0,0,0.4560548,0.1081563,0.1164616,0.8904994,0.1354841,0.3590699,0.2443844
110064,0.0166666,35.7456749379635,1.058468,0.1005312,-0.4263594,-0.3836603,0.6321974,-0.603558,-0.2980755,0,0,0.4561685,0.1082353,0.1159966,0.8905002,0.1366539,0.3593874,0.2432607
110068,0.0166659,35.7623408380896,1.058667,0.1003056,-0.4266651,0.3853357,-0.6314682,0.6042747,0.2960007,0,0,0.4563594,0.108468,0.1155312,0.8927703,0.1367037,0.3585088,0.2361034
110072,0.0166678,35.7790086381137,1.058702,0.0998252,-0.4277387,0.3884462,-0.6284153,0.6070141,0.2928098,0,0,0.456665,0.1086672,0.1153055,0.8932357,0.1359223,0.3593344,0.233525
110076,0.021348,35.8003566376865,1.058888,0.09955424,-0.4286358,-0.3902349,0.6291232,-0.6056835,-0.2916646,0,0,0.4577387,0.1087019,0.1148252,0.8950652,0.1343963,0.3589219,0.227972
110078,0.0206445,35.8210011385381,1.058967,0.09959969,-0.4287009,0.3899074,-0.6295707,0.606003,0.2904711,0,0,0.4586357,0.1088876,0.1145542,0.8946142,0.1328673,0.3609217,0.2274807
110082,0.0166675,35.8376686386764,1.059054,0.09928811,-0.4288064,-0.3905242,0.6300982,-0.606208,-0.2880608,0,0,0.4587009,0.1089666,0.1145997,0.8943934,0.1336873,0.3616471,0.2267147
110086,0.0166701,35.8543387390673,1.059107,0.09866863,-0.4288591,-0.3911887,0.6319156,-0.6043313,-0.2871199,0,0,0.4588064,0.1090544,0.1142881,0.8941189,0.1340055,0.3633569,0.2248682
110088,0.0166647,35.8710034396499,1.05932,0.09765387,-0.4289194,-0.3904465,0.6342508,-0.6032293,-0.2852929,0,0,0.4588591,0.1091072,0.1136686,0.8930261,0.1334433,0.3658582,0.2254888
110092,0.0166671,35.8876705393195,1.059734,0.09685272,-0.4292401,-0.3885544,0.6366484,-0.6031294,-0.2827356,0,0,0.4589194,0.1093197,0.1126539,0.8916867,0.1347172,0.3685224,0.2256929
110096,0.0166665,35.9043370392174,1.059263,0.09641776,-0.4297557,-0.3843156,0.6425572,-0.5999475,-0.2819307,0,0,0.45924,0.1097339,0.1118527,0.8903548,0.1375404,0.3709601,0.2252549
110098,0.0166674,35.9210044387728,1.059374,0.09640536,-0.4303772,-0.3828072,0.6455236,-0.5981253,-0.2810768,0,0,0.4597557,0.1092629,0.1114178,0.8868813,0.1416021,0.3751816,0.2294108
110104,0.0166662,35.9376706387848,1.059389,0.09576923,-0.4308772,-0.3805675,0.6481968,-0.597213,-0.2799037,0,0,0.4603772,0.1093736,0.1114054,0.8850947,0.143148,0.3777751,0.2310887
110106,0.0166655,35.9543361384422,1.059793,0.09535608,-0.4313127,-0.3785852,0.6502197,-0.5965937,-0.2792195,0,0,0.4608772,0.1093888,0.1107692,0.8835046,0.1456596,0.3798369,0.2322215
110110,0.0166678,35.9710039384663,1.059646,0.09467387,-0.4317346,-0.3771624,0.6530296,-0.5947931,-0.2784279,0,0,0.4613127,0.1097935,0.1103561,0.8822934,0.1477744,0.3811868,0.2332761
110112,0.0166678,35.9876717384905,1.059725,0.09428641,-0.4319808,-0.3756657,0.6546946,-0.594411,-0.2773555,0,0,0.4617346,0.1096459,0.1096739,0.8805515,0.1491957,0.3836537,0.2349035
110116,0.0166661,36.0043378379196,1.059368,0.09380586,-0.4317823,0.3765825,-0.6548683,0.5948545,0.2747384,0,0,0.4619808,0.1097247,0.1092864,0.8795405,0.1510007,0.3850219,0.2352986
110120,0.0166667,36.0210045371205,1.059879,0.09363455,-0.4319353,-0.3766894,0.6542821,-0.5959896,-0.273526,0,0,0.4617823,0.1093679,0.1088059,0.8794447,0.1511173,0.386604,0.2329767
110124,0.0227127,36.0437172371894,1.059381,0.0945915,-0.4320096,-0.3780764,0.653729,-0.5962301,-0.2724084,0,0,0.4619352,0.1098792,0.1086345,0.8798354,0.151623,0.3865026,0.2313353
110126,0.0166672,36.0603844374418,1.059502,0.09493784,-0.4322064,-0.3779897,0.6521832,-0.5981967,-0.271922,0,0,0.4620096,0.1093807,0.1095915,0.8801638,0.1506988,0.3870216,0.229817
110130,0.0166676,36.0770520381629,1.059661,0.09568548,-0.4324986,0.3778728,-0.6509287,0.5993053,0.2726483,0,0,0.4622064,0.1095024,0.1099378,0.8811599,0.151254,0.3855817,0.2280487
110134,0.016667,36.0937190372497,1.059681,0.09603015,-0.4322286,-0.3787495,0.6510227,-0.5982956,-0.2734239,0,0,0.4624985,0.1096606,0.1106855,0.8819544,0.1512704,0.3839786,0.2276714
110138,0.0166691,36.1103881374002,1.059225,0.09654514,-0.431722,0.3795372,-0.6491651,0.5997848,0.2734856,0,0,0.4622285,0.1096807,0.1110301,0.8818631,0.1499762,0.3842132,0.2284838
110140,0.0166662,36.1270543374121,1.0593,0.09679232,-0.4318505,-0.381278,0.6470577,-0.6007857,-0.2738611,0,0,0.461722,0.1092255,0.1115451,0.8830168,0.1493962,0.3826802,0.2269755
110144,0.0166656,36.1437199376523,1.058731,0.09777892,-0.4319627,-0.3822254,0.6464097,-0.6007768,-0.2740906,0,0,0.4618505,0.1093002,0.1117923,0.8842885,0.1476864,0.3812419,0.2255596
110146,0.0166672,36.1603871379048,1.058422,0.09875059,-0.4324503,0.3835834,-0.6460376,0.5999582,0.2748623,0,0,0.4619626,0.1087307,0.1127789,0.8846637,0.1466651,0.3809581,0.2252342
110150,0.0166668,36.1770539376885,1.058059,0.1002283,-0.4332466,0.3859021,-0.6450306,0.598989,0.2760929,0,0,0.4624503,0.1084222,0.1137506,0.8848449,0.144922,0.3809554,0.2256552
110152,0.0166668,36.1937207374722,1.05797,0.1009491,-0.4335834,0.3848834,-0.6446078,0.6001483,0.2759847,0,0,0.4632466,0.108059,0.1152283,0.8853788,0.1420357,0.3806072,0.225983
110156,0.0166681,36.2103888373822,1.057931,0.1017908,-0.4341719,-0.3855844,0.644895,-0.5991476,-0.2765094,0,0,0.4635834,0.1079703,0.1159491,0.8856817,0.1432523,0.3797212,0.2255183
110160,0.016667,36.2270558364689,1.05801,0.1027338,-0.4348767,0.3863433,-0.6436253,0.5999687,0.2766281,0,0,0.4641718,0.1079314,0.1167908,0.8854699,0.1422215,0.3801614,0.2262595
110164,0.017407,36.2444628365338,1.058263,0.1034444,-0.4357426,0.3885326,-0.6421389,0.5998073,0.277365,0,0,0.4648767,0.1080105,0.1177338,0.886234,0.1415436,0.3791971,0.2253093
110166,0.0166671,36.2611299362034,1.058199,0.1041135,-0.4363034,0.3887928,-0.6411366,0.6010109,0.2767128,0,0,0.4657426,0.1082631,0.1184444,0.8870651,0.1390768,0.3784842,0.2247734
110170,0.0166683,36.2777982354164,1.05852,0.1055334,-0.4379718,-0.3891005,0.6359554,-0.6065344,-0.2761843,0,0,0.4663034,0.1081991,0.1191135,0.8876857,0.1392285,0.3778334,0.2233192
110172,0.0166664,36.2944646347314,1.058467,0.1061991,-0.4387313,0.3900046,-0.632436,0.6092675,0.2769732,0,0,0.4679717,0.1085196,0.1205334,0.8908502,0.1398829,0.3729315,0.2184968
110178,0.0166678,36.3111324347556,1.057574,0.1078036,-0.4395374,-0.3907213,0.6296424,-0.6108807,-0.278769,0,0,0.4687313,0.1084666,0.1211991,0.8929257,0.1390579,0.3695276,0.2163239
110180,0.0166655,36.327797934413,1.057533,0.1087286,-0.4400285,-0.3893423,0.62909,-0.611281,-0.2810584,0,0,0.4695373,0.107574,0.1228036,0.8945432,0.1378903,0.3663991,0.215709
110184,0.0166684,36.3444663342088,1.057351,0.1087934,-0.4397979,-0.3858665,0.62524,-0.6171314,-0.2816575,0,0,0.4700285,0.1075326,0.1237286,0.8948884,0.1384698,0.3643302,0.2174038
110186,0.0166658,36.3611321337521,1.056974,0.1095368,-0.4404898,-0.3859935,0.6234924,-0.6192138,-0.2807856,0,0,0.4697979,0.107351,0.1237934,0.897221,0.1424594,0.358558,0.2147932
110194,0.0166679,36.3778000343591,1.057445,0.1092446,-0.4446064,0.3980505,-0.5913322,0.6425397,0.2811135,0,0,0.4704898,0.1069742,0.1245368,0.89823,0.1429148,0.3571894,0.2125421
110196,0.0286017,36.4064017347991,1.057537,0.1092176,-0.4457343,-0.4074691,0.575339,-0.6518823,-0.2792912,0,0,0.4746064,0.1074449,0.1242446,0.9152846,0.133123,0.3309776,0.1870461
110198,0.016668,36.4230697341263,1.057037,0.1100224,-0.4465135,-0.4203902,0.5607145,-0.6577386,-0.2761365,0,0,0.4757343,0.1075372,0.1242176,0.9229072,0.1249474,0.3205492,0.1728544
110202,0.0166665,36.4397362340242,1.056551,0.1105345,-0.4471167,0.4292814,-0.5362064,0.6731464,0.2739967,0,0,0.4765134,0.1070368,0.1250224,0.9292693,0.1131626,0.3137889,0.1587116
110204,0.0166675,36.4564037341625,1.055765,0.1107627,-0.447857,-0.4335829,0.5240778,-0.679179,-0.2757975,0,0,0.4771167,0.1065512,0.1255345,0.9394415,0.1053443,0.2953407,0.1382974
110210,0.016666,36.4730697348714,1.054612,0.1115924,-0.4491501,0.4466804,-0.4946616,0.693085,0.2746264,0,0,0.4778569,0.1057652,0.1257627,0.944176,0.1001884,0.2851851,0.1310098
110212,0.0166679,36.4897376354784,1.054061,0.1120079,-0.4496999,-0.4520856,0.4728585,-0.7062262,-0.2706809,0,0,0.4791501,0.1046118,0.1265924,0.954411,0.08645691,0.2642265,0.1086708
110216,0.0166668,36.5064044352621,1.053084,0.1136052,-0.4510058,0.4602417,-0.4528319,0.7167659,0.2633774,0,0,0.4796999,0.1040608,0.1270079,0.9611365,0.08164165,0.2480209,0.08964945
110218,0.0166666,36.5230710357428,1.051925,0.1142982,-0.4514922,-0.4578005,0.4536516,-0.7177644,-0.263502,0,0,0.4810058,0.1030839,0.1286053,0.9663276,0.07480038,0.2362966,0.06913603
110222,0.0166673,36.539738336578,1.050305,0.1153299,-0.4518324,0.4576131,-0.4436409,0.7248791,0.2613875,0,0,0.4814922,0.1019251,0.1292982,0.9661897,0.07743758,0.2358156,0.06979862
110226,0.0166665,36.5564048364758,1.049749,0.1156223,-0.4521335,0.4560895,-0.4487287,0.7221007,0.2630504,0,0,0.4818324,0.1003055,0.1303299,0.9687717,0.07788857,0.2273546,0.06103051
110228,0.0166668,36.5730716362596,1.048862,0.1161878,-0.4530447,-0.4557785,0.448025,-0.7224481,-0.2638342,0,0,0.4821335,0.09974951,0.1306223,0.9675634,0.0791916,0.2306357,0.06600735
110232,0.0166687,36.5897403359413,1.048748,0.116578,-0.4536389,-0.4532098,0.4494249,-0.7222806,-0.2663247,0,0,0.4830447,0.09886211,0.1311878,0.96781,0.07918318,0.2295347,0.06623916
110236,0.0166654,36.6064057350159,1.048054,0.1169483,-0.4530811,0.4487504,-0.452445,0.7224094,0.2684052,0,0,0.4836389,0.09874803,0.1315781,0.9676473,0.08106407,0.2286108,0.06945942
110238,0.016667,36.6230727341026,1.047333,0.117546,-0.452581,-0.4495847,0.4506882,-0.7230062,-0.2683575,0,0,0.4830811,0.09805351,0.1319483,0.9670413,0.0852168,0.2284263,0.07342257
110242,0.0166664,36.6397391334176,1.046936,0.1182749,-0.4524001,0.4498085,-0.44801,0.7245378,0.2683362,0,0,0.482581,0.09733349,0.132546,0.9675016,0.08424193,0.2272329,0.07217571
110246,0.0197407,36.6594798341393,1.046951,0.1186542,-0.4520416,-0.4495555,0.4418902,-0.7281746,-0.2690628,0,0,0.4824001,0.09693569,0.1332749,0.9682183,0.08385623,0.2248906,0.07032628
110250,0.0166683,36.6761481333524,1.046086,0.1191674,-0.4527052,0.4414024,-0.4548505,0.7217228,0.2781927,0,0,0.4820416,0.09695071,0.1336542,0.9698755,0.08346979,0.2188807,0.06682571
110252,0.0166677,36.6928158327937,1.046153,0.1200351,-0.4538283,-0.4376328,0.4563311,-0.7219697,-0.281068,0,0,0.4827051,0.09608632,0.1341674,0.9669918,0.0893676,0.2233306,0.08404544
110256,0.0166656,36.7094814330339,1.045592,0.1220706,-0.4548212,0.440787,-0.4447066,0.726424,0.2832862,0,0,0.4838283,0.09615308,0.1350351,0.9667435,0.09232776,0.2217828,0.08772122
110260,0.0166673,36.7261487338692,1.044773,0.1230065,-0.4537363,-0.4488555,0.4243368,-0.7334582,-0.2837364,0,0,0.4848212,0.0955916,0.1370706,0.9699594,0.08741771,0.2117703,0.08179358
110264,0.0166671,36.7428158335388,1.044147,0.1249209,-0.454164,0.4566593,-0.4002331,0.7424991,0.2827914,0,0,0.4837362,0.09477347,0.1380065,0.974984,0.07720695,0.196882,0.0684315
110266,0.0166674,36.7594832330942,1.044367,0.1257698,-0.4540342,-0.4573028,0.3845437,-0.750357,-0.2827805,0,0,0.4841639,0.09414667,0.1399209,0.9801629,0.06714616,0.1791938,0.05159088
110270,0.0166727,36.7761559337378,1.044962,0.1278473,-0.4552011,0.4635367,-0.3649178,0.7559716,0.2836825,0,0,0.4840342,0.09436721,0.1407698,0.9832162,0.06486411,0.1654285,0.04137782
110272,0.0166666,36.7928225342184,1.046418,0.1277611,-0.4553663,-0.4653234,0.3388996,-0.7664056,-0.2850326,0,0,0.485201,0.09496194,0.1428473,0.9865894,0.05558775,0.1505817,0.0296084
110276,0.0166669,36.809489434585,1.047501,0.1283507,-0.4552808,0.4754468,-0.2963741,0.7759833,0.2897632,0,0,0.4853663,0.09641832,0.1427611,0.9904301,0.04972931,0.1279276,0.01449057
110280,0.0166667,36.8261561337858,1.048568,0.1288001,-0.4558148,-0.4803911,0.2796712,-0.7770774,-0.2952272,0,0,0.4852808,0.09750062,0.1433507,0.9950945,0.03046921,0.09384453,-0.00720377
110284,0.0166681,36.8428242336959,1.050061,0.1307645,-0.4560941,0.4854631,-0.2483957,0.7853272,0.2930639,0,0,0.4858148,0.09856814,0.1438001,0.9965425,0.02011765,0.07968657,-0.0121823
110286,0.0176777,36.8605019338429,1.050763,0.131997,-0.4566174,-0.4872055,0.2432725,-0.7855679,-0.293824,0,0,0.4860941,0.1000615,0.1457645,0.9978471,0.009598382,0.05617127,-0.03246274
110290,0.0166684,36.8771703336388,1.052595,0.1324514,-0.456363,0.4960095,-0.2163419,0.7883303,0.2927561,0,0,0.4866174,0.1007628,0.146997,0.9980041,0.006400436,0.05235584,-0.03472329
110292,0.0166669,36.8938372340053,1.054434,0.1331892,-0.4565485,-0.5021166,0.1996857,-0.7896901,-0.2905067,0,0,0.486363,0.1025954,0.1474514,0.9980767,-0.008334707,0.03421872,-0.05101591
110296,0.016674,36.9105112347752,1.05659,0.1327763,-0.4557237,-0.5101975,0.1777818,-0.7892506,-0.2918487,0,0,0.4865485,0.1044337,0.1481892,0.9976054,-0.0177854,0.02404941,-0.06235986
110300,0.0166598,36.9271710347384,1.058388,0.1330103,-0.4556037,-0.5176955,0.1685197,-0.7869016,-0.2904797,0,0,0.4857237,0.1065897,0.1477763,0.9967584,-0.03222581,0.00916624,-0.07314529
110304,0.0166681,36.9438391346484,1.060571,0.1323263,-0.4543062,-0.5178006,0.1677199,-0.7863945,-0.2921239,0,0,0.4856037,0.1083884,0.1480103,0.99594,-0.04212042,0.00566531,-0.07935558
110306,0.0166656,36.9605047348887,1.061827,0.1321932,-0.4537101,-0.520604,0.1639607,-0.7848147,-0.2935205,0,0,0.4843061,0.1105712,0.1473263,0.99599,-0.04307405,0.004416621,-0.07828781
110310,0.016668,36.9771727342159,1.063907,0.1315068,-0.45211,-0.5251722,0.1589334,-0.7828668,-0.2933492,0,0,0.4837101,0.1118272,0.1471932,0.9957337,-0.04761796,0.002135505,-0.07900917
110312,0.0166663,36.9938390348107,1.065874,0.1307644,-0.4512464,-0.5286103,0.1536909,-0.7820576,-0.2921237,0,0,0.48211,0.1139074,0.1465068,0.9951941,-0.05381757,0.0002870044,-0.08180625
110316,0.0166681,37.0105071347207,1.068055,0.1292617,-0.4500721,-0.5345152,0.1464694,-0.7808731,-0.2882318,0,0,0.4812464,0.1158738,0.1457644,0.9946052,-0.05844597,-0.001876819,-0.08568056
110320,0.0166656,37.0271727349609,1.070002,0.1284423,-0.4494764,-0.536259,0.1433515,-0.7808334,-0.2866636,0,0,0.4800721,0.1180554,0.1442617,0.9935197,-0.06529229,-0.003405955,-0.09297288
110324,0.0166666,37.0438393354416,1.072547,0.1267287,-0.448452,-0.5393974,0.1423347,-0.7793416,-0.2853382,0,0,0.4794763,0.1200024,0.1434423,0.993083,-0.06742085,-0.004500868,-0.09602292
110326,0.0166669,37.0605062358081,1.07428,0.1258191,-0.4477871,-0.5431284,0.1358221,-0.7787269,-0.2831049,0,0,0.478452,0.1225471,0.1417287,0.9927003,-0.07064306,-0.003263802,-0.0976982
110330,0.016667,37.0771732348949,1.076465,0.1243925,-0.4459943,-0.5478591,0.1281083,-0.7778333,-0.2800249,0,0,0.477787,0.1242798,0.1408191,0.9917752,-0.07563297,-0.005891971,-0.1030868
110332,0.0166656,37.0938388351351,1.078045,0.1233535,-0.4450449,-0.5506358,0.1254016,-0.7768833,-0.2784367,0,0,0.4759943,0.1264651,0.1393925,0.9905444,-0.08177055,-0.008657464,-0.1098199
110336,0.0166685,37.1105073355138,1.08022,0.1214837,-0.4443135,-0.5522702,0.1249503,-0.7759563,-0.2779873,0,0,0.4750449,0.1280451,0.1383535,0.9899595,-0.08498657,-0.008864592,-0.1126008
110340,0.0166665,37.1271738354117,1.082113,0.1200431,-0.4443015,-0.5553386,0.125683,-0.7737716,-0.2776337,0,0,0.4743134,0.1302204,0.1364837,0.9897432,-0.08675987,-0.008239022,-0.1131958
110344,0.0166678,37.1438416354358,1.084122,0.1188831,-0.4443423,-0.5656503,0.1142118,-0.771051,-0.2692129,0,0,0.4743015,0.1321126,0.1350431,0.9895018,-0.08985349,-0.00595986,-0.1130358
110346,0.0166662,37.1605078354478,1.08569,0.1185881,-0.4446198,-0.5695741,0.1079529,-0.7698379,-0.2669853,0,0,0.4743423,0.1341224,0.1338831,0.9867779,-0.101366,-0.00683676,-0.1262837
110350,0.0166675,37.1771753355861,1.087456,0.1185869,-0.4441978,-0.5782883,0.09288147,-0.7674274,-0.260789,0,0,0.4746197,0.1356896,0.1335881,0.985531,-0.1066998,-0.009072121,-0.131383
110352,0.0166666,37.1938419360667,1.089082,0.1178761,-0.4440125,-0.583849,0.08956511,-0.7643048,-0.2587214,0,0,0.4741978,0.1374558,0.1335869,0.9822963,-0.1185492,-0.01443177,-0.1443326
110356,0.0166666,37.2105085365474,1.091416,0.1171007,-0.4436384,-0.5964757,0.0706719,-0.7578276,-0.2547935,0,0,0.4740125,0.1390818,0.1328761,0.9810119,-0.1250697,-0.01345394,-0.1476222
110360,0.016667,37.2271755356342,1.092546,0.1169149,-0.4440791,-0.59927,0.06495179,-0.7562232,-0.2545253,0,0,0.4736384,0.1414155,0.1321007,0.9763803,-0.1437051,-0.02062679,-0.1600154
110364,0.0166667,37.243842234835,1.093951,0.1159978,-0.4429953,-0.6017597,0.05841862,-0.7524897,-0.2612121,0,0,0.474079,0.1425455,0.1319149,0.9750969,-0.1485742,-0.02366374,-0.1629471
110366,0.0166669,37.2605091352016,1.095481,0.1151398,-0.4429623,0.6025348,-0.05954376,0.7505382,0.2647616,0,0,0.4729953,0.143951,0.1309978,0.9742442,-0.1559898,-0.03023308,-0.1600042
110370,0.0211052,37.2816143352538,1.096379,0.1144484,-0.4418096,0.6041139,-0.05217965,0.748504,0.26845,0,0,0.4729623,0.1454808,0.1301398,0.9745553,-0.1578871,-0.03031858,-0.1561872
110374,0.0166732,37.2982875350863,1.097521,0.1137141,-0.4414768,0.6094307,-0.05072666,0.7435986,0.2703373,0,0,0.4718095,0.1463791,0.1294484,0.973386,-0.1634339,-0.0368221,-0.156375
110378,0.0166624,37.3149499353021,1.099492,0.1125713,-0.4409726,0.6137983,-0.04234558,0.7388714,0.2748228,0,0,0.4714767,0.1475213,0.1287141,0.9723694,-0.1708061,-0.03593156,-0.1550228
110380,0.0166697,37.3316196352243,1.101514,0.1114418,-0.4400238,-0.6140901,0.03566938,-0.7372178,-0.2795192,0,0,0.4709726,0.1494918,0.1275713,0.9704505,-0.1803225,-0.04205165,-0.1547296
110384,0.0166656,37.3482852354646,1.102908,0.1109164,-0.4386239,0.6154436,-0.03335593,0.734165,0.284813,0,0,0.4700238,0.151514,0.1264418,0.9694771,-0.1846622,-0.04901743,-0.1536595
110386,0.0166709,37.3649561349303,1.104488,0.1099219,-0.4379005,0.6179299,-0.03067568,0.7312629,0.287187,0,0,0.4686239,0.1529084,0.1259163,0.9690568,-0.1891008,-0.05217232,-0.1498259
110390,0.0166629,37.381619034335,1.106356,0.1088177,-0.4364744,-0.6187596,0.03308574,-0.7291834,-0.2904026,0,0,0.4679005,0.1544878,0.124922,0.9681898,-0.1938512,-0.05388866,-0.1487489
110394,0.0166726,37.3982916343957,1.107823,0.1073674,-0.4356207,0.6213602,-0.03806034,0.7244028,0.2961479,0,0,0.4664744,0.156356,0.1238177,0.9685884,-0.1953323,-0.05276465,-0.1445603
110398,0.016663,37.4149546343833,1.110036,0.1056854,-0.434813,0.6263692,-0.03956537,0.7201309,0.2958173,0,0,0.4656206,0.1578235,0.1223674,0.9691339,-0.1991201,-0.04961318,-0.1366359
110400,0.0166735,37.4316281341016,1.111797,0.1039407,-0.4343822,0.6304612,-0.04262032,0.7166368,0.2951846,0,0,0.464813,0.1600363,0.1206854,0.9683397,-0.2044464,-0.04561288,-0.1357919
110404,0.0166675,37.4482956342399,1.113583,0.1027903,-0.4330244,-0.6352709,0.04071076,-0.7140684,-0.2913416,0,0,0.4643821,0.1617971,0.1189407,0.9679572,-0.2080864,-0.04074438,-0.1345319
110408,0.0166717,37.464967334643,1.115114,0.1009735,-0.431984,0.640004,-0.0431151,0.7100586,0.2904355,0,0,0.4630244,0.163583,0.1177903,0.9664437,-0.2128859,-0.03821567,-0.1385847
110412,0.0189171,37.483884435147,1.116115,0.09901673,-0.4307899,0.6460879,-0.04880512,0.7046766,0.2891704,0,0,0.461984,0.1651139,0.1159735,0.9657209,-0.2174361,-0.03339456,-0.1378025
110414,0.0166689,37.5005533359945,1.117039,0.0976412,-0.4305899,0.6486226,-0.0518917,0.7022755,0.2887996,0,0,0.4607899,0.1661152,0.1140167,0.9651415,-0.2224662,-0.0250646,-0.1355817
110418,0.0166662,37.5172195360065,1.117664,0.09575045,-0.4303039,0.653727,-0.05788878,0.6970466,0.2888184,0,0,0.4605898,0.1670391,0.1126412,0.9649853,-0.2244211,-0.02107196,-0.1341441
110420,0.0166666,37.5338861364871,1.118147,0.09455064,-0.4303663,0.6575899,-0.06131929,0.6935193,0.2878307,0,0,0.4603039,0.1676636,0.1107505,0.9645808,-0.2287837,-0.01347521,-0.1306148
110424,0.0166681,37.5505542363971,1.118486,0.09254307,-0.4295897,0.6622949,-0.06679213,0.6883402,0.2882569,0,0,0.4603662,0.1681474,0.1095506,0.9640233,-0.2320524,-0.008219072,-0.129396
110428,0.016667,37.5672212354839,1.118885,0.09123281,-0.429346,0.6654352,-0.06543428,0.685544,0.288,0,0,0.4595897,0.1684861,0.1075431,0.9634992,-0.2363493,-0.001373058,-0.1257235
110432,0.0166658,37.5838870350271,1.118853,0.0895699,-0.4290667,0.6690673,-0.07023089,0.6817119,0.287551,0,0,0.4593459,0.1688853,0.1062328,0.9623929,-0.2405328,-0.0006192574,-0.126268
110434,0.0166673,37.6005543358624,1.118765,0.08780709,-0.4285434,-0.6711144,0.0700134,-0.6803619,-0.286027,0,0,0.4590667,0.1688526,0.1045699,0.9619719,-0.2434049,0.005441121,-0.1238328
110438,0.0166689,37.6172232367098,1.117726,0.08638675,-0.4280299,-0.6707025,0.07689489,-0.6787207,-0.2891084,0,0,0.4585434,0.1687647,0.1028071,0.9612943,-0.245385,0.006987118,-0.1251026
110442,0.016665,37.6338882371783,1.117424,0.08514881,-0.4279369,0.6716429,-0.07772457,0.6773052,0.2900215,0,0,0.4580298,0.1677265,0.1013868,0.9623783,-0.2441054,0.01115033,-0.1188123
110446,0.0166666,37.650554837659,1.116094,0.08353239,-0.4273039,0.6725678,-0.08396257,0.6748159,0.2919356,0,0,0.4579369,0.1674239,0.1001488,0.9622061,-0.2454132,0.01200716,-0.117421
110450,0.018338,37.6688928380609,1.116157,0.08256874,-0.42636,0.6747793,-0.08310795,0.6722997,0.2928808,0,0,0.4573039,0.1660935,0.09853236,0.9627053,-0.245548,0.01686027,-0.1123408
110452,0.0205084,37.6894012372941,1.116288,0.08194325,-0.4259726,0.6761192,-0.08623306,0.6698661,0.2944592,0,0,0.45636,0.1661572,0.09756874,0.9619111,-0.2489585,0.01706282,-0.1116044
110454,0.0166681,37.7060693372041,1.11605,0.0814417,-0.4251588,-0.6771349,0.08646183,-0.6686603,-0.2947984,0,0,0.4559725,0.1662877,0.09694324,0.9618567,-0.2504015,0.01976642,-0.1083516
110460,0.0166685,37.7227378375828,1.115597,0.08062775,-0.424541,0.6826897,-0.08882068,0.6619028,0.2965307,0,0,0.4551588,0.1660505,0.0964417,0.9615544,-0.2517549,0.02040138,-0.10778
110462,0.0166651,37.7394029367715,1.114805,0.0805943,-0.425071,0.6874241,-0.09428393,0.6552867,0.2985936,0,0,0.454541,0.1655971,0.09562774,0.9599701,-0.2588208,0.02483472,-0.1041752
110466,0.0166688,37.7560717370361,1.113578,0.07977021,-0.4242825,-0.6917598,0.1008287,-0.647275,-0.3038703,0,0,0.455071,0.1648049,0.0955943,0.9589009,-0.2641703,0.03122968,-0.09873164
110468,0.0166659,37.7727376371622,1.113679,0.0788314,-0.4239649,-0.6926924,0.09986697,-0.6464202,-0.3038829,0,0,0.4542825,0.1635781,0.09477018,0.9579033,-0.2701806,0.03713358,-0.08969338
110472,0.0166678,37.7894054371864,1.113263,0.07785031,-0.4221635,0.6971794,-0.1028334,0.6402102,0.3057732,0,0,0.4539648,0.1636791,0.09383143,0.9574655,-0.2716478,0.03688367,-0.09003806
110474,0.0166658,37.8060712367296,1.11344,0.07744864,-0.4217255,-0.6982071,0.1035523,-0.6376519,-0.3085188,0,0,0.4521635,0.1632633,0.09285031,0.9559978,-0.2774442,0.04122919,-0.08598439
110478,0.0166678,37.8227390367538,1.114156,0.07633114,-0.4195955,0.7025766,-0.1048798,0.6318663,0.3100505,0,0,0.4517255,0.1634396,0.09244864,0.955584,-0.2797903,0.04142059,-0.08283092
110482,0.0166663,37.8394053373486,1.114687,0.07598713,-0.4185475,0.7054184,-0.102884,0.628671,0.3107613,0,0,0.4495955,0.1641564,0.09133111,0.953914,-0.2857882,0.04451704,-0.07994629
110486,0.0166672,37.856072537601,1.114629,0.07627317,-0.4176537,-0.7074558,0.1051448,-0.6240144,-0.314733,0,0,0.4485474,0.1646867,0.09098713,0.9525537,-0.2903558,0.04430143,-0.07982755
110488,0.0166659,37.8727384377271,1.115059,0.07597897,-0.4162517,0.7100866,-0.1051693,0.6198872,0.3169485,0,0,0.4476537,0.1646293,0.09127317,0.9517284,-0.2942035,0.04593331,-0.07448212
110492,0.0178166,37.8905550371856,1.11542,0.07611555,-0.4144606,-0.7111333,0.1045267,-0.6177271,-0.3190249,0,0,0.4462517,0.1650595,0.09097897,0.9505001,-0.2986653,0.04672563,-0.07187061
110494,0.0166679,37.9072229377925,1.11594,0.07586223,-0.4133754,0.7124721,-0.1037588,0.6156272,0.3203447,0,0,0.4444606,0.1654201,0.09111555,0.9498796,-0.3011682,0.04608364,-0.0700204
110500,0.0166672,37.923890138045,1.116603,0.07581675,-0.4115768,-0.7143546,0.1063968,-0.6109985,-0.3241268,0,0,0.4433754,0.1659402,0.09086226,0.9491526,-0.3037516,0.04578548,-0.06890558
110502,0.0166669,37.9405570384115,1.117045,0.07578525,-0.4104619,0.716705,-0.1066976,0.6071784,0.3260125,0,0,0.4415767,0.1666029,0.09081675,0.9482926,-0.3072925,0.04774165,-0.06350856
110506,0.0166697,37.9572267383337,1.117771,0.07680526,-0.4084927,-0.7161229,0.1048443,-0.6047013,-0.3324335,0,0,0.4404619,0.1670449,0.09078525,0.9471191,-0.3112235,0.04874055,-0.06107216
110508,0.0166679,37.9738946389407,1.118361,0.07736558,-0.4075187,0.7180158,-0.1050597,0.6015915,0.3339213,0,0,0.4384926,0.1677714,0.09180526,0.9467366,-0.313961,0.04462178,-0.05592112
110512,0.0166643,37.9905589390546,1.118675,0.07824078,-0.4054027,-0.7210934,0.1041297,-0.5959846,-0.3376149,0,0,0.4375187,0.1683612,0.09236558,0.9457489,-0.3171452,0.04542696,-0.05398412
110514,0.0166666,38.0072255395353,1.118225,0.0793241,-0.4055252,0.7234275,-0.1074163,0.591224,0.3399539,0,0,0.4354026,0.1686745,0.09324078,0.9438772,-0.3233006,0.04525653,-0.05024326
110520,0.0166679,38.0238934401423,1.118517,0.07943478,-0.4041789,0.7214574,-0.1072481,0.5911232,0.3443408,0,0,0.4355252,0.1682252,0.0943241,0.942764,-0.3267189,0.04858079,-0.04572572
110522,0.016995,38.0408884398639,1.118554,0.07972631,-0.4035777,0.7213293,-0.1060164,0.5901399,0.3466692,0,0,0.4341789,0.1685167,0.09443478,0.9432524,-0.3262317,0.04573556,-0.04190554
110526,0.016667,38.0575554389507,1.118822,0.07977656,-0.4023219,-0.7213145,0.1082319,-0.5884163,-0.3489377,0,0,0.4335777,0.1685535,0.09472631,0.9429647,-0.3275235,0.04385076,-0.04028767
110528,0.0166663,38.0742217395455,1.119156,0.07949392,-0.4015569,0.7217278,-0.1102103,0.5865546,0.3505945,0,0,0.4323218,0.1688222,0.09477659,0.942876,-0.3280391,0.04489445,-0.0368726
110534,0.016667,38.0908887386322,1.120801,0.07910523,-0.3980304,-0.7236337,0.1145998,-0.5808108,-0.3547958,0,0,0.4315569,0.169156,0.09449391,0.9426152,-0.3289046,0.0462171,-0.03409239
110536,0.018365,38.1092537380755,1.122166,0.07922509,-0.3969645,-0.7248007,0.1113941,-0.5796577,-0.3553199,0,0,0.4280304,0.1708015,0.09410523,0.9414178,-0.3324672,0.04959915,-0.02716578
110540,0.0166678,38.1259215380996,1.124029,0.08000147,-0.395321,0.724403,-0.1124353,0.5777628,0.3588715,0,0,0.4269645,0.1721658,0.09422509,0.9405475,-0.3351482,0.04749823,-0.02810571
110542,0.0166674,38.1425889376551,1.124324,0.08039562,-0.3949022,0.7236489,-0.1165961,0.575695,0.3623713,0,0,0.425321,0.1740292,0.0950015,0.9403372,-0.3361302,0.04692613,-0.02409177
110546,0.0166664,38.1592553369701,1.126601,0.08069655,-0.3934362,-0.7248266,0.1166479,-0.5721728,-0.3655653,0,0,0.4249021,0.1743239,0.09539561,0.9404829,-0.3358181,0.04873589,-0.01852307
110550,0.0166695,38.1759248375893,1.128619,0.08162141,-0.3927579,-0.7267434,0.1147412,-0.5692919,-0.3668586,0,0,0.4234362,0.176601,0.09569655,0.9393954,-0.3390611,0.04845596,-0.01502751
110554,0.0166646,38.192589437589,1.130341,0.08201057,-0.3910785,-0.7287574,0.1128662,-0.5677072,-0.3658995,0,0,0.4227578,0.1786191,0.09662141,0.9380708,-0.3428525,0.0476483,-0.01431961
110558,0.0166685,38.2092579379678,1.132042,0.08306402,-0.390603,-0.7297788,0.1110985,-0.5662403,-0.366677,0,0,0.4210784,0.1803408,0.09701057,0.937031,-0.3456149,0.04767107,-0.01583302
110560,0.0166657,38.2259236387908,1.134342,0.08316559,-0.3895884,0.7301343,-0.1084293,0.5650102,0.3686605,0,0,0.420603,0.1820421,0.09806402,0.9362465,-0.3478836,0.04659568,-0.01576157
110564,0.0166684,38.2425920385867,1.136683,0.083507,-0.3890239,0.7318856,-0.1072325,0.5622645,0.3697341,0,0,0.4195884,0.1843422,0.09816559,0.93556,-0.3500947,0.04396759,-0.01510489
110568,0.0166651,38.2592571377754,1.13799,0.08345735,-0.3893075,0.7322264,-0.1110932,0.5595942,0.371964,0,0,0.4190239,0.1866828,0.098507,0.9343414,-0.3533988,0.04373187,-0.01424833
110570,0.0166676,38.2759247384965,1.139922,0.08411601,-0.3890307,-0.7328013,0.1134008,-0.5555218,-0.3762153,0,0,0.4193075,0.1879897,0.09845732,0.9340203,-0.3540553,0.04641119,-0.009842592
110574,0.0169535,38.2928782384843,1.14203,0.08398256,-0.3882952,-0.7313498,0.1158348,-0.5548574,-0.3792665,0,0,0.4190306,0.1899223,0.09911601,0.9330766,-0.3565283,0.04731413,-0.004142463
110578,0.0247646,38.3176428377628,1.143307,0.0848727,-0.3875272,-0.7294144,0.1166531,-0.5549335,-0.3826166,0.0066025392152369,0,0.4182952,0.19203,0.09898256,0.9334655,-0.3555169,0.04743416,-6.890301E-05
110580,0.0166678,38.334310637787,1.144496,0.08524081,-0.3870453,-0.7281204,0.1183065,-0.5545359,-0.385142,0.011466221883893,0,0.4175272,0.1933075,0.09987269,0.9339622,-0.3544066,0.04582011,0.003331037
110584,0.0166672,38.3509778380394,1.145442,0.08623222,-0.3864884,-0.7253826,0.1206294,-0.554432,-0.3897099,0.0159873589873314,0,0.4170453,0.194496,0.1002408,0.9342819,-0.3535513,0.04557134,0.00650099
110588,0.0166669,38.3676447384059,1.146598,0.08614182,-0.3855403,-0.7265636,0.1185843,-0.5551109,-0.3871627,0.0115120010450482,0,0.4164883,0.1954423,0.1012322,0.9350119,-0.3516375,0.04432688,0.0117947
110592,0.0166671,38.3843118380755,1.148413,0.08572269,-0.3848314,0.726086,-0.1193409,0.5554366,0.3873592,0.00137993937823921,0,0.4155403,0.1965984,0.1011418,0.9347672,-0.3524043,0.04417872,0.008351369
110594,0.0166666,38.4009784385562,1.149174,0.08574224,-0.384557,-0.7253846,0.1206598,-0.5557922,-0.3877545,0,0,0.4148313,0.1984132,0.1007227,0.9350314,-0.3516574,0.04444299,0.00884919
110598,0.0166678,38.4176462385803,1.150113,0.08560306,-0.3840188,0.7256829,-0.1211331,0.5556735,0.3872185,0,0,0.414557,0.199174,0.1007422,0.9354053,-0.350569,0.04497065,0.009803806
110600,0.0166664,38.4343126378953,1.150956,0.0854874,-0.3836202,-0.7257152,0.1213947,-0.5556575,-0.3870991,0,0,0.4140188,0.2001128,0.100603,0.935368,-0.3505775,0.04572142,0.009581761
110606,0.016668,38.4509806372225,1.151279,0.08525047,-0.3844688,0.7242109,-0.1220229,0.5573786,0.3872443,0,0,0.4136202,0.2009558,0.1004874,0.9353857,-0.3504933,0.04599686,0.00960896
110608,0.0166655,38.4676461368799,1.151631,0.08510569,-0.3845707,0.7249212,-0.1207313,0.5580655,0.3853261,0.00306802452541888,0,0.4144687,0.2012787,0.1002505,0.9362174,-0.3483237,0.04552541,0.009744188
110612,0.0166683,38.484314436093,1.151854,0.08449319,-0.3850205,0.7246692,-0.1217044,0.5588043,0.3844222,0.000177427005837671,0,0.4145707,0.2016314,0.1001057,0.936141,-0.3485923,0.04550809,0.007245111
110614,0.0166655,38.5009799357504,1.152098,0.08395675,-0.3853022,-0.7250387,0.1227573,-0.5585544,-0.3837532,0,0,0.4150205,0.2018543,0.09949316,0.9364987,-0.3475153,0.04644522,0.006789628
110618,0.0203459,38.5213258359581,1.151595,0.08332106,-0.386406,-0.7245751,0.1260723,-0.5588802,-0.3830793,0,0,0.4153022,0.2020984,0.09895675,0.9364713,-0.3474108,0.04776541,0.00676441
110622,0.0166674,38.5379932355136,1.151271,0.08310559,-0.387794,-0.7242247,0.1276633,-0.559229,-0.3827058,0,0,0.4164059,0.2015955,0.09832107,0.9369939,-0.345597,0.05044567,0.007773173
110626,0.0166678,38.5546610355377,1.150505,0.08306623,-0.3895161,0.7235634,-0.1291994,0.5599509,0.3823854,0,0,0.417794,0.2012714,0.09810559,0.9373183,-0.3445255,0.05166928,0.008178917
110628,0.0166702,38.5713312346488,1.149855,0.08286622,-0.390373,-0.7224132,0.1313955,-0.5610389,-0.3822171,0,0,0.4195161,0.2005046,0.0980662,0.9377963,-0.3430665,0.05263615,0.00853835
110632,0.0166668,38.5879980344325,1.149257,0.08251846,-0.3918744,0.7226943,-0.1324351,0.5613023,0.3809379,0,0,0.420373,0.1998548,0.09786619,0.9385284,-0.3408572,0.05379981,0.009304176
110634,0.0166652,38.6046632342041,1.148808,0.08175322,-0.3928674,0.7217049,-0.1353808,0.5618335,0.3809951,0,0,0.4218744,0.1992567,0.09751849,0.9386468,-0.3403158,0.0552528,0.008635396
110638,0.0166684,38.6213316339999,1.147463,0.08086408,-0.3952073,-0.7200328,0.1393135,-0.56335,-0.3805015,0,0,0.4228674,0.1988083,0.09675322,0.9392586,-0.3382809,0.05707481,0.01008694
110642,0.0166653,38.6379969343543,1.147267,0.08043721,-0.3958263,-0.720005,0.1385272,-0.5643875,-0.3793019,0,0,0.4252073,0.1974629,0.09586407,0.9403458,-0.3347883,0.05947664,0.01137369
110646,0.0166674,38.6546643339098,1.146288,0.08004913,-0.397351,-0.7188959,0.1381177,-0.5669849,-0.3776776,0,0,0.4258263,0.1972672,0.09543721,0.9405581,-0.3342948,0.0591868,0.009711818
110648,0.0166664,38.6713307332248,1.145543,0.07983577,-0.3986687,0.7181534,-0.1388433,0.5678799,0.3774795,0,0,0.427351,0.1962882,0.09504913,0.9414213,-0.3320022,0.05867695,0.007585362
110652,0.0173802,38.6887109335512,1.144438,0.07906298,-0.4001619,0.7168142,-0.1377728,0.5710394,0.3756463,0,0,0.4286687,0.1955431,0.09483577,0.9418638,-0.330707,0.05888601,0.007619215
110654,0.0166663,38.705377234146,1.144104,0.07816002,-0.4008303,0.7169716,-0.1372672,0.5720305,0.3740196,0,0,0.4301619,0.194438,0.09406297,0.9428439,-0.3281558,0.05775407,0.004874641
110658,0.0166673,38.7220445349813,1.1433,0.0764891,-0.4015875,-0.7180977,0.1372911,-0.572731,-0.3707641,0,0,0.4308303,0.1941043,0.09316002,0.9430189,-0.3276392,0.05795833,0.002985397
110662,0.0166665,38.7387110348791,1.142904,0.07525581,-0.4028797,-0.7180227,0.1361344,-0.5751608,-0.3675607,0,0,0.4315875,0.1932998,0.09148909,0.9429677,-0.3274803,0.05973843,-4.131695E-05
110666,0.0166674,38.7553784344345,1.142159,0.0737939,-0.403851,-0.7195351,0.1325314,-0.5778295,-0.3616877,0,0,0.4328797,0.1929036,0.09025581,0.9434721,-0.3259937,0.05977694,-0.003919857
110668,0.0166668,38.7720452342182,1.141352,0.07313472,-0.4049683,0.7210544,-0.1312836,0.5788337,0.3574866,0,0,0.433851,0.1921585,0.08879389,0.9434475,-0.3259106,0.05964691,-0.01146042
110672,0.0166686,38.7887138333172,1.140075,0.07260683,-0.405821,0.7189916,-0.1314473,0.5826409,0.3553903,0,0,0.4349683,0.1913518,0.08813472,0.9432139,-0.3261549,0.06094357,-0.01601312
110674,0.0166659,38.8053797334433,1.139303,0.07128575,-0.4064372,0.7186462,-0.1313813,0.5838558,0.3541172,0,0,0.435821,0.1900746,0.08760686,0.9445392,-0.322248,0.06050975,-0.01845531
110678,0.0166669,38.8220466338098,1.138412,0.0706974,-0.4075399,0.7180197,-0.1305435,0.5879474,0.3488896,0,0,0.4364372,0.1893031,0.08628576,0.9448727,-0.3211567,0.06066982,-0.01983083
110682,0.0166664,38.8387130331248,1.137908,0.06989732,-0.4078403,-0.7182847,0.1311664,-0.5883169,-0.347485,0,0,0.4375398,0.188412,0.0856974,0.9457867,-0.3179117,0.06135263,-0.02560418
110686,0.0166674,38.8553804326802,1.138133,0.06915489,-0.4071017,-0.7176381,0.1285025,-0.5923842,-0.3428756,0,0,0.4378403,0.1879075,0.08489732,0.9458467,-0.3174257,0.06250919,-0.02659926
110688,0.0166669,38.8720473330468,1.138077,0.06944332,-0.4068978,-0.7170147,0.1255607,-0.5955217,-0.3398211,0,0,0.4371017,0.1881333,0.08415489,0.9465515,-0.3149451,0.06147067,-0.03272919
110692,0.0166665,38.8887138329446,1.138252,0.06965512,-0.4062873,0.7182779,-0.1221398,0.5962988,0.3370261,0,0,0.4368978,0.1880774,0.08444335,0.9470189,-0.3133507,0.05969729,-0.03745259
110694,0.0166667,38.9053805321455,1.138229,0.06968194,-0.4057969,-0.7180108,0.1221367,-0.5966083,-0.3370484,0,0,0.4362872,0.1882518,0.08465509,0.9465054,-0.3145605,0.05859448,-0.04178518
110698,0.0166669,38.922047432512,1.138387,0.06991863,-0.405748,0.7182739,-0.1208246,0.5970742,0.3361346,0,0,0.4357969,0.1882291,0.08468194,0.9466302,-0.3142125,0.05842161,-0.04181881
110702,0.0166657,38.9387131333351,1.138389,0.06997919,-0.4055189,-0.7186914,0.1209975,-0.5969874,-0.3353332,0,0,0.4357479,0.188387,0.08491863,0.9465162,-0.3144588,0.05781135,-0.04336696
110706,0.0166684,38.955381533131,1.138344,0.07039729,-0.4056095,-0.7189891,0.1195625,-0.5980885,-0.3332413,0,0,0.4355189,0.1883892,0.08497919,0.9464022,-0.3145927,0.05848537,-0.04397435
110708,0.0166672,38.9720487333834,1.138226,0.07095516,-0.4053456,0.7183649,-0.1176841,0.5996833,0.3323889,0,0,0.4356095,0.1883443,0.08539729,0.9463659,-0.3143567,0.05820379,-0.04673116
110712,0.0166665,38.9887152332813,1.138045,0.07188052,-0.405067,0.7187111,-0.113236,0.6026084,0.3278643,0,0,0.4353456,0.1882258,0.08595516,0.9466202,-0.3135905,0.05656815,-0.04869596
110714,0.0166675,39.0053827334195,1.137567,0.07286638,-0.4049429,0.7195851,-0.1102996,0.6041933,0.3240088,0,0,0.435067,0.1880447,0.08688052,0.9465371,-0.3130601,0.05468481,-0.05541151
110718,0.016667,39.0220497325063,1.138105,0.07373616,-0.4051021,-0.7214377,0.09933564,-0.6084098,-0.3154324,0,0,0.4349428,0.1875667,0.08786638,0.9462109,-0.3131891,0.05414697,-0.06054489
110722,0.0166685,39.038718232885,1.137871,0.0751611,-0.4056226,-0.7218829,0.09696619,-0.6099754,-0.31211,0,0,0.4351021,0.1881048,0.08873619,0.9450233,-0.3146219,0.04929675,-0.07425567
110724,0.0166658,39.0553840324283,1.1379,0.07595393,-0.4058729,0.7208799,-0.08921752,0.6146102,0.3076147,0,0,0.4356225,0.1878706,0.0901611,0.9447896,-0.3143425,0.0488089,-0.07860659
110728,0.0166668,39.072050832212,1.137758,0.07669687,-0.4061368,-0.7205522,0.08520155,-0.6167978,-0.3051324,0,0,0.4358729,0.1878996,0.09095393,0.9447102,-0.3131095,0.04348677,-0.08714392
110732,0.0166667,39.0887175314128,1.139193,0.07689885,-0.4053395,0.7147339,-0.07597135,0.6268253,0.3007889,0,0,0.4361368,0.1877578,0.09169687,0.9445378,-0.3126882,0.04091294,-0.09165508
110736,0.0166671,39.1053846310824,1.140633,0.07696009,-0.4045101,-0.710301,0.06240524,-0.6363865,-0.2942623,0,0,0.4353395,0.1891928,0.09189887,0.946164,-0.3057099,0.03151696,-0.1015969
110738,0.0166667,39.1220513302833,1.141776,0.07693073,-0.4035976,0.706008,-0.05638487,0.6412619,0.2952231,0,0,0.4345101,0.1906335,0.09196006,0.9463741,-0.3010689,0.02032712,-0.1154139
110742,0.0166669,39.1387182306498,1.143601,0.0770664,-0.4030778,-0.6956815,0.05597292,-0.6516551,-0.2970521,0,0,0.4335976,0.1917761,0.09193073,0.9472163,-0.2977275,0.01261291,-0.1182396
110744,0.016667,39.1553852297366,1.14445,0.07640681,-0.4020663,0.6861781,-0.05647483,0.6604657,0.2995916,0,0,0.4330778,0.1936012,0.09206642,0.951078,-0.285319,0.005593812,-0.1183741
110748,0.016667,39.1720522288233,1.146959,0.07521474,-0.4002036,-0.6713766,0.05447148,-0.6750445,-0.3010004,0,0,0.4320663,0.1944504,0.09140681,0.9545298,-0.2741314,-0.0004124651,-0.117153
110752,0.0166671,39.1887193284929,1.147166,0.07475865,-0.3999832,0.6590476,-0.0676316,0.6842442,0.3047822,0,0,0.4302036,0.1969592,0.09021474,0.9590878,-0.2567227,-0.01094426,-0.1188457
110756,0.0166665,39.2053858283907,1.148746,0.07328454,-0.3988163,-0.6453462,0.0769217,-0.6951521,-0.3072049,0,0,0.4299832,0.1971665,0.08975865,0.9646982,-0.2390091,-0.008680945,-0.1102575
110758,0.0166673,39.222053129226,1.149695,0.07283029,-0.3975584,0.6343551,-0.09207448,0.7024049,0.309424,0,0,0.4288163,0.1987461,0.08828454,0.9696944,-0.2204725,-0.00966143,-0.1048394
110762,0.0166671,39.2387202288955,1.151546,0.07165179,-0.3956597,-0.6193179,0.1051779,-0.7146672,-0.3076262,0,0,0.4275583,0.1996946,0.08783029,0.9742937,-0.2036857,-0.004219714,-0.09615727
110764,0.0166668,39.2553870286793,1.151654,0.07128724,-0.3953592,0.61451,-0.1129054,0.7184448,0.3057237,0,0,0.4256596,0.2015458,0.08665179,0.9790858,-0.1812294,-0.000997792,-0.09244439
110770,0.0166663,39.2720533292741,1.152355,0.07159835,-0.394389,-0.6049917,0.1206125,-0.7247765,-0.3068169,0,0,0.4253592,0.2016543,0.08628725,0.9808111,-0.1725989,0.003455645,-0.09059398
110772,0.0166675,39.2887208294123,1.152327,0.07128528,-0.3932673,-0.602433,0.1215519,-0.7259699,-0.3086544,0,0,0.424389,0.2023553,0.08659832,0.9833724,-0.1597407,0.004302178,-0.08627317
110776,0.0166665,39.3053873293102,1.153566,0.07074204,-0.3918559,0.5929024,-0.1259835,0.7315224,0.3122018,0,0,0.4232672,0.2023272,0.08628528,0.9839535,-0.1572499,0.003031186,-0.08425483
110778,0.0166675,39.3220548294485,1.153572,0.07130268,-0.3914354,-0.5907434,0.1275086,-0.7334557,-0.3111375,0,0,0.4218559,0.2035663,0.08574207,0.9860418,-0.1464164,0.0003289713,-0.07926904
110782,0.0166675,39.3387223295867,1.154201,0.07181349,-0.3909079,0.5848032,-0.133661,0.7368259,0.3118134,0,0,0.4214354,0.2035719,0.08630268,0.9865078,-0.1430606,0.0008518223,-0.07959409
110784,0.0166662,39.3553885295987,1.154074,0.07172525,-0.3903697,-0.5830842,0.1361225,-0.7371632,-0.3131676,0,0,0.4209079,0.2042008,0.08681349,0.9879397,-0.1348395,0.002560763,-0.07607298
110788,0.0166666,39.3720551300794,1.154107,0.07215771,-0.3899029,0.5790951,-0.1399999,0.7389671,0.3146055,0,0,0.4203696,0.2040741,0.08672525,0.9884044,-0.1327732,0.003185658,-0.07360627
110792,0.0166676,39.3887227308005,1.154352,0.07237321,-0.3893726,-0.5791702,0.1395605,-0.7388811,-0.3148645,0,0,0.4199029,0.2041075,0.08715771,0.989293,-0.1277687,0.003773736,-0.07042993
110796,0.016667,39.4053897298872,1.154725,0.07262143,-0.3888449,0.5780953,-0.1406112,0.7394513,0.3150336,0,0,0.4193726,0.2043521,0.08737321,0.9892554,-0.1280766,0.003353152,-0.0704188
110798,0.0166665,39.4220562297851,1.15523,0.07241122,-0.3878868,-0.573687,0.1418554,-0.7417245,-0.317183,0,0,0.4188449,0.2047248,0.08762141,0.9894862,-0.1266394,0.003600165,-0.06976049
110802,0.0166685,39.4387247301638,1.15572,0.07232297,-0.3874829,0.5718402,-0.1433043,0.7429191,0.3170708,0,0,0.4178867,0.2052298,0.08741121,0.9902233,-0.1221566,0.001545234,-0.06732976
110806,0.0166655,39.4553902298212,1.155878,0.0722966,-0.3872761,-0.569779,0.1472384,-0.7436548,-0.3172541,0,0,0.4174828,0.2057199,0.08732297,0.9905708,-0.1196236,0.001831999,-0.06675556
110810,0.0166668,39.4720570296049,1.156216,0.07252214,-0.3867647,0.5676675,-0.1516315,0.7452049,0.315327,0,0,0.417276,0.2058778,0.08729659,0.9911001,-0.1163371,0.003952545,-0.06458205
110812,0.0166663,39.4887233301997,1.156505,0.07269657,-0.3864641,0.5661001,-0.1522156,0.7469144,0.3138153,0,0,0.4167647,0.2062156,0.08752213,0.9916095,-0.1120138,0.007225194,-0.06411961
110816,0.0166671,39.5053904298693,1.156934,0.0727545,-0.3855315,-0.5615698,0.1519342,-0.7499013,-0.3149658,0,0,0.416464,0.2065055,0.08769657,0.9918172,-0.1094562,0.007474095,-0.06528533
110818,0.0166666,39.52205703035,1.156689,0.07315943,-0.3857566,0.5580444,-0.1519198,0.7522652,0.3156008,0,0,0.4155315,0.2069337,0.0877545,0.9923785,-0.1048581,0.004493954,-0.06457207
110822,0.0178811,39.5399381294847,1.156441,0.07379192,-0.3860636,-0.5549367,0.1540398,-0.7539369,-0.3160637,0,0,0.4157566,0.2066894,0.08815943,0.9928002,-0.1011339,0.002448264,-0.06413903
110824,0.0166682,39.5566063299775,1.156532,0.07331023,-0.3858719,0.5553476,-0.1539954,0.7544704,0.3140843,0,0,0.4160636,0.2064411,0.08879192,0.9932774,-0.09728128,0.002450325,-0.0626931
110830,0.0166669,39.5732732303441,1.156214,0.07345077,-0.3861399,-0.550478,0.1560654,-0.7581303,-0.3128194,0,0,0.4158719,0.2065318,0.08831023,0.9931898,-0.0969403,0.003367913,-0.06453896
110832,0.0166673,39.5899405311793,1.155768,0.0731122,-0.3859456,0.5481136,-0.1569274,0.7598114,0.312461,0,0,0.4161399,0.2062144,0.08845077,0.9937898,-0.09042112,0.003095265,-0.06477925
110836,0.016667,39.606607530266,1.15539,0.07367378,-0.386567,-0.5450115,0.1586494,-0.7620787,-0.3114947,0,0,0.4159456,0.2057683,0.08811219,0.9940638,-0.08740576,0.002752052,-0.06472907
110838,0.016667,39.6232745293528,1.155224,0.07256228,-0.3862157,-0.5438002,0.1636668,-0.7621583,-0.31082,0,0,0.416567,0.2053903,0.08867379,0.9944273,-0.08310775,0.002983239,-0.06479707
110842,0.0166667,39.6399412285537,1.154883,0.07209194,-0.3860516,0.5403241,-0.1669353,0.7642627,0.309976,0,0,0.4162157,0.2052239,0.08756228,0.9947763,-0.0802313,0.006790954,-0.06274553
110844,0.0166669,39.6566081289202,1.154381,0.07150131,-0.3858512,-0.538328,0.1683122,-0.7656218,-0.3093499,0,0,0.4160516,0.2048826,0.08709194,0.9952148,-0.07520556,0.008081816,-0.06185706
110848,0.0166666,39.6732747294009,1.154078,0.07142648,-0.3859344,0.5365168,-0.1720166,0.7675276,0.3057146,0,0,0.4158512,0.2043813,0.08650132,0.9954273,-0.07239229,0.008464886,-0.06174389
110852,0.016667,39.6899417284876,1.153726,0.07121015,-0.3855596,0.5361202,-0.1703785,0.7684252,0.3050724,0,0,0.4159343,0.2040778,0.08642645,0.9956129,-0.06800725,0.01202368,-0.06313024
110856,0.0166669,39.7066086288542,1.153468,0.0709978,-0.3858731,-0.5361426,0.1748201,-0.7700903,-0.298245,0,0,0.4155596,0.2037256,0.08621012,0.9955525,-0.06770721,0.01070826,-0.06462513
110858,0.0166676,39.7232762295753,1.153611,0.07050931,-0.3856305,-0.5342778,0.1732904,-0.7736334,-0.2932731,0,0,0.4158731,0.203468,0.0859978,0.9954568,-0.0639232,0.01702615,-0.06848127
110862,0.0166667,39.7399429287761,1.153483,0.07053775,-0.385973,-0.5333365,0.1712786,-0.7770433,-0.2870884,0,0,0.4156305,0.2036107,0.08550932,0.9953013,-0.0602603,0.01673586,-0.07391872
110866,0.016667,39.7566099278629,1.153075,0.07057104,-0.3862851,0.5306937,-0.1740437,0.7791012,0.2847354,0,0,0.415973,0.2034832,0.08553775,0.994947,-0.05728806,0.01698458,-0.08068555
110868,0.016667,39.7732769269496,1.152396,0.07106811,-0.386726,-0.5301916,0.1754839,-0.7798366,-0.2827672,0,0,0.416285,0.2030751,0.08557101,0.9951053,-0.05278474,0.01888612,-0.0813791
110872,0.0166665,39.7899434268475,1.152143,0.07130629,-0.3866798,-0.5291336,0.1745866,-0.7823965,-0.2781956,0,0,0.4167259,0.2023963,0.08606808,0.9950746,-0.05112057,0.02060057,-0.08239453
110874,0.016667,39.8066104259342,1.151569,0.07126859,-0.3865896,0.5280168,-0.1771085,0.7827424,0.2777503,0,0,0.4166798,0.2021427,0.08630629,0.9948022,-0.04841648,0.021112,-0.08705594
110878,0.0166894,39.8232998251915,1.151489,0.07172069,-0.3863005,-0.5247776,0.1801739,-0.7856824,-0.2735855,0,0,0.4165896,0.2015695,0.08626859,0.9949428,-0.04640681,0.02283277,-0.08610427
110882,0.0166666,39.8399664256722,1.151197,0.07200909,-0.3861363,0.5250035,-0.180177,0.7862763,0.2714356,0,0,0.4163005,0.2014892,0.08672066,0.9949486,-0.04052692,0.02541804,-0.08825409
110886,0.016667,39.8566334247589,1.150913,0.0727818,-0.3862943,0.5237547,-0.1858765,0.7869298,0.2680904,0,0,0.4161362,0.2011971,0.08700909,0.9947729,-0.03995935,0.02637526,-0.09019232
110888,0.0166667,39.8733001239598,1.150541,0.07309029,-0.3864578,-0.5229207,0.1879368,-0.7875888,-0.2663409,0,0,0.4162943,0.2009127,0.0877818,0.9947734,-0.03596958,0.03182826,-0.09010546
110892,0.0166674,39.8899675235152,1.150146,0.07320217,-0.3856983,-0.5209246,0.1869295,-0.78927,-0.2659846,0,0,0.4164578,0.2005412,0.08809029,0.9947383,-0.03391289,0.03382732,-0.09056131
110894,0.0166668,39.9066343232989,1.149695,0.07383537,-0.3853568,-0.5206165,0.1886496,-0.7893369,-0.2651736,0,0,0.4156983,0.2001461,0.08820216,0.9947802,-0.03183623,0.03214669,-0.0914631
110898,0.016667,39.9233013223857,1.148892,0.074671,-0.3850698,-0.5212683,0.1923481,-0.7883666,-0.2641204,0,0,0.4153568,0.1996947,0.08883537,0.9947794,-0.03078992,0.0337517,-0.09125081
110902,0.0166667,39.9399680215865,1.148198,0.07543982,-0.3848187,0.5200077,-0.1924179,0.789242,0.2639401,0,0,0.4150698,0.1988922,0.089671,0.9947594,-0.0302404,0.03757831,-0.09015113
110906,0.0187653,39.9587333220989,1.147603,0.07615414,-0.3845136,-0.5166717,0.1929647,-0.7907868,-0.2654642,0,0,0.4148187,0.1981983,0.09043981,0.9948084,-0.02878029,0.0370894,-0.09029086
110908,0.0166682,39.9754015225917,1.147131,0.07661087,-0.3844693,0.5154721,-0.1946803,0.7910598,0.2657304,0,0,0.4145135,0.1976029,0.09115414,0.9951074,-0.02558505,0.03531111,-0.08865526
110912,0.0166673,39.992068823427,1.146713,0.07679457,-0.3841876,0.5142555,-0.2000096,0.7905297,0.2657074,0,0,0.4144693,0.1971311,0.09161086,0.9952248,-0.02397886,0.0360545,-0.08747977
110916,0.0166666,40.0087354239076,1.146071,0.07722336,-0.3838455,-0.5134521,0.2001545,-0.7909849,-0.2657971,0,0,0.4141876,0.1967129,0.09179454,0.9953877,-0.02141634,0.03993236,-0.08455881
110920,0.0166676,40.0254030246288,1.145665,0.07757625,-0.3834045,-0.5135143,0.1996967,-0.7915375,-0.2643723,0,0,0.4138454,0.1960706,0.09222336,0.9954314,-0.02054315,0.03962611,-0.08440497
110922,0.0173065,40.0427095238119,1.145018,0.07775366,-0.3825265,-0.5120932,0.2001476,-0.7926568,-0.2634323,0,0,0.4134045,0.1956651,0.09257625,0.9952989,-0.02018401,0.03983534,-0.08594066
110926,0.0166674,40.0593769233674,1.144963,0.07772986,-0.3827625,-0.5111331,0.2037623,-0.7929096,-0.2617601,0,0,0.4125264,0.1950181,0.09275366,0.9952826,-0.01818709,0.03989155,-0.08654752
110928,0.0166663,40.0760432239622,1.144454,0.07756612,-0.3819729,-0.5087017,0.2041667,-0.7947695,-0.2605382,0,0,0.4127624,0.1949626,0.09272988,0.9952338,-0.01569807,0.04311645,-0.08604776
110932,0.0166671,40.0927103236318,1.144747,0.07750279,-0.3818601,-0.5073943,0.2035025,-0.7957624,-0.2605762,0,0,0.4119729,0.1944545,0.09256612,0.9952173,-0.01251853,0.04275629,-0.08693554
110936,0.0166671,40.1093774233013,1.143913,0.0778414,-0.3817742,0.5035148,-0.2076479,0.7969751,0.2611246,0,0,0.41186,0.1947475,0.09250279,0.9952534,-0.01126927,0.04154859,-0.08727802
110940,0.0166673,40.1260447241366,1.143422,0.07844908,-0.3824518,-0.5001791,0.2158219,-0.7961987,-0.2632672,0,0,0.4117741,0.193913,0.0928414,0.9954789,-0.00634111,0.04292855,-0.08449156
110942,0.0166669,40.1427116245031,1.142418,0.07871893,-0.3820155,0.4962913,-0.219593,0.7973932,0.2638903,0,0,0.4124517,0.1934218,0.09344907,0.9958274,-0.00171396,0.04733955,-0.07799957
110946,0.0181201,40.1608317252249,1.141983,0.07928893,-0.3827952,-0.4939261,0.2258954,-0.7967478,-0.2649554,0,0,0.4120154,0.1924178,0.09371893,0.9959797,0.003065872,0.04839244,-0.07532142
110950,0.0166749,40.1775066256523,1.141522,0.0794251,-0.3827759,-0.4934428,0.2277387,-0.7967698,-0.2642106,0,0,0.4127952,0.1919828,0.09428893,0.9961044,0.006576926,0.05214982,-0.07080421
110954,0.0166668,40.194173425436,1.140849,0.07989368,-0.3831553,0.4910733,-0.2304755,0.7974553,0.2641843,0,0,0.4127759,0.1915216,0.0944251,0.9960363,0.007767939,0.05376919,-0.07042889
110956,0.0166671,40.2108405251056,1.140034,0.07996047,-0.3825806,-0.4899153,0.231023,-0.7982107,-0.2635738,0,0,0.4131552,0.190849,0.09489368,0.9960496,0.01090159,0.05495341,-0.06889512
110960,0.016667,40.2275075241923,1.139372,0.08038143,-0.382966,0.4887865,-0.231491,0.7989128,0.2631313,0,0,0.4125805,0.190034,0.09496047,0.9960066,0.01248454,0.05510152,-0.06912909
110962,0.0166666,40.244174124673,1.138167,0.08065343,-0.3826741,0.4883955,-0.2312839,0.7999337,0.2609284,0,0,0.4129659,0.1893722,0.09538142,0.9959766,0.01395562,0.05513054,-0.06925643
110968,0.0166673,40.2608414255083,1.137475,0.08080789,-0.3830545,-0.4883345,0.2315573,-0.8012109,-0.2568496,0,0,0.412674,0.1881666,0.09565343,0.9957832,0.01514442,0.05564085,-0.07134913
110970,0.0166685,40.277509925887,1.136668,0.08074653,-0.3831079,0.4880401,-0.2322951,0.8016623,0.2553302,0,0,0.4130545,0.1874749,0.0958079,0.9953967,0.01676819,0.05746362,-0.07484747
110974,0.0166652,40.2941751256585,1.13568,0.08074681,-0.3833301,0.4869594,-0.2330009,0.8028657,0.252958,0,0,0.4131079,0.1866681,0.09574653,0.9952444,0.01779537,0.0585517,-0.075786
110976,0.0167051,40.3108802251518,1.134596,0.08108622,-0.383345,-0.4857896,0.2343897,-0.8036159,-0.2515382,0,0,0.4133301,0.18568,0.0957468,0.9950106,0.01996395,0.05957707,-0.07749855
110980,0.0166287,40.327508924529,1.133734,0.08117071,-0.3838387,-0.4850175,0.2338018,-0.805185,-0.2485396,0,0,0.413345,0.1845959,0.09608622,0.9948589,0.02202147,0.06075956,-0.07796898
110986,0.0168524,40.3443613238633,1.133041,0.08126634,-0.3839963,-0.4848474,0.2318295,-0.8068143,-0.2454157,0,0,0.4138387,0.1837344,0.09617071,0.9945576,0.02380527,0.06109226,-0.08097112
110988,0.0264215,40.3707828242332,1.132714,0.08126178,-0.3843246,-0.4851989,0.2322802,-0.8065925,-0.2450231,0,0,0.4139963,0.1830413,0.09626637,0.9942413,0.02469148,0.06059516,-0.0848697
110992,0.0166692,40.3874520249665,1.132668,0.08128948,-0.384165,0.4857941,-0.2321173,0.8065896,0.2440062,0,0,0.4143245,0.182714,0.09626178,0.9941931,0.02455405,0.06130201,-0.08496567
110994,0.0166661,40.4041181243956,1.132918,0.08130139,-0.3840683,-0.4865548,0.2313859,-0.8066155,-0.2430979,0,0,0.414165,0.1826685,0.0962895,0.9940802,0.02425023,0.06185722,-0.08596652
110998,0.0166674,40.4207855239511,1.132704,0.08121446,-0.3835475,0.4866575,-0.2322169,0.8061796,0.2435454,0,0,0.4140682,0.1829179,0.09630139,0.9939818,0.02360891,0.06196756,-0.08719384
111002,0.0166665,40.4374520238489,1.13263,0.08112333,-0.3833559,0.4869347,-0.2327939,0.8058364,0.2435758,0,0,0.4135475,0.1827045,0.09621446,0.994024,0.02351666,0.06253957,-0.08632545
111006,0.0166675,40.4541195239872,1.132226,0.0811295,-0.3833021,-0.4862206,0.2332977,-0.8059841,-0.2440317,0,0,0.4133558,0.1826301,0.09612332,0.9940204,0.02333305,0.06314809,-0.08597281
111008,0.0166667,40.470786223188,1.13172,0.08127552,-0.383628,0.4854434,-0.2335658,0.8062229,0.2445331,0,0,0.4133021,0.1822258,0.09612949,0.9940699,0.02403784,0.06304944,-0.08527666
111012,0.0166666,40.4874528236687,1.131301,0.08099446,-0.3839671,-0.4846401,0.2341751,-0.8064773,-0.2447048,0,0,0.4136279,0.18172,0.09627552,0.9941261,0.02474292,0.06270326,-0.08467313
111014,0.0166671,40.5041199233383,1.130783,0.08117792,-0.3847219,0.4836359,-0.2343205,0.8070211,0.2447596,0,0,0.413967,0.1813009,0.09599446,0.9941416,0.02566566,0.06276602,-0.08416817
111018,0.0166667,40.5207866225392,1.130152,0.08100021,-0.3859006,-0.481662,0.2370007,-0.8069279,-0.2463733,0,0,0.4147218,0.1807833,0.09617792,0.9941487,0.02674524,0.06238736,-0.08402865
111022,0.0166668,40.5374534223229,1.12967,0.08097932,-0.3865782,0.4805172,-0.2378911,0.8071855,0.2469062,0,0,0.4159005,0.1801524,0.09600021,0.9942948,0.02883001,0.06306691,-0.08105164
111024,0.0166672,40.5541206225753,1.129634,0.08074594,-0.3876487,0.4803729,-0.2394353,0.8066268,0.2475194,0,0,0.4165782,0.1796698,0.09597929,0.9943396,0.03004123,0.06306168,-0.0800594
111028,0.0166849,40.5708055216819,1.129388,0.08065018,-0.3882074,-0.4797864,0.2404426,-0.8065741,-0.2478522,0,0,0.4176487,0.1796343,0.09574594,0.9943823,0.03029698,0.0640557,-0.07863169
111032,0.016664,40.58746952191,1.129572,0.07993507,-0.3891014,-0.4786214,0.2425547,-0.8055013,-0.2515079,0,0,0.4182074,0.1793879,0.09565018,0.9944007,0.03100986,0.06449679,-0.07775472
111034,0.01667,40.604139521718,1.12963,0.07958713,-0.3897394,-0.4780612,0.2439271,-0.8049604,-0.252974,0,0,0.4191014,0.1795717,0.09493507,0.9947442,0.031363,0.06427021,-0.07327815
111038,0.0166656,40.6208051219583,1.130275,0.07829714,-0.3906001,-0.4781825,0.2432867,-0.8026652,-0.2605413,0,0,0.4197394,0.1796299,0.09458713,0.9948655,0.03170832,0.06458262,-0.07117873
111040,0.0166665,40.6374716218561,1.13067,0.07757756,-0.3911006,0.4791629,-0.2430068,0.8013811,0.262943,0,0,0.4206001,0.1802748,0.09329714,0.9956155,0.02867815,0.0610832,-0.06477821
111044,0.0166675,40.6541391219944,1.130512,0.0760394,-0.3918931,-0.4788514,0.2473866,-0.7976804,-0.2705682,0,0,0.4211005,0.1806696,0.09257756,0.9958419,0.02669212,0.0603603,-0.06279371
111048,0.0166701,40.6708092223853,1.13105,0.07462847,-0.3923024,0.4778153,-0.2429686,0.7991191,0.2721534,0,0,0.4218931,0.1805122,0.09103937,0.9963966,0.02507629,0.06092094,-0.05341898
111052,0.0166649,40.6874741222709,1.130791,0.07306847,-0.3942496,-0.4786802,0.2461137,-0.7959046,-0.2771808,0,0,0.4223024,0.1810499,0.08962844,0.9966331,0.02468128,0.05604695,-0.05451771
111054,0.0166669,40.7041410226375,1.130908,0.07203922,-0.3950576,-0.4798545,0.2457484,-0.7954824,-0.276686,0,0,0.4242496,0.1807913,0.08806844,0.996948,0.02250506,0.05715813,-0.04817922
111058,0.0166673,40.7208083234727,1.130768,0.06962016,-0.3956678,0.4809745,-0.2421158,0.7956428,0.2774816,0,0,0.4250576,0.1809078,0.08703922,0.996915,0.0213679,0.0576029,-0.04884523
111060,0.0166659,40.7374742235988,1.13105,0.0684599,-0.3963589,0.4818389,-0.2405661,0.7957873,0.2769148,0,0,0.4256677,0.1807681,0.08462016,0.9970536,0.01913046,0.05473964,-0.0502184
111066,0.0166667,40.7541409227997,1.131094,0.06699452,-0.3973926,-0.4825491,0.2407954,-0.7953706,-0.2766759,0,0,0.4263589,0.1810501,0.08345987,0.9970379,0.01810494,0.05405975,-0.05162438
111068,0.016667,40.7708079218864,1.131115,0.0661597,-0.3975276,0.4826021,-0.2388983,0.7956049,0.2775531,0,0,0.4273925,0.181094,0.08199452,0.9970102,0.01748534,0.05468813,-0.05171346
111072,0.0166686,40.7874765209854,1.131682,0.06511927,-0.3976705,-0.4830669,0.2415505,-0.7940061,-0.2790235,0,0,0.4275276,0.1811149,0.0811597,0.9971123,0.01670381,0.05275956,-0.05200591
111074,0.0166671,40.8041436206549,1.132004,0.06475094,-0.39788,-0.4831683,0.2414221,-0.7937295,-0.279745,0,0,0.4276705,0.1816821,0.08011927,0.9971628,0.0161956,0.054658,-0.04915923
111078,0.0166659,40.820809520781,1.132188,0.06458572,-0.3977975,-0.4816905,0.2417931,-0.7935771,-0.2823929,0,0,0.42788,0.1820038,0.07975091,0.9972165,0.01578588,0.05431532,-0.04857985
111080,0.0166667,40.8374762199819,1.132461,0.06423539,-0.3981222,-0.4807252,0.2446734,-0.7921866,-0.2854449,0,0,0.4277975,0.182188,0.07958572,0.9974071,0.01642753,0.05288761,-0.04595882
111086,0.0166674,40.8541436195374,1.132848,0.06434029,-0.3985729,0.4803407,-0.2466684,0.791149,0.2872471,0,0,0.4281222,0.1824613,0.07923539,0.9975514,0.01687353,0.0536834,-0.04152909
111088,0.0166665,40.8708101194352,1.133224,0.06417167,-0.3989788,-0.4808677,0.2476627,-0.7900507,-0.2885298,0,0,0.4285728,0.1828484,0.07934029,0.9976175,0.01699265,0.05449506,-0.03874065
111092,0.0166672,40.8874773196876,1.133482,0.06470272,-0.3998356,0.4829758,-0.2420516,0.7903507,0.2889485,0,0,0.4289787,0.1832237,0.07917167,0.9976647,0.01613414,0.05509556,-0.03700348
111094,0.0166677,40.9041450191289,1.133688,0.06444734,-0.4000911,-0.4833807,0.2441041,-0.7883864,-0.2918957,0,0,0.4298356,0.1834816,0.07970272,0.9978148,0.01258188,0.05117176,-0.0398594
111098,0.016666,40.9208110198379,1.133711,0.06397551,-0.4001578,0.4838442,-0.2441184,0.7864654,0.2962654,0,0,0.4300911,0.1836877,0.07944734,0.9979345,0.01142117,0.05196856,-0.0359961
111100,0.0166668,40.9374778196216,1.133649,0.06411156,-0.4008426,-0.4869339,0.2463103,-0.7832951,-0.2977841,0,0,0.4301578,0.1837109,0.07897551,0.9981681,0.009218183,0.0505146,-0.03199883
111106,0.0166686,40.9541464187205,1.133599,0.06375599,-0.4007911,0.4876632,-0.2458158,0.7821673,0.2999559,0,0,0.4308426,0.1836495,0.07911153,0.9981315,0.005748504,0.05328273,-0.02935206
111108,0.0166666,40.9708130192012,1.133676,0.06372198,-0.4011105,-0.4885566,0.2458248,-0.7814255,-0.3004276,0,0,0.4307911,0.1835993,0.07875602,0.9982365,0.004007529,0.05237805,-0.02764783
111112,0.0166665,40.987479519099,1.133566,0.06382108,-0.4018817,0.490567,-0.2460432,0.7799488,0.3008101,0,0,0.4311105,0.1836763,0.07872202,0.9982389,0.002861849,0.05263593,-0.02720976
111114,0.0166661,41.0041456185281,1.133469,0.06370708,-0.4021022,-0.4905171,0.2462374,-0.7798616,-0.3009586,0,0,0.4318817,0.1835656,0.07882108,0.998202,0.0005895697,0.05364707,-0.02673046
111118,0.0166683,41.0208139177412,1.133438,0.06371686,-0.4026431,-0.4907021,0.247023,-0.7795857,-0.3007279,0,0,0.4321021,0.1834685,0.07870708,0.9982041,0.0006232547,0.05373123,-0.02648221
111120,0.0166663,41.037480218336,1.133406,0.06361789,-0.4029118,0.491084,-0.2463682,0.7797833,0.3001287,0,0,0.432643,0.1834382,0.07871683,0.9981645,0.0006723817,0.05457871,-0.02623993
111126,0.0166666,41.0541468188167,1.13348,0.06382954,-0.4033472,-0.491228,0.2449861,-0.7796953,-0.3012509,0,0,0.4329118,0.1834059,0.07861792,0.9981476,0.0003678153,0.05443567,-0.02716686
111128,0.0166666,41.0708134192973,1.1335,0.06388679,-0.4036734,-0.4923496,0.2435815,-0.7793743,-0.3013896,0,0,0.4333471,0.1834802,0.07882954,0.9982365,-0.0005096775,0.05289739,-0.02693438
111132,0.0166671,41.0874805189669,1.133353,0.0641872,-0.4045873,-0.4933864,0.2426056,-0.7784133,-0.3029608,0,0,0.4336733,0.1834999,0.07888679,0.9982532,-0.00205666,0.05219167,-0.02761375
111134,0.0166664,41.1041469182819,1.133426,0.06387651,-0.4050938,-0.4941418,0.2416216,-0.777633,-0.3045158,0,0,0.4345873,0.1833528,0.0791872,0.9983195,-0.003997798,0.05126133,-0.02672967
111138,0.0166687,41.1208156179637,1.132823,0.06389385,-0.4066273,-0.4981844,0.2403605,-0.7748571,-0.3059994,0,0,0.4350938,0.1834262,0.07887648,0.9983886,-0.005633341,0.05019525,-0.02586382
111142,0.0166642,41.1374798174948,1.132679,0.063678,-0.4070627,0.4978756,-0.2398303,0.7749974,0.3065623,0,0,0.4366273,0.182823,0.07889386,0.998346,-0.01085773,0.05052042,-0.02520221
111146,0.0166682,41.1541480179876,1.132533,0.06333643,-0.4078469,0.4975112,-0.2426892,0.7743794,0.3064655,0,0,0.4370627,0.1826788,0.07867797,0.9983923,-0.01085643,0.04970419,-0.02499095
111148,0.0166668,41.1708148177713,1.132349,0.06313276,-0.4084101,0.498162,-0.244455,0.7734792,0.3062783,0,0,0.4378469,0.1825334,0.07833643,0.9983237,-0.009845198,0.05199641,-0.02343668
111152,0.0166687,41.1874835174531,1.132013,0.06307486,-0.409267,-0.4995472,0.2432701,-0.7735392,-0.3048103,0,0,0.4384101,0.1823495,0.07813276,0.9982402,-0.01012143,0.05388855,-0.02258611
111154,0.0166664,41.2041499167681,1.131944,0.06266999,-0.409721,-0.5002013,0.2437212,-0.7730838,-0.3045326,0,0,0.439267,0.182013,0.07807486,0.9981678,-0.01127235,0.05411496,-0.02461101
111158,0.0166645,41.220814416185,1.131976,0.06235811,-0.4098343,-0.5018341,0.2414688,-0.7732221,-0.303287,0,0,0.439721,0.181944,0.07766999,0.9981179,-0.01178072,0.05492421,-0.02460113
111160,0.0166675,41.2374819163233,1.131949,0.06221691,-0.4100569,0.5027306,-0.2419542,0.7725022,0.3032499,0,0,0.4398343,0.1819763,0.07735811,0.9980685,-0.01350819,0.05427941,-0.02703169
111164,0.0166679,41.2541498169303,1.132135,0.06195212,-0.4101458,0.5035371,-0.2419026,0.7721226,0.3029195,0,0,0.4400569,0.1819487,0.07721691,0.9980158,-0.01437025,0.05514459,-0.0267779
111168,0.0166661,41.2708159163594,1.132301,0.06177324,-0.410424,-0.5042685,0.2421444,-0.7715819,-0.3028876,0,0,0.4401458,0.1821354,0.07695211,0.9979694,-0.01512594,0.05562128,-0.0271037
111172,0.0185837,41.2893996164203,1.132596,0.06234604,-0.4105269,0.5041113,-0.2428495,0.7709122,0.3042862,0,0,0.440424,0.1823011,0.07677324,0.9979289,-0.01586055,0.05619688,-0.02698626
111176,0.0166674,41.3060670159757,1.133008,0.06242511,-0.41052,0.5051349,-0.2426245,0.7704722,0.3038827,0,0,0.4405269,0.182596,0.07734607,0.9979699,-0.0161085,0.05618608,-0.02529404
111180,0.0166664,41.3227334152907,1.133212,0.06299558,-0.4105106,-0.5048428,0.2413645,-0.7707996,-0.3045406,0,0,0.44052,0.1830081,0.07742511,0.9979146,-0.01710689,0.05664955,-0.02578433
111182,0.0166661,41.3393995147198,1.133301,0.06305367,-0.4105347,0.5050054,-0.2413296,0.7701579,0.3059188,0,0,0.4405106,0.1832122,0.07799558,0.9979901,-0.01730548,0.05518243,-0.02590825
111186,0.0166697,41.356069214642,1.133123,0.06307909,-0.4106413,0.5057626,-0.239756,0.7697065,0.3070396,0,0,0.4405347,0.1833009,0.07805367,0.9980349,-0.01804366,0.05470645,-0.02465708
111188,0.016664,41.3727332148701,1.133105,0.06301197,-0.4106425,-0.5055092,0.2383803,-0.7700645,-0.3076298,0,0,0.4406413,0.1831232,0.07807909,0.9980837,-0.01963764,0.05331072,-0.02452178
111192,0.0166681,41.3894013147801,1.133094,0.06293643,-0.4106448,0.5058571,-0.2370904,0.7698896,0.3084911,0,0,0.4406425,0.1831047,0.07801197,0.9981527,-0.01987786,0.05179146,-0.02477192
111196,0.0166662,41.4060675147921,1.133131,0.06294468,-0.4108227,0.5066753,-0.2368151,0.7694896,0.3083579,0,0,0.4406448,0.1830938,0.07793643,0.9981983,-0.02086712,0.05053718,-0.02471469
111200,0.0197898,41.42585731484,1.133394,0.06296501,-0.4110583,-0.5067337,0.236668,-0.7694543,-0.308463,0,0,0.4408227,0.1831314,0.07794468,0.9981613,-0.02176188,0.05075481,-0.02498611
111202,0.0166687,41.4425260145217,1.133412,0.06297153,-0.4113338,0.5068902,-0.2367143,0.7692062,0.3087887,0,0,0.4410583,0.1833938,0.07796501,0.9981657,-0.02189809,0.05061837,-0.02497282
111206,0.0166683,41.4591943137348,1.133233,0.06359497,-0.4119698,-0.5060573,0.2357616,-0.7696923,-0.3096713,0,0,0.4413338,0.1834117,0.07797153,0.9981678,-0.02219117,0.05061064,-0.02464375
111210,0.0166656,41.475859913975,1.133454,0.06415302,-0.4126786,0.5065642,-0.2303753,0.7708234,0.3100829,0,0,0.4419698,0.1832331,0.07859497,0.9982595,-0.02183383,0.04905687,-0.0243861
111214,0.0166666,41.4925265144557,1.133387,0.06501099,-0.4132793,-0.5066748,0.2290995,-0.7709756,-0.3104683,0,0,0.4426786,0.1834537,0.07915305,0.9983584,-0.02366357,0.04457578,-0.02708428
111216,0.0166672,41.5091937147081,1.133657,0.06477249,-0.4132969,-0.505749,0.2296118,-0.7709433,-0.3116776,0,0,0.4432793,0.183387,0.08001103,0.998387,-0.02420601,0.04340161,-0.02745566
111220,0.0166675,41.5258612148464,1.133876,0.0651294,-0.4138065,0.5061452,-0.2300902,0.7700783,0.3128175,0,0,0.4432969,0.1836565,0.07977249,0.9984602,-0.02357985,0.04292298,-0.026057
111222,0.0166667,41.5425279140472,1.134071,0.06461531,-0.4140827,0.5055867,-0.2298781,0.7686137,0.3174448,0,0,0.4438065,0.1838761,0.0801294,0.9984677,-0.0243753,0.04309009,-0.02472551
111228,0.0166667,41.5591946132481,1.134274,0.06445795,-0.414153,-0.5055829,0.2307608,-0.7672732,-0.3200427,0,0,0.4440826,0.1840714,0.07961531,0.9986215,-0.02569877,0.04088416,-0.02056943
111230,0.0169716,41.5761662125587,1.134317,0.06420174,-0.4143276,0.5058256,-0.2305669,0.7674195,0.3194478,0,0,0.444153,0.1842745,0.07945795,0.9986638,-0.02657846,0.04065061,-0.01765486
111236,0.0166689,41.5928351134062,1.133774,0.06395811,-0.4145113,-0.5065474,0.2302738,-0.7662755,-0.3212562,0,0,0.4443276,0.1843173,0.07920174,0.998643,-0.02663873,0.04082938,-0.01831499
111240,0.0302118,41.6230469141155,1.133873,0.06358129,-0.4149256,0.5070567,-0.2295912,0.7664283,0.3205763,0,0,0.4445112,0.1837739,0.07895811,0.9986494,-0.02823274,0.04025325,-0.01679399
111242,0.0166676,41.6397145148367,1.133485,0.06383973,-0.4152297,0.5076556,-0.2295016,0.7660301,0.320644,0,0,0.4449255,0.1838732,0.07858129,0.9986228,-0.02865009,0.04018016,-0.01780923
111246,0.0166672,41.6563817150891,1.132885,0.06368169,-0.4155764,0.508486,-0.2281456,0.7656733,0.3211479,0,0,0.4452296,0.1834846,0.07883973,0.9985951,-0.02935136,0.04037282,-0.01778948
111248,0.0166671,41.6730488147587,1.132615,0.0636299,-0.4158936,0.5086591,-0.2286329,0.7653714,0.3212467,0,0,0.4455764,0.182885,0.07868169,0.9985849,-0.03074917,0.03944092,-0.01808444
111252,0.0166671,41.6897159144282,1.132017,0.06369957,-0.4161532,-0.5081636,0.227959,-0.7657759,-0.3215461,0,0,0.4458935,0.1826153,0.0786299,0.9985693,-0.03087793,0.03990211,-0.01771176
111254,0.0166676,41.7063835151494,1.13162,0.06374905,-0.416482,0.5083604,-0.227148,0.7658181,0.3217084,0,0,0.4461531,0.1820169,0.0786996,0.9986125,-0.03059979,0.03897429,-0.01782548
111258,0.0166668,41.7230503149331,1.131323,0.06402203,-0.4169354,-0.5062848,0.2287652,-0.7662789,-0.3227369,0,0,0.446482,0.1816204,0.07874908,0.9986182,-0.03105136,0.03832234,-0.01813481
111262,0.0166659,41.7397162150592,1.131186,0.06405446,-0.417232,-0.5056109,0.2286402,-0.7666191,-0.3230734,0,0,0.4469354,0.1813225,0.07902206,0.9987169,-0.02887061,0.03828725,-0.0162835
111266,0.0166681,41.7563843149692,1.131015,0.06408682,-0.4179728,0.5047184,-0.2299351,0.766418,0.3240258,0,0,0.4472319,0.1811865,0.07905446,0.9987584,-0.02830002,0.0377241,-0.01605054
111268,0.0166699,41.7730542141944,1.130833,0.06394199,-0.4186395,0.5043816,-0.2313206,0.7659948,0.3245643,0,0,0.4479727,0.1810146,0.07908683,0.9987953,-0.02745113,0.03802662,-0.01443581
111272,0.0166631,41.7897173147649,1.13066,0.06379393,-0.4189994,-0.5036028,0.2330548,-0.7659354,-0.3246731,0,0,0.4486395,0.1808328,0.07894199,0.9987937,-0.02702016,0.03883513,-0.01314627
111276,0.0166667,41.8063840139657,1.130536,0.06357449,-0.4197243,0.5040251,-0.2338584,0.7653103,0.3249139,0,0,0.4489994,0.1806597,0.07879393,0.9987968,-0.02585863,0.03988498,-0.01206094
111280,0.0166709,41.8230549134314,1.13084,0.06373161,-0.4203254,0.5050119,-0.2324469,0.7651266,0.3248274,0,0,0.4497243,0.1805357,0.07857449,0.9987624,-0.02625456,0.0406842,-0.01137089
111282,0.0166636,41.8397185131907,1.13123,0.06361803,-0.4205275,0.5042455,-0.2325252,0.7653517,0.3254313,0,0,0.4503254,0.1808403,0.07873161,0.9987437,-0.0275853,0.04000165,-0.01224849
111286,0.0202158,41.8599343132228,1.13147,0.0638788,-0.4209834,0.5041775,-0.2323205,0.7649594,0.326603,0,0,0.4505274,0.18123,0.07861803,0.9987886,-0.02698333,0.03946551,-0.01165086
111290,0.0166675,41.876601813361,1.131322,0.06426752,-0.4216405,0.5043458,-0.2321484,0.7647866,0.3268701,0,0,0.4509834,0.1814703,0.07887881,0.9988124,-0.02743846,0.03881882,-0.01067754
111294,0.016668,41.8932698126882,1.131291,0.06428698,-0.4222719,-0.5048726,0.2318509,-0.7641745,-0.3276983,0,0,0.4516405,0.1813217,0.07926752,0.9988112,-0.02776883,0.03865518,-0.01052529
111296,0.0166852,41.9099550135434,1.131063,0.06431988,-0.4225623,-0.5038338,0.2323053,-0.7641086,-0.3291259,0,0,0.4522719,0.1812909,0.07928695,0.9988015,-0.02875055,0.03835078,-0.009916862
111300,0.0166651,41.9266201127321,1.130756,0.06496,-0.423391,-0.5025859,0.2339035,-0.7633684,-0.3316099,0,0,0.4525623,0.1810632,0.07931991,0.9988589,-0.0281189,0.0376926,-0.008338045
111302,0.0166684,41.9432885125279,1.130737,0.06508937,-0.4238739,0.5017132,-0.2348654,0.7632542,0.3325133,0,0,0.453391,0.1807563,0.07996,0.9989055,-0.02747001,0.03751016,-0.005117261
111308,0.0166649,41.9599534124136,1.130661,0.06593022,-0.4249138,0.5013561,-0.234663,0.763084,0.3335838,0,0,0.4538739,0.1807373,0.08008938,0.9989305,-0.02670117,0.03756282,-0.00373114
111310,0.0166667,41.9766201116145,1.130599,0.0660463,-0.4257458,0.5007718,-0.2360105,0.7624162,0.3350347,0,0,0.4549137,0.1806608,0.08093022,0.9989585,-0.02680331,0.03681672,-0.002850537
111314,0.0166676,41.9932877123356,1.13037,0.06664479,-0.4264774,0.4998154,-0.2373163,0.7616683,0.3372345,0,0,0.4557457,0.1805986,0.08104633,0.9989585,-0.02650377,0.03713579,-0.0007253003
111316,0.0166661,42.0099538117647,1.130244,0.06686842,-0.4271185,-0.4996522,0.2358221,-0.7618735,-0.3380598,0,0,0.4564774,0.1803699,0.08164479,0.998973,-0.02612679,0.03696017,0.0020756
111320,0.016667,42.0266208108515,1.130008,0.06801027,-0.4277269,-0.4980841,0.2371466,-0.761234,-0.3408761,0,0,0.4571185,0.1802436,0.08186843,0.9990206,-0.02660131,0.0353026,0.001987806
111324,0.0166662,42.0432870108634,1.129924,0.06778532,-0.4280486,-0.4972007,0.2371127,-0.7611233,-0.3424332,0,0,0.4577269,0.1800085,0.08301024,0.9990526,-0.02582162,0.03461739,0.005375281
111328,0.022826,42.0661130100489,1.129642,0.06845623,-0.428845,0.4968806,-0.2388691,0.7592816,0.3457495,0,0,0.4580485,0.1799238,0.08278535,0.9990867,-0.02553048,0.03357989,0.006809261
111330,0.0166672,42.0827802103013,1.129501,0.06846943,-0.4296325,-0.4973769,0.2418556,-0.756806,-0.3483773,0,0,0.4588449,0.1796425,0.08345623,0.9990276,-0.02624869,0.0336936,0.01093769
111334,0.017781,42.1005612108856,1.12893,0.06895652,-0.4302259,-0.4968115,0.2428247,-0.7554994,-0.3513336,0,0,0.4596325,0.1795008,0.08346941,0.9988807,-0.02732611,0.03551392,0.01514535
111336,0.0166659,42.1172271110117,1.128677,0.06845829,-0.4306939,0.4966669,-0.2408431,0.7550179,0.3539273,0,0,0.4602259,0.1789305,0.08395652,0.9988303,-0.02779766,0.03497787,0.01849091
111340,0.0166684,42.1338955108076,1.128581,0.06807286,-0.4311887,0.49625,-0.2404077,0.7540509,0.3568577,0,0,0.4606939,0.1786769,0.08345829,0.9988577,-0.02916033,0.03226708,0.01979539
111344,0.0166661,42.1505616102368,1.128491,0.06751648,-0.4324188,-0.4966649,0.2427972,-0.7517699,-0.3594657,0,0,0.4611887,0.1785812,0.08307283,0.9988294,-0.03007207,0.03062089,0.02231408
111348,0.0166673,42.167228911072,1.12851,0.06649661,-0.4330545,0.4953201,-0.2460534,0.7497503,0.3633048,0,0,0.4624187,0.1784907,0.08251648,0.9986606,-0.03119786,0.03191234,0.02617707
111350,0.0166668,42.1838957108557,1.128427,0.06550211,-0.4341751,-0.4950354,0.2484507,-0.7482803,-0.3650875,0,0,0.4630545,0.1785099,0.08149661,0.9984899,-0.0307885,0.03263905,0.03170006
111354,0.016667,42.2005627099425,1.128528,0.06446365,-0.4350243,0.4942973,-0.2528676,0.7460429,0.3676252,0,0,0.464175,0.1784273,0.08050211,0.9983443,-0.03080563,0.03390327,0.0347899
111356,0.0166666,42.2172293104231,1.128531,0.06309137,-0.4358327,-0.4949169,0.2538716,-0.7451826,-0.3678443,0,0,0.4650242,0.1785284,0.07946362,0.9980856,-0.03028787,0.0364057,0.0397802
111360,0.0166675,42.2338968105614,1.128588,0.0614062,-0.4364721,0.4964208,-0.2527534,0.7454595,0.3660222,0,0,0.4658326,0.1785305,0.0780914,0.997995,-0.03087394,0.03749155,0.0405859
111364,0.0166661,42.2505629099905,1.128751,0.0597288,-0.4373916,-0.4974903,0.2534172,-0.7448848,-0.3652804,0,0,0.466472,0.1785879,0.0764062,0.9980393,-0.03191655,0.03793002,0.03821361
111368,0.016667,42.2672299090773,1.128587,0.05816954,-0.4375333,-0.5013393,0.2515878,-0.7434625,-0.3641785,0,0,0.4673916,0.1787506,0.0747288,0.997975,-0.03263142,0.03929304,0.03791077
111370,0.0169109,42.2841408085078,1.128641,0.05744451,-0.4375769,-0.5027659,0.2503305,-0.7429472,-0.3641299,0,0,0.4675332,0.1785865,0.07316951,0.9978805,-0.03670879,0.04002098,0.03585271
111374,0.0166679,42.3008087091148,1.129414,0.05627188,-0.4373326,-0.5142978,0.233341,-0.7402713,-0.3647578,0.0345634706318378,0,0.4675769,0.1786415,0.07244451,0.9978542,-0.03849371,0.03966625,0.03509688
111376,0.0166671,42.3174758087844,1.130103,0.05521992,-0.4372401,-0.5178143,0.2320259,-0.7369564,-0.3673249,0.0672358423471451,0,0.4673325,0.1794145,0.07127191,0.9976849,-0.05482009,0.03065105,0.02607861
111380,0.0166677,42.3341435082257,1.130429,0.05474991,-0.4373223,0.519479,-0.2275963,0.7349971,0.3716461,0.0837842896580696,0,0.4672401,0.1801035,0.07021989,0.9973391,-0.0601378,0.03036142,0.02786513
111384,0.0166664,42.3508099075407,1.131437,0.0540297,-0.4372214,-0.5226693,0.2130571,-0.7378582,-0.3701202,0.174212247133255,0.0599307827651501,0.4673223,0.1804288,0.06974991,0.9971243,-0.06483389,0.02587453,0.02950022
111388,0.0166692,42.367479108274,1.13088,0.05517212,-0.4354725,0.5178608,-0.1830859,0.7455643,0.3774038,0.249339893460274,0.225499108433723,0.4672214,0.1814368,0.0690297,0.9971759,-0.07071872,0.01568636,0.01982292
111390,0.0166654,42.3841445073485,1.131787,0.05343968,-0.4344445,-0.5146018,0.1517463,-0.7527297,-0.3815183,0.513528406620026,0.657628297805786,0.4654724,0.18088,0.07017212,0.9970025,-0.07534529,-0.01453928,0.009883059
111396,0.0166666,42.4008111078292,1.130931,0.0556826,-0.4331442,0.5121471,-0.07295488,0.7650347,0.3835424,0.654512166976929,0.851188540458679,0.4644444,0.1817868,0.06843968,0.9957316,-0.08122744,-0.04369995,-0.003327002
111398,0.0166662,42.4174773078412,1.131455,0.05504662,-0.4324042,-0.5041153,0.06121811,-0.7703677,-0.3855565,0.725128889083862,1,0.4631441,0.180931,0.0706826,0.9878541,-0.1013776,-0.1098921,-0.04231593
111402,0.0166684,42.4341457076371,1.1313,0.05629495,-0.4323703,0.5027938,-0.06304105,0.7711981,0.3853281,0.732156932353973,1,0.4624042,0.1814552,0.07004662,0.9864344,-0.09710848,-0.1239757,-0.04633727
111404,0.016666,42.450811708346,1.13177,0.05616474,-0.431832,-0.5025188,0.05876416,-0.7716687,-0.3854207,0.7013019323349,1,0.4623702,0.1812997,0.07129495,0.9867829,-0.09500202,-0.12308,-0.04566641
111408,0.016667,42.4674787074327,1.132189,0.05592564,-0.4312002,0.5018263,-0.05719525,0.7723246,0.385245,0.668445587158203,1,0.4618319,0.1817704,0.07116477,0.9861284,-0.09607311,-0.1266715,-0.04769697
111412,0.0214331,42.4889118075371,1.132639,0.05566487,-0.4302178,-0.499554,0.05360002,-0.7740444,-0.3852638,0.658293306827545,1,0.4612001,0.1821892,0.07092567,0.9859176,-0.09573133,-0.1282013,-0.04864593
111416,0.0169664,42.5058782082051,1.133319,0.05523476,-0.4292986,-0.4958136,0.05250859,-0.7761474,-0.3860144,0.641217410564423,1,0.4602178,0.1826389,0.07066487,0.9854302,-0.09440095,-0.1321891,-0.05041705
111420,0.0166682,42.522546408698,1.133906,0.05433336,-0.4283316,0.4926328,-0.04973777,0.7777765,0.387173,0.628734171390533,1,0.4592986,0.1833192,0.07023473,0.9853536,-0.09102968,-0.1351508,-0.05025957
111422,0.0166666,42.5392130091786,1.134142,0.05430424,-0.4282113,-0.4911794,0.04530308,-0.7785354,-0.3880375,0.62279886007309,1,0.4583316,0.1839058,0.06933336,0.9849454,-0.08899044,-0.1393217,-0.05052413
111426,0.0166672,42.5558802094311,1.134543,0.05410132,-0.4279742,0.4884303,-0.04199484,0.7799761,0.3889856,0.620369672775269,1,0.4582112,0.1841424,0.06930424,0.9842002,-0.08922584,-0.1438696,-0.05186861
111430,0.0166661,42.5725463088602,1.134818,0.05336493,-0.4279066,-0.4882185,0.04106781,-0.779911,-0.3894803,0.619094848632813,1,0.4579741,0.184543,0.06910132,0.9836564,-0.087754,-0.1481722,-0.05257724
111434,0.0166675,42.5892138089985,1.134872,0.05323825,-0.4277714,-0.4879284,0.03989631,-0.7805997,-0.388585,0.61438524723053,1,0.4579066,0.184818,0.0683649,0.9834776,-0.08804796,-0.1491892,-0.05255453
111436,0.0210095,42.6102233082056,1.135081,0.0524852,-0.4275362,0.4871082,-0.03697161,0.7812397,0.3886171,0.602539360523224,1,0.4577714,0.1848722,0.06823824,0.9833164,-0.08771188,-0.1499386,-0.05398
111440,0.016668,42.6268913075328,1.134825,0.05203688,-0.4274331,0.4864067,-0.03715161,0.7821543,0.3876376,0.597908437252045,1,0.4575362,0.1850808,0.0674852,0.9828119,-0.08779371,-0.1526686,-0.05536672
111444,0.0166671,42.6435584072024,1.135143,0.05114213,-0.4275594,0.4873205,-0.03459545,0.7824674,0.3860915,0.590743839740753,1,0.457433,0.1848254,0.06703688,0.982899,-0.08654184,-0.1525118,-0.05621577
111448,0.0166667,42.6602251064032,1.135057,0.05036599,-0.4274555,-0.4863735,0.02919417,-0.7840084,-0.3846028,0.588752150535584,1,0.4575594,0.1851426,0.06614216,0.9824802,-0.08766481,-0.1535418,-0.05892872
111450,0.0175273,42.6777524072677,1.13523,0.04981628,-0.4274316,0.4856599,-0.02748955,0.784667,0.3842871,0.587193608283997,1,0.4574554,0.1850567,0.06536599,0.9815569,-0.08775745,-0.1577405,-0.06295011
111454,0.0221427,42.6998951081187,1.134781,0.04939038,-0.4275989,-0.4846967,0.02867514,-0.7856395,-0.3834285,0.584890902042389,1,0.4574316,0.1852302,0.06481628,0.9812601,-0.08741462,-0.1593191,-0.06406848
111458,0.0166677,42.71656280756,1.135039,0.04860231,-0.4277275,-0.4831187,0.0282231,-0.7871256,-0.3824042,0.579013228416443,1,0.4575988,0.184781,0.06439038,0.9815302,-0.08560731,-0.1585345,-0.06431625
111460,0.0166671,42.7332299072295,1.135066,0.04851648,-0.4284784,-0.4828856,0.0316359,-0.7879423,-0.3807461,0.571483731269836,1,0.4577275,0.1850387,0.06360231,0.981503,-0.08361155,-0.1592804,-0.0655046
111464,0.0166672,42.749897107482,1.135072,0.04838526,-0.4287988,-0.4827578,0.03181082,-0.788954,-0.3787935,0.557889938354492,1,0.4584785,0.1850662,0.06351648,0.982197,-0.0815017,-0.1560896,-0.06544172
111468,0.01667,42.76656710729,1.135433,0.04811099,-0.4286813,0.4809723,-0.03230862,0.7904369,0.3779304,0.550503492355347,1,0.4587988,0.1850725,0.06338526,0.9822891,-0.08044473,-0.1553036,-0.06721354
111470,0.0166646,42.7832317072898,1.135633,0.04801464,-0.4288774,-0.4815169,0.03235219,-0.7909421,-0.376172,0.536190986633301,1,0.4586813,0.1854326,0.06311099,0.982424,-0.07799279,-0.155452,-0.06778558
111474,0.0166669,42.7998986076564,1.136037,0.04802415,-0.4291313,-0.4815643,0.03206179,-0.7917584,-0.374415,0.529046595096588,1,0.4588774,0.1856335,0.06301464,0.9824727,-0.07778715,-0.1545162,-0.06943637
111476,0.0166667,42.8165653068572,1.136268,0.04792351,-0.4293811,-0.4818174,0.03171072,-0.7918414,-0.3739432,0.514174997806549,1,0.4591312,0.1860374,0.06302412,0.9824606,-0.07716283,-0.1540828,-0.07124261
111484,0.0166667,42.8332320060581,1.136569,0.04830477,-0.4292501,-0.4808417,0.03129124,-0.7931244,-0.3725128,0.511136710643768,1,0.459381,0.1862678,0.06292351,0.982404,-0.07734216,-0.1540674,-0.07185998
111486,0.0276232,42.8608552068472,1.137213,0.04824296,-0.4292856,0.4808362,-0.03093311,0.7928689,0.3730935,0.49969545006752,1,0.4592501,0.1865692,0.06330477,0.982365,-0.07581392,-0.1543445,-0.0734112
111488,0.0166686,42.8775238059461,1.13732,0.04841435,-0.4293878,-0.4809094,0.03134789,-0.7924767,-0.3737971,0.49969545006752,1,0.4592856,0.1872131,0.06324296,0.9822863,-0.07617937,-0.154843,-0.07303368
111492,0.0166677,42.8941915053874,1.137256,0.04837677,-0.4291758,-0.4810775,0.03195154,-0.7925727,-0.3733258,0.500160098075867,1,0.4593878,0.1873197,0.06341438,0.9823477,-0.07642826,-0.1547366,-0.07216811
111496,0.016666,42.9108575060964,1.13737,0.04827866,-0.4288763,-0.4806759,0.03320706,-0.7924854,-0.3739183,0.499436557292938,1,0.4591757,0.1872557,0.06337677,0.9824686,-0.07620317,-0.1540058,-0.07232499
111500,0.0166667,42.9275242052972,1.137289,0.04789022,-0.4284821,0.4801224,-0.03402949,0.7931391,0.3731686,0.499366849660873,1,0.4588763,0.1873702,0.06327866,0.9826905,-0.07562133,-0.1534198,-0.07115657
111502,0.0166692,42.9441934060305,1.137252,0.04773852,-0.4280971,-0.4800953,0.03292991,-0.7931283,-0.3733252,0.496012717485428,0.990670561790466,0.458482,0.1872886,0.06289022,0.9828615,-0.07443391,-0.1527591,-0.07146665
111506,0.0166653,42.9608587063849,1.136954,0.04770413,-0.4278105,-0.479422,0.03285479,-0.7933387,-0.3737499,0.493845969438553,0.982121109962463,0.458097,0.1872521,0.06273852,0.9826565,-0.07483385,-0.1537008,-0.07184838
111508,0.0166682,42.9775269068778,1.137148,0.04782355,-0.4276989,0.4793634,-0.03178091,0.7935496,0.3734698,0.493452459573746,0.973090708255768,0.4578105,0.1869541,0.06270416,0.9826379,-0.07432615,-0.1542377,-0.07147809
111514,0.0166681,42.9941950067878,1.137075,0.04737926,-0.4276637,-0.4797965,0.03217949,-0.7940015,-0.3719159,0.498804926872253,0.968688726425171,0.4576988,0.1871482,0.06282352,0.9824458,-0.07449415,-0.1550142,-0.07225998
111516,0.0166651,43.0108601059765,1.137073,0.04769313,-0.4276094,0.4791563,-0.03236091,0.7944964,0.3716686,0.499451339244843,0.964237809181213,0.4576637,0.1870752,0.06237926,0.9825485,-0.07414698,-0.153923,-0.07354199
111520,0.0166668,43.0275269057602,1.1369,0.04748917,-0.4276213,0.4792238,-0.03236458,0.7946136,0.3713306,0.498144656419754,0.963923096656799,0.4576094,0.1870726,0.06269316,0.9825903,-0.07329745,-0.1539951,-0.07368424
111524,0.0166668,43.0441937055439,1.136806,0.04763198,-0.4275099,0.4788021,-0.03234845,0.7949949,0.3710597,0.496659427881241,0.966873705387115,0.4576213,0.1869,0.06248917,0.9825969,-0.07322093,-0.1538361,-0.07400271
111528,0.0166669,43.0608606059104,1.136696,0.04740071,-0.4275926,-0.4782189,0.0334136,-0.7955288,-0.3705729,0.495415776968002,0.968157827854156,0.4575099,0.1868059,0.06263195,0.9826009,-0.07265933,-0.1539513,-0.07426356
111530,0.0166669,43.077527506277,1.136549,0.04767245,-0.4274042,-0.4779298,0.0341631,-0.7954854,-0.3709704,0.492612659931183,0.970716118812561,0.4575926,0.1866956,0.06240071,0.9828082,-0.07147722,-0.1532077,-0.0742062
111534,0.0166676,43.0941951069981,1.136287,0.04763001,-0.4275062,-0.4778416,0.03570925,-0.7952814,-0.3713756,0.492752701044083,0.971092164516449,0.4574041,0.186549,0.06267245,0.9829396,-0.07109667,-0.1528974,-0.07346672
111536,0.0218518,43.1160469073802,1.136321,0.04765883,-0.4274553,-0.4774914,0.03557578,-0.7955566,-0.3712494,0.496095508337021,0.971619963645935,0.4575062,0.1862869,0.06262998,0.9832145,-0.07067332,-0.151862,-0.07233661
111540,0.0166682,43.1327151078731,1.136122,0.04778755,-0.4272656,-0.4769694,0.03541252,-0.7959917,-0.3710032,0.495840579271317,0.970919251441956,0.4574553,0.1863206,0.0626588,0.9831936,-0.07028942,-0.1520889,-0.07251757
111544,0.0166699,43.1493850070983,1.135925,0.04833898,-0.4271051,0.4765508,-0.03609815,0.7961281,0.3711824,0.494337469339371,0.97401374578476,0.4572656,0.1861221,0.06278755,0.9831695,-0.06968039,-0.1523775,-0.07282493
111548,0.0166643,43.1660493072122,1.135926,0.04894981,-0.4264539,-0.4752802,0.03623081,-0.7967995,-0.3713579,0.494310438632965,0.972532451152802,0.4571051,0.1859251,0.06333898,0.9832916,-0.06908929,-0.1520991,-0.07232084
111550,0.0166681,43.1827174071223,1.135926,0.049871,-0.4259194,0.474369,-0.03635745,0.7972757,0.3714883,0.493171244859695,0.976826250553131,0.4564539,0.1859257,0.06394981,0.9833134,-0.06777189,-0.1526644,-0.07207926
111554,0.0166659,43.1993833072484,1.135931,0.0505085,-0.4251994,-0.4736996,0.03678078,-0.7976142,-0.3715743,0.494309186935425,0.98384815454483,0.4559194,0.1859265,0.064871,0.9833333,-0.06681975,-0.153046,-0.07188597
111556,0.0166663,43.2160496078432,1.135976,0.05166716,-0.4244489,0.4735572,-0.035144,0.7977641,0.3715926,0.495336204767227,0.988414764404297,0.4551994,0.1859306,0.0655085,0.9834072,-0.06600858,-0.1530606,-0.07159335
111560,0.0166683,43.2327179070562,1.135646,0.05244464,-0.423568,-0.4724702,0.03529388,-0.7982307,-0.3719595,0.495347619056702,0.989055573940277,0.4544488,0.1859761,0.06666715,0.9831097,-0.06639984,-0.1544334,-0.07236536
111564,0.0166657,43.2493836078793,1.134939,0.05391428,-0.422663,0.4719944,-0.03601468,0.7984456,0.3720335,0.49572616815567,0.980205297470093,0.4535679,0.1856458,0.06744464,0.9831273,-0.06535751,-0.1549665,-0.07193445
111566,0.016667,43.266050606966,1.134232,0.05538526,-0.4215289,-0.4715269,0.03550413,-0.7987657,-0.3719883,0.493411362171173,0.979029536247253,0.452663,0.1849392,0.06891425,0.983255,-0.06464982,-0.1546483,-0.07151117
111570,0.0166667,43.2827173061669,1.132612,0.05747175,-0.4199253,0.4705527,-0.03645614,0.7997251,0.3710674,0.489691883325577,0.979254424571991,0.4515288,0.1842323,0.07038523,0.983161,-0.0643016,-0.155259,-0.07179519
111574,0.0166671,43.2993844058365,1.130428,0.06055599,-0.4179492,-0.4683163,0.04006698,-0.8015612,-0.3695593,0.479129701852798,0.975536346435547,0.4499253,0.1826124,0.07247175,0.9833434,-0.06255958,-0.1546292,-0.072194
111578,0.0166667,43.3160511050373,1.128113,0.06435072,-0.4153745,-0.4636875,0.03562107,-0.8055719,-0.3671226,0.467447817325592,0.965840756893158,0.4479492,0.1804276,0.07555597,0.9839948,-0.05836736,-0.1522707,-0.07184128
111580,0.0166678,43.3327189050615,1.126807,0.06684574,-0.4138908,-0.4599927,0.03428937,-0.8074507,-0.3677696,0.445605486631393,0.942906439304352,0.4453744,0.1781128,0.07935072,0.9831628,-0.05388368,-0.1570926,-0.07621942
111584,0.0166664,43.3493853043765,1.124297,0.07100233,-0.4125582,0.4584038,-0.03708372,0.8091694,0.3656991,0.435375690460205,0.93144953250885,0.4438908,0.176807,0.08184572,0.9828439,-0.050714,-0.1601298,-0.07618731
111586,0.0166693,43.36605460383,1.122984,0.07455802,-0.4115916,0.4553221,-0.0356866,0.8129428,0.3612925,0.429299652576447,0.924470841884613,0.4425582,0.1742966,0.08600236,0.9833335,-0.04724594,-0.1578975,-0.07675622
111590,0.0166644,43.3827190045267,1.121413,0.07820479,-0.4100724,0.4555655,-0.03952526,0.8126949,0.3611439,0.4172722697258,0.906760156154633,0.4415916,0.1729839,0.08955802,0.9830148,-0.04259859,-0.158821,-0.08150535
111594,0.0166689,43.3993879053742,1.120384,0.0815216,-0.4091749,0.4546628,-0.03843836,0.8137282,0.3600706,0.425961911678314,0.915113806724548,0.4400724,0.1714129,0.09320478,0.9837145,-0.04153872,-0.155606,-0.07979406
111598,0.0166654,43.4160533044487,1.118391,0.08544242,-0.4064634,-0.4503917,0.04018981,-0.8157662,-0.3606352,0.425961911678314,0.915113806724548,0.4391748,0.1703842,0.0965216,0.9834935,-0.04049371,-0.1564935,-0.08130642
111600,0.0167064,43.4327597040683,1.116704,0.09035266,-0.4048816,0.4468222,-0.04509699,0.8172829,0.3610608,0.42831489443779,0.933957040309906,0.4364634,0.168391,0.1004425,0.9836695,-0.03570865,-0.1573115,-0.07982828
111604,0.0166665,43.4494262039661,1.115163,0.09376964,-0.4026535,-0.4449924,0.045845,-0.8180027,-0.361596,0.433187276124954,0.94231915473938,0.4348816,0.1667035,0.1053527,0.9844005,-0.03058986,-0.1552354,-0.07695476
111606,0.016667,43.4660932030529,1.114097,0.09648791,-0.4010268,0.4421081,-0.04854267,0.8191236,0.362244,0.434352874755859,0.947464168071747,0.4326535,0.165163,0.1087696,0.9844571,-0.02867591,-0.1556915,-0.07603953
111610,0.0166669,43.4827601034194,1.112396,0.09942436,-0.3987383,-0.4366622,0.04830127,-0.8217376,-0.3629605,0.43823230266571,0.962343454360962,0.4310268,0.1640974,0.1114879,0.9847968,-0.02509511,-0.1551265,-0.07403544
111614,0.0166667,43.4994268026203,1.110759,0.1034472,-0.3971128,-0.4350665,0.04675569,-0.8232,-0.3617635,0.435529977083206,0.965744137763977,0.4287383,0.1623961,0.1144244,0.9844959,-0.01984606,-0.1581098,-0.07331549
111618,0.0166669,43.5160937029868,1.108644,0.1063655,-0.3947736,0.4290449,-0.04764655,0.8266935,0.3608713,0.441516697406769,0.950217306613922,0.4271127,0.1607593,0.1184472,0.9841447,-0.0181901,-0.1596327,-0.07513826
111620,0.016667,43.5327607020736,1.106789,0.1093562,-0.393454,0.4262922,-0.04604233,0.8287733,0.3595691,0.442145258188248,0.942795217037201,0.4247736,0.1586438,0.1213654,0.9839498,-0.01133677,-0.1613677,-0.07533026
111624,0.0168198,43.5495805013925,1.103957,0.1123093,-0.3919679,-0.4229428,0.04762321,-0.8309044,-0.3583983,0.44481498003006,0.918086409568787,0.423454,0.1567885,0.1243562,0.9834922,-0.008483545,-0.1634233,-0.07722659
111628,0.016667,43.5662475004792,1.102311,0.1147667,-0.3910097,0.4207818,-0.0477427,0.8321848,0.3579552,0.454446047544479,0.90602433681488,0.4219679,0.1539568,0.1273093,0.9835318,-0.004060258,-0.1632635,-0.07741979
111630,0.0166683,43.5829157996923,1.099952,0.1177785,-0.389606,-0.4145652,0.04895946,-0.8353088,-0.3577679,0.456521660089493,0.9023717045784,0.4210096,0.1523106,0.1297667,0.9833966,-0.001631203,-0.1639914,-0.07768782
111634,0.0166673,43.5995831005275,1.097855,0.1199817,-0.3876836,-0.4119957,0.04715071,-0.8384784,-0.3535396,0.461925148963928,0.902713179588318,0.419606,0.1499519,0.1327785,0.9831368,0.005162697,-0.1657883,-0.07700455
111636,0.0166662,43.6162493005395,1.095626,0.1228609,-0.3867032,0.4075317,-0.04651687,0.8414003,0.3518516,0.458630263805389,0.905628442764282,0.4176835,0.1478552,0.1349817,0.9825572,0.008944859,-0.1668089,-0.08170744
111640,0.0166666,43.6329159010202,1.09347,0.1256014,-0.385759,0.4065756,-0.04559831,0.8437703,0.3473743,0.454112261533737,0.910709500312805,0.4167032,0.1456261,0.1378609,0.9820356,0.0139532,-0.1687011,-0.08337439
111644,0.0166677,43.6495836004615,1.091766,0.1280595,-0.384823,-0.4057969,0.0424553,-0.8444687,-0.3469858,0.453258156776428,0.915035963058472,0.415759,0.1434702,0.1406014,0.98169,0.01646098,-0.1681738,-0.08792786
111648,0.0166668,43.6662504002452,1.089633,0.1301295,-0.3829894,0.4037805,-0.03718621,0.8463022,0.3454723,0.454265803098679,0.932941615581512,0.414823,0.1417661,0.1430595,0.9810571,0.01638924,-0.1708765,-0.08977538
111650,0.0166665,43.682916900143,1.087581,0.1325292,-0.3819705,-0.4027733,0.03189224,-0.8474602,-0.3443368,0.459261298179626,0.942481398582459,0.4129894,0.1396334,0.1451295,0.9798831,0.01732246,-0.1753951,-0.09362441
111654,0.0166669,43.6995838005096,1.085715,0.1336389,-0.380581,0.4005016,-0.02617961,0.8488537,0.3440356,0.471632659435272,0.949724316596985,0.4119705,0.1375811,0.1475291,0.9787777,0.01705885,-0.1796127,-0.0971728
111656,0.016668,43.7162517998368,1.083399,0.1360084,-0.379342,0.3985503,-0.02483501,0.8503016,0.342824,0.473462849855423,0.963594257831573,0.410581,0.1357152,0.1486389,0.977465,0.01756958,-0.1850388,-0.1000711
111660,0.0166661,43.7329178992659,1.081052,0.1367312,-0.3780833,0.398337,-0.02410723,0.8514764,0.3401974,0.471896052360535,0.962382972240448,0.4093419,0.133399,0.1510084,0.9769745,0.01957029,-0.1865178,-0.1017292
111664,0.0166682,43.7495860997587,1.078984,0.1376982,-0.3769943,-0.3968579,0.02754303,-0.8528655,-0.3381799,0.466696530580521,0.963854312896729,0.4080832,0.1310518,0.1517312,0.9767247,0.02060265,-0.186189,-0.1044893
111668,0.0166646,43.7662506997585,1.076284,0.1387126,-0.3762224,-0.3961457,0.02776925,-0.8541743,-0.3356842,0.461706429719925,0.962819695472717,0.4069942,0.128984,0.1526982,0.9771648,0.02404209,-0.1833693,-0.1046262
111670,0.0166681,43.7829187996686,1.073494,0.1405556,-0.3757385,0.394847,-0.0310048,0.8558357,0.3326857,0.454077690839767,0.961978256702423,0.4062224,0.1262839,0.1537126,0.9770387,0.02583125,-0.1825567,-0.1067761
111674,0.0166668,43.7995855994523,1.070392,0.1417687,-0.3744046,-0.3935203,0.03218596,-0.8571687,-0.3307077,0.447035074234009,0.956478178501129,0.4057384,0.1234937,0.1555556,0.9773923,0.02939963,-0.1794318,-0.1079089
111676,0.0166674,43.8162529990077,1.067619,0.1438344,-0.3734335,-0.3917738,0.03241063,-0.8590212,-0.3279411,0.442674815654755,0.970731437206268,0.4044046,0.1203924,0.1567687,0.9773849,0.03190132,-0.1783319,-0.1090822
111680,0.0166668,43.8329197987914,1.06446,0.1451137,-0.3722873,0.389955,-0.03539252,0.8604718,0.3259919,0.441603600978851,0.987430453300476,0.4034335,0.1176186,0.1588344,0.9771068,0.03481304,-0.1778712,-0.11141
111684,0.016669,43.849588798359,1.061706,0.1470408,-0.3712765,0.3884468,-0.03527774,0.8615925,0.3248429,0.44812136888504,1,0.4022872,0.1144597,0.1601137,0.9773617,0.03837479,-0.1755705,-0.1116533
111688,0.0166648,43.8662535976619,1.058617,0.1479517,-0.3699394,0.3864008,-0.03467531,0.8633257,0.3227398,0.456853479146957,1,0.4012765,0.1117063,0.1620408,0.9771105,0.04028928,-0.1758904,-0.1126698
111690,0.016667,43.8829205967486,1.055042,0.150141,-0.3689787,-0.3848522,0.036971,-0.8651732,-0.3193703,0.477134525775909,1,0.3999394,0.1086168,0.1629517,0.9766503,0.04294859,-0.176466,-0.114758
111694,0.0166677,43.8995882961899,1.052484,0.1510345,-0.3678277,-0.3838395,0.03764606,-0.8674545,-0.3142814,0.478703945875168,1,0.3989787,0.1050424,0.165141,0.9767001,0.04655345,-0.1740311,-0.1166313
111696,0.0166664,43.9162546955049,1.049437,0.1525741,-0.3662384,-0.3803718,0.03598671,-0.8703279,-0.3107276,0.481170803308487,1,0.3978277,0.1024843,0.1660345,0.9763915,0.04975049,-0.1719699,-0.1208759
111700,0.0166671,43.9329217951745,1.047292,0.1537585,-0.3649928,-0.3789085,0.03584914,-0.8717927,-0.3084166,0.476882696151733,1,0.3962384,0.09943658,0.1675741,0.9754269,0.05400373,-0.1734367,-0.124683
111704,0.0166664,43.9495881944895,1.044533,0.1546881,-0.3635867,-0.3769854,0.03586651,-0.8734136,-0.306177,0.483899891376495,1,0.3949927,0.09729153,0.1687585,0.9750573,0.05628773,-0.1732902,-0.1267498
111708,0.0166684,43.9662565942854,1.041992,0.1554599,-0.3622501,0.3749953,-0.03611147,0.874582,0.3052554,0.486624151468277,1,0.3935867,0.09453267,0.169688,0.9746536,0.0590434,-0.1732495,-0.1286429
111710,0.0176305,43.9838870950043,1.039652,0.1562883,-0.3613568,0.3733039,-0.03514029,0.8759907,0.3033969,0.495372295379639,1,0.3922501,0.09199172,0.1704599,0.9743714,0.06143339,-0.1735716,-0.1292253
111714,0.0166707,44.000557795167,1.036651,0.1574119,-0.3601432,0.3721043,-0.03524021,0.8775861,0.3002321,0.497598260641098,1,0.3913568,0.08965212,0.1712883,0.973828,0.06348216,-0.174357,-0.1312583
111716,0.0166646,44.0172223951668,1.033492,0.1587819,-0.3589849,-0.3700974,0.03573207,-0.8790997,-0.2982194,0.496138721704483,1,0.3901432,0.08665091,0.1724119,0.9734387,0.0658881,-0.173562,-0.1339855
111720,0.0166678,44.0338901951909,1.030736,0.1594782,-0.3578027,0.3696585,-0.03738163,0.8797245,0.2967155,0.496242672204971,1,0.3889849,0.08349174,0.1737819,0.9730935,0.06877498,-0.1732615,-0.1354236
111724,0.0166668,44.0505569949746,1.027759,0.1602412,-0.3569748,-0.3697991,0.0378876,-0.8803191,-0.2947059,0.502410292625427,1,0.3878026,0.08073622,0.1744782,0.9732125,0.07031015,-0.1715541,-0.1359529
111728,0.0166673,44.0672242958099,1.024892,0.1603847,-0.3556743,-0.3691124,0.03730742,-0.8812565,-0.2928332,0.509365081787109,1,0.3869747,0.07775861,0.1752412,0.9731551,0.07108921,-0.1702983,-0.1375278
111730,0.0166667,44.0838909950107,1.021436,0.1606017,-0.3545387,0.3683276,-0.03859396,0.8821823,0.2908605,0.525935649871826,1,0.3856743,0.07489163,0.1753847,0.9727919,0.07226953,-0.1703193,-0.1394431
111734,0.0166669,44.1005578953773,1.020333,0.1604975,-0.3532829,-0.3675914,0.03792197,-0.88248,-0.2909773,0.533755302429199,1,0.3845387,0.07143635,0.1756017,0.9727435,0.07419178,-0.1688628,-0.1405389
111736,0.0166664,44.1172242946923,1.01713,0.1612076,-0.3519073,0.3652348,-0.037994,0.8839808,0.289375,0.547169744968414,1,0.3832829,0.07033306,0.1754975,0.9725275,0.07464876,-0.1697642,-0.1407054
111740,0.0166676,44.1338918954134,1.016224,0.161284,-0.3514083,-0.3679264,0.03660883,-0.8837174,-0.2869382,0.552480101585388,1,0.3819072,0.06712991,0.1762076,0.9720606,0.07756869,-0.1701031,-0.141938
111744,0.0166676,44.1505594961345,1.01408,0.1618243,-0.3504315,0.3681314,-0.03455007,0.8839495,0.2862148,0.561368465423584,1,0.3814082,0.0662238,0.176284,0.9719651,0.07538348,-0.1690566,-0.1449862
111748,0.0166668,44.1672262959182,1.012613,0.1611321,-0.3506285,-0.3716674,0.04301419,-0.8807747,-0.2902571,0.562398254871368,1,0.3804314,0.06407958,0.1768243,0.9715452,0.07477265,-0.1703104,-0.1466404
111750,0.0179134,44.1851396951824,1.010716,0.1617051,-0.3498088,0.3694334,-0.04338679,0.8820389,0.2892128,0.57880175113678,1,0.3806285,0.06261271,0.1761321,0.97395,0.07258441,-0.1636519,-0.1391799
111754,0.0166691,44.2018087953329,1.008488,0.1610712,-0.3482189,0.3711796,-0.0421378,0.88151,0.2887738,0.584495842456818,1,0.3798088,0.06071562,0.1767051,0.9736139,0.07528129,-0.1639223,-0.1397792
111756,0.0166659,44.218474695459,1.006311,0.1612959,-0.3476046,0.3715119,-0.04951265,0.8805289,0.2901659,0.592631042003632,1,0.3782188,0.05848831,0.1760712,0.9735926,0.0733271,-0.163974,-0.1409015
111760,0.0166676,44.2351422961801,1.005081,0.1607931,-0.3460547,0.3721025,-0.04785955,0.8809364,0.2884445,0.602684319019318,1,0.3776046,0.05631143,0.1762959,0.9750613,0.07486986,-0.1585191,-0.1360947
111764,0.0166669,44.2518091965467,1.003552,0.1611493,-0.3457122,0.3743135,-0.05160336,0.8802462,0.2870423,0.609060227870941,1,0.3760547,0.05508059,0.1757931,0.9747,0.0743961,-0.1588925,-0.1384856
111768,0.0166669,44.2684760969132,1.001743,0.1604917,-0.3450023,0.3789013,-0.0590907,0.8783381,0.2854196,0.608860075473785,1,0.3757122,0.05355221,0.1761493,0.9755166,0.07394646,-0.1543861,-0.1380733
111770,0.016667,44.285143096,1.000023,0.1611422,-0.3444005,0.3800434,-0.06222901,0.8779823,0.2843269,0.610336482524872,1,0.3750022,0.05174273,0.1754917,0.9772247,0.07241447,-0.1457537,-0.1361758
111774,0.0166668,44.3018098957837,0.9983646,0.1604766,-0.342547,0.3801814,-0.05778007,0.878795,0.2825651,0.614001035690308,1,0.3744004,0.05002326,0.1761422,0.97778,0.07268108,-0.1423104,-0.1356886
111776,0.0166674,44.3184772953391,0.9964236,0.1608705,-0.3413227,0.3795725,-0.05647672,0.8797259,0.2807442,0.607534050941467,1,0.372547,0.04836458,0.1754766,0.9769048,0.07178824,-0.1451003,-0.1394608
111782,0.0166665,44.3351437952369,0.9942386,0.1605547,-0.3399701,-0.3803586,0.0552678,-0.8798065,-0.2796665,0.605964303016663,1,0.3713227,0.04642361,0.1758705,0.9764343,0.07264193,-0.1456836,-0.1416882
111784,0.016667,44.3518107943237,0.9915405,0.1611926,-0.3391682,-0.3800012,0.05373133,-0.8802955,-0.2789119,0.609195113182068,1,0.3699701,0.04423863,0.1755547,0.9762282,0.07187703,-0.1458712,-0.1432959
111788,0.0166665,44.3684772942215,0.990741,0.1607018,-0.3380582,0.3834015,-0.05473499,0.8793346,0.2770888,0.631963789463043,1,0.3691682,0.0415405,0.1761926,0.9758491,0.07201511,-0.1469524,-0.1446977
111792,0.0197658,44.3882430940866,0.9889464,0.1611309,-0.3373762,-0.3819697,0.05616375,-0.8797626,-0.2774211,0.695793211460114,1,0.3680581,0.04074103,0.1757018,0.9762694,0.06964607,-0.1439238,-0.1460597
111796,0.0170169,44.40525999479,0.9874675,0.1619575,-0.3369099,0.3847855,-0.05555219,0.8796146,0.2741028,0.734355092048645,1,0.3673761,0.03894645,0.1761309,0.9763607,0.07139245,-0.1435502,-0.1449701
111798,0.0166678,44.4219277948141,0.9856141,0.1627373,-0.3363907,-0.385103,0.0554036,-0.8800715,-0.2722138,0.811524868011475,1,0.3669099,0.03746754,0.1769575,0.976275,0.06962375,-0.1414675,-0.1484142
111802,0.0166671,44.4385948944837,0.9844469,0.163052,-0.3358343,0.3883718,-0.05453042,0.8793848,0.2699559,0.811524868011475,1,0.3663907,0.03561407,0.1777373,0.9760925,0.06994624,-0.1406895,-0.1501911
111806,0.0167765,44.4553713947535,0.9823385,0.1635924,-0.3355997,-0.3899259,0.05518743,-0.8785782,-0.2702084,0.845921039581299,1,0.3658343,0.03444695,0.1780521,0.9761085,0.06725021,-0.1390332,-0.1528378
111810,0.0166689,44.4720402956009,0.9797722,0.1641232,-0.3351589,-0.393132,0.05753866,-0.8774897,-0.2686045,0.850276172161102,1,0.3655996,0.03233856,0.1785924,0.9764332,0.06582933,-0.1379216,-0.1523892
111812,0.0166652,44.4887054953724,0.9773241,0.1648462,-0.3347895,0.3928301,-0.05863887,0.877641,0.2683138,0.865740239620209,1,0.3651588,0.02977222,0.1791232,0.9770311,0.06397366,-0.1339797,-0.1528632
111816,0.0166684,44.5053738951683,0.9747728,0.1644731,-0.3338251,0.3938929,-0.06149791,0.8769484,0.2683804,0.868080854415894,1,0.3647895,0.02732414,0.1798462,0.9771459,0.06472634,-0.1331196,-0.1525638
111818,0.0179507,44.5233245957643,0.972265,0.1651415,-0.3333373,-0.3932363,0.0632128,-0.8775459,-0.266988,0.892186164855957,1,0.3638251,0.02477276,0.1794731,0.9777427,0.06454928,-0.1303914,-0.1511648
111824,0.0166682,44.5399927962571,0.9695643,0.1646801,-0.3324139,-0.3925486,0.0671154,-0.87739,-0.2675591,0.894920527935028,1,0.3633372,0.02226502,0.1801415,0.9777915,0.0662407,-0.1287548,-0.1515194
111826,0.0166664,44.5566591955721,0.9670261,0.164998,-0.3317109,0.3920684,-0.06895672,0.8778988,0.2661225,0.907780170440674,1,0.3624139,0.01956427,0.1796801,0.9783922,0.06793924,-0.1261696,-0.1490446
111830,0.0166672,44.5733263958246,0.9643798,0.1645321,-0.3313051,0.3920757,-0.07182232,0.8781859,0.2644009,0.915835797786713,0.997904896736145,0.3617109,0.01702613,0.179998,0.9784659,0.0695046,-0.1243327,-0.1493821
111832,0.0218599,44.5951862949878,0.9621519,0.1647897,-0.3311805,0.3917153,-0.07227553,0.8787875,0.262808,0.929737687110901,0.995092153549194,0.3613051,0.01437986,0.1795321,0.9787169,0.07100222,-0.1213427,-0.1494928
111836,0.0166688,44.6118550952524,0.9593976,0.1651939,-0.3310834,-0.3925861,0.07307228,-0.8789676,-0.2606768,0.943290650844574,0.991790413856506,0.3611805,0.01215196,0.1797897,0.9785642,0.07206844,-0.1204987,-0.1506599
111838,0.0166664,44.6285214945674,0.9567152,0.1658632,-0.3308769,-0.3926938,0.07427041,-0.8792617,-0.2591801,0.981195032596588,0.981176614761353,0.3610834,0.009397626,0.1801939,0.9785443,0.07220926,-0.1186147,-0.1522084
111842,0.0166676,44.6451890952885,0.9540826,0.1656711,-0.330579,-0.3940519,0.0774435,-0.8789935,-0.2570917,1,0.974847674369812,0.3608769,0.006715238,0.1808632,0.9785644,0.07300314,-0.1170028,-0.1529465
111846,0.0166662,44.6618552953005,0.9511483,0.1662514,-0.3301447,0.392903,-0.07821912,0.8796961,0.2562106,1,0.967586159706116,0.360579,0.00408262,0.1806711,0.9789508,0.07336913,-0.1130106,-0.1533003
111850,0.0166671,44.6785223949701,0.9480907,0.1658157,-0.3299702,-0.3953433,0.07853195,-0.8794217,-0.2532863,1,0.974445462226868,0.3601447,0.001148343,0.1812514,0.978826,0.07505813,-0.1125426,-0.1536234
111852,0.016667,44.6951893940568,0.9453748,0.1659543,-0.3294833,-0.3953242,0.07748532,-0.8803162,-0.2505156,1,0.980758368968964,0.3599702,-0.001909316,0.1808157,0.978803,0.07376061,-0.110023,-0.1562015
111860,0.0166669,44.7118562944233,0.9423966,0.1637758,-0.3283798,0.4010953,-0.07664636,0.8786431,0.2474557,1,0.989270269870758,0.3594832,-0.004625201,0.1809543,0.9783052,0.07443023,-0.1097483,-0.1591682
111862,0.0251223,44.7369785942137,0.9388776,0.1643612,-0.3279506,0.401002,-0.07652331,0.8793287,0.2451991,1,0.985432088375092,0.3583798,-0.007603407,0.1787758,0.9784465,0.06949849,-0.1066069,-0.1626264
111864,0.0166682,44.7536467947066,0.9378693,0.1643949,-0.3275864,-0.4015893,0.0760008,-0.8792974,-0.2445118,1,0.989909291267395,0.3579506,-0.01112241,0.1793612,0.9781291,0.07033823,-0.1058294,-0.1646699
111868,0.0166669,44.7703136950731,0.9357371,0.1644813,-0.3270232,-0.4015847,0.0738278,-0.879854,-0.2431794,1,0.987671315670013,0.3575863,-0.01213068,0.1793949,0.9780269,0.06983089,-0.1057066,-0.165569
111870,0.0166665,44.786980194971,0.933329,0.1648601,-0.3269837,0.4022538,-0.07354998,0.8799729,0.2417232,1,0.98405522108078,0.3570231,-0.01426286,0.1794813,0.9775268,0.06962809,-0.1069083,-0.167821
111874,0.0166656,44.8036457952112,0.931435,0.1647809,-0.3265931,0.4022776,-0.07337366,0.8801985,0.2409137,1,0.982829749584198,0.3569837,-0.016671,0.1798601,0.9773663,0.06937851,-0.1062386,-0.169278
111878,0.0166679,44.8203136958182,0.9293279,0.1647715,-0.3262189,0.4014612,-0.07265125,0.880887,0.239977,1,0.975821554660797,0.3565931,-0.018565,0.1797809,0.9772348,0.06957939,-0.1060389,-0.1700782
111882,0.0166673,44.8369809966534,0.9263711,0.1651621,-0.3262917,0.4012375,-0.07231264,0.8810962,0.2396845,1,0.971820652484894,0.3562189,-0.02067208,0.1797715,0.9769103,0.07049277,-0.1066,-0.1712121
111884,0.0166669,44.85364789702,0.9239717,0.1655443,-0.3261938,-0.3999465,0.07316789,-0.8817116,-0.2393199,1,0.958025276660919,0.3562916,-0.02362889,0.1801621,0.9767947,0.07071144,-0.1068516,-0.1716238
111888,0.0166665,44.8703143969178,0.9218913,0.1652633,-0.3260984,0.3998798,-0.0734497,0.8817762,0.2391072,1,0.942163050174713,0.3561938,-0.02602828,0.1805443,0.9767318,0.07238667,-0.1065932,-0.1714437
111892,0.0166672,44.8869815971702,0.9198003,0.1654174,-0.3259587,0.3985246,-0.07296133,0.8826756,0.2381989,1,0.937160789966583,0.3560984,-0.02810866,0.1802633,0.9767383,0.07261316,-0.1063102,-0.1714866
111896,0.0166666,44.9036481976509,0.9178509,0.1653371,-0.3259029,-0.3978901,0.07372527,-0.8829425,-0.238035,1,0.934112727642059,0.3559587,-0.03019965,0.1804174,0.976388,0.07412238,-0.1069342,-0.1724454
111898,0.0166683,44.920316496864,0.9156812,0.1653865,-0.3257021,0.3969119,-0.07427012,0.8834636,0.2375648,1,0.925183117389679,0.3559029,-0.03214914,0.1803371,0.9764091,0.07504532,-0.1065375,-0.1721721
111902,0.0166654,44.9369818959385,0.9136809,0.1655478,-0.3255885,-0.3960595,0.07472752,-0.8837668,-0.2377163,1,0.910332024097443,0.3557021,-0.03431875,0.1803864,0.9763148,0.0763464,-0.1063437,-0.1722549
111904,0.0166662,44.9536480959505,0.911709,0.1658893,-0.3254722,0.3952283,-0.07495398,0.8841819,0.2374845,1,0.899870097637177,0.3555885,-0.03631908,0.1805478,0.9763056,0.07728214,-0.1064182,-0.171843
111910,0.0166683,44.9703163951635,0.9101065,0.1662361,-0.325488,-0.3948659,0.0751707,-0.8844002,-0.2372058,1,0.895652651786804,0.3554721,-0.03829098,0.1808893,0.9762108,0.07825632,-0.1065113,-0.171883
111912,0.0166657,44.9869820959866,0.9084547,0.1665496,-0.3253467,-0.3941311,0.07494245,-0.8847805,-0.2370822,1,0.8861163854599,0.355488,-0.03989345,0.1812361,0.9761626,0.07877801,-0.1063846,-0.1719974
111914,0.0198716,45.0068536959589,0.9073777,0.1668275,-0.3253631,-0.3938107,0.0747601,-0.8849332,-0.2371023,1,0.880818605422974,0.3553467,-0.04154533,0.1815496,0.9760246,0.07947879,-0.1068434,-0.1721738
111918,0.0166685,45.0235221963376,0.9056851,0.167282,-0.3254272,-0.3930541,0.07482908,-0.8854332,-0.2364685,1,0.876751065254211,0.3553631,-0.04262227,0.1818275,0.9759618,0.07973342,-0.1071401,-0.172227
111922,0.0166671,45.0401892960072,0.90408,0.1677199,-0.3254656,0.3926258,-0.07549606,0.8856989,0.2359725,1,0.874501168727875,0.3554272,-0.04431492,0.182282,0.9757946,0.08072118,-0.1071611,-0.172701
111924,0.0166665,45.056855795905,0.90272,0.1682477,-0.3256753,-0.3931667,0.07569472,-0.8857056,-0.2349808,1,0.873971581459045,0.3554655,-0.04592001,0.1827199,0.9757746,0.08152028,-0.1066132,-0.1727774
111928,0.0166667,45.0735224951059,0.9011491,0.1687778,-0.3258414,-0.3930602,0.07504376,-0.8859759,-0.2343479,1,0.8725665807724,0.3556753,-0.04727995,0.1832477,0.9757311,0.08138359,-0.1058074,-0.173581
111932,0.0166669,45.0901893954724,0.8995175,0.1693628,-0.3259643,0.3934969,-0.07372823,0.8861138,0.2335098,1,0.857901573181152,0.3558413,-0.04885089,0.1837778,0.975532,0.08150429,-0.1061171,-0.174452
111934,0.0166669,45.106856295839,0.8984867,0.1698704,-0.3260945,0.393862,-0.07350835,0.8859741,0.2334933,1,0.853459119796753,0.3559643,-0.05048251,0.1843628,0.9752678,0.08095093,-0.1066341,-0.1758661
111938,0.0166701,45.1235263962299,0.8972246,0.1700557,-0.3260882,-0.3944068,0.07455803,-0.8851695,-0.2352857,1,0.850269496440887,0.3560944,-0.05151331,0.1848704,0.9752757,0.08052674,-0.1066414,-0.1760124
111942,0.016664,45.1401903964579,0.8956199,0.1709852,-0.3264157,-0.3973263,0.07338118,-0.8841343,-0.234635,1,0.84440815448761,0.3560882,-0.05277538,0.1850557,0.9757504,0.07970035,-0.1062933,-0.1739559
111946,0.0166682,45.1568585969508,0.8945518,0.1712898,-0.3268554,-0.397675,0.07282822,-0.8839395,-0.2349504,1,0.837309837341309,0.3564157,-0.05438012,0.1859852,0.9758229,0.07666123,-0.105672,-0.1752886
111948,0.0187013,45.1755598969758,0.8932481,0.1714443,-0.3265443,0.3969232,-0.07219564,0.8843228,0.2349748,1,0.832302212715149,0.3568554,-0.05544823,0.1862898,0.9758231,0.07603639,-0.1060892,-0.1753078
111952,0.0166665,45.1922263968736,0.8919995,0.1710805,-0.3266011,0.3973428,-0.07071766,0.8841426,0.2353925,1,0.833535373210907,0.3565443,-0.05675185,0.1864443,0.9756433,0.07657943,-0.1069405,-0.1755547
111954,0.0166666,45.2088929973543,0.8908727,0.1712546,-0.3261803,0.3985497,-0.07197431,0.8835281,0.2352786,1,0.831631600856781,0.3566011,-0.0580005,0.1860805,0.9755233,0.07556223,-0.1081087,-0.1759466
111958,0.0166668,45.225559797138,0.8905428,0.1707679,-0.3256843,0.4001099,-0.07515863,0.8829607,0.2337599,1,0.841255962848663,0.3561803,-0.05912733,0.1862547,0.9758387,0.07479092,-0.1065184,-0.1754964
111962,0.0166671,45.2422268968076,0.8897125,0.1707181,-0.3253223,0.4010466,-0.0763928,0.8828239,0.2322663,1,0.852858901023865,0.3556842,-0.05945718,0.1857679,0.9762857,0.07473942,-0.1026486,-0.1753386
111966,0.0166667,45.2588935960084,0.8892691,0.1704011,-0.3251082,0.4024821,-0.08006205,0.8820192,0.231604,1,0.859001874923706,0.3553222,-0.06028754,0.1857181,0.9763647,0.07469425,-0.1006284,-0.1760873
111968,0.016667,45.2755605950952,0.8882803,0.1703275,-0.3247496,0.4029318,-0.08242353,0.8815179,0.2319022,1,0.860939085483551,0.3551081,-0.06073093,0.1854012,0.9769701,0.07461236,-0.09677093,-0.1749223
111972,0.0166667,45.292227294296,0.8874846,0.1705813,-0.3243481,0.4040954,-0.0813799,0.8809943,0.2322355,1,0.844820261001587,0.3547496,-0.06171972,0.1853275,0.9774029,0.07478192,-0.09479539,-0.173508
111974,0.0166676,45.3088948950171,0.8867032,0.1710296,-0.3241895,0.405004,-0.08205643,0.8806804,0.2316042,1,0.815220296382904,0.3543481,-0.06251538,0.1855813,0.9774264,0.0731907,-0.09525087,-0.173805
111978,0.0166671,45.3255619946867,0.8855694,0.1719575,-0.3245814,0.4064709,-0.0805917,0.8799056,0.2324919,1,0.809304296970367,0.3541895,-0.06329679,0.1860296,0.9775324,0.07270404,-0.09404192,-0.1740711
111982,0.0166663,45.3422282952815,0.884787,0.1725697,-0.3247902,-0.4067225,0.07933019,-0.8794008,-0.2343882,1,0.790655255317688,0.3545813,-0.06443059,0.1869575,0.9776022,0.07049121,-0.0949266,-0.1741088
111986,0.0166673,45.3588955961168,0.8827105,0.1726279,-0.3257882,0.4060169,-0.0856217,0.8780822,0.2383085,1,0.779394328594208,0.3547902,-0.06521302,0.1875697,0.9777101,0.06920869,-0.0966044,-0.173092
111988,0.0166663,45.3755618967116,0.8821244,0.1728841,-0.3259174,0.4055214,-0.08562554,0.8782158,0.2386583,1,0.762488782405853,0.3557882,-0.06728953,0.1876279,0.9790732,0.0704824,-0.09346752,-0.1664687
111992,0.0166676,45.3922294974327,0.8810761,0.1727293,-0.3260832,-0.4045131,0.08582454,-0.8787704,-0.238256,1,0.757268130779266,0.3559173,-0.06787556,0.1878841,0.9790686,0.0708587,-0.09382924,-0.1661319
111994,0.0166672,45.4088966976851,0.8801594,0.1728182,-0.3261543,0.4040236,-0.08723476,0.8787262,0.2387373,1,0.758121490478516,0.3560831,-0.06892389,0.1877293,0.9789351,0.07206415,-0.09395589,-0.1663284
112000,0.0188945,45.4277911968529,0.8789197,0.1726896,-0.3265772,-0.4029726,0.08621866,-0.87928,-0.2388433,1,0.755965948104858,0.3561543,-0.06984061,0.1878181,0.9791445,0.07281285,-0.0932367,-0.1651706
112002,0.0166678,45.4444589968771,0.878181,0.1727404,-0.3268679,0.4026294,-0.08631758,0.8794582,0.2387304,1,0.759528398513794,0.3565772,-0.07108033,0.1876897,0.9789038,0.07351892,-0.09456754,-0.1655274
112006,0.016667,45.4611259959638,0.8772538,0.1729804,-0.3271592,-0.4019068,0.08535396,-0.8796471,-0.2395967,1,0.76167356967926,0.3568678,-0.07181901,0.1877404,0.9788652,0.07392985,-0.09459514,-0.1655571
112008,0.0166681,45.4777940958738,0.8772761,0.1729286,-0.3269367,0.401154,-0.08218475,0.8803303,0.2394573,1,0.76484489440918,0.3571592,-0.07274622,0.1879804,0.9787678,0.07406173,-0.09604719,-0.165238
112012,0.0166664,45.4944604951888,0.8768681,0.1728946,-0.3271883,0.4009234,-0.08215848,0.8804377,0.2394574,1,0.770823538303375,0.3569366,-0.07272387,0.1879286,0.9782158,0.07389945,-0.09887447,-0.1669029
112016,0.0166667,45.5111271943897,0.876574,0.1729313,-0.3272175,-0.4004289,0.08084086,-0.8805993,-0.240138,1,0.772298038005829,0.3571883,-0.07313192,0.1878946,0.9781866,0.07412107,-0.09899849,-0.1669025
112018,0.0166664,45.5277935937047,0.8763949,0.1732769,-0.3274152,0.4003835,-0.07998963,0.8806598,0.2402772,1,0.772417664527893,0.3572174,-0.07342595,0.1879313,0.9780331,0.07397863,-0.1005558,-0.1669342
112022,0.0166674,45.5444609932601,0.8761123,0.1736033,-0.3275229,0.4006029,-0.08072577,0.8804221,0.2405362,1,0.774508953094482,0.3574152,-0.07360512,0.1882769,0.9779231,0.07371636,-0.1013166,-0.1672342
112026,0.0166662,45.5611271932721,0.8757935,0.1740412,-0.3276649,0.4005555,-0.08004241,0.880566,0.2403168,1,0.768660426139832,0.3575228,-0.07388765,0.1886033,0.978089,0.07363316,-0.1007332,-0.1666521
112030,0.0166675,45.5777946934104,0.8751692,0.1749685,-0.3286261,-0.4011636,0.08040854,-0.8801747,-0.2406133,1,0.768304347991943,0.3576649,-0.07420653,0.1890412,0.9779552,0.07354764,-0.1012137,-0.1671832
112032,0.0166667,45.5944613926113,0.8745973,0.1754728,-0.3293095,-0.4019234,0.08246148,-0.8796026,-0.2407426,1,0.764871537685394,0.3586261,-0.07483077,0.1899685,0.9781154,0.07295129,-0.1007693,-0.1667756
112036,0.0166672,45.6111285928637,0.8737904,0.1764251,-0.3305912,-0.4024529,0.08352682,-0.8791761,-0.2410484,1,0.759603798389435,0.3593094,-0.07540268,0.1904728,0.9785121,0.0727741,-0.09883332,-0.1656804
112038,0.016668,45.6277965921909,0.8732403,0.1772691,-0.3315731,0.4024734,-0.08306261,0.8789304,0.2420685,1,0.756231129169464,0.3605912,-0.0762096,0.1914251,0.9787627,0.07246395,-0.09786519,-0.1649094
112042,0.0166659,45.644462492317,0.8730658,0.1786267,-0.3329822,0.4013366,-0.08355745,0.8786442,0.2448092,1,0.768531143665314,0.361573,-0.0767597,0.1922691,0.9788337,0.07195072,-0.09864534,-0.1642463
112046,0.016667,45.6611294914037,0.8727105,0.1796952,-0.3338825,0.4009853,-0.08504283,0.8784916,0.2454201,1,0.780880808830261,0.3629822,-0.07693422,0.1936267,0.979138,0.07228561,-0.09987187,-0.161522
112050,0.0166679,45.6777973920107,0.8723563,0.1809891,-0.3352344,-0.4008253,0.09578577,-0.8757734,-0.2513666,1,0.785865783691406,0.3638825,-0.07728952,0.1946952,0.9793884,0.07287342,-0.09908282,-0.1602199
112052,0.0166665,45.6944638919085,0.8718365,0.1814054,-0.3357873,-0.3979747,0.1035333,-0.8743788,-0.2576019,1,0.806581377983093,0.3652344,-0.07764369,0.1959891,0.9815789,0.07417364,-0.09291277,-0.1495603
112056,0.0166678,45.7111316919327,0.871827,0.1825057,-0.3372174,0.3966076,-0.1119656,0.872709,0.2618111,1,0.825573444366455,0.3657872,-0.07816344,0.1964054,0.983,0.07709674,-0.09044648,-0.1399516
112058,0.0166658,45.7277974914759,0.8710198,0.1832616,-0.3384084,0.3967497,-0.1242449,0.8697926,0.2657325,1,0.894132971763611,0.3672173,-0.07817298,0.1975057,0.9843432,0.079406,-0.0859213,-0.1318359
112062,0.0166671,45.7444645911455,0.8696244,0.1836443,-0.3407292,0.3922714,-0.1409405,0.8679199,0.2701374,1,0.907586872577667,0.3684084,-0.07898015,0.1982616,0.9861487,0.08134972,-0.07745309,-0.1220412
112066,0.0166669,45.7611314915121,0.8685525,0.1834657,-0.3415032,-0.3862141,0.1445104,-0.8698817,-0.270668,1,0.953639030456543,0.3707292,-0.08037555,0.1986443,0.9877371,0.08883125,-0.06758322,-0.109165
112070,0.0166712,45.7778026908636,0.8671418,0.1823018,-0.3429619,-0.3917475,0.1567323,-0.8672096,-0.2644172,1,1,0.3715032,-0.08144748,0.1984657,0.9874008,0.0956195,-0.06756511,-0.1064499
112072,0.0166667,45.7944693900645,0.8666151,0.1824241,-0.3448255,-0.3958626,0.1667298,-0.8658242,-0.2565979,0.360025942325592,1,0.3729619,-0.08285815,0.1973019,0.9883696,0.09563819,-0.05256611,-0.1059043
112078,0.016668,45.8111373893917,0.8649982,0.1874515,-0.3511232,-0.408681,0.2104313,-0.8595631,-0.2232711,0.180428802967072,0.709021508693695,0.3748255,-0.08338487,0.1974241,0.9886563,0.09693614,-0.03934842,-0.1077671
112082,0.0166648,45.8278021886945,0.8630846,0.1897191,-0.3565251,-0.4065235,0.2537543,-0.8527058,-0.2079428,0,0,0.3811232,-0.08500183,0.2024515,0.9876291,0.1063788,0.01627821,-0.1140498
112084,0.0233982,45.8512003887445,0.8627665,0.1893672,-0.3576204,-0.406156,0.2616359,-0.8527621,-0.1984459,0,0,0.3865251,-0.08691543,0.2047191,0.9853086,0.1232436,0.05811906,-0.1029569
112088,0.0166668,45.8678671885282,0.8649403,0.1914793,-0.3650531,-0.4221486,0.2847063,-0.8448918,-0.1639842,0,0,0.3876204,-0.08723348,0.2043672,0.9835879,0.1283551,0.06859286,-0.1066527
112090,0.0166712,45.8845383878797,0.8643795,0.1911517,-0.3669165,-0.4213326,0.283139,-0.8466055,-0.1599072,0,0,0.3950531,-0.08505964,0.2064793,0.9779187,0.1276339,0.1100392,-0.1235967
112094,0.0166668,45.9012051876634,0.8637911,0.1918269,-0.3686731,-0.4192984,0.276333,-0.8514795,-0.1510354,0,0,0.3969165,-0.08562046,0.2061517,0.9771231,0.129413,0.110062,-0.1279422
112098,0.0166662,45.9178713876754,0.8628042,0.1924441,-0.3699278,-0.4166817,0.2761272,-0.853063,-0.1497117,0,0,0.3986731,-0.08620888,0.2068269,0.975432,0.1328416,0.1071139,-0.1393271
112102,0.0166676,45.9345389883965,0.8622028,0.1929995,-0.3711845,-0.4139679,0.2766781,-0.8549625,-0.145324,0,0,0.3999278,-0.08719581,0.2074441,0.9749449,0.1358472,0.1063188,-0.1404436
112104,0.0166671,45.9512060880661,0.8618679,0.1931258,-0.3715591,0.4075227,-0.2795716,0.8572481,0.1445368,0,0,0.4011845,-0.08779716,0.2079995,0.9737586,0.1400033,0.1074463,-0.1436957
112108,0.0166669,45.9678729884326,0.8612663,0.1937879,-0.3731619,-0.4051518,0.2817704,-0.8578579,-0.1433087,0,0,0.4015591,-0.08813208,0.2081258,0.9728899,0.1472973,0.1073456,-0.1423577
112112,0.0166653,45.984538288787,0.861047,0.1942065,-0.3738652,0.4019309,-0.2849267,0.8587308,0.1408897,0,0,0.4031619,-0.08873373,0.2087879,0.9723091,0.1504702,0.108686,-0.1419901
112116,0.0166675,46.0012057889253,0.8611629,0.1934429,-0.3736244,-0.397167,0.2890514,-0.8598942,-0.138887,0,0,0.4038652,-0.08895296,0.2092065,0.9713305,0.1550227,0.1109808,-0.1420153
112118,0.0182936,46.0194993894547,0.8612284,0.1935348,-0.3741311,0.3965895,-0.2898982,0.8603114,0.1361617,0,0,0.4036244,-0.08883709,0.2084429,0.9702129,0.1611662,0.1132403,-0.1410284
112122,0.0166676,46.0361669901758,0.861529,0.1933947,-0.3740896,-0.3950733,0.2916164,-0.8608334,-0.1335773,0,0,0.4041311,-0.08877158,0.2085348,0.9695061,0.1626986,0.1148865,-0.1427874
112126,0.0244411,46.0606080908328,0.8616283,0.1932884,-0.3738367,-0.3936361,0.2907038,-0.8620378,-0.132033,0,0,0.4040896,-0.088471,0.2083947,0.9686803,0.1652876,0.1168005,-0.1438618
112130,0.0166704,46.0772784911096,0.8615876,0.1937362,-0.3741533,-0.3931416,0.2909591,-0.8623833,-0.1306812,0,0,0.4038367,-0.08837169,0.2082884,0.9682176,0.1669939,0.1160468,-0.1456055
112132,0.0166654,46.0939438901842,0.8617033,0.1936721,-0.3739645,0.3922966,-0.2916248,0.8626705,0.1298384,0,0,0.4041532,-0.08841234,0.2087362,0.9678425,0.1679245,0.116632,-0.1465581
112136,0.0166687,46.1106125898659,0.8627236,0.1932069,-0.37392,-0.3905603,0.2958876,-0.8621208,-0.1290775,0,0,0.4039645,-0.08829665,0.2086721,0.9675239,0.1691347,0.1171916,-0.1468238
112138,0.0166647,46.1272772904485,0.8632534,0.1927405,-0.3739787,-0.3904367,0.2976882,-0.8616738,-0.1282931,0,0,0.40392,-0.0872764,0.2082069,0.9669408,0.1718846,0.1204023,-0.1448601
112142,0.0166686,46.1439458895475,0.8642248,0.1925315,-0.3735625,-0.3893504,0.2952706,-0.8631817,-0.1270394,0,0,0.4039787,-0.08674657,0.2077405,0.9666505,0.1725682,0.1222335,-0.1444509
112146,0.0166658,46.1606116890907,0.8647144,0.1925838,-0.3736559,-0.3893034,0.2958312,-0.8631186,-0.1263051,0,0,0.4035625,-0.0857752,0.2075315,0.9663643,0.1735555,0.1202212,-0.1468517
112150,0.0166694,46.1772810891271,0.8658473,0.1923766,-0.3733483,0.3888436,-0.2966994,0.8630497,0.1261559,0,0,0.4036559,-0.0852856,0.2075838,0.9661592,0.1739169,0.1210009,-0.1471328
112152,0.0166647,46.1939457897097,0.8660671,0.1920393,-0.373024,-0.3889863,0.2967156,-0.8629677,-0.1262388,0,0,0.4033483,-0.08415264,0.2073766,0.9660265,0.1745789,0.121606,-0.1467204
112156,0.0166667,46.2106124889106,0.8669793,0.1918612,-0.3729587,-0.3890308,0.2979837,-0.8625426,-0.1260196,0,0,0.403024,-0.08393288,0.2070393,0.9660614,0.1744165,0.1216473,-0.1466503
112158,0.0166673,46.2272797897458,0.8678032,0.1916561,-0.3729613,-0.3893019,0.298609,-0.8622224,-0.1258939,0,0,0.4029586,-0.08302069,0.2068612,0.9659478,0.1746712,0.1228507,-0.1460911
112162,0.0166674,46.2439471893013,0.86844,0.1918759,-0.373095,0.3895078,-0.2987067,0.8621198,0.1257277,0,0,0.4029613,-0.08219683,0.2066561,0.9659154,0.1745537,0.123563,-0.1458448
112166,0.0166783,46.2606254890561,0.8694601,0.1917784,-0.3728594,-0.3905928,0.2981906,-0.8620098,-0.1243336,0,0,0.403095,-0.08156002,0.206876,0.9658946,0.1744145,0.123811,-0.1459382
112170,0.016656,46.2772814892232,0.8712095,0.1912317,-0.3721698,-0.3919493,0.2978402,-0.8615616,-0.1240107,0,0,0.4028593,-0.08053988,0.2067784,0.9657192,0.1736357,0.1244593,-0.1474686
112172,0.0166657,46.2939471900463,0.8728893,0.1910925,-0.3724357,-0.394636,0.2985334,-0.8602654,-0.1228153,0,0,0.4021698,-0.07879049,0.2062317,0.965814,0.1723117,0.1249043,-0.1480235
112176,0.016668,46.3106151893735,0.8740376,0.1907136,-0.3723754,-0.395303,0.2997635,-0.8595784,-0.1224839,0,0,0.4024357,-0.07711071,0.2060925,0.9657892,0.170101,0.1272209,-0.1487676
112180,0.0166667,46.3272818885744,0.8752757,0.1900009,-0.3714237,-0.3972596,0.3013645,-0.8582218,-0.1217365,0,0,0.4023754,-0.07596236,0.2057136,0.9657141,0.1697567,0.1287202,-0.1483579
112182,0.0166697,46.3439515884966,0.8761946,0.1892951,-0.3713041,-0.3984717,0.3011042,-0.8577911,-0.1214537,0,0,0.4014237,-0.07472432,0.2050009,0.9656529,0.1683082,0.1312978,-0.1481476
112186,0.0166639,46.3606154881418,0.8775268,0.1885904,-0.3707201,0.3990782,-0.30124,0.8574911,0.1212433,0,0,0.401304,-0.07380539,0.2042951,0.9657274,0.1671281,0.1317408,-0.1486037
112188,0.0166672,46.3772826883942,0.878243,0.1882516,-0.3707007,-0.4001091,0.3017046,-0.8568361,-0.1213217,0,0,0.4007201,-0.07247323,0.2035904,0.9657323,0.1666055,0.1322213,-0.1487323
112192,0.0166664,46.3939490877092,0.8792571,0.1879001,-0.3703055,0.4009856,-0.3022481,0.8562449,0.1212489,0,0,0.4007006,-0.07175696,0.2032516,0.9658289,0.1656362,0.1330488,-0.1484494
112196,0.0166694,46.4106184877455,0.8802876,0.1876973,-0.3706837,0.4019151,-0.3040408,0.8552937,0.1204002,0,0,0.4003054,-0.07074291,0.2029001,0.9658679,0.1648779,0.1339415,-0.1482369
112200,0.0166665,46.4272849876434,0.881557,0.1870889,-0.3705482,-0.4033049,0.3041097,-0.854699,-0.1197999,0,0,0.4006837,-0.06971234,0.2026973,0.9656506,0.1645121,0.1362718,-0.1479346
112202,0.0166676,46.4439525883645,0.8827007,0.1863149,-0.3708295,-0.404311,0.3060166,-0.853525,-0.1199236,0,0,0.4005482,-0.068443,0.2020889,0.9656407,0.1632993,0.1372183,-0.1484671
112206,0.0166658,46.4606183879077,0.8838708,0.1854231,-0.3701681,-0.4042873,0.3074242,-0.8531429,-0.1191192,0,0,0.4008294,-0.06729931,0.2013149,0.9656474,0.1625984,0.1392585,-0.1472888
112208,0.016666,46.4772843886167,0.8850082,0.1853107,-0.3697887,0.4051562,-0.3059737,0.8534676,0.1175658,0,0,0.4001681,-0.06612921,0.2004231,0.9653624,0.1631019,0.1408118,-0.1471231
112212,0.0166809,46.4939652886242,0.8862639,0.1845513,-0.3691208,0.4060452,-0.3057193,0.8531609,0.1173864,0,0,0.3997887,-0.06499183,0.2003107,0.9651687,0.1624055,0.1406332,-0.1493192
112216,0.0166671,46.5106323882937,0.887644,0.1841057,-0.3686245,-0.4063019,0.3047945,-0.8532862,-0.1179904,0,0,0.3991208,-0.06373608,0.1995513,0.9652265,0.1615161,0.1408932,-0.1496647
112218,0.0166668,46.5272991880775,0.8892756,0.1839042,-0.368891,-0.408243,0.3067127,-0.8517648,-0.1173103,0,0,0.3986245,-0.062356,0.1991057,0.9654543,0.1609211,0.1399485,-0.149723
112222,0.0166681,46.5439672879875,0.8915778,0.1840723,-0.3687157,-0.4116558,0.3078221,-0.8499776,-0.1154267,0,0,0.3988909,-0.06072438,0.1989042,0.9653489,0.1595034,0.1427735,-0.149251
112224,0.0166655,46.5606327876449,0.8944761,0.182849,-0.3685113,-0.4143777,0.3077231,-0.8487526,-0.1149644,0,0,0.3987157,-0.05842221,0.1990724,0.9651297,0.1567882,0.1460965,-0.1503263
112230,0.0166682,46.5773009881377,0.8976734,0.181984,-0.3678914,0.4176185,-0.309614,0.8461735,0.1171513,0,0,0.3985113,-0.05552387,0.197849,0.9652601,0.154149,0.1474466,-0.1508988
112232,0.0166657,46.5939666889608,0.9019742,0.180433,-0.367379,-0.4213856,0.3112853,-0.8434099,-0.1191441,0,0,0.3978914,-0.05232656,0.196984,0.9659244,0.1505879,0.1495911,-0.1481076
112236,0.0166674,46.6106340885162,0.9066549,0.1793069,-0.3662064,0.4248288,-0.3117184,0.8411723,0.1215784,0,0,0.397379,-0.04802579,0.1954329,0.9665751,0.1464939,0.1518772,-0.1456209
112238,0.0169281,46.6275621876121,0.9121614,0.1775976,-0.3660912,-0.4319203,0.3123186,-0.8371037,-0.1231237,0,0,0.3962064,-0.04334509,0.1943069,0.9673715,0.1423736,0.1527602,-0.1434798
112242,0.0166676,46.6442297883332,0.9179209,0.1752248,-0.3640546,-0.4372718,0.3057303,-0.8363378,-0.1259427,0,0,0.3960912,-0.03783858,0.1925976,0.9681661,0.13479,0.1558546,-0.1421111
112246,0.0166667,46.660896487534,0.9240977,0.1727499,-0.3636673,-0.4463081,0.300664,-0.832989,-0.1286065,0,0,0.3940545,-0.0320791,0.1902248,0.9696196,0.1273388,0.1514016,-0.1438756
112250,0.0166792,46.6775756869465,0.9292388,0.1708087,-0.3620243,-0.4534484,0.2928698,-0.8315541,-0.1308804,0,0,0.3936673,-0.02590233,0.1877499,0.9710481,0.116356,0.1500539,-0.1449511
112252,0.0166671,46.6942427866161,0.9342108,0.1688441,-0.3616129,-0.4576031,0.2871184,-0.83079,-0.1339795,0,0,0.3920243,-0.02076119,0.1858087,0.9723629,0.1068896,0.1456777,-0.1478615
112256,0.0166697,46.7109124865383,0.941847,0.166346,-0.3619442,-0.4664083,0.2836258,-0.8261125,-0.1398499,0,0,0.3916129,-0.01578921,0.1838441,0.9735373,0.1006069,0.141333,-0.1487567
112258,0.0166657,46.7275781873614,0.9477756,0.1641634,-0.3622466,0.4712692,-0.2822616,0.8227667,0.1459068,0,0,0.3919442,-0.008152962,0.1813459,0.9752722,0.08903644,0.1399269,-0.1460725
112262,0.0166666,46.744244787842,0.9522105,0.1637846,-0.3619927,-0.4791708,0.2833272,-0.8160948,-0.1552749,0,0,0.3922465,-0.002224386,0.1791634,0.9767328,0.08187775,0.1384416,-0.1418555
112266,0.0166784,46.7609231881797,0.9579166,0.1614228,-0.3625596,0.4846877,-0.2872134,0.8091536,0.1669038,0,0,0.3919927,0.002210498,0.1787846,0.9786866,0.07090918,0.1390897,-0.1334115
112270,0.0166676,46.7775907889009,0.9608909,0.1607295,-0.3632307,-0.4906785,0.2984415,-0.7982456,-0.1815797,0,0,0.3925596,0.007916629,0.1764228,0.9807115,0.06217349,0.1401201,-0.1212675
112272,0.0166663,46.7942570894957,0.9650338,0.1595691,-0.363287,0.4917968,-0.3020644,0.7942664,0.1898255,0,0,0.3932307,0.01089096,0.1757295,0.9825005,0.05310397,0.1465025,-0.1020286
112276,0.016673,46.8109300900251,0.9675764,0.1595633,-0.3634797,-0.4962963,0.3107827,-0.7843043,-0.2048682,0,0,0.3932869,0.01503384,0.1745691,0.983557,0.04984026,0.1467374,-0.09273449
112278,0.0166619,46.8275919891894,0.971467,0.158608,-0.3645918,0.4998585,-0.3142071,0.7782614,0.2138329,0,0,0.3934797,0.0175764,0.1745634,0.9849734,0.04142937,0.1502586,-0.07438707
112282,0.0166664,46.8442583885044,0.9742782,0.1590986,-0.3651059,-0.5003622,0.3199445,-0.7733196,-0.2219232,0,0,0.3945917,0.02146703,0.173608,0.9857624,0.03506174,0.1512986,-0.06443489
112286,0.0166674,46.8609257880598,0.9780556,0.1579893,-0.3665814,0.5029675,-0.3245344,0.7670976,0.2307862,0,0,0.3951059,0.02427822,0.1740986,0.9861817,0.03259819,0.1532577,-0.05380636
112290,0.0178104,46.8787361886352,0.9792852,0.1590707,-0.3671195,-0.5047231,0.320239,-0.767252,-0.2324353,0,0,0.3965814,0.02805561,0.1729893,0.9866003,0.02732356,0.1549645,-0.04311939
112292,0.0166674,46.8954035881907,0.9815397,0.15898,-0.3677254,0.5061914,-0.3198678,0.7658702,0.2343026,0,0,0.3971195,0.02928525,0.1740707,0.9871841,0.02417006,0.1514053,-0.04426939
112296,0.0166745,46.9120780881494,0.9851912,0.1583929,-0.3687961,-0.507787,0.320694,-0.7635571,-0.2372518,0,0,0.3977254,0.03153968,0.17398,0.9873566,0.02184022,0.1510515,-0.04281792
112298,0.0166665,46.9287445880473,0.9878738,0.1580157,-0.3694707,0.5088429,-0.3208343,0.7617851,0.2404742,0,0,0.3987961,0.03519124,0.173393,0.9874944,0.01915705,0.151376,-0.03966298
112304,0.0166674,46.9454119876027,0.9897043,0.1587496,-0.3697172,-0.5102621,0.3169432,-0.7619176,-0.242201,0,0,0.3994707,0.0378738,0.1730157,0.9877502,0.01685214,0.1507307,-0.03668584
112306,0.0166664,46.9620783869177,0.9927652,0.1579537,-0.3701838,0.511393,-0.311022,0.7625371,0.2455194,0,0,0.3997172,0.03970426,0.1737496,0.9882744,0.01407547,0.1473397,-0.03750547
112310,0.0166665,46.9787448868155,0.9941558,0.1576085,-0.3706248,-0.5124459,0.31509,-0.758994,-0.2490892,0,0,0.4001838,0.0427652,0.1729537,0.9891587,0.01070202,0.1414087,-0.03813391
112312,0.0166666,46.9954114872962,0.9968107,0.1568323,-0.3709916,0.5140975,-0.315835,0.7570155,0.2507582,0,0,0.4006248,0.04415578,0.1726085,0.9889975,0.008861355,0.1440608,-0.03243251
112316,0.0166669,47.0120783876628,0.9987869,0.1561891,-0.3713632,-0.5151586,0.3135131,-0.7568626,-0.2519527,0,0,0.4009916,0.04681075,0.1718323,0.988961,0.006540036,0.144867,-0.03044684
112320,0.0166667,47.0287450868636,1.001179,0.1556496,-0.3715169,0.5156797,-0.3117162,0.7566032,0.253888,0,0,0.4013632,0.04878694,0.1711891,0.9892493,0.004571334,0.1428916,-0.03077324
112324,0.0166676,47.0454126875848,1.003084,0.1550082,-0.3716802,-0.516611,0.3091555,-0.7567587,-0.254661,0,0,0.4015168,0.05117851,0.1706496,0.9895729,0.002997905,0.1408166,-0.03011975
112326,0.0166666,47.0620792880654,1.005868,0.1540022,-0.3716209,0.5175041,-0.3023106,0.7590057,0.2543782,0,0,0.4016802,0.05308431,0.1700082,0.9898438,0.001283397,0.1387392,-0.030967
112330,0.0210709,47.0831501875073,1.007617,0.1531877,-0.3718458,0.5185533,-0.3004525,0.7590057,0.2544429,0,0,0.4016208,0.05586773,0.1690022,0.9904401,-0.0006838473,0.1333325,-0.03536259
112334,0.0166683,47.0998184867203,1.009673,0.152292,-0.3720891,0.5202619,-0.2991529,0.758405,0.2542771,0,0,0.4018458,0.05761653,0.1681877,0.9905503,-0.002165636,0.1322112,-0.03640779
112338,0.0166668,47.116485286504,1.012188,0.1511773,-0.3725733,-0.5228124,0.2994851,-0.7562624,-0.2550354,0,0,0.4020891,0.05967289,0.167292,0.9905393,-0.004200789,0.1319947,-0.03730662
112340,0.0166676,47.1331528872252,1.014915,0.1500978,-0.3723694,0.5245985,-0.3003956,0.7544358,0.255706,0,0,0.4025733,0.06218833,0.1661772,0.9903884,-0.007249262,0.1332513,-0.0363652
112344,0.0166664,47.1498192865402,1.017431,0.1493977,-0.3722148,0.527327,-0.2989343,0.7533355,0.2550494,0,0,0.4023694,0.06491476,0.1650978,0.9902227,-0.009331054,0.1346678,-0.03516643
112348,0.016667,47.1664862856269,1.01957,0.1488133,-0.3720689,0.5290513,-0.2965935,0.7529793,0.2552631,0,0,0.4022148,0.06743127,0.1643977,0.9900911,-0.01234866,0.1350166,-0.03657265
112352,0.0166664,47.1831526849419,1.022457,0.1472661,-0.371591,0.5305776,-0.293559,0.7528456,0.2559959,0,0,0.4020689,0.06956965,0.1638133,0.9901851,-0.0147259,0.1337594,-0.03774921
112354,0.0173097,47.2004623841494,1.024266,0.1459297,-0.3716339,-0.5313253,0.294018,-0.7515017,-0.2578605,0,0,0.4015909,0.07245749,0.1622662,0.9903911,-0.01719761,0.1315992,-0.0388779
112358,0.0166702,47.2171325832605,1.026195,0.1446194,-0.3716732,-0.5323871,0.2930998,-0.7508616,-0.2585796,0,0,0.4016339,0.07426554,0.1609297,0.9904352,-0.01865608,0.1316382,-0.03689749
112360,0.0166648,47.2337973825634,1.028015,0.1435019,-0.3716882,-0.5336544,0.2919508,-0.750264,-0.2590016,0,0,0.4016731,0.07619506,0.1596194,0.990481,-0.02026202,0.1310905,-0.03677084
112364,0.0166675,47.2504648827016,1.030269,0.1422911,-0.3718316,0.5352959,-0.2922226,0.7487435,0.2597067,0,0,0.4016881,0.07801491,0.1585019,0.9905029,-0.02202509,0.1305631,-0.03704426
112368,0.0166655,47.267130382359,1.031789,0.1417167,-0.372017,-0.5367122,0.2922105,-0.7475488,-0.2602381,0,0,0.4018316,0.08026856,0.1572911,0.990383,-0.02408011,0.1313465,-0.03619201
112372,0.0205005,47.2876308821142,1.033696,0.1406581,-0.3723848,-0.5398853,0.2916118,-0.7455345,-0.2601243,0,0,0.4020169,0.08178943,0.1567167,0.9902912,-0.02586751,0.1318398,-0.03567304
112374,0.0166673,47.3042981829494,1.035469,0.139348,-0.3723524,-0.5416844,0.291212,-0.744292,-0.26039,0,0,0.4023848,0.08369571,0.1556581,0.9900271,-0.02947824,0.1329634,-0.0360295
112378,0.0166682,47.3209663834423,1.037386,0.137918,-0.3720095,0.5425562,-0.2914656,0.7434203,0.2607814,0,0,0.4023524,0.08546883,0.154348,0.9899004,-0.03166509,0.1334205,-0.03596623
112382,0.0166658,47.3376321829855,1.039182,0.1366376,-0.3719378,0.5433952,-0.2924409,0.7424042,0.2608372,0,0,0.4020095,0.08738619,0.1529179,0.9898159,-0.03275222,0.1339281,-0.03542695
112386,0.0166907,47.3543228823692,1.040957,0.1352627,-0.3712044,0.5432816,-0.2917917,0.7424006,0.2618094,0,0,0.4019378,0.08918172,0.1516376,0.9896428,-0.03355744,0.1351779,-0.03475598
112388,0.0166673,47.3709901832044,1.042118,0.1348192,-0.3713118,-0.5430815,0.294188,-0.7407593,-0.264181,0,0,0.4012044,0.09095699,0.1502627,0.9897841,-0.03390639,0.1341762,-0.03427193
112392,0.0166669,47.387657083571,1.043905,0.134205,-0.3707906,0.542072,-0.298655,0.7381909,0.2683977,0,0,0.4013118,0.09211785,0.1498192,0.9897484,-0.03419794,0.1352311,-0.0306801
112394,0.0166653,47.4043223839253,1.045223,0.1337969,-0.3705985,0.5433845,-0.2981398,0.7373713,0.2685695,0,0,0.4007906,0.09390491,0.1492049,0.989698,-0.03396873,0.1369652,-0.02417714
112400,0.0166686,47.4209909830242,1.048211,0.1331985,-0.3696966,0.5459291,-0.2931551,0.7369305,0.2701016,0,0,0.4005984,0.09522277,0.1487969,0.9896175,-0.03559633,0.1371152,-0.02428292
112404,0.0194805,47.4404714833945,1.049994,0.1325134,-0.3692847,-0.5468928,0.2925667,-0.7354485,-0.2728161,0,0,0.3996966,0.09821135,0.1481985,0.989914,-0.03986046,0.1334739,-0.02581084
112406,0.0166668,47.4571382831782,1.051886,0.1315506,-0.3690122,-0.5462688,0.2932818,-0.7339591,-0.2772729,0,0,0.3992847,0.09999412,0.1475134,0.9900193,-0.04210092,0.1324002,-0.02365294
112410,0.0166672,47.4738054834306,1.054317,0.1304586,-0.3688116,-0.5497651,0.2907332,-0.7318624,-0.2785857,0,0,0.3990122,0.1018865,0.1465506,0.990265,-0.04302537,0.130983,-0.01917432
112412,0.0245094,47.4983148835599,1.056108,0.129813,-0.3689598,0.552361,-0.290264,0.7296219,0.2798142,0,0,0.3988115,0.104317,0.1454586,0.9901606,-0.04791487,0.1300424,-0.01936594
112416,0.0166684,47.5149832833558,1.058196,0.1290728,-0.3685983,0.5557187,-0.2849867,0.7289528,0.2803342,0,0,0.3989598,0.106108,0.144813,0.9899442,-0.05142522,0.1304883,-0.01840655
112420,0.0166672,47.5316504836082,1.060034,0.1286358,-0.3687732,0.5596939,-0.2807051,0.7274937,0.280536,0,0,0.3985983,0.1081964,0.1440728,0.9900266,-0.05631533,0.127423,-0.02096102
112424,0.0166675,47.5483179837465,1.061976,0.1281331,-0.3685627,0.5619079,-0.2792992,0.725547,0.2825476,0,0,0.3987731,0.1100338,0.1436358,0.989884,-0.06164351,0.1256722,-0.02315858
112426,0.0166666,47.5649845842272,1.063424,0.1277095,-0.3686841,-0.5638346,0.2781602,-0.7237929,-0.2843261,0,0,0.3985627,0.1119758,0.1431331,0.9897884,-0.06521254,0.1248219,-0.02204295
112430,0.0166673,47.5816518850625,1.065291,0.1264693,-0.3685811,0.5665541,-0.2791448,0.7195489,0.2886937,0,0,0.3986841,0.1134242,0.1427095,0.9896861,-0.06832314,0.1241481,-0.02098988
112432,0.0166724,47.5983242858201,1.066625,0.1259207,-0.3688625,-0.5678234,0.2811814,-0.7165044,-0.2917795,0,0,0.3985811,0.1152907,0.1414693,0.989364,-0.0730416,0.1247428,-0.01622215
112438,0.0166643,47.614988585934,1.068501,0.124934,-0.369056,0.5693173,-0.2822513,0.7144341,0.2929092,0,0,0.3988625,0.1166249,0.1409207,0.989086,-0.0754199,0.1259967,-0.01206955
112440,0.0166758,47.6316643860191,1.070404,0.1240863,-0.3695833,0.5709626,-0.281482,0.7131621,0.2935463,0,0,0.399056,0.118501,0.139934,0.988787,-0.07743087,0.1272748,-0.01028853
112444,0.0166555,47.6483198851347,1.071984,0.1235382,-0.3693743,0.5734445,-0.2782954,0.7125142,0.2933201,0,0,0.3995833,0.1204038,0.1390863,0.9886143,-0.07971986,0.1272219,-0.01006342
112446,0.0166766,47.6649964842945,1.073022,0.123126,-0.3694337,0.5760526,-0.2770234,0.7108905,0.2933534,0,0,0.3993743,0.1219836,0.1385382,0.9884976,-0.08302573,0.1258342,-0.01204271
112452,0.0166582,47.6816546842456,1.074001,0.1228863,-0.3694741,-0.5774398,0.2771547,-0.7095765,-0.2936831,0,0,0.3994337,0.1230221,0.138126,0.9881806,-0.08627721,0.1260805,-0.01261207
112454,0.0224708,47.7041254844517,1.07494,0.1223002,-0.3693858,-0.5795833,0.2765698,-0.7081481,-0.2934598,0,0,0.3994741,0.124001,0.1378863,0.9879427,-0.08800397,0.1267962,-0.0121363
112458,0.0166683,47.7207937836647,1.075752,0.1218239,-0.3694167,0.5813736,-0.2763674,0.7063751,0.2943807,0,0,0.3993858,0.1249397,0.1373001,0.9876212,-0.0905058,0.1274968,-0.01255265
112460,0.0166676,47.7374613843858,1.076471,0.1215203,-0.3694513,0.5829108,-0.2753527,0.7055782,0.2942029,0,0,0.3994166,0.1257516,0.1368238,0.9873453,-0.09300711,0.1279143,-0.01169744
112464,0.0166668,47.7541281841695,1.076816,0.1212226,-0.3698632,-0.5830517,0.2759058,-0.7049738,-0.2948536,0,0,0.3994513,0.1264709,0.1365203,0.9871579,-0.09489788,0.1279095,-0.01236712
112468,0.0166672,47.7707953844219,1.077116,0.1208943,-0.369939,0.5836426,-0.2760972,0.7041226,0.2955385,0,0,0.3998632,0.1268157,0.1362226,0.9870963,-0.09523968,0.1282186,-0.01141929
112472,0.0166666,47.7874619849026,1.077175,0.1202708,-0.3702675,0.5837525,-0.2773012,0.7035232,0.2956219,0,0,0.399939,0.1271157,0.1358943,0.9869851,-0.09618223,0.1284382,-0.01062554
112476,0.0276778,47.815139785409,1.077079,0.1197251,-0.3708602,0.5840148,-0.2785673,0.7031754,0.2947395,0,0,0.4002675,0.1271747,0.1352707,0.9868568,-0.09614827,0.1295105,-0.009812793
112480,0.0166721,47.8318118862808,1.077485,0.1190053,-0.3702017,-0.5832153,0.2795616,-0.7036473,-0.2942548,0,0,0.4008602,0.1270791,0.1347251,0.9866746,-0.09588482,0.1310814,-0.009848294
112482,0.0166634,47.8484752867371,1.077959,0.1187265,-0.3701732,-0.5833622,0.280429,-0.7035569,-0.293353,0,0,0.4002016,0.1274853,0.1340053,0.9867175,-0.09458736,0.1317069,-0.009754036
112486,0.0166688,47.8651440870017,1.078758,0.1183062,-0.369585,0.5843249,-0.2778011,0.7043696,0.2919838,0,0,0.4001732,0.1279586,0.1337265,0.9865898,-0.09424783,0.1328785,-0.0100554
112490,0.019779,47.884923087433,1.079344,0.1177624,-0.3694043,0.5842045,-0.2788318,0.7039259,0.2923121,0,0,0.399585,0.128758,0.1333062,0.9866312,-0.09523887,0.1316183,-0.01284746
112494,0.0166688,47.9015918876976,1.080443,0.1171291,-0.3691595,0.5856013,-0.2772073,0.7040653,0.290722,0,0,0.3994043,0.1293442,0.1327624,0.9865648,-0.09506482,0.1323266,-0.01192823
112496,0.0166662,47.9182580877095,1.081034,0.1167058,-0.3690114,-0.586047,0.2769961,-0.7039257,-0.2903633,0,0,0.3991595,0.1304428,0.1321291,0.9864223,-0.096314,0.1322525,-0.01428435
112502,0.016667,47.9349250867963,1.082116,0.1155652,-0.3693159,-0.5872183,0.2767851,-0.7031318,-0.2901214,0,0,0.3990114,0.131034,0.1317058,0.9863507,-0.09672405,0.1324399,-0.01471223
112504,0.0166679,47.9515929874033,1.082775,0.1149086,-0.3693913,-0.5884474,0.2762586,-0.7025928,-0.2894376,0,0,0.3993159,0.132116,0.1305652,0.9861465,-0.09803373,0.1329668,-0.01497828
112506,0.0166669,47.9682598877698,1.083594,0.1139154,-0.3696279,0.5900016,-0.2752597,0.7024385,0.2875939,0,0,0.3993912,0.1327751,0.1299086,0.9859471,-0.09928337,0.133418,-0.01583902
112510,0.0166666,47.9849264882505,1.084639,0.112722,-0.3696645,-0.5908168,0.2749381,-0.7022884,-0.286593,0,0,0.3996279,0.133594,0.1289154,0.9856954,-0.1005207,0.1340709,-0.01803344
112514,0.0166676,48.0015940889716,1.085414,0.1119921,-0.3696296,-0.591466,0.2743991,-0.7021438,-0.2861246,0,0,0.3996645,0.1346386,0.127722,0.9855412,-0.1011244,0.1346027,-0.01909243
112518,0.0166667,48.0182607881725,1.086295,0.1111515,-0.3692963,-0.592535,0.2728743,-0.7022871,-0.285017,0,0,0.3996295,0.1354143,0.126992,0.9854517,-0.1017866,0.1346563,-0.01980168
112520,0.016666,48.0349267888814,1.086967,0.1105836,-0.3693158,-0.5924374,0.2728266,-0.7023607,-0.2850842,0,0,0.3992963,0.1362951,0.1261515,0.9853483,-0.1028469,0.1343199,-0.0216636
112526,0.0166679,48.0515946894884,1.088169,0.1096642,-0.3687896,-0.5942401,0.2697194,-0.7028034,-0.2831915,0,0,0.3993158,0.1369668,0.1255836,0.9853734,-0.1027672,0.1342014,-0.0216377
112528,0.0187723,48.0703669898212,1.088925,0.1093979,-0.369177,0.5938389,-0.2714365,0.7019213,0.2845774,0,0,0.3987896,0.138169,0.1246642,0.9852318,-0.1046425,0.1331824,-0.02511736
112534,0.0166685,48.0870354901999,1.089599,0.1091921,-0.3689571,0.5944672,-0.2709606,0.701486,0.284792,0,0,0.399177,0.1389247,0.1243979,0.9852068,-0.1044438,0.1339315,-0.02283543
112536,0.0195273,48.1065627895296,1.090498,0.1090357,-0.368763,0.5955139,-0.2693755,0.701271,0.2846385,0,0,0.3989571,0.1395987,0.1241921,0.985131,-0.1053516,0.1337712,-0.02287467
112540,0.021763,48.1283257901669,1.090972,0.1089205,-0.3687358,0.595099,-0.2706889,0.7007768,0.2854764,0,0,0.398763,0.1404985,0.1240357,0.985055,-0.1067897,0.1330115,-0.02388794
112544,0.0171028,48.1454285904765,1.091846,0.1088318,-0.3687758,-0.5958928,0.2705441,-0.699919,-0.2860615,0,0,0.3987358,0.1409718,0.1239205,0.9850497,-0.1064207,0.1336116,-0.02235594
112546,0.0166674,48.162095990032,1.092681,0.1086645,-0.3690293,0.5972718,-0.2705139,0.6986464,0.2863248,0,0,0.3987758,0.1418462,0.1238318,0.9849207,-0.1076207,0.1336865,-0.02183913
112550,0.0166676,48.1787635907531,1.093478,0.1085708,-0.36937,0.5980741,-0.2702511,0.6982822,0.2857858,0,0,0.3990293,0.1426807,0.1236645,0.9846533,-0.1093634,0.1342948,-0.0215034
112552,0.016667,48.1954305898398,1.093999,0.1084968,-0.3697712,-0.5986338,0.2706855,-0.697508,-0.2860934,0,0,0.3993699,0.1434782,0.1235707,0.9844989,-0.1101368,0.1346987,-0.02209577
112556,0.016667,48.2120975889266,1.094944,0.1086564,-0.3703451,-0.5991719,0.2701476,-0.6970817,-0.2865146,0,0,0.3997711,0.1439992,0.1234968,0.984355,-0.1108528,0.1352576,-0.02150402
112562,0.0166662,48.2287637889385,1.095973,0.1089097,-0.3705049,-0.6021932,0.2667028,-0.6966314,-0.2844955,0,0,0.400345,0.1449444,0.1236564,0.9843022,-0.1117518,0.1349187,-0.02139384
112564,0.0251387,48.2539024893194,1.097146,0.1091441,-0.3707372,0.602936,-0.2649428,0.6967353,0.2843125,0,0,0.4005049,0.145973,0.1239097,0.9839135,-0.115089,0.1343115,-0.025084
112566,0.0166682,48.2705706898123,1.098094,0.1090478,-0.370913,0.6043855,-0.2647418,0.6955133,0.2844138,0,0,0.4007372,0.1471456,0.1241441,0.983897,-0.1161945,0.1332539,-0.02624715
112570,0.0166676,48.2872382905334,1.099567,0.1085485,-0.3706943,0.6058987,-0.2626232,0.6952698,0.2837529,0,0,0.4009129,0.1480945,0.1240478,0.983609,-0.117993,0.1338176,-0.02615107
112574,0.016668,48.3039062898606,1.101242,0.1078692,-0.3705997,0.6073818,-0.2596431,0.6952164,0.2834555,0,0,0.4006943,0.1495668,0.1235485,0.9834368,-0.1198855,0.1330456,-0.02790234
112578,0.0166667,48.3205729890615,1.102889,0.1073565,-0.370656,0.608434,-0.2590933,0.6943798,0.2837526,0,0,0.4005997,0.151242,0.1228691,0.983339,-0.1220437,0.131377,-0.02983128
112582,0.0166662,48.3372391890734,1.104701,0.1069844,-0.3706759,0.6094532,-0.2576952,0.6939352,0.2839259,0,0,0.400656,0.1528888,0.1223565,0.9831595,-0.1235147,0.1313545,-0.02979264
112584,0.0166674,48.3539065886289,1.106019,0.1068315,-0.3707689,0.6105796,-0.2554329,0.6939375,0.2835441,0,0,0.4006759,0.1547009,0.1219844,0.9830449,-0.1250444,0.1306287,-0.03037672
112588,0.0166659,48.370572488755,1.10839,0.106362,-0.3709243,0.6120396,-0.254213,0.6930977,0.283547,0,0,0.4007688,0.1560188,0.1218315,0.9829503,-0.1266294,0.1294259,-0.03197819
112590,0.016667,48.3872394878417,1.109901,0.1062598,-0.3712615,0.6115126,-0.2535399,0.6932937,0.2848049,0,0,0.4009243,0.1583903,0.121362,0.9827115,-0.1285904,0.1291584,-0.03257061
112594,0.0166668,48.4039062876254,1.112101,0.1060189,-0.3720534,-0.611333,0.2582963,-0.6903619,-0.2880203,0,0,0.4012615,0.1599006,0.1212598,0.98291,-0.1285924,0.1278173,-0.03185365
112596,0.0166667,48.4205729868263,1.113835,0.1058016,-0.3723967,-0.6122937,0.2579921,-0.689433,-0.2884765,0,0,0.4020533,0.162101,0.1210189,0.9826775,-0.1288657,0.1306134,-0.02605341
112602,0.0166675,48.4372404869646,1.115872,0.1058891,-0.3736078,-0.611204,0.2663049,-0.6849229,-0.2939253,0,0,0.4023967,0.1638352,0.1208016,0.9824916,-0.130257,0.1306971,-0.02572354
112604,0.0166667,48.4539071861655,1.117188,0.1057417,-0.3735016,-0.6129989,0.2632188,-0.6841252,-0.2948235,0,0,0.4036078,0.1658724,0.1208891,0.9821442,-0.1298028,0.1352611,-0.01576552
112610,0.0166673,48.4705744870007,1.119933,0.1064637,-0.3741398,-0.6136944,0.2605617,-0.6821569,-0.3002478,0,0,0.4035015,0.1671875,0.1207417,0.9820017,-0.1328492,0.1332202,-0.01661602
112612,0.0174348,48.4880092870444,1.121933,0.1063881,-0.3743379,0.6146846,-0.2570995,0.6830654,0.2991396,0,0,0.4041398,0.1699329,0.1214637,0.9820944,-0.136413,0.1292714,-0.01307509
112614,0.0166681,48.5046773869544,1.12371,0.1064179,-0.3745654,0.6143956,-0.2572239,0.6811404,0.3039767,0,0,0.4043379,0.1719328,0.1213881,0.9821335,-0.1377274,0.1272244,-0.01609186
112618,0.0166693,48.5213466864079,1.124854,0.1062943,-0.3744628,-0.6141435,0.2545383,-0.6817796,-0.3053109,0,0,0.4045654,0.17371,0.1214179,0.9821986,-0.1394056,0.1253776,-0.01151271
112620,0.0166664,48.5380130857229,1.126924,0.1066735,-0.3747804,0.6153815,-0.2523731,0.6798292,0.3089431,0,0,0.4044628,0.1748543,0.1212943,0.9824633,-0.140132,0.1224238,-0.01189033
112624,0.0166659,48.554678985849,1.129356,0.1065654,-0.3747917,-0.615705,0.2514518,-0.6759498,-0.317445,0,0,0.4047804,0.1769238,0.1216735,0.9823073,-0.1435533,0.1198827,-0.009647225
112628,0.0166684,48.5713473856449,1.131754,0.1062281,-0.3748472,0.6162798,-0.2507408,0.6719043,0.3253811,0,0,0.4047917,0.1793564,0.1215654,0.9821748,-0.1477826,0.11614,-0.002138999
112630,0.0166694,48.5880167856812,1.132729,0.1060334,-0.3755175,-0.6152367,0.2558801,-0.6678981,-0.3315439,0,0,0.4048472,0.1817538,0.1212281,0.9818786,-0.1520907,0.1129499,0.005027497
112636,0.0166659,48.6046826858073,1.13545,0.1063316,-0.3762724,0.6168128,-0.2524738,0.667815,0.3313941,0.0016838307492435,0,0.4055175,0.1827289,0.1210334,0.9815081,-0.1526953,0.1146009,0.01387631
112638,0.0166679,48.6213505864143,1.136828,0.1061065,-0.3768268,-0.6182069,0.2526244,-0.6653119,-0.3337084,0.00194157345686108,0,0.4062724,0.1854503,0.1213316,0.9813896,-0.1551203,0.1125682,0.01185401
112640,0.0166665,48.6380170863122,1.13806,0.1060982,-0.3771495,-0.6189502,0.2522247,-0.6645883,-0.3340745,0.00257722195237875,0,0.4068267,0.1868282,0.1211065,0.9809173,-0.1578318,0.1126315,0.01430548
112644,0.0166658,48.6546828858554,1.13945,0.1066769,-0.3779513,0.6190242,-0.2524212,0.6633127,0.3363169,0,0,0.4071495,0.1880601,0.1210982,0.9807385,-0.1589706,0.1125624,0.01449587
112646,0.016668,48.6713508851826,1.140708,0.1065725,-0.3783,-0.6187643,0.2536806,-0.6619409,-0.3385427,0.00900300964713097,0,0.4079512,0.1894498,0.1216769,0.9805957,-0.1600423,0.1119702,0.01677179
112652,0.0166668,48.6880176849663,1.142219,0.1071182,-0.3788415,0.6189424,-0.251956,0.661939,0.3395074,0.0112858330830932,0,0.4083,0.1907081,0.1215725,0.9804462,-0.1605245,0.1121234,0.01963741
112654,0.0166664,48.7046840842813,1.143708,0.1070572,-0.3794841,0.6184267,-0.2518716,0.6611528,0.3420323,0.0109271137043834,0,0.4088415,0.1922193,0.1221182,0.9804895,-0.1614734,0.1103837,0.01954903
112658,0.0166678,48.7213518843055,1.145557,0.1073134,-0.3800709,0.615171,-0.2546305,0.6605724,0.346947,0.0150634571909904,0,0.409484,0.1937084,0.1220572,0.9804918,-0.1620134,0.1091286,0.02187265
112660,0.016666,48.7380178850144,1.146887,0.1071956,-0.3806588,-0.6155954,0.253562,-0.6601501,-0.3477796,0.0214413683861494,0,0.4100708,0.1955574,0.1223134,0.9808214,-0.1598401,0.1079868,0.02791977
112666,0.0176902,48.755708085373,1.148959,0.1072961,-0.3809581,0.6153034,-0.2506224,0.6607572,0.349271,0.0233434811234474,0,0.4106588,0.1968866,0.1221956,0.9807467,-0.1609219,0.1069995,0.02812738
112668,0.0166677,48.7723757848144,1.150405,0.1069402,-0.3810373,-0.6151617,0.2490404,-0.6611162,-0.349972,0.0196705795824528,0,0.4109581,0.1989587,0.1222961,0.9809672,-0.1617543,0.1037664,0.02777391
112672,0.0166676,48.7890433855355,1.152784,0.1061586,-0.3815038,0.6155688,-0.2479726,0.6610475,0.3501442,0.0191726423799992,0,0.4110372,0.2004047,0.1219402,0.9810832,-0.1621772,0.1020724,0.02748955
112674,0.0166658,48.8057091850787,1.154374,0.1056088,-0.3819389,-0.6153279,0.2473693,-0.6614212,-0.3502886,0.0230609513819218,0,0.4115038,0.2027835,0.1211586,0.981048,-0.1629367,0.1013116,0.02706101
112680,0.0166688,48.8223779853433,1.157192,0.1046307,-0.3826392,0.6154952,-0.2433838,0.6629831,0.3498336,0.0226441435515881,0,0.4119389,0.2043743,0.1206088,0.9811477,-0.1628142,0.1006068,0.02681447
112682,0.0166648,48.8390427846462,1.158425,0.1042182,-0.3832523,0.6173521,-0.2417088,0.6628293,0.3480096,0.0155126582831144,0,0.4126391,0.2071919,0.1196307,0.9814277,-0.163502,0.09741693,0.02401597
112686,0.0166682,48.855710985139,1.161094,0.1035892,-0.3838079,0.6190079,-0.2411293,0.6620405,0.3469703,0.0103642977774143,0,0.4132523,0.2084252,0.1192182,0.9811782,-0.1652155,0.09763597,0.02145515
112688,0.0170113,48.8727222848684,1.163087,0.1030743,-0.3843476,0.6212846,-0.2379912,0.661315,0.346451,0.0123028587549925,0,0.4138078,0.2110942,0.1185892,0.9808474,-0.1668576,0.09841426,0.02028535
112692,0.0166683,48.8893905840814,1.165558,0.1026662,-0.3848881,0.623026,-0.2360932,0.6608645,0.3454804,0.0203684214502573,0,0.4143475,0.2130875,0.1180743,0.9804828,-0.1699585,0.0971471,0.01817052
112696,0.016666,48.9060565847903,1.166885,0.1025809,-0.3855315,0.6253694,-0.2342597,0.6597247,0.3446723,0.0276185031980276,0,0.4148881,0.2155582,0.1176662,0.9801953,-0.1719826,0.09681676,0.01630223
112700,0.0166678,48.9227243848145,1.169539,0.1024803,-0.386354,0.6272106,-0.2331092,0.6589242,0.3436363,0.0325007401406765,0,0.4155315,0.2168855,0.1175809,0.9797194,-0.1748136,0.09681964,0.01470045
112702,0.0166653,48.9393896851689,1.170974,0.102173,-0.3868203,0.6288742,-0.2314199,0.6584024,0.3427367,0.0346931517124176,0,0.4163539,0.2195389,0.1174803,0.9793436,-0.1768056,0.097216,0.01323034
112706,0.0215099,48.960899585858,1.173115,0.1020522,-0.3872042,0.6311232,-0.2285191,0.6587077,0.3399511,0.030744943767786,0,0.4168203,0.2209739,0.117173,0.9790336,-0.178745,0.09700437,0.01155682
112708,0.0166681,48.977567685768,1.174287,0.1017041,-0.387376,0.6312517,-0.2292628,0.6581928,0.340209,0.0254660788923502,0,0.4172042,0.2231151,0.1170522,0.9787273,-0.1807687,0.09674951,0.007425094
112712,0.0166669,48.9942345861346,1.176514,0.1010097,-0.3877213,0.631892,-0.2289253,0.6578355,0.3399386,0.0222955476492643,0,0.4173759,0.224287,0.1167041,0.9786348,-0.1809075,0.09736773,0.008125956
112716,0.0166713,49.0109058860689,1.177928,0.1003086,-0.3880593,0.632769,-0.2278354,0.6577311,0.3392406,0.021073542535305,0,0.4177212,0.226514,0.1160097,0.978487,-0.1816349,0.09752984,0.0077418
112720,0.0166627,49.0275685861707,1.180126,0.09945256,-0.3882736,0.6344342,-0.2269465,0.6567574,0.3386122,0.0138083323836327,0,0.4180592,0.2279285,0.1153086,0.9783364,-0.1825984,0.0973296,0.006531755
112722,0.0166721,49.0442406870425,1.181421,0.09862102,-0.388722,0.635148,-0.2264009,0.656369,0.3383923,0.00803751777857542,0,0.4182735,0.230126,0.1144526,0.9779409,-0.1845309,0.09771686,0.005601556
112726,0.0166635,49.060904186219,1.182919,0.09771648,-0.389262,0.6369688,-0.2256594,0.6555762,0.3369992,0.00121768459212035,0,0.4187219,0.2314206,0.113621,0.9777756,-0.1854136,0.09772447,0.005154569
112728,0.0166678,49.0775719862431,1.183856,0.0970636,-0.3896196,-0.6378271,0.2251472,-0.6553989,-0.336062,0,0,0.4192619,0.2329188,0.1127165,0.9773607,-0.1871664,0.09859938,0.003597545
112732,0.0166663,49.0942382868379,1.185281,0.09605357,-0.3901728,0.6404557,-0.2254187,0.6535229,0.3345308,0,0,0.4196196,0.2338563,0.1120636,0.9771863,-0.1878966,0.09897289,0.002499528
112736,0.0166679,49.1109061874449,1.186052,0.09532374,-0.3906584,0.6429008,-0.2251457,0.6517364,0.333508,0,0,0.4201727,0.2352813,0.1110536,0.9764718,-0.1904067,0.1012216,0.001509364
112740,0.0166665,49.1275726873428,1.18695,0.09443623,-0.3911612,-0.6455168,0.2259321,-0.6497605,-0.3317743,0,0,0.4206584,0.2360523,0.1103237,0.9758006,-0.1930305,0.1027226,0.0006716754
112742,0.0166685,49.1442411877215,1.187903,0.09363183,-0.39135,-0.6481265,0.2247519,-0.6482307,-0.3304781,0,0,0.4211612,0.2369503,0.1094362,0.9750432,-0.1953545,0.1054865,-0.0001991264
112748,0.0233407,49.1675818879157,1.188683,0.09297976,-0.3913553,0.649631,-0.2239186,0.6478914,0.3287502,0,0,0.42135,0.2379034,0.1086318,0.9743583,-0.1982433,0.1064065,-0.001799953
112750,0.0166678,49.1842496879399,1.189489,0.09221861,-0.3915671,-0.6510987,0.2239009,-0.6469262,-0.3277583,0,0,0.4213553,0.2386829,0.1079798,0.9740146,-0.1994959,0.1071578,-0.003751233
112754,0.0166688,49.2009184882045,1.19024,0.09163752,-0.3916554,-0.6527348,0.2225288,-0.6462229,-0.3268245,0,0,0.4215671,0.2394887,0.1072186,0.9735959,-0.2008881,0.1083269,-0.004519236
112756,0.0166647,49.2175831887871,1.190675,0.09092391,-0.3919199,0.652932,-0.2239612,0.64498,0.3279056,0,0,0.4216553,0.2402403,0.1066375,0.9731878,-0.2027731,0.1084095,-0.006002247
112760,0.0166684,49.234251588583,1.191433,0.09023136,-0.392042,0.6546725,-0.2238309,0.6435845,0.3272653,0,0,0.4219199,0.2406754,0.1059239,0.9729924,-0.203245,0.1093643,-0.004096324
112764,0.0166674,49.2509189881384,1.191975,0.089522,-0.3922378,0.6552379,-0.225056,0.6424174,0.3275867,0,0,0.422042,0.2414326,0.1052314,0.972462,-0.2051673,0.1104688,-0.004551067
112768,0.0166699,49.2675888873637,1.192657,0.08880684,-0.3923529,-0.6553414,0.2259324,-0.6416719,-0.3282367,0,0,0.4222378,0.241975,0.104522,0.9721891,-0.2057996,0.1117278,-0.003443426
112770,0.0166632,49.2842520866543,1.193197,0.08814618,-0.3926983,-0.6557106,0.2270474,-0.6411594,-0.3277313,0,0,0.4223529,0.2426571,0.1038068,0.9720694,-0.2060654,0.112308,-0.002287908
112774,0.0166689,49.3009209875017,1.193846,0.08775359,-0.3930372,-0.6561577,0.2269984,-0.6406969,-0.3277746,0,0,0.4226983,0.2431975,0.1031462,0.9719063,-0.2060971,0.1136571,-0.002064527
112776,0.0166653,49.3175862878561,1.194408,0.08718899,-0.3932916,0.6572158,-0.2272649,0.6400003,0.3268299,0,0,0.4230371,0.2438462,0.1027536,0.9717575,-0.2066901,0.1138541,-0.001989612
112780,0.0166677,49.3342539872974,1.194828,0.08662543,-0.3935419,0.6591476,-0.2277219,0.6382405,0.3260619,0,0,0.4232916,0.244408,0.102189,0.9714356,-0.2075473,0.1150232,-0.002592292
112784,0.0166661,49.3509200867265,1.195327,0.0859431,-0.3938512,-0.6592331,0.2285744,-0.6374939,-0.3267524,0,0,0.4235418,0.2448278,0.1016254,0.970792,-0.209558,0.116793,-0.00278721
112788,0.0181871,49.3691071867943,1.195588,0.08545491,-0.3949702,0.6612177,-0.229239,0.6362056,0.3247818,0,0,0.4238512,0.2453268,0.1009431,0.9706718,-0.2098272,0.1173297,-0.001606837
112790,0.0166673,49.3857744876295,1.195968,0.08519155,-0.3951083,-0.6616166,0.2277453,-0.6368068,-0.3238406,0,0,0.4249702,0.2455884,0.1004549,0.9700493,-0.2113261,0.1197404,-0.002822234
112796,0.0166678,49.4024422876537,1.196457,0.08445088,-0.3952765,0.6630895,-0.2277405,0.6349072,0.3245605,0,0,0.4251083,0.2459677,0.1001915,0.9700559,-0.2116728,0.1190185,-0.004553128
112798,0.0185545,49.4209967870265,1.196811,0.08426023,-0.3955903,0.6625281,-0.2303678,0.6339972,0.3256298,0,0,0.4252765,0.2464567,0.09945087,0.9695054,-0.2138723,0.1196018,-0.003650426
112802,0.0166679,49.4376646876335,1.19714,0.08404374,-0.3956801,0.6637989,-0.2304139,0.6327544,0.3254266,0,0,0.4255902,0.246811,0.09926023,0.9694711,-0.2131764,0.1211624,-0.001146704
112806,0.0166674,49.454332087189,1.197821,0.08363265,-0.3954319,-0.6643706,0.2305232,-0.6323618,-0.324945,0,0,0.4256801,0.24714,0.09904374,0.9690308,-0.2146929,0.1220044,-0.001127684
112808,0.0166651,49.4709971863776,1.198374,0.08316654,-0.3951723,0.665459,-0.2270199,0.6327772,0.3243752,0,0,0.4254319,0.2478215,0.09863262,0.9688469,-0.2151819,0.122599,-0.00144134
112812,0.0166989,49.4876960869879,1.198607,0.08309809,-0.3951349,-0.6634299,0.231212,-0.6317583,-0.3275411,0,0,0.4251722,0.248374,0.09816651,0.9687238,-0.2169347,0.1204091,-0.003905468
112814,0.01754,49.5052360873669,1.198921,0.08261508,-0.395069,0.6633824,-0.2318667,0.6311061,0.3284308,0,0,0.4251348,0.2486072,0.09809808,0.9689859,-0.2150502,0.121729,0.001328089
112820,0.0166698,49.521905887872,1.199481,0.08272145,-0.394742,-0.664022,0.2305041,-0.6310489,-0.3282073,0,0,0.425069,0.2489213,0.09761508,0.9689038,-0.215283,0.1219507,0.00256808
112822,0.0173824,49.5392882879823,1.199622,0.08229784,-0.3946771,-0.6636751,0.2318585,-0.6304703,-0.3290658,0,0,0.4247419,0.2494809,0.09772144,0.968785,-0.216236,0.1212225,0.001637314
112826,0.0166685,49.5559567883611,1.199868,0.08199543,-0.3946042,0.6639142,-0.2319786,0.6297222,0.3299301,0,0,0.4246771,0.2496222,0.09729783,0.9687616,-0.21595,0.121887,0.003219314
112828,0.0232404,49.5791971888393,1.200046,0.08133346,-0.3948139,0.6635003,-0.2336221,0.6292641,0.3304766,0,0,0.4246042,0.2498677,0.09699543,0.9686137,-0.2166325,0.1218223,0.004160742
112832,0.0166679,49.5958650894463,1.2001,0.08099723,-0.3946111,-0.66443,0.2341625,-0.6278598,-0.330897,0,0,0.4248139,0.2500464,0.09633346,0.9686074,-0.2160696,0.1228098,0.005605951
112836,0.016667,49.612532088533,1.199909,0.08043924,-0.3945166,-0.6642182,0.2344996,-0.628201,-0.3304357,0,0,0.424611,0.2501002,0.09599723,0.968205,-0.2173575,0.1236641,0.006474577
112840,0.0166671,49.6291991882026,1.199753,0.0799208,-0.3944629,-0.6645276,0.2359924,-0.6271232,-0.3307978,0,0,0.4245166,0.2499093,0.09543927,0.968286,-0.2168151,0.1239963,0.006198119
112842,0.0166672,49.645866388455,1.199596,0.07957169,-0.3943998,-0.6643882,0.2364417,-0.6270572,-0.3308822,0,0,0.4244629,0.2497527,0.0949208,0.9680356,-0.2171207,0.1253376,0.007487121
112846,0.0166663,49.6625326890498,1.199269,0.07935345,-0.39372,0.664565,-0.2357963,0.6272732,0.330578,0,0,0.4243998,0.2495959,0.09457169,0.9680454,-0.2169047,0.125616,0.007816426
112848,0.0166712,49.6792038884014,1.199247,0.07903308,-0.3933516,-0.664305,0.2360588,-0.6273267,-0.3308117,0,0,0.4237199,0.2492688,0.09435345,0.9680518,-0.2171006,0.1252672,0.00716304
112854,0.0166637,49.6958675887436,1.198701,0.07888938,-0.3921136,-0.6628702,0.235345,-0.6286266,-0.3317293,0,0,0.4233516,0.2492473,0.09403311,0.9681102,-0.2168313,0.1252616,0.007506618
112856,0.0166672,49.712534788996,1.198319,0.07891268,-0.3911907,0.6625096,-0.2352834,0.6289179,0.3319414,0,0,0.4221135,0.2487009,0.09388937,0.9686223,-0.2155465,0.1234932,0.007750857
112860,0.0166665,49.7292012888938,1.197437,0.07978696,-0.3894143,-0.6629386,0.2346424,-0.6292529,-0.3309021,0,0,0.4211907,0.2483192,0.09391268,0.9687422,-0.2151952,0.1231573,0.007865168
112862,0.0166675,49.7458687890321,1.197134,0.08017534,-0.388354,0.664118,-0.2321196,0.6296628,0.3295338,0,0,0.4194142,0.2474366,0.09478696,0.9687051,-0.2153723,0.1232174,0.006541958
112866,0.0166665,49.7625352889299,1.196221,0.08149201,-0.3860359,-0.6635224,0.2298306,-0.6312615,-0.3292792,0,0,0.418354,0.2471337,0.09517534,0.9685552,-0.216685,0.1222018,0.003892662
112872,0.0211895,49.7837247885764,1.1959,0.08325231,-0.3833748,0.6653125,-0.2233114,0.6321198,0.3285057,0,0,0.4160358,0.2462206,0.09649201,0.9689447,-0.2162117,0.1199741,0.002196611
112874,0.0175602,49.8012849893421,1.195759,0.08375558,-0.3820455,0.6639327,-0.2241099,0.6318967,0.3311717,0,0,0.4133748,0.2459005,0.09825228,0.9687723,-0.219311,0.1156646,-0.002142837
112878,0.016668,49.8179529886693,1.195445,0.08503461,-0.3810155,-0.6641497,0.2200312,-0.6331176,-0.33114,0,0,0.4120455,0.2457591,0.09875558,0.9690523,-0.2186346,0.1146127,0.0006955417
112880,0.0166679,49.8346208892763,1.195351,0.08564308,-0.3807496,0.6643116,-0.2201339,0.6327121,0.3315217,0,0,0.4110156,0.2454453,0.1000346,0.9692153,-0.2196448,0.1112431,-0.00170717
112884,0.016666,49.8512868899852,1.194974,0.08674648,-0.3799231,0.6640167,-0.2198393,0.6324378,0.3328287,0,0,0.4107496,0.2453508,0.1006431,0.9691283,-0.2200082,0.1112893,-0.001254282
112888,0.0166687,49.867955589667,1.19461,0.08745071,-0.3793038,-0.6636494,0.2182829,-0.6332511,-0.3330394,0,0,0.4099231,0.244974,0.1017465,0.969166,-0.220291,0.1104045,-0.0002088096
112892,0.0220549,49.8900104891509,1.193645,0.08978403,-0.3780641,0.6638554,-0.2145971,0.6346204,0.3324172,0,0,0.4093038,0.2446099,0.1024507,0.9693673,-0.2202098,0.1087828,-0.0009743951
112894,0.0166674,49.9066778887063,1.193349,0.09047922,-0.3770024,-0.6632019,0.211645,-0.636602,-0.3318247,0,0,0.4080641,0.2436449,0.104784,0.9695214,-0.2208773,0.105961,-0.003705218
112898,0.0166674,49.9233452882618,1.193185,0.09019852,-0.3763097,-0.6612118,0.2162418,-0.6350518,-0.3357794,0,0,0.4070023,0.2433488,0.1054792,0.9699228,-0.2203368,0.1032687,-0.006096411
112902,0.0166667,49.9400119874626,1.192529,0.09200654,-0.374228,-0.6600344,0.2155093,-0.6353877,-0.3379243,0,0,0.4063096,0.2431853,0.1051985,0.9701487,-0.2187616,0.1046655,0.0001204756
112904,0.0166672,49.9566791877151,1.191478,0.09276983,-0.3725751,0.6551255,-0.2208408,0.6368881,0.341194,0,0,0.4042279,0.2425287,0.1070065,0.9704484,-0.2184016,0.1026071,0.001596776
112908,0.0166667,49.9733458869159,1.19139,0.0931305,-0.3712698,-0.6533152,0.2232964,-0.6365428,-0.3437024,0.0110209379345179,0,0.402575,0.2414783,0.1077698,0.9716212,-0.2127098,0.1032241,0.00719269
112912,0.0176352,49.9909810870886,1.192147,0.09380568,-0.3703008,-0.6521522,0.2227248,-0.6380203,-0.3435422,0.011831852607429,0,0.4012697,0.2413903,0.1081305,0.9719083,-0.211143,0.103421,0.01081792
112914,0.0166675,50.0076485872269,1.192428,0.09463918,-0.3697469,0.6529015,-0.2210622,0.6384687,0.3423577,0.0152756711468101,0,0.4003007,0.2421474,0.1088057,0.9723427,-0.2097054,0.1023237,0.01016372
112918,0.0166678,50.024316387251,1.192832,0.09545624,-0.3688,0.6536132,-0.2192507,0.6395801,0.3400826,0.0213234983384609,0,0.3997469,0.2424284,0.1096392,0.9722723,-0.2104039,0.1017381,0.008140337
112922,0.016666,50.04098238796,1.19294,0.09597892,-0.3683283,-0.6547128,0.2181931,-0.6396901,-0.338437,0.0267056431621313,0,0.3988,0.2428318,0.1104562,0.9722923,-0.2105786,0.1013889,0.004970712
112926,0.0166674,50.0576497875154,1.193175,0.09704992,-0.3674736,0.6553635,-0.2162587,0.6397165,0.3383692,0.025164257735014,0,0.3983282,0.2429404,0.1109789,0.9720912,-0.2113997,0.101688,0.002910705
112928,0.0215782,50.0792279876769,1.193774,0.09738842,-0.3663768,0.6558255,-0.2154956,0.6396447,0.3380966,0.0246657766401768,0,0.3974735,0.2431754,0.1120499,0.9719733,-0.2125549,0.1004246,0.001803179
112932,0.0166679,50.0958958882838,1.194575,0.09797884,-0.3656482,-0.6565546,0.2129553,-0.6395131,-0.3385397,0.0244499556720257,0,0.3963768,0.2437738,0.1123884,0.9718729,-0.2131565,0.1001304,0.00115769
112936,0.0166663,50.1125621888787,1.194703,0.09798315,-0.3655325,0.6573395,-0.2134707,0.6383682,0.3388526,0.0337271429598331,0,0.3956481,0.2445748,0.1129788,0.9717142,-0.2147681,0.09821508,0.0002052259
112940,0.0166666,50.1292287893593,1.195044,0.09862682,-0.3654633,0.6574757,-0.2132188,0.6385741,0.3383588,0.0294691938906908,0,0.3955325,0.2447026,0.1129831,0.9714046,-0.2158069,0.09899351,0.000919142
112942,0.0166709,50.145899688825,1.1952,0.09790051,-0.3649393,-0.6588212,0.2120098,-0.6386167,-0.3364152,0.0247196052223444,0,0.3954632,0.2450441,0.1136268,0.9714033,-0.2157978,0.09902972,0.0003135381
112946,0.0166638,50.16256348975,1.195325,0.09809476,-0.3645706,0.6593131,-0.2122293,0.6380618,0.3363659,0.0229776445776224,0,0.3949392,0.2452002,0.1129005,0.9711281,-0.2168311,0.09944947,-0.002080726
112948,0.0166678,50.1792312897742,1.195636,0.0978153,-0.3641544,-0.6596564,0.2118745,-0.6384876,-0.3351063,0.0212161391973495,0,0.3945705,0.2453246,0.1130948,0.9709538,-0.2173888,0.09993568,-0.001930398
112952,0.016665,50.1958962902427,1.195974,0.09775723,-0.363432,-0.6611016,0.2116907,-0.6375153,-0.3342244,0.0189688950777054,0,0.3941544,0.2456363,0.1128153,0.9709331,-0.2173091,0.1002736,-0.003305478
112956,0.0166664,50.2125626895577,1.196064,0.09741315,-0.3630438,0.6614912,-0.2123618,0.637816,0.3324495,0.0193073581904173,0,0.3934319,0.2459744,0.1127572,0.9705005,-0.2187687,0.1012549,-0.004057453
112960,0.0166683,50.2292309887707,1.196374,0.09635136,-0.3619738,0.6619933,-0.2150475,0.6366498,0.3319586,0.0159014537930489,0,0.3930438,0.2460641,0.1124132,0.9704467,-0.2183155,0.1026805,-0.005323228
112962,0.0179463,50.2471772879362,1.196246,0.09595832,-0.3609894,0.6636783,-0.2163637,0.6346362,0.3315944,0.0128211108967662,0,0.3919738,0.2463744,0.1113514,0.9701791,-0.2182139,0.1054412,-0.004155775
112966,0.0166674,50.2638446874917,1.195896,0.09538154,-0.3595091,0.6650427,-0.2188502,0.6326237,0.3310742,0.00704249879345298,0,0.3909893,0.2462464,0.1109583,0.9695479,-0.2199388,0.1076645,-0.003491166
112968,0.0166717,50.2805163878948,1.194973,0.09477639,-0.3589255,-0.6638021,0.2204581,-0.6333106,-0.331184,0,0,0.3895091,0.2458956,0.1103815,0.968967,-0.2209715,0.110766,-0.002332657
112972,0.0166646,50.2971809878945,1.193955,0.09376541,-0.3573572,-0.6628501,0.2229942,-0.6332824,-0.3314468,0,0,0.3889255,0.244973,0.1097764,0.9693118,-0.2191435,0.1113943,-0.001464982
112976,0.0166657,50.3138466887176,1.192753,0.0935953,-0.3563391,-0.6615458,0.2260688,-0.6329433,-0.3326153,0.00375488330610096,0,0.3873572,0.2439553,0.1087654,0.9694856,-0.2175862,0.1129335,0.0001424551
112978,0.0166687,50.3305153883994,1.191686,0.09306526,-0.3559729,-0.6602623,0.2301988,-0.632297,-0.3335606,0.00483062537387013,0,0.386339,0.2427532,0.1085953,0.9696827,-0.2159075,0.1144161,0.002895605
112982,0.0166706,50.3471859879792,1.190736,0.09253449,-0.355548,-0.659182,0.234556,-0.6313924,-0.3343744,0,0,0.3859729,0.2416858,0.1080653,0.9698001,-0.2139734,0.1169037,0.006069432
112986,0.016663,50.3638489879668,1.189947,0.09214854,-0.3550197,-0.6583831,0.2353366,-0.6309633,-0.3362049,0,0,0.385548,0.2407362,0.1075345,0.9698134,-0.2122118,0.1197574,0.009292166
112988,0.0166669,50.3805158883333,1.189209,0.0918116,-0.3542866,-0.6581551,0.2356595,-0.6305491,-0.337201,0,0,0.3850197,0.2399475,0.1071485,0.9699092,-0.2119119,0.1193286,0.01141334
112992,0.0166672,50.3971830885857,1.188032,0.09077881,-0.3540146,-0.6567604,0.2393576,-0.6291645,-0.339891,0,0,0.3842866,0.2392085,0.1068116,0.9698942,-0.2120304,0.1191263,0.01253804
112996,0.0166668,50.4138498883694,1.186729,0.08948052,-0.353795,-0.6568345,0.2376148,-0.6303916,-0.3386946,0,0,0.3840146,0.2380318,0.1057788,0.969894,-0.2108825,0.1205815,0.01715743
113000,0.0166669,50.430516788736,1.186137,0.08838353,-0.353878,0.6567098,-0.2364678,0.6310131,0.3385819,0,0,0.3837949,0.2367286,0.1044805,0.9700965,-0.2107135,0.1195352,0.01496299
113002,0.0166667,50.4471834879369,1.185604,0.08697346,-0.353697,-0.6576297,0.2350871,-0.6314457,-0.3369475,0.0012498926371336,0,0.383878,0.2361371,0.1033835,0.9702374,-0.2106996,0.1185113,0.01414954
113006,0.0166677,50.4638511873782,1.184748,0.086265,-0.3537979,-0.6574001,0.2351973,-0.6320537,-0.3361778,0.00515260640531778,0,0.3836969,0.2356039,0.1019735,0.970139,-0.2113437,0.1184196,0.0118741
113010,0.016667,50.4805181864649,1.184699,0.08484102,-0.3545156,0.656251,-0.2361832,0.632868,0.3361998,0.0166129153221846,0,0.3837979,0.2347479,0.101265,0.9702643,-0.2106746,0.1186541,0.01116098
113014,0.0237158,50.5042339861393,1.184711,0.08340628,-0.3558079,-0.6542157,0.2401385,-0.6319992,-0.3389872,0.0140495467931032,0,0.3845156,0.2346986,0.09984101,0.9705865,-0.2090558,0.1188404,0.011605
113016,0.0166677,50.5209016855806,1.184881,0.08258456,-0.3565356,0.6540901,-0.240488,0.6312469,0.3403809,0,0,0.3858079,0.2347113,0.09840627,0.9707804,-0.2070966,0.1201169,0.01638058
113022,0.0166672,50.537568885833,1.185658,0.08215962,-0.3571743,0.6537344,-0.2394206,0.6314541,0.3414307,0,0,0.3865356,0.2348815,0.09758456,0.9706924,-0.2075304,0.1198586,0.01792447
113024,0.016666,50.554234886542,1.18644,0.08093957,-0.3575055,-0.6538424,0.2382222,-0.6318758,-0.3412819,0,0,0.3871744,0.2356581,0.09715961,0.9708221,-0.2077535,0.1183632,0.01825306
113028,0.0166681,50.570902986452,1.186883,0.07949954,-0.3576635,-0.6514996,0.2392006,-0.6306245,-0.3473388,0,0,0.3875055,0.2364405,0.09593956,0.9708915,-0.2080251,0.1174401,0.01740624
113030,0.0166663,50.5875692870468,1.187284,0.07834581,-0.3582456,0.6513105,-0.2376627,0.6315663,0.3470377,0,0,0.3876634,0.2368831,0.09449954,0.9711334,-0.2077471,0.1148322,0.02355126
113034,0.0166674,50.6042366866022,1.187648,0.07720399,-0.3589481,-0.6511695,0.2368871,-0.631719,-0.3475542,0,0,0.3882455,0.2372845,0.09334581,0.9713449,-0.2076281,0.1134983,0.0223103
113038,0.0166669,50.6209035869688,1.188814,0.07554428,-0.3598547,-0.6501308,0.236097,-0.6326032,-0.3484271,0.000289241113932803,0,0.3889481,0.2376484,0.09220399,0.9714102,-0.2078277,0.1125672,0.02232976
113040,0.0166669,50.6375704873353,1.18921,0.07428291,-0.3605113,-0.6487827,0.2353343,-0.633068,-0.350605,0.00484684482216835,0,0.3898547,0.2388137,0.09054427,0.9717495,-0.2070645,0.1109876,0.02256206
113044,0.0166667,50.6542371865362,1.189888,0.07288862,-0.3614307,0.6473575,-0.2363524,0.6334152,0.351925,0.00778483552858233,0,0.3905113,0.2392103,0.08928294,0.9720752,-0.206528,0.1088026,0.02404237
113046,0.0166667,50.6709038857371,1.190588,0.07165518,-0.3623864,-0.6455384,0.2388288,-0.6334674,-0.3534969,0.00656310375779867,0,0.3914307,0.2398885,0.08788861,0.9723604,-0.2051814,0.1084126,0.02574046
113050,0.0166671,50.6875709854066,1.191233,0.07024738,-0.36318,0.6456426,-0.2392587,0.6327861,0.3542354,0.00253938790410757,0,0.3923864,0.2405875,0.08665518,0.972634,-0.2032119,0.1089744,0.02850559
113054,0.0166669,50.7042378857732,1.191766,0.06899738,-0.3635237,-0.6433707,0.2426188,-0.6323346,-0.3568801,0,0,0.3931799,0.2412326,0.08524738,0.9724988,-0.2036225,0.1091499,0.02949918
113058,0.0166674,50.7209052853286,1.192305,0.06847939,-0.3643077,0.6437224,-0.2415991,0.6321378,0.3572857,0,0,0.3935236,0.241766,0.08399735,0.9727305,-0.2014588,0.1098541,0.03379093
113060,0.0166664,50.7375716846436,1.192804,0.06746796,-0.3644003,-0.6441632,0.2418602,-0.6311775,-0.3580118,0,0,0.3943077,0.2423051,0.08347939,0.9726608,-0.2022687,0.1090306,0.03362435
113064,0.0166675,50.7542391847819,1.193662,0.06712839,-0.3652383,0.6443592,-0.241115,0.6308725,0.3586987,0,0,0.3944002,0.2428041,0.08246796,0.9724235,-0.2031295,0.109257,0.03455342
113066,0.0166665,50.7709056846797,1.194157,0.06602392,-0.3653646,0.6433629,-0.2424064,0.6301203,0.3609315,0,0,0.3952383,0.2436622,0.08212839,0.9723534,-0.2038335,0.1084864,0.03480685
113070,0.0166694,50.7875750847161,1.195082,0.06501645,-0.3651565,-0.6437331,0.242184,-0.6286564,-0.362968,0,0,0.3953645,0.2441575,0.08102389,0.9723544,-0.2034396,0.1082712,0.03763703
113074,0.0166643,50.80423938483,1.195823,0.06378382,-0.3654347,0.6432854,-0.2429504,0.6273048,0.3655787,0,0,0.3951565,0.2450817,0.08001645,0.9720402,-0.2049326,0.1075909,0.03955703
113078,0.0166667,50.8209060840309,1.197021,0.06259909,-0.3661293,0.6450229,-0.2406436,0.6268702,0.3647874,0,0,0.3954346,0.2458232,0.07878383,0.9718456,-0.2055128,0.1071082,0.04252736
113080,0.0166665,50.8375725839287,1.197845,0.06153965,-0.3664376,-0.6449771,0.2413975,-0.6256245,-0.3665048,0,0,0.3961293,0.2470215,0.07759912,0.9715424,-0.2077076,0.1063691,0.04060376
113084,0.017748,50.855320584029,1.198753,0.05954808,-0.3669663,0.6435936,-0.2437893,0.6239415,0.3702042,0,0,0.3964376,0.2478445,0.07653965,0.9713054,-0.208364,0.1064109,0.0427445
113086,0.016667,50.8719875831157,1.199047,0.05850155,-0.3676046,-0.6435175,0.2451815,-0.6229079,-0.3711563,0,0,0.3969663,0.2487527,0.07454805,0.9711443,-0.2080371,0.1064392,0.04764548
113090,0.0166666,50.8886541835964,1.199957,0.05714899,-0.3682806,-0.6441898,0.2473478,-0.6216832,-0.3706058,0,0,0.3976046,0.2490475,0.07350157,0.9709316,-0.208183,0.1072824,0.04941786
113094,0.0166681,50.9053222835064,1.200646,0.0559896,-0.3691503,-0.6443878,0.2489706,-0.6203724,-0.3713705,0,0,0.3982806,0.2499575,0.07214899,0.9705644,-0.20841,0.109736,0.05027906
113098,0.0191571,50.9244793839753,1.201072,0.05561981,-0.3695804,-0.6472619,0.2538019,-0.6167075,-0.3691997,0,0,0.3991503,0.2506462,0.07098959,0.9702476,-0.2087794,0.1110027,0.0520494
113102,0.0166683,50.9411476831883,1.201916,0.05476287,-0.3699728,0.6486235,-0.2575217,0.6125988,0.37107,0,0,0.3995804,0.251072,0.07061984,0.9690123,-0.2105946,0.1175954,0.0532582
113106,0.017791,50.9589386824518,1.202549,0.05406836,-0.3705757,-0.6503475,0.2585634,-0.6103553,-0.3710251,0,0,0.3999728,0.2519162,0.06976287,0.967886,-0.2126941,0.1209989,0.05759514
113108,0.0166669,50.9756055828184,1.202816,0.05361179,-0.3708821,-0.6506296,0.2645928,-0.6058674,-0.3736262,0,0,0.4005757,0.252549,0.06906839,0.9671444,-0.2147215,0.1229214,0.05845312
113112,0.0187447,50.9943502824754,1.203483,0.05286628,-0.3711523,-0.6514502,0.2673478,-0.6033353,-0.3743319,0,0,0.4008821,0.2528161,0.06861179,0.965971,-0.2155083,0.1274997,0.064808
113114,0.0166683,51.0110185816884,1.204006,0.05213443,-0.3712274,-0.6513249,0.2714198,-0.6004806,-0.3762051,0,0,0.4011522,0.2534834,0.06786625,0.9652132,-0.21653,0.130162,0.06735093
113118,0.0166673,51.0276858825237,1.20438,0.05151567,-0.3709623,-0.6517263,0.271953,-0.5999086,-0.3760373,0,0,0.4012274,0.2540061,0.0671344,0.9644516,-0.2167569,0.1330516,0.07174122
113122,0.0166674,51.0443532820791,1.204005,0.05161148,-0.3707015,0.6519141,-0.2740994,0.5972187,0.3784274,0,0,0.4009622,0.2543802,0.0665157,0.9642484,-0.217117,0.1338111,0.07197079
113124,0.016667,51.0610202811658,1.204087,0.0512226,-0.3703842,0.6529534,-0.2756224,0.5958074,0.3777536,0,0,0.4007015,0.2540047,0.06661148,0.9635248,-0.2182934,0.1350236,0.07574082
113128,0.0166663,51.0776865817606,1.204111,0.0511668,-0.3697926,-0.653426,0.2758169,-0.5956395,-0.3770586,0,0,0.4003842,0.2540867,0.06622259,0.9630007,-0.2190919,0.1371989,0.07619006
113132,0.0166668,51.0943533815444,1.203932,0.05168328,-0.3686469,0.6542306,-0.2750879,0.5957811,0.3759705,0,0,0.3997926,0.2541113,0.0661668,0.9628906,-0.2193224,0.1378767,0.07569252
113136,0.0166665,51.1110198814422,1.20415,0.0514985,-0.3686004,-0.6542815,0.274034,-0.5958195,-0.3765904,0,0,0.3986469,0.2539322,0.06668328,0.9628416,-0.2199041,0.1380632,0.07427571
113138,0.016667,51.1276868805289,1.204317,0.05131465,-0.368543,-0.6539786,0.2748049,-0.5953997,-0.377218,0,0,0.3986004,0.2541505,0.0664985,0.9628825,-0.2204267,0.1369572,0.07424439
113142,0.0166666,51.1443534810096,1.20401,0.05127484,-0.3685088,0.6518884,-0.2763921,0.59602,0.3786938,0,0,0.398543,0.2543171,0.06631465,0.9627972,-0.2202537,0.1372534,0.075308
113146,0.0166672,51.161020681262,1.203671,0.05047762,-0.3681367,-0.6499813,0.2781545,-0.5961056,-0.3805423,0,0,0.3985088,0.2540098,0.06627484,0.9631631,-0.2180943,0.1369461,0.07744332
113148,0.0166669,51.1776875816286,1.20385,0.05020848,-0.3681118,-0.6494316,0.2779736,-0.5967817,-0.3805535,0,0,0.3981367,0.2536709,0.06547762,0.9633632,-0.2163482,0.1367813,0.08009879
113152,0.0166672,51.194354781881,1.203777,0.04988307,-0.3681511,-0.6488628,0.2782104,-0.5975353,-0.3801679,0,0,0.3981118,0.2538498,0.06520851,0.9636005,-0.2156669,0.1362967,0.07990714
113156,0.0166667,51.2110214810818,1.203785,0.04989481,-0.3685223,-0.6493585,0.2760721,-0.5993778,-0.3779738,0,0,0.398151,0.253777,0.06488307,0.9638423,-0.2147032,0.1363016,0.07957704
113158,0.0166674,51.2276888806373,1.203632,0.04985982,-0.3681913,-0.6488644,0.2754388,-0.5997046,-0.378765,0,0,0.3985223,0.2537853,0.06489478,0.9642913,-0.2144981,0.135425,0.07611083
113162,0.0166671,51.2443559803069,1.203975,0.04979938,-0.3680408,0.6494504,-0.2717422,0.6015176,0.377554,0,0,0.3981913,0.2536324,0.06485982,0.9644543,-0.2143499,0.1343164,0.07642813
113164,0.0166669,51.2610228806734,1.204068,0.04977271,-0.3677322,-0.6477797,0.2722726,-0.6030534,-0.3775921,0,0,0.3980408,0.2539746,0.06479935,0.9649266,-0.2149839,0.1317973,0.07299432
113168,0.0166664,51.2776892799884,1.203914,0.04950592,-0.3654393,0.6515344,-0.2615066,0.6071395,0.3721545,0,0,0.3977321,0.2540676,0.06477271,0.965477,-0.212781,0.1312816,0.07310038
113172,0.0166667,51.2943559791893,1.204306,0.04939976,-0.3621349,-0.66149,0.2386583,-0.6123921,-0.3611773,0,0,0.3954393,0.2539141,0.06450589,0.9662102,-0.2163762,0.1258086,0.06157429
113176,0.016667,51.311022978276,1.204709,0.05039525,-0.3588043,0.6673356,-0.1958376,0.6287652,0.3478007,0,0,0.3921349,0.2543058,0.06439976,0.9662122,-0.2272834,0.1153622,0.03831144
113178,0.0166672,51.3276901785284,1.204447,0.05067417,-0.3580689,-0.6633993,0.1806591,-0.6364823,-0.3495053,0.0360194370150566,0,0.3888043,0.2547091,0.06539525,0.967843,-0.2361946,0.08655228,0.0008587272
113182,0.0166671,51.344357278198,1.204704,0.05168095,-0.3554771,0.6659199,-0.1359376,0.6468914,0.3458371,0.0557088404893875,0,0.3880689,0.2544469,0.06567417,0.9693522,-0.2351487,0.07082395,-0.006730106
113184,0.0166675,51.3610247783363,1.204307,0.05214888,-0.35357,-0.6600078,0.1126653,-0.6543617,-0.3514358,0.128041133284569,0.468746393918991,0.385477,0.2547038,0.06668095,0.9677191,-0.2470073,0.03612359,-0.03467223
113188,0.0166662,51.3776909783483,1.203233,0.05339953,-0.3544773,0.6571778,-0.1026113,0.6547754,0.3589671,0.22770020365715,0.752839982509613,0.38357,0.2543072,0.06714891,0.967711,-0.248186,0.01160093,-0.04247968
113192,0.0166681,51.3943590782583,1.202786,0.05434808,-0.3545115,-0.6465912,0.08166764,-0.6685941,-0.3580953,0.432346045970917,1,0.3844772,0.2532328,0.06839953,0.9671515,-0.2509022,-0.0008692057,-0.04080972
113194,0.016667,51.411026077345,1.202555,0.05422854,-0.3544176,0.6430216,-0.07051503,0.6740983,0.3565702,0.511455357074738,1,0.3845115,0.2527859,0.06934805,0.9681873,-0.2432398,-0.02354337,-0.05379146
113200,0.0166678,51.4276938773692,1.202658,0.05379218,-0.3533449,-0.6305756,0.04888146,-0.6902344,-0.3515131,0.571721851825714,1,0.3844175,0.2525551,0.06922852,0.9678841,-0.2414166,-0.03400107,-0.06133886
113202,0.0166649,51.4443587772548,1.201406,0.05418909,-0.352764,0.6254717,-0.04432019,0.6946655,0.3525065,0.569116175174713,1,0.3833449,0.2526579,0.06879218,0.9682621,-0.2305472,-0.0564079,-0.07832453
113206,0.017691,51.4620497766882,1.199696,0.05434602,-0.3522972,0.6198508,-0.04183978,0.7003985,0.351392,0.553747832775116,1,0.382764,0.2514064,0.06918909,0.9687046,-0.2262781,-0.06317992,-0.08011245
113208,0.016668,51.4787177760154,1.19923,0.05356812,-0.3517387,-0.6151739,0.04507039,-0.7038451,-0.3523234,0.575906455516815,1,0.3822972,0.249696,0.06934603,0.9696437,-0.2198154,-0.06779812,-0.08291972
113212,0.0166692,51.4953869767487,1.198787,0.05264044,-0.3514185,0.6102667,-0.04709781,0.7088176,0.3506196,0.566728234291077,1,0.3817386,0.24923,0.0685681,0.9711815,-0.2136194,-0.06807497,-0.08086452
113216,0.0166655,51.5120524764061,1.198129,0.0523682,-0.3506472,-0.6074108,0.04869658,-0.7119536,-0.3490028,0.53652411699295,1,0.3814185,0.248787,0.06764044,0.9726303,-0.2063768,-0.06847343,-0.08191662
113220,0.0176913,51.5297437757254,1.196836,0.0523763,-0.3505496,0.6049859,-0.05070101,0.7152427,0.3461927,0.515961766242981,1,0.3806472,0.2481293,0.06736819,0.9735367,-0.2017676,-0.06813744,-0.08290701
113222,0.0166672,51.5464109759778,1.195976,0.05190349,-0.3499604,-0.6036798,0.05129048,-0.7166626,-0.3454488,0.478609085083008,1,0.3805496,0.2468361,0.06737627,0.9744376,-0.1970247,-0.06680924,-0.08478927
113226,0.0166694,51.5630803760141,1.194278,0.05127076,-0.3497963,0.602063,-0.05404802,0.7179435,0.3451902,0.462976545095444,1,0.3799604,0.2459763,0.06690349,0.9748085,-0.1949718,-0.06676127,-0.08530703
113228,0.0168621,51.5799424760044,1.193567,0.05113944,-0.3497056,-0.6004198,0.05510015,-0.7198761,-0.3438582,0.445983916521072,1,0.3797963,0.2442775,0.06627075,0.9755639,-0.1920919,-0.06531968,-0.08431555
113234,0.0166671,51.5966095756739,1.192277,0.0506666,-0.3494538,-0.5984783,0.05660121,-0.7226928,-0.3410794,0.424878269433975,1,0.3797056,0.2435669,0.06613944,0.976075,-0.1892469,-0.06486275,-0.08518292
113236,0.0166675,51.6132770758122,1.19153,0.05064723,-0.3485442,-0.5957153,0.05721129,-0.7272126,-0.3361726,0.40602719783783,0.981181681156158,0.3794538,0.2422766,0.0656666,0.9767335,-0.1852854,-0.06367306,-0.08721658
113240,0.0166675,51.6299445759505,1.190681,0.05123296,-0.3485733,-0.5958986,0.0603504,-0.7281539,-0.3332485,0.395493447780609,0.972739696502686,0.3785441,0.2415304,0.06564723,0.9774096,-0.1797329,-0.0628413,-0.09174772
113242,0.0166668,51.6466113757342,1.190663,0.05172164,-0.3480634,-0.5942917,0.05481696,-0.7314331,-0.3298759,0.390144318342209,0.964806973934174,0.3785733,0.2406808,0.06623296,0.9778966,-0.1777117,-0.05915553,-0.09293816
113248,0.0236625,51.6702738758177,1.190788,0.05212855,-0.3478553,0.5941963,-0.05020786,0.7314342,0.3307777,0.389029741287231,0.957275390625,0.3780633,0.2406631,0.06672163,0.9773431,-0.1761125,-0.06318314,-0.09895832
113252,0.0242238,51.6944976765662,1.190575,0.05321801,-0.3474729,0.5922662,-0.04880635,0.7320636,0.333049,0.374963849782944,0.936254143714905,0.3778552,0.2407876,0.06712855,0.9766141,-0.1778347,-0.06724891,-0.100386
113254,0.0166691,51.7111667767167,1.190395,0.05380157,-0.3472505,0.5909986,-0.04849414,0.73283,0.3336603,0.375859618186951,0.931030690670013,0.3774729,0.2405749,0.06821801,0.9766907,-0.1770078,-0.07021585,-0.0990622
113260,0.0166663,51.7278330773115,1.190185,0.05490804,-0.347188,0.5899634,-0.04773122,0.7331125,0.3349791,0.379755586385727,0.929000437259674,0.3772505,0.2403951,0.06880157,0.9768435,-0.1758974,-0.07135288,-0.09872096
113262,0.0166668,51.7444998770952,1.189894,0.05570203,-0.3471209,-0.5895382,0.04667792,-0.7332603,-0.3355521,0.388636857271194,0.928158581256866,0.377188,0.240185,0.06990804,0.9768739,-0.1755053,-0.07298798,-0.09791831
113266,0.0166671,51.7611669767648,1.189806,0.05641693,-0.3469952,-0.588456,0.04580757,-0.7334059,-0.3372492,0.393483847379684,0.929306149482727,0.3771209,0.2398936,0.070702,0.9767619,-0.1755934,-0.07426087,-0.09792094
113268,0.0166711,51.7778380773962,1.18937,0.05685723,-0.3469747,0.5883078,-0.04579951,0.7329951,0.3384001,0.400862067937851,0.929982244968414,0.3769952,0.2398064,0.07141693,0.9767714,-0.1753478,-0.07614367,-0.09681441
113272,0.0166662,51.7945042774081,1.189085,0.05723319,-0.346745,0.5872547,-0.04488731,0.7330853,0.3401515,0.405941098928452,0.931312739849091,0.3769747,0.2393699,0.07185723,0.9767785,-0.1756759,-0.0766504,-0.0957416
113274,0.0166661,51.8111703768373,1.188772,0.05773032,-0.3466992,0.5865903,-0.04466489,0.7331448,0.3411973,0.418814092874527,0.932259917259216,0.376745,0.2390855,0.07223319,0.976768,-0.1755053,-0.07856929,-0.09459911
113278,0.0166821,51.8278524763882,1.188183,0.05820855,-0.3470439,-0.5862484,0.04533917,-0.7331972,-0.3415833,0.424481749534607,0.934438645839691,0.3766992,0.238772,0.07273032,0.9768194,-0.175261,-0.0794762,-0.09376043
113282,0.0166657,51.8445181772113,1.187903,0.05872875,-0.3472474,-0.5853312,0.04522909,-0.7335609,-0.342389,0.434232205152512,0.935568273067474,0.3770439,0.2381833,0.07320856,0.9769809,-0.174818,-0.07925858,-0.09308693
113286,0.0166674,51.8611855767667,1.187501,0.05873221,-0.34738,-0.5837198,0.04536083,-0.7339174,-0.3443531,0.439528077840805,0.938820600509644,0.3772474,0.2379031,0.07372873,0.9770933,-0.1741422,-0.08011909,-0.09243486
113292,0.0236652,51.8848507776856,1.186842,0.05890274,-0.3478349,-0.5819261,0.04824927,-0.733798,-0.3472385,0.437042146921158,0.938295960426331,0.3773799,0.2375007,0.07373221,0.9773305,-0.1730929,-0.08157126,-0.09060932
113294,0.0194728,51.9043235778809,1.18647,0.05929971,-0.3475249,-0.5807384,0.04870813,-0.7342142,-0.3482816,0.432227164506912,0.927678406238556,0.3778349,0.2368421,0.07390274,0.9780275,-0.1713649,-0.08125471,-0.08656856
113298,0.016668,51.920991577208,1.186071,0.0596546,-0.3477277,0.5802404,-0.04927452,0.7344605,0.3485124,0.436435520648956,0.926360964775085,0.3775249,0.2364696,0.07429971,0.9782603,-0.1703065,-0.08188582,-0.08542415
113300,0.0166683,51.9376598764211,1.185711,0.06024641,-0.3475993,-0.5799864,0.04872731,-0.7347591,-0.3483827,0.449399143457413,0.925259709358215,0.3777277,0.2360712,0.07465459,0.9784235,-0.1696543,-0.08177642,-0.08495636
113304,0.0166672,51.9543270766735,1.185114,0.06034196,-0.3477266,0.5794853,-0.04804758,0.7352348,0.3483075,0.44920352101326,0.927403450012207,0.3775992,0.2357109,0.07524641,0.978375,-0.1694778,-0.08229753,-0.0853624
113306,0.0166665,51.9709935765713,1.184508,0.06103638,-0.3475039,-0.5785795,0.04761347,-0.73592,-0.3484258,0.452045917510986,0.927370011806488,0.3777266,0.2351137,0.07534195,0.97834,-0.1690829,-0.08307213,-0.08579584
113310,0.0166677,51.9876612760127,1.183797,0.0614039,-0.3474957,0.5773806,-0.04881477,0.7364902,0.3490429,0.447070598602295,0.923701584339142,0.3775039,0.2345082,0.07603641,0.9784005,-0.1682295,-0.08393077,-0.08594804
113314,0.0166669,52.0043281763792,1.183312,0.06231532,-0.3473823,-0.5771766,0.04855826,-0.736641,-0.349098,0.443342804908752,0.921917319297791,0.3774957,0.2337965,0.07640393,0.9787616,-0.1667399,-0.08381847,-0.08484136
113316,0.0166667,52.0209948755801,1.183078,0.06251219,-0.3475793,0.5772289,-0.04805161,0.7367617,0.3488266,0.44523012638092,0.923317015171051,0.3773822,0.2333123,0.07731529,0.9787479,-0.1666107,-0.08414873,-0.08492634
113320,0.0166672,52.0376620758325,1.18283,0.06311622,-0.3477664,-0.5766266,0.04848706,-0.7370265,-0.349203,0.451196163892746,0.926676034927368,0.3775793,0.2330776,0.07751219,0.9786628,-0.1667125,-0.08442681,-0.08542901
113324,0.0166668,52.0543288756162,1.182227,0.06340209,-0.347192,-0.5747094,0.04715498,-0.7379326,-0.3506296,0.455749601125717,0.931831359863281,0.3777664,0.2328299,0.07811619,0.9788139,-0.1660471,-0.08452829,-0.08489216
113326,0.0166677,52.0709965750575,1.181719,0.06367421,-0.3470848,0.572962,-0.04876225,0.7385325,0.3520035,0.47368511557579,0.939287006855011,0.3771919,0.2322271,0.07840212,0.9788347,-0.1648938,-0.08710141,-0.08429665
113330,0.0166676,52.0876641757786,1.180794,0.06454316,-0.3471875,-0.5708467,0.05155746,-0.7389562,-0.3541464,0.486975222826004,0.945489466190338,0.3770847,0.2317191,0.07867421,0.9793139,-0.1629834,-0.08722187,-0.08229894
113334,0.0166696,52.104333775118,1.179691,0.06533095,-0.3467472,-0.569163,0.05041843,-0.7405207,-0.353752,0.491647183895111,0.945777118206024,0.3771874,0.2307939,0.07954316,0.9800075,-0.160621,-0.08686074,-0.07900248
113338,0.0166632,52.1209969744086,1.178644,0.06711769,-0.3462375,0.5679843,-0.04897476,0.7415098,0.3537777,0.473153322935104,0.923692643642426,0.3767472,0.2296913,0.08033098,0.9800623,-0.1588812,-0.08849293,-0.08002276
113340,0.0166681,52.1376650743186,1.177714,0.0686473,-0.3454343,-0.5644122,0.04917357,-0.7437436,-0.3547764,0.465459227561951,0.920274794101715,0.3762374,0.2286443,0.08211769,0.9799823,-0.1580027,-0.09025998,-0.08076584
113344,0.0166658,52.1543308738619,1.175601,0.07056707,-0.3445853,0.5627562,-0.04916704,0.7452819,0.3541794,0.469835638999939,0.9202641248703,0.3754343,0.227714,0.0836473,0.9804528,-0.1543075,-0.0922967,-0.07989287
113346,0.0166682,52.1709990743548,1.173538,0.07319036,-0.3435929,-0.5589988,0.04908281,-0.7477065,-0.3550301,0.476907312870026,0.921144068241119,0.3745852,0.2256007,0.08556707,0.9806749,-0.152164,-0.09293171,-0.0805395
113352,0.0166656,52.187664674595,1.170279,0.07641682,-0.3427184,-0.5576531,0.04863756,-0.7495043,-0.353413,0.490505248308182,0.937017440795898,0.3735929,0.2235381,0.08819033,0.9810954,-0.1483006,-0.09522671,-0.07994097
113354,0.0166676,52.2043322753161,1.168432,0.07874206,-0.3415197,0.5557368,-0.04848067,0.7512889,0.3526631,0.511891186237335,0.938315153121948,0.3727183,0.2202787,0.09141682,0.9812164,-0.1462105,-0.09567694,-0.08174919
113358,0.0166661,52.2209983747453,1.164107,0.08359951,-0.3411766,0.5531663,-0.04748452,0.7555622,0.347675,0.508986949920654,0.927369117736816,0.3715196,0.2184325,0.09374206,0.981424,-0.143767,-0.09650213,-0.08261511
113360,0.0166679,52.2376662753522,1.160749,0.08733756,-0.3406444,-0.5502747,0.0474988,-0.7575187,-0.3480045,0.524886250495911,0.919931709766388,0.3711766,0.2141075,0.09859951,0.9816207,-0.1390212,-0.09677039,-0.08791678
113364,0.0166662,52.2543324753642,1.155663,0.09241802,-0.3406121,-0.5473664,0.04736009,-0.7604308,-0.3462543,0.52995103597641,0.917207181453705,0.3706444,0.2107491,0.1023376,0.9819194,-0.1359076,-0.09834229,-0.08770534
113366,0.0166682,52.2710006758571,1.152098,0.0962573,-0.3404407,0.5428696,-0.04755477,0.7633303,0.3469265,0.551007866859436,0.910882830619812,0.3706121,0.2056629,0.107418,0.982203,-0.1319371,-0.09927476,-0.08952325
113372,0.016665,52.2876656763256,1.14605,0.1009723,-0.3401736,-0.5395572,0.04949827,-0.7658518,-0.3462645,0.570471048355103,0.91219562292099,0.3704407,0.2020981,0.1112573,0.9826484,-0.1271369,-0.1016277,-0.08893909
113374,0.0166679,52.3043335769325,1.143219,0.1045235,-0.3398162,-0.5372388,0.04617774,-0.7682366,-0.3450428,0.583016157150269,0.901961863040924,0.3701735,0.1960505,0.1159724,0.9832665,-0.1225442,-0.1014935,-0.08870792
113378,0.0166663,52.3209998775274,1.138137,0.1089603,-0.3389272,-0.5348121,0.04398263,-0.7723769,-0.339817,0.57153844833374,0.870230376720428,0.3698162,0.1932185,0.1195235,0.982907,-0.1205028,-0.1048463,-0.09154368
113380,0.0166669,52.3376667778939,1.134598,0.1124602,-0.3389874,0.5326425,-0.04429292,0.7745188,0.3383055,0.560341358184814,0.868990182876587,0.3689272,0.1881365,0.1239603,0.9827241,-0.1162969,-0.105864,-0.09757686
113384,0.0166669,52.3543336782604,1.128958,0.1169655,-0.3390631,-0.5285872,0.04954032,-0.7781373,-0.3356242,0.562167346477509,0.874077081680298,0.3689874,0.184598,0.1274601,0.9829299,-0.1131607,-0.1061326,-0.09889037
113386,0.0166669,52.371000578627,1.125446,0.1204721,-0.3389163,0.5234082,-0.05083466,0.7823026,0.3338599,0.567219913005829,0.869547367095947,0.3690631,0.1789582,0.1319655,0.9840742,-0.1058873,-0.1029621,-0.09891714
113390,0.0166683,52.38766887784,1.121139,0.1244975,-0.3388082,0.5235077,-0.04859693,0.7836396,0.3308884,0.568679451942444,0.869413435459137,0.3689163,0.1754463,0.1354721,0.9845838,-0.09905083,-0.1038261,-0.1000198
113394,0.0166653,52.4043341781944,1.116239,0.1283074,-0.3381366,-0.5213056,0.0497428,-0.7846789,-0.3317309,0.548267543315887,0.862000823020935,0.3688082,0.1711387,0.1394975,0.9841599,-0.09863769,-0.1044453,-0.1038799
113398,0.0166677,52.4210018776357,1.111267,0.1326867,-0.3373136,0.5181207,-0.0501362,0.7866427,0.3320098,0.524238049983978,0.856706142425537,0.3681365,0.1662394,0.1433074,0.9844859,-0.09621102,-0.104932,-0.1025684
113400,0.0166661,52.4376679770648,1.108297,0.135953,-0.3369706,0.5146187,-0.04812099,0.7885801,0.3331568,0.516079604625702,0.856818735599518,0.3673135,0.161267,0.1476867,0.984718,-0.09272167,-0.1062868,-0.1021584
113404,0.0166673,52.4543352779001,1.103465,0.1395144,-0.3365693,-0.5110187,0.04940041,-0.7902109,-0.3346434,0.538337588310242,0.853413045406342,0.3669706,0.1582969,0.150953,0.9845608,-0.09002154,-0.1100387,-0.1021163
113408,0.0166667,52.471001977101,1.099798,0.142899,-0.3361735,0.5069514,-0.04861714,0.7928575,0.3346845,0.540143013000488,0.857439637184143,0.3665693,0.1534653,0.1545144,0.9849496,-0.08631642,-0.1113359,-0.1001404
113412,0.0225325,52.4935344774276,1.094511,0.1463275,-0.3355299,0.50642,-0.05043523,0.793052,0.3347591,0.550934314727783,0.869957387447357,0.3661735,0.1497977,0.157899,0.9849663,-0.08217404,-0.113956,-0.1005129
113416,0.0166677,52.5102021768689,1.091138,0.1500546,-0.3349435,0.5050067,-0.04786649,0.794715,0.3333242,0.607070565223694,0.944438099861145,0.3655298,0.1445114,0.1613275,0.9852902,-0.08105104,-0.1127934,-0.09955709
113418,0.0166671,52.5268692765385,1.088238,0.1527401,-0.3345931,0.5034421,-0.04562714,0.7967083,0.3312402,0.657695829868317,0.99084746837616,0.3649434,0.1411385,0.1650545,0.9848771,-0.07974833,-0.1149867,-0.1021537
113422,0.0166672,52.5435364767909,1.084983,0.1549768,-0.3340731,0.5031328,-0.04555844,0.7974904,0.3298346,0.675774812698364,1,0.364593,0.1382385,0.1677401,0.9844977,-0.07791772,-0.1167426,-0.1051869
113424,0.016667,52.5602034758776,1.08212,0.1575098,-0.3337677,0.5014788,-0.0445236,0.7989931,0.3288569,0.692034006118774,1,0.3640731,0.1349826,0.1699768,0.9844624,-0.07702918,-0.1164165,-0.1065249
113428,0.016667,52.5768704749644,1.078855,0.1595604,-0.3335562,-0.4998455,0.04592751,-0.8004034,-0.3277186,0.691530346870422,1,0.3637677,0.13212,0.1725098,0.9843023,-0.07517875,-0.1176707,-0.1079385
113432,0.0166677,52.5935381744057,1.075557,0.1621737,-0.3332494,-0.499039,0.04567183,-0.8017341,-0.3257248,0.707360684871674,1,0.3635562,0.1288554,0.1745604,0.9845524,-0.07250538,-0.1169121,-0.1083103
113436,0.016666,52.6102041751146,1.072076,0.1644754,-0.3325272,-0.4963235,0.04514376,-0.8045436,-0.3230089,0.707197487354279,1,0.3632494,0.1255566,0.1771737,0.9844695,-0.07090841,-0.1167491,-0.1102795
113438,0.0166667,52.6268708743155,1.069296,0.167393,-0.3315309,-0.4949756,0.04182524,-0.806583,-0.3204274,0.722452342510223,1,0.3625272,0.1220765,0.1794754,0.9843427,-0.06706285,-0.1174459,-0.1130421
113444,0.0166671,52.6435379739851,1.06691,0.1693617,-0.3306412,-0.4938229,0.03969869,-0.8084581,-0.3177395,0.726382553577423,1,0.3615309,0.1192965,0.182393,0.983694,-0.06564763,-0.1197494,-0.1170325
113446,0.0166661,52.6602040734142,1.064604,0.171709,-0.3298948,-0.4924513,0.0366435,-0.8104903,-0.3150467,0.704260587692261,1,0.3606411,0.1169097,0.1843617,0.9832292,-0.06402478,-0.120966,-0.1205342
113448,0.0166673,52.6768713742495,1.062888,0.1731013,-0.3293717,-0.4914347,0.03574555,-0.8115811,-0.3139271,0.684284567832947,1,0.3598948,0.1146036,0.186709,0.982582,-0.06247876,-0.1230179,-0.124481
113452,0.016667,52.6935383733362,1.060615,0.1748479,-0.3292267,-0.4915695,0.03410051,-0.8131209,-0.3098888,0.672212362289429,1,0.3593717,0.1128882,0.1881013,0.9823778,-0.06124194,-0.1237878,-0.1259367
113456,0.0166673,52.7102056741714,1.057687,0.1771098,-0.3287505,-0.4904799,0.03321159,-0.814582,-0.3078679,0.621414721012115,0.992352902889252,0.3592266,0.1106151,0.1898478,0.9818869,-0.06032445,-0.1234757,-0.1304337
113458,0.0166659,52.7268715742975,1.055419,0.1787343,-0.3283451,-0.4894669,0.03294632,-0.8156281,-0.3067369,0.606889128684998,0.980922102928162,0.3587504,0.1076866,0.1921098,0.9816272,-0.05865891,-0.1239228,-0.1327043
113462,0.016669,52.7435405738652,1.053484,0.1801693,-0.3278561,-0.4877589,0.03220133,-0.8170739,-0.3056872,0.600136637687683,0.974822223186493,0.358345,0.1054195,0.1937343,0.9815226,-0.05722359,-0.1241807,-0.1338582
113466,0.0166652,52.7602057736367,1.051435,0.1814044,-0.3273849,-0.4863035,0.03106501,-0.8186733,-0.3038389,0.599166035652161,0.968192279338837,0.3578561,0.1034841,0.1951693,0.9813306,-0.05524109,-0.1251808,-0.1351612
113468,0.0166672,52.7768729738891,1.049075,0.1829126,-0.3271604,-0.4852614,0.03036637,-0.8198826,-0.3023108,0.589189529418945,0.959531962871552,0.3573849,0.101435,0.1964044,0.9810145,-0.05334782,-0.1260594,-0.1373809
113472,0.0166666,52.7935395743698,1.047106,0.1845393,-0.3271675,-0.4848276,0.02927792,-0.821268,-0.2993391,0.588249385356903,0.96008163690567,0.3571604,0.09907538,0.1979126,0.9807923,-0.05187779,-0.1265167,-0.1390992
113474,0.016667,52.8102065734565,1.04458,0.1860172,-0.3266971,-0.4832846,0.02796488,-0.8225439,-0.2984551,0.584791123867035,0.961796641349792,0.3571675,0.09710628,0.1995393,0.9804062,-0.05062475,-0.1264314,-0.1423235
113478,0.0166672,52.8268737737089,1.042458,0.1873242,-0.3266255,-0.482995,0.02786016,-0.8232192,-0.2970689,0.585608661174774,0.966555893421173,0.3566971,0.09457964,0.2010172,0.9800928,-0.04908442,-0.1278596,-0.1437389
113482,0.0166668,52.8435405734926,1.040284,0.1882666,-0.3261874,0.482134,-0.02836246,0.8240956,0.295988,0.5876105427742,0.966709017753601,0.3566255,0.09245783,0.2023242,0.9799818,-0.04827784,-0.1275406,-0.1450458
113484,0.0166667,52.8602072726935,1.038289,0.1894346,-0.3262724,0.4813811,-0.02826372,0.8251595,0.2942538,0.584534883499146,0.968568563461304,0.3561874,0.09028417,0.2032667,0.9799991,-0.04678489,-0.1271311,-0.1457759
113488,0.0166689,52.876876173541,1.036282,0.1901086,-0.3263148,0.4807991,-0.02799463,0.8258562,0.2932747,0.580576479434967,0.965579926967621,0.3562723,0.08828861,0.2044346,0.9798565,-0.04535631,-0.12689,-0.1473873
113492,0.0166654,52.8935415726155,1.03389,0.1911989,-0.3262081,-0.4795574,0.02886029,-0.8268004,-0.2925625,0.576878905296326,0.962723433971405,0.3563147,0.0862816,0.2051086,0.9797317,-0.04445602,-0.1269964,-0.1483962
113496,0.0166678,52.9102093726397,1.031493,0.1922757,-0.3262201,-0.4779471,0.02847348,-0.8279881,-0.2918758,0.57832944393158,0.962922036647797,0.3562081,0.08389002,0.2061989,0.979831,-0.04258674,-0.1266216,-0.1486086
113498,0.0166665,52.9268758725375,1.028585,0.1931239,-0.3261806,-0.4764344,0.0282428,-0.8293127,-0.290608,0.58204048871994,0.959681630134583,0.3562201,0.08149344,0.2072756,0.9796863,-0.04075564,-0.1274207,-0.1493913
113502,0.0166671,52.9435429722071,1.026719,0.1935788,-0.3258697,-0.475026,0.02812883,-0.830696,-0.2889693,0.578841865062714,0.958507299423218,0.3561806,0.07858497,0.2081239,0.9795263,-0.03875691,-0.1278217,-0.1506249
113506,0.0166667,52.9602096714079,1.024807,0.1935673,-0.3255946,-0.474096,0.0277515,-0.8317448,-0.2875124,0.585771143436432,0.966457784175873,0.3558697,0.07671863,0.2085788,0.9793573,-0.03669154,-0.1279342,-0.1521375
113508,0.0166668,52.9768764711916,1.022544,0.1942483,-0.3250484,-0.4728415,0.02706056,-0.8332731,-0.2852101,0.600160896778107,0.981358051300049,0.3555945,0.07480723,0.2085673,0.9791561,-0.03528797,-0.1280994,-0.1536183
113512,0.016667,52.9935434702784,1.021329,0.1940072,-0.3252238,-0.4724925,0.02617666,-0.8341613,-0.2832676,0.600728631019592,0.980422139167786,0.3550483,0.0725438,0.2092483,0.978817,-0.03333212,-0.1283317,-0.1560043
113514,0.016667,53.0102104693651,1.018871,0.1950883,-0.324825,-0.4710926,0.02575888,-0.835412,-0.2819489,0.599024176597595,0.986903131008148,0.3552238,0.0713293,0.2090072,0.9784831,-0.03252984,-0.1284299,-0.1581724
113518,0.0166666,53.0268770698458,1.017254,0.1950962,-0.3249266,0.4702474,-0.02788483,0.8363447,0.2803877,0.589645683765411,0.984807908535004,0.354825,0.06887108,0.2100883,0.9782596,-0.03070804,-0.1288984,-0.159532
113522,0.0166675,53.0435445699841,1.014544,0.1959269,-0.3244849,-0.4686205,0.03036908,-0.8376658,-0.278906,0.573989510536194,0.977437853813171,0.3549266,0.06725365,0.2100962,0.9785134,-0.02853262,-0.1269991,-0.1599025
113526,0.0166667,53.0602112691849,1.013215,0.1955568,-0.3246923,-0.4689788,0.03306579,-0.8379574,-0.2771156,0.573177993297577,0.973311424255371,0.3544849,0.0645445,0.2109269,0.9788111,-0.02545606,-0.125212,-0.1600087
113528,0.0166671,53.0768783688545,1.010651,0.1962207,-0.324253,0.4679039,-0.0337567,0.8389216,0.2759295,0.56220817565918,0.95630019903183,0.3546923,0.06321508,0.2105568,0.979169,-0.02427503,-0.1222011,-0.1603298
113532,0.0166655,53.0935438685119,1.009052,0.1955739,-0.3242477,0.4680734,-0.03763622,0.8386487,0.2759698,0.552689850330353,0.95204621553421,0.354253,0.06065112,0.2112207,0.9791594,-0.02248516,-0.121688,-0.1610382
113536,0.0166691,53.1102129686624,1.005625,0.1952534,-0.3244979,0.4690385,-0.04417613,0.8379481,0.2754894,0.544514179229736,0.952851295471191,0.3542476,0.05905181,0.2105739,0.9798795,-0.02140587,-0.1185495,-0.1591351
113540,0.0181237,53.1283366680145,1.00188,0.196116,-0.3237579,-0.4666967,0.04696126,-0.839511,-0.2742446,0.545197427272797,0.947544157505035,0.3544979,0.05562478,0.2102534,0.981032,-0.02011217,-0.1127143,-0.1564201
113542,0.0166672,53.1450038682669,0.9994611,0.196296,-0.3237557,-0.4663986,0.05123511,-0.8396404,-0.2735897,0.547844052314758,0.946167469024658,0.3537579,0.0518797,0.211116,0.9813327,-0.0163091,-0.1111031,-0.1561293
113546,0.0166667,53.1616705674678,0.9951812,0.196003,-0.3239612,0.4637616,-0.05505732,0.8406135,0.2743407,0.550090730190277,0.947691857814789,0.3537557,0.04946107,0.211296,0.9819931,-0.01438771,-0.1075804,-0.154625
113548,0.0166678,53.178338367492,0.9919352,0.1961416,-0.3237461,-0.4615432,0.05440978,-0.8418384,-0.274455,0.583634674549103,0.952119827270508,0.3539612,0.04518121,0.2110031,0.9826122,-0.01070119,-0.1060645,-0.1520169
113552,0.0168006,53.1951389666647,0.9873929,0.1966162,-0.323871,-0.4585715,0.05380243,-0.8436567,-0.2739724,0.589718818664551,0.956600666046143,0.3537461,0.04193521,0.2111415,0.9824343,-0.008640588,-0.1076617,-0.152175
113556,0.0166704,53.2118093669415,0.9830826,0.1974505,-0.3238176,0.456003,-0.05398972,0.8452131,0.2734252,0.611499488353729,0.969092547893524,0.3538709,0.03739291,0.2116162,0.9821703,-0.005569059,-0.1093389,-0.152825
113560,0.0166652,53.228474566713,0.9773446,0.1980326,-0.3240024,-0.4539759,0.05663845,-0.8461922,-0.273234,0.621852338314056,0.969746828079224,0.3538176,0.0330826,0.2124505,0.9820394,-0.002645682,-0.1101664,-0.1531505
113562,0.0166665,53.2451410666108,0.972566,0.1990245,-0.3239622,-0.4518194,0.05565519,-0.847743,-0.2722015,0.654618620872498,0.980310559272766,0.3540024,0.02734458,0.2130326,0.9823664,0.0003620879,-0.1089187,-0.1519633
113566,0.0166671,53.2618081662804,0.9668398,0.1994639,-0.3247878,0.4506942,-0.05946418,0.8483014,0.271521,0.670578002929688,0.995124936103821,0.3539622,0.02256602,0.2140245,0.9820014,0.00265842,-0.110292,-0.1533035
113570,0.0166668,53.2784749660641,0.9625432,0.2002921,-0.3251436,-0.4477582,0.05982352,-0.8498446,-0.2714739,0.700961887836456,1,0.3547878,0.0168398,0.2144639,0.9825017,0.0052723,-0.107502,-0.1520065
113574,0.0166667,53.295141665265,0.9579411,0.2011098,-0.3265311,-0.4492501,0.06788363,-0.8488107,-0.2703456,0.711564481258392,1,0.3551436,0.01254326,0.2152921,0.9823998,0.008428928,-0.1085534,-0.1517755
113576,0.016666,53.3118076659739,0.9499778,0.2015738,-0.32839,-0.4481793,0.0659272,-0.8507755,-0.266402,0.782567322254181,1,0.356531,0.007941067,0.2161098,0.9836416,0.009822864,-0.100969,-0.1488559
113582,0.0259915,53.3377991653979,0.9450783,0.2015323,-0.3266809,0.4431221,-0.06391248,0.8533765,0.267033,0.785696744918823,1,0.35839,-2.223253E-05,0.2165738,0.9828857,0.01175462,-0.1014562,-0.1533107
113584,0.0180693,53.3558684661984,0.9410957,0.2021512,-0.3267763,-0.4412809,0.06455977,-0.8545692,-0.2661105,0.769437372684479,1,0.3566808,-0.004921675,0.2165323,0.9823422,0.0160954,-0.105651,-0.1535663
113588,0.016668,53.3725364655256,0.9368957,0.2020733,-0.3266832,0.4390827,-0.06681163,0.8554779,0.266271,0.779683947563171,1,0.3567763,-0.008904278,0.2171512,0.9822356,0.01852011,-0.1056111,-0.154002
113590,0.0166669,53.3892033658922,0.9339843,0.2021032,-0.3266948,-0.4375696,0.06698802,-0.856329,-0.2659816,0.834145545959473,1,0.3566832,-0.01310426,0.2170733,0.9824637,0.021415,-0.104883,-0.1526633
113594,0.0166677,53.4058710653335,0.9302108,0.2014767,-0.3265871,0.4354587,-0.06921154,0.8572828,0.265804,0.854137241840363,1,0.3566948,-0.01601571,0.2171033,0.9823608,0.02312217,-0.1053198,-0.1527755
113598,0.0166661,53.4225371647626,0.9264367,0.2014743,-0.3267517,-0.4334131,0.0709769,-0.8586014,-0.2644221,0.872524499893188,1,0.3565871,-0.01978922,0.2164767,0.9825414,0.02603304,-0.1044353,-0.1517493
113602,0.0166668,53.4392039645463,0.9226684,0.2015179,-0.326849,-0.4316445,0.07131997,-0.8600474,-0.2625167,0.879409074783325,1,0.3567517,-0.02356333,0.2164743,0.9825205,0.02916501,-0.103403,-0.1520218
113604,0.0176169,53.4568208642304,0.9192711,0.2014774,-0.3267768,-0.4296971,0.07118041,-0.861429,-0.2612163,0.881122767925262,1,0.356849,-0.02733159,0.2165179,0.9822387,0.03175854,-0.1031717,-0.1534735
113610,0.0189907,53.4758115634322,0.9143679,0.2013006,-0.3271141,-0.4290191,0.0746686,-0.8619985,-0.2594721,0.88186126947403,1,0.3567767,-0.03072888,0.2164774,0.9819285,0.03416337,-0.1036495,-0.1546158
113612,0.0166672,53.4924787636846,0.9113451,0.2011854,-0.3269994,0.4284253,-0.07565459,0.8626114,0.2581275,0.897047400474548,1,0.3571141,-0.03563213,0.2163007,0.9822075,0.03655102,-0.1004605,-0.1544027
113616,0.0166685,53.5091472640634,0.9082363,0.201216,-0.3270487,-0.429121,0.0769042,-0.8627783,-0.2560362,0.893829643726349,1,0.3569993,-0.03865492,0.2161854,0.9821563,0.03793676,-0.09939877,-0.1550796
113618,0.0166665,53.5258137639612,0.905481,0.2012151,-0.3270427,-0.4280954,0.07745823,-0.8638566,-0.2539414,0.902624070644379,1,0.3570487,-0.04176372,0.216216,0.9821562,0.03835728,-0.09723663,-0.1563426
113624,0.023217,53.5490307640284,0.9017888,0.2006591,-0.3267241,-0.4277448,0.07792217,-0.8643993,-0.2525398,0.908649265766144,1,0.3570426,-0.04451895,0.2162151,0.9819136,0.04031136,-0.09641358,-0.1578773
113626,0.0196843,53.5687150638551,0.8979825,0.2004672,-0.3263916,0.4262396,-0.07881327,0.8656732,0.2504361,0.919669508934021,1,0.3567241,-0.04821116,0.2156591,0.9817882,0.0413046,-0.0956344,-0.1588711
113630,0.0166686,53.585383662954,0.8955015,0.2001954,-0.3259543,-0.4247552,0.07897187,-0.8666446,-0.2495471,0.92256623506546,1,0.3563916,-0.05201751,0.2154672,0.9815444,0.04384486,-0.09475219,-0.1602193
113634,0.0166662,53.6020498629659,0.8935394,0.2002601,-0.3258592,-0.4245636,0.07942145,-0.8670941,-0.2481647,0.934901535511017,1,0.3559543,-0.05449849,0.2151954,0.9813369,0.04570957,-0.09493884,-0.1608576
113636,0.0166672,53.6187170632184,0.8911519,0.1998058,-0.3257564,-0.4239122,0.07933122,-0.8679152,-0.2464312,0.956911444664001,1,0.3558592,-0.05646056,0.2152601,0.9812165,0.04652562,-0.09410451,-0.1618451
113640,0.0166677,53.6353847626597,0.8896416,0.1998536,-0.3255463,-0.4233491,0.07839285,-0.8687372,-0.2447977,0.951677262783051,1,0.3557564,-0.05884808,0.2148058,0.9809331,0.04776405,-0.09376924,-0.1633895
113642,0.0166662,53.6520509626716,0.88773,0.1992335,-0.3253278,0.4223365,-0.0795899,0.8692599,0.2443045,0.946560323238373,1,0.3555463,-0.06035835,0.2148536,0.9805428,0.0486172,-0.0941146,-0.1652717
113646,0.0166674,53.6687183622271,0.8864267,0.1991384,-0.3248422,-0.4233413,0.07956932,-0.868895,-0.2438696,0.933029770851135,1,0.3553277,-0.06226999,0.2142335,0.9805669,0.05017781,-0.09341156,-0.1650607
113650,0.0166664,53.6853847615421,0.8843876,0.198882,-0.3246439,-0.4225718,0.07945336,-0.8695756,-0.242814,0.909049868583679,1,0.3548422,-0.06357324,0.2141383,0.9805951,0.04930715,-0.09279606,-0.165502
113654,0.0166669,53.7020516619086,0.8835835,0.1987899,-0.3241059,0.4235213,-0.07837744,0.8694862,0.2418274,0.903660714626312,1,0.3546439,-0.06561238,0.213882,0.9803766,0.05041648,-0.0928084,-0.1664529
113656,0.0166724,53.7187240626663,0.8817373,0.1983226,-0.3236768,0.4221062,-0.07811216,0.8705726,0.2404753,0.891746878623962,1,0.3541058,-0.06641644,0.2137899,0.9801743,0.04947064,-0.09284075,-0.1679034
113660,0.0166621,53.7353861629963,0.88094,0.1984265,-0.3235087,0.4232826,-0.07659989,0.8703583,0.239668,0.902490139007568,1,0.3536768,-0.0682627,0.2133226,0.9798365,0.0512879,-0.0931438,-0.1691577
113666,0.0236044,53.7589905634522,0.8794324,0.197482,-0.3234222,0.4252948,-0.07961395,0.8691194,0.2396196,0.905898451805115,1,0.3535087,-0.06905997,0.2134265,0.9796102,0.04991545,-0.09349586,-0.1706775
113670,0.0166676,53.7756581641734,0.877309,0.1969962,-0.3234047,-0.424961,0.08068721,-0.8695794,-0.2381792,0.898235321044922,1,0.3534222,-0.07056755,0.212482,0.9802165,0.04881809,-0.09014419,-0.1693119
113672,0.0166669,53.7923250645399,0.8764915,0.1965598,-0.3234638,-0.4248243,0.08208218,-0.8694049,-0.2385834,0.895244538784027,1,0.3534046,-0.07269096,0.2119962,0.9801528,0.04997977,-0.08884577,-0.1700262
113676,0.0166688,53.8089938648045,0.8754764,0.1960655,-0.3235472,-0.4255948,0.08274388,-0.8690616,-0.2382323,0.894035041332245,1,0.3534638,-0.07350844,0.2115598,0.980395,0.05040253,-0.08795154,-0.1689672
113678,0.0166649,53.8256587646902,0.874323,0.1955253,-0.3234814,-0.4254967,0.08347615,-0.8692604,-0.2374254,0.89539098739624,1,0.3535471,-0.07452363,0.2110655,0.9805074,0.04994456,-0.08692684,-0.1689806
113682,0.0166682,53.842326965183,0.8734647,0.1948815,-0.3234304,-0.4256361,0.08588865,-0.8688815,-0.2377018,0.897679448127747,1,0.3534813,-0.07567698,0.2105253,0.9804956,0.05054373,-0.08605317,-0.1693183
113684,0.0166668,53.8589937649667,0.8724213,0.1943841,-0.3234626,-0.4257886,0.08790551,-0.8690369,-0.2361178,0.899545133113861,1,0.3534304,-0.07653528,0.2098815,0.9808828,0.05103606,-0.08416186,-0.1678726
113690,0.0166666,53.8756603654474,0.8716273,0.1936757,-0.3236207,-0.4266272,0.08868964,-0.8685811,-0.235988,0.901442110538483,1,0.3534626,-0.07757872,0.2093841,0.9809623,0.05203345,-0.08182202,-0.1682579
113692,0.0166661,53.8923264648765,0.8705548,0.1930876,-0.3235862,-0.4265724,0.0903214,-0.8685691,-0.2355119,0.900940358638763,1,0.3536206,-0.07837266,0.2086757,0.981122,0.05146411,-0.08075678,-0.1680164
113696,0.0166679,53.9089943654835,0.8697367,0.1924583,-0.3236358,0.4264223,-0.09083158,0.8687668,0.2348571,0.897043287754059,1,0.3535861,-0.07944518,0.2080877,0.9812751,0.05217182,-0.07927236,-0.1676105
113698,0.0166658,53.9256601650268,0.8688225,0.1921134,-0.3236091,-0.4262443,0.09164873,-0.8689184,-0.2343017,0.902854859828949,1,0.3536358,-0.08026332,0.2074582,0.9812428,0.05270099,-0.07866168,-0.1679212
113702,0.0166688,53.9423289652914,0.8682551,0.1914503,-0.3237927,0.4266038,-0.09261434,0.8684143,0.2351349,0.91291218996048,1,0.353609,-0.08117753,0.2071134,0.9812623,0.0533156,-0.07785656,-0.1679885
113708,0.0231313,53.9654602650553,0.8674956,0.1907222,-0.3240559,0.4289699,-0.09442869,0.8671121,0.2349138,0.924466013908386,1,0.3537927,-0.08174491,0.2064503,0.9815343,0.05295352,-0.0772554,-0.1667871
113710,0.0170679,53.9825281649828,0.8661771,0.1902681,-0.3242366,0.4289894,-0.09541424,0.8671035,0.234512,0.949253678321838,1,0.3540559,-0.08250439,0.2057222,0.9819366,0.05116964,-0.07462604,-0.1661723
113714,0.0166716,53.9991997648031,0.8660221,0.1905656,-0.3243639,-0.4296643,0.09168416,-0.8670375,-0.2350075,0.949253678321838,1,0.3542366,-0.08382285,0.2052681,0.9820127,0.05158008,-0.07365748,-0.1660277
113716,0.0166723,54.0158720649779,0.8657957,0.1903461,-0.3247182,-0.4320136,0.09166719,-0.8658016,-0.2352637,0.984132468700409,1,0.3543639,-0.08397794,0.2055656,0.9816405,0.04961666,-0.07656245,-0.1675063
113720,0.0166606,54.0325326658785,0.865628,0.1899606,-0.3254743,0.4334413,-0.09165671,0.864603,0.2370433,0.994606614112854,1,0.3547182,-0.08420432,0.2053461,0.9818557,0.04713703,-0.0756111,-0.1673931
113722,0.0166691,54.049201766029,0.8652278,0.1896604,-0.3258747,-0.4339973,0.09370305,-0.8637934,-0.2381745,0.994604766368866,1,0.3554743,-0.08437198,0.2049606,0.9822003,0.04506896,-0.07569518,-0.1658966
113726,0.0166661,54.0658678654581,0.8642948,0.1899303,-0.3265744,0.434765,-0.09773413,0.8624356,0.240067,1,1,0.3558747,-0.08477223,0.2046604,0.9826626,0.04472113,-0.07425213,-0.1638929
113730,0.016669,54.0825368650258,0.8637099,0.1897712,-0.3264978,-0.4332452,0.09943322,-0.8627865,-0.2408548,1,1,0.3565744,-0.08570516,0.2049304,0.9834891,0.044476,-0.07141765,-0.1602205
113734,0.0166649,54.0992017649114,0.8629092,0.1897135,-0.3273335,-0.434458,0.1046986,-0.8612199,-0.242043,1,1,0.3564978,-0.08629012,0.2047713,0.9836956,0.0462506,-0.07105909,-0.1586017
113736,0.0166682,54.1158699654043,0.8620156,0.1895044,-0.327847,0.4336058,-0.1075145,0.8612252,0.2423179,1,1,0.3573335,-0.08709079,0.2047135,0.9845891,0.04614076,-0.06672841,-0.154928
113740,0.0166657,54.1325356662273,0.8611714,0.1897067,-0.3279575,0.430633,-0.1065681,0.861877,0.2456961,1,1,0.357847,-0.08798438,0.2045044,0.9849006,0.04773007,-0.06494826,-0.1532136
113744,0.0166677,54.1492033656687,0.8598667,0.1900164,-0.327804,0.4287044,-0.1077997,0.8621354,0.2476175,1,1,0.3579575,-0.08882862,0.2047067,0.9849908,0.04930274,-0.06844332,-0.1505918
113748,0.0258284,54.1750317662954,0.8597153,0.1904483,-0.3275358,0.4259787,-0.1086484,0.8630116,0.2488947,1,1,0.3578039,-0.09013331,0.2050164,0.9852265,0.05094612,-0.06910295,-0.1481827
113752,0.0166672,54.1916989665478,0.8587182,0.1899372,-0.327877,-0.421867,0.1190744,-0.8638729,-0.2481394,1,1,0.3575358,-0.09028465,0.2054483,0.9852667,0.05350922,-0.07017232,-0.1464994
113756,0.0166686,54.2083675656468,0.8581004,0.1882646,-0.3292815,0.4114254,-0.1213218,0.8710174,0.2394554,1,1,0.357877,-0.09128183,0.2049372,0.9860163,0.06092061,-0.06326714,-0.141626
113758,0.0166655,54.2250330653042,0.8592029,0.186628,-0.3292385,0.4093845,-0.1205745,0.8761853,0.2239765,0.847619771957397,1,0.3592815,-0.09189963,0.2032645,0.9842013,0.07510319,-0.06262476,-0.1475994
113760,0.0166688,54.2417018655688,0.8621209,0.1859177,-0.3315468,0.4302118,-0.1580099,0.8647326,0.2053977,0.269094467163086,0.983696699142456,0.3592385,-0.09079707,0.201628,0.9817538,0.08221212,-0.05780417,-0.161429
113764,0.016667,54.2583688646555,0.861501,0.1874545,-0.3340966,0.4417849,-0.1850522,0.8549736,0.1990026,0,0.144236356019974,0.3615468,-0.08787906,0.2009177,0.9841713,0.07758009,-0.01007156,-0.159018
113768,0.0166707,54.2750395648181,0.8611831,0.1890143,-0.3382769,0.457039,-0.2175798,0.8428729,0.182592,0,0,0.3640966,-0.08849901,0.2024546,0.9855726,0.07473706,0.02024039,-0.1505034
113772,0.0183001,54.2933396641165,0.8619929,0.189172,-0.3397151,-0.4634953,0.2205424,-0.8414633,-0.1687382,0,0,0.3682768,-0.08881688,0.2040143,0.9845675,0.07199252,0.06131801,-0.1472549
113776,0.0175116,54.310851264745,0.8605573,0.1904083,-0.3422308,-0.4630399,0.2332503,-0.840218,-0.1588145,0,0,0.3697151,-0.08800709,0.204172,0.9823079,0.07030741,0.07266423,-0.1576325
113778,0.0166667,54.3275179639459,0.8602595,0.1906438,-0.3442327,-0.4634924,0.2405901,-0.8390725,-0.1524747,0,0,0.3722307,-0.08944273,0.2054083,0.9804239,0.07664955,0.08736997,-0.1589353
113782,0.0169793,54.3444972634315,0.8601697,0.1903171,-0.3443742,0.4601476,-0.2439607,0.8406501,0.1485086,0,0,0.3742327,-0.08974046,0.2056438,0.9791249,0.07968464,0.09648895,-0.160171
113784,0.0166668,54.3611640632153,0.8606316,0.1907818,-0.345932,0.4649164,-0.2667133,0.8335803,0.1336443,0,0,0.3743742,-0.08983028,0.2053171,0.9781492,0.0850734,0.09947904,-0.1615261
113792,0.0218955,54.3830595631152,0.86204,0.1908953,-0.3458038,0.4672747,-0.2551447,0.8368537,0.1274034,0,0,0.375932,-0.0893684,0.2057818,0.9746035,0.0891621,0.1274413,-0.1611119
113794,0.0184164,54.4014759622514,0.8623266,0.1908093,-0.3458318,0.4677763,-0.2526608,0.8375162,0.1261524,0,0,0.3758038,-0.08795995,0.2058953,0.9735941,0.08617607,0.1214059,-0.1730574
113796,0.0166687,54.4181446619332,0.8624387,0.1906863,-0.3456719,-0.4674654,0.2515265,-0.8380584,-0.1259706,0,0,0.3758318,-0.08767343,0.2058093,0.9733747,0.0855005,0.1200754,-0.1755374
113800,0.016667,54.4348116610199,0.8620743,0.1910639,-0.3459933,-0.467841,0.252588,-0.8377475,-0.1245125,0,0,0.3756719,-0.08756131,0.2056863,0.9733451,0.08564264,0.1190462,-0.1763312
113802,0.0166666,54.4514782615006,0.8619758,0.1910063,-0.3467045,-0.4682637,0.2553214,-0.8367588,-0.1239955,0,0,0.3759932,-0.08792567,0.2060639,0.9730002,0.08588798,0.1207573,-0.1769505
113808,0.0166676,54.4681458622217,0.8630223,0.1902277,-0.3458449,-0.4680355,0.2538399,-0.8377863,-0.1209216,0,0,0.3767044,-0.08802414,0.2060063,0.9728359,0.08615669,0.1235016,-0.1758259
113810,0.016666,54.4848118629307,0.8634439,0.1902468,-0.3456671,0.4692238,-0.252631,0.8379443,0.1177111,0,0,0.3758448,-0.08697766,0.2052277,0.9721448,0.08696703,0.1234759,-0.1792343
113814,0.017015,54.5018268637359,0.8639972,0.1906278,-0.3453439,-0.469675,0.2522924,-0.8379219,-0.1167942,0,0,0.3756671,-0.08655614,0.2052468,0.9714462,0.08638546,0.1244082,-0.1826269
113816,0.020262,54.5220888629556,0.8644264,0.1904446,-0.3452248,-0.4718042,0.2541531,-0.8364149,-0.1149663,0,0,0.3753439,-0.08600283,0.2056278,0.9712474,0.0861025,0.1247332,-0.1835935
113820,0.0170316,54.5391204636544,0.8650745,0.1904161,-0.3451364,0.4739305,-0.2529903,0.8359281,0.1122945,0,0,0.3752248,-0.08557355,0.2054446,0.9708299,0.08477275,0.1281119,-0.1840933
113824,0.0177572,54.556877663359,0.865469,0.1905072,-0.345722,-0.4761254,0.2536758,-0.8348183,-0.109689,0,0,0.3751364,-0.08492547,0.2054161,0.9702618,0.08305431,0.1292944,-0.1870215
113828,0.0189505,54.5758281629533,0.865784,0.190187,-0.3454227,-0.4770578,0.2577353,-0.8331463,-0.1088838,0,0,0.375722,-0.08453101,0.2055072,0.9696612,0.08161888,0.1320528,-0.1888322
113834,0.0206546,54.5964827630669,0.8657039,0.1908147,-0.3444234,-0.4794637,0.2538524,-0.833183,-0.1071435,0,0,0.3754226,-0.084216,0.205187,0.969387,0.08169233,0.1362958,-0.1871864
113836,0.0244532,54.6209359634668,0.8658816,0.1906265,-0.344146,-0.4813375,0.2544654,-0.8319868,-0.1065807,0,0,0.3744233,-0.08429611,0.2058147,0.969094,0.07885221,0.1348956,-0.1908989
113840,0.0166676,54.6376035641879,0.8663561,0.1907668,-0.3441058,0.484045,-0.2557304,0.830017,0.1066498,0,0,0.374146,-0.08411843,0.2056265,0.9689701,0.07716017,0.1365495,-0.1910435
113844,0.0166679,54.6542714647949,0.8671645,0.1907708,-0.3438084,0.4839819,-0.2564993,0.8297122,0.1074589,0,0,0.3741057,-0.08364391,0.2057668,0.9689906,0.07454307,0.1388761,-0.1903
113846,0.016665,54.6709364652634,0.8674534,0.1908529,-0.3438514,-0.4848112,0.256534,-0.8292956,-0.1068513,0,0,0.3738084,-0.0828355,0.2057708,0.96917,0.07454184,0.1391444,-0.1891871
113852,0.0166685,54.6876049656421,0.8680096,0.1911529,-0.3440191,-0.4880825,0.2543956,-0.8281773,-0.105739,0,0,0.3738513,-0.08254659,0.2058529,0.9690277,0.07384119,0.1398341,-0.1896819
113854,0.0185167,54.7061216663569,0.8684433,0.190878,-0.3441907,-0.4893657,0.2538348,-0.827634,-0.1054097,0,0,0.3740191,-0.08199036,0.2061529,0.9688308,0.07025351,0.1400581,-0.1918729
113858,0.0166712,54.7227928657085,0.8687911,0.1905602,-0.3439115,0.4909704,-0.2530554,0.8270473,0.1044211,0,0,0.3741907,-0.08155674,0.205878,0.9687689,0.06887067,0.1403365,-0.1924823
113860,0.0177696,54.7405624650419,0.8691511,0.1904915,-0.3440485,0.4914604,-0.2533921,0.8266498,0.1044474,0,0,0.3739115,-0.08120888,0.2055602,0.9685469,0.06728256,0.1408729,-0.1937649
113864,0.0166669,54.7572293654084,0.8693073,0.1905927,-0.3440458,-0.4915675,0.254952,-0.8259318,-0.1058185,0,0,0.3740485,-0.08084893,0.2054915,0.9685466,0.06682428,0.1413808,-0.1935549
113868,0.017656,54.7748853657395,0.869299,0.1909043,-0.3442098,0.492358,-0.2551325,0.8254002,0.1058564,0,0,0.3740457,-0.08069271,0.2055927,0.9688488,0.06664983,0.1421548,-0.1915253
113872,0.0166683,54.7915536649525,0.8690519,0.1912733,-0.3445873,0.4941709,-0.2536655,0.8246845,0.1065105,0,0,0.3742098,-0.08070099,0.2059043,0.9688541,0.06583655,0.1426684,-0.1913977
113878,0.024241,54.8157946653664,0.8690593,0.1909951,-0.3449762,-0.4949583,0.2548956,-0.8237613,-0.1070604,0,0,0.3745873,-0.08094805,0.2062733,0.9690503,0.06343009,0.1419986,-0.191715
113880,0.0178972,54.8336918652058,0.8690981,0.1906514,-0.3451822,0.4953307,-0.256057,0.8230119,0.1083221,0,0,0.3749761,-0.08094066,0.2059951,0.9691527,0.06269023,0.143179,-0.1905591
113882,0.0166679,54.8503597658128,0.8691238,0.1904844,-0.3454339,-0.4957073,0.2567511,-0.8224697,-0.1090729,0,0,0.3751822,-0.08090186,0.2056514,0.96943,0.06217842,0.1437909,-0.1888479
113886,0.016667,54.8670267648995,0.8693855,0.19028,-0.3456808,0.4956626,-0.2568566,0.8226352,0.1077713,0,0,0.3754339,-0.08087617,0.2054844,0.9695925,0.06170843,0.1442321,-0.1878285
113890,0.0166667,54.8836934641004,0.8697071,0.1896366,-0.3457697,-0.4963506,0.2575113,-0.8219934,-0.1079386,0,0,0.3756808,-0.08061445,0.20528,0.9692718,0.06213958,0.1448717,-0.1888468
113892,0.0166689,54.9003623649478,0.8696769,0.1897287,-0.3458688,0.497157,-0.2577137,0.8214983,0.1075135,0,0,0.3757697,-0.08029288,0.2046366,0.9692907,0.0614919,0.1456847,-0.1883356
113898,0.0166656,54.917027965188,0.8700225,0.1893528,-0.3441803,0.4993406,-0.2536731,0.8217139,0.1053336,0,0,0.3758688,-0.08032304,0.2047287,0.9691758,0.06079123,0.1464295,-0.1885767
113900,0.0170422,54.9340701643378,0.870963,0.1886158,-0.3445453,0.5013494,-0.2551205,0.8201578,0.1044199,0,0,0.3741803,-0.07997751,0.2043528,0.9687321,0.0582493,0.1449952,-0.1927213
113902,0.0166682,54.9507383648306,0.8717349,0.1885045,-0.3447244,-0.5034388,0.2553554,-0.8190485,-0.1024827,0,0,0.3745453,-0.07903701,0.2036158,0.968448,0.05664917,0.1475918,-0.1926549
113906,0.0166652,54.9674035646021,0.8724483,0.1882668,-0.3444139,0.5058685,-0.2539436,0.8183916,0.09922237,0,0,0.3747244,-0.07826507,0.2035045,0.9679332,0.05499521,0.1496479,-0.19413
113910,0.016668,54.9840715639293,0.873704,0.1872509,-0.3440037,-0.5081416,0.2543437,-0.8170009,-0.09803559,0,0,0.3744138,-0.07755166,0.2032668,0.9671152,0.05300049,0.1510526,-0.1976423
113914,0.0166662,55.0007377639413,0.8749807,0.1876844,-0.3437458,0.5108596,-0.2553245,0.8155622,0.09322071,0,0,0.3740037,-0.07629597,0.2022509,0.9667624,0.05096592,0.1530122,-0.1983942
113918,0.0166841,55.0174218639731,0.8775817,0.1872976,-0.3432021,-0.5125211,0.2544838,-0.814997,-0.09132312,0,0,0.3737458,-0.0750193,0.2026844,0.9654448,0.0495484,0.1572878,-0.2017967
113920,0.0166481,55.0340699646622,0.8797556,0.1862723,-0.3431099,0.5149333,-0.255157,0.8132334,0.09159801,0,0,0.3732021,-0.07241827,0.2022976,0.9649369,0.04810153,0.1582161,-0.2038399
113922,0.0166693,55.0507392641157,0.8819219,0.185769,-0.3426907,-0.5166065,0.2544878,-0.8125545,-0.09004994,0,0,0.3731099,-0.07024437,0.2012723,0.9649241,0.04556184,0.1598356,-0.2032195
113926,0.0166665,55.0674057640135,0.8847854,0.1849978,-0.3419776,-0.5198786,0.2525051,-0.8111995,-0.08901057,0,0,0.3726907,-0.06807804,0.200769,0.9644912,0.04403658,0.1607635,-0.2048718
113930,0.0166692,55.0840749647468,0.888339,0.1838361,-0.3419134,-0.5235621,0.2505451,-0.8095331,-0.08812604,0,0,0.3719776,-0.06521463,0.1999978,0.9641684,0.04037579,0.1611272,-0.2068509
113934,0.0166644,55.1007393654436,0.8924105,0.1822661,-0.3414505,-0.5260797,0.2492999,-0.8081654,-0.08921097,0,0,0.3719134,-0.06166101,0.1988361,0.9638525,0.03622164,0.1616464,-0.208679
113936,0.016667,55.1174063645303,0.8964961,0.1808987,-0.3412618,0.5294726,-0.2491529,0.8059098,0.08995056,0,0,0.3714505,-0.05758947,0.1972661,0.964065,0.032942,0.1613353,-0.2084812
113940,0.0166672,55.1340735647827,0.9001154,0.1799219,-0.3410054,-0.5335364,0.248643,-0.8032514,-0.09112021,0,0,0.3712618,-0.05350393,0.1958987,0.9641092,0.02901831,0.1625425,-0.2079217
113942,0.0166662,55.1507397647947,0.9042592,0.1787724,-0.3411717,0.53711,-0.2483216,0.8009107,0.09160476,0,0,0.3710054,-0.04988462,0.1949219,0.9642221,0.02416133,0.1635849,-0.2072003
113946,0.0166673,55.16740706563,0.908519,0.1774555,-0.3408839,-0.5421208,0.2478484,-0.7976293,-0.09199844,0,0,0.3711716,-0.04574078,0.1937724,0.9641575,0.02005098,0.1648559,-0.2069317
113950,0.016668,55.1840750649571,0.9131554,0.1761983,-0.3413287,0.5449516,-0.2494077,0.7950315,0.09353372,0,0,0.3708839,-0.04148102,0.1924555,0.9639634,0.01434182,0.1667539,-0.2067898
113954,0.0166661,55.2007411643863,0.9179968,0.1749425,-0.3401492,0.546519,-0.2466662,0.7939762,0.1003727,0,0,0.3713287,-0.03684455,0.1911983,0.964123,0.01111908,0.1688047,-0.2045687
113958,0.0166663,55.2174074649811,0.9239637,0.1740582,-0.339692,-0.5510751,0.2436389,-0.7912064,-0.1046365,0,0,0.3701492,-0.03200322,0.1899426,0.9658118,0.006963033,0.1642337,-0.2004652
113962,0.0250484,55.2424558643252,0.9298864,0.1736295,-0.3389255,-0.5510159,0.247035,-0.7886238,-0.115878,0,0,0.3696919,-0.02603626,0.1890582,0.9665977,0.0001228628,0.1620529,-0.1985645
113964,0.0166687,55.2591245640069,0.9339243,0.1718968,-0.3385328,-0.5514934,0.2512298,-0.784919,-0.1289992,0,0,0.3689254,-0.02011359,0.1886295,0.96919,-0.002293459,0.1599978,-0.1872597
113968,0.0166666,55.2757911644876,0.9388352,0.1710108,-0.3378618,0.5552101,-0.2583682,0.7776073,0.142529,0,0,0.3685328,-0.01607573,0.1868968,0.9719805,-0.005784646,0.1581197,-0.1738354
113972,0.0166667,55.2924578636885,0.9427846,0.1699095,-0.3375916,0.5552554,-0.2620873,0.7740099,0.1546303,0,0,0.3678617,-0.01116478,0.1860108,0.9742392,-0.01256468,0.160264,-0.1581633
113976,0.016667,55.3091248627752,0.9470642,0.1691614,-0.3358542,0.5532275,-0.2665534,0.7706167,0.170407,0,0,0.3675916,-0.007215381,0.1849095,0.9764541,-0.01561138,0.1583163,-0.1457039
113978,0.0166668,55.3257916625589,0.9517462,0.1683813,-0.335066,-0.5557985,0.268162,-0.7659991,-0.1800627,0,0,0.3658542,-0.002935827,0.1841614,0.9792994,-0.01747507,0.1544711,-0.1296379
113980,0.0166668,55.3424584623426,0.9552922,0.167832,-0.3347919,0.5567569,-0.2695763,0.7628114,0.1883327,0,0,0.3650659,0.001746178,0.1833813,0.9805884,-0.023181,0.1531122,-0.1202736
113984,0.0166669,55.3591253627092,0.959531,0.168399,-0.3355598,-0.5617592,0.2697307,-0.757659,-0.1939713,0,0,0.3647919,0.005292237,0.182832,0.98172,-0.02672229,0.1513784,-0.1122333
113988,0.0166673,55.3757926635444,0.9630933,0.1681022,-0.3354274,0.5639591,-0.2730478,0.7519497,0.2048582,0,0,0.3655598,0.009531021,0.183399,0.9820151,-0.03421775,0.151719,-0.1070368
113990,0.0166667,55.3924593627453,0.9667879,0.1684752,-0.3354715,0.5694671,-0.2682644,0.7485492,0.2083639,0,0,0.3654274,0.01309329,0.1831022,0.9830735,-0.03981601,0.1512305,-0.09544968
113996,0.0166669,55.4091262631118,0.9708287,0.1684816,-0.3354143,-0.5730041,0.2677774,-0.7437152,-0.2164471,0,0,0.3654714,0.01678789,0.1834752,0.9831661,-0.04814285,0.1484959,-0.09495074
113998,0.016667,55.4257932621986,0.9753219,0.1682217,-0.3354766,0.5761108,-0.2657663,0.7410136,0.2199173,0,0,0.3654143,0.02082866,0.1834816,0.9837364,-0.0550942,0.1466129,-0.08793218
114002,0.0166659,55.4424591623247,0.9786364,0.1685029,-0.33578,0.5770657,-0.2637779,0.7402589,0.2223359,0,0,0.3654766,0.0253219,0.1832217,0.9838424,-0.06024184,0.1450805,-0.08588774
114004,0.0166673,55.4591264631599,0.9818576,0.1686541,-0.3356491,-0.5793636,0.2624922,-0.7382722,-0.2244766,0,0,0.3657799,0.02863646,0.1835029,0.9841073,-0.06255804,0.1428876,-0.08486698
114008,0.016667,55.4757934622467,0.9842961,0.1687903,-0.3349663,0.5810913,-0.2561544,0.7388499,0.2254302,0,0,0.3656491,0.03185761,0.1836541,0.9840906,-0.06619757,0.1421091,-0.08359842
114012,0.0166667,55.4924601614475,0.9874648,0.169021,-0.3343346,0.5814396,-0.2534642,0.7377008,0.2312609,0,0,0.3649663,0.0342961,0.1837903,0.9843088,-0.0696906,0.1371734,-0.08638896
114014,0.0166673,55.5091274622828,0.9905484,0.1688455,-0.3340504,-0.5826527,0.2524906,-0.7363217,-0.2336552,0,0,0.3643346,0.03746486,0.184021,0.985015,-0.07269915,0.1327106,-0.08275468
114018,0.0166671,55.5257945619524,0.9940485,0.1687373,-0.3329287,-0.586931,0.2449066,-0.7350043,-0.2351627,0,0,0.3640504,0.04054838,0.1838455,0.9851229,-0.07515138,0.1315491,-0.08111754
114020,0.0166664,55.5424609612674,0.9966531,0.1686701,-0.332839,0.5885415,-0.2461029,0.7323943,0.2380143,0,0,0.3629286,0.04404849,0.1837373,0.9849712,-0.08208145,0.1266756,-0.08395071
114024,0.0166673,55.5591282621026,1.000502,0.167565,-0.3318571,0.5874951,-0.2440889,0.7318695,0.2442074,0,0,0.3628389,0.04665309,0.1836701,0.9849297,-0.08476527,0.1274052,-0.08059936
114028,0.0166666,55.5757948625833,1.002945,0.16737,-0.3315354,-0.5884737,0.2404741,-0.731925,-0.2452689,0,0,0.3618571,0.05050164,0.182565,0.9857455,-0.08623295,0.1226826,-0.07627977
114032,0.0166677,55.5924625620246,1.005589,0.1672792,-0.3313107,0.5897579,-0.2425141,0.7275368,0.2531062,0,0,0.3615354,0.05294508,0.18237,0.9858321,-0.08846,0.1196826,-0.07736917
114034,0.0166663,55.6091288626194,1.007826,0.1670133,-0.3305238,-0.5910714,0.2389684,-0.7269332,-0.2551411,0,0,0.3613107,0.05558878,0.1822792,0.9861608,-0.09250653,0.1190146,-0.06902879
114038,0.016667,55.6257958617061,1.010661,0.1667924,-0.330103,0.5943359,-0.2371056,0.7236856,0.2585053,0,0,0.3605238,0.05782622,0.1820133,0.9862407,-0.09549113,0.115873,-0.06916685
114042,0.0166666,55.6424624621868,1.013679,0.1663655,-0.329754,-0.5975208,0.2352619,-0.7202309,-0.2624657,0,0,0.360103,0.06066138,0.1817924,0.9859882,-0.1009431,0.1146796,-0.06698058
114048,0.0238632,55.6663256622851,1.017213,0.1662703,-0.3287452,0.6011238,-0.2326481,0.7151685,0.2702946,0,0,0.3597539,0.06367856,0.1813655,0.9857475,-0.106552,0.1132397,-0.06422915
114050,0.0166679,55.6829935628921,1.018509,0.1660213,-0.3284811,-0.6039417,0.231946,-0.711626,-0.2739415,0,0,0.3587452,0.06721264,0.1812703,0.9856204,-0.114346,0.1098818,-0.05833876
114054,0.0166677,55.6996612623334,1.021084,0.1655798,-0.3280425,0.6075886,-0.2305884,0.7077752,0.2769825,0,0,0.3584811,0.0685094,0.1810213,0.9852778,-0.1192437,0.1093742,-0.05518924
114056,0.0166667,55.7163279615343,1.022365,0.1658808,-0.3278807,0.6102172,-0.2285266,0.7061423,0.2770807,0,0,0.3580425,0.07108396,0.1805798,0.9847286,-0.1250317,0.1089912,-0.0528932
114060,0.0166683,55.7329962607473,1.02446,0.1654373,-0.327047,0.6139879,-0.2247794,0.703473,0.2786018,0,0,0.3578807,0.07236499,0.1808808,0.9842653,-0.1285921,0.1085976,-0.05378222
114062,0.016667,55.7496632598341,1.025372,0.165543,-0.3271247,-0.6161104,0.2247777,-0.7011403,-0.279795,0,0,0.357047,0.07446021,0.1804373,0.9836534,-0.1344258,0.1068399,-0.05423136
114066,0.0166674,55.7663306593895,1.027407,0.1654306,-0.3268822,-0.6210911,0.2222267,-0.6976032,-0.2796621,0,0,0.3571246,0.07537192,0.180543,0.9832324,-0.1374382,0.1075241,-0.0529465
114070,0.0166662,55.7829968594015,1.028404,0.1653836,-0.3276914,0.6231939,-0.2255797,0.693959,0.2813613,0,0,0.3568821,0.07740659,0.1804306,0.9821905,-0.1438513,0.1080854,-0.0540929
114074,0.0166686,55.7996654585004,1.030191,0.1650312,-0.3277352,-0.6259535,0.2265373,-0.6902298,-0.2836301,0,0,0.3576914,0.07840353,0.1803836,0.9816357,-0.1464049,0.1114385,-0.05038344
114076,0.0166655,55.8163309581578,1.031397,0.164716,-0.3272166,0.6282582,-0.2264874,0.6879873,0.2840221,0,0,0.3577352,0.0801912,0.1800312,0.9810002,-0.1504688,0.1128955,-0.04746025
114080,0.0166678,55.8329987581819,1.032163,0.1649976,-0.326647,-0.6326568,0.2308899,-0.6821429,-0.2848092,0,0,0.3572165,0.08139688,0.179716,0.9804462,-0.1534248,0.1139602,-0.04689637
114084,0.0221137,55.8551124576479,1.032943,0.1647019,-0.3258084,0.6334571,-0.2311911,0.6807876,0.2860265,0,0,0.356647,0.08216256,0.1799976,0.9791512,-0.1582429,0.1198366,-0.0431437
114090,0.020409,55.8755214568228,1.033986,0.1645078,-0.3238038,-0.6356469,0.2365293,-0.6751809,-0.2900652,0,0,0.3558084,0.08294338,0.1797019,0.9789518,-0.1596625,0.1200753,-0.04175153
114092,0.0167939,55.8923153560609,1.034432,0.1647366,-0.3233635,-0.6354429,0.2415303,-0.6725364,-0.292524,0,0,0.3538037,0.08398587,0.1795078,0.9781435,-0.1630185,0.1243457,-0.03461811
114096,0.0166678,55.908983156085,1.035318,0.1647939,-0.3218091,0.6378562,-0.2480949,0.6658559,0.2970259,0,0,0.3533634,0.08443183,0.1797367,0.9779148,-0.1628893,0.1276164,-0.02939083
114098,0.0174829,55.9264660552144,1.035805,0.1648827,-0.3207951,-0.6388636,0.250995,-0.6616984,-0.3016788,0,0,0.3518091,0.08531839,0.1797939,0.9767965,-0.1665963,0.1329413,-0.0209965
114102,0.0166684,55.9431344550103,1.03602,0.1657431,-0.3189972,0.6419509,-0.252174,0.6580049,0.30222,0,0,0.350795,0.08580452,0.1798827,0.9762561,-0.1693292,0.1342894,-0.01476883
114104,0.0170211,55.9601555541158,1.036337,0.1665077,-0.3177933,-0.6431757,0.2529353,-0.6568111,-0.3015761,0,0,0.3489972,0.08601993,0.1807431,0.9752492,-0.1731819,0.1368336,-0.01317907
114108,0.016667,55.9768225532025,1.036903,0.1673847,-0.3172822,0.6435208,-0.2570975,0.6536508,0.3041752,0,0,0.3477933,0.08633727,0.1815077,0.9748276,-0.1742952,0.1384153,-0.0131781
114112,0.0166678,55.9934903532267,1.037033,0.1680851,-0.3158931,-0.6447591,0.2576906,-0.6523439,-0.3038565,0,0,0.3472821,0.08690327,0.1823847,0.9743184,-0.1751593,0.1412659,-0.008172642
114116,0.0166668,56.0101571530104,1.037212,0.1690412,-0.3158479,-0.6452492,0.2590509,-0.6515064,-0.303456,0,0,0.345893,0.08703309,0.1830851,0.9738911,-0.1764651,0.1425932,-0.007959236
114118,0.0166666,56.026823753491,1.03731,0.169527,-0.3152985,0.645758,-0.2601278,0.6500508,0.3045721,0,0,0.3458478,0.08721167,0.1840412,0.9736197,-0.1766809,0.1441979,-0.007452281
114122,0.0166676,56.0434913542122,1.037655,0.1702321,-0.3144311,-0.6457692,0.2607642,-0.649295,-0.3056144,0,0,0.3452984,0.0873099,0.184527,0.9733385,-0.1776275,0.1450121,-0.005678805
114124,0.0166682,56.060159554705,1.037847,0.1704524,-0.3135878,0.6460725,-0.2621969,0.6480171,0.3064587,0,0,0.344431,0.08765465,0.1852321,0.9732518,-0.1779941,0.1451912,-0.004304419
114128,0.0166655,56.0768250543624,1.038032,0.1708838,-0.3124506,-0.6470005,0.2621883,-0.6475193,-0.3055592,0,0,0.3435878,0.0878467,0.1854524,0.9729964,-0.178514,0.1463013,-0.002594991
114134,0.0225429,56.0993679538369,1.038434,0.1707637,-0.3110747,0.6470188,-0.2634399,0.6465304,0.3065365,0,0,0.3424506,0.08803242,0.1858838,0.9727256,-0.1792818,0.1471453,-0.003331672
114136,0.0191221,56.1184900533408,1.038646,0.1707045,-0.3104604,0.6467708,-0.2635564,0.6468875,0.3062058,0,0,0.3410746,0.08843428,0.1857637,0.9725704,-0.1795352,0.1478897,-0.001641234
114140,0.0166684,56.1351584531367,1.038813,0.1705973,-0.3102978,-0.647169,0.2660524,-0.644769,-0.3076708,0,0,0.3404604,0.08864552,0.1857045,0.9726446,-0.1790618,0.147972,-0.001916223
114142,0.0166665,56.1518249530345,1.038992,0.1706293,-0.3105302,-0.6473179,0.2695932,-0.6420702,-0.3099112,0,0,0.3402978,0.08881253,0.1855973,0.9722211,-0.1798139,0.1498401,0.001048237
114146,0.0166668,56.1684917528182,1.03976,0.1705309,-0.3100265,0.6471907,-0.2686502,0.6424806,0.3101451,0,0,0.3405302,0.08899218,0.1856292,0.9717224,-0.1804468,0.1522034,0.005364147
114150,0.0166671,56.1851588524878,1.040415,0.1703975,-0.3107806,-0.6474851,0.2685577,-0.6418776,-0.3108584,0,0,0.3400264,0.08976024,0.1855309,0.9718614,-0.1805339,0.1512221,0.004991584
114154,0.020087,56.2052458524704,1.04168,0.1703108,-0.3114448,0.6469083,-0.2723709,0.6393723,0.3138899,0,0,0.3407806,0.09041506,0.1853975,0.9717545,-0.181233,0.1510492,0.005652956
114156,0.0166686,56.2219144515693,1.042518,0.169947,-0.3116598,-0.6472601,0.2718996,-0.6389289,-0.3144757,0,0,0.3414448,0.09167975,0.1853107,0.9714022,-0.1812836,0.1529619,0.01080608
114160,0.0166651,56.238579550758,1.043408,0.1693459,-0.3120379,0.64681,-0.2748928,0.6366634,0.3173808,0,0,0.3416598,0.09251755,0.184947,0.9713206,-0.1820574,0.1525372,0.01112253
114164,0.016668,56.2552475500852,1.044441,0.1685216,-0.3125714,0.6462942,-0.2770637,0.6361583,0.3175566,0,0,0.3420378,0.09340841,0.1843459,0.9709939,-0.1823527,0.1538587,0.01568261
114168,0.016666,56.2719135507941,1.045606,0.1675228,-0.313107,0.6473538,-0.278073,0.6347349,0.3173645,0,0,0.3425714,0.09444052,0.1835216,0.9708886,-0.1814684,0.1554074,0.01712243
114172,0.0215195,56.2934330515563,1.04913,0.164866,-0.3135241,0.6479691,-0.2795103,0.6334988,0.317316,0,0,0.343107,0.09560591,0.1825228,0.9704207,-0.1825714,0.1569647,0.01770884
114176,0.0166669,56.3100999519229,1.050297,0.1640237,-0.3138109,-0.6483338,0.2802067,-0.6324859,-0.3179767,0,0,0.3435241,0.09913021,0.179866,0.9700345,-0.1831211,0.158595,0.01863895
114178,0.0166677,56.3267676513642,1.051565,0.1631546,-0.3138876,0.648637,-0.2800258,0.6320564,0.3183714,0,0,0.3438109,0.1002973,0.1790237,0.9697919,-0.1837815,0.1591781,0.01975507
114182,0.0166669,56.3434345517308,1.053053,0.1622405,-0.3142394,-0.6483796,0.2838665,-0.62914,-0.3212579,0,0,0.3438876,0.1015648,0.1781546,0.9696953,-0.1843681,0.1590503,0.02006334
114184,0.0166673,56.360101852566,1.054561,0.1611506,-0.3143376,-0.6478875,0.2827345,-0.6292058,-0.3231145,0,0,0.3442394,0.1030528,0.1772405,0.9691257,-0.1848202,0.1612525,0.02518936
114188,0.0166674,56.3767692521214,1.056014,0.1600071,-0.3130047,0.649003,-0.2826772,0.6262668,0.326617,0,0,0.3443375,0.1045614,0.1761506,0.9693474,-0.1851997,0.1593124,0.02619857
114192,0.0166689,56.3934381529689,1.057241,0.1592358,-0.3122763,0.6496214,-0.2816381,0.6259738,0.3268469,0,0,0.3430046,0.1060143,0.1750071,0.9687712,-0.1882263,0.158655,0.02969546
114196,0.0180176,56.411455752328,1.058706,0.15801,-0.3115836,-0.6498046,0.2830912,-0.622956,-0.3309671,0,0,0.3422763,0.1072406,0.1742357,0.9686854,-0.1892587,0.1580119,0.02935772
114198,0.0166666,56.4281223528087,1.059844,0.1571635,-0.3111157,-0.649627,0.2827488,-0.6225361,-0.3323954,0,0,0.3415836,0.1087061,0.17301,0.968154,-0.1912005,0.157942,0.03427391
114202,0.0166668,56.4447891525924,1.061218,0.1560896,-0.3106238,0.6508557,-0.2817704,0.6207838,0.3340955,0,0,0.3411157,0.1098444,0.1721635,0.9681641,-0.1916863,0.1570355,0.03541731
114204,0.016667,56.4614561516792,1.06232,0.1550104,-0.3108542,-0.6507165,0.2827681,-0.6198858,-0.3351893,0,0,0.3406238,0.1112177,0.1710896,0.9677446,-0.1941764,0.156281,0.03663478
114208,0.0166704,56.4781265519559,1.063551,0.1540903,-0.3111126,-0.6499917,0.2836973,-0.6193051,-0.3368796,0,0,0.3408541,0.1123195,0.1700104,0.9675725,-0.1943773,0.1566976,0.03830023
114212,0.0166631,56.4947896525264,1.064598,0.1531548,-0.3112803,-0.6491165,0.28598,-0.6183991,-0.3382982,0,0,0.3411126,0.1135512,0.1690902,0.9675676,-0.1941242,0.1565093,0.04041773
114218,0.0223768,56.5171664524823,1.067507,0.1506918,-0.3117893,-0.6504264,0.2873731,-0.6167312,-0.337646,0,0,0.3412802,0.114598,0.1681548,0.9674366,-0.193376,0.1575266,0.04310065
114220,0.0209376,56.5381040517241,1.068892,0.1491967,-0.3109576,0.6509047,-0.2888074,0.6151994,0.3382944,0,0,0.3417893,0.117507,0.1656917,0.9668173,-0.1945563,0.1597396,0.04353667
114224,0.0166685,56.5547725521028,1.070574,0.1472078,-0.3103174,0.6504518,-0.2889386,0.6164888,0.3367026,0,0,0.3409575,0.1188924,0.1641967,0.966377,-0.195289,0.1610583,0.04514379
114228,0.016666,56.5714385528117,1.072734,0.1446761,-0.3098394,0.6500673,-0.2912091,0.6157585,0.3368253,0,0,0.3403173,0.1205739,0.1622078,0.9666506,-0.1939409,0.1614684,0.0436081
114230,0.0166678,56.5881063528359,1.074128,0.1427975,-0.30934,-0.6504433,0.2924454,-0.6154021,-0.3356778,0,0,0.3398394,0.1227345,0.1596761,0.9664333,-0.1932185,0.1632144,0.04510275
114234,0.0166658,56.6047721523792,1.076118,0.1403316,-0.3081086,0.6487284,-0.2950038,0.6151864,0.3371497,0,0,0.3393399,0.1241279,0.1577975,0.966199,-0.1930012,0.1649271,0.04482405
114236,0.0166675,56.6214396525174,1.077332,0.138448,-0.3072598,-0.6475104,0.2967818,-0.6148129,-0.338609,0,0,0.3381086,0.1261182,0.1553316,0.9662944,-0.1911884,0.1656942,0.04761965
114240,0.0180938,56.6395334526896,1.078701,0.1362037,-0.3071505,0.644348,-0.3017772,0.6143188,0.3411137,0,0,0.3372597,0.1273319,0.1534479,0.9663249,-0.190107,0.1660626,0.04998775
114244,0.0166681,56.6562015525997,1.079617,0.134665,-0.3066463,0.6435811,-0.3034512,0.6140389,0.3415801,0,0,0.3371504,0.1287006,0.1512037,0.9664127,-0.186667,0.1678131,0.05514197
114248,0.016666,56.6728675533086,1.080596,0.1329868,-0.3061565,0.6434966,-0.3055801,0.6130415,0.341633,0,0,0.3366463,0.1296168,0.149665,0.9663599,-0.1857162,0.1687006,0.05655324
114250,0.0166678,56.6895353533328,1.081203,0.131622,-0.3058659,0.6433586,-0.3065491,0.612848,0.3413717,0,0,0.3361565,0.1305959,0.1479868,0.9660187,-0.1853876,0.1705305,0.05795482
114254,0.0172407,56.7067760527134,1.081597,0.1303899,-0.3056514,0.6437678,-0.306999,0.6123013,0.341177,0,0,0.3358659,0.1312028,0.146622,0.9659218,-0.1849765,0.1714057,0.0583002
114260,0.0210368,56.7278128527105,1.081775,0.1292502,-0.304528,0.6429307,-0.307431,0.6123981,0.3421913,0,0,0.3356514,0.1315969,0.14539,0.9657146,-0.1853541,0.1721099,0.05845924
114262,0.0166668,56.7444796524942,1.082424,0.1276163,-0.3036793,-0.6431763,0.3078826,-0.6121861,-0.3417027,0,0,0.3345279,0.1317748,0.1442502,0.9658452,-0.1847228,0.1716623,0.05960367
114264,0.0166681,56.7611477524042,1.082475,0.1264864,-0.3025834,0.6428419,-0.308667,0.6116666,0.3425536,0,0,0.3336792,0.1324241,0.1426163,0.965722,-0.1847514,0.1723757,0.05945244
114268,0.0166679,56.7778156530112,1.082496,0.1248578,-0.3023537,0.6418224,-0.3091245,0.6115932,0.3441798,0,0,0.3325834,0.132475,0.1414863,0.9656244,-0.184644,0.1725888,0.06073873
114272,0.0167528,56.7945684529841,1.082495,0.1235357,-0.3021398,0.6409304,-0.3106581,0.6106688,0.3460974,0,0,0.3323537,0.1324957,0.1398578,0.9657548,-0.184073,0.1718487,0.06247295
114276,0.0166668,56.8112352527678,1.08254,0.1212561,-0.3021628,0.640295,-0.3138223,0.609016,0.3473289,0,0,0.3321397,0.1324953,0.1385357,0.9656125,-0.1836887,0.1720441,0.06520677
114278,0.0170927,56.8283279519528,1.082463,0.1197577,-0.3024194,0.639791,-0.3152621,0.609059,0.3468783,0,0,0.3321628,0.13254,0.1362561,0.9651344,-0.1831306,0.1740846,0.06836268
114282,0.0166681,56.8449960518628,1.0819,0.1174743,-0.3025052,0.6386878,-0.3182668,0.6076499,0.3486341,0,0,0.3324194,0.132463,0.1347577,0.9650878,-0.1821175,0.1752387,0.06877689
114284,0.0174109,56.8624069523066,1.081815,0.1163929,-0.3027469,-0.6380187,0.3195375,-0.6082832,-0.347591,0,0,0.3325052,0.1319004,0.1324743,0.9647296,-0.181248,0.1766938,0.0722858
114288,0.0166688,56.8790757525712,1.081268,0.114329,-0.3021722,0.6370415,-0.3222811,0.6064558,0.3500349,0,0,0.3327469,0.1318147,0.1313929,0.9648258,-0.1797601,0.177807,0.07198741
114292,0.0166665,56.8957422524691,1.081159,0.1132219,-0.3021365,0.6363615,-0.3217229,0.6078389,0.3493858,0,0,0.3321722,0.1312678,0.129329,0.9643814,-0.1794247,0.1788704,0.07603134
114296,0.0166695,56.9124117530882,1.080499,0.1118437,-0.3018932,0.6356963,-0.3215669,0.6101456,0.3467093,0,0,0.3321365,0.1311586,0.1282219,0.9648005,-0.1782988,0.1782005,0.07492848
114298,0.0166669,56.9290786534548,1.080044,0.1109825,-0.3016236,-0.6364124,0.3206794,-0.6109073,-0.3448713,0,0,0.3318932,0.1304994,0.1268436,0.9653325,-0.1761738,0.1785983,0.0721012
114304,0.0228844,56.9519630540162,1.077774,0.1102134,-0.3014615,0.6319453,-0.3272118,0.6112561,0.3463288,0,0,0.3316236,0.130044,0.1259825,0.9654329,-0.1762889,0.178846,0.06982657
114306,0.0166704,56.968633454293,1.077842,0.1097258,-0.3014212,-0.6321575,0.3260178,-0.6115211,-0.3465997,0,0,0.3314614,0.1277742,0.1252133,0.9655401,-0.1706717,0.181654,0.07486862
114310,0.0166657,56.9852991551161,1.077423,0.1088908,-0.3015291,-0.6316358,0.3267069,-0.6110809,-0.3476765,0,0,0.3314212,0.1278417,0.1247258,0.9656824,-0.1711875,0.1806083,0.0743846
114312,0.0166663,57.0019654557109,1.077673,0.1081108,-0.3013445,-0.6317309,0.3266124,-0.6112422,-0.347309,0,0,0.3315291,0.1274235,0.1238908,0.9656173,-0.1709785,0.1805588,0.07581633
114318,0.0166673,57.0186327565461,1.078147,0.1062205,-0.2999364,-0.6313349,0.3259668,-0.6121992,-0.3469495,0,0,0.3313445,0.127673,0.1231108,0.9656398,-0.1709308,0.1806547,0.07540755
114320,0.0183265,57.0369592569768,1.078474,0.1051462,-0.2995501,0.6311414,-0.3267792,0.6115689,0.3476485,0,0,0.3299363,0.1281474,0.1212205,0.9659398,-0.1703198,0.179972,0.07457738
114324,0.0166703,57.0536295566708,1.078262,0.1029488,-0.2977099,-0.6320275,0.3277147,-0.6101379,-0.3476725,0,0,0.3295501,0.1284742,0.1201462,0.9657744,-0.1703319,0.180351,0.07576578
114326,0.0166645,57.0702940560877,1.077737,0.1025074,-0.2971494,-0.6324078,0.32731,-0.6099445,-0.3477013,0,0,0.3277099,0.1282617,0.1179488,0.9652786,-0.171375,0.1816908,0.07652716
114330,0.0166673,57.086961356923,1.077074,0.1009571,-0.2961681,0.6326452,-0.3273657,0.609437,0.3481066,0,0,0.3271494,0.1277375,0.1175074,0.9652272,-0.1719103,0.1815344,0.07634541
114334,0.0166736,57.1036349572241,1.076505,0.1000489,-0.2952883,0.6333549,-0.3276251,0.608761,0.347755,0,0,0.3261681,0.1270741,0.1159571,0.9650936,-0.172402,0.1815811,0.07681391
114338,0.0166613,57.1202962566167,1.075204,0.09879249,-0.2943247,0.6333727,-0.3273074,0.6090871,0.3474505,0,0,0.3252882,0.1265053,0.1150489,0.9648296,-0.1731075,0.1823418,0.07674088
114340,0.0166651,57.1369613558054,1.074257,0.09798723,-0.2937043,0.6327085,-0.3287562,0.6088216,0.3477579,0,0,0.3243247,0.1252038,0.1137925,0.9649187,-0.1730135,0.1821708,0.07623658
114346,0.0219592,57.1589205563068,1.071404,0.09819067,-0.2926735,0.6311758,-0.3335255,0.6084392,0.3466694,0,0,0.3237043,0.1242575,0.1129872,0.9648211,-0.1721803,0.1829887,0.07739086
114348,0.016668,57.175588555634,1.069347,0.1002863,-0.2922655,-0.6332193,0.3280435,-0.6118237,-0.342188,0,0,0.3226735,0.1214035,0.1131906,0.9644602,-0.1692646,0.186784,0.07923239
114352,0.0184056,57.1939941551536,1.068114,0.1013836,-0.2922599,-0.6329522,0.3278369,-0.6128606,-0.3410226,0,0,0.3222655,0.1193468,0.1152863,0.9653212,-0.170218,0.1845609,0.07153995
114356,0.0166673,57.2106614559889,1.06653,0.1029353,-0.2915945,0.6331351,-0.3265725,0.6137746,0.3402516,0,0,0.3222598,0.1181139,0.1163836,0.9655589,-0.1693432,0.1846262,0.070228
114358,0.0166672,57.2273286562413,1.065731,0.1035668,-0.2909989,0.6328267,-0.3264444,0.6142612,0.3400703,0,0,0.3215944,0.1165299,0.1179353,0.9658185,-0.1693318,0.1838617,0.06867556
114362,0.0166667,57.2439953554422,1.064452,0.1045762,-0.2901244,0.6317441,-0.3262861,0.6153833,0.3402061,0,0,0.3209988,0.1157306,0.1185668,0.9659647,-0.1688679,0.1836333,0.06837143
114364,0.0166676,57.2606629561633,1.064017,0.1048108,-0.2895724,-0.6310768,0.3262568,-0.6159129,-0.3405142,0,0,0.3201244,0.1144524,0.1195762,0.9663507,-0.1675798,0.1828265,0.06824834
114368,0.016667,57.27732995525,1.063212,0.1057828,-0.2886196,-0.6302978,0.3241862,-0.618704,-0.3388707,0,0,0.3195723,0.1140168,0.1198108,0.9665544,-0.1668865,0.1823128,0.06843646
114372,0.0166671,57.2939970549196,1.063219,0.1058385,-0.2875711,-0.6301805,0.3226295,-0.6206805,-0.3369549,0,0,0.3186196,0.1132118,0.1207828,0.9673569,-0.1653351,0.1805833,0.06537978
114376,0.0166655,57.310662554577,1.063195,0.1069738,-0.2861749,0.6322044,-0.3200839,0.622154,0.3328488,0,0,0.3175711,0.1132188,0.1208386,0.9678473,-0.1644451,0.1797901,0.06248974
114378,0.0166673,57.3273298554122,1.063394,0.1071515,-0.2852543,-0.6325544,0.3194823,-0.6222368,-0.332607,0,0,0.3161748,0.1131945,0.1219738,0.9679689,-0.165337,0.1800995,0.05713234
114382,0.0166674,57.3439972549677,1.063586,0.1078297,-0.283468,0.6321007,-0.318967,0.6228611,0.3327956,0,0,0.3152543,0.1133937,0.1221515,0.967983,-0.1657291,0.1798448,0.05655698
114388,0.0254259,57.3694231547415,1.063982,0.1090582,-0.281909,0.6308484,-0.3178339,0.623851,0.3343978,0,0,0.313468,0.1135855,0.1228297,0.9682139,-0.165302,0.17906,0.0563452
114390,0.0166667,57.3860898539424,1.063976,0.1093206,-0.2810366,-0.6303709,0.3173815,-0.6243278,-0.334838,0,0,0.311909,0.1139818,0.1240581,0.9687154,-0.1645992,0.1767736,0.05699808
114392,0.0166678,57.4027576539665,1.064187,0.109624,-0.2803747,0.6311666,-0.3158175,0.6247543,0.3340214,0,0,0.3110366,0.1139756,0.1243206,0.9689206,-0.1642549,0.1759441,0.05706919
114396,0.0166676,57.4194252546877,1.064492,0.1101916,-0.2799177,0.6317367,-0.3149919,0.6247175,0.3337919,0,0,0.3103747,0.1141866,0.124624,0.9690039,-0.1650455,0.1752847,0.05537777
114400,0.0166678,57.4360930547118,1.064769,0.1109131,-0.2798317,-0.6314337,0.3161959,-0.6235918,-0.3353281,0,0,0.3099177,0.1144916,0.1251916,0.9689829,-0.1657466,0.1749513,0.05470122
114402,0.0166661,57.4527591541409,1.064877,0.1121039,-0.2791723,0.6314044,-0.3153003,0.6238297,0.3357839,0,0,0.3098317,0.1147688,0.1259131,0.9687543,-0.1659498,0.1753152,0.05692454
114406,0.0166683,57.469427453354,1.065187,0.1134121,-0.2780524,-0.6318992,0.3125798,-0.6245822,-0.3359978,0,0,0.3091723,0.1148766,0.1271039,0.9688913,-0.1662257,0.1743388,0.05678661
114410,0.0166837,57.4861111529171,1.065473,0.1138377,-0.2775126,0.632494,-0.3149321,0.6217678,0.3378965,0,0,0.3080523,0.1151871,0.128412,0.9691969,-0.1672535,0.1721164,0.05531378
114414,0.0166664,57.5027775522321,1.065832,0.113867,-0.2772832,0.6334586,-0.3145238,0.6209801,0.3379183,0,0,0.3075125,0.1154729,0.1288377,0.9684398,-0.1686288,0.1738883,0.05875021
114416,0.0166674,57.5194449517876,1.066099,0.113886,-0.276816,0.6343367,-0.3132922,0.6209961,0.3373853,0,0,0.3072832,0.1158324,0.128867,0.9681927,-0.1698994,0.1740642,0.05864104
114420,0.0166659,57.5361108519137,1.066427,0.1145156,-0.276135,-0.6352565,0.3113903,-0.6212859,-0.3368815,0,0,0.306816,0.1160994,0.128886,0.9681636,-0.1708923,0.1736502,0.05745194
114422,0.0166672,57.5527780521661,1.066743,0.1148665,-0.2758408,-0.6356614,0.3107965,-0.6211874,-0.3368477,0,0,0.3061349,0.1164272,0.1295156,0.9682333,-0.1720294,0.1726527,0.05586826
114428,0.016666,57.569444052875,1.066738,0.1155298,-0.2753194,-0.6350711,0.3104932,-0.6217209,-0.3372564,0,0,0.3058408,0.1167429,0.1298665,0.968205,-0.1725917,0.1723653,0.05551071
114430,0.0166664,57.58611045219,1.066762,0.1160234,-0.2749459,-0.6341884,0.310948,-0.6218249,-0.3383051,0,0,0.3053194,0.1167384,0.1305298,0.9684233,-0.1720739,0.1716159,0.05563166
114434,0.0166691,57.6027795523405,1.066915,0.1169057,-0.2747361,-0.633261,0.3100834,-0.6226609,-0.3392966,0,0,0.3049458,0.1167617,0.1310233,0.9685552,-0.1714029,0.1711527,0.05682098
114436,0.016667,57.6194465514272,1.067257,0.1172507,-0.2745703,0.6332548,-0.3089571,0.6233197,0.3391261,0,0,0.3047361,0.1169149,0.1319057,0.968934,-0.1708009,0.1695084,0.05710388
114440,0.0177768,57.6372233517468,1.067376,0.117802,-0.2742805,-0.6321399,0.3097047,-0.6234992,-0.3401928,0,0,0.3045703,0.1172567,0.1322507,0.9691439,-0.1708427,0.1685608,0.05621628
114442,0.0166669,57.6538902521133,1.067477,0.1182262,-0.2743483,-0.631502,0.3104208,-0.6227505,-0.3420907,0,0,0.3042804,0.1173757,0.132802,0.969296,-0.1698567,0.1682215,0.05758061
114448,0.0172062,57.6710964515805,1.067711,0.1186915,-0.2742789,0.6292868,-0.312388,0.6225317,0.34477,0,0,0.3043482,0.117477,0.1332262,0.9692262,-0.1698692,0.1678358,0.05980052
114450,0.016667,57.6877634506673,1.067772,0.1188863,-0.2745906,-0.627203,0.3153205,-0.6220742,-0.3467175,0,0,0.3042789,0.1177106,0.1336915,0.9693769,-0.168133,0.1674021,0.06337523
114454,0.0166683,57.7044317498803,1.067672,0.118876,-0.2746853,-0.6231968,0.3176049,-0.6204536,-0.3546692,0,0,0.3045906,0.1177723,0.1338863,0.9693569,-0.166117,0.1681639,0.0668822
114456,0.0166663,57.7210980504751,1.067978,0.1186776,-0.2740805,-0.6189247,0.3187718,-0.6210226,-0.3600663,0,0,0.3046852,0.1176721,0.133876,0.9694735,-0.1646652,0.1651954,0.07561097
114460,0.0173781,57.7384761497378,1.067951,0.1184962,-0.2728401,-0.6147736,0.320035,-0.6188601,-0.3696528,0,0,0.3040805,0.1179783,0.1336776,0.9700511,-0.1618163,0.1619786,0.08111246
114464,0.0166691,57.7551452498883,1.068692,0.1182672,-0.27171,-0.6109495,0.3174333,-0.6181918,-0.3792305,0,0,0.30284,0.1179509,0.1334962,0.9700225,-0.1612133,0.1575129,0.0908644
114468,0.0203592,57.7755044493824,1.06969,0.1175544,-0.2701434,-0.6025116,0.3208216,-0.6148866,-0.3949276,0,0,0.3017099,0.1186917,0.1332672,0.9704767,-0.1615095,0.1498134,0.09821244
114472,0.0166674,57.7921718489379,1.070602,0.1170285,-0.2697464,0.6004583,-0.3249441,0.6116002,0.399758,0,0,0.3001434,0.11969,0.1325544,0.9701334,-0.1586679,0.142914,0.1150709
114476,0.0166667,57.8088385481387,1.071441,0.116544,-0.2696923,0.6002909,-0.3245952,0.6095699,0.4033774,0,0,0.2997463,0.1206017,0.1320284,0.9691713,-0.1582094,0.1438843,0.1223693
114478,0.0166671,57.8255056478083,1.072168,0.1158324,-0.269599,-0.5990965,0.3235069,-0.6107949,-0.4041736,0,0,0.2996923,0.1214412,0.131544,0.9686849,-0.1599328,0.1423009,0.1257837
114482,0.0166669,57.8421725481749,1.07335,0.1151343,-0.2694178,-0.5979255,0.3232365,-0.610382,-0.4067396,0,0,0.2995989,0.1221681,0.1308324,0.9691272,-0.1589752,0.1403954,0.1257317
114484,0.0166675,57.8588400483131,1.073825,0.1145979,-0.2692849,-0.5970848,0.32293,-0.6103669,-0.408238,0,0,0.2994178,0.1233497,0.1301343,0.9690897,-0.1589009,0.1386666,0.1280129
114488,0.0166651,57.8755051475018,1.074695,0.1141346,-0.2689517,-0.5959622,0.3226015,-0.6092788,-0.4117486,0,0,0.2992848,0.1238248,0.1295979,0.9691392,-0.1586806,0.1374372,0.1292309
114490,0.0166666,57.8921717479825,1.075274,0.1139043,-0.2689916,0.5958128,-0.323026,0.6081156,0.4133483,0,0,0.2989517,0.1246954,0.1291346,0.9689111,-0.1591846,0.1353845,0.1324491
114494,0.0168763,57.9090480487794,1.075343,0.113874,-0.2691604,0.5938718,-0.3242392,0.6072947,0.4163872,0,0,0.2989916,0.1252738,0.1289043,0.968578,-0.1598104,0.1351694,0.1343375
114498,0.0166687,57.9257167484611,1.075826,0.1136197,-0.2691424,0.5929803,-0.3249132,0.6063806,0.4184596,0,0,0.2991603,0.1253431,0.128874,0.9683468,-0.1589104,0.1342027,0.1379912
114502,0.016665,57.9423817489296,1.076567,0.1128067,-0.2695456,-0.5921424,0.3256678,-0.6068226,-0.4184188,0,0,0.2991424,0.1258261,0.1286197,0.9680803,-0.1588541,0.1336502,0.1404408
114504,0.0166683,57.9590500481427,1.077194,0.1118287,-0.2699007,0.5915749,-0.3266077,0.6060387,0.4196232,0,0,0.2995456,0.1265669,0.1278067,0.9681843,-0.1577198,0.1338733,0.1407894
114510,0.0227771,57.981827147305,1.077847,0.1107424,-0.2708165,0.5903527,-0.3286324,0.605523,0.4205074,0,0,0.2999007,0.1271942,0.1268287,0.9679272,-0.157576,0.1340194,0.1425677
114512,0.0166693,57.9984964467585,1.078812,0.1095987,-0.2709888,-0.5907024,0.3289221,-0.6050062,-0.4205334,0,0,0.3008164,0.1278469,0.1257424,0.9676979,-0.1563475,0.1348792,0.1446508
114516,0.016669,58.0151654463261,1.079427,0.1087789,-0.2712013,0.5896628,-0.3299608,0.6046526,0.4216858,0,0,0.3009888,0.1288123,0.1245987,0.9675284,-0.1567678,0.1353275,0.1449107
114518,0.0166688,58.0318342465907,1.080369,0.10817,-0.2710323,0.5895271,-0.3299023,0.6049743,0.4214599,0,0,0.3012012,0.1294268,0.1237789,0.967391,-0.1560074,0.1353178,0.1466471
114522,0.0166743,58.0485085472465,1.081011,0.1076952,-0.270704,-0.5897838,0.3297333,-0.604507,-0.4219032,0,0,0.3010323,0.130369,0.12317,0.9674884,-0.1557221,0.1352607,0.1463603
114526,0.0166741,58.0651826467365,1.081787,0.1069697,-0.2705895,-0.5896557,0.3303432,-0.6042965,-0.4219067,0,0,0.3007039,0.1310106,0.1226952,0.9673598,-0.1562964,0.1351116,0.1467354
114530,0.0192066,58.0843892470002,1.083328,0.1062109,-0.2704915,-0.5897131,0.3302134,-0.604891,-0.4210754,0,0,0.3005895,0.1317872,0.1219697,0.9672684,-0.1560833,0.1355889,0.1471243
114532,0.0166687,58.101057946682,1.084619,0.1050452,-0.2701238,-0.590104,0.3287275,-0.6061613,-0.4198619,0,0,0.3004915,0.1333283,0.1212109,0.9674439,-0.1557152,0.1357668,0.1461932
114536,0.0166665,58.1177244465798,1.085988,0.1042411,-0.2694297,0.5906584,-0.3270389,0.6069574,0.4192506,0,0,0.3001238,0.1346187,0.1200452,0.967878,-0.1556812,0.1350306,0.1440218
114540,0.0166666,58.1343910470605,1.087368,0.1035134,-0.2692256,-0.5890281,0.3277434,-0.6071348,-0.4207345,0,0,0.2994296,0.1359881,0.1192411,0.9681824,-0.156198,0.1340137,0.1423567
114544,0.0166669,58.151057947427,1.088706,0.1030241,-0.2692459,0.5879584,-0.328472,0.6072536,0.4214905,0,0,0.2992256,0.137368,0.1185134,0.9682279,-0.1549145,0.1332669,0.1441401
114546,0.0166678,58.1677257474512,1.08979,0.1021958,-0.2690206,0.5877714,-0.3291723,0.6069343,0.4216647,0,0,0.2992459,0.1387063,0.1180241,0.9682416,-0.1539315,0.1330867,0.1452634
114552,0.0212193,58.1889450475574,1.091346,0.1021675,-0.2688729,-0.5858164,0.3290668,-0.6084034,-0.4223499,0,0,0.2990206,0.1397904,0.1171958,0.9681163,-0.1537286,0.1335581,0.1458788
114556,0.0194211,58.2083661481738,1.092255,0.1008129,-0.269283,0.5832106,-0.3319304,0.608419,0.4236909,0,0,0.2988728,0.1413463,0.1171674,0.9685687,-0.1516955,0.1321574,0.1462793
114558,0.0166689,58.2250350490212,1.093227,0.1002797,-0.2695447,0.5819985,-0.3340592,0.6078935,0.4244382,0,0,0.299283,0.142255,0.1158129,0.9684495,-0.148942,0.1328649,0.1492275
114562,0.0174447,58.2424797490239,1.094551,0.1002177,-0.2698798,0.5809745,-0.3349759,0.6067873,0.4266954,0,0,0.2995447,0.1432273,0.1152797,0.9681922,-0.14766,0.1338758,0.1512535
114564,0.016668,58.2591477483511,1.095934,0.0994648,-0.2700175,-0.5809448,0.3356573,-0.6056052,-0.427878,0,0,0.2998798,0.1445506,0.1152177,0.9678302,-0.1475454,0.1334227,0.1540567
114568,0.016667,58.2758147474378,1.096961,0.09824872,-0.2697921,0.5804905,-0.3373112,0.6031972,0.4305871,0,0,0.3000175,0.1459337,0.1144648,0.967449,-0.1480941,0.1336495,0.1557189
114570,0.0166668,58.2924815472215,1.09814,0.09718814,-0.2696964,-0.5785345,0.3399071,-0.6020892,-0.4327235,0,0,0.2997921,0.1469615,0.1132487,0.9666501,-0.1488759,0.1340428,0.1595498
114576,0.0166674,58.309148946777,1.099134,0.09558842,-0.2693941,-0.5774091,0.3411053,-0.6004661,-0.43553,0,0,0.2996963,0.1481395,0.1121882,0.9661729,-0.1474223,0.1346381,0.1632458
114578,0.0166665,58.3258154466748,1.100449,0.09466306,-0.2694444,-0.5762124,0.3423785,-0.5986935,-0.4385458,0,0,0.2993941,0.1491336,0.1105884,0.9656105,-0.147491,0.1342256,0.1668125
114582,0.0166675,58.3424829468131,1.100678,0.09431575,-0.2690173,0.5724276,-0.3452195,0.5979274,0.4423044,0,0,0.2994444,0.1504495,0.109663,0.9649864,-0.1475929,0.1337814,0.1706458
114584,0.0166668,58.3591497465968,1.101535,0.09382034,-0.2686744,0.5707902,-0.3454056,0.5973995,0.4449802,0,0,0.2990173,0.1506781,0.1093157,0.9645392,-0.1448129,0.1331007,0.1760047
114588,0.0166671,58.3758168462664,1.101034,0.09473062,-0.267233,0.5619098,-0.3444366,0.595597,0.4592223,0,0,0.2986743,0.1515355,0.1088203,0.9643307,-0.1442921,0.131541,0.1787263
114594,0.018837,58.3946538455784,1.101309,0.09564078,-0.2659468,0.552325,-0.3422859,0.5935097,0.4748934,0,0,0.297233,0.1510342,0.1097306,0.9635078,-0.1416006,0.1214287,0.1919817
114596,0.020267,58.4149208460003,1.102217,0.09511188,-0.2640035,0.5480453,-0.3388231,0.5889528,0.4878318,0,0,0.2959468,0.1513093,0.1106408,0.9623734,-0.1392108,0.1095394,0.2060558
114600,0.016674,58.4315948467702,1.10244,0.09454101,-0.2643999,-0.5448513,0.3173894,-0.5905871,-0.5035949,0,0,0.2940035,0.1522167,0.1101118,0.9605498,-0.1419953,0.1002787,0.2170846
114602,0.016661,58.4482558462769,1.10308,0.09422818,-0.2639111,-0.5385292,0.3079105,-0.5905296,-0.5161903,0.00490276096388698,0,0.2943999,0.1524399,0.109541,0.9611715,-0.1495948,0.0746548,0.219539
114606,0.0166707,58.4649265464395,1.103713,0.0944387,-0.2651078,-0.5342536,0.3012847,-0.5842141,-0.5315022,0.0211873929947615,0,0.2939111,0.1530802,0.1092282,0.9604951,-0.1506929,0.05915638,0.2263656
114608,0.0166642,58.4815907459706,1.104783,0.0942052,-0.2643651,0.5310555,-0.2927381,0.5876451,0.5356845,0.0313735455274582,0,0.2951078,0.153713,0.1094387,0.9574353,-0.1559165,0.04669083,0.2383859
114612,0.0166682,58.4982589464635,1.105435,0.0948515,-0.2636978,-0.5379404,0.275236,-0.5882745,-0.5373996,0.0468260757625103,0,0.2943651,0.154783,0.1092052,0.95823,-0.1556841,0.03618528,0.2371677
114616,0.0166662,58.5149251464754,1.106377,0.09320287,-0.2626161,0.5399758,-0.2509583,0.5959662,0.5387675,0.0727594792842865,0,0.2936977,0.1554351,0.1098515,0.9587449,-0.1672388,0.02392877,0.2286198
114618,0.0166704,58.5315955467522,1.106963,0.0933019,-0.2617775,-0.5382175,0.256142,-0.5907277,-0.5438326,0.11626286059618,0,0.2926161,0.1563771,0.1082028,0.9609367,-0.1739728,0.003310641,0.2152285
114622,0.016663,58.5482585467398,1.107771,0.09198543,-0.2619553,0.5405872,-0.2498898,0.5941894,0.5406104,0.137045845389366,0,0.2917775,0.1569632,0.1083019,0.9588947,-0.1743399,0.005528015,0.2238216
114624,0.0166835,58.5649420469999,1.108561,0.09086871,-0.2617159,-0.539211,0.2513781,-0.595114,-0.5402777,0.164516896009445,0,0.2919552,0.1577709,0.1069854,0.9602395,-0.176053,0.002209599,0.2166581
114630,0.016658,58.581600047648,1.109268,0.08911964,-0.2626084,0.5417791,-0.2492683,0.5973111,0.5362465,0.161715999245644,0,0.2917159,0.1585611,0.1058687,0.9605274,-0.1739533,0.00285248,0.2170699
114636,0.022527,58.6041270475835,1.109625,0.08693987,-0.2630305,0.5416529,-0.2529107,0.5974935,0.5344623,0.167819336056709,0,0.2926084,0.1592684,0.1041196,0.9615906,-0.174798,0.003500359,0.2116054
114638,0.017402,58.6215290483087,1.110543,0.08573958,-0.2625083,-0.5405843,0.2538416,-0.597724,-0.534845,0.171077460050583,0,0.2930305,0.1596249,0.1019398,0.9618437,-0.1729613,0.007104537,0.2118741
114640,0.0166684,58.6381974481046,1.11076,0.08459282,-0.2622972,-0.5409436,0.2547641,-0.5971396,-0.5346958,0.173485577106476,0,0.2925082,0.1605425,0.1007396,0.9618595,-0.1717757,0.007233477,0.2127607
114644,0.0166671,58.6548645477742,1.111135,0.08373958,-0.2615663,0.5414058,-0.2554679,0.5974574,0.533536,0.178782045841217,0,0.2922972,0.16076,0.09959279,0.9617177,-0.1719774,0.008277442,0.2132002
114648,0.0166666,58.6715311482549,1.11159,0.08264583,-0.261295,-0.5420634,0.2566433,-0.5978895,-0.5318174,0.182551622390747,0,0.2915663,0.1611355,0.09873961,0.9619322,-0.1716949,0.009462726,0.2124099
114650,0.0166668,58.6881979480386,1.111842,0.08190989,-0.2608461,-0.5416459,0.2593766,-0.5973378,-0.5315367,0.184253960847855,0,0.291295,0.1615897,0.0976458,0.9622353,-0.1712272,0.01132185,0.2113203
114654,0.0166674,58.704865347594,1.111626,0.08128056,-0.2608121,-0.5415998,0.2629971,-0.5971014,-0.530068,0.184870034456253,0,0.290846,0.161842,0.0969099,0.9621027,-0.1701471,0.0135688,0.2126602
114656,0.016667,58.7215323466808,1.111814,0.08065955,-0.2601559,0.5402898,-0.2649989,0.5981489,0.5292262,0.185639068484306,0,0.290812,0.1616262,0.09628056,0.9621701,-0.1686448,0.01712682,0.2132942
114662,0.0166675,58.738199846819,1.111903,0.08000159,-0.2600228,0.5365742,-0.2705248,0.5991737,0.5290512,0.177669987082481,0,0.2901559,0.1618144,0.09565954,0.9625196,-0.1662508,0.01840631,0.2134901
114664,0.0166656,58.7548654470593,1.111765,0.07973999,-0.2597705,0.5368682,-0.272654,0.5989805,0.5278776,0.164871588349342,0,0.2900228,0.1619031,0.09500162,0.9627222,-0.1609022,0.02130368,0.216385
114666,0.0166665,58.7715319469571,1.11139,0.07974979,-0.2599528,0.5360176,-0.275418,0.5992162,0.527039,0.159747004508972,0,0.2897704,0.1617654,0.09473999,0.9627617,-0.1602285,0.0236643,0.2164643
114670,0.0166674,58.7881993465126,1.110891,0.07955518,-0.2596345,-0.5347297,0.2770881,-0.6004526,-0.5260637,0.153745055198669,0,0.2899528,0.1613904,0.09474982,0.9628562,-0.1583095,0.0258749,0.2172015
114672,0.0166667,58.8048660457134,1.110654,0.07944284,-0.2596825,-0.5340822,0.2780488,-0.6019384,-0.5245144,0.15077543258667,0,0.2896345,0.1608909,0.09455518,0.9632457,-0.1559308,0.02692365,0.2170676
114676,0.0166674,58.8215334452689,1.10995,0.07941335,-0.2596612,0.5329986,-0.2794049,0.6017149,0.525152,0.14675161242485,0,0.2896825,0.1606542,0.0944428,0.9637767,-0.1540594,0.02785341,0.2159268
114680,0.016667,58.8382004443556,1.109996,0.07978249,-0.259903,0.5325077,-0.2789083,0.6041679,0.5230938,0.138889864087105,0,0.2896612,0.1599502,0.09441335,0.9636106,-0.1529818,0.0282896,0.2173727
114684,0.0166676,58.8548680450767,1.109585,0.07999814,-0.2603838,-0.5300895,0.281527,-0.6056494,-0.5224333,0.132998511195183,0,0.289903,0.1599956,0.09478249,0.9644798,-0.1511772,0.02816036,0.2147817
114686,0.0166664,58.8715344443917,1.109327,0.07979841,-0.2604473,0.5292249,-0.2818301,0.6060984,0.5226257,0.124845325946808,0,0.2903838,0.1595849,0.09499811,0.964848,-0.1475369,0.0293591,0.2154976
114690,0.016667,58.8882014434785,1.108881,0.07995901,-0.2607393,-0.5278541,0.2828929,-0.6063075,-0.5231949,0.121204845607281,0,0.2904472,0.1593271,0.0947984,0.9649282,-0.146586,0.02910882,0.2158213
114694,0.0166652,58.90486664325,1.109035,0.08008108,-0.2610312,-0.5278969,0.2812786,-0.6076802,-0.5224289,0.1159947514534,0,0.2907392,0.1588812,0.09495901,0.9648795,-0.1451683,0.02915362,0.2169883
114696,0.016668,58.9215346425772,1.109185,0.07997555,-0.2611564,0.5262414,-0.2833495,0.6074384,0.5232605,0.115945555269718,0,0.2910312,0.1590348,0.09508108,0.9653588,-0.1449553,0.0279644,0.2151474
114700,0.0166663,58.938200943172,1.109084,0.07996607,-0.261589,-0.525151,0.284028,-0.6077766,-0.5235955,0.112834200263023,0,0.2911563,0.1591845,0.09497558,0.9651334,-0.1432318,0.02867508,0.2172096
114704,0.0166673,58.9548682440072,1.109251,0.07946634,-0.2619155,0.5251774,-0.2842126,0.6080167,0.5231899,0.11191938072443,0,0.291589,0.159084,0.09496607,0.965152,-0.1420562,0.02859768,0.2179079
114708,0.0172163,58.9720845445991,1.109002,0.07952788,-0.2624616,-0.5240078,0.2839067,-0.6085443,-0.5239148,0.109970271587372,0,0.2919155,0.1592514,0.09446637,0.9652515,-0.1418127,0.02888906,0.2175872
114710,0.0166673,58.9887518454343,1.108639,0.07981455,-0.2630336,0.5222414,-0.2835973,0.6097069,0.5244941,0.112145081162453,0,0.2924615,0.1590019,0.09452789,0.9653038,-0.1409131,0.02778974,0.2180822
114716,0.0204198,59.0091716460884,1.108056,0.08034688,-0.264217,-0.5205515,0.2837228,-0.6106449,-0.5250146,0.109648883342743,0,0.2930336,0.1586393,0.09481455,0.9655232,-0.1392189,0.0264107,0.2183701
114718,0.0166672,59.0258388463408,1.108351,0.08002505,-0.2646194,0.5188453,-0.2846579,0.6113222,0.5254089,0.107438534498215,0,0.294217,0.1580563,0.09534688,0.9656763,-0.1375258,0.02547512,0.2188767
114722,0.016667,59.0425058454275,1.107896,0.08034259,-0.2651947,-0.5183827,0.2832858,-0.6116951,-0.5261727,0.108551852405071,0,0.2946194,0.1583508,0.09502505,0.9657491,-0.135633,0.02528353,0.219757
114724,0.0166669,59.0591727457941,1.107794,0.08028373,-0.2655222,0.5168912,-0.2835172,0.6124318,0.5266583,0.0936126932501793,0,0.2951947,0.1578965,0.09534259,0.9657931,-0.1357387,0.02360998,0.2196846
114728,0.0166678,59.0758405458182,1.107237,0.08054435,-0.267039,0.5159107,-0.2816798,0.6145481,0.5261399,0.0904579535126686,0,0.2955222,0.1577943,0.09528373,0.9658919,-0.1342506,0.0228862,0.2202404
114730,0.0166665,59.092507045716,1.107034,0.08030245,-0.2676232,0.5137583,-0.2805028,0.6172369,0.5257275,0.0786919966340065,0,0.297039,0.1572365,0.09554435,0.9665133,-0.1330197,0.02088964,0.2184522
114734,0.0174523,59.1099593453109,1.106147,0.08053786,-0.2698489,-0.5094693,0.2793063,-0.6207042,-0.5264555,0.0726598426699638,0,0.2976231,0.1570345,0.09530242,0.9672152,-0.1303962,0.01882957,0.2171108
114738,0.016667,59.1266263443977,1.105762,0.08037543,-0.2707717,0.5074784,-0.2790329,0.6223782,0.5265471,0.0568580701947212,0,0.2998489,0.1561474,0.09553783,0.9679205,-0.1259891,0.01530988,0.2168461
114742,0.0166683,59.1432946436107,1.104601,0.08016652,-0.272409,0.5032582,-0.2705575,0.6292287,0.5268787,0.0545469634234905,0,0.3007717,0.1557618,0.09537543,0.9682739,-0.1237619,0.0139981,0.2166396
114744,0.0166666,59.1599612440914,1.104459,0.07898805,-0.2729282,-0.5004219,0.271695,-0.6309549,-0.5269305,0.0338681638240814,0,0.3024089,0.1546013,0.09516649,0.9699467,-0.1202712,0.004251996,0.2114712
114748,0.0166672,59.1766284443438,1.103843,0.0777981,-0.2754197,0.4923312,-0.2711108,0.6356252,0.5292349,0.0266979597508907,0,0.3029281,0.1544592,0.09398805,0.9702379,-0.1168581,0.003759091,0.2120581
114752,0.0167883,59.1934167444706,1.103395,0.07676113,-0.276487,-0.4898278,0.2705185,-0.6368241,-0.5304184,0.0171060934662819,0,0.3054197,0.153843,0.0927981,0.9707891,-0.1090391,-0.001599973,0.2137202
114756,0.0217511,59.215167844668,1.103046,0.07516357,-0.2793837,-0.4866686,0.271531,-0.6355457,-0.5343279,0.00627902150154114,0,0.306487,0.1533955,0.09176113,0.9708412,-0.1069799,-0.003747091,0.2144963
114760,0.0166712,59.2318390440196,1.103181,0.07393301,-0.2799488,0.4862108,-0.2703472,0.6359767,0.5348319,0,0,0.3093836,0.1530464,0.09016357,0.9699413,-0.1055976,-0.005602472,0.2191612
114762,0.0166691,59.24850814417,1.10338,0.07295695,-0.2811186,-0.4831431,0.2720512,-0.6360297,-0.5366818,0,0,0.3099487,0.1531815,0.08893301,0.9699836,-0.1055583,-0.007017958,0.2189523
114764,0.016667,59.2651751432568,1.10384,0.07188433,-0.281462,0.4806467,-0.2727959,0.6366869,0.5377649,0,0,0.3111186,0.1533797,0.08795692,0.9696033,-0.1029389,-0.007625476,0.2218442
114770,0.0166724,59.2818475440145,1.10447,0.07048312,-0.2828007,-0.4785339,0.2723446,-0.6377692,-0.5385946,0,0,0.311462,0.1538404,0.0868843,0.9694892,-0.1006518,-0.008558394,0.2233534
114772,0.0166666,59.2985141444951,1.105006,0.06892735,-0.2835126,-0.4770641,0.2745802,-0.6374011,-0.5391989,0,0,0.3128007,0.1544703,0.08548309,0.9695402,-0.0988274,-0.01026861,0.2238741
114776,0.0166728,59.3151869438589,1.105636,0.06733251,-0.2843079,0.4736494,-0.2762678,0.6380032,0.5406333,0,0,0.3135126,0.1550058,0.08392732,0.9692592,-0.09720185,-0.009230875,0.2258389
114778,0.0166655,59.3318524435163,1.10609,0.06617785,-0.2845165,0.4735531,-0.2771265,0.6375965,0.5407578,0,0,0.3143079,0.1556357,0.08233251,0.968999,-0.09396944,-0.009896624,0.2282821
114782,0.0166654,59.3485178425908,1.106203,0.06501552,-0.2857328,0.4714777,-0.2814992,0.6365784,0.5415117,0,0,0.3145165,0.1560901,0.08117785,0.9688648,-0.09381264,-0.009227433,0.2289433
114786,0.0167846,59.3653024435043,1.106568,0.06396812,-0.2858808,0.4712318,-0.27914,0.6390804,0.5399978,0,0,0.3157328,0.1562029,0.08001553,0.9683067,-0.09130623,-0.006654997,0.2323814
114790,0.0166589,59.38196134381,1.106438,0.06281969,-0.2870528,-0.4692423,0.2800049,-0.6402624,-0.5398824,0,0,0.3158808,0.1565681,0.07896812,0.9691145,-0.09043591,-0.008423181,0.2292763
114792,0.016693,59.3986543435603,1.106742,0.06157267,-0.2876227,0.4671542,-0.2820582,0.6411055,0.5396239,0,0,0.3170528,0.1564378,0.07781972,0.9692578,-0.08799926,-0.008639217,0.2296104
114798,0.0220648,59.4207191430032,1.105929,0.06022161,-0.2893373,0.4673349,-0.281277,0.6421846,0.5385911,0,0,0.3176227,0.1567423,0.0765727,0.9692972,-0.0851996,-0.00781838,0.2305271
114800,0.0179326,59.4386517424136,1.106403,0.05916151,-0.2895618,0.4684823,-0.2805451,0.6419489,0.5382568,0,0,0.3193372,0.1559287,0.07522161,0.9696988,-0.08488452,-0.008118635,0.2289387
114804,0.0166692,59.4553209431469,1.105975,0.05861202,-0.2906872,0.4676471,-0.2803479,0.6431417,0.5376616,0,0,0.3195617,0.1564028,0.07416151,0.9697758,-0.08607548,-0.00808586,0.2281679
114806,0.0166657,59.47198664397,1.105714,0.05785176,-0.2912226,0.4670683,-0.2796986,0.6440567,0.5374076,0,0,0.3206872,0.1559754,0.07361202,0.9700702,-0.0848032,-0.008510876,0.227376
114810,0.0166676,59.4886542446911,1.105148,0.05751786,-0.2924965,-0.4664235,0.2798994,-0.6447666,-0.5370117,0,0,0.3212225,0.155714,0.07285176,0.9702875,-0.08409274,-0.009300305,0.2266807
114814,0.0166667,59.505320943892,1.104613,0.05728829,-0.2932695,0.4651392,-0.2811522,0.6448014,0.5374293,0,0,0.3224965,0.155148,0.07251789,0.9704481,-0.08310007,-0.009335914,0.2263573
114818,0.01672,59.5220409445465,1.104222,0.05728135,-0.2952304,0.4654509,-0.279989,0.6460902,0.5362175,0,0,0.3232694,0.1546126,0.07228826,0.9702917,-0.08173285,-0.009003597,0.2275365
114820,0.0166134,59.5386543441564,1.104113,0.05670297,-0.2958905,0.4643649,-0.2807094,0.6455901,0.5373834,0,0,0.3252303,0.1542223,0.07228132,0.9707738,-0.08151625,-0.009519234,0.2255278
114824,0.0166698,59.5553241446614,1.103949,0.0559668,-0.2972679,-0.4604286,0.2829001,-0.6472571,-0.5376163,0,0,0.3258905,0.1541131,0.071703,0.9704357,-0.08090158,-0.009768986,0.2271872
114826,0.0166642,59.5719883441925,1.103795,0.05554399,-0.2975545,-0.459682,0.2842616,-0.647532,-0.5372059,0,0,0.3272679,0.153949,0.0709668,0.9704575,-0.07632752,-0.009891055,0.228667
114830,0.0166673,59.5886556450278,1.103251,0.05577314,-0.2985865,0.4584539,-0.2833968,0.648411,0.5376519,0,0,0.3275545,0.1537948,0.07054396,0.9704762,-0.07505208,-0.008951728,0.2290483
114834,0.0166667,59.6053223442286,1.103121,0.05561903,-0.2992423,-0.4565562,0.2849796,-0.6493702,-0.5372723,0,0,0.3285865,0.1532506,0.07077314,0.9705583,-0.0740762,-0.01045496,0.2289541
114838,0.0206842,59.6260065436363,1.102536,0.05620951,-0.3015109,0.4479353,-0.2862458,0.6537798,0.5385066,0,0,0.3292423,0.1531212,0.07061906,0.9706338,-0.07150878,-0.009905024,0.2294742
114842,0.0166678,59.6426743436605,1.101952,0.05687097,-0.3024629,-0.4428585,0.2871947,-0.6559718,-0.5395337,0,0,0.3315108,0.1525362,0.07120951,0.9707621,-0.06252123,-0.01344197,0.2313685
114844,0.0166667,59.6593410428613,1.101776,0.05722165,-0.3031616,-0.4412356,0.2858607,-0.6575464,-0.5396551,0,0,0.3324629,0.1519517,0.07187097,0.9706689,-0.05741213,-0.01541832,0.232955
114848,0.016668,59.6760090421885,1.100883,0.05824205,-0.3047894,0.4381144,-0.2871493,0.6591692,0.5395341,0,0,0.3331615,0.1517757,0.07222162,0.970897,-0.05589477,-0.01742542,0.2322309
114850,0.0166674,59.692676441744,1.100537,0.05855245,-0.3057515,-0.4340712,0.2896135,-0.6606075,-0.5397258,0,0,0.3347894,0.1508835,0.07324205,0.9709466,-0.05221687,-0.01779592,0.2328507
114856,0.0166661,59.7093425411731,1.100358,0.05960211,-0.3064864,-0.4312783,0.2871866,-0.6650562,-0.5377946,0,0,0.3357515,0.1505368,0.07355244,0.9707841,-0.04756206,-0.01767198,0.2345291
114858,0.0166883,59.7260308414698,1.100645,0.06033463,-0.3066203,-0.4285302,0.2855068,-0.6682052,-0.5369819,0,0,0.3364864,0.1503584,0.07460208,0.9717667,-0.04371968,-0.02060533,0.2309405
114862,0.0166667,59.7426975406706,1.100644,0.06176594,-0.3073754,0.4336392,-0.2820367,0.6709725,0.5312328,0,0,0.3366203,0.1506446,0.07533462,0.9723026,-0.04050261,-0.02317896,0.2290197
114864,0.0166676,59.7593651413918,1.100787,0.06319666,-0.3073903,-0.4372571,0.2780744,-0.6747777,-0.5255054,0,0,0.3373753,0.1506441,0.07676594,0.9741084,-0.04317185,-0.02203406,0.2208247
114868,0.0166661,59.7760312408209,1.100475,0.06506234,-0.3066758,0.4408325,-0.2759381,0.6770511,0.5206984,0,0,0.3373902,0.1507867,0.07819666,0.9759312,-0.04436361,-0.02202814,0.2123792
114872,0.0166666,59.7926978413016,1.100741,0.06662449,-0.3064388,-0.4445971,0.275302,-0.6767026,-0.5182818,0,0,0.3366758,0.1504751,0.08006234,0.9772497,-0.04580287,-0.02070464,0.2060497
114876,0.016667,59.8093648403883,1.100884,0.07011905,-0.3061637,-0.4554266,0.2642422,-0.6791169,-0.5114322,0,0,0.3364388,0.1507407,0.08162452,0.9777585,-0.04861256,-0.01868942,0.2031645
114880,0.0229144,59.8322792407125,1.101423,0.07515731,-0.3065012,0.4619162,-0.2702262,0.6759272,0.5066889,0,0,0.3361637,0.1508839,0.08511908,0.9799347,-0.05832789,-0.02091108,0.1894429
114882,0.0166677,59.8489469401538,1.101642,0.07908508,-0.3064582,-0.4658143,0.2745739,-0.6746818,-0.5024249,0.0372712761163712,0,0.3365012,0.1514234,0.09015732,0.9801173,-0.06179509,-0.01105913,0.1882265
114884,0.0166674,59.8656143397093,1.102248,0.08248734,-0.3069489,-0.4725779,0.2925882,-0.6697785,-0.4924012,0.193295955657959,0,0.3364581,0.1516418,0.09408508,0.9804237,-0.06299588,-0.00403522,0.1865063
114890,0.0166667,59.8822810389102,1.101882,0.08837953,-0.3068272,-0.4735022,0.3199097,-0.6607862,-0.4866365,0.193295955657959,0,0.3369489,0.1522481,0.09748735,0.9801636,-0.06215299,0.01817624,0.1873128
114892,0.0166666,59.8989476393908,1.102172,0.09209672,-0.306554,-0.4784663,0.3305714,-0.658591,-0.4775464,0.231727987527847,0,0.3368272,0.1518815,0.1033795,0.9774675,-0.05633484,0.04454473,0.1984927
114896,0.0166693,59.9156169388443,1.102851,0.09586489,-0.3079365,-0.4806792,0.3741858,-0.6429327,-0.4642955,0.151393532752991,0,0.3365539,0.1521723,0.1070967,0.9772189,-0.05557429,0.05934745,0.1960423
114898,0.0166639,59.9322808384895,1.102669,0.09978759,-0.3083684,-0.4903617,0.392096,-0.6306571,-0.4561554,0.0740446448326111,0,0.3379364,0.1528509,0.1108649,0.9708315,-0.04659624,0.1038718,0.2110111
114902,0.0166673,59.9489481393248,1.105364,0.102179,-0.3102746,0.4967608,-0.3978409,0.630055,0.4449518,0.0358730964362621,0,0.3383684,0.1526695,0.1147876,0.9667923,-0.05193049,0.1277333,0.2151744
114906,0.0166678,59.9656159393489,1.106933,0.1043074,-0.3115538,0.5000374,-0.4084752,0.6266109,0.436428,0,0,0.3402746,0.1553637,0.117179,0.9666625,-0.05280052,0.1398256,0.2079053
114910,0.0166666,59.9822825398296,1.107042,0.1096638,-0.314809,-0.512181,0.4174457,-0.6247111,-0.4161079,0,0,0.3415538,0.1569329,0.1193074,0.9648377,-0.05143406,0.1540261,0.2066854
114912,0.0166672,59.998949740082,1.107246,0.1130359,-0.3161012,0.5174981,-0.4242825,0.622376,0.4059904,0,0,0.3448089,0.1570422,0.1246638,0.9639066,-0.05431436,0.1751845,0.1929882
114916,0.0166667,60.0156164392829,1.107265,0.1153352,-0.3148855,0.5179629,-0.4153971,0.6301409,0.4025943,0,0,0.3461011,0.1572464,0.1280359,0.9625275,-0.05500242,0.1876239,0.1879173
114922,0.0238663,60.0394827388227,1.107955,0.1190619,-0.3154132,0.5151371,-0.421835,0.6325247,0.3957292,0,0,0.3448855,0.1572655,0.1303352,0.965722,-0.05408959,0.1807294,0.1783037
114924,0.016667,60.0561497379094,1.107471,0.1212747,-0.3156427,0.5092571,-0.4319578,0.6311672,0.3945855,0,0,0.3454132,0.1579553,0.1340619,0.9652776,-0.04703627,0.1874831,0.1757186
114926,0.0166677,60.0728174373508,1.108174,0.1226374,-0.3145253,0.5047904,-0.4328717,0.6409085,0.3834645,0,0,0.3456427,0.1574715,0.1362747,0.9632616,-0.03929807,0.1941985,0.1813003
114930,0.0166669,60.0894843377173,1.107278,0.126181,-0.3152344,0.4979893,-0.4516097,0.6383219,0.3749673,0,0,0.3445252,0.1581743,0.1376374,0.9651379,-0.02851778,0.1964492,0.1705971
114934,0.0166665,60.1061508376151,1.107666,0.1273621,-0.3144249,0.4913839,-0.4572692,0.6439359,0.3671423,0,0,0.3452344,0.1572785,0.1411811,0.9610394,-0.01604444,0.2132973,0.1750718
114938,0.0166667,60.122817536816,1.107064,0.1297389,-0.3132852,0.4851845,-0.472294,0.6413414,0.360854,0,0,0.3444249,0.1576658,0.1423621,0.9608564,-0.004582859,0.2178762,0.1710671
114940,0.0166668,60.1394843365997,1.106672,0.1320995,-0.314794,0.4839103,-0.4797485,0.6375501,0.359447,0,0,0.3432852,0.157064,0.1447389,0.9569962,0.005646075,0.2309937,0.1754089
114944,0.0166677,60.156152036041,1.10674,0.1339235,-0.3149009,0.4779055,-0.4917252,0.6342698,0.3570919,0,0,0.3447939,0.1566717,0.1470995,0.9545568,0.007768048,0.2378701,0.1793849
114946,0.0166667,60.1728187352419,1.105796,0.136636,-0.3169237,-0.4824091,0.5010721,-0.6238084,-0.3564706,0,0,0.3449009,0.1567401,0.1489235,0.9509568,0.01561227,0.2469773,0.1855797
114950,0.0166673,60.1894860360771,1.105029,0.1380447,-0.3163702,-0.4839055,0.5109486,-0.6165071,-0.3531092,0,0,0.3469237,0.1557962,0.151636,0.9466758,0.01057756,0.2584225,0.1921222
114954,0.0166677,60.2061537355185,1.104973,0.1386604,-0.3154873,-0.4813032,0.518027,-0.6140479,-0.3506286,0,0,0.3463702,0.1550286,0.1530447,0.9426271,0.01015367,0.2698334,0.1963188
114958,0.0166664,60.2228201348335,1.104118,0.1411184,-0.3158117,-0.4802951,0.5288662,-0.6092202,-0.3441917,0,0,0.3454872,0.1549733,0.1536604,0.9401558,0.01404066,0.2761666,0.1991028
114962,0.0197979,60.2426180355251,1.102387,0.1428981,-0.315105,-0.4798022,0.5373238,-0.6075143,-0.3346633,0,0,0.3458117,0.1541175,0.1561184,0.9360139,0.0177361,0.2883628,0.2010232
114964,0.0166668,60.2592848353088,1.101837,0.1439017,-0.3150674,0.4785202,-0.5400842,0.6092923,0.3287711,0,0,0.345105,0.152387,0.1578981,0.9329679,0.02232932,0.2996407,0.1982115
114968,0.016668,60.275952834636,1.101099,0.1448964,-0.3156598,0.4801616,-0.5431048,0.6061682,0.3271729,0,0,0.3450674,0.1518373,0.1589017,0.9323117,0.02640095,0.3037267,0.1945457
114972,0.0176083,60.2935611344874,1.101277,0.1447083,-0.3164836,0.4780934,-0.5462452,0.6070538,0.323309,0,0,0.3456598,0.1510987,0.1598964,0.9307306,0.02505106,0.3080876,0.1954355
114974,0.0194174,60.3129785340279,1.101025,0.1444648,-0.316002,0.4773077,-0.5516569,0.6037933,0.3213811,0,0,0.3464836,0.1512769,0.1597083,0.9297951,0.02901409,0.3114431,0.1940169
114978,0.016668,60.3296465333551,1.100672,0.1447457,-0.3162425,0.4769126,-0.5558279,0.600418,0.3211043,0.00163712841458619,0,0.346002,0.1510245,0.1594648,0.927376,0.03040431,0.3170174,0.1963398
114982,0.016667,60.3463135324419,1.100346,0.1450922,-0.3167023,0.4775063,-0.5550095,0.6008887,0.3207569,0.254164099693298,0,0.3462425,0.1506719,0.1597457,0.9253548,0.03064588,0.3210085,0.1993312
114986,0.0166671,60.3629806321114,1.099861,0.1446719,-0.3173064,0.4756248,-0.5591,0.5994411,0.3191531,0.280360072851181,0,0.3467023,0.1503456,0.1600922,0.925703,0.03019156,0.3206341,0.1983843
114988,0.0166667,60.3796473313123,1.099641,0.1445341,-0.3179476,0.4740871,-0.5627274,0.5982733,0.3172513,0.310139119625092,0,0.3473063,0.1498607,0.1596719,0.9240183,0.03275825,0.324248,0.1999508
114992,0.016667,60.396314330399,1.099477,0.1439134,-0.3186643,0.4741221,-0.5664208,0.5957226,0.3154207,0.310754477977753,0,0.3479475,0.1496411,0.1595341,0.9225097,0.03508992,0.3276972,0.2008955
114996,0.0166665,60.4129808302969,1.099489,0.1438081,-0.3194633,-0.4740533,0.5666564,-0.596414,-0.3137904,0.31826314330101,0,0.3486643,0.1494774,0.1589134,0.920692,0.03555066,0.3320113,0.2020669
115000,0.0166671,60.4296479299665,1.09908,0.1432458,-0.3206556,-0.4757761,0.5719623,-0.5915731,-0.310705,0.314178884029388,0,0.3494633,0.1494886,0.1588081,0.9206858,0.03636295,0.3327842,0.2006743
115004,0.0214305,60.4510784298182,1.0987,0.1424791,-0.3208788,0.4777666,-0.5757914,0.589635,0.3041941,0.314603179693222,0,0.3506556,0.1490805,0.1582458,0.9177759,0.03526336,0.3400309,0.2020466
115006,0.0166761,60.4677545297891,1.098736,0.1425217,-0.3208246,0.4772253,-0.5775514,0.5888613,0.3032044,0.331067383289337,0,0.3508788,0.1487003,0.1574791,0.9157547,0.03553979,0.3471859,0.198978
115008,0.0166676,60.4844221305102,1.098911,0.141705,-0.3201355,-0.4765512,0.577943,-0.5891969,-0.3028663,0.341896831989288,0,0.3508246,0.1487362,0.1575217,0.9149329,0.03642847,0.3490068,0.1994116
115014,0.0166913,60.5011134296656,1.099043,0.141129,-0.3198696,0.4791468,-0.5806577,0.5852704,0.3011869,0.363662868738174,0,0.3501355,0.1489106,0.156705,0.9148481,0.03732276,0.3491646,0.1993592
115016,0.0166642,60.5177776291966,1.099113,0.1412251,-0.3200919,0.4787268,-0.5812445,0.5850884,0.3010767,0.394349157810211,0,0.3498696,0.1490435,0.156129,0.9129899,0.03476147,0.3538295,0.2001147
115020,0.0166667,60.5344443283975,1.099294,0.1404295,-0.3198302,0.4789261,-0.5822137,0.5843323,0.3003542,0.412626177072525,0,0.3500918,0.1491128,0.1562251,0.9127398,0.03523326,0.3542342,0.2004569
115022,0.0166669,60.5511112287641,1.09917,0.1408028,-0.3197599,0.4792794,-0.5830824,0.5836726,0.2993869,0.435018271207809,0,0.3498302,0.1492941,0.1554295,0.9121996,0.03521722,0.3555642,0.2005637
115028,0.0166668,60.5677780285478,1.099314,0.1404692,-0.3201092,0.4804969,-0.5836657,0.5826744,0.2982409,0.444585591554642,0,0.3497599,0.1491697,0.1558028,0.9116999,0.03514347,0.3569627,0.2003647
115032,0.0166659,60.5844439286739,1.099576,0.1402439,-0.3204445,-0.4810077,0.5845088,-0.5821291,-0.296828,0.464765518903732,0,0.3501092,0.149314,0.1554692,0.911215,0.03417417,0.3585949,0.1998226
115034,0.0180751,60.6025190278888,1.099759,0.1408757,-0.3212149,0.4828588,-0.585236,0.5805193,0.2955397,0.475536972284317,0,0.3504444,0.1495759,0.1552439,0.9107181,0.03411838,0.3602115,0.1991887
115038,0.0166674,60.6191864274442,1.10009,0.1411674,-0.3217885,0.484097,-0.5843645,0.5807415,0.294801,0.479574590921402,0,0.3512149,0.1497588,0.1558757,0.910032,0.03244768,0.3623756,0.1986778
115040,0.0174537,60.6366401277483,1.100412,0.1415868,-0.3219339,0.4843029,-0.5850896,0.5800669,0.2943522,0.488493591547012,0,0.3517885,0.1500896,0.1561674,0.9103393,0.03143867,0.3624204,0.1973462
115048,0.0265591,60.6631992273033,1.101779,0.1414741,-0.3225209,-0.4844098,0.5844562,-0.5813251,-0.2929494,0.501319766044617,0,0.3519339,0.1504117,0.1565868,0.9099083,0.03131131,0.363416,0.1975232
115050,0.0231264,60.6863256264478,1.101933,0.1425016,-0.3229488,-0.4844504,0.5838004,-0.5822673,-0.2923177,0.509267807006836,0,0.3525209,0.1517788,0.1564741,0.910319,0.03189956,0.36334,0.1956678
115052,0.0166685,60.7029941268265,1.102177,0.1427708,-0.3230777,-0.4841446,0.5837841,-0.5825934,-0.2922073,0.51005744934082,0,0.3529487,0.151933,0.1575017,0.9107145,0.03221712,0.3629314,0.19453
115058,0.0166665,60.7196606267244,1.102442,0.1434092,-0.3239492,0.4835219,-0.5840566,0.5828218,0.2922383,0.51245653629303,0,0.3530777,0.1521766,0.1577708,0.9107851,0.03262728,0.3627932,0.1943888
115060,0.016667,60.7363276258111,1.102643,0.14417,-0.3247427,0.4832517,-0.5837891,0.5836085,0.2916492,0.502321898937225,0,0.3539491,0.1524417,0.1584092,0.9107428,0.03330993,0.3627263,0.1945961
115064,0.0166668,60.7529944255948,1.103108,0.1447742,-0.3256644,0.4828793,-0.5833171,0.5846959,0.2910317,0.488535404205322,0,0.3547427,0.1526431,0.15917,0.91097,0.03392398,0.3625278,0.1937947
115066,0.0166668,60.7696612253785,1.103357,0.1450271,-0.3266222,0.4829598,-0.5835496,0.5844284,0.2909693,0.477108210325241,0,0.3556644,0.1531081,0.1597742,0.911331,0.0346937,0.3620816,0.1927929
115070,0.0166672,60.7863284256309,1.103747,0.1458268,-0.3279158,0.4831312,-0.5829538,0.5852643,0.2901979,0.466277211904526,0,0.3566222,0.1533569,0.1600271,0.9111878,0.03459996,0.3623789,0.1929282
115072,0.0166667,60.8029951248318,1.104002,0.146207,-0.3285762,0.4831342,-0.5829765,0.5852522,0.2901718,0.43057507276535,0,0.3579158,0.1537475,0.1608268,0.9115255,0.03481656,0.3621511,0.1917178
115078,0.0166669,60.8196620251983,1.104208,0.1459157,-0.3286536,-0.4818341,0.5839972,-0.5847405,-0.2913105,0.395971953868866,0,0.3585762,0.1540021,0.161207,0.9115133,0.03482198,0.3621847,0.1917115
115080,0.0166672,60.8363292254508,1.104444,0.1455954,-0.3287424,0.481895,-0.5845189,0.5840483,0.291552,0.396261602640152,0,0.3586535,0.1542082,0.1609157,0.9111217,0.03570938,0.3621111,0.1935404
115084,0.0166674,60.8529966250062,1.103984,0.1449817,-0.3290319,0.4797647,-0.5873985,0.5828433,0.2916892,0.395953238010406,0,0.3587424,0.1544443,0.1605954,0.9108047,0.03546722,0.362578,0.1942007
115088,0.0194082,60.8724048249424,1.103845,0.144532,-0.3299646,-0.4801774,0.5873165,-0.5828594,-0.2911427,0.388755321502686,0,0.3590318,0.1539835,0.1599817,0.9095367,0.037544,0.3642906,0.1965347
115090,0.0166675,60.8890723250806,1.103635,0.1444586,-0.3307311,-0.4801077,0.5880144,-0.5826556,-0.2902553,0.380732983350754,0,0.3599645,0.1538453,0.159532,0.9095345,0.03731809,0.3646217,0.1959732
115094,0.0166676,60.9057399258018,1.103295,0.1443576,-0.331003,-0.4798957,0.5876683,-0.5833576,-0.2898969,0.373992115259171,0,0.3607311,0.153635,0.1594586,0.9091851,0.03771234,0.3656031,0.1956902
115098,0.0166675,60.92240742594,1.102763,0.1435905,-0.3316888,0.4786958,-0.5875171,0.5841373,0.290616,0.36969193816185,0,0.361003,0.1532947,0.1593576,0.9094363,0.03816383,0.3652737,0.1950495
115100,0.0166675,60.9390749260783,1.102466,0.142914,-0.3320907,0.4778183,-0.5873187,0.5852079,0.2903069,0.380108594894409,0,0.3616888,0.1527634,0.1585905,0.9097035,0.03925998,0.3642332,0.1955314
115104,0.0166677,60.9557426255196,1.101906,0.1420903,-0.3335384,0.4760018,-0.5861298,0.5880069,0.2900383,0.380779474973679,0,0.3620907,0.1524656,0.157914,0.9099817,0.04044589,0.3636852,0.1950143
115106,0.0166672,60.972409825772,1.101174,0.1412447,-0.334371,0.4736812,-0.5859743,0.590883,0.2883015,0.374734550714493,0,0.3635383,0.1519064,0.1570903,0.9109743,0.04282223,0.3616414,0.193669
115110,0.0166657,60.9890755265951,1.100353,0.1398223,-0.336039,0.4709519,-0.5860291,0.59359,0.2870978,0.3522047996521,0,0.364371,0.1511745,0.1562447,0.9115054,0.04630701,0.3609016,0.1917388
115114,0.0166665,61.005742026493,1.099401,0.1395806,-0.3371256,-0.4718001,0.5834257,-0.59558,-0.2868862,0.300257563591003,0,0.366039,0.1503525,0.1548223,0.9119439,0.0499903,0.3599719,0.190472
115118,0.0166671,61.0224091261625,1.09914,0.1390803,-0.3399283,0.4714777,-0.578261,0.6006221,0.2873607,0.291811466217041,0,0.3671256,0.1494005,0.1545806,0.9132616,0.04939703,0.357895,0.1882138
115120,0.019104,61.0415131263435,1.098473,0.1386618,-0.3413799,-0.4721439,0.5783271,-0.5993264,-0.2888353,0.259919017553329,0,0.3699283,0.1491401,0.1540803,0.9161068,0.05010838,0.3524224,0.1844887
115124,0.0191593,61.0606724265963,1.097199,0.137866,-0.3443705,-0.468585,0.5727677,-0.6064267,-0.2908815,0.230627924203873,0,0.3713798,0.1484733,0.1536618,0.91593,0.04868428,0.3522972,0.1859809
115130,0.021506,61.0821784269065,1.095771,0.1381375,-0.3476827,0.4681051,-0.554405,0.6228321,0.2925627,0.16016286611557,0,0.3743704,0.1471995,0.152866,0.9193354,0.05241551,0.3442099,0.1832885
115134,0.0215878,61.103766227141,1.096088,0.1366332,-0.34825,-0.4692083,0.5374553,-0.6360822,-0.2939128,0.0964654535055161,0,0.3776827,0.1457707,0.1531375,0.9285686,0.05371303,0.3253166,0.170424
115138,0.0166681,61.120434327051,1.094651,0.1364056,-0.3504831,0.4750796,-0.5100162,0.6524931,0.2973812,0.0774480849504471,0,0.37825,0.1460882,0.1516332,0.9362611,0.05285838,0.3089191,0.1587144
115140,0.0166662,61.137100527063,1.095575,0.1359701,-0.3522287,-0.4734898,0.5015699,-0.6588771,-0.3001934,0,0,0.380483,0.1446512,0.1514056,0.9471217,0.04564083,0.2842862,0.1416294
115144,0.0166677,61.1537682265043,1.095091,0.135227,-0.354574,0.4810374,-0.4813898,0.6665295,0.3043113,0,0,0.3822287,0.1455746,0.1509701,0.950527,0.04632521,0.2744187,0.13801
115146,0.0166668,61.170435026288,1.096195,0.1353038,-0.3565179,-0.4841938,0.4751314,-0.6680838,-0.3057297,0,0,0.3845739,0.1450914,0.150227,0.9571084,0.03608276,0.2576497,0.1275079
115150,0.016667,61.1871020253748,1.09708,0.1342246,-0.3587219,0.4937351,-0.4586425,0.6676447,0.3164226,0,0,0.3865179,0.1461949,0.1503038,0.9589382,0.03185387,0.2528441,0.1244696
115152,0.0166666,61.2037686258554,1.098007,0.1341599,-0.360288,0.5001627,-0.4515104,0.6641911,0.3237682,0,0,0.3887219,0.1470798,0.1492246,0.9631978,0.0161254,0.2383397,0.1232241
115156,0.0166688,61.22043742612,1.098497,0.133018,-0.3609556,-0.5106975,0.4371112,-0.660431,-0.3345934,0,0,0.390288,0.1480075,0.1491599,0.9645043,0.005405002,0.2323012,0.1254526
115160,0.0166653,61.2371027264744,1.097628,0.1335019,-0.3622012,0.5137505,-0.4249915,0.6622853,0.3417906,0,0,0.3909555,0.1484969,0.148018,0.9671253,-0.0119565,0.2204372,0.1262268
115162,0.0166692,61.2537719272077,1.09765,0.1342515,-0.3640729,-0.515973,0.420843,-0.6626247,-0.3429164,0,0,0.3922012,0.1476281,0.1485019,0.9698804,-0.0192536,0.2082375,0.1248939
115166,0.0166649,61.2704368270934,1.097275,0.134327,-0.3644021,0.5192319,-0.4078793,0.6709926,0.3373451,0,0,0.3940729,0.1476504,0.1492515,0.9706774,-0.02252202,0.2051603,0.1232371
115170,0.0166728,61.2871096264571,1.097337,0.1344022,-0.3658361,-0.5214493,0.3958276,-0.6773234,-0.3356252,0,0,0.3944021,0.1472753,0.149327,0.9740106,-0.02446235,0.1969279,0.1091983
115174,0.016661,61.3037706259638,1.09695,0.1335171,-0.3660923,0.5271614,-0.3617648,0.6935296,0.3320297,0,0,0.3958361,0.1473375,0.1494023,0.9767975,-0.02705636,0.1876892,0.0995365
115178,0.0166676,61.3204382266849,1.096869,0.13277,-0.3667341,-0.5356711,0.3172226,-0.7066739,-0.3362117,0,0,0.3960923,0.1469501,0.1485171,0.9835328,-0.03501656,0.1611581,0.07392707
115180,0.0166662,61.3371044266969,1.097679,0.1323579,-0.3670345,0.5396035,-0.2851077,0.7204324,0.3294219,0.0128596099093556,0,0.396734,0.1468686,0.14777,0.9896094,-0.05192747,0.1244179,0.0499703
115184,0.0166683,61.3537727259099,1.097393,0.1310013,-0.3673117,-0.5534861,0.2483851,-0.725288,-0.3254463,0.0311426389962435,0,0.3970344,0.1476795,0.1473579,0.992907,-0.05826811,0.1008177,0.02400515
115186,0.0166938,61.3704665265977,1.097862,0.1293665,-0.3675476,0.558692,-0.2338956,0.7276264,0.3220496,0,0,0.3973117,0.147393,0.1460013,0.9938607,-0.07877687,0.07768017,-0.0009706841
115190,0.0166665,61.3871330264956,1.098307,0.1282042,-0.3674433,-0.5722451,0.1947701,-0.7355974,-0.305772,0,0,0.3975476,0.1478615,0.1443665,0.9938056,-0.08606248,0.06921934,-0.01234538
115192,0.0166682,61.4038012269884,1.099903,0.1265847,-0.3683434,-0.5755747,0.1898774,-0.7339398,-0.3065826,0,0,0.3974433,0.1483065,0.1432042,0.9922494,-0.1030263,0.0491599,-0.04909337
115198,0.0166656,61.4204668272287,1.102144,0.1247528,-0.3700282,-0.5909283,0.1589667,-0.7317585,-0.3001046,0,0,0.3983434,0.149903,0.1415847,0.9917285,-0.1082858,0.04646447,-0.05089073
115200,0.0166672,61.4371340274811,1.104343,0.1230748,-0.3712924,-0.5969359,0.154729,-0.7267396,-0.3026153,0,0,0.4000281,0.1521443,0.1397528,0.9882467,-0.1306738,0.03108579,-0.0729831
115204,0.0166665,61.4538005273789,1.108302,0.1197216,-0.3719324,-0.6066631,0.1365166,-0.7236951,-0.2993134,0,0,0.4012924,0.1543433,0.1380748,0.9870772,-0.1397433,0.02976806,-0.07255442
115206,0.0166669,61.4704674277455,1.11057,0.1186214,-0.3724042,0.6123123,-0.1193141,0.7225977,0.2978094,0,0,0.4019324,0.1583024,0.1347216,0.9841447,-0.1544015,0.02108425,-0.08470377
115210,0.0166671,61.487134527415,1.11372,0.1159948,-0.3723257,-0.6147804,0.09783094,-0.7215614,-0.3030237,0,0,0.4024042,0.1605703,0.1336214,0.9816751,-0.1649935,0.01051197,-0.09476577
115214,0.016666,61.503800528124,1.115935,0.1146548,-0.3725369,0.6163827,-0.08952581,0.719235,0.3078288,0,0,0.4023256,0.1637197,0.1309948,0.9791741,-0.1760085,-0.007673173,-0.1008973
115218,0.0166677,61.5204682275653,1.117754,0.1133478,-0.3723381,-0.6156139,0.07707556,-0.719174,-0.312838,0,0,0.4025368,0.1659352,0.1296548,0.977971,-0.1822792,-0.01536454,-0.1005536
115220,0.0166664,61.5371346268803,1.118797,0.1125607,-0.3727275,0.6170374,-0.06507905,0.7176598,0.3162183,0,0,0.4023381,0.1677536,0.1283478,0.9766071,-0.1871184,-0.02771374,-0.1022611
115224,0.0166667,61.5538013260812,1.120983,0.1110824,-0.3730516,-0.6183878,0.05893812,-0.7174127,-0.3153442,0,0,0.4027275,0.1687967,0.1275607,0.9746615,-0.1938435,-0.03786917,-0.1050027
115226,0.016668,61.5704693254083,1.122408,0.1109971,-0.3732608,0.6189614,-0.05469163,0.7172344,0.3153896,0,0,0.4030516,0.170983,0.1260824,0.9734647,-0.1969619,-0.04174856,-0.1087646
115230,0.0166662,61.5871355254203,1.124014,0.1104118,-0.373956,0.620532,-0.05177706,0.71572,0.3162344,0,0,0.4032608,0.1724082,0.1259971,0.9726886,-0.1989806,-0.04485849,-0.1107763
115232,0.0166671,61.6038026250899,1.125019,0.1103701,-0.3743508,-0.6213005,0.04882737,-0.7152165,-0.3163337,0,0,0.4039559,0.174014,0.1254118,0.9718984,-0.2021149,-0.04666266,-0.1112908
115236,0.0166681,61.6204707249999,1.126133,0.1096954,-0.3748469,0.6211264,-0.04767228,0.7151521,0.3169966,0,0,0.4043508,0.1750186,0.12537,0.9712586,-0.2039991,-0.04864376,-0.1125833
115240,0.0166658,61.6371365245432,1.126706,0.10976,-0.3751346,0.6214442,-0.05001659,0.7145293,0.3174166,0,0,0.4048468,0.1761331,0.1246953,0.9711068,-0.2044379,-0.04990506,-0.1125438
115242,0.0166674,61.6538039240986,1.1277,0.1096999,-0.3756505,0.621978,-0.05384893,0.7134752,0.3181145,0,0,0.4051346,0.1767055,0.12476,0.9714215,-0.2042543,-0.04801936,-0.1109713
115246,0.0166668,61.6704707238823,1.128782,0.1097492,-0.3757679,0.6229473,-0.05708691,0.712948,0.3168327,0,0,0.4056504,0.1776996,0.1246999,0.9719182,-0.2039843,-0.04492931,-0.1083826
115250,0.0185546,61.689025323838,1.130158,0.1101419,-0.3752126,-0.6228664,0.05671751,-0.7130783,-0.3167649,0,0,0.4057678,0.178782,0.1247492,0.9722145,-0.2035868,-0.04134234,-0.1079
115254,0.0166649,61.7056902237237,1.131286,0.1106336,-0.375006,-0.6223043,0.06018087,-0.7128183,-0.3178141,0,0,0.4052126,0.1801576,0.1251419,0.9721751,-0.2035763,-0.04165636,-0.1081535
115258,0.0166665,61.7223567236215,1.132067,0.111739,-0.3744591,0.6181275,-0.06741245,0.7141327,0.3215409,0,0,0.4050059,0.1812864,0.1256336,0.9728237,-0.202281,-0.0395726,-0.1055005
115260,0.0166672,61.7390239238739,1.132645,0.1122156,-0.3741344,-0.6154753,0.07083282,-0.7157322,-0.3223357,0,0,0.4044591,0.1820667,0.126739,0.9747636,-0.1966884,-0.03738591,-0.09875242
115264,0.016667,61.7556909229606,1.133064,0.1141542,-0.373903,0.6131668,-0.07755312,0.7164759,0.3235342,0,0,0.4041343,0.1826451,0.1272156,0.9757944,-0.1928465,-0.03634629,-0.09651213
115266,0.0166664,61.7723573222756,1.133641,0.1148434,-0.3746641,0.6105409,-0.09052683,0.7151589,0.3280129,0,0,0.4039029,0.1830638,0.1291542,0.9771707,-0.1886142,-0.03260523,-0.09219024
115270,0.0166679,61.7890252228826,1.134441,0.1159109,-0.3749485,-0.6063531,0.09985656,-0.7152396,-0.3328618,0,0,0.404664,0.1836414,0.1298434,0.9792796,-0.1836337,-0.02516223,-0.08159051
115272,0.016666,61.8056912235916,1.135104,0.1164764,-0.375982,-0.6069566,0.1086429,-0.7120411,-0.3358538,0,0,0.4049484,0.1844408,0.1309109,0.9810925,-0.178123,-0.02159279,-0.07255138
115278,0.0166676,61.8223588243127,1.135454,0.1177419,-0.3772145,-0.6067015,0.1141703,-0.7108495,-0.3370036,0,0,0.405982,0.1851042,0.1314764,0.9818127,-0.1776853,-0.0152052,-0.06511936
115280,0.0166672,61.8390260245651,1.136007,0.1184836,-0.3777278,0.6048491,-0.1146487,0.7118105,0.3381405,0,0,0.4072145,0.1854537,0.1327419,0.9823573,-0.1763705,-0.01124277,-0.06116542
115284,0.0166664,61.8556924238801,1.136692,0.119089,-0.3793304,0.6029627,-0.1234436,0.7103027,0.3415667,0,0,0.4077278,0.1860073,0.1334836,0.9827431,-0.1745502,-0.01225151,-0.05998382
115286,0.0166663,61.8723587244749,1.137197,0.1193936,-0.3800835,0.6027693,-0.1248696,0.7098035,0.3424266,0,0,0.4093303,0.1866916,0.134089,0.9837768,-0.1714626,-0.007291877,-0.0522559
115290,0.0166763,61.8890350237489,1.137634,0.1200787,-0.3812731,0.6021181,-0.1296591,0.7082579,0.3449828,0,0,0.4100835,0.1871966,0.1343936,0.9839031,-0.1712351,-0.006535776,-0.05070017
115292,0.0166676,61.90570262447,1.138292,0.1201663,-0.3821777,0.6024079,-0.1326001,0.7069671,0.3460051,0,0,0.4112731,0.1876342,0.1350787,0.9843143,-0.1703366,-0.003869826,-0.04578057
115298,0.0169599,61.9226625245065,1.138853,0.1203019,-0.3836832,0.6029927,-0.1352068,0.7055706,0.3468273,0,0,0.4121777,0.1882924,0.1351663,0.9844311,-0.1703663,-0.001663258,-0.04321914
115300,0.0166672,61.9393297247589,1.139631,0.1198257,-0.3847435,-0.6038072,0.1375538,-0.7035618,-0.3485638,0,0,0.4136832,0.1888527,0.1353019,0.9844611,-0.1707493,0.0005004263,-0.0409978
115304,0.0166686,61.9559983238578,1.139812,0.1192968,-0.385204,-0.6038302,0.1374754,-0.7035587,-0.3485611,0,0,0.4147435,0.189631,0.1348257,0.9843802,-0.171887,0.002245856,-0.03801863
115306,0.0166657,61.9726640246809,1.139799,0.1189196,-0.3859195,-0.6037763,0.1395638,-0.7029932,-0.3489651,0,0,0.415204,0.1898118,0.1342968,0.9843706,-0.171933,0.002194367,-0.03806135
115310,0.0166678,61.989331824705,1.139278,0.1185808,-0.3871034,-0.6046847,0.1422352,-0.7018429,-0.348629,0,0,0.4159195,0.189799,0.1339196,0.9844955,-0.1715168,0.003745426,-0.03656034
115314,0.0166666,62.0059984251857,1.139688,0.1182086,-0.3878301,-0.6058266,0.1411864,-0.7012497,-0.3482664,0,0,0.4171034,0.1892781,0.1335808,0.984481,-0.1717647,0.006560313,-0.03537201
115316,0.016667,62.0226654242724,1.139487,0.1176579,-0.3886301,-0.6063261,0.142445,-0.7010879,-0.3472088,0,0,0.41783,0.1896876,0.1332086,0.9841967,-0.1732226,0.006433644,-0.03618761
115322,0.0166666,62.0393320247531,1.138943,0.1168061,-0.3898388,-0.606607,0.1446669,-0.7011502,-0.3456701,0,0,0.4186301,0.1894872,0.1326579,0.9842085,-0.1730229,0.008122565,-0.03647976
115324,0.0166689,62.0560009256005,1.139514,0.1163167,-0.3904426,-0.6065484,0.1455672,-0.7009005,-0.3459012,0,0,0.4198388,0.188943,0.1318061,0.9843354,-0.172108,0.01066663,-0.03672927
115328,0.0166657,62.0726666264236,1.139696,0.115332,-0.3914471,-0.6051152,0.1497065,-0.7015502,-0.3453274,0,0,0.4204425,0.1895143,0.1313167,0.9843877,-0.1719162,0.01129779,-0.03602787
115330,0.016666,62.0893326271325,1.140573,0.1150442,-0.3920114,-0.6052787,0.149208,-0.7023271,-0.3436731,0,0,0.421447,0.1896961,0.130332,0.9849243,-0.1689265,0.01416974,-0.03445785
115336,0.0166687,62.1060013268143,1.141837,0.1144342,-0.3932307,-0.6045174,0.1523123,-0.7018124,-0.3447014,0,0,0.4220114,0.1905729,0.1300442,0.9849264,-0.1685063,0.01444099,-0.03629231
115338,0.0178304,62.1238317266107,1.143147,0.1143652,-0.3942602,0.6048482,-0.1524446,0.701041,0.3456312,0,0,0.4232306,0.1918369,0.1294342,0.9851974,-0.1672943,0.01623922,-0.03369173
115344,0.025747,62.1495787259191,1.144746,0.1140025,-0.3960635,0.6056448,-0.1566078,0.6989946,0.3465183,0,0,0.4242601,0.193147,0.1293652,0.9850994,-0.1680696,0.01619039,-0.03270513
115346,0.0190171,62.1685958262533,1.145672,0.1137711,-0.3966631,-0.6056648,0.1573534,-0.6982349,-0.3476754,0,0,0.4260634,0.1947464,0.1290025,0.9850792,-0.1683953,0.01975753,-0.02952547
115348,0.0166679,62.1852637268603,1.146342,0.1134397,-0.3973643,-0.6060838,0.1588307,-0.6973692,-0.3480109,0,0,0.4266631,0.1956725,0.1287711,0.9850571,-0.1687576,0.01997236,-0.02801076
115352,0.0166679,62.2019316274673,1.147449,0.1131458,-0.3985004,-0.6056557,0.1616682,-0.6961507,-0.349884,0,0,0.4273642,0.1963422,0.1284397,0.9850114,-0.1690497,0.02130614,-0.02684727
115358,0.016666,62.2185976281762,1.149043,0.1127427,-0.3995345,0.6054795,-0.1648317,0.6939282,0.3531131,0,0,0.4285003,0.1974493,0.1281458,0.9851227,-0.1687037,0.02276881,-0.02353716
115360,0.0166673,62.2352649290115,1.149969,0.1125921,-0.4002304,-0.6058756,0.1649232,-0.6930991,-0.3540181,0,0,0.4295344,0.1990429,0.1277428,0.9851071,-0.1692046,0.02415813,-0.01871807
115364,0.0166666,62.2519315294921,1.151145,0.1123237,-0.4011438,0.6058537,-0.1665392,0.6920339,0.3553804,0,0,0.4302304,0.1999692,0.127592,0.9849771,-0.1700667,0.02412406,-0.017764
115366,0.016668,62.2685995288193,1.152339,0.1120812,-0.4019256,-0.6060833,0.1676006,-0.6908583,-0.3567744,0,0,0.4311438,0.2011455,0.1273237,0.984956,-0.170281,0.02497649,-0.01556636
115370,0.0166665,62.2852660287172,1.153484,0.1115355,-0.4020744,0.606173,-0.1684682,0.6891418,0.3595226,0,0,0.4319255,0.2023385,0.1270812,0.9848569,-0.1709436,0.02549093,-0.01361919
115372,0.0166664,62.3019324280322,1.154717,0.1111422,-0.4025128,-0.6063276,0.1693566,-0.6875988,-0.3617916,0,0,0.4320743,0.203484,0.1265355,0.9846973,-0.17211,0.02528916,-0.01048356
115376,0.0166667,62.318599127233,1.156263,0.1109439,-0.4025332,0.6050716,-0.1711542,0.6857893,0.3664528,0,0,0.4325127,0.204717,0.1261422,0.9845419,-0.1731354,0.02531269,-0.007787922
115380,0.016667,62.3352661263198,1.157719,0.1103234,-0.4028846,-0.603613,0.1749556,-0.6837323,-0.3708802,0,0,0.4325332,0.2062635,0.1259439,0.984547,-0.1733824,0.02449774,-0.002394907
115384,0.0207035,62.3559696264565,1.160203,0.1098799,-0.4026286,0.6028879,-0.1787764,0.6802496,0.3765977,0,0,0.4328846,0.2077193,0.1253235,0.9846162,-0.1728394,0.0253451,0.003881509
115388,0.0166674,62.3726370260119,1.161723,0.1094966,-0.4038612,-0.6032259,0.180632,-0.6776499,-0.3798437,0,0,0.4326286,0.2102032,0.1248799,0.9843641,-0.1738101,0.02616852,0.01151432
115390,0.0166676,62.3893046267331,1.163025,0.1086897,-0.4041586,0.6032587,-0.1823873,0.6754398,0.3828774,0,0,0.4338612,0.2117228,0.1244966,0.9840159,-0.1753486,0.02678574,0.01575496
115392,0.0166671,62.4059717264026,1.16449,0.1081707,-0.404208,-0.6031114,0.1833542,-0.6741468,-0.3849207,0,0,0.4341586,0.2130248,0.1236897,0.9837345,-0.1764545,0.02723313,0.01971319
115398,0.0166667,62.4226384256035,1.165948,0.1074863,-0.4042302,0.6019913,-0.1882201,0.6707463,0.3902294,0,0,0.4342079,0.2144904,0.1231707,0.9835725,-0.1770503,0.02726458,0.02224727
115400,0.0166668,62.4393052253872,1.167678,0.1066297,-0.4046175,-0.6009584,0.1910189,-0.6688755,-0.3936577,0,0,0.4342301,0.2159477,0.1224863,0.9832846,-0.1772214,0.02894264,0.03010534
115404,0.0166667,62.4559719245881,1.169646,0.106031,-0.4046195,0.5999677,-0.1934316,0.6669723,0.3972038,0,0,0.4346175,0.217678,0.1216297,0.9831342,-0.1770567,0.02957912,0.0349734
115406,0.0168957,62.4728676248342,1.170848,0.1055025,-0.4044418,-0.600958,0.1936628,-0.6653497,-0.3983139,0,0,0.4346194,0.2196462,0.121031,0.9829355,-0.1771,0.02987976,0.03975551
115410,0.0166673,62.4895349256694,1.173057,0.1045019,-0.4045643,0.6021381,-0.1938895,0.6633004,0.3998366,0,0,0.4344417,0.2208484,0.1205026,0.9825632,-0.1787945,0.03023787,0.04108252
115414,0.0177578,62.5072927251458,1.174548,0.1038639,-0.4051741,-0.6031076,0.1938889,-0.6616747,-0.401067,0,0,0.4345643,0.2230569,0.1195019,0.9820877,-0.1809281,0.03055793,0.04283802
115418,0.0181261,62.5254188254476,1.176096,0.1032042,-0.4056138,0.6025313,-0.1965905,0.6590421,0.4049344,0,0,0.4351741,0.2245477,0.1188639,0.9816949,-0.1827144,0.03067157,0.04415664
115420,0.0166686,62.5420874245465,1.177715,0.1027276,-0.406457,-0.6038239,0.1964439,-0.6575037,-0.4055804,0,0,0.4356138,0.2260957,0.1182042,0.9812926,-0.1833924,0.03135047,0.04948922
115426,0.0217773,62.5638647247106,1.179278,0.1022521,-0.4075607,0.6052893,-0.1984093,0.654529,0.4072475,0,0,0.436457,0.2277152,0.1177276,0.9808844,-0.185315,0.03171631,0.05018127
115428,0.016667,62.5805317237973,1.180539,0.1015671,-0.4083139,-0.6050116,0.1991967,-0.6534389,-0.4090223,0,0,0.4375606,0.2292777,0.1172521,0.9802443,-0.1875317,0.03363072,0.05312251
115432,0.0166682,62.5971999242902,1.182111,0.1007133,-0.4089984,0.6049216,-0.2005096,0.651557,0.4115085,0,0,0.4383138,0.2305385,0.116567,0.9800481,-0.1879347,0.03355773,0.05531994
115436,0.0166686,62.6138685233891,1.183481,0.1003762,-0.4097939,-0.6057984,0.2009901,-0.6496984,-0.4129204,0,0,0.4389984,0.2321109,0.1157133,0.9796803,-0.1888262,0.03380061,0.05855504
115438,0.0166653,62.6305338237435,1.184413,0.1003892,-0.4102133,0.6053644,-0.202448,0.6477763,0.4158541,0,0,0.4397939,0.2334805,0.1153762,0.979229,-0.1905208,0.03422458,0.06034178
115442,0.0166689,62.6472027245909,1.185691,0.09978077,-0.410714,-0.605791,0.2025363,-0.646797,-0.4167132,0,0,0.4402133,0.2344133,0.1153892,0.9788559,-0.1912082,0.03426112,0.06408367
115446,0.016665,62.6638677250594,1.186967,0.09908558,-0.4107005,-0.6064431,0.2010382,-0.6459911,-0.4177392,0,0,0.4407139,0.2356908,0.1147808,0.9786059,-0.1921557,0.03428924,0.06504586
115448,0.0166672,62.6805349253118,1.188161,0.09836442,-0.4108797,-0.608024,0.1988119,-0.6448706,-0.4182375,0,0,0.4407005,0.2369674,0.1140856,0.9783112,-0.1937862,0.03303729,0.06528828
115452,0.016667,62.6972019243985,1.188953,0.09815922,-0.4110689,0.6081016,-0.1990116,0.6436591,0.4198926,0,0,0.4408796,0.2381609,0.1133644,0.9778633,-0.1964302,0.0318526,0.06468482
115454,0.0166686,62.7138705234975,1.189976,0.09729993,-0.4112541,0.6087995,-0.1980596,0.6427826,0.4206734,0,0,0.4410689,0.2389532,0.1131592,0.9775689,-0.1973467,0.03152481,0.06647919
115458,0.016665,62.730535523966,1.190327,0.0967343,-0.4115453,0.6084355,-0.198272,0.6426961,0.4212318,0,0,0.441254,0.2399763,0.1122999,0.9772736,-0.1988032,0.03084658,0.06679925
115462,0.0166676,62.7472031246871,1.191272,0.09567045,-0.4117302,0.6082329,-0.1984076,0.642334,0.422012,0,0,0.4415452,0.2403272,0.1117343,0.9772758,-0.1986056,0.03064423,0.06744486
115468,0.0206382,62.7678413242102,1.191896,0.09446353,-0.4123082,-0.6078143,0.1990694,-0.6421005,-0.4226586,0,0,0.4417302,0.2412718,0.1106704,0.977198,-0.1987381,0.03039385,0.06828932
115470,0.0166669,62.7845082245767,1.192861,0.09335524,-0.4127901,-0.6079814,0.2001555,-0.6413537,-0.4230389,0,0,0.4423082,0.2418965,0.1094635,0.9771875,-0.1984293,0.03051502,0.06927707
115472,0.0166679,62.8011761251837,1.1937,0.09269843,-0.4133019,0.608978,-0.2006332,0.6407325,0.4223197,0,0,0.44279,0.242861,0.1083552,0.9770481,-0.1986143,0.03140824,0.07030599
115476,0.0166676,62.8178437259048,1.194569,0.09207132,-0.4138007,-0.6098941,0.2008651,-0.6403269,-0.421502,0,0,0.4433018,0.2436998,0.1076984,0.9768809,-0.1993635,0.03259954,0.06996585
115480,0.0166717,62.8345154263079,1.195726,0.09113243,-0.4139858,-0.6094194,0.2023871,-0.639697,-0.4224161,0,0,0.4438007,0.2445692,0.1070713,0.9767573,-0.200013,0.03356973,0.06937607
115482,0.0166612,62.8511766269803,1.196887,0.09025374,-0.4143265,0.6097445,-0.2025822,0.6389323,0.4230102,0,0,0.4439858,0.2457258,0.1061324,0.9766895,-0.1996046,0.03430636,0.07112549
115486,0.0166669,62.8678435273468,1.19789,0.08952698,-0.414655,-0.6095095,0.2034399,-0.6382926,-0.4239021,0,0,0.4443265,0.2468874,0.1052537,0.9764912,-0.2002777,0.0344602,0.07187738
115490,0.0166701,62.8845136277378,1.198981,0.08878946,-0.4151372,-0.6098454,0.2032395,-0.6378387,-0.4241982,0,0,0.4446549,0.2478899,0.104527,0.9763761,-0.2002877,0.03477215,0.07325033
115494,0.0166651,62.9011787269264,1.199623,0.0884245,-0.4157009,0.6099632,-0.2036366,0.6371366,0.4248929,0,0,0.4451372,0.2489813,0.1037895,0.9762369,-0.2008969,0.03469184,0.07347362
115496,0.0166677,62.9178464263678,1.200244,0.08793271,-0.4163186,0.6111999,-0.2034173,0.6357043,0.4253659,0,0,0.4457008,0.2496232,0.1034245,0.9760695,-0.2013297,0.03487124,0.074422
115500,0.0166663,62.9345127269626,1.200747,0.08730647,-0.4169021,-0.611354,0.2043556,-0.6345299,-0.4264469,0,0,0.4463186,0.250244,0.1029327,0.9756424,-0.2031468,0.03521854,0.07491989
115502,0.0198482,62.9543609265238,1.20114,0.08654076,-0.4174283,0.6117942,-0.2048764,0.6337789,0.4266825,0,0,0.446902,0.2507465,0.1023065,0.9753734,-0.2037246,0.03575641,0.0765801
115510,0.0215037,62.9758646264672,1.201295,0.08597752,-0.4179093,-0.6117734,0.2060726,-0.6326122,-0.427866,0,0,0.4474282,0.2511398,0.1015408,0.9751855,-0.2042906,0.03637011,0.07717384
115512,0.020133,62.9959976263344,1.202067,0.08509549,-0.4184619,0.6116877,-0.2076687,0.6313559,0.4290708,0,0,0.4479093,0.2512948,0.1009775,0.9749324,-0.2046604,0.03699962,0.07907017
115514,0.0166696,63.0126672256738,1.202379,0.08475664,-0.4187687,0.6122217,-0.207648,0.6308047,0.4291298,0,0,0.4484619,0.2520673,0.1000955,0.9746727,-0.2048867,0.03792935,0.08121528
115518,0.0166664,63.0293336249888,1.202688,0.08440563,-0.4188089,0.6128582,-0.207507,0.6301682,0.4292246,0,0,0.4487687,0.2523786,0.09975664,0.9745066,-0.2055826,0.03819053,0.08132776
115522,0.0166666,63.0460002254695,1.203141,0.08389909,-0.4189785,-0.6125699,0.2080329,-0.6298698,-0.4298192,0,0,0.4488089,0.2526878,0.09940563,0.9743078,-0.2064485,0.03839494,0.08141933
115526,0.0166665,63.0626667253673,1.203361,0.08351105,-0.4190341,0.6125203,-0.2082644,0.6295382,0.4302633,0,0,0.4489785,0.2531412,0.09889908,0.97426,-0.2063081,0.03849343,0.08229725
115528,0.016667,63.079333724454,1.203704,0.0830954,-0.4191633,0.6129375,-0.2080777,0.6290389,0.4304896,0,0,0.4490341,0.2533607,0.09851106,0.9741815,-0.20644,0.0385219,0.0828794
115530,0.0166663,63.0960000250489,1.203954,0.08279499,-0.4191913,-0.6132962,0.2074814,-0.6289836,-0.4303476,0,0,0.4491633,0.2537039,0.09809537,0.9740236,-0.2071142,0.03852304,0.08305249
115534,0.0166681,63.1126681249589,1.204227,0.08236317,-0.4192842,0.6131501,-0.2076097,0.6290626,0.4303783,0,0,0.4491913,0.2539544,0.09779499,0.9739693,-0.2075975,0.03825884,0.08260407
115538,0.016667,63.1293351240456,1.204432,0.08179846,-0.4194694,-0.6134568,0.2078287,-0.6287868,-0.4302385,0,0,0.4492842,0.2542269,0.09736316,0.9740014,-0.2074082,0.03827717,0.08269227
115540,0.016668,63.1460031233728,1.204704,0.0811252,-0.4197589,-0.6131503,0.2086494,-0.6286666,-0.4304537,0,0,0.4494694,0.2544318,0.09679846,0.9739276,-0.2076709,0.03868047,0.08271455
115546,0.0166656,63.162668723613,1.20488,0.08049875,-0.419959,-0.6130864,0.2095309,-0.6283686,-0.4305516,0,0,0.4497589,0.2547042,0.0961252,0.9739428,-0.2072483,0.03914231,0.08337488
115548,0.0166683,63.1793370228261,1.205207,0.0800283,-0.4200049,0.6128034,-0.2098732,0.6283612,0.4307986,0,0,0.449959,0.2548804,0.09549876,0.9739046,-0.2070525,0.03982944,0.08398118
115552,0.0166649,63.1960019227117,1.2056,0.07944164,-0.420058,-0.6121847,0.2111028,-0.6286826,-0.4306086,0,0,0.4500049,0.2552065,0.0950283,0.9739265,-0.2067687,0.03988539,0.08439846
115554,0.0166699,63.212671821937,1.205835,0.07897425,-0.4203081,-0.611837,0.2122654,-0.6283073,-0.4310788,0,0,0.450058,0.2556003,0.09444164,0.9740894,-0.2056653,0.04065286,0.08484681
115558,0.0166645,63.2293363213539,1.206202,0.0784584,-0.4204442,-0.6116111,0.2133093,-0.6285047,-0.430596,0,0,0.4503081,0.2558351,0.09397425,0.9740483,-0.2052661,0.04130432,0.08596433
115562,0.0166698,63.246006121859,1.206459,0.07792765,-0.4206026,0.6119233,-0.2134381,0.6282735,0.4304259,0,0,0.4504442,0.2562018,0.0934584,0.9741557,-0.2045294,0.04222657,0.0860544
115566,0.0166639,63.2626700215042,1.206747,0.07752348,-0.4207879,-0.6123329,0.2137741,-0.6281689,-0.4298289,0,0,0.4506026,0.2564593,0.09292765,0.9740893,-0.2048004,0.04256546,0.08599398
115568,0.0166672,63.2793372217566,1.20712,0.07700923,-0.4209718,0.6125038,-0.2139786,0.6281367,0.4295307,0,0,0.4507878,0.2567466,0.09252347,0.9740641,-0.2049241,0.04327288,0.085631
115572,0.0166665,63.2960037216544,1.207046,0.07662264,-0.4213661,-0.6133828,0.213902,-0.6278471,-0.4287372,0,0,0.4509718,0.2571202,0.09200923,0.9740594,-0.2049374,0.04363877,0.08546713
115574,0.0166677,63.3126714210957,1.207237,0.07626674,-0.4215966,-0.6145188,0.2129064,-0.6278681,-0.4275736,0,0,0.451366,0.2570463,0.09162264,0.973951,-0.205616,0.04431804,0.0847199
115578,0.0166663,63.3293377216905,1.207275,0.07579783,-0.4216664,-0.6147316,0.2124915,-0.6281939,-0.4269953,0,0,0.4515966,0.2572369,0.09126674,0.9738783,-0.20659,0.04447223,0.08308946
115580,0.0166672,63.3460049219429,1.207091,0.07548697,-0.4221325,0.6162779,-0.2114927,0.6281064,0.4253878,0,0,0.4516664,0.2572747,0.09079783,0.973942,-0.2066234,0.04442087,0.08228317
115586,0.0166666,63.3626715224236,1.206774,0.0747208,-0.423008,-0.6166114,0.2118768,-0.6284363,-0.4242246,0,0,0.4521325,0.2570909,0.09048696,0.9738212,-0.2078745,0.04494625,0.0802523
115588,0.0166671,63.3793386220932,1.206751,0.07423667,-0.4231905,0.616799,-0.2120618,0.6287577,0.4233823,0,0,0.453008,0.2567735,0.0897208,0.9739144,-0.2075959,0.04583525,0.07933355
115592,0.0166676,63.3960062228143,1.206386,0.07394072,-0.4236393,-0.6170267,0.2124989,-0.6291202,-0.4222914,0,0,0.4531905,0.2567512,0.08923666,0.9740013,-0.2073459,0.04636952,0.07860785
115596,0.0166694,63.4126756228507,1.206349,0.07318091,-0.4238568,-0.6162428,0.2134319,-0.6303328,-0.4211557,0,0,0.4536393,0.2563856,0.08894072,0.9741072,-0.2069665,0.04722241,0.07778212
115598,0.016663,63.4293386228383,1.206201,0.07276902,-0.4239523,0.6162686,-0.2138629,0.6307103,0.4203335,0,0,0.4538567,0.2563488,0.08818094,0.9744982,-0.2052152,0.047949,0.07707695
115600,0.016668,63.4460066221654,1.206058,0.07246441,-0.4240634,0.6164808,-0.2145732,0.630571,0.4198689,0,0,0.4539523,0.2562014,0.08776902,0.9746136,-0.2047309,0.04859815,0.07649741
115606,0.0166657,63.4626723229885,1.205537,0.07239133,-0.4240094,0.6175143,-0.2135198,0.632165,0.4164768,0,0,0.4540634,0.2560583,0.08746438,0.9745961,-0.2046147,0.04947571,0.07646797
115608,0.0166674,63.479339722544,1.205386,0.07223115,-0.4236519,0.6201392,-0.2063798,0.6363219,0.4097917,0,0,0.4540094,0.2555371,0.08739133,0.9749206,-0.2043103,0.05024987,0.07254014
115612,0.016667,63.4960067216307,1.204708,0.07272339,-0.423303,-0.6224557,0.195058,-0.6417513,-0.4033072,0,0,0.4536519,0.2553863,0.08723114,0.9755334,-0.2054569,0.04779265,0.06195173
115614,0.0166672,63.5126739218831,1.204246,0.07314197,-0.4234028,0.6234038,-0.1811019,0.6495105,0.3958609,0,0,0.4533029,0.2547082,0.08772339,0.9761624,-0.2072638,0.04158266,0.04919041
115618,0.0166672,63.5293411221355,1.203855,0.07351837,-0.4236514,0.6224632,-0.1722103,0.6557738,0.3909525,0,0,0.4534028,0.2542456,0.08814193,0.9770719,-0.207617,0.03277806,0.03393107
115622,0.016667,63.5460081212223,1.20386,0.07333919,-0.4239825,0.6190388,-0.1712746,0.6593612,0.3907668,0,0,0.4536513,0.2538554,0.08851837,0.9779062,-0.2059793,0.0264224,0.02395624
115626,0.0204169,63.5664250217378,1.204601,0.07305533,-0.4242256,0.6126729,-0.1691657,0.6668392,0.3890249,0,0,0.4539825,0.2538602,0.08833919,0.9788486,-0.2019048,0.02380861,0.02286857
115628,0.0166669,63.5830919221044,1.205256,0.07260823,-0.424054,0.6075213,-0.1657943,0.6736219,0.3868641,0,0,0.4542256,0.2546014,0.08805536,0.980669,-0.1937777,0.01913743,0.01929847
115632,0.0166676,63.5997595228255,1.206774,0.07154626,-0.4231352,-0.5975304,0.1645845,-0.6837382,-0.3851901,0,0,0.4540539,0.2552555,0.08760823,0.9820929,-0.1872751,0.01424595,0.01478857
115638,0.0202082,63.6199677232653,1.208549,0.0704478,-0.4220373,0.5782261,-0.1710524,0.6965788,0.3888105,0,0,0.4531352,0.2567745,0.08654626,0.9845042,-0.174777,0.008415872,0.01156036
115640,0.0166677,63.6366354227066,1.209102,0.07015777,-0.4223969,0.5718895,-0.1701588,0.7030926,0.3868452,0,0,0.4520373,0.2585487,0.0854478,0.9882002,-0.1521882,0.002298329,0.01714005
115642,0.0166748,63.6533102225512,1.209578,0.06984743,-0.4226745,-0.5637496,0.1685918,-0.7087409,-0.3891654,0,0,0.4523968,0.2591018,0.08515777,0.9894646,-0.1440638,-0.001097093,0.01429165
115646,0.0166593,63.6699695233256,1.210608,0.06968912,-0.4222999,0.5445148,-0.1655199,0.7213737,0.3946224,0,0,0.4526745,0.2595783,0.08484744,0.9905515,-0.1360942,-0.007462438,0.01517753
115648,0.0166669,63.6866364236921,1.210721,0.07001874,-0.4223095,-0.5360193,0.1650115,-0.726931,-0.3962651,0,0,0.4522999,0.2606075,0.08468913,0.9926885,-0.1173707,-0.02184288,0.01779386
115654,0.0166674,63.7033038232476,1.211237,0.06998855,-0.4224663,0.5166495,-0.1702503,0.7388966,0.3976431,0,0,0.4523095,0.2607209,0.08501877,0.9935318,-0.1086502,-0.02716614,0.01875244
115656,0.0166667,63.7199705224484,1.210911,0.06999987,-0.4228861,-0.5052239,0.1837641,-0.7406296,-0.4030477,0,0,0.4524663,0.2612372,0.08498852,0.9954661,-0.08636019,-0.03303149,0.02231904
115660,0.016667,63.7366375215352,1.211287,0.06975889,-0.423243,0.5010074,-0.1874955,0.7424071,0.4033222,0,0,0.452886,0.2609114,0.08499987,0.99629,-0.07307314,-0.02931767,0.03474348
115662,0.0180606,63.7546981219202,1.211155,0.07001892,-0.4237511,-0.4943488,0.1919228,-0.7452572,-0.4041988,0,0,0.453243,0.2612868,0.08475889,0.9966156,-0.06770156,-0.02837351,0.03699844
115666,0.018135,63.7728331219405,1.210995,0.07023203,-0.4238552,0.4878021,-0.192461,0.7488134,0.4053226,0,0,0.453751,0.2611552,0.08501892,0.997,-0.05980397,-0.02824684,0.04020692
115670,0.0166686,63.7895017210394,1.210773,0.07039458,-0.4235896,-0.480077,0.19662,-0.7520936,-0.4064751,0,0,0.4538552,0.2609953,0.08523203,0.9972331,-0.05306934,-0.03139665,0.04152161
115674,0.0166666,63.8061683215201,1.210538,0.07056934,-0.4226825,0.4736075,-0.1983751,0.755356,0.4071617,0,0,0.4535896,0.2607734,0.08539458,0.9974937,-0.04428837,-0.03207298,0.04490227
115680,0.0210982,63.8272665217519,1.209989,0.07109225,-0.4227653,-0.4705102,0.2016396,-0.757231,-0.4056637,0,0,0.4526825,0.2605377,0.08556934,0.9976445,-0.03723384,-0.03397453,0.04652848
115682,0.0170171,63.8442836217582,1.209746,0.07096893,-0.4217723,0.4680292,-0.2021395,0.7585621,0.405798,0,0,0.4527653,0.2599888,0.08609225,0.9978523,-0.03247162,-0.03219978,0.04690044
115684,0.0166679,63.8609515223652,1.209955,0.07098168,-0.4215129,0.4673299,-0.2011597,0.7603114,0.4038119,0,0,0.4517723,0.259746,0.08596893,0.9978904,-0.02976112,-0.03302173,0.04731417
115688,0.0166674,63.8776189219207,1.210411,0.07096317,-0.4209163,0.4647713,-0.1999109,0.7626753,0.4029265,0,0,0.4515129,0.2599552,0.08598168,0.9980314,-0.02830566,-0.03348307,0.04484378
115692,0.0166668,63.8942857217044,1.211077,0.07089111,-0.4205956,0.4633765,-0.1991968,0.7642534,0.401895,0,0,0.4509163,0.2604112,0.08596317,0.9981089,-0.02543848,-0.03544909,0.04329922
115694,0.0166669,63.9109526220709,1.21133,0.07054716,-0.4201811,0.462417,-0.201395,0.7645935,0.4012574,0,0,0.4505956,0.2610771,0.08589108,0.99818,-0.02363295,-0.03635322,0.04191113
115698,0.0166667,63.9276193212718,1.211749,0.07064092,-0.4199373,0.4615492,-0.2009186,0.766098,0.3996222,0,0,0.4501811,0.2613299,0.08554716,0.9982526,-0.02182006,-0.03474022,0.04252876
115700,0.0167377,63.9443570207804,1.211948,0.07072058,-0.4197905,0.4614177,-0.2012648,0.766371,0.3990762,0,0,0.4499372,0.261749,0.08564092,0.9983541,-0.0202482,-0.03497679,0.04069018
115706,0.0184657,63.9628227204084,1.212252,0.0704107,-0.42008,-0.4601133,0.2033782,-0.7672368,-0.3978451,0,0,0.4497905,0.261948,0.08572058,0.9983917,-0.01977889,-0.03455521,0.0403578
115708,0.0166677,63.9794904198498,1.212278,0.07009137,-0.4200954,-0.4596268,0.2028382,-0.768075,-0.3970649,0,0,0.45008,0.262252,0.0854107,0.9984905,-0.01735091,-0.03296504,0.04036297
115712,0.0171149,63.9966053199023,1.212289,0.06949162,-0.4207402,0.4586613,-0.204268,0.7690949,0.3954711,0,0,0.4500954,0.2622779,0.08509137,0.9985315,-0.01659667,-0.03337419,0.03931341
115716,0.0166688,64.0132741201669,1.212198,0.06921342,-0.4209148,0.4581492,-0.2057795,0.7696696,0.3941609,0,0,0.4500954,0.2622779,0.08509137,0.9985315,-0.01659667,-0.03337419,0.03931341
115720,0.0241998,64.0374739207327,1.212246,0.06859496,-0.421691,-0.4617209,0.1992964,-0.7733814,-0.3859743,0,0,0.4500954,0.2622779,0.08509137,0.9985315,-0.01659667,-0.03337419,0.03931341
115724,0.0166673,64.054141221568,1.212199,0.06822348,-0.4215358,-0.4624178,0.1971827,-0.774665,-0.3836442,0,0,0.4500954,0.2622779,0.08509137,0.9985315,-0.01659667,-0.03337419,0.03931341
115726,0.0166667,64.0708079207689,1.212214,0.06775108,-0.4215702,-0.4633591,0.1950629,-0.7760699,-0.3807419,0,0,0.4500954,0.2622779,0.08509137,0.9985315,-0.01659667,-0.03337419,0.03931341
115730,0.0166674,64.0874753203243,1.212114,0.06747782,-0.4218444,-0.4631292,0.1951926,-0.7776932,-0.3776303,0,0,0.4500954,0.2622779,0.08509137,0.9985315,-0.01659667,-0.03337419,0.03931341
115732,0.0166672,64.1041425205767,1.211886,0.06708226,-0.4217684,-0.4630324,0.1935214,-0.7790541,-0.3757995,0,0,0.4500954,0.2622779,0.08509137,0.9985315,-0.01659667,-0.03337419,0.03931341
115736,0.0166664,64.1208089198917,1.211618,0.06705028,-0.4219945,-0.4632758,0.1918277,-0.7811795,-0.371936,0,0,0.4500954,0.2622779,0.08509137,0.9985315,-0.01659667,-0.03337419,0.03931341
115740,0.0166664,64.1374753192067,1.211418,0.06667483,-0.4216835,0.4627156,-0.1926648,0.781774,0.37095,0,0,0.4500954,0.2622779,0.08509137,0.9985315,-0.01659667,-0.03337419,0.03931341
115744,0.0166692,64.15414451994,1.211173,0.06616643,-0.4221322,-0.4642511,0.1897307,-0.7838771,-0.3660738,0,0,0.4500954,0.2622779,0.08509137,0.9985315,-0.01659667,-0.03337419,0.03931341
115746,0.0166655,64.1708100195974,1.211045,0.06571129,-0.4221718,-0.4640478,0.1894202,-0.7845889,-0.3649657,0,0,0.4500954,0.2622779,0.08509137,0.9985315,-0.01659667,-0.03337419,0.03931341
115750,0.0166671,64.187477119267,1.210851,0.06532103,-0.4224543,-0.4645022,0.1885912,-0.7858539,-0.362084,0,0,0.4500954,0.2622779,0.08509137,0.9985315,-0.01659667,-0.03337419,0.03931341
115754,0.0166666,64.2041437197477,1.210709,0.06498799,-0.4227768,-0.4645805,0.1878358,-0.7875866,-0.3585946,0,0,0.4500954,0.2622779,0.08509137,0.9985315,-0.01659667,-0.03337419,0.03931341
115756,0.0166706,64.2208143193275,1.210469,0.06500813,-0.422953,-0.4647179,0.1866418,-0.7891667,-0.3555531,0,0,0.4500954,0.2622779,0.08509137,0.9985315,-0.01659667,-0.03337419,0.03931341
115760,0.0166639,64.2374782189727,1.210329,0.06493244,-0.4232125,-0.4642971,0.18914,-0.7899492,-0.3530362,0,0,0.4500954,0.2622779,0.08509137,0.9985315,-0.01659667,-0.03337419,0.03931341
115762,0.0166693,64.2541475184262,1.210265,0.0649341,-0.4234369,-0.465018,0.1918931,-0.7896961,-0.3511629,0,0,0.4500954,0.2622779,0.08509137,0.9985315,-0.01659667,-0.03337419,0.03931341
115766,0.016665,64.2708125188947,1.210054,0.06495366,-0.4234918,0.4654117,-0.1923275,0.7902271,0.3492039,0,0,0.4500954,0.2622779,0.08509137,0.9985315,-0.01659667,-0.03337419,0.03931341
115770,0.0166676,64.2874801196158,1.209742,0.06530789,-0.4237641,0.4655633,-0.194939,0.7900125,0.3480371,0,0,0.4500954,0.2622779,0.08509137,0.9985315,-0.01659667,-0.03337419,0.03931341
115774,0.0166679,64.3041480202228,1.209586,0.06568825,-0.4237437,0.465384,-0.1947665,0.7909236,0.3462999,0,0,0.4500954,0.2622779,0.08509137,0.9985315,-0.01659667,-0.03337419,0.03931341
115776,0.0166652,64.3208132199943,1.209527,0.06594142,-0.4240077,0.4649936,-0.1942393,0.7916154,0.345539,0,0,0.4500954,0.2622779,0.08509137,0.9985315,-0.01659667,-0.03337419,0.03931341
115780,0.0166659,64.3374791201204,1.209517,0.06603003,-0.4243328,0.4647197,-0.1958506,0.7915264,0.3452017,0,0,0.4500954,0.2622779,0.08509137,0.9985315,-0.01659667,-0.03337419,0.03931341
115784,0.0166691,64.3541482202709,1.209523,0.06616807,-0.4245998,0.4645671,-0.1955286,0.7919506,0.3446162,0,0,0.4500954,0.2622779,0.08509137,0.9985315,-0.01659667,-0.03337419,0.03931341
115788,0.0166652,64.3708134200424,1.209756,0.06644306,-0.4248387,-0.4642908,0.1949173,-0.7919201,-0.3454041,0,0,0.4500954,0.2622779,0.08509137,0.9985315,-0.01659667,-0.03337419,0.03931341
115790,0.0166667,64.3874801192433,1.210196,0.06673452,-0.4249797,-0.4639739,0.194555,-0.7919559,-0.3459516,0,0,0.4500954,0.2622779,0.08509137,0.9985315,-0.01659667,-0.03337419,0.03931341
115794,0.0166669,64.4041470196098,1.210787,0.06721336,-0.4251783,0.4642247,-0.1939802,0.7916408,0.3466585,0,0,0.4500954,0.2622779,0.08509137,0.9985315,-0.01659667,-0.03337419,0.03931341
115798,0.0166671,64.4208141192794,1.210943,0.06758344,-0.425037,0.4637325,-0.1933959,0.7916869,0.3475374,0,0,0.4500954,0.2622779,0.08509137,0.9985315,-0.01659667,-0.03337419,0.03931341
115802,0.0166664,64.4374805185944,1.211194,0.06831512,-0.4251546,0.4600626,-0.1975245,0.7907115,0.3522809,0,0,0.4500954,0.2622779,0.08509137,0.9985315,-0.01659667,-0.03337419,0.03931341
115804,0.0178299,64.4553104192019,1.211348,0.0685862,-0.4247884,0.4580477,-0.1983195,0.7908587,0.3541246,0,0,0.4500954,0.2622779,0.08509137,0.9985315,-0.01659667,-0.03337419,0.03931341
115808,0.0175526,64.4728630185127,1.21161,0.06885228,-0.4252253,0.4564131,-0.1989693,0.7905974,0.3564464,0,0,0.4500954,0.2622779,0.08509137,0.9985315,-0.01659667,-0.03337419,0.03931341
115810,0.016666,64.4895290192217,1.211524,0.06926104,-0.4248706,-0.4541385,0.1998201,-0.791438,-0.3570098,0,0,0.4500954,0.2622779,0.08509137,0.9985315,-0.01659667,-0.03337419,0.03931341
115816,0.0166673,64.5061963200569,1.211271,0.0690614,-0.4256995,0.4492413,-0.2040519,0.7916761,0.3602695,0,0,0.4500954,0.2622779,0.08509137,0.9985315,-0.01659667,-0.03337419,0.03931341
115818,0.0179974,64.5241937208921,1.210645,0.06979102,-0.4250966,-0.4461738,0.2050474,-0.7928731,-0.3608833,0,0,0.4500954,0.2622779,0.08509137,0.9985315,-0.01659667,-0.03337419,0.03931341
115822,0.0166672,64.5408609211445,1.20981,0.06937873,-0.4269983,0.4413449,-0.2127959,0.7932081,0.3615987,0,0,0.4500954,0.2622779,0.08509137,0.9985315,-0.01659667,-0.03337419,0.03931341
115824,0.0236353,64.5644962210208,1.208769,0.06972665,-0.4271863,-0.4359718,0.2159287,-0.7938467,-0.3648436,0,0,0.4500954,0.2622779,0.08509137,0.9985315,-0.01659667,-0.03337419,0.03931341
115828,0.0166673,64.5811635218561,1.208379,0.06675777,-0.430227,-0.4300276,0.2300608,-0.7916832,-0.3679483,0,0,0.4500954,0.2622779,0.08509137,0.9985315,-0.01659667,-0.03337419,0.03931341
115832,0.0167172,64.5978807210922,1.206397,0.06789735,-0.4282852,0.4234396,-0.2302482,0.7939375,0.3706048,0,0,0.4500954,0.2622779,0.08509137,0.9985315,-0.01659667,-0.03337419,0.03931341
115836,0.0166712,64.6145519204438,1.207042,0.06130919,-0.4340523,0.4225561,-0.2514325,0.7865934,0.3734955,0,0,0.4500954,0.2622779,0.08509137,0.9985315,-0.01659667,-0.03337419,0.03931341
115838,0.0166666,64.6312185209244,1.202743,0.06378126,-0.4331656,0.4222402,-0.2642066,0.7844874,0.3694424,0,0,0.4500954,0.2622779,0.08509137,0.9985315,-0.01659667,-0.03337419,0.03931341
115842,0.0166742,64.6478927209973,1.198084,0.05865404,-0.4367544,0.4157807,-0.2933005,0.7778342,0.3688838,0,0,0.4500954,0.2622779,0.08509137,0.9985315,-0.01659667,-0.03337419,0.03931341
115846,0.0166613,64.6645540203899,1.191849,0.06393614,-0.4332134,-0.4051435,0.2851869,-0.7843621,-0.3732336,0,0,0.4500954,0.2622779,0.08509137,0.9985315,-0.01659667,-0.03337419,0.03931341
115850,0.0216627,64.6862167213112,1.183149,0.06029737,-0.4368735,0.405796,-0.2855303,0.7873809,0.3658324,0,0,0.4500954,0.2622779,0.08509137,0.9985315,-0.01659667,-0.03337419,0.03931341
115852,0.0166671,64.7028838209808,1.173429,0.06422052,-0.4368924,-0.3991399,0.2929852,-0.7890589,-0.3636387,0,0,0.4500954,0.2622779,0.08509137,0.9985315,-0.01659667,-0.03337419,0.03931341
115856,0.0166674,64.7195512205362,1.154674,0.07031533,-0.4387026,0.3918855,-0.2946292,0.7921178,0.3635502,0,0,0.4500954,0.2622779,0.08509137,0.9985315,-0.01659667,-0.03337419,0.03931341
115860,0.0166675,64.7362187206745,1.140769,0.08113868,-0.4378564,0.3798637,-0.291631,0.8018094,0.3574306,0,0,0.4500954,0.2622779,0.08509137,0.9985315,-0.01659667,-0.03337419,0.03931341
115864,0.0166672,64.7528859209269,1.113774,0.08867341,-0.4441442,-0.3638994,0.2906841,-0.811449,-0.3530306,0,0,0.4500954,0.2622779,0.08509137,0.9985315,-0.01659667,-0.03337419,0.03931341
115866,0.0166666,64.7695525214076,1.092609,0.1057682,-0.4451806,-0.3383605,0.2786362,-0.8290786,-0.347135,0,0,0.4500954,0.2622779,0.08509137,0.9985315,-0.01659667,-0.03337419,0.03931341
115870,0.0166671,64.7862196210772,1.057814,0.1218628,-0.4534667,0.3084431,-0.283902,0.8436662,0.3353951,0,0,0.4500954,0.2622779,0.08509137,0.9985315,-0.01659667,-0.03337419,0.03931341
115870,0.0166659,64.8028855212033,1.031005,0.137172,-0.4598105,-0.2647642,0.2742297,-0.8629791,-0.33161,0,0,0.4500954,0.2622779,0.08509137,0.9985315,-0.01659667,-0.03337419,0.03931341
115878,0.0166693,64.8195548206568,0.9883591,0.1609719,-0.4724844,0.180648,-0.2520589,0.8906281,0.3325872,0,0,0.4500954,0.2622779,0.08509137,0.9985315,-0.01659667,-0.03337419,0.03931341
115882,0.0166645,64.8362193200737,0.9580697,0.1796317,-0.4913755,-0.06638442,0.3306231,-0.8905091,-0.3054098,0,0,0.4500954,0.2622779,0.08509137,0.9985315,-0.01659667,-0.03337419,0.03931341
115884,0.016957,64.8531763199717,0.9342493,0.187168,-0.5047814,0.02200966,0.5080662,-0.8190052,-0.2657344,0,0,0.4500954,0.2622779,0.08509137,0.9985315,-0.01659667,-0.03337419,0.03931341
115888,0.0166676,64.8698439206928,0.9151189,0.2019241,-0.5316668,0.0027409,0.7574643,-0.6387942,-0.134842,0,0.14316238462925,0.4500954,0.2622779,0.08509137,0.9985315,-0.01659667,-0.03337419,0.03931341
115890,0.0170202,64.8868641201407,0.9151189,0.2019241,-0.5316668,0.0027409,0.7574643,-0.6387942,-0.134842,0,0.357771784067154,0.4500954,0.2622779,0.08509137,0.9985315,-0.01659667,-0.03337419,0.03931341
115894,0.0166677,64.903531819582,0.9151189,0.2019241,-0.5316668,0.0027409,0.7574643,-0.6387942,-0.134842,0,0.357771784067154,0.4500954,0.2622779,0.08509137,0.9985315,-0.01659667,-0.03337419,0.03931341
115898,0.0177784,64.9213102199137,0.9151189,0.2019241,-0.5316668,0.0027409,0.7574643,-0.6387942,-0.134842,0,0.357771784067154,0.4500954,0.2622779,0.08509137,0.9985315,-0.01659667,-0.03337419,0.03931341
115902,0.0166678,64.9379780199379,0.9151189,0.2019241,-0.5316668,0.0027409,0.7574643,-0.6387942,-0.134842,0,0.357771784067154,0.4500954,0.2622779,0.08509137,0.9985315,-0.01659667,-0.03337419,0.03931341
115904,0.0179169,64.9558949191123,0.9151189,0.2019241,-0.5316668,0.0027409,0.7574643,-0.6387942,-0.134842,0,0.357771784067154,0.4500954,0.2622779,0.08509137,0.9985315,-0.01659667,-0.03337419,0.03931341
115910,0.0263605,64.9822554197162,0.9151189,0.2019241,-0.5316668,0.0027409,0.7574643,-0.6387942,-0.134842,0,0.357771784067154,0.4500954,0.2622779,0.08509137,0.9985315,-0.01659667,-0.03337419,0.03931341
115912,0.0203762,65.0026316195726,0.9151189,0.2019241,-0.5316668,0.0027409,0.7574643,-0.6387942,-0.134842,0,0.357771784067154,0.4500954,0.2622779,0.08509137,0.9985315,-0.01659667,-0.03337419,0.03931341
115918,0.0190603,65.0216919202358,0.9151189,0.2019241,-0.5316668,0.0027409,0.7574643,-0.6387942,-0.134842,0,0.357771784067154,0.4500954,0.2622779,0.08509137,0.9985315,-0.01659667,-0.03337419,0.03931341
115920,0.0166677,65.0383596196771,0.9151189,0.2019241,-0.5316668,0.0027409,0.7574643,-0.6387942,-0.134842,0,0.357771784067154,0.4500954,0.2622779,0.08509137,0.9985315,-0.01659667,-0.03337419,0.03931341
115924,0.0166673,65.0550269205123,0.9151189,0.2019241,-0.5316668,0.0027409,0.7574643,-0.6387942,-0.134842,0,0.357771784067154,0.4500954,0.2622779,0.08509137,0.9985315,-0.01659667,-0.03337419,0.03931341
115926,0.0166673,65.0716942213476,0.9151189,0.2019241,-0.5316668,0.0027409,0.7574643,-0.6387942,-0.134842,0,0.357771784067154,0.4500954,0.2622779,0.08509137,0.9985315,-0.01659667,-0.03337419,0.03931341
115930,0.0183994,65.0900936219841,0.9151189,0.2019241,-0.5316668,0.0027409,0.7574643,-0.6387942,-0.134842,0,0.357771784067154,0.4500954,0.2622779,0.08509137,0.9985315,-0.01659667,-0.03337419,0.03931341
115934,0.0166675,65.1067611221224,0.9151189,0.2019241,-0.5316668,0.0027409,0.7574643,-0.6387942,-0.134842,0,0.357771784067154,0.4500954,0.2622779,0.08509137,0.9985315,-0.01659667,-0.03337419,0.03931341
115938,0.0166677,65.1234288215637,0.9151189,0.2019241,-0.5316668,0.0027409,0.7574643,-0.6387942,-0.134842,0,0.357771784067154,0.4500954,0.2622779,0.08509137,0.9985315,-0.01659667,-0.03337419,0.03931341
115942,0.0166658,65.140094621107,0.9151189,0.2019241,-0.5316668,0.0027409,0.7574643,-0.6387942,-0.134842,0,0.357771784067154,0.4500954,0.2622779,0.08509137,0.9985315,-0.01659667,-0.03337419,0.03931341
115944,0.0170238,65.1571184210479,0.9151189,0.2019241,-0.5316668,0.0027409,0.7574643,-0.6387942,-0.134842,0,0.357771784067154,0.4500954,0.2622779,0.08509137,0.9985315,-0.01659667,-0.03337419,0.03931341
115948,0.016668,65.1737864203751,0.9151189,0.2019241,-0.5316668,0.0027409,0.7574643,-0.6387942,-0.134842,0,0.357771784067154,0.4500954,0.2622779,0.08509137,0.9985315,-0.01659667,-0.03337419,0.03931341
115950,0.0176177,65.1914041209966,0.9151189,0.2019241,-0.5316668,0.0027409,0.7574643,-0.6387942,-0.134842,0,0.357771784067154,0.4500954,0.2622779,0.08509137,0.9985315,-0.01659667,-0.03337419,0.03931341
115956,0.0166675,65.2080716211349,0.9151189,0.2019241,-0.5316668,0.0027409,0.7574643,-0.6387942,-0.134842,0,0.357771784067154,0.4500954,0.2622779,0.08509137,0.9985315,-0.01659667,-0.03337419,0.03931341
115958,0.0166664,65.2247380204499,0.9151189,0.2019241,-0.5316668,0.0027409,0.7574643,-0.6387942,-0.134842,0,0.357771784067154,0.4500954,0.2622779,0.08509137,0.9985315,-0.01659667,-0.03337419,0.03931341
115960,0.0166687,65.2414067201316,0.9151189,0.2019241,-0.5316668,0.0027409,0.7574643,-0.6387942,-0.134842,0,0.357771784067154,0.4500954,0.2622779,0.08509137,0.9985315,-0.01659667,-0.03337419,0.03931341
115964,0.0166716,65.2580783199519,0.9151189,0.2019241,-0.5316668,0.0027409,0.7574643,-0.6387942,-0.134842,0,0.357771784067154,0.4500954,0.2622779,0.08509137,0.9985315,-0.01659667,-0.03337419,0.03931341
115966,0.0166673,65.2747456207871,0.9151189,0.2019241,-0.5316668,0.0027409,0.7574643,-0.6387942,-0.134842,0,0.357771784067154,0.4500954,0.2622779,0.08509137,0.9985315,-0.01659667,-0.03337419,0.03931341
115970,0.0166666,65.2914122212678,0.9151189,0.2019241,-0.5316668,0.0027409,0.7574643,-0.6387942,-0.134842,0,0.357771784067154,0.4500954,0.2622779,0.08509137,0.9985315,-0.01659667,-0.03337419,0.03931341
115974,0.0166674,65.3080796208233,0.9151189,0.2019241,-0.5316668,0.0027409,0.7574643,-0.6387942,-0.134842,0,0.357771784067154,0.4500954,0.2622779,0.08509137,0.9985315,-0.01659667,-0.03337419,0.03931341
115978,0.0166666,65.3247462213039,0.9151189,0.2019241,-0.5316668,0.0027409,0.7574643,-0.6387942,-0.134842,0,0.357771784067154,0.4500954,0.2622779,0.08509137,0.9985315,-0.01659667,-0.03337419,0.03931341
115980,0.0166692,65.3414154220372,0.9151189,0.2019241,-0.5316668,0.0027409,0.7574643,-0.6387942,-0.134842,0,0.357771784067154,0.4500954,0.2622779,0.08509137,0.9985315,-0.01659667,-0.03337419,0.03931341
115984,0.0166647,65.3580801226199,0.9151189,0.2019241,-0.5316668,0.0027409,0.7574643,-0.6387942,-0.134842,0,0.357771784067154,0.4500954,0.2622779,0.08509137,0.9985315,-0.01659667,-0.03337419,0.03931341
115986,0.0166668,65.3747469224036,0.9151189,0.2019241,-0.5316668,0.0027409,0.7574643,-0.6387942,-0.134842,0,0.357771784067154,0.4500954,0.2622779,0.08509137,0.9985315,-0.01659667,-0.03337419,0.03931341
115990,0.016667,65.3914139214903,0.9151189,0.2019241,-0.5316668,0.0027409,0.7574643,-0.6387942,-0.134842,0,0.357771784067154,0.4500954,0.2622779,0.08509137,0.9985315,-0.01659667,-0.03337419,0.03931341
115994,0.0166668,65.408080721274,0.9151189,0.2019241,-0.5316668,0.0027409,0.7574643,-0.6387942,-0.134842,0,0.357771784067154,0.4500954,0.2622779,0.08509137,0.9985315,-0.01659667,-0.03337419,0.03931341
115998,0.0166673,65.4247480221093,0.9151189,0.2019241,-0.5316668,0.0027409,0.7574643,-0.6387942,-0.134842,0,0.357771784067154,0.4500954,0.2622779,0.08509137,0.9985315,-0.01659667,-0.03337419,0.03931341
116000,0.0166664,65.4414144214243,0.9151189,0.2019241,-0.5316668,0.0027409,0.7574643,-0.6387942,-0.134842,0,0.357771784067154,0.4500954,0.2622779,0.08509137,0.9985315,-0.01659667,-0.03337419,0.03931341
116004,0.0166671,65.4580815210938,0.9151189,0.2019241,-0.5316668,0.0027409,0.7574643,-0.6387942,-0.134842,0,0.357771784067154,0.4500954,0.2622779,0.08509137,0.9985315,-0.01659667,-0.03337419,0.03931341
116006,0.0166671,65.4747486207634,0.9151189,0.2019241,-0.5316668,0.0027409,0.7574643,-0.6387942,-0.134842,0,0.357771784067154,0.4500954,0.2622779,0.08509137,0.9985315,-0.01659667,-0.03337419,0.03931341
116012,0.0166667,65.4914153199643,0.9151189,0.2019241,-0.5316668,0.0027409,0.7574643,-0.6387942,-0.134842,0,0.357771784067154,0.4500954,0.2622779,0.08509137,0.9985315,-0.01659667,-0.03337419,0.03931341
116014,0.0166674,65.5080827195197,0.9151189,0.2019241,-0.5316668,0.0027409,0.7574643,-0.6387942,-0.134842,0,0.357771784067154,0.4500954,0.2622779,0.08509137,0.9985315,-0.01659667,-0.03337419,0.03931341
116018,0.0166671,65.5247498191893,0.9151189,0.2019241,-0.5316668,0.0027409,0.7574643,-0.6387942,-0.134842,0,0.357771784067154,0.4500954,0.2622779,0.08509137,0.9985315,-0.01659667,-0.03337419,0.03931341
116020,0.0166665,65.5414163190871,0.9151189,0.2019241,-0.5316668,0.0027409,0.7574643,-0.6387942,-0.134842,0,0.357771784067154,0.4500954,0.2622779,0.08509137,0.9985315,-0.01659667,-0.03337419,0.03931341
116024,0.0166717,65.5580880194902,0.9151189,0.2019241,-0.5316668,0.0027409,0.7574643,-0.6387942,-0.134842,0,0.357771784067154,0.4500954,0.2622779,0.08509137,0.9985315,-0.01659667,-0.03337419,0.03931341
116028,0.0166627,65.574750719592,0.9151189,0.2019241,-0.5316668,0.0027409,0.7574643,-0.6387942,-0.134842,0,0.357771784067154,0.4500954,0.2622779,0.08509137,0.9985315,-0.01659667,-0.03337419,0.03931341
116030,0.016667,65.5914177186787,0.9151189,0.2019241,-0.5316668,0.0027409,0.7574643,-0.6387942,-0.134842,0,0.357771784067154,0.4500954,0.2622779,0.08509137,0.9985315,-0.01659667,-0.03337419,0.03931341
116034,0.0166667,65.6080844178796,0.9151189,0.2019241,-0.5316668,0.0027409,0.7574643,-0.6387942,-0.134842,0,0.357771784067154,0.4500954,0.2622779,0.08509137,0.9985315,-0.01659667,-0.03337419,0.03931341
116038,0.0166664,65.6247508171946,0.9151189,0.2019241,-0.5316668,0.0027409,0.7574643,-0.6387942,-0.134842,0,0.357771784067154,0.4500954,0.2622779,0.08509137,0.9985315,-0.01659667,-0.03337419,0.03931341
116042,0.0166674,65.64141821675,0.9151189,0.2019241,-0.5316668,0.0027409,0.7574643,-0.6387942,-0.134842,0,0.357771784067154,0.4500954,0.2622779,0.08509137,0.9985315,-0.01659667,-0.03337419,0.03931341
116044,0.0166665,65.6580847166479,0.9151189,0.2019241,-0.5316668,0.0027409,0.7574643,-0.6387942,-0.134842,0,0.357771784067154,0.4500954,0.2622779,0.08509137,0.9985315,-0.01659667,-0.03337419,0.03931341
116048,0.0166675,65.6747522167861,0.9151189,0.2019241,-0.5316668,0.0027409,0.7574643,-0.6387942,-0.134842,0,0.357771784067154,0.4500954,0.2622779,0.08509137,0.9985315,-0.01659667,-0.03337419,0.03931341
116050,0.0166667,65.691418915987,0.9151189,0.2019241,-0.5316668,0.0027409,0.7574643,-0.6387942,-0.134842,0,0.357771784067154,0.4500954,0.2622779,0.08509137,0.9985315,-0.01659667,-0.03337419,0.03931341
116054,0.0166675,65.7080864161253,0.9151189,0.2019241,-0.5316668,0.0027409,0.7574643,-0.6387942,-0.134842,0,0.357771784067154,0.4500954,0.2622779,0.08509137,0.9985315,-0.01659667,-0.03337419,0.03931341
116058,0.0166659,65.7247523162514,0.9151189,0.2019241,-0.5316668,0.0027409,0.7574643,-0.6387942,-0.134842,0,0.357771784067154,0.4500954,0.2622779,0.08509137,0.9985315,-0.01659667,-0.03337419,0.03931341
116062,0.0166673,65.7414196170866,0.9151189,0.2019241,-0.5316668,0.0027409,0.7574643,-0.6387942,-0.134842,0,0.357771784067154,0.4500954,0.2622779,0.08509137,0.9985315,-0.01659667,-0.03337419,0.03931341
116064,0.0166679,65.7580875176936,0.9151189,0.2019241,-0.5316668,0.0027409,0.7574643,-0.6387942,-0.134842,0,0.357771784067154,0.4500954,0.2622779,0.08509137,0.9985315,-0.01659667,-0.03337419,0.03931341
116068,0.0166658,65.7747533172369,0.9151189,0.2019241,-0.5316668,0.0027409,0.7574643,-0.6387942,-0.134842,0,0.357771784067154,0.4500954,0.2622779,0.08509137,0.9985315,-0.01659667,-0.03337419,0.03931341
116070,0.0166675,65.7914208173752,0.9151189,0.2019241,-0.5316668,0.0027409,0.7574643,-0.6387942,-0.134842,0,0.357771784067154,0.4500954,0.2622779,0.08509137,0.9985315,-0.01659667,-0.03337419,0.03931341
116074,0.0166678,65.8080886173993,0.9151189,0.2019241,-0.5316668,0.0027409,0.7574643,-0.6387942,-0.134842,0,0.357771784067154,0.4500954,0.2622779,0.08509137,0.9985315,-0.01659667,-0.03337419,0.03931341
116078,0.0166669,65.8247555177659,0.9151189,0.2019241,-0.5316668,0.0027409,0.7574643,-0.6387942,-0.134842,0,0.357771784067154,0.4500954,0.2622779,0.08509137,0.9985315,-0.01659667,-0.03337419,0.03931341
116082,0.0166664,65.8414219170809,0.9151189,0.2019241,-0.5316668,0.0027409,0.7574643,-0.6387942,-0.134842,0,0.357771784067154,0.4500954,0.2622779,0.08509137,0.9985315,-0.01659667,-0.03337419,0.03931341
116084,0.0166666,65.8580885175616,0.9151189,0.2019241,-0.5316668,0.0027409,0.7574643,-0.6387942,-0.134842,0,0.357771784067154,0.4500954,0.2622779,0.08509137,0.9985315,-0.01659667,-0.03337419,0.03931341
116088,0.0166662,65.8747547175735,0.9151189,0.2019241,-0.5316668,0.0027409,0.7574643,-0.6387942,-0.134842,0,0.357771784067154,0.4500954,0.2622779,0.08509137,0.9985315,-0.01659667,-0.03337419,0.03931341
116092,0.0166668,65.8914215173572,0.9151189,0.2019241,-0.5316668,0.0027409,0.7574643,-0.6387942,-0.134842,0,0.357771784067154,0.4500954,0.2622779,0.08509137,0.9985315,-0.01659667,-0.03337419,0.03931341
116096,0.0166668,65.9080883171409,0.9151189,0.2019241,-0.5316668,0.0027409,0.7574643,-0.6387942,-0.134842,0,0.357771784067154,0.4500954,0.2622779,0.08509137,0.9985315,-0.01659667,-0.03337419,0.03931341
116098,0.0169825,65.925070816651,0.9151189,0.2019241,-0.5316668,0.0027409,0.7574643,-0.6387942,-0.134842,0,0.357771784067154,0.4500954,0.2622779,0.08509137,0.9985315,-0.01659667,-0.03337419,0.03931341
116102,0.0166673,65.9417381174862,0.9151189,0.2019241,-0.5316668,0.0027409,0.7574643,-0.6387942,-0.134842,0,0.357771784067154,0.4500954,0.2622779,0.08509137,0.9985315,-0.01659667,-0.03337419,0.03931341
116106,0.0195883,65.9613264165819,0.9151189,0.2019241,-0.5316668,0.0027409,0.7574643,-0.6387942,-0.134842,0,0.357771784067154,0.4500954,0.2622779,0.08509137,0.9985315,-0.01659667,-0.03337419,0.03931341
116110,0.0166684,65.9779948163778,0.9151189,0.2019241,-0.5316668,0.0027409,0.7574643,-0.6387942,-0.134842,0,0.357771784067154,0.4500954,0.2622779,0.08509137,0.9985315,-0.01659667,-0.03337419,0.03931341
116112,0.0183629,65.99635771662,0.9151189,0.2019241,-0.5316668,0.0027409,0.7574643,-0.6387942,-0.134842,0,0.357771784067154,0.4500954,0.2622779,0.08509137,0.9985315,-0.01659667,-0.03337419,0.03931341
116118,0.0166688,66.0130265168846,0.9151189,0.2019241,-0.5316668,0.0027409,0.7574643,-0.6387942,-0.134842,0,0.357771784067154,0.4500954,0.2622779,0.08509137,0.9985315,-0.01659667,-0.03337419,0.03931341
116122,0.0203194,66.0333459172398,0.9151189,0.2019241,-0.5316668,0.0027409,0.7574643,-0.6387942,-0.134842,0,0.357771784067154,0.4500954,0.2622779,0.08509137,0.9985315,-0.01659667,-0.03337419,0.03931341
116124,0.0209431,66.0542890168726,0.9151189,0.2019241,-0.5316668,0.0027409,0.7574643,-0.6387942,-0.134842,0,0.357771784067154,0.4500954,0.2622779,0.08509137,0.9985315,-0.01659667,-0.03337419,0.03931341
116128,0.0166682,66.0709572173655,0.9151189,0.2019241,-0.5316668,0.0027409,0.7574643,-0.6387942,-0.134842,0,0.357771784067154,0.4500954,0.2622779,0.08509137,0.9985315,-0.01659667,-0.03337419,0.03931341
116130,0.0166657,66.0876229181886,0.9151189,0.2019241,-0.5316668,0.0027409,0.7574643,-0.6387942,-0.134842,0,0.357771784067154,0.4500954,0.2622779,0.08509137,0.9985315,-0.01659667,-0.03337419,0.03931341
116134,0.0166695,66.1042924188077,0.9151189,0.2019241,-0.5316668,0.0027409,0.7574643,-0.6387942,-0.134842,0,0.357771784067154,0.4500954,0.2622779,0.08509137,0.9985315,-0.01659667,-0.03337419,0.03931341
116138,0.0166642,66.1209566183388,0.9151189,0.2019241,-0.5316668,0.0027409,0.7574643,-0.6387942,-0.134842,0,0.357771784067154,0.4500954,0.2622779,0.08509137,0.9985315,-0.01659667,-0.03337419,0.03931341
116142,0.0166671,66.1376237180084,0.9151189,0.2019241,-0.5316668,0.0027409,0.7574643,-0.6387942,-0.134842,0,0.357771784067154,0.4500954,0.2622779,0.08509137,0.9985315,-0.01659667,-0.03337419,0.03931341
116144,0.017725,66.1553487181664,0.9151189,0.2019241,-0.5316668,0.0027409,0.7574643,-0.6387942,-0.134842,0,0.357771784067154,0.4500954,0.2622779,0.08509137,0.9985315,-0.01659667,-0.03337419,0.03931341
116148,0.0166686,66.1720173172653,0.9151189,0.2019241,-0.5316668,0.0027409,0.7574643,-0.6387942,-0.134842,0,0.357771784067154,0.4500954,0.2622779,0.08509137,0.9985315,-0.01659667,-0.03337419,0.03931341
116150,0.0166654,66.1886827163398,0.9151189,0.2019241,-0.5316668,0.0027409,0.7574643,-0.6387942,-0.134842,0,0.357771784067154,0.4500954,0.2622779,0.08509137,0.9985315,-0.01659667,-0.03337419,0.03931341
116156,0.0166673,66.2053500171751,0.9151189,0.2019241,-0.5316668,0.0027409,0.7574643,-0.6387942,-0.134842,0,0.357771784067154,0.4500954,0.2622779,0.08509137,0.9985315,-0.01659667,-0.03337419,0.03931341
116158,0.019508,66.2248580176383,0.9151189,0.2019241,-0.5316668,0.0027409,0.7574643,-0.6387942,-0.134842,0,0.357771784067154,0.4500954,0.2622779,0.08509137,0.9985315,-0.01659667,-0.03337419,0.03931341
116164,0.0265683,66.2514263167977,0.9151189,0.2019241,-0.5316668,0.0027409,0.7574643,-0.6387942,-0.134842,0,0.357771784067154,0.4500954,0.2622779,0.08509137,0.9985315,-0.01659667,-0.03337419,0.03931341
116166,0.0180099,66.2694362159818,0.9151189,0.2019241,-0.5316668,0.0027409,0.7574643,-0.6387942,-0.134842,0,0.357771784067154,0.4500954,0.2622779,0.08509137,0.9985315,-0.01659667,-0.03337419,0.03931341
116170,0.0166682,66.2861044164747,0.9151189,0.2019241,-0.5316668,0.0027409,0.7574643,-0.6387942,-0.134842,0,0.357771784067154,0.4500954,0.2622779,0.08509137,0.9985315,-0.01659667,-0.03337419,0.03931341
116172,0.0166665,66.3027709163725,0.9151189,0.2019241,-0.5316668,0.0027409,0.7574643,-0.6387942,-0.134842,0,0.357771784067154,0.4500954,0.2622779,0.08509137,0.9985315,-0.01659667,-0.03337419,0.03931341
116176,0.0166674,66.319438315928,0.9151189,0.2019241,-0.5316668,0.0027409,0.757