F,DT,T,tau1,tau2,tau3,tau4,tau5,tau6,tau7,con_x,con_y,con_z
118432,0.0166664,0.0166663993149996,-0.612269818782806,-18.7694492340088,0.181001842021942,12.3392782211304,0.350727200508118,2.54418110847473,-0.327597796916962,0,0,0
118434,0.0178244,0.0344907995313406,-0.715419232845306,-18.9916172027588,0.105623431503773,12.2638998031616,0.369037747383118,2.61009907722473,-0.17287366092205,0,0,0
118436,0.0166688,0.0511595997959375,-0.640040814876556,-19.090799331665,0.133394420146942,12.4384603500366,0.374530911445618,2.68883442878723,-0.2250587195158,0,0,0
118440,0.0166678,0.0678273998200893,-0.640040814876556,-19.090799331665,0.133394420146942,12.4384603500366,0.374530911445618,2.68883442878723,-0.2250587195158,0,0,0
118444,0.0166661,0.0844934992492199,-0.715419232845306,-18.9678134918213,0.0818197205662727,12.4146566390991,0.386432766914368,2.69524312019348,-0.1151954382658,0,0,0
118446,0.0166712,0.101164698600769,-0.838405072689056,-18.8408603668213,-0.0173624083399773,12.0933065414429,0.416645169258118,2.65587544441223,-0.0895606726408005,0,0,0
118452,0.0166624,0.117827098816633,-0.838405072689056,-18.8408603668213,-0.0173624083399773,12.0933065414429,0.416645169258118,2.65587544441223,-0.0895606726408005,0,0,0
118454,0.0192464,0.137073498219252,-0.715419232845306,-18.8924350738525,0.105623431503773,12.2162923812866,0.416645169258118,2.75383687019348,-0.0895606726408005,0,0,0
118458,0.0166674,0.153740897774696,-0.715419232845306,-18.8924350738525,0.105623431503773,12.2162923812866,0.416645169258118,2.75383687019348,-0.0895606726408005,0,0,0
118464,0.0218454,0.175586298108101,-0.790797650814056,-18.9916172027588,-0.0451334044337273,12.2400960922241,0.445942044258118,2.76024556159973,-0.0382911413908005,0,0,0
118466,0.0213176,0.196903897449374,-0.790797650814056,-18.9916172027588,-0.0451334044337273,12.2400960922241,0.445942044258118,2.76024556159973,-0.0382911413908005,0,0,0
118470,0.0166671,0.21357099711895,-0.937587201595306,-18.91623878479,-0.0927408263087273,12.3154745101929,0.457843899726868,2.76024556159973,-0.0126563757658005,0,0,0
118472,0.0167013,0.230272296816111,-0.862208783626556,-19.090799331665,-0.0451334044337273,12.2638998031616,0.457843899726868,2.79320454597473,0.000161007046699524,0,0,0
118478,0.0178267,0.248098997399211,-0.687648236751556,-19.1146030426025,0.157198131084442,12.2162923812866,0.434040188789368,2.77397847175598,-0.0126563757658005,0,0,0
118480,0.0197375,0.267836498096585,-0.663844525814056,-18.9678134918213,0.157198131084442,12.3154745101929,0.428547024726868,2.80602192878723,0.0322044640779495,0,0,0
118486,0.0166675,0.284503998234868,-0.663844525814056,-18.9678134918213,0.157198131084442,12.3154745101929,0.428547024726868,2.80602192878723,0.0322044640779495,0,0,0
118490,0.0222927,0.306796697899699,-0.763026654720306,-18.9400424957275,0.00644130259752274,12.2638998031616,0.457843899726868,2.76665425300598,0.1228416711092,0,0,0
118492,0.0204651,0.327261798083782,-0.763026654720306,-18.9400424957275,0.00644130259752274,12.2638998031616,0.457843899726868,2.76665425300598,0.1228416711092,0,0,0
118498,0.0182467,0.345508497208357,-0.814601361751556,-19.0154209136963,-0.0451334044337273,12.2638998031616,0.476154446601868,2.81334614753723,0.15488512814045,0,0,0
118500,0.0195642,0.365072697401047,-0.814601361751556,-19.0154209136963,-0.0451334044337273,12.2638998031616,0.476154446601868,2.81334614753723,0.15488512814045,0,0,0
118504,0.0166739,0.381746597588062,-0.790797650814056,-18.9916172027588,0.00644130259752274,12.1409139633179,0.482563138008118,2.76024556159973,0.16770251095295,0,0,0
118506,0.0173651,0.39911169745028,-0.790797650814056,-18.9916172027588,0.00644130259752274,12.1409139633179,0.482563138008118,2.76024556159973,0.16770251095295,0,0,0
118512,0.0166698,0.415781497955322,-0.790797650814056,-18.9916172027588,0.00644130259752274,12.1409139633179,0.482563138008118,2.76024556159973,0.16770251095295,0,0,0
118514,0.0191968,0.434978298842907,-0.739222943782806,-18.9400424957275,0.0580160096287727,12.0417318344116,0.476154446601868,2.79961323738098,0.2125633507967,0,0,0
118518,0.0166676,0.451645899564028,-0.790797650814056,-18.9916172027588,-0.0451334044337273,12.1409139633179,0.494464993476868,2.79320454597473,0.21897204220295,0,0,0
118520,0.0167516,0.468397499993443,-0.838405072689056,-19.0392246246338,0.00644130259752274,12.0655355453491,0.482563138008118,2.80602192878723,0.18051989376545,0,0,0
118522,0.0166688,0.48506630025804,-0.763026654720306,-19.0392246246338,-0.0173624083399773,12.0933065414429,0.470661282539368,2.85179829597473,0.2253807336092,0,0,0
118526,0.0166664,0.50173269957304,-0.763026654720306,-19.0392246246338,-0.0173624083399773,12.0933065414429,0.470661282539368,2.85179829597473,0.2253807336092,0,0,0
118530,0.0166716,0.518404299393296,-0.687648236751556,-18.9916172027588,0.0818197205662727,12.2162923812866,0.482563138008118,2.85179829597473,0.1869285851717,0,0,0
118532,0.0166623,0.535066599026322,-0.790797650814056,-18.9400424957275,-0.0451334044337273,12.2162923812866,0.494464993476868,2.84538960456848,0.20615465939045,0,0,0
118536,0.0166959,0.551762498915195,-0.790797650814056,-18.9400424957275,-0.0451334044337273,12.2162923812866,0.494464993476868,2.84538960456848,0.20615465939045,0,0,0
118540,0.0166664,0.568428898230195,-0.814601361751556,-19.0392246246338,-0.0927408263087273,12.2162923812866,0.518268704414368,2.83257222175598,0.1997459679842,0,0,0
118544,0.0166682,0.585097098723054,-0.715419232845306,-19.0392246246338,0.0580160096287727,12.0655355453491,0.488056302070618,2.83898091316223,0.2125633507967,0,0,0
118546,0.0166647,0.601761799305677,-0.640040814876556,-18.9400424957275,0.133394420146942,11.9663534164429,0.476154446601868,2.81334614753723,0.2253807336092,0,0,0
118552,0.016668,0.61842979863286,-0.739222943782806,-18.9678134918213,0.0302450135350227,12.1171102523804,0.494464993476868,2.81334614753723,0.1997459679842,0,0,0
118554,0.016667,0.635096797719598,-0.739222943782806,-18.9678134918213,0.0302450135350227,12.1171102523804,0.494464993476868,2.81334614753723,0.1997459679842,0,0,0
118558,0.0166667,0.651763496920466,-0.715419232845306,-18.9400424957275,0.0580160096287727,12.0933065414429,0.494464993476868,2.81975483894348,0.2125633507967,0,0,0
118560,0.0166652,0.66842869669199,-0.715419232845306,-18.9400424957275,0.0580160096287727,12.0933065414429,0.494464993476868,2.81975483894348,0.2125633507967,0,0,0
118566,0.0166671,0.685095796361566,-0.663844525814056,-18.9916172027588,0.133394420146942,12.1924886703491,0.488056302070618,2.80602192878723,0.20615465939045,0,0,0
118570,0.0229018,0.707997595891356,-0.612269818782806,-18.9400424957275,0.133394420146942,12.2400960922241,0.506366848945618,2.79961323738098,0.23178942501545,0,0,0
118572,0.0214721,0.729469696059823,-0.612269818782806,-18.9400424957275,0.133394420146942,12.2400960922241,0.506366848945618,2.79961323738098,0.23178942501545,0,0,0
118578,0.0170268,0.746496496722102,-0.564662396907806,-19.0154209136963,0.307954967021942,12.5376424789429,0.470661282539368,2.77397847175598,0.23178942501545,0,0,0
118580,0.020073,0.766569497063756,-0.564662396907806,-19.0154209136963,0.307954967021942,12.5376424789429,0.470661282539368,2.77397847175598,0.23178942501545,0,0,0
118584,0.0166663,0.783235797658563,-0.239345014095306,-18.9678134918213,0.657076060771942,12.6368246078491,0.470661282539368,2.64305806159973,0.1997459679842,0,0,0
118586,0.0179,0.801135797053576,-0.314723432064056,-18.9678134918213,0.609468638896942,12.7360067367554,0.476154446601868,2.63573384284973,0.24460680782795,0,0,0
118592,0.0166671,0.817802896723151,-0.314723432064056,-18.9678134918213,0.609468638896942,12.7360067367554,0.476154446601868,2.63573384284973,0.24460680782795,0,0,0
118594,0.0180078,0.835810696706176,-0.0885881781578064,-19.0154209136963,0.883211314678192,12.8113851547241,0.445942044258118,2.55058979988098,0.1997459679842,0,0,0
118598,0.0173233,0.8531339969486,-0.0885881781578064,-19.0154209136963,0.883211314678192,12.8113851547241,0.445942044258118,2.55058979988098,0.1997459679842,0,0,0
118600,0.0181258,0.871259797364473,-0.163966596126556,-19.1146030426025,0.831636607646942,13.2358846664429,0.452350735664368,2.57073140144348,0.24460680782795,0,0,0
118606,0.0193882,0.890647998079658,-0.314723432064056,-19.2375888824463,0.708650767803192,13.1367025375366,0.499958157539368,2.50481343269348,0.24460680782795,0,0,0
118608,0.0202813,0.91092929802835,-0.314723432064056,-19.2375888824463,0.708650767803192,13.1367025375366,0.499958157539368,2.50481343269348,0.24460680782795,0,0,0
118614,0.0166675,0.927596798166633,-0.0370134711265564,-19.4359531402588,0.907015025615692,13.2834920883179,0.488056302070618,2.43981099128723,0.16770251095295,0,0,0
118616,0.0210453,0.94864209741354,-0.0370134711265564,-19.4359531402588,0.907015025615692,13.2834920883179,0.488056302070618,2.43981099128723,0.16770251095295,0,0,0
118622,0.0166683,0.965310396626592,-0.0370134711265564,-20.0548496246338,0.907015025615692,13.9301595687866,0.530170559883118,2.51854634284973,0.12925036251545,0,0,0
118624,0.0195763,0.984886696562171,-0.362330853939056,-20.0032749176025,0.581697642803192,13.6564168930054,0.649189114570618,2.38671040534973,0.276650249958038,0,0,0
118628,0.0199069,1.00479359738529,-0.362330853939056,-20.0032749176025,0.581697642803192,13.6564168930054,0.649189114570618,2.38671040534973,0.276650249958038,0,0,0
118632,0.0166684,1.02146199718118,0.0859723687171936,-21.3164463043213,1.01016449928284,14.8227987289429,0.642780423164368,2.55058979988098,0.20615465939045,0,0,0
118634,0.0166653,1.03812729753554,0.0859723687171936,-21.3164463043213,1.01016449928284,14.8227987289429,0.642780423164368,2.55058979988098,0.20615465939045,0,0,0
118636,0.0166687,1.0547959972173,-0.362330853939056,-20.6975498199463,0.534090220928192,13.6326131820679,0.750812649726868,2.40044331550598,0.23178942501545,0,0,0
118640,0.0166677,1.07146369665861,-0.540858685970306,-21.217264175415,0.383333384990692,14.8227987289429,0.798420071601868,2.49199604988098,0.1997459679842,0,0,0
118644,0.016667,1.08813069574535,-0.540858685970306,-21.217264175415,0.383333384990692,14.8227987289429,0.798420071601868,2.49199604988098,0.1997459679842,0,0,0
118646,0.0166668,1.10479749552906,-0.140162885189056,-20.7451572418213,0.732454478740692,13.3588705062866,0.810321927070618,2.17705464363098,0.289467632770538,0,0,0
118652,0.0166669,1.1214643958956,-0.140162885189056,-20.7451572418213,0.732454478740692,13.3588705062866,0.810321927070618,2.17705464363098,0.289467632770538,0,0,0
118656,0.0166654,1.13812979497015,0.0343976616859436,-20.8443393707275,0.982393443584442,12.9859457015991,0.756305813789368,2.30156636238098,0.276650249958038,0,0,0
118658,0.0187443,1.15687409415841,0.0343976616859436,-20.8443393707275,0.982393443584442,12.9859457015991,0.756305813789368,2.30156636238098,0.276650249958038,0,0,0
118664,0.0166672,1.17354129441082,0.109776079654694,-20.7451572418213,1.03396821022034,13.3588705062866,0.744403958320618,2.28234028816223,0.276650249958038,0,0,0
118666,0.0214476,1.19498889520764,0.109776079654694,-20.7213535308838,1.01016449928284,13.6564168930054,0.738910794258118,2.28234028816223,0.270241558551788,0,0,0
118670,0.0178521,1.21284099482,0.161350786685944,-20.550760269165,1.08554291725159,13.5810384750366,0.732502102851868,2.43340229988098,0.276650249958038,0,0,0
118674,0.0177775,1.23061849549413,0.312107622623444,-19.2891635894775,1.13315033912659,13.1367025375366,0.696796536445618,2.05345845222473,0.309609234333038,0,0,0
118678,0.0181017,1.24872019514441,0.312107622623444,-19.2891635894775,1.13315033912659,13.1367025375366,0.696796536445618,2.05345845222473,0.309609234333038,0,0,0
118680,0.0180543,1.26677449606359,-0.187770307064056,-19.8088779449463,0.633272349834442,14.1047201156616,0.732502102851868,2.40685200691223,0.270241558551788,0,0,0
118684,0.016667,1.28344149515033,0.562046587467194,-18.519510269165,1.43466401100159,13.3826742172241,0.690387845039368,2.03972554206848,0.263832867145538,0,0,0
118686,0.0182459,1.30168739520013,0.562046587467194,-18.519510269165,1.43466401100159,13.3826742172241,0.690387845039368,2.03972554206848,0.263832867145538,0,0,0
118692,0.0169757,1.31866309605539,0.0859723687171936,-18.9400424957275,0.982393443584442,14.8505697250366,0.649189114570618,2.27593159675598,0.354470074176788,-1.15156752321034,2.54391928330406,4.12864741272142
118694,0.022259,1.34092209674418,0.0859723687171936,-18.9400424957275,0.982393443584442,14.8505697250366,0.649189114570618,2.27593159675598,0.354470074176788,-1.15156752321034,2.54391928330406,4.12864741272142
118700,0.016667,1.35758909583092,0.109776079654694,-18.5472812652588,0.934786021709442,14.6482381820679,0.661090970039368,2.16423726081848,0.373696148395538,-0.577123610960984,2.69122772999417,2.77449427137986
118702,0.0182316,1.37582069635391,0.109776079654694,-18.5472812652588,0.934786021709442,14.6482381820679,0.661090970039368,2.16423726081848,0.373696148395538,-0.577123610960984,2.69122772999417,2.77449427137986
118708,0.0166669,1.39248759672046,-0.263148725032806,-18.24973487854,0.732454478740692,15.0489339828491,0.618976712226868,2.26311421394348,0.341652691364288,-0.364929981084424,3.02978695923968,2.25587226366253
118712,0.0263196,1.41880719736218,-0.263148725032806,-18.24973487854,0.732454478740692,15.0489339828491,0.618976712226868,2.26311421394348,0.341652691364288,-0.364929981084424,3.02978695923968,2.25587226366253
118714,0.0166655,1.43547269701958,0.212925493717194,-18.075174331665,1.13315033912659,15.1203451156616,0.625385403633118,2.05345845222473,0.360878765583038,-0.436849916939231,2.84796357878162,2.42623998857469
118718,0.0166697,1.45214239694178,-0.362330853939056,-18.1267490386963,0.557893931865692,15.5924520492554,0.661090970039368,2.18437886238098,0.289467632770538,-1.04594231293267,3.0797247299563,4.40850009809395
118720,0.0175996,1.46974199637771,-0.362330853939056,-18.1267490386963,0.557893931865692,15.5924520492554,0.661090970039368,2.18437886238098,0.289467632770538,-1.04594231293267,3.0797247299563,4.40850009809395
118724,0.0166696,1.48641159571707,-0.338527143001556,-18.3489170074463,0.657076060771942,14.9497518539429,0.649189114570618,2.03331685066223,0.360878765583038,-0.75666899965652,2.91676193748388,3.61584636783838
118726,0.0173638,1.50377539545298,-0.338527143001556,-18.3489170074463,0.657076060771942,14.9497518539429,0.649189114570618,2.03331685066223,0.360878765583038,-0.75666899965652,2.91676193748388,3.61584636783838
118732,0.0174821,1.5212574955076,-0.338527143001556,-18.3489170074463,0.657076060771942,14.9497518539429,0.649189114570618,2.03331685066223,0.360878765583038,-0.75666899965652,2.91676193748388,3.61584636783838
118734,0.0180248,1.5392822958529,-0.0885881781578064,-19.5589389801025,0.907015025615692,15.6916341781616,0.542072415351868,2.23015522956848,0.328835308551788,-0.853071785047216,3.03751295470701,3.40956917080253
118740,0.0197315,1.5590137951076,-0.140162885189056,-19.3367710113525,0.784029185771942,15.5448446273804,0.523761868476868,2.08550190925598,0.373696148395538,-0.512275976967479,2.99836319355866,3.25241351984729
118744,0.021466,1.58047979511321,-0.163966596126556,-19.6105136871338,0.784029185771942,15.9415731430054,0.542072415351868,2.15782856941223,0.341652691364288,-0.434603470118531,3.18329708875525,2.99302209935423
118746,0.0206432,1.60112299583852,-0.163966596126556,-19.6105136871338,0.784029185771942,15.9415731430054,0.542072415351868,2.15782856941223,0.341652691364288,-0.434603470118531,3.18329708875525,2.99302209935423
118752,0.0166678,1.61779079586267,-0.140162885189056,-18.91623878479,0.883211314678192,14.7474203109741,0.499958157539368,2.03331685066223,0.341652691364288,0.131299157898802,3.21236459674253,2.24672492092713
118754,0.0197959,1.63758669607341,-0.140162885189056,-18.91623878479,0.883211314678192,14.7474203109741,0.499958157539368,2.03331685066223,0.341652691364288,0.131299157898802,3.21236459674253,2.24672492092713
118758,0.016668,1.6542546954006,-0.112391889095306,-19.36057472229,0.807832896709442,15.9415731430054,0.416645169258118,2.09923481941223,0.341652691364288,-0.0224144702377687,3.26426518766576,2.46652906093419
118760,0.0169013,1.67115599475801,-0.112391889095306,-19.36057472229,0.807832896709442,15.9415731430054,0.416645169258118,2.09923481941223,0.341652691364288,-0.0224144702377687,3.26426518766576,2.46652906093419
118766,0.016668,1.68782399408519,-0.187770307064056,-19.2613925933838,0.807832896709442,15.7908163070679,0.416645169258118,2.13127827644348,0.295876324176788,0.00479961260922358,3.31462238796571,2.49093035824537
118770,0.0220429,1.70986689440906,-0.215541303157806,-19.58274269104,0.760225474834442,16.2391204833984,0.392841458320618,2.23656392097473,0.348061382770538,0.438019267952393,3.27226770518778,2.34152384935391
118772,0.0204435,1.73031039349735,-0.215541303157806,-19.58274269104,0.760225474834442,16.2391204833984,0.392841458320618,2.23656392097473,0.348061382770538,0.438019267952393,3.27226770518778,2.34152384935391
118778,0.0188151,1.74912549369037,-0.0132097601890564,-19.48752784729,0.831636607646942,15.7194051742554,0.350727200508118,2.07909321784973,0.348061382770538,0.547642110757566,3.15385162444914,2.04219915665079
118780,0.0180687,1.76719419285655,-0.0132097601890564,-19.48752784729,0.831636607646942,15.7194051742554,0.350727200508118,2.07909321784973,0.348061382770538,0.547642110757566,3.15385162444914,2.04219915665079
118786,0.0184151,1.78560929372907,-0.163966596126556,-19.535135269165,0.807832896709442,16.1637420654297,0.321430325508118,2.10564351081848,0.380104839801788,0.621993816009985,3.06402154962592,2.00568006944614
118788,0.0218906,1.80749989300966,-0.163966596126556,-19.4121494293213,0.732454478740692,16.1915130615234,0.321430325508118,2.07268452644348,0.354470074176788,0.641641490356821,3.00023967832565,1.90371884721653
118792,0.0166672,1.82416709326208,-0.163966596126556,-19.4121494293213,0.732454478740692,16.1915130615234,0.321430325508118,2.07268452644348,0.354470074176788,0.641641490356821,3.00023967832565,1.90371884721653
118796,0.0201176,1.84428469277918,-0.140162885189056,-19.6819248199463,0.633272349834442,16.2629241943359,0.321430325508118,2.08550190925598,0.367287456989288,0.757845190869055,2.90530839118874,1.91016742645447
118800,0.0166673,1.86095199361444,-0.140162885189056,-19.6819248199463,0.633272349834442,16.2629241943359,0.321430325508118,2.08550190925598,0.367287456989288,0.757845190869055,2.90530839118874,1.91016742645447
118802,0.018696,1.87964799441397,-0.140162885189056,-19.6819248199463,0.633272349834442,16.2629241943359,0.321430325508118,2.08550190925598,0.367287456989288,0.757845190869055,2.90530839118874,1.91016742645447
118808,0.018795,1.89844299480319,-0.140162885189056,-19.70969581604,0.657076060771942,16.2906951904297,0.291217923164368,2.12486958503723,0.392922222614288,0.745377757004831,2.84299341242911,1.95042439325565
118812,0.0180564,1.91649939492345,-0.163966596126556,-19.6581211090088,0.657076060771942,16.0407562255859,0.291217923164368,2.05345845222473,0.380104839801788,1.06059782331103,2.88510391211162,1.59778899783123
118814,0.0215666,1.93806599453092,-0.163966596126556,-19.5589389801025,0.760225474834442,15.7908163070679,0.231708630919456,2.02049946784973,0.367287456989288,1.03678429373989,2.88416058733514,1.5016545965358
118820,0.0166672,1.95473319478333,-0.163966596126556,-19.5589389801025,0.760225474834442,15.7908163070679,0.231708630919456,2.02049946784973,0.367287456989288,1.03678429373989,2.88416058733514,1.5016545965358
118822,0.0204627,1.97519589401782,-0.0885881781578064,-19.9040927886963,0.708650767803192,16.2629241943359,0.207904919981956,2.12486958503723,0.380104839801788,0.951715106871482,2.83411653937589,1.98017761013384
118826,0.017165,1.99236089363694,-0.140162885189056,-20.1778354644775,0.684847056865692,16.6874237060547,0.207904919981956,2.15141987800598,0.367287456989288,0.91037559514093,2.80977344399355,1.82019394829689
118828,0.019142,2.01150289364159,-0.187770307064056,-20.1778354644775,0.708650767803192,16.6120452880859,0.231708630919456,2.11846089363098,0.335243999958038,0.958634894534331,2.80871342360968,1.63461435050906
118834,0.0166649,2.02816779352725,-0.140162885189056,-19.8088779449463,0.708650767803192,15.9653768539429,0.196003064513206,1.98113167285919,0.373696148395538,0.923798843186947,2.69381589237365,1.83716060849022
118838,0.0200478,2.04821559414268,-0.163966596126556,-19.7334995269775,0.657076060771942,15.9415731430054,0.207904919981956,2.00035786628723,0.380104839801788,0.906715055710042,2.68675732873581,1.75824794799571
118840,0.0218474,2.07006299495697,-0.163966596126556,-20.0548496246338,0.732454478740692,16.3383026123047,0.165790662169456,2.11205220222473,0.354470074176788,0.962078910574935,2.77974208013399,1.78117649707266
118846,0.0166685,2.0867314953357,-0.112391889095306,-19.979471206665,0.732454478740692,16.1637420654297,0.160297498106956,2.02049946784973,0.354470074176788,0.842808693366702,2.75013242564408,1.87551177472496
118848,0.0237516,2.11048309504986,-0.112391889095306,-19.979471206665,0.732454478740692,16.1637420654297,0.160297498106956,2.02049946784973,0.354470074176788,0.842808693366702,2.75013242564408,1.87551177472496
118854,0.0166682,2.12715129554272,-0.140162885189056,-20.550760269165,0.684847056865692,16.3898773193359,0.136493787169456,2.07268452644348,0.380104839801788,0.91541938065449,2.82775429237232,1.97751098365372
118856,0.017919,2.1450702957809,-0.140162885189056,-20.550760269165,0.684847056865692,16.3898773193359,0.136493787169456,2.07268452644348,0.380104839801788,0.91541938065449,2.82775429237232,1.97751098365372
118860,0.0166719,2.16174219548702,-0.112391889095306,-20.1778354644775,0.657076060771942,15.3464803695679,0.106281392276287,1.92162239551544,0.348061382770538,1.10011478285206,2.66479864390599,1.74300052023735
118862,0.0173353,2.1790774948895,-0.112391889095306,-20.1778354644775,0.657076060771942,15.3464803695679,0.106281392276287,1.92162239551544,0.348061382770538,1.10011478285206,2.66479864390599,1.74300052023735
118868,0.0166677,2.19574519433081,-0.112391889095306,-20.3246250152588,0.684847056865692,15.6678304672241,0.0824776813387871,2.00035786628723,0.322426617145538,1.07015586571935,2.63778794171461,1.80693071618686
118872,0.0219107,2.21765589341521,-0.187770307064056,-20.2770175933838,0.633272349834442,15.5686483383179,0.124591939151287,1.90880501270294,0.380104839801788,0.82686901547262,2.4366165311498,2.22150502642005
118874,0.0240659,2.24172179400921,-0.187770307064056,-20.2770175933838,0.633272349834442,15.5686483383179,0.124591939151287,1.90880501270294,0.380104839801788,0.82686901547262,2.4366165311498,2.22150502642005
118880,0.0173751,2.25909689441323,-0.215541303157806,-20.1302280426025,0.633272349834442,15.4932699203491,0.0824776813387871,1.94817268848419,0.354470074176788,1.19650843430934,2.56093514404903,1.85896397636637
118882,0.0186232,2.27772009372711,-0.215541303157806,-20.1302280426025,0.633272349834442,15.4932699203491,0.0824776813387871,1.94817268848419,0.354470074176788,1.19650843430934,2.56093514404903,1.85896397636637
118888,0.0172424,2.29496249370277,-0.163966596126556,-20.201639175415,0.708650767803192,15.5686483383179,0.0650826618075371,1.90239632129669,0.354470074176788,1.17431236003832,2.61219753199952,1.84821740239351
118890,0.0193397,2.31430219300091,-0.163966596126556,-20.201639175415,0.708650767803192,15.5686483383179,0.0650826618075371,1.90239632129669,0.354470074176788,1.17431236003832,2.61219753199952,1.84821740239351
118894,0.0167629,2.3310650922358,-0.112391889095306,-20.201639175415,0.760225474834442,15.4456624984741,0.0174752380698919,1.89598762989044,0.360878765583038,1.30997240139438,2.6911629458964,1.7087747658894
118896,0.0222468,2.35331189259887,-0.0885881781578064,-20.4991855621338,0.807832896709442,15.6678304672241,-0.0246390197426081,1.94817268848419,0.360878765583038,1.36942005951889,2.68877843360507,1.53980873035838
118902,0.0166668,2.36997869238257,-0.0885881781578064,-20.4991855621338,0.807832896709442,15.6678304672241,-0.0246390197426081,1.94817268848419,0.360878765583038,1.36942005951889,2.68877843360507,1.53980873035838
118906,0.0196567,2.38963539153337,0.137547075748444,-20.8721103668213,1.05777192115784,15.8423910140991,-0.0548514202237129,2.01409077644348,0.405739605426788,1.06557400197796,2.89563885321812,1.87648469509858
118908,0.0172986,2.40693399123847,0.137547075748444,-20.8721103668213,1.05777192115784,15.8423910140991,-0.0548514202237129,2.01409077644348,0.405739605426788,1.06557400197796,2.89563885321812,1.87648469509858
118912,0.016667,2.42360099032521,0.137547075748444,-20.8721103668213,1.05777192115784,15.8423910140991,-0.0548514202237129,2.01409077644348,0.405739605426788,1.06557400197796,2.89563885321812,1.87648469509858
118914,0.016872,2.44047299027443,0.109776079654694,-21.04270362854,1.13315033912659,15.7908163070679,-0.0603445842862129,1.98113167285919,0.373696148395538,1.0572104141224,3.18967073421503,1.68460044262948
118920,0.0198341,2.46030708961189,0.109776079654694,-21.04270362854,1.13315033912659,15.7908163070679,-0.0603445842862129,1.98113167285919,0.373696148395538,1.0572104141224,3.18967073421503,1.68460044262948
118922,0.0208259,2.48113298974931,-0.112391889095306,-21.3402500152588,0.859407603740692,15.8899984359741,-0.0722464397549629,2.02049946784973,0.316017925739288,1.01040203631862,3.13639880749381,1.98590204428091
118928,0.0166741,2.49780708923936,-0.112391889095306,-21.3402500152588,0.859407603740692,15.8899984359741,-0.0722464397549629,2.02049946784973,0.316017925739288,1.01040203631862,3.13639880749381,1.98590204428091
118930,0.021573,2.51938008889556,-0.112391889095306,-21.3402500152588,0.859407603740692,15.8899984359741,-0.0722464397549629,2.02049946784973,0.316017925739288,1.01040203631862,3.13639880749381,1.98590204428091
118936,0.0166672,2.53604728914797,-0.187770307064056,-21.2410678863525,0.732454478740692,15.8185873031616,-0.0786551311612129,2.02049946784973,0.335243999958038,0.791681566771358,3.13410037152526,2.30811614652947
118938,0.0186905,2.55473778955638,-0.187770307064056,-21.2410678863525,0.732454478740692,15.8185873031616,-0.0786551311612129,2.02049946784973,0.335243999958038,0.791681566771358,3.13410037152526,2.30811614652947
118942,0.0172111,2.57194888964295,-0.290919721126556,-21.3402500152588,0.657076060771942,15.7670125961304,-0.0722464397549629,2.00676655769348,0.399330914020538,0.983040846298611,3.09915088712498,1.70081789651218
118948,0.0200876,2.59203648939729,-0.187770307064056,-21.2410678863525,0.684847056865692,15.5686483383179,-0.0960501506924629,1.98754036426544,0.373696148395538,1.25942776814857,3.16227905083128,1.64204346109704
118950,0.0217327,2.61376918852329,0.0343976616859436,-21.1656894683838,0.784029185771942,15.4178915023804,-0.119853861629963,2.03972554206848,0.412148296833038,0.93042151987833,2.95761164921293,1.7687968436883
118952,0.0166755,2.63044468872249,0.0343976616859436,-21.1656894683838,0.784029185771942,15.4178915023804,-0.119853861629963,2.03972554206848,0.412148296833038,0.93042151987833,2.95761164921293,1.7687968436883
118956,0.0166602,2.64710488915443,0.0343976616859436,-21.1656894683838,0.784029185771942,15.4178915023804,-0.119853861629963,2.03972554206848,0.412148296833038,0.93042151987833,2.95761164921293,1.7687968436883
118958,0.0166671,2.66377198882401,-0.0647844672203064,-21.3402500152588,0.684847056865692,15.8185873031616,-0.114360697567463,2.08550190925598,0.373696148395538,1.28976349573831,2.95777519932923,1.57266403989204
118962,0.0166669,2.68043888919055,-0.0647844672203064,-21.3402500152588,0.684847056865692,15.8185873031616,-0.114360697567463,2.08550190925598,0.373696148395538,1.28976349573831,2.95777519932923,1.57266403989204
118966,0.0166682,2.69710708968341,-0.0647844672203064,-21.3402500152588,0.684847056865692,15.8185873031616,-0.114360697567463,2.08550190925598,0.373696148395538,1.28976349573831,2.95777519932923,1.57266403989204
118970,0.0171675,2.71427458897233,-0.112391889095306,-21.217264175415,0.633272349834442,15.5924520492554,-0.107952006161213,2.07909321784973,0.418556988239288,1.18277351221451,2.83757277423687,1.35808159223395
118974,0.0194357,2.73371028900146,-0.112391889095306,-21.4632358551025,0.557893931865692,15.7908163070679,-0.0960501506924629,2.09191060066223,0.405739605426788,1.11561466378733,2.77589991063616,1.48576207298614
118978,0.0177796,2.75148988887668,-0.263148725032806,-21.2410678863525,0.534090220928192,15.6440267562866,-0.0960501506924629,2.09923481941223,0.373696148395538,1.06724386394344,2.64341181982995,1.50384252224518
118980,0.0188003,2.77029018849134,-0.263148725032806,-21.2410678863525,0.534090220928192,15.6440267562866,-0.0960501506924629,2.09923481941223,0.373696148395538,1.06724386394344,2.64341181982995,1.50384252224518
118986,0.016671,2.78696118853986,-0.314723432064056,-21.0188999176025,0.331758677959442,15.4456624984741,-0.0905569866299629,2.09191060066223,0.341652691364288,1.28770842665371,2.59655944172978,1.17424055130064
118988,0.0223552,2.80931638926268,-0.314723432064056,-21.0188999176025,0.331758677959442,15.4456624984741,-0.0905569866299629,2.09191060066223,0.341652691364288,1.28770842665371,2.59655944172978,1.17424055130064
118992,0.0166678,2.82598418928683,-0.263148725032806,-21.2926425933838,0.407137095928192,15.5686483383179,-0.0960501506924629,2.11205220222473,0.399330914020538,1.22636402460438,2.38584080036614,1.15543805577295
118994,0.0166659,2.84265008941293,-0.413905560970306,-21.439432144165,0.232576549053192,15.6202230453491,-0.0841482952237129,2.15141987800598,0.380104839801788,1.09410735752256,2.34839498310965,1.63378700380536
119000,0.0166707,2.85932078957558,-0.390101850032806,-21.1180820465088,0.280183970928192,15.4456624984741,-0.0841482952237129,2.11205220222473,0.380104839801788,1.38308773452679,2.22362928950975,0.997571563640416
119002,0.0210978,2.88041858933866,-0.263148725032806,-21.2410678863525,0.430940806865692,15.6202230453491,-0.0905569866299629,2.12486958503723,0.412148296833038,1.54211178193115,2.10638790462896,1.02985024585238
119008,0.0166672,2.89708578959107,-0.263148725032806,-21.2410678863525,0.430940806865692,15.6202230453491,-0.0905569866299629,2.12486958503723,0.412148296833038,1.54211178193115,2.10638790462896,1.02985024585238
119012,0.0215951,2.91868088953197,-0.239345014095306,-21.5624179840088,0.355562388896942,15.5686483383179,-0.0841482952237129,2.16423726081848,0.392922222614288,1.2077518712347,2.02991414816953,1.47352512681603
119014,0.0213441,2.94002498872578,-0.239345014095306,-21.5624179840088,0.355562388896942,15.5686483383179,-0.0841482952237129,2.16423726081848,0.392922222614288,1.2077518712347,2.02991414816953,1.47352512681603
119020,0.0179843,2.9580092895776,-0.290919721126556,-21.83616065979,0.208772838115692,15.8423910140991,-0.0841482952237129,2.22374653816223,0.412148296833038,1.50297121749528,2.02582823187852,1.09419777177044
119022,0.0166671,2.97467638924718,-0.413905560970306,-21.7845859527588,0.256380259990692,15.7432088851929,-0.0786551311612129,2.21001362800598,0.424965679645538,1.52666920009749,2.05376047090468,1.0182488402498
119026,0.0166667,2.99134308844805,-0.413905560970306,-21.7845859527588,0.256380259990692,15.7432088851929,-0.0786551311612129,2.21001362800598,0.424965679645538,1.52666920009749,2.05376047090468,1.0182488402498
119028,0.0179665,3.00930958800018,-0.314723432064056,-21.83616065979,0.331758677959442,15.8185873031616,-0.0786551311612129,2.19078755378723,0.457009136676788,1.34984824246471,2.07325293584437,1.36581017532924
119034,0.0166678,3.02597738802433,-0.338527143001556,-21.8599643707275,0.280183970928192,15.5924520492554,-0.0905569866299629,2.17705464363098,0.424965679645538,1.32180772714081,1.99707531574459,1.36038818909156
119036,0.0180871,3.04406448826194,-0.338527143001556,-21.8599643707275,0.280183970928192,15.5924520492554,-0.0905569866299629,2.17705464363098,0.424965679645538,1.32180772714081,1.99707531574459,1.36038818909156
119040,0.0166667,3.06073118746281,-0.390101850032806,-21.6854038238525,0.256380259990692,15.6678304672241,-0.0841482952237129,2.12486958503723,0.450600445270538,1.46635085904579,2.08364666893228,1.2526915105119
119042,0.0168453,3.07757648825645,-0.390101850032806,-21.6854038238525,0.256380259990692,15.6678304672241,-0.0841482952237129,2.12486958503723,0.450600445270538,1.46635085904579,2.08364666893228,1.2526915105119
119046,0.0166688,3.09424528852105,-0.338527143001556,-21.7131748199463,0.307954967021942,15.5686483383179,-0.102458842098713,2.12486958503723,0.437783062458038,1.51615211967793,2.08758579896296,1.24880365465857
119048,0.0173575,3.11160278879106,-0.187770307064056,-21.7369785308838,0.407137095928192,15.4694662094116,-0.0841482952237129,2.10564351081848,0.418556988239288,1.41910200068161,1.99080105688478,1.39920970217016
119054,0.0166668,3.12826958857477,-0.187770307064056,-21.7369785308838,0.407137095928192,15.4694662094116,-0.0841482952237129,2.10564351081848,0.418556988239288,1.41910200068161,1.99080105688478,1.39920970217016
119056,0.0201759,3.14844548888505,-0.215541303157806,-21.5386142730713,0.407137095928192,15.4694662094116,-0.0905569866299629,2.08550190925598,0.431374371051788,1.53494455080613,2.08128785147305,1.26070498909501
119062,0.0166815,3.16512698866427,-0.215541303157806,-21.5386142730713,0.407137095928192,15.4694662094116,-0.0905569866299629,2.08550190925598,0.431374371051788,1.53494455080613,2.08128785147305,1.26070498909501
119066,0.0194282,3.18455518782139,-0.163966596126556,-21.61399269104,0.430940806865692,15.5448446273804,-0.0841482952237129,2.09191060066223,0.457009136676788,1.64345090420787,2.08023186337535,1.23231947492991
119068,0.0195416,3.20409678854048,-0.187770307064056,-21.661600112915,0.383333384990692,15.5686483383179,-0.102458842098713,2.10564351081848,0.424965679645538,1.56510421482743,2.10866886976874,1.1341423145736
119072,0.016667,3.22076378762722,-0.187770307064056,-21.661600112915,0.383333384990692,15.5686483383179,-0.102458842098713,2.10564351081848,0.424965679645538,1.56510421482743,2.10866886976874,1.1341423145736
119074,0.0172141,3.23797788843513,-0.187770307064056,-21.661600112915,0.383333384990692,15.5686483383179,-0.102458842098713,2.10564351081848,0.424965679645538,1.56510421482743,2.10866886976874,1.1341423145736
119078,0.0166681,3.25464598834515,-0.215541303157806,-21.8599643707275,0.331758677959442,15.5924520492554,-0.0905569866299629,2.10564351081848,0.444191753864288,1.70234410109048,2.11448388441818,1.61289883888107
119080,0.0167807,3.27142668887973,-0.215541303157806,-21.8599643707275,0.331758677959442,15.5924520492554,-0.0905569866299629,2.10564351081848,0.444191753864288,1.70234410109048,2.11448388441818,1.61289883888107
119086,0.0166682,3.28809488937259,-0.290919721126556,-21.7607822418213,0.307954967021942,15.6916341781616,-0.107952006161213,2.09191060066223,0.424965679645538,1.75973702708175,2.09653973266317,1.43047405649441
119088,0.0173368,3.30543169006705,-0.263148725032806,-21.661600112915,0.331758677959442,15.6202230453491,-0.0960501506924629,2.07909321784973,0.457009136676788,1.69319909822017,2.08900924739419,1.42465357886835
119092,0.0166667,3.32209838926792,-0.263148725032806,-21.661600112915,0.331758677959442,15.6202230453491,-0.0960501506924629,2.07909321784973,0.457009136676788,1.69319909822017,2.08900924739419,1.42465357886835
119094,0.0203259,3.34242428839207,-0.314723432064056,-21.5386142730713,0.383333384990692,15.0965414047241,-0.114360697567463,2.05986714363098,0.444191753864288,1.76886681568595,2.13070513512373,1.21563550776397
119100,0.016668,3.35909228771925,-0.314723432064056,-21.5386142730713,0.383333384990692,15.0965414047241,-0.114360697567463,2.05986714363098,0.444191753864288,1.76886681568595,2.13070513512373,1.21563550776397
119102,0.0166661,3.37575838714838,-0.314723432064056,-21.5386142730713,0.383333384990692,15.0965414047241,-0.114360697567463,2.05986714363098,0.444191753864288,1.76886681568595,2.13070513512373,1.21563550776397
119106,0.016668,3.39242638647556,-0.314723432064056,-21.661600112915,0.383333384990692,15.3940877914429,-0.114360697567463,2.06627583503723,0.424965679645538,1.55507838292693,2.18538621865965,1.24498415600646
119108,0.0166677,3.40909408591688,-0.314723432064056,-21.661600112915,0.383333384990692,15.3940877914429,-0.114360697567463,2.06627583503723,0.424965679645538,1.55507838292693,2.18538621865965,1.24498415600646
119112,0.0166652,3.4257592856884,-0.362330853939056,-21.6854038238525,0.355562388896942,15.3940877914429,-0.107952006161213,2.07268452644348,0.437783062458038,1.54317301423489,2.18673055174464,1.16590519902808
119114,0.0166661,3.44242538511753,-0.314723432064056,-21.883768081665,0.307954967021942,15.4694662094116,-0.119853861629963,2.11205220222473,0.431374371051788,1.69210120456234,2.19972960249322,1.36933914744102
119120,0.0166677,3.45909308455884,-0.314723432064056,-21.883768081665,0.307954967021942,15.4694662094116,-0.119853861629963,2.11205220222473,0.431374371051788,1.69210120456234,2.19972960249322,1.36933914744102
119122,0.0166664,3.47575948387384,-0.314723432064056,-21.9829502105713,0.232576549053192,15.5924520492554,-0.114360697567463,2.10564351081848,0.450600445270538,1.76520626311288,2.13917794552,1.16720451035924
119126,0.0166673,3.4924267847091,-0.390101850032806,-21.9591464996338,0.181001842021942,15.3940877914429,-0.114360697567463,2.11205220222473,0.444191753864288,1.74170947649611,2.11220557047507,1.31418442362519
119128,0.0166664,3.5090931840241,-0.390101850032806,-21.9591464996338,0.181001842021942,15.3940877914429,-0.114360697567463,2.11205220222473,0.444191753864288,1.74170947649611,2.11220557047507,1.31418442362519
119132,0.0166676,3.52576078474522,-0.390101850032806,-21.9075717926025,0.181001842021942,15.4178915023804,-0.114360697567463,2.11205220222473,0.405739605426788,1.65858393506282,2.10069210755817,1.20029920768306
119136,0.0187603,3.5445210840553,-0.390101850032806,-21.9075717926025,0.181001842021942,15.4178915023804,-0.114360697567463,2.11205220222473,0.405739605426788,1.65858393506282,2.10069210755817,1.20029920768306
119140,0.0166677,3.56118878349662,-0.362330853939056,-21.8599643707275,0.181001842021942,15.1481161117554,-0.126262560486794,2.08550190925598,0.386513531208038,1.78785989241154,2.03978746799745,0.978397807384354
119142,0.0166663,3.57785508409142,-0.362330853939056,-21.83616065979,0.181001842021942,15.1957235336304,-0.138164415955544,2.09923481941223,0.392922222614288,1.75715861622524,1.98558094942826,0.988926107983902
119146,0.0166683,3.59452338330448,-0.390101850032806,-21.7607822418213,0.181001842021942,15.3187093734741,-0.131755724549294,2.07268452644348,0.373696148395538,1.72577356037477,1.90481826668676,1.00845440571867
119148,0.0173699,3.61189328320324,-0.239345014095306,-21.8123569488525,0.307954967021942,15.2949056625366,-0.161968126893044,2.12486958503723,0.302285015583038,1.63446086835371,1.91215600532985,1.2082640588058
119154,0.0166678,3.6285610832274,-0.314723432064056,-21.8599643707275,0.307954967021942,15.2949056625366,-0.150066271424294,2.11205220222473,0.354470074176788,1.63467962542032,1.90849642860721,1.21834593462116
119156,0.0166659,3.6452269833535,-0.314723432064056,-21.8599643707275,0.307954967021942,15.2949056625366,-0.150066271424294,2.11205220222473,0.354470074176788,1.63467962542032,1.90849642860721,1.21834593462116
119160,0.0166686,3.66189558245242,-0.215541303157806,-21.7607822418213,0.256380259990692,15.2472982406616,-0.191265001893044,2.11205220222473,0.295876324176788,1.54153632945854,1.66407889078845,1.23875826616012
119162,0.0166662,3.67856178246439,-0.215541303157806,-21.7607822418213,0.256380259990692,15.2472982406616,-0.191265001893044,2.11205220222473,0.295876324176788,1.54153632945854,1.66407889078845,1.23875826616012
119166,0.016667,3.69522878155112,-0.0370134711265564,-21.9075717926025,0.430940806865692,15.2711019515991,-0.209575548768044,2.11846089363098,0.316017925739288,1.41121865313552,1.67039520807761,1.26682613636803
119168,0.0166661,3.71189488098025,-0.0370134711265564,-21.9075717926025,0.430940806865692,15.2711019515991,-0.209575548768044,2.11846089363098,0.316017925739288,1.41121865313552,1.67039520807761,1.26682613636803
119174,0.0166679,3.72856278158724,-0.112391889095306,-21.8599643707275,0.383333384990692,15.2472982406616,-0.191265001893044,2.13127827644348,0.316017925739288,1.39370667911192,1.66034703776559,1.26073260945128
119176,0.016666,3.74522878229618,-0.338527143001556,-21.8123569488525,0.280183970928192,15.2195272445679,-0.179363146424294,2.09923481941223,0.341652691364288,1.38520854637756,1.64667591462865,1.19143335084852
119180,0.0166699,3.76189868152142,-0.338527143001556,-21.8123569488525,0.280183970928192,15.2195272445679,-0.179363146424294,2.09923481941223,0.341652691364288,1.38520854637756,1.64667591462865,1.19143335084852
119182,0.0166639,3.77856258116663,-0.263148725032806,-21.7607822418213,0.307954967021942,15.2472982406616,-0.173869982361794,2.11205220222473,0.341652691364288,1.3877055463942,1.63447736461758,1.22321305509924
119186,0.0166679,3.79523048177361,-0.239345014095306,-21.6377964019775,0.407137095928192,15.1719198226929,-0.226970568299294,2.11205220222473,0.322426617145538,1.42935832617319,1.74889078356913,0.972700970564298
119188,0.0167961,3.81202658265829,-0.239345014095306,-21.6377964019775,0.407137095928192,15.1719198226929,-0.226970568299294,2.11205220222473,0.322426617145538,1.42935832617319,1.74889078356913,0.972700970564298
119194,0.0173442,3.82937078177929,-0.263148725032806,-21.7131748199463,0.430940806865692,15.2195272445679,-0.226970568299294,2.12486958503723,0.309609234333038,1.50423189065267,1.85487178350448,0.865308162143551
119196,0.0174877,3.84685848094523,-0.263148725032806,-21.7131748199463,0.430940806865692,15.2195272445679,-0.226970568299294,2.12486958503723,0.309609234333038,1.50423189065267,1.85487178350448,0.865308162143551
119200,0.0166682,3.86352668143809,-0.112391889095306,-21.9075717926025,0.506319224834442,15.4178915023804,-0.245281115174294,2.14501118659973,0.257424175739288,1.55902324177171,1.93230080648238,1.00953210128912
119202,0.0185692,3.88209588080645,-0.187770307064056,-21.7369785308838,0.506319224834442,15.3940877914429,-0.280986666679382,2.13860249519348,0.251015484333038,1.56549142504102,1.98744535548234,0.887885338293144
119208,0.016669,3.89876488037407,-0.187770307064056,-21.7369785308838,0.506319224834442,15.3940877914429,-0.280986666679382,2.13860249519348,0.251015484333038,1.56549142504102,1.98744535548234,0.887885338293144
119210,0.0188066,3.91757147945464,-0.239345014095306,-21.7607822418213,0.458711802959442,15.5210409164429,-0.269084811210632,2.13127827644348,0.322426617145538,1.75270719464016,2.00429436785826,0.577942678682731
119214,0.016667,3.93423847854137,-0.0885881781578064,-21.9591464996338,0.557893931865692,15.7908163070679,-0.257182955741882,2.15782856941223,0.289467632770538,1.84785374727284,2.05834898987551,1.06245572192089
119216,0.017927,3.95216547884047,-0.0885881781578064,-21.9591464996338,0.557893931865692,15.7908163070679,-0.257182955741882,2.15782856941223,0.289467632770538,1.84785374727284,2.05834898987551,1.06245572192089
119222,0.0166684,3.96883387863636,-0.140162885189056,-21.5624179840088,0.534090220928192,15.3940877914429,-0.250774264335632,2.11205220222473,0.367287456989288,1.85956168671927,2.22915915412825,0.769041508115821
119226,0.0209715,3.98980537801981,-0.163966596126556,-21.661600112915,0.506319224834442,15.3702840805054,-0.280986666679382,2.11205220222473,0.309609234333038,1.7770660055464,2.33009704187217,0.653916932645325
119228,0.0193409,4.00914627872407,-0.163966596126556,-21.8599643707275,0.482515513896942,15.6440267562866,-0.269084811210632,2.13860249519348,0.335243999958038,1.8588941476163,2.51472362444637,0.907957884516136
119232,0.0166679,4.02581417933106,-0.163966596126556,-21.8599643707275,0.482515513896942,15.6440267562866,-0.269084811210632,2.13860249519348,0.335243999958038,1.8588941476163,2.51472362444637,0.907957884516136
119234,0.0166661,4.04248027876019,-0.0885881781578064,-21.83616065979,0.534090220928192,15.5924520492554,-0.262676119804382,2.10564351081848,0.373696148395538,1.67285796879451,2.3938635846574,0.966586854491207
119240,0.016668,4.05914827808738,-0.0885881781578064,-21.83616065979,0.534090220928192,15.5924520492554,-0.262676119804382,2.10564351081848,0.373696148395538,1.67285796879451,2.3938635846574,0.966586854491207
119242,0.0166662,4.07581447809935,-0.0885881781578064,-21.83616065979,0.534090220928192,15.5924520492554,-0.262676119804382,2.10564351081848,0.373696148395538,1.67285796879451,2.3938635846574,0.966586854491207
119246,0.0166681,4.09248257800937,-0.0647844672203064,-21.7845859527588,0.482515513896942,15.2711019515991,-0.191265001893044,2.07268452644348,0.322426617145538,1.75430059433385,2.45568571331924,0.658040564175521
119248,0.0166663,4.10914887860417,-0.0647844672203064,-21.7845859527588,0.482515513896942,15.2711019515991,-0.191265001893044,2.07268452644348,0.322426617145538,1.75430059433385,2.45568571331924,0.658040564175521
119252,0.0166676,4.12581647932529,-0.0647844672203064,-21.7131748199463,0.430940806865692,15.1957235336304,-0.131755724549294,2.05986714363098,0.354470074176788,1.85919073461949,2.39016276370291,0.719744726823886
119254,0.0188337,4.14465017989278,-0.163966596126556,-22.0067539215088,0.430940806865692,15.4694662094116,-0.167461290955544,2.09191060066223,0.316017925739288,1.71272036786556,2.34124312135981,0.976763355443277
119260,0.0166677,4.16131787933409,-0.163966596126556,-22.0067539215088,0.430940806865692,15.4694662094116,-0.167461290955544,2.09191060066223,0.316017925739288,1.71272036786556,2.34124312135981,0.976763355443277
119262,0.0166686,4.17798647843301,-0.140162885189056,-21.9829502105713,0.482515513896942,15.3464803695679,-0.197673693299294,2.10564351081848,0.251015484333038,1.80843615122844,2.22743272695306,0.922692806764299
119266,0.0166659,4.19465237855911,-0.0370134711265564,-22.0067539215088,0.482515513896942,15.4694662094116,-0.167461290955544,2.09923481941223,0.263832867145538,1.81918198439489,2.21362843402753,0.756748022119127
119268,0.0166658,4.21131817810237,-0.0370134711265564,-22.0067539215088,0.482515513896942,15.4694662094116,-0.167461290955544,2.09923481941223,0.263832867145538,1.81918198439489,2.21362843402753,0.756748022119127
119272,0.0166678,4.22798597812653,-0.0885881781578064,-21.883768081665,0.482515513896942,15.2472982406616,-0.179363146424294,2.07909321784973,0.1741112023592,1.75112717339914,2.085803788958,0.83315633646229
119274,0.0166677,4.24465367756784,-0.0885881781578064,-21.883768081665,0.482515513896942,15.2472982406616,-0.179363146424294,2.07909321784973,0.1741112023592,1.75112717339914,2.085803788958,0.83315633646229
119278,0.0167492,4.26140287704766,-0.0885881781578064,-21.9591464996338,0.482515513896942,15.3187093734741,-0.203166857361794,2.08550190925598,0.1612938195467,1.73400790430625,2.07595429411039,0.804939082911331
119282,0.0166666,4.27806947752833,-0.215541303157806,-21.83616065979,0.407137095928192,15.3187093734741,-0.131755724549294,2.09923481941223,0.1228416711092,1.79642745460939,1.92499816886191,0.757710607598679
119284,0.0166686,4.29473807662725,-0.215541303157806,-21.83616065979,0.407137095928192,15.3187093734741,-0.131755724549294,2.09923481941223,0.1228416711092,1.79642745460939,1.92499816886191,0.757710607598679
119288,0.0166653,4.31140337698162,-0.140162885189056,-21.9075717926025,0.407137095928192,15.3464803695679,-0.143657580018044,2.07909321784973,0.0907982140779495,1.77729541858487,1.70917845725601,0.833410369249669
119292,0.0166946,4.32809797674418,-0.140162885189056,-21.9075717926025,0.407137095928192,15.3464803695679,-0.143657580018044,2.07909321784973,0.0907982140779495,1.77729541858487,1.70917845725601,0.833410369249669
119296,0.0166645,4.34476247616112,-0.140162885189056,-21.9075717926025,0.407137095928192,15.3464803695679,-0.143657580018044,2.07909321784973,0.0907982140779495,1.77729541858487,1.70917845725601,0.833410369249669
119300,0.0166673,4.36142977699637,-0.0885881781578064,-21.883768081665,0.383333384990692,15.1957235336304,-0.185771837830544,2.07909321784973,0.0843895226716995,1.67153526603486,1.45838023536999,0.879800228879027
119302,0.0166664,4.37809617631137,-0.0885881781578064,-21.883768081665,0.383333384990692,15.1957235336304,-0.185771837830544,2.07909321784973,0.0843895226716995,1.67153526603486,1.45838023536999,0.879800228879027
119306,0.0166667,4.39476287551224,-0.187770307064056,-21.883768081665,0.383333384990692,15.1719198226929,-0.126262560486794,2.05986714363098,0.0587547570466995,1.49833802946042,1.33835065221819,0.83719507051782
119308,0.0166674,4.41143027506769,-0.187770307064056,-21.883768081665,0.383333384990692,15.1719198226929,-0.126262560486794,2.05986714363098,0.0587547570466995,1.49833802946042,1.33835065221819,0.83719507051782
119312,0.0166675,4.42809777520597,-0.187770307064056,-21.883768081665,0.383333384990692,15.1719198226929,-0.126262560486794,2.05986714363098,0.0587547570466995,1.49833802946042,1.33835065221819,0.83719507051782
119316,0.0166677,4.44476547464728,-0.215541303157806,-21.9353427886963,0.307954967021942,15.2195272445679,-0.114360697567463,2.06627583503723,-0.0126563757658005,1.52424888119993,1.16006612075955,0.807611132723839
119320,0.0166658,4.46143127419055,-0.215541303157806,-21.9353427886963,0.307954967021942,15.2195272445679,-0.114360697567463,2.06627583503723,-0.0126563757658005,1.52424888119993,1.16006612075955,0.807611132723839
119322,0.0172465,4.47867777384818,-0.215541303157806,-21.9353427886963,0.307954967021942,15.2195272445679,-0.114360697567463,2.06627583503723,-0.0126563757658005,1.52424888119993,1.16006612075955,0.807611132723839
119326,0.0166687,4.49534647352993,-0.290919721126556,-21.883768081665,0.256380259990692,15.2711019515991,-0.0722464397549629,2.09191060066223,-0.0703345984220505,1.59586919231163,0.892381176178006,0.838191861958438
119328,0.0166653,4.5120117738843,-0.290919721126556,-21.883768081665,0.256380259990692,15.2711019515991,-0.0722464397549629,2.09191060066223,-0.0703345984220505,1.59586919231163,0.892381176178006,0.838191861958438
119332,0.016668,4.52867977321148,-0.314723432064056,-21.9591464996338,0.133394420146942,15.2195272445679,-0.155559435486794,2.11205220222473,-0.16005627810955,1.63698462266605,0.750004239311955,0.932767090964279
119336,0.0166669,4.54534667357802,-0.413905560970306,-22.0067539215088,0.133394420146942,15.2195272445679,-0.167461290955544,2.11846089363098,-0.1664649695158,1.62421327955961,0.670225305907151,0.918751157070903
119340,0.0166671,4.5620137732476,-0.314723432064056,-22.0821323394775,0.133394420146942,15.2711019515991,-0.131755724549294,2.13127827644348,-0.13442151248455,1.59163161665121,0.65362823969002,0.976801458176125
119342,0.0166657,4.57867947407067,-1.0129656791687,-22.3043003082275,-0.469632923603058,15.1957235336304,0.0348702594637871,2.12486958503723,-0.1994239538908,1.41217375153204,0.194561569007155,1.18046162513759
119346,0.016669,4.5953484736383,-1.0129656791687,-22.3043003082275,-0.469632923603058,15.1957235336304,0.0348702594637871,2.12486958503723,-0.1994239538908,1.41217375153204,0.194561569007155,1.18046162513759
119348,0.0166648,4.61201327294111,-1.2906756401062,-22.4272861480713,-0.671964466571808,15.0965414047241,-0.0429495647549629,2.16423726081848,-0.269919574260712,1.02286119748253,0.122498634786643,1.33777092801559
119352,0.0166676,4.62868087366223,-0.112391889095306,-22.328104019165,0.482515513896942,14.9735555648804,-0.0722464397549629,2.14501118659973,-0.23146741092205,1.06520394997889,-0.482731724927133,1.36797631659045
119354,0.0167039,4.64538477361202,-0.112391889095306,-22.328104019165,0.482515513896942,14.9735555648804,-0.0722464397549629,2.14501118659973,-0.23146741092205,1.06520394997889,-0.482731724927133,1.36797631659045
119358,0.0166478,4.66203257441521,-0.413905560970306,-22.3043003082275,0.157198131084442,14.9219808578491,0.0943795368075371,2.07909321784973,-0.21865002810955,0.972704427048589,-0.551170603191923,1.50447064635291
119362,0.0166674,4.67869997397065,-0.989161908626556,-22.3043003082275,-0.394254505634308,14.7751913070679,0.0769845172762871,2.09191060066223,-0.23146741092205,0.255986108002851,-1.00978735339053,1.74519399796716
119364,0.0166857,4.69538567401469,-0.989161908626556,-22.3043003082275,-0.394254505634308,14.7751913070679,0.0769845172762871,2.09191060066223,-0.23146741092205,0.255986108002851,-1.00978735339053,1.74519399796716
119368,0.0166651,4.71205077320337,-0.0885881781578064,-22.2051181793213,0.557893931865692,14.6244344711304,0.261921048164368,2.00676655769348,-0.0895606726408005,0.186603342561366,-1.93215453626388,1.85591156983895
119374,0.0166685,4.7287192735821,-0.0885881781578064,-22.2051181793213,0.557893931865692,14.6244344711304,0.261921048164368,2.00676655769348,-0.0895606726408005,0.186603342561366,-1.93215453626388,1.85591156983895
119376,0.0166645,4.74538377299905,0.962742388248444,-22.1813144683838,1.63699555397034,14.0531454086304,0.0943795368075371,2.05986714363098,-0.12160412967205,-0.098611830173341,-1.95366494831068,1.78277858975727
119380,0.0166682,4.76205197349191,1.23648500442505,-22.28049659729,1.98611664772034,13.9539632797241,0.207904919981956,1.96831429004669,-0.0895606726408005,0.0986179259090536,-2.67043153162531,1.39942591152327
119382,0.016666,4.77871797420084,1.23648500442505,-22.28049659729,1.98611664772034,13.9539632797241,0.207904919981956,1.96831429004669,-0.0895606726408005,0.0986179259090536,-2.67043153162531,1.39942591152327
119386,0.0166684,4.79538637399673,-2.19124937057495,-22.0345249176025,-1.44558501243591,14.2277059555054,-0.447612643241882,2.43981099128723,-0.482321918010712,-1.50682395952305,-0.258115954487243,1.71591092262238
119388,0.0166651,4.81205147318542,-2.19124937057495,-22.0345249176025,-1.44558501243591,14.2277059555054,-0.447612643241882,2.43981099128723,-0.482321918010712,-1.50682395952305,-0.258115954487243,1.71591092262238
119392,0.0166686,4.82872007228434,0.0343976616859436,-22.5542392730713,0.708650767803192,14.6760091781616,0.196003064513206,2.37389302253723,-0.0959693640470505,-1.21514195722095,-1.45698748683169,1.62522058635343
119396,0.0166659,4.84538597241044,3.9144024848938,-21.9591464996338,4.64419746398926,13.9063558578491,-0.370708346366882,2.36748433113098,-0.17287366092205,-0.683866338755088,-3.54100031295661,0.929865380729687
119400,0.0166684,4.86205437220633,3.9144024848938,-21.9591464996338,4.64419746398926,13.9063558578491,-0.370708346366882,2.36748433113098,-0.17287366092205,-0.683866338755088,-3.54100031295661,0.929865380729687
119402,0.0166657,4.8787200730294,2.1132550239563,-22.50266456604,2.96206879615784,13.2834920883179,-0.0667532756924629,2.23015522956848,-0.19301526248455,-0.196917689218028,-3.53674363331872,0.365531100860669
119406,0.016669,4.89538907259703,-2.3142352104187,-21.8599643707275,-1.47335600852966,14.6482381820679,-0.269084811210632,2.67510151863098,-0.436545550823212,-2.03134571126493,-0.517959806536069,1.38041059077019
119408,0.0166649,4.91205397248268,-2.3142352104187,-21.8599643707275,-1.47335600852966,14.6482381820679,-0.269084811210632,2.67510151863098,-0.436545550823212,-2.03134571126493,-0.517959806536069,1.38041059077019
119412,0.0166703,4.92872427217662,-4.3137469291687,-22.1575107574463,-3.55221343040466,14.4022665023804,0.0943795368075371,2.57073140144348,-0.263510882854462,-1.95337800930554,-0.522522741728799,1.49253824959306
119416,0.0170114,4.94573567248881,-4.3137469291687,-22.1575107574463,-3.55221343040466,14.4022665023804,0.0943795368075371,2.57073140144348,-0.263510882854462,-1.95337800930554,-0.522522741728799,1.49253824959306
119418,0.0166688,4.96240447275341,-4.3137469291687,-22.1575107574463,-3.55221343040466,14.4022665023804,0.0943795368075371,2.57073140144348,-0.263510882854462,-1.95337800930554,-0.522522741728799,1.49253824959306
119422,0.016667,4.97907147184014,4.4380841255188,-21.8123569488525,5.14407539367676,13.6564168930054,-0.209575548768044,2.36748433113098,-0.1280128210783,-0.837495149799945,-4.47367139425965,0.651392132984325
119424,0.0166671,4.99573857150972,4.4380841255188,-21.8123569488525,5.14407539367676,13.6564168930054,-0.209575548768044,2.36748433113098,-0.1280128210783,-0.837495149799945,-4.47367139425965,0.651392132984325
119430,0.0228101,5.01854867115617,-3.6393084526062,-20.995096206665,-2.77462553977966,14.0769491195679,-0.323100924491882,2.66869282722473,-0.488730609416962,-2.57535218843334,0.211650905103809,0.695694804105433
119434,0.0166687,5.03521737083793,-3.6393084526062,-20.995096206665,-2.77462553977966,14.0769491195679,-0.323100924491882,2.66869282722473,-0.488730609416962,-2.57535218843334,0.211650905103809,0.695694804105433
119438,0.016665,5.05188237130642,6.2392315864563,-20.6499423980713,6.92141914367676,12.4146566390991,-1.48490512371063,2.67510151863098,-0.533591449260712,-0.09738292337966,-4.44983593182972,-0.826724617917701
119440,0.0178586,5.06974097155035,6.2392315864563,-20.6499423980713,6.92141914367676,12.4146566390991,-1.48490512371063,2.67510151863098,-0.533591449260712,-0.09738292337966,-4.44983593182972,-0.826724617917701
119446,0.0166687,5.0864096712321,-1.21529722213745,-20.2770175933838,-0.521207630634308,15.6202230453491,0.226215466856956,2.64305806159973,-0.24428479373455,-2.57896702096675,-1.54650281718015,1.4383676766473
119448,0.0199629,5.10637257061899,-1.21529722213745,-20.2770175933838,-0.521207630634308,15.6202230453491,0.226215466856956,2.64305806159973,-0.24428479373455,-2.57896702096675,-1.54650281718015,1.4383676766473
119452,0.0166694,5.12304197065532,-1.21529722213745,-20.2770175933838,-0.521207630634308,15.6202230453491,0.226215466856956,2.64305806159973,-0.24428479373455,-2.57896702096675,-1.54650281718015,1.4383676766473
119454,0.0196507,5.1426926702261,3.2637677192688,-19.6343173980713,3.91421723365784,13.5572347640991,-0.954814791679382,2.54418110847473,-0.514365375041962,-1.42799313894906,-3.49884688575152,0.0421448915890949
119460,0.0166679,5.15936057083309,3.2637677192688,-19.6343173980713,3.91421723365784,13.5572347640991,-0.954814791679382,2.54418110847473,-0.514365375041962,-1.42799313894906,-3.49884688575152,0.0421448915890949
119462,0.0166661,5.17602667026222,4.9617657661438,-19.9040927886963,5.56857490539551,13.6564168930054,-0.638957858085632,2.52495503425598,-0.314780414104462,-1.18525851882966,-4.3797319282278,-0.21859681247289
119466,0.0166671,5.19269376993179,0.0859723687171936,-19.4359531402588,0.807832896709442,15.9653768539429,0.291217923164368,2.70165181159973,-0.10878674685955,-1.87191310685846,-1.90566995687097,0.948190561970893
119468,0.0166661,5.20935986936092,0.0859723687171936,-19.4359531402588,0.807832896709442,15.9653768539429,0.291217923164368,2.70165181159973,-0.10878674685955,-1.87191310685846,-1.90566995687097,0.948190561970893
119472,0.0166685,5.22602836973965,-6.21407651901245,-18.8924350738525,-5.20657157897949,14.8505697250366,0.0943795368075371,2.63573384284973,-0.495139300823212,-2.22295212208621,1.24686083676883,0.357184780199637
119476,0.0178786,5.24390696920455,-6.21407651901245,-18.8924350738525,-5.20657157897949,14.8505697250366,0.0943795368075371,2.63573384284973,-0.495139300823212,-2.22295212208621,1.24686083676883,0.357184780199637
119480,0.0172331,5.26114006899297,1.86331605911255,-18.5710849761963,2.61294770240784,12.2916707992554,0.196003064513206,2.11205220222473,-0.12160412967205,-1.31484523158342,-3.6430906414772,-0.273991264481318
119482,0.0166661,5.2778061684221,-3.04024839401245,-18.646463394165,-2.12399077415466,15.2949056625366,-0.161968126893044,2.66228413581848,-0.533591449260712,-2.83829335683992,-0.890653857383527,0.526158292512374
119486,0.0166674,5.29447356797755,-3.04024839401245,-18.646463394165,-2.12399077415466,15.2949056625366,-0.161968126893044,2.66228413581848,-0.533591449260712,-2.83829335683992,-0.890653857383527,0.526158292512374
119488,0.0166667,5.31114026717842,-2.41341733932495,-19.58274269104,-1.62411284446716,15.3187093734741,0.666584134101868,2.47185444831848,-0.13442151248455,-1.83948670509585,-1.53944653796728,0.577012953361885
119494,0.0166679,5.32780816778541,3.08523988723755,-18.5472812652588,3.98959565162659,13.1089315414429,-0.495220065116882,2.34825825691223,-0.378867328166962,-1.06520380452763,-4.17843986088268,-0.0981516661938757
119496,0.0223349,5.35014306753874,3.08523988723755,-18.5472812652588,3.98959565162659,13.1089315414429,-0.495220065116882,2.34825825691223,-0.378867328166962,-1.06520380452763,-4.17843986088268,-0.0981516661938757
119500,0.0166673,5.36681036837399,-4.4407000541687,-19.090799331665,-3.34988188743591,15.0211629867554,0.177692517638206,2.62932515144348,-0.488730609416962,-2.48080894532309,0.736575319248461,0.89421002239205
119502,0.0166659,5.38347626850009,-4.4407000541687,-19.090799331665,-3.34988188743591,15.0211629867554,0.177692517638206,2.62932515144348,-0.488730609416962,-2.48080894532309,0.736575319248461,0.89421002239205
119508,0.0166665,5.40014276839793,-0.215541303157806,-18.7694492340088,0.609468638896942,13.8785848617554,0.297626614570618,2.46544575691223,-0.19301526248455,-1.57653693382826,-2.75288054974284,0.011343613969782
119510,0.0166667,5.4168094675988,-0.215541303157806,-18.7694492340088,0.609468638896942,13.8785848617554,0.297626614570618,2.46544575691223,-0.19301526248455,-1.57653693382826,-2.75288054974284,0.011343613969782
119512,0.0167684,5.43357786722481,-0.215541303157806,-18.7694492340088,0.609468638896942,13.8785848617554,0.297626614570618,2.46544575691223,-0.19301526248455,-1.57653693382826,-2.75288054974284,0.011343613969782
119516,0.0166665,5.45024436712265,-0.540858685970306,-18.5710849761963,0.280183970928192,14.2277059555054,0.0586739704012871,2.44621968269348,-0.308371722698212,-1.74838999348073,-2.11974994540571,-0.116389554397944
119518,0.0166673,5.4669116679579,-0.540858685970306,-18.5710849761963,0.280183970928192,14.2277059555054,0.0586739704012871,2.44621968269348,-0.308371722698212,-1.74838999348073,-2.11974994540571,-0.116389554397944
119522,0.0166678,5.48357946798205,-0.362330853939056,-18.3727207183838,0.430940806865692,14.1285238265991,0.261921048164368,2.43981099128723,-0.21865002810955,-1.41050789515536,-2.61093967612233,-0.472119469027343
119526,0.0166663,5.50024576857686,-0.215541303157806,-18.1267490386963,0.633272349834442,12.9859457015991,-0.0960501506924629,2.35466694831848,-0.372458636760712,-1.07629978115606,-1.82080674504592,-1.27297908682017
119530,0.0166665,5.5169122684747,-0.215541303157806,-18.1267490386963,0.633272349834442,12.9859457015991,-0.0960501506924629,2.35466694831848,-0.372458636760712,-1.07629978115606,-1.82080674504592,-1.27297908682017
119534,0.016667,5.53357926756144,-0.790797650814056,-18.519510269165,0.133394420146942,13.7079916000366,-0.0484427288174629,2.53136372566223,-0.314780414104462,-1.29915708422622,-2.28596832316033,-1.09944345661395
119536,0.0178903,5.55146956816316,-0.790797650814056,-18.519510269165,0.133394420146942,13.7079916000366,-0.0484427288174629,2.53136372566223,-0.314780414104462,-1.29915708422622,-2.28596832316033,-1.09944345661395
119540,0.0166676,5.56813716888428,-0.838405072689056,-18.4957065582275,0.0580160096287727,13.5334310531616,-0.0548514202237129,2.49199604988098,-0.327597796916962,-1.25506982065902,-2.15757135513869,-1.05111835566339
119544,0.0175852,5.58572236821055,-0.814601361751556,-19.2613925933838,0.0302450135350227,13.2596883773804,-0.00632847286760807,2.50481343269348,-0.372458636760712,-0.938806415613821,-1.98061935820972,-1.64426478988372
119548,0.0166672,5.60238956846297,-0.814601361751556,-19.2613925933838,0.0302450135350227,13.2596883773804,-0.00632847286760807,2.50481343269348,-0.372458636760712,-0.938806415613821,-1.98061935820972,-1.64426478988372
119554,0.0323679,5.63475746847689,-0.588466107845306,-19.3367710113525,0.355562388896942,13.3350667953491,-0.0127371642738581,2.58354878425598,-0.378867328166962,-1.24210944219914,-1.74854712082629,0.348360514223267
119556,0.0166687,5.65142616815865,-0.588466107845306,-19.3367710113525,0.355562388896942,13.3350667953491,-0.0127371642738581,2.58354878425598,-0.378867328166962,-1.24210944219914,-1.74854712082629,0.348360514223267
119560,0.0169513,5.66837746836245,-0.790797650814056,-19.2375888824463,0.157198131084442,13.3072957992554,0.0531808063387871,2.59636616706848,-0.353232562541962,-0.325473334461519,-1.41759690095796,-1.51857399155353
119562,0.0166668,5.68504426814616,-0.790797650814056,-19.2375888824463,0.157198131084442,13.3072957992554,0.0531808063387871,2.59636616706848,-0.353232562541962,-0.325473334461519,-1.41759690095796,-1.51857399155353
119566,0.0166667,5.70171096734703,-0.739222943782806,-19.090799331665,0.157198131084442,13.2358846664429,0.0586739704012871,2.57714009284973,-0.353232562541962,-0.0318541621091657,-1.4276150862103,-1.37720423904337
119570,0.0166671,5.7183780670166,-0.715419232845306,-20.1778354644775,0.157198131084442,13.4818563461304,0.0769845172762871,2.58354878425598,-0.378867328166962,0.0469779345741983,-1.43609632340178,-1.25136423815172
119574,0.0166667,5.73504476621747,-0.715419232845306,-20.1778354644775,0.157198131084442,13.4818563461304,0.0769845172762871,2.58354878425598,-0.378867328166962,0.0469779345741983,-1.43609632340178,-1.25136423815172
119576,0.0166669,5.75171166658401,-0.739222943782806,-19.6105136871338,0.0818197205662727,13.0097494125366,0.112690083682537,2.53136372566223,-0.366049945354462,0.000317377478416598,-1.69495132764639,-0.789308611863651
119580,0.0166671,5.76837876625359,-0.739222943782806,-19.6105136871338,0.0818197205662727,13.0097494125366,0.112690083682537,2.53136372566223,-0.366049945354462,0.000317377478416598,-1.69495132764639,-0.789308611863651
119582,0.0166672,5.785045966506,-0.739222943782806,-19.6105136871338,0.0818197205662727,13.0097494125366,0.112690083682537,2.53136372566223,-0.366049945354462,0.000317377478416598,-1.69495132764639,-0.789308611863651
119586,0.0166665,5.80171246640384,-0.763026654720306,-20.6975498199463,0.0580160096287727,13.0851278305054,0.100788228213787,2.76024556159973,-0.353232562541962,0.902774630401801,-1.60705036707162,-1.03695872425429
119590,0.0166711,5.8183835670352,-0.763026654720306,-20.8959140777588,0.0302450135350227,13.2358846664429,0.106281392276287,2.72087788581848,-0.372458636760712,0.921763310171514,-1.61491549961126,-1.00423294284354
119592,0.0166631,5.83504666760564,-0.763026654720306,-20.8959140777588,0.0302450135350227,13.2358846664429,0.106281392276287,2.72087788581848,-0.372458636760712,0.921763310171514,-1.61491549961126,-1.00423294284354
119596,0.0166669,5.85171356797218,-0.814601361751556,-20.0548496246338,0.00644130259752274,12.5654134750366,0.136493787169456,2.57714009284973,-0.385276019573212,0.775272725296969,-1.93977642814844,-0.327683735168646
119600,0.0166671,5.86838066764176,-0.814601361751556,-20.0548496246338,0.00644130259752274,12.5654134750366,0.136493787169456,2.57714009284973,-0.385276019573212,0.775272725296969,-1.93977642814844,-0.327683735168646
119604,0.0166699,5.88505056686699,-0.739222943782806,-19.9040927886963,0.0580160096287727,12.0933065414429,0.118183247745037,2.49840474128723,-0.359641253948212,0.842265041058065,-1.9995425910304,-0.835008838043375
119608,0.0166647,5.90171526744962,-0.763026654720306,-19.7811069488525,0.0580160096287727,12.2400960922241,0.130085095763206,2.55699849128723,-0.404502093791962,1.33353166677786,-2.08446666685892,-1.17155365205107
119610,0.0166654,5.91838066652417,-0.763026654720306,-19.7811069488525,0.0580160096287727,12.2400960922241,0.130085095763206,2.55699849128723,-0.404502093791962,1.33353166677786,-2.08446666685892,-1.17155365205107
119614,0.01667,5.93505066633224,-0.814601361751556,-20.7451572418213,-0.0689371153712273,12.7360067367554,0.160297498106956,2.68151021003723,-0.385276019573212,0,0,0
119616,0.0174891,5.95253976620734,-0.814601361751556,-20.7451572418213,-0.0689371153712273,12.7360067367554,0.160297498106956,2.68151021003723,-0.385276019573212,0,0,0
119622,0.0166677,5.96920746564865,-0.814601361751556,-20.7451572418213,-0.0689371153712273,12.7360067367554,0.160297498106956,2.68151021003723,-0.385276019573212,0,0,0
119624,0.019804,5.98901146650314,-0.814601361751556,-21.0188999176025,0.0302450135350227,12.3154745101929,0.148395642638206,2.70806050300598,-0.372458636760712,0,0,0
119628,0.0166678,6.0056792665273,-0.965358197689056,-20.8721103668213,-0.219693958759308,12.6883993148804,0.219806775450706,2.73461079597473,-0.366049945354462,0,0,0
119630,0.0179778,6.02365706674755,-0.965358197689056,-20.8721103668213,-0.219693958759308,12.6883993148804,0.219806775450706,2.73461079597473,-0.366049945354462,0,0,0
119636,0.0166683,6.0403253659606,-0.838405072689056,-21.9591464996338,-0.0173624083399773,12.9105672836304,0.214313611388206,2.84538960456848,-0.385276019573212,0,0,0
119638,0.0179186,6.05824396573007,-0.838405072689056,-21.9591464996338,-0.0173624083399773,12.9105672836304,0.214313611388206,2.84538960456848,-0.385276019573212,0,0,0
119644,0.0166669,6.07491086609662,-0.715419232845306,-20.772928237915,0.0818197205662727,11.5696249008179,0.214313611388206,2.62932515144348,-0.353232562541962,0,0,0
119646,0.0204545,6.09536536596715,-0.715419232845306,-20.772928237915,0.0818197205662727,11.5696249008179,0.214313611388206,2.62932515144348,-0.353232562541962,0,0,0
119648,0.0167954,6.11216076649725,-0.687648236751556,-21.26487159729,0.0818197205662727,11.4942464828491,0.226215466856956,2.59636616706848,-0.385276019573212,0,0,0
119654,0.0166687,6.12882946617901,-0.814601361751556,-22.3043003082275,-0.0173624083399773,12.2162923812866,0.231708630919456,2.88475728034973,-0.410910785198212,0,0,0
119656,0.018513,6.14734246581793,-0.814601361751556,-22.3043003082275,-0.0173624083399773,12.2162923812866,0.231708630919456,2.88475728034973,-0.410910785198212,0,0,0
119660,0.0166708,6.16401326656342,-0.790797650814056,-21.5624179840088,0.0302450135350227,11.1490926742554,0.184101209044456,2.68151021003723,-0.404502093791962,0,0,0
119662,0.0187462,6.18275946564972,-0.790797650814056,-21.5624179840088,0.0302450135350227,11.1490926742554,0.184101209044456,2.68151021003723,-0.404502093791962,0,0,0
119666,0.01667,6.1994294654578,-0.790797650814056,-21.5624179840088,0.0302450135350227,11.1490926742554,0.184101209044456,2.68151021003723,-0.404502093791962,0,0,0
119670,0.0166653,6.21609476581216,-0.814601361751556,-22.7486362457275,-0.0451334044337273,12.0655355453491,0.285724759101868,2.82616353034973,-0.378867328166962,0,0,0
119674,0.0166652,6.23275996558368,-0.814601361751556,-22.7486362457275,-0.0451334044337273,12.0655355453491,0.285724759101868,2.82616353034973,-0.378867328166962,0,0,0
119676,0.0211854,6.25394536554813,-0.937587201595306,-21.5624179840088,-0.120511822402477,11.2958822250366,0.243610486388206,2.69524312019348,-0.410910785198212,0,0,0
119682,0.0166671,6.27061246521771,-0.540858685970306,-21.0188999176025,0.232576549053192,10.3516683578491,0.201496228575706,2.43340229988098,-0.398093402385712,0,0,0
119686,0.0188594,6.28947186470032,-0.540858685970306,-21.0188999176025,0.232576549053192,10.3516683578491,0.201496228575706,2.43340229988098,-0.398093402385712,0,0,0
119690,0.021275,6.31074686534703,-0.937587201595306,-22.1337070465088,-0.168119251728058,10.8753499984741,0.315021634101868,2.68151021003723,-0.391684710979462,0,0,0
119694,0.0172545,6.32800136506557,-0.937587201595306,-22.1337070465088,-0.168119251728058,10.8753499984741,0.315021634101868,2.68151021003723,-0.391684710979462,0,0,0
119696,0.0224362,6.35043756477535,-0.937587201595306,-22.1337070465088,-0.168119251728058,10.8753499984741,0.315021634101868,2.68151021003723,-0.391684710979462,0,0,0
119698,0.0166682,6.36710576526821,-0.862208783626556,-21.9075717926025,-0.144315540790558,10.8515462875366,0.369037747383118,2.70806050300598,-0.385276019573212,0,0,0
119702,0.016669,6.38377476483583,-0.862208783626556,-21.9075717926025,-0.144315540790558,10.8515462875366,0.369037747383118,2.70806050300598,-0.385276019573212,0,0,0
119706,0.0166648,6.40043956413865,-0.790797650814056,-22.05832862854,-0.120511822402477,10.9745321273804,0.297626614570618,2.69524312019348,-0.410910785198212,0,0,0
119708,0.0166681,6.41710766404867,-0.965358197689056,-23.29612159729,-0.195890247821808,10.9507284164429,0.279316067695618,2.88475728034973,-0.385276019573212,0,0,0
119712,0.0166663,6.43377396464348,-0.965358197689056,-23.29612159729,-0.195890247821808,10.9507284164429,0.279316067695618,2.88475728034973,-0.385276019573212,0,0,0
119716,0.0166683,6.45044226385653,-0.838405072689056,-22.5264682769775,-0.0927408263087273,10.0818929672241,0.309528470039368,2.62932515144348,-0.398093402385712,0,0,0
119722,0.0166652,6.46710746362805,-0.838405072689056,-22.5264682769775,-0.0927408263087273,10.0818929672241,0.309528470039368,2.62932515144348,-0.398093402385712,0,0,0
119724,0.0188307,6.4859381634742,-0.739222943782806,-23.0977573394775,0.0302450135350227,10.7999715805054,0.303119778633118,2.83257222175598,-0.366049945354462,0,0,0
119728,0.0168855,6.50282366387546,-0.889979779720306,-24.137186050415,-0.243497669696808,11.0737142562866,0.386432766914368,2.73461079597473,-0.378867328166962,0,0,0
119730,0.0195357,6.52235936373472,-0.889979779720306,-24.137186050415,-0.243497669696808,11.0737142562866,0.386432766914368,2.73461079597473,-0.378867328166962,0,0,0
119734,0.0166685,6.53902786411345,-1.58822202682495,-14.66330909729,-1.34640288352966,4.39280605316162,0.649189114570618,-0.684883952140808,-0.263510882854462,6.99808380487028,-4.1906227097183,-14.1749880301764
119736,0.0166652,6.55569306388497,-1.58822202682495,-14.66330909729,-1.34640288352966,4.39280605316162,0.649189114570618,-0.684883952140808,-0.263510882854462,6.99808380487028,-4.1906227097183,-14.1749880301764
119742,0.0166674,6.57236046344042,-1.58822202682495,-14.66330909729,-1.34640288352966,4.39280605316162,0.649189114570618,-0.684883952140808,-0.263510882854462,6.99808380487028,-4.1906227097183,-14.1749880301764
119744,0.0172218,6.58958226256073,-1.3382830619812,-18.02756690979,-0.870328724384308,7.17387294769287,0.440448880195618,1.04454720020294,-0.366049945354462,7.73370910078428,-4.08438721892938,-20.2786819905848
119748,0.0166692,6.60625146329403,-1.3382830619812,-18.02756690979,-0.870328724384308,7.17387294769287,0.440448880195618,1.04454720020294,-0.366049945354462,7.73370910078428,-4.08438721892938,-20.2786819905848
119750,0.0166648,6.62291626259685,-1.3382830619812,-18.02756690979,-0.870328724384308,7.17387294769287,0.440448880195618,1.04454720020294,-0.366049945354462,7.73370910078428,-4.08438721892938,-20.2786819905848
119756,0.0166675,6.63958376273513,-1.4890398979187,-18.7932529449463,-0.818754017353058,8.07047939300537,0.440448880195618,1.34575569629669,-0.385276019573212,7.32904160185566,-4.12997007153669,-16.2678240321784
119758,0.0166663,6.65625006332994,-1.4890398979187,-18.7932529449463,-0.818754017353058,8.07047939300537,0.440448880195618,1.34575569629669,-0.385276019573212,7.32904160185566,-4.12997007153669,-16.2678240321784
119760,0.0166681,6.67291816323996,-1.4890398979187,-18.1267490386963,-0.818754017353058,7.82054042816162,0.499958157539368,1.38512337207794,-0.359641253948212,7.22991515172675,-4.22883954492211,-16.1063454460265
119764,0.0166681,6.68958626314998,-0.937587201595306,-18.3211460113525,-0.168119251728058,7.79673671722412,0.369037747383118,1.08391487598419,-0.391684710979462,5.24212156955748,-3.95389447145248,-14.8001404040192
119766,0.0166659,6.70625216327608,-0.937587201595306,-18.3211460113525,-0.168119251728058,7.79673671722412,0.369037747383118,1.08391487598419,-0.391684710979462,5.24212156955748,-3.95389447145248,-14.8001404040192
119770,0.0166671,6.72291926294565,-0.965358197689056,-18.1267490386963,-0.219693958759308,7.52299404144287,0.357135891914368,1.06377327442169,-0.378867328166962,5.32015143639693,-3.86112644399384,-15.2090616670259
119774,0.0166683,6.7395875621587,-0.965358197689056,-18.1267490386963,-0.219693958759308,7.52299404144287,0.357135891914368,1.06377327442169,-0.378867328166962,5.32015143639693,-3.86112644399384,-15.2090616670259
119778,0.0166649,6.75625246204436,-0.965358197689056,-18.1267490386963,-0.219693958759308,7.52299404144287,0.357135891914368,1.03081429004669,-0.391684710979462,5.35337072982284,-3.84102102801961,-15.1358549297321
119782,0.0166668,6.77291926182806,-0.715419232845306,-18.1743564605713,0.0302450135350227,6.90013027191162,0.333332180976868,0.854117512702942,-0.423728168010712,4.49222928260155,-3.69043933458968,-14.3490660800767
119784,0.0166664,6.78958566114306,-0.715419232845306,-18.1743564605713,0.0302450135350227,6.90013027191162,0.333332180976868,0.854117512702942,-0.423728168010712,4.49222928260155,-3.69043933458968,-14.3490660800767
119788,0.0166672,6.80625286139548,-1.04073667526245,-17.7062168121338,-0.469632923603058,6.57878017425537,0.583271145820618,0.297476887702942,-0.436545550823212,4.186703780634,-3.43431632924921,-14.041091447852
119790,0.0166654,6.82291826047003,-2.1158709526062,-17.6546421051025,-1.77486968040466,6.03129482269287,0.810321927070618,0.310294270515442,-0.340415179729462,4.46156308279016,-4.5815246795103,-14.2934610150296
119794,0.0166682,6.83958646096289,-2.1158709526062,-17.6546421051025,-1.77486968040466,6.03129482269287,0.810321927070618,0.310294270515442,-0.340415179729462,4.46156308279016,-4.5815246795103,-14.2934610150296
119798,0.0166657,6.85625216178596,-1.6397967338562,-18.741678237915,-0.870328724384308,6.99931240081787,0.445942044258118,1.01799690723419,-0.334006488323212,4.79115336568808,-6.26849430321262,-12.3316121219481
119802,0.0166679,6.87292006239295,-1.6397967338562,-18.741678237915,-0.870328724384308,6.99931240081787,0.445942044258118,1.01799690723419,-0.334006488323212,4.79115336568808,-6.26849430321262,-12.3316121219481
119804,0.0166659,6.88958596251905,-1.41366147994995,-18.9678134918213,-0.747342884540558,7.02708339691162,0.445942044258118,0.972220540046692,-0.308371722698212,4.73084918192484,-6.03326929689946,-12.1680716814465
119808,0.0174798,6.90706576220691,-0.715419232845306,-18.3211460113525,-0.144315540790558,6.55497646331787,0.321430325508118,0.716788411140442,-0.410910785198212,3.00002702018199,-2.99633149816611,-12.1996591504364
119812,0.0172053,6.92427106201649,-0.715419232845306,-18.3211460113525,-0.144315540790558,6.55497646331787,0.321430325508118,0.716788411140442,-0.410910785198212,3.00002702018199,-2.99633149816611,-12.1996591504364
119816,0.0166671,6.94093816168606,-0.588466107845306,-18.5710849761963,-0.0689371153712273,6.65415859222412,0.297626614570618,0.795523762702942,-0.450278460979462,3.37127645885753,-2.95046821741078,-12.1478798798936
119818,0.0189102,6.95984836108983,-0.588466107845306,-18.5710849761963,-0.0689371153712273,6.65415859222412,0.297626614570618,0.795523762702942,-0.450278460979462,3.37127645885753,-2.95046821741078,-12.1478798798936
119822,0.0166681,6.97651646099985,-0.390101850032806,-18.91623878479,0.0302450135350227,6.75334072113037,0.291217923164368,0.716788411140442,-0.450278460979462,3.22169836579124,-2.8186747088296,-12.0409669056795
119826,0.018101,6.99461746029556,0.0621686577796936,-19.13840675354,0.708650767803192,6.80094814300537,0.238117322325706,0.729605793952942,-0.417319476604462,1.96319574493336,-1.63601834140553,-11.0418748632393
119830,0.0166685,7.01128596067429,-0.0647844672203064,-19.0392246246338,0.732454478740692,6.67796230316162,0.243610486388206,0.716788411140442,-0.417319476604462,1.99487743068215,-1.61807534306702,-10.7471498888838
119832,0.0172696,7.02855556085706,-0.0647844672203064,-19.0392246246338,0.732454478740692,6.67796230316162,0.243610486388206,0.716788411140442,-0.417319476604462,1.99487743068215,-1.61807534306702,-10.7471498888838
119836,0.0169639,7.04551945999265,-0.239345014095306,-19.2375888824463,0.534090220928192,6.70176601409912,0.273822903633118,0.795523762702942,-0.391684710979462,2.72149418692756,-2.30640205691771,-9.3786467636108
119842,0.020776,7.06629545986652,-0.239345014095306,-19.2375888824463,0.534090220928192,6.70176601409912,0.273822903633118,0.795523762702942,-0.391684710979462,2.72149418692756,-2.30640205691771,-9.3786467636108
119844,0.0219773,7.08827275969088,-0.290919721126556,-20.201639175415,0.482515513896942,7.32462978363037,0.250019192695618,0.932852864265442,-0.308371722698212,2.46560438866611,-2.59314092052706,-7.27020429444859
119848,0.0166672,7.10493995994329,-0.290919721126556,-20.201639175415,0.482515513896942,7.32462978363037,0.250019192695618,0.932852864265442,-0.308371722698212,2.46560438866611,-2.59314092052706,-7.27020429444859
119852,0.0183674,7.12330736033618,0.0343976616859436,-20.7213535308838,0.633272349834442,7.57060146331787,0.219806775450706,1.07018196582794,-0.301963031291962,1.45476511594255,-1.57143920824319,-5.78951928853242
119856,0.0169182,7.14022555947304,0.0343976616859436,-20.7213535308838,0.633272349834442,7.57060146331787,0.219806775450706,1.07018196582794,-0.301963031291962,1.45476511594255,-1.57143920824319,-5.78951928853242
119858,0.0166652,7.15689075924456,0.0343976616859436,-20.7213535308838,0.633272349834442,7.57060146331787,0.219806775450706,1.07018196582794,-0.301963031291962,1.45476511594255,-1.57143920824319,-5.78951928853242
119862,0.0166711,7.17356185987592,0.284336626529694,-21.7369785308838,0.760225474834442,6.95170497894287,0.0888863727450371,1.19469368457794,-0.314780414104462,0.359655518727842,-1.21534644187199,-2.93960447625898
119864,0.0166647,7.19022656045854,0.284336626529694,-21.7369785308838,0.760225474834442,6.95170497894287,0.0888863727450371,1.19469368457794,-0.314780414104462,0.359655518727842,-1.21534644187199,-2.93960447625898
119866,0.016668,7.20689455978572,0.284336626529694,-21.7369785308838,0.760225474834442,6.95170497894287,0.0888863727450371,1.19469368457794,-0.314780414104462,0.359655518727842,-1.21534644187199,-2.93960447625898
119870,0.0166688,7.22356336005032,0.236729204654694,-22.6018466949463,0.907015025615692,7.15006923675537,0.0586739704012871,1.37871468067169,-0.263510882854462,0,0,0
119874,0.0166654,7.24022875912488,0.236729204654694,-22.6018466949463,0.907015025615692,7.15006923675537,0.0586739704012871,1.37871468067169,-0.263510882854462,0,0,0
119876,0.0166667,7.25689545832574,0.435093462467194,-23.2683506011963,0.982393443584442,7.57060146331787,0.0586739704012871,1.48308479785919,-0.314780414104462,0,0,0
119880,0.0166707,7.27356615848839,0.435093462467194,-23.2683506011963,0.982393443584442,7.57060146331787,0.0586739704012871,1.48308479785919,-0.314780414104462,0,0,0
119884,0.0166645,7.29023065790534,0.585850298404694,-23.8634433746338,1.08554291725159,8.07047939300537,0.0586739704012871,1.58837044239044,-0.321189105510712,0,0,0
119888,0.0166664,7.30689705722034,0.562046587467194,-24.581521987915,1.20852875709534,8.61399745941162,0.100788228213787,1.88225471973419,-0.321189105510712,0,0,0
119892,0.0166672,7.32356425747275,0.562046587467194,-24.581521987915,1.20852875709534,8.61399745941162,0.100788228213787,1.88225471973419,-0.321189105510712,0,0,0
119896,0.0190752,7.34263945743442,0.0621686577796936,-25.1726474761963,0.859407603740692,9.51060390472412,0.214313611388206,2.23015522956848,-0.250693500041962,0,0,0
119900,0.0173903,7.36002975702286,0.0621686577796936,-25.1726474761963,0.859407603740692,9.51060390472412,0.214313611388206,2.23015522956848,-0.250693500041962,0,0,0
119902,0.0166673,7.37669705785811,0.0621686577796936,-25.1726474761963,0.859407603740692,9.51060390472412,0.214313611388206,2.23015522956848,-0.250693500041962,0,0,0
119906,0.016668,7.39336505718529,0.0105939507484436,-25.7677402496338,0.657076060771942,10.0541219711304,0.285724759101868,2.37389302253723,-0.2250587195158,0,0,0
119908,0.0179628,7.41132785752416,0.0105939507484436,-25.7677402496338,0.657076060771942,10.0541219711304,0.285724759101868,2.37389302253723,-0.2250587195158,0,0,0
119914,0.0166687,7.42799655720592,-0.0647844672203064,-26.0137119293213,0.581697642803192,10.8753499984741,0.303119778633118,2.45903706550598,-0.257102191448212,0,0,0
119916,0.0168944,7.4448909573257,-0.0647844672203064,-26.0137119293213,0.581697642803192,10.8753499984741,0.303119778633118,2.45903706550598,-0.257102191448212,0,0,0
119920,0.0166684,7.46155935712159,-0.0647844672203064,-26.0137119293213,0.581697642803192,10.8753499984741,0.303119778633118,2.45903706550598,-0.257102191448212,0,0,0
119922,0.0198423,7.48140165768564,-0.0647844672203064,-25.248025894165,0.557893931865692,9.60978603363037,0.255512356758118,2.30156636238098,-0.263510882854462,0,0,0
119928,0.0166697,7.49807135760784,-0.0647844672203064,-25.248025894165,0.557893931865692,9.60978603363037,0.255512356758118,2.30156636238098,-0.263510882854462,0,0,0
119930,0.0204321,7.51850345730782,-0.112391889095306,-25.9423007965088,0.609468638896942,9.98271083831787,0.255512356758118,2.44621968269348,-0.24428479373455,0,0,0
119934,0.017549,7.53605245798826,-0.362330853939056,-24.010232925415,0.383333384990692,10.0065145492554,0.315021634101868,2.25578999519348,-0.20583264529705,0,0,0
119938,0.0208626,7.55691505782306,-0.362330853939056,-24.010232925415,0.383333384990692,10.0065145492554,0.315021634101868,2.25578999519348,-0.20583264529705,0,0,0
119942,0.0174516,7.57436665706337,-0.413905560970306,-22.7010288238525,0.331758677959442,10.1056966781616,0.369037747383118,2.19719624519348,-0.17287366092205,0,0,0
119946,0.0166673,7.59103395789862,-0.413905560970306,-22.7010288238525,0.331758677959442,10.1056966781616,0.369037747383118,2.19719624519348,-0.17287366092205,0,0,0
119948,0.0209531,7.61198705807328,-0.215541303157806,-21.0942783355713,0.581697642803192,10.2286825180054,0.297626614570618,2.19078755378723,-0.17287366092205,0,0,0
119952,0.0166715,7.6286585573107,-0.215541303157806,-21.0942783355713,0.581697642803192,10.2286825180054,0.297626614570618,2.19078755378723,-0.17287366092205,0,0,0
119956,0.0166624,7.64532095752656,-0.215541303157806,-21.0942783355713,0.581697642803192,10.2286825180054,0.297626614570618,2.19078755378723,-0.17287366092205,0,0,0
119960,0.0166688,7.66198975779116,-0.437709271907806,-20.201639175415,0.383333384990692,11.0737142562866,0.392841458320618,2.16423726081848,-0.1023780554533,0,0,0
119962,0.0166833,7.6786730568856,-0.437709271907806,-20.201639175415,0.383333384990692,11.0737142562866,0.392841458320618,2.16423726081848,-0.1023780554533,0,0,0
119968,0.0166678,7.69534085690975,-0.215541303157806,-21.83616065979,0.534090220928192,11.0975179672241,0.380939602851868,2.35466694831848,-0.0639259070158005,0,0,0
119970,0.0210198,7.71636065654457,-0.215541303157806,-21.83616065979,0.534090220928192,11.0975179672241,0.380939602851868,2.35466694831848,-0.0639259070158005,0,0,0
119974,0.0166685,7.73302915692329,-0.362330853939056,-21.0704746246338,0.307954967021942,12.1924886703491,0.494464993476868,2.19719624519348,-0.0575172156095505,0,0,0
119976,0.0199322,7.75296135619283,-0.390101850032806,-21.39182472229,0.307954967021942,12.4384603500366,0.410236477851868,2.46544575691223,-0.0831519812345505,0,0,0
119982,0.0182888,7.77125015668571,-0.540858685970306,-19.2613925933838,0.0818197205662727,12.9383382797241,0.547565579414368,2.18437886238098,-0.00624768435955048,0,0,0
119984,0.0171727,7.78842285647988,-0.437709271907806,-17.67844581604,0.256380259990692,12.1171102523804,0.494464993476868,2.05986714363098,0.00656969845294952,0,0,0
119988,0.0166677,7.8050905559212,-0.437709271907806,-18.9678134918213,0.256380259990692,12.0933065414429,0.595173001289368,2.05345845222473,0.0322044640779495,0,0,0
119990,0.01849,7.82358055561781,-0.437709271907806,-18.9678134918213,0.256380259990692,12.0933065414429,0.595173001289368,2.05345845222473,0.0322044640779495,0,0,0
119996,0.0169565,7.84053705632687,-0.687648236751556,-16.964334487915,0.0580160096287727,13.3072957992554,0.571369290351868,2.21001362800598,0.0514305382966995,-2.52774160507786,-0.224435277697942,4.9434586983853
119998,0.0166668,7.85720385611057,-0.687648236751556,-16.964334487915,0.0580160096287727,13.3072957992554,0.571369290351868,2.21001362800598,0.0514305382966995,-2.52774160507786,-0.224435277697942,4.9434586983853
120000,0.0166685,7.8738723564893,-0.687648236751556,-16.964334487915,0.0580160096287727,13.3072957992554,0.571369290351868,2.21001362800598,0.0514305382966995,-2.52774160507786,-0.224435277697942,4.9434586983853
120004,0.0166668,7.89053915627301,-0.989161908626556,-18.4957065582275,-0.243497669696808,13.6326131820679,0.756305813789368,2.26311421394348,0.0450218468904495,-1.83732254707178,-0.199891075750155,2.66920787530304
120006,0.0166678,7.90720695629716,-0.790797650814056,-17.186502456665,-0.144315540790558,13.9777669906616,0.661090970039368,2.28234028816223,0.0386131554841995,-2.62267655207145,-0.172951723088171,4.77535109902088
120010,0.0166655,7.92387245595455,-0.790797650814056,-17.186502456665,-0.144315540790558,13.9777669906616,0.661090970039368,2.28234028816223,0.0386131554841995,-2.62267655207145,-0.172951723088171,4.77535109902088
120014,0.0166669,7.9405393563211,-1.1637225151062,-17.1349277496338,-0.521207630634308,14.1761312484741,0.738910794258118,2.26952290534973,0.0129783898591995,-2.92475924591685,-0.39415308080276,5.45938669230119
120018,0.0166676,7.95720695704222,-1.1637225151062,-17.1349277496338,-0.521207630634308,14.1761312484741,0.738910794258118,2.26952290534973,0.0129783898591995,-2.92475924591685,-0.39415308080276,5.45938669230119
120022,0.0166665,7.97387345694005,-1.26290464401245,-15.77414894104,-0.568815052509308,13.1089315414429,0.727008938789368,1.91521370410919,-0.10878674685955,-1.52369050963673,-0.822594443942618,2.00174085439665
120026,0.0166655,7.99053895659745,-1.26290464401245,-15.77414894104,-0.568815052509308,13.1089315414429,0.727008938789368,1.91521370410919,-0.10878674685955,-1.52369050963673,-0.822594443942618,2.00174085439665
120028,0.0166681,8.00720705650747,-1.23910093307495,-15.9249057769775,-0.370450794696808,13.5056600570679,0.756305813789368,2.00676655769348,-0.301963031291962,-2.4018401741942,-1.28333737301191,4.42124714529931
120030,0.0166701,8.02387715689838,-1.23910093307495,-15.9249057769775,-0.370450794696808,13.5056600570679,0.756305813789368,2.00676655769348,-0.301963031291962,-2.4018401741942,-1.28333737301191,4.42124714529931
120036,0.0166678,8.04054495692253,-1.23910093307495,-15.9249057769775,-0.370450794696808,13.5056600570679,0.756305813789368,2.00676655769348,-0.301963031291962,-2.4018401741942,-1.28333737301191,4.42124714529931
120038,0.0175032,8.0580481570214,-1.08834409713745,-15.5757846832275,-0.243497669696808,13.3588705062866,0.708698391914368,1.90880501270294,-0.372458636760712,-1.86109347785583,-1.32162245403769,3.41722148938567
120042,0.0166694,8.07471755705774,-1.08834409713745,-15.5757846832275,-0.243497669696808,13.3588705062866,0.708698391914368,1.90880501270294,-0.372458636760712,-1.86109347785583,-1.32162245403769,3.41722148938567
120044,0.0166659,8.09138345718384,-1.08834409713745,-15.5757846832275,-0.243497669696808,13.3588705062866,0.708698391914368,1.90880501270294,-0.372458636760712,-1.86109347785583,-1.32162245403769,3.41722148938567
120048,0.0166678,8.10805125720799,-1.54061460494995,-16.393045425415,-0.671964466571808,13.8309774398804,0.727008938789368,2.08550190925598,-0.410910785198212,-2.05119562916269,-1.35868073271587,4.16318086266074
120050,0.0166651,8.12471635639668,-1.54061460494995,-16.393045425415,-0.671964466571808,13.8309774398804,0.727008938789368,2.08550190925598,-0.410910785198212,-2.05119562916269,-1.35868073271587,4.16318086266074
120056,0.0166688,8.14138515666127,-1.58822202682495,-15.9249057769775,-0.671964466571808,14.3784627914429,0.744403958320618,2.09923481941223,-0.385276019573212,-2.47622620570122,-1.95892622776974,4.52730293142553
120058,0.0166657,8.15805085748434,-1.58822202682495,-15.9249057769775,-0.671964466571808,14.3784627914429,0.744403958320618,2.09923481941223,-0.385276019573212,-2.47622620570122,-1.95892622776974,4.52730293142553
120060,0.0166671,8.17471795715392,-1.58822202682495,-15.9249057769775,-0.671964466571808,14.3784627914429,0.744403958320618,2.09923481941223,-0.385276019573212,-2.47622620570122,-1.95892622776974,4.52730293142553
120064,0.0166671,8.19138505682349,-1.9889178276062,-16.2700595855713,-1.07266020774841,13.7555990219116,0.780109524726868,2.01409077644348,-0.378867328166962,-1.71284672423903,-2.3715616575349,3.99240586430995
120066,0.0166666,8.20805165730417,-1.9889178276062,-16.2700595855713,-1.07266020774841,13.7555990219116,0.780109524726868,2.01409077644348,-0.378867328166962,-1.71284672423903,-2.3715616575349,3.99240586430995
120070,0.0166673,8.22471895813942,-1.9889178276062,-16.2700595855713,-1.07266020774841,13.7555990219116,0.780109524726868,2.01409077644348,-0.378867328166962,-1.71284672423903,-2.3715616575349,3.99240586430995
120074,0.0166678,8.24138675816357,-1.4652361869812,-16.7381992340088,-0.545011341571808,13.9063558578491,0.607074856758118,2.09191060066223,-0.321189105510712,-2.43398014600375,-1.32505938978911,3.69018981085273
120076,0.0166658,8.25805255770683,-0.838405072689056,-16.6667881011963,0.105623431503773,13.8309774398804,0.583271145820618,2.09923481941223,-0.314780414104462,-2.36201235794404,-1.54792633715042,3.38911750937222
120080,0.0166693,8.27472185716033,-0.838405072689056,-16.6667881011963,0.105623431503773,13.8309774398804,0.583271145820618,2.09923481941223,-0.314780414104462,-2.36201235794404,-1.54792633715042,3.38911750937222
120084,0.0166654,8.29138725623488,0.0105939507484436,-16.78977394104,0.958589732646942,14.4776449203491,0.511860013008118,2.22374653816223,-0.263510882854462,-1.3814141659689,-1.84047429274563,2.23580356001096
120086,0.0166677,8.3080549556762,-0.437709271907806,-16.78977394104,0.708650767803192,14.6482381820679,0.369037747383118,2.26952290534973,-0.314780414104462,-1.47223925609835,-0.881325266486932,2.30902374966142
120092,0.0166666,8.32472155615687,-0.790797650814056,-16.7381992340088,0.534090220928192,14.2039022445679,0.350727200508118,2.27593159675598,-0.340415179729462,-1.35537532781825,0.306514051221395,2.02058964609813
120096,0.016667,8.34138855524361,-1.38985776901245,-16.393045425415,-0.295072376728058,14.0293416976929,0.285724759101868,2.17705464363098,-0.301963031291962,-1.48869019347045,-1.51405135834233,1.44805282640236
120098,0.0174491,8.35883765481412,-1.38985776901245,-16.393045425415,-0.295072376728058,14.0293416976929,0.285724759101868,2.17705464363098,-0.301963031291962,-1.48869019347045,-1.51405135834233,1.44805282640236
120102,0.0166679,8.37550555542111,-0.437709271907806,-16.4168491363525,0.760225474834442,14.2039022445679,0.255512356758118,2.20360493659973,-0.2250587195158,-1.64902126614191,-0.68192201259462,1.07141795281741
120104,0.0185304,8.39403595589101,-0.437709271907806,-16.4168491363525,0.760225474834442,14.2039022445679,0.255512356758118,2.20360493659973,-0.2250587195158,-1.64902126614191,-0.68192201259462,1.07141795281741
120110,0.0181077,8.41214365512133,-0.263148725032806,-16.0716953277588,0.982393443584442,13.4064779281616,-0.138164415955544,2.25578999519348,-0.327597796916962,-1.21603230136802,0.0667579804816994,0.376456982242443
120114,0.0177935,8.42993715591729,1.8355450630188,-16.5438022613525,2.78750824928284,13.5056600570679,0.112690083682537,2.14501118659973,-0.10878674685955,-1.64124336036961,-3.49630572138068,0.444333122534746
120116,0.0207186,8.45065575651824,1.8355450630188,-16.5438022613525,2.78750824928284,13.5056600570679,0.112690083682537,2.14501118659973,-0.10878674685955,-1.64124336036961,-3.49630572138068,0.444333122534746
120118,0.0166683,8.4673240557313,0.411289751529694,-16.5914096832275,1.41086030006409,13.5334310531616,0.392841458320618,2.09191060066223,-0.0895606726408005,-2.05188708904912,-1.95494626660124,0.611641192264245
120124,0.0166669,8.48399095609784,1.6133770942688,-15.8257236480713,2.68832612037659,13.5056600570679,-0.620647311210632,2.28874897956848,-0.327597796916962,-2.09191805977584,-1.16247833820539,0.506589503963911
120128,0.0184247,8.50241565518081,-2.88949155807495,-15.282205581665,-1.27102446556091,14.1047201156616,-0.221477404236794,2.51122212409973,-0.450278460979462,-1.84135987240961,1.32136833254493,0.747700288220546
120130,0.0201542,8.5225698556751,-2.88949155807495,-15.282205581665,-1.27102446556091,14.1047201156616,-0.221477404236794,2.51122212409973,-0.450278460979462,-1.84135987240961,1.32136833254493,0.747700288220546
120134,0.016669,8.53923885524273,-2.88949155807495,-15.282205581665,-1.27102446556091,14.1047201156616,-0.221477404236794,2.51122212409973,-0.450278460979462,-1.84135987240961,1.32136833254493,0.747700288220546
120138,0.019603,8.55884185433388,2.03787660598755,-15.99631690979,3.29135346412659,12.9621419906616,-0.715862154960632,2.36748433113098,-0.450278460979462,-1.511262098133,-2.11337585008845,-0.512873335233768
120142,0.0166679,8.57550975494087,4.9617657661438,-16.34543800354,5.82248115539551,13.0097494125366,-0.430217623710632,2.40685200691223,-0.1664649695158,-2.12655762988147,-4.26127586157778,-0.250353549974269
120144,0.016666,8.59217575564981,4.9617657661438,-16.34543800354,5.82248115539551,13.0097494125366,-0.430217623710632,2.40685200691223,-0.1664649695158,-2.12655762988147,-4.26127586157778,-0.250353549974269
120150,0.0166681,8.60884385555983,2.91067934036255,-16.78977394104,4.11654853820801,13.4580526351929,-0.131755724549294,2.37389302253723,-0.0959693640470505,-0.70452586791722,-1.86588876915073,-1.10956610014983
120152,0.0188714,8.62771525606513,2.91067934036255,-16.78977394104,4.11654853820801,13.4580526351929,-0.131755724549294,2.37389302253723,-0.0959693640470505,-0.70452586791722,-1.86588876915073,-1.10956610014983
120156,0.0171318,8.64484705589712,-3.7662615776062,-16.1946811676025,-2.02480864524841,14.3506917953491,0.238117322325706,2.46544575691223,-0.443869769573212,-0.667673572183467,1.13095229863579,-0.462738262795443
120158,0.0172435,8.66209055669606,-3.7662615776062,-16.1946811676025,-2.02480864524841,14.3506917953491,0.238117322325706,2.46544575691223,-0.443869769573212,-0.667673572183467,1.13095229863579,-0.462738262795443
120164,0.0166665,8.6787570565939,-3.7662615776062,-16.1946811676025,-2.02480864524841,14.3506917953491,0.238117322325706,2.46544575691223,-0.443869769573212,-0.667673572183467,1.13095229863579,-0.462738262795443
120166,0.0181391,8.69689615629613,1.0103497505188,-15.9249057769775,2.41061615943909,13.9539632797241,-0.573039889335632,2.76024556159973,-0.469504535198212,-1.22454030685535,-1.22380278849995,-0.485323412021085
120170,0.0166683,8.71356445550919,1.0103497505188,-15.9249057769775,2.41061615943909,13.9539632797241,-0.573039889335632,2.76024556159973,-0.469504535198212,-1.22454030685535,-1.22380278849995,-0.485323412021085
120174,0.02111,8.734674455598,0.137547075748444,-16.8135776519775,1.41086030006409,14.5490560531616,-0.257182955741882,2.90489888191223,-0.423728168010712,-0.432110507704391,-0.150986097716039,-1.26029270580964
120176,0.0188901,8.75356455519795,0.137547075748444,-16.8135776519775,1.41086030006409,14.5490560531616,-0.257182955741882,2.90489888191223,-0.423728168010712,-0.432110507704391,-0.150986097716039,-1.26029270580964
120182,0.0166671,8.77023165486753,0.137547075748444,-16.8135776519775,1.41086030006409,14.5490560531616,-0.257182955741882,2.90489888191223,-0.423728168010712,-0.432110507704391,-0.150986097716039,-1.26029270580964
120184,0.0166665,8.78689815476537,-0.0647844672203064,-18.0989780426025,1.10934662818909,14.4498739242554,-0.150066271424294,2.82616353034973,-0.391684710979462,-0.974213945595666,-1.21916969655836,-0.121677305015659
120190,0.0166672,8.80356535501778,-0.290919721126556,-17.9997959136963,1.01016449928284,14.8227987289429,-0.0786551311612129,2.81334614753723,-0.372458636760712,-1.08623576520043,-1.41325454299856,0.283605263788154
120192,0.0234726,8.82703795470297,-0.838405072689056,-17.7538242340088,0.430940806865692,14.1285238265991,0.0293770935386419,2.64305806159973,-0.385276019573212,-0.475798170873286,-1.47970226960251,-0.93913999812719
120196,0.0170975,8.84413545392454,-0.838405072689056,-17.7538242340088,0.430940806865692,14.1285238265991,0.0293770935386419,2.64305806159973,-0.385276019573212,-0.475798170873286,-1.47970226960251,-0.93913999812719
120198,0.0177599,8.86189535446465,-0.838405072689056,-17.7538242340088,0.430940806865692,14.1285238265991,0.0293770935386419,2.64305806159973,-0.385276019573212,-0.475798170873286,-1.47970226960251,-0.93913999812719
120204,0.0166666,8.87856195494533,-0.513087689876556,-18.075174331665,0.581697642803192,13.2081136703491,0.0467721149325371,2.52495503425598,-0.353232562541962,0.0305757338916135,-1.41464622237175,-1.40283076338879
120206,0.0209929,8.89955485425889,-0.513087689876556,-18.075174331665,0.581697642803192,13.2081136703491,0.0467721149325371,2.52495503425598,-0.353232562541962,0.0305757338916135,-1.41464622237175,-1.40283076338879
120210,0.0166676,8.91622245498002,-0.640040814876556,-18.8170566558838,0.482515513896942,13.3588705062866,0.100788228213787,2.67510151863098,-0.372458636760712,0.211031355815342,-1.26426766531637,-0.891813508411841
120212,0.0172268,8.93344925530255,-0.564662396907806,-18.9916172027588,0.506319224834442,13.4580526351929,0.124591939151287,2.66869282722473,-0.366049945354462,0.102397176554573,-1.2542656477449,-0.142729996239156
120218,0.016669,8.95011825487018,-0.564662396907806,-18.9916172027588,0.506319224834442,13.4580526351929,0.124591939151287,2.66869282722473,-0.366049945354462,0.102397176554573,-1.2542656477449,-0.142729996239156
120220,0.0175849,8.96770315431058,-0.814601361751556,-18.5710849761963,0.208772838115692,13.4064779281616,0.207904919981956,2.66869282722473,-0.385276019573212,-0.225597588073501,-1.25540764680293,-0.826073357022441
120224,0.0166701,8.9843732547015,-0.862208783626556,-18.5472812652588,0.157198131084442,13.4064779281616,0.177692517638206,2.65587544441223,-0.385276019573212,-0.235053018562325,-1.27469203514184,-0.908228778052363
120226,0.0178485,9.00222175382078,-0.862208783626556,-18.5472812652588,0.157198131084442,13.4064779281616,0.177692517638206,2.65587544441223,-0.385276019573212,-0.235053018562325,-1.27469203514184,-0.908228778052363
120230,0.0166676,9.0188893545419,-0.687648236751556,-18.3211460113525,0.307954967021942,12.6368246078491,0.196003064513206,2.60369038581848,-0.398093402385712,-0.0898826150912369,-1.58093687423836,-1.06678825089092
120234,0.0181547,9.03704405389726,-0.687648236751556,-18.3211460113525,0.307954967021942,12.6368246078491,0.196003064513206,2.60369038581848,-0.398093402385712,-0.0898826150912369,-1.58093687423836,-1.06678825089092
120238,0.0170656,9.054109653458,-0.814601361751556,-17.7062168121338,0.181001842021942,11.9663534164429,0.250019192695618,2.44621968269348,-0.423728168010712,-0.454453457205241,-1.63491019905175,-0.918625568641553
120242,0.020763,9.07487265393138,-0.814601361751556,-17.7062168121338,0.181001842021942,11.9663534164429,0.250019192695618,2.44621968269348,-0.423728168010712,-0.454453457205241,-1.63491019905175,-0.918625568641553
120244,0.0174883,9.0923609547317,-0.763026654720306,-17.67844581604,0.181001842021942,11.8433675765991,0.250019192695618,2.45903706550598,-0.417319476604462,-0.467858400008579,-1.64422422602738,-0.907256874114319
120250,0.0166675,9.10902845486999,-0.739222943782806,-17.9997959136963,0.208772838115692,12.3670492172241,0.321430325508118,2.57073140144348,-0.366049945354462,-0.278800721829693,-1.40845389787437,-1.01768963809837
120252,0.0222869,9.13131535425782,-1.0129656791687,-17.7538242340088,0.00644130259752274,12.6883993148804,0.369037747383118,2.61650776863098,-0.410910785198212,-0.590628137895797,-1.59464630347781,-0.739447511117583
120256,0.0166695,9.147984854877,-0.913783490657806,-17.8768100738525,0.105623431503773,12.3908529281616,0.350727200508118,2.64305806159973,-0.410910785198212,-0.819328961934657,-1.94927054369688,-0.591703258410104
120258,0.0166656,9.16465045511723,-0.913783490657806,-17.8768100738525,0.105623431503773,12.3908529281616,0.350727200508118,2.64305806159973,-0.410910785198212,-0.819328961934657,-1.94927054369688,-0.591703258410104
120264,0.0166729,9.1813233550638,-0.814601361751556,-17.80539894104,0.157198131084442,12.8113851547241,0.369037747383118,2.74101948738098,-0.423728168010712,-1.05460472243189,-1.95025260805971,-0.457547790264557
120266,0.0187388,9.20006215572357,-0.862208783626556,-17.853006362915,0.157198131084442,12.9621419906616,0.404743313789368,2.72820210456848,-0.410910785198212,-1.05295431890135,-2.05674805914932,-0.533970400228792
120270,0.0166686,9.21673075482249,-0.862208783626556,-17.853006362915,0.157198131084442,12.9621419906616,0.404743313789368,2.72820210456848,-0.410910785198212,-1.05295431890135,-2.05674805914932,-0.533970400228792
120272,0.0166669,9.23339765518904,-0.612269818782806,-17.9759922027588,0.430940806865692,12.9105672836304,0.345234036445618,2.72087788581848,-0.404502093791962,0,0,0
120278,0.0166669,9.25006455555558,-0.564662396907806,-17.67844581604,0.355562388896942,12.5892171859741,0.357135891914368,2.69524312019348,-0.423728168010712,0,0,0
120282,0.0195731,9.2696376554668,-0.413905560970306,-17.853006362915,0.633272349834442,12.8629598617554,0.321430325508118,2.75383687019348,-0.385276019573212,0,0,0
120284,0.017746,9.28738365508616,-0.263148725032806,-17.6546421051025,0.708650767803192,12.0933065414429,0.303119778633118,2.66228413581848,-0.404502093791962,0,0,0
120290,0.0205566,9.30794025585055,-0.362330853939056,-17.67844581604,0.657076060771942,12.2916707992554,0.291217923164368,2.76024556159973,-0.404502093791962,0,0,0
120292,0.0221352,9.3300754558295,0.0343976616859436,-17.9045810699463,0.982393443584442,12.2916707992554,0.285724759101868,2.77397847175598,-0.378867328166962,0,0,0
120296,0.0166669,9.34674235619605,0.0343976616859436,-17.9045810699463,0.982393443584442,12.2916707992554,0.285724759101868,2.77397847175598,-0.378867328166962,0,0,0
120300,0.019016,9.36575835570693,0.137547075748444,-17.5792636871338,1.05777192115784,12.0179281234741,0.273822903633118,2.76665425300598,-0.372458636760712,0,0,0
120302,0.0166687,9.38242705538869,0.911167681217194,-17.9045810699463,1.88693451881409,12.6368246078491,0.214313611388206,2.87834858894348,-0.24428479373455,0,0,0
120304,0.0166669,9.39909395575523,0.911167681217194,-17.9045810699463,1.88693451881409,12.6368246078491,0.214313611388206,2.87834858894348,-0.24428479373455,0,0,0
120308,0.0166709,9.41576485522091,0.911167681217194,-17.9045810699463,1.88693451881409,12.6368246078491,0.214313611388206,2.87834858894348,-0.24428479373455,0,0,0
120312,0.0166636,9.43242845498025,1.1849102973938,-17.80539894104,2.21225190162659,11.7441854476929,0.148395642638206,2.79320454597473,-0.0446998327970505,0,0,0
120314,0.0166711,9.44909955561161,1.1849102973938,-17.80539894104,2.21225190162659,11.7441854476929,0.148395642638206,2.79320454597473,-0.0446998327970505,0,0,0
120320,0.0166628,9.46576235629618,0.911167681217194,-17.6070346832275,1.96231293678284,11.4228353500366,0.172199353575706,2.79961323738098,0.0715721398591995,0,0,0
120324,0.0166667,9.48242905549705,0.486668169498444,-17.67844581604,1.66079926490784,11.7203817367554,0.250019192695618,2.78038716316223,0.263832867145538,0,0,0
120326,0.0166659,9.49909495562315,0.486668169498444,-17.67844581604,1.66079926490784,11.7203817367554,0.250019192695618,2.78038716316223,0.263832867145538,0,0,0
120330,0.0166731,9.51576805487275,0.712803423404694,-18.24973487854,1.85916352272034,12.5138387680054,0.326923489570618,2.91771626472473,0.289467632770538,0,0,0
120332,0.0232932,9.53906125575304,0.712803423404694,-18.24973487854,1.85916352272034,12.5138387680054,0.326923489570618,2.91771626472473,0.289467632770538,0,0,0
120338,0.016671,9.55573225580156,0.661228716373444,-18.297342300415,1.85916352272034,12.3670492172241,0.416645169258118,2.84538960456848,0.322426617145538,0,0,0
120342,0.0166629,9.57239515520632,0.661228716373444,-18.297342300415,1.85916352272034,12.3670492172241,0.416645169258118,2.84538960456848,0.322426617145538,0,0,0
120344,0.0215682,9.59396335482597,0.109776079654694,-17.7062168121338,1.30771088600159,12.0179281234741,0.357135891914368,2.86553120613098,0.2125633507967,0,0,0
120350,0.0281927,9.62215605564415,0.0621686577796936,-18.02756690979,1.30771088600159,12.1924886703491,0.547565579414368,2.87193989753723,0.302285015583038,0,0,0
120354,0.0166683,9.63882435485721,0.0621686577796936,-18.02756690979,1.30771088600159,12.1924886703491,0.547565579414368,2.87193989753723,0.302285015583038,0,0,0
120356,0.0169721,9.65579645521939,0.510471880435944,-17.80539894104,1.78378510475159,12.0417318344116,0.589679837226868,2.82616353034973,0.348061382770538,0,0,0
120362,0.0166678,9.67246425524354,0.510471880435944,-17.80539894104,1.78378510475159,12.0417318344116,0.589679837226868,2.82616353034973,0.348061382770538,0,0,0
120364,0.016666,9.68913025595248,0.736607134342194,-17.5792636871338,1.93454194068909,11.8949422836304,0.756305813789368,2.81334614753723,0.309609234333038,0,0,0
120368,0.0166683,9.70579855516553,0.736607134342194,-17.5792636871338,1.93454194068909,11.8949422836304,0.756305813789368,2.81334614753723,0.309609234333038,0,0,0
120372,0.0166669,9.72246545553207,-1.06454038619995,-16.6667881011963,0.430940806865692,12.2400960922241,0.350727200508118,2.93694233894348,0.0715721398591995,0,0,0
120376,0.0212593,9.74372475594282,-1.06454038619995,-16.6667881011963,0.430940806865692,12.2400960922241,0.350727200508118,2.93694233894348,0.0715721398591995,0,0,0
120378,0.0189901,9.76271485537291,0.462864458560944,-17.2856845855713,1.73617768287659,11.5458211898804,0.934833645820618,2.74742817878723,0.405739605426788,0,0,0
120384,0.0166679,9.7793827559799,-4.56368589401245,-16.2938632965088,-3.07613921165466,12.8867635726929,1.37611782550812,2.85179829597473,0.2381981164217,0,0,0
120386,0.0229721,9.80235485546291,-4.56368589401245,-16.2938632965088,-3.07613921165466,12.8867635726929,1.37611782550812,2.85179829597473,0.2381981164217,0,0,0
120390,0.0166685,9.81902335584164,1.58560609817505,-16.7143955230713,2.93826508522034,10.7523641586304,0.827716946601868,2.48558735847473,0.418556988239288,0,0,0
120392,0.0166658,9.8356891553849,1.58560609817505,-16.7143955230713,2.93826508522034,10.7523641586304,0.827716946601868,2.48558735847473,0.418556988239288,0,0,0
120398,0.0166687,9.85235785506666,-3.04024839401245,-16.0716953277588,-1.44558501243591,12.6368246078491,0.732502102851868,3.01567769050598,0.0972069054841995,0,0,0
120400,0.0166643,9.86902215518057,-3.04024839401245,-16.0716953277588,-1.44558501243591,12.6368246078491,0.732502102851868,3.01567769050598,0.0972069054841995,0,0,0
120404,0.0172342,9.88625635579228,3.23599672317505,-17.0357456207275,4.29110908508301,10.9745321273804,0.207904919981956,2.87193989753723,0.412148296833038,0,0,0
120408,0.0204836,9.90673995576799,3.23599672317505,-17.0357456207275,4.29110908508301,10.9745321273804,0.207904919981956,2.87193989753723,0.412148296833038,0,0,0
120412,0.0166675,9.92340745590627,3.23599672317505,-17.0357456207275,4.29110908508301,10.9745321273804,0.207904919981956,2.87193989753723,0.412148296833038,0,0,0
120414,0.0180278,9.94143525511026,1.6609845161438,-16.7659702301025,2.73990082740784,11.7441854476929,0.642780423164368,2.84538960456848,0.412148296833038,0,0,0
120420,0.0166674,9.95810265466571,1.58560609817505,-16.8651523590088,2.61294770240784,11.7679891586304,0.410236477851868,2.88475728034973,0.405739605426788,0,0,0
120424,0.0198999,9.97800255380571,-0.263148725032806,-16.6667881011963,0.907015025615692,12.0655355453491,0.887226223945618,3.04863667488098,0.322426617145538,0,0,0
120426,0.020701,9.99870355427265,-0.314723432064056,-16.2700595855713,0.807832896709442,11.5696249008179,0.893634915351868,2.65587544441223,0.399330914020538,0,0,0
120430,0.0166677,10.015371253714,-0.314723432064056,-16.2700595855713,0.807832896709442,11.5696249008179,0.893634915351868,2.65587544441223,0.399330914020538,0,0,0
120432,0.0166665,10.0320377536118,1.4626202583313,-16.5914096832275,2.53756928443909,11.3474569320679,0.744403958320618,2.81975483894348,0.424965679645538,0,0,0
120438,0.0166684,10.0487061534077,0.335911333560944,-16.34543800354,1.51004242897034,11.9425497055054,0.922931790351868,2.85179829597473,0.380104839801788,0,0,0
120440,0.0170525,10.0657586529851,0.335911333560944,-16.34543800354,1.51004242897034,11.9425497055054,0.922931790351868,2.85179829597473,0.380104839801788,0,0,0
120442,0.0166668,10.0824254527688,-1.0129656791687,-16.2700595855713,0.208772838115692,11.8195638656616,0.708698391914368,3.00286030769348,0.2125633507967,0,0,0
120446,0.0166667,10.0990921519697,-0.163966596126556,-16.4922275543213,0.982393443584442,12.4146566390991,0.899128079414368,2.80602192878723,0.431374371051788,0,0,0
120448,0.016667,10.1157591510564,-0.163966596126556,-16.4922275543213,0.982393443584442,12.4146566390991,0.899128079414368,2.80602192878723,0.431374371051788,0,0,0
120452,0.0166674,10.1324265506119,0.161350786685944,-16.5438022613525,1.26010346412659,11.5220174789429,0.815815091133118,2.84538960456848,0.373696148395538,0,0,0
120456,0.0166784,10.1491049509496,0.161350786685944,-16.5438022613525,1.26010346412659,11.5220174789429,0.815815091133118,2.84538960456848,0.373696148395538,0,0,0
120458,0.0166676,10.1657725516707,-0.0885881781578064,-16.2462558746338,1.01016449928284,10.8515462875366,0.792011380195618,2.70806050300598,0.316017925739288,0,0,0
120462,0.0166664,10.1824389509857,0.212925493717194,-16.393045425415,1.33548188209534,10.9745321273804,0.803913235664368,2.88475728034973,0.373696148395538,0,0,0
120464,0.016667,10.1991059500724,0.212925493717194,-16.393045425415,1.33548188209534,10.9745321273804,0.803913235664368,2.88475728034973,0.373696148395538,0,0,0
120470,0.0166671,10.215773049742,-0.0370134711265564,-16.9127597808838,1.05777192115784,11.5696249008179,0.768207669258118,2.89849019050598,0.335243999958038,0,0,0
120472,0.0166701,10.2324431501329,-0.0370134711265564,-16.9127597808838,1.05777192115784,11.5696249008179,0.768207669258118,2.89849019050598,0.335243999958038,0,0,0
120476,0.0166676,10.249110750854,-0.0647844672203064,-16.964334487915,1.08554291725159,11.3712606430054,0.708698391914368,2.89849019050598,0.295876324176788,0,0,0
120478,0.0166674,10.2657781504095,0.359715044498444,-16.4168491363525,1.43466401100159,10.8991537094116,0.666584134101868,2.87834858894348,0.348061382770538,0,0,0
120484,0.0166667,10.2824448496103,0.161350786685944,-16.3692417144775,1.20852875709534,11.0975179672241,0.714191555976868,2.84538960456848,0.348061382770538,0,0,0
120488,0.0181873,10.3006321489811,0.137547075748444,-16.56760597229,1.16092133522034,11.0737142562866,0.714191555976868,2.86553120613098,0.328835308551788,0,0,0
120492,0.0191379,10.3197700493038,0.284336626529694,-16.7659702301025,1.30771088600159,10.7007894515991,0.696796536445618,2.83257222175598,0.348061382770538,0,0,0
120494,0.0192398,10.3390098493546,0.284336626529694,-16.7659702301025,1.30771088600159,10.7007894515991,0.696796536445618,2.83257222175598,0.348061382770538,0,0,0
120498,0.0166675,10.3556773494929,0.137547075748444,-17.01194190979,1.18472504615784,11.0499105453491,0.727008938789368,2.92412495613098,0.367287456989288,0,0,0
120500,0.0176359,10.3733132500201,0.137547075748444,-16.9881381988525,1.13315033912659,10.9745321273804,0.732502102851868,2.89116597175598,0.354470074176788,0,0,0
120506,0.0166688,10.3899820502847,0.137547075748444,-16.9127597808838,1.13315033912659,10.7999715805054,0.714191555976868,2.91771626472473,0.367287456989288,0,0,0
120508,0.0169846,10.4069666508585,0.260532915592194,-17.0635166168213,1.20852875709534,10.9507284164429,0.708698391914368,2.92412495613098,0.335243999958038,0,0,0
120510,0.0166686,10.4236352499574,0.260532915592194,-17.0635166168213,1.20852875709534,10.9507284164429,0.708698391914368,2.92412495613098,0.335243999958038,0,0,0
120514,0.0166738,10.4403090495616,0.260532915592194,-17.0635166168213,1.20852875709534,10.9507284164429,0.708698391914368,2.92412495613098,0.335243999958038,0,0,0
120516,0.0166678,10.4569768495858,0.284336626529694,-16.4684238433838,1.18472504615784,10.2802572250366,0.732502102851868,2.81975483894348,0.360878765583038,0,0,0
120520,0.0166666,10.4736434500664,0.284336626529694,-16.4684238433838,1.18472504615784,10.2802572250366,0.732502102851868,2.81975483894348,0.360878765583038,0,0,0
120524,0.0166666,10.4903100505471,0.284336626529694,-16.4684238433838,1.18472504615784,10.2802572250366,0.732502102851868,2.81975483894348,0.360878765583038,0,0,0
120528,0.0166666,10.5069766510278,0.137547075748444,-16.7381992340088,1.03396821022034,10.2524862289429,0.744403958320618,2.88475728034973,0.367287456989288,0,0,0
120532,0.0166663,10.5236429516226,0.137547075748444,-16.7381992340088,1.03396821022034,10.2524862289429,0.744403958320618,2.88475728034973,0.367287456989288,0,0,0
120536,0.0184282,10.5420711524785,0.212925493717194,-16.56760597229,1.08554291725159,10.2802572250366,0.720600247383118,2.89116597175598,0.354470074176788,0,0,0
120538,0.0261257,10.5681968517601,0.185154497623444,-16.7659702301025,1.13315033912659,10.1810750961304,0.720600247383118,2.89116597175598,0.309609234333038,0,0,0
120544,0.016673,10.5848698522896,0.137547075748444,-17.0635166168213,0.982393443584442,10.4270467758179,0.744403958320618,2.93053364753723,0.309609234333038,0,0,0
120546,0.0166612,10.6015310529619,0.462864458560944,-16.4168491363525,1.35928559303284,9.38365077972412,0.702289700508118,2.76665425300598,0.341652691364288,0,0,0
120550,0.0166678,10.6181988529861,0.462864458560944,-16.4168491363525,1.35928559303284,9.38365077972412,0.702289700508118,2.76665425300598,0.341652691364288,0,0,0
120552,0.0166671,10.6348659526557,0.335911333560944,-16.4684238433838,1.18472504615784,9.35984706878662,0.690387845039368,2.82616353034973,0.341652691364288,0,0,0
120556,0.0166679,10.6515338532627,-0.0370134711265564,-16.8651523590088,0.807832896709442,9.65739345550537,0.732502102851868,2.90489888191223,0.354470074176788,0,0,0
120560,0.0166645,10.6681983526796,-0.0370134711265564,-16.8651523590088,0.807832896709442,9.65739345550537,0.732502102851868,2.90489888191223,0.354470074176788,0,0,0
120564,0.0166695,10.6848678532988,0.0859723687171936,-17.01194190979,0.859407603740692,9.01072597503662,0.768207669258118,2.80602192878723,0.360878765583038,0,0,0
120568,0.0172774,10.7021452523768,0.0859723687171936,-17.01194190979,0.859407603740692,9.01072597503662,0.768207669258118,2.80602192878723,0.360878765583038,0,0,0
120572,0.0183269,10.7204721532762,0.185154497623444,-17.408670425415,0.958589732646942,8.96311855316162,0.702289700508118,2.83898091316223,0.380104839801788,0,0,0
120574,0.017362,10.7378341536969,0.185154497623444,-17.408670425415,0.958589732646942,8.96311855316162,0.702289700508118,2.83898091316223,0.380104839801788,0,0,0
120578,0.0166681,10.7545022536069,0.335911333560944,-16.7381992340088,1.13315033912659,8.41563320159912,0.666584134101868,2.72820210456848,0.348061382770538,0,0,0
120580,0.016759,10.7712612543255,0.359715044498444,-17.2103061676025,1.16092133522034,8.74095058441162,0.630878567695618,2.84538960456848,0.354470074176788,0,0,0
120586,0.0166677,10.7879289537668,0.359715044498444,-17.2103061676025,1.16092133522034,8.74095058441162,0.630878567695618,2.84538960456848,0.354470074176788,0,0,0
120588,0.018533,10.8064619544894,0.260532915592194,-17.3570957183838,1.05777192115784,8.34025478363037,0.630878567695618,2.87193989753723,0.360878765583038,0,0,0
120592,0.0166672,10.8231291547418,0.260532915592194,-17.3570957183838,1.05777192115784,8.34025478363037,0.630878567695618,2.87193989753723,0.360878765583038,0,0,0
120594,0.0181342,10.8412633538246,0.260532915592194,-17.3570957183838,1.05777192115784,8.34025478363037,0.630878567695618,2.87193989753723,0.360878765583038,0,0,0
120598,0.0166671,10.8579304534942,0.212925493717194,-18.0513706207275,0.982393443584442,8.24107265472412,0.625385403633118,2.91771626472473,0.380104839801788,0,0,0
120602,0.0191025,10.8770329542458,0.212925493717194,-18.0513706207275,0.982393443584442,8.24107265472412,0.625385403633118,2.91771626472473,0.380104839801788,0,0,0
120606,0.0166674,10.8937003538013,0.137547075748444,-17.853006362915,0.883211314678192,8.07047939300537,0.642780423164368,2.76665425300598,0.373696148395538,0,0,0
120610,0.0188582,10.9125585537404,0.137547075748444,-17.853006362915,0.883211314678192,8.07047939300537,0.642780423164368,2.76665425300598,0.373696148395538,0,0,0
120612,0.0209971,10.9335556533188,0.0859723687171936,-17.7776279449463,0.831636607646942,7.97129726409912,0.642780423164368,2.79961323738098,0.367287456989288,0,0,0
120618,0.0166682,10.9502238538116,0.0859723687171936,-17.8768100738525,0.934786021709442,8.31645107269287,0.613483548164368,2.95708394050598,0.399330914020538,0,0,0
120620,0.0171429,10.9673667531461,0.0859723687171936,-17.8768100738525,0.934786021709442,8.31645107269287,0.613483548164368,2.95708394050598,0.399330914020538,0,0,0
120624,0.017689,10.9850557539612,-0.112391889095306,-17.9045810699463,0.784029185771942,7.69755458831787,0.613483548164368,2.85912251472473,0.386513531208038,0,0,0
120626,0.0188334,11.0038891546428,-0.112391889095306,-17.9045810699463,0.784029185771942,7.69755458831787,0.613483548164368,2.85912251472473,0.386513531208038,0,0,0
120632,0.0166679,11.0205570552498,-0.0370134711265564,-17.6546421051025,0.732454478740692,7.44761562347412,0.607074856758118,2.82616353034973,0.380104839801788,0,0,0
120634,0.0178217,11.0383787546307,-0.413905560970306,-17.9759922027588,0.581697642803192,10.8237752914429,0.732502102851868,3.05504536628723,0.399330914020538,0,0,0
120636,0.0166684,11.0550471544266,-0.413905560970306,-17.9759922027588,0.581697642803192,10.8237752914429,0.732502102851868,3.05504536628723,0.399330914020538,0,0,0
120640,0.0166669,11.0717140547931,-0.413905560970306,-17.9759922027588,0.581697642803192,10.8237752914429,0.732502102851868,3.05504536628723,0.399330914020538,0,0,0
120642,0.0166669,11.0883809551597,-0.413905560970306,-17.9759922027588,0.581697642803192,10.8237752914429,0.732502102851868,3.05504536628723,0.399330914020538,0,0,0
120646,0.0166678,11.1050487551838,-0.413905560970306,-17.9759922027588,0.581697642803192,10.8237752914429,0.732502102851868,3.05504536628723,0.399330914020538,0,0,0
120650,0.0166657,11.1217144560069,-0.413905560970306,-17.9759922027588,0.581697642803192,10.8237752914429,0.732502102851868,3.05504536628723,0.399330914020538,0,0,0
120654,0.0166669,11.1383813563734,-0.413905560970306,-17.9759922027588,0.581697642803192,10.8237752914429,0.732502102851868,3.05504536628723,0.399330914020538,0,0,0
120656,0.0166656,11.1550469566137,-0.413905560970306,-17.9759922027588,0.581697642803192,10.8237752914429,0.732502102851868,3.05504536628723,0.399330914020538,0,0,0
120662,0.0166683,11.1717152558267,-0.413905560970306,-17.9759922027588,0.581697642803192,10.8237752914429,0.732502102851868,3.05504536628723,0.399330914020538,0,0,0
120664,0.0211273,11.1928425561637,-0.413905560970306,-17.9759922027588,0.581697642803192,10.8237752914429,0.732502102851868,3.05504536628723,0.399330914020538,0,0,0
120670,0.0166681,11.2095106560737,-0.413905560970306,-17.9759922027588,0.581697642803192,10.8237752914429,0.732502102851868,3.05504536628723,0.399330914020538,0,0,0
120672,0.0171273,11.226637955755,0.137547075748444,-17.2856845855713,0.581697642803192,7.54679775238037,0.416645169258118,2.62932515144348,0.1356590539217,0,0,0
120676,0.0166689,11.2433068566024,0.137547075748444,-17.2856845855713,0.581697642803192,7.54679775238037,0.416645169258118,2.62932515144348,0.1356590539217,0,0,0
120678,0.0195763,11.262883156538,0.0621686577796936,-16.9881381988525,0.458711802959442,7.64597988128662,0.428547024726868,2.60369038581848,0.12925036251545,0,0,0
120684,0.016667,11.2795501556247,-0.965358197689056,-16.8889560699463,-0.394254505634308,8.98692226409912,0.589679837226868,2.87193989753723,0.1484764367342,0,0,0
120686,0.0171361,11.2966862563044,-0.965358197689056,-16.8889560699463,-0.394254505634308,8.98692226409912,0.589679837226868,2.87193989753723,0.1484764367342,0,0,0
120690,0.016667,11.3133532553911,-1.1161150932312,-16.6429843902588,-0.445829212665558,9.11387538909912,0.637287259101868,2.89116597175598,0.0779808312654495,0,0,0
120692,0.0194202,11.3327734544873,-1.1161150932312,-16.6429843902588,-0.445829212665558,9.11387538909912,0.637287259101868,2.89116597175598,0.0779808312654495,0,0,0
120696,0.0166694,11.3494428545237,-1.1161150932312,-16.6429843902588,-0.445829212665558,9.11387538909912,0.637287259101868,2.89116597175598,0.0779808312654495,0,0,0
120700,0.0166658,11.3661086540669,-1.1161150932312,-16.6429843902588,-0.445829212665558,9.11387538909912,0.637287259101868,2.89116597175598,0.0779808312654495,0,0,0
120704,0.0166672,11.3827758543193,-1.1161150932312,-16.6429843902588,-0.445829212665558,9.11387538909912,0.637287259101868,2.89116597175598,0.0779808312654495,0,0,0
120706,0.0203331,11.4031089544296,-1.1161150932312,-16.6429843902588,-0.445829212665558,9.11387538909912,0.637287259101868,2.89116597175598,0.0779808312654495,0,0,0
120710,0.0166674,11.4197763539851,-1.1161150932312,-16.6429843902588,-0.445829212665558,9.11387538909912,0.637287259101868,2.89116597175598,0.0779808312654495,0,0,0
120712,0.0166668,11.4364431537688,-1.1161150932312,-16.6429843902588,-0.445829212665558,9.11387538909912,0.637287259101868,2.89116597175598,0.0779808312654495,0,0,0
120718,0.0166673,11.453110454604,-1.1161150932312,-16.6429843902588,-0.445829212665558,9.11387538909912,0.637287259101868,2.89116597175598,0.0779808312654495,0,0,0
120720,0.0166658,11.4697762541473,-1.1161150932312,-16.6429843902588,-0.445829212665558,9.11387538909912,0.637287259101868,2.89116597175598,0.0779808312654495,0,0,0
120724,0.0166675,11.4864437542856,-0.0647844672203064,-16.837381362915,0.355562388896942,8.98692226409912,0.464252591133118,2.73461079597473,0.15488512814045,0,0,0
120726,0.0188684,11.5053121540695,-0.0647844672203064,-16.837381362915,0.355562388896942,8.98692226409912,0.464252591133118,2.73461079597473,0.15488512814045,0,0,0
120732,0.0172575,11.5225696545094,-0.0647844672203064,-16.837381362915,0.355562388896942,8.98692226409912,0.464252591133118,2.73461079597473,0.15488512814045,0,0,0
120734,0.016966,11.5395356547087,-0.0647844672203064,-16.837381362915,0.355562388896942,8.98692226409912,0.464252591133118,2.73461079597473,0.15488512814045,0,0,0
120738,0.0171025,11.5566381551325,-0.0647844672203064,-16.837381362915,0.355562388896942,8.98692226409912,0.464252591133118,2.73461079597473,0.15488512814045,0,0,0
120740,0.0183628,11.5750009547919,-0.0647844672203064,-16.837381362915,0.355562388896942,8.98692226409912,0.464252591133118,2.73461079597473,0.15488512814045,0,0,0
120746,0.0166675,11.5916684549302,-0.0647844672203064,-16.837381362915,0.355562388896942,8.98692226409912,0.464252591133118,2.73461079597473,0.15488512814045,0,0,0
120750,0.0200173,11.6116857547313,-0.0647844672203064,-16.837381362915,0.355562388896942,8.98692226409912,0.464252591133118,2.73461079597473,0.15488512814045,0,0,0
120752,0.0177729,11.6294586546719,-0.0647844672203064,-16.837381362915,0.355562388896942,8.98692226409912,0.464252591133118,2.73461079597473,0.15488512814045,0,0,0
120756,0.0166675,11.6461261548102,-0.0647844672203064,-16.837381362915,0.355562388896942,8.98692226409912,0.464252591133118,2.73461079597473,0.15488512814045,0,0,0
120758,0.0166681,11.6627942547202,-0.0647844672203064,-16.837381362915,0.355562388896942,8.98692226409912,0.464252591133118,2.73461079597473,0.15488512814045,0,0,0
120764,0.0186035,11.681397754699,-0.0647844672203064,-16.837381362915,0.355562388896942,8.98692226409912,0.464252591133118,2.73461079597473,0.15488512814045,0,0,0
120766,0.018365,11.6997627541423,-0.0647844672203064,-16.837381362915,0.355562388896942,8.98692226409912,0.464252591133118,2.73461079597473,0.15488512814045,0,0,0
120770,0.0166683,11.7164310533553,-0.0647844672203064,-16.837381362915,0.355562388896942,8.98692226409912,0.464252591133118,2.73461079597473,0.15488512814045,0,0,0
120774,0.0207529,11.7371839527041,-0.0647844672203064,-16.837381362915,0.355562388896942,8.98692226409912,0.464252591133118,2.73461079597473,0.15488512814045,0,0,0
120778,0.0166668,11.7538507524878,-0.0647844672203064,-16.837381362915,0.355562388896942,8.98692226409912,0.464252591133118,2.73461079597473,0.15488512814045,0,0,0
120780,0.0188045,11.7726552523673,-0.0647844672203064,-16.837381362915,0.355562388896942,8.98692226409912,0.464252591133118,2.73461079597473,0.15488512814045,0,0,0
120784,0.0166672,11.7893224526197,-0.0647844672203064,-16.837381362915,0.355562388896942,8.98692226409912,0.464252591133118,2.73461079597473,0.15488512814045,0,0,0
120788,0.0177067,11.807029152289,-0.0647844672203064,-16.837381362915,0.355562388896942,8.98692226409912,0.464252591133118,2.73461079597473,0.15488512814045,0,0,0
120792,0.016667,11.8236961513758,-0.0647844672203064,-16.837381362915,0.355562388896942,8.98692226409912,0.464252591133118,2.73461079597473,0.15488512814045,0,0,0
120794,0.0166665,11.8403626512736,-0.0647844672203064,-16.837381362915,0.355562388896942,8.98692226409912,0.464252591133118,2.73461079597473,0.15488512814045,0,0,0
120798,0.0166824,11.8570450507104,-0.0647844672203064,-16.837381362915,0.355562388896942,8.98692226409912,0.464252591133118,2.73461079597473,0.15488512814045,0,0,0
120800,0.0168441,11.873889150098,-0.0647844672203064,-16.837381362915,0.355562388896942,8.98692226409912,0.464252591133118,2.73461079597473,0.15488512814045,0,0,0
120806,0.0166669,11.8905560504645,-0.0647844672203064,-16.837381362915,0.355562388896942,8.98692226409912,0.464252591133118,2.73461079597473,0.15488512814045,0,0,0
120808,0.0183905,11.9089465513825,-0.0647844672203064,-16.837381362915,0.355562388896942,8.98692226409912,0.464252591133118,2.73461079597473,0.15488512814045,0,0,0
120812,0.0166674,11.925613950938,-0.0647844672203064,-16.837381362915,0.355562388896942,8.98692226409912,0.464252591133118,2.73461079597473,0.15488512814045,0,0,0
120816,0.0195971,11.9452110510319,-0.0647844672203064,-16.837381362915,0.355562388896942,8.98692226409912,0.464252591133118,2.73461079597473,0.15488512814045,0,0,0
120820,0.0167019,11.9619129505008,-0.0647844672203064,-16.837381362915,0.355562388896942,8.98692226409912,0.464252591133118,2.73461079597473,0.15488512814045,0,0,0
120824,0.020341,11.9822539500892,-0.0647844672203064,-16.837381362915,0.355562388896942,8.98692226409912,0.464252591133118,2.73461079597473,0.15488512814045,0,0,0
120826,0.0205085,12.0027624499053,-0.0647844672203064,-16.837381362915,0.355562388896942,8.98692226409912,0.464252591133118,2.73461079597473,0.15488512814045,0,0,0
120832,0.0166683,12.0194307491183,-0.0647844672203064,-16.837381362915,0.355562388896942,8.98692226409912,0.464252591133118,2.73461079597473,0.15488512814045,0,0,0
120834,0.0180183,12.0374490488321,-0.0647844672203064,-16.837381362915,0.355562388896942,8.98692226409912,0.464252591133118,2.73461079597473,0.15488512814045,0,0,0
120836,0.0166683,12.0541173480451,-0.0647844672203064,-16.837381362915,0.355562388896942,8.98692226409912,0.464252591133118,2.73461079597473,0.15488512814045,0,0,0
120840,0.0166669,12.0707842484117,-0.0647844672203064,-16.837381362915,0.355562388896942,8.98692226409912,0.464252591133118,2.73461079597473,0.15488512814045,0,0,0
120842,0.016668,12.0874522477388,-0.0647844672203064,-16.837381362915,0.355562388896942,8.98692226409912,0.464252591133118,2.73461079597473,0.15488512814045,0,0,0
120846,0.0166664,12.1041186470538,-0.0647844672203064,-16.837381362915,0.355562388896942,8.98692226409912,0.464252591133118,2.73461079597473,0.15488512814045,0,0,0
120850,0.0166669,12.1207855474204,-0.0647844672203064,-16.837381362915,0.355562388896942,8.98692226409912,0.464252591133118,2.73461079597473,0.15488512814045,0,0,0
120852,0.0166669,12.1374524477869,-0.0647844672203064,-16.837381362915,0.355562388896942,8.98692226409912,0.464252591133118,2.73461079597473,0.15488512814045,0,0,0
120856,0.0166668,12.1541192475706,-0.0647844672203064,-16.837381362915,0.355562388896942,8.98692226409912,0.464252591133118,2.73461079597473,0.15488512814045,0,0,0
120860,0.016666,12.1707852482796,-0.0647844672203064,-16.837381362915,0.355562388896942,8.98692226409912,0.464252591133118,2.73461079597473,0.15488512814045,0,0,0
120864,0.0166679,12.1874531488866,-0.0647844672203064,-16.837381362915,0.355562388896942,8.98692226409912,0.464252591133118,2.73461079597473,0.15488512814045,0,0,0
120866,0.0166666,12.2041197493672,-0.0647844672203064,-16.837381362915,0.355562388896942,8.98692226409912,0.464252591133118,2.73461079597473,0.15488512814045,0,0,0
120870,0.0166668,12.2207865491509,-0.0647844672203064,-16.837381362915,0.355562388896942,8.98692226409912,0.464252591133118,2.73461079597473,0.15488512814045,0,0,0
120872,0.0166681,12.237454649061,-0.0647844672203064,-16.837381362915,0.355562388896942,8.98692226409912,0.464252591133118,2.73461079597473,0.15488512814045,0,0,0
120876,0.0166664,12.254121048376,-0.0647844672203064,-16.837381362915,0.355562388896942,8.98692226409912,0.464252591133118,2.73461079597473,0.15488512814045,0,0,0
120880,0.016666,12.2707870490849,-0.0647844672203064,-16.837381362915,0.355562388896942,8.98692226409912,0.464252591133118,2.73461079597473,0.15488512814045,0,0,0
120884,0.0166677,12.2874547485262,-0.0647844672203064,-16.837381362915,0.355562388896942,8.98692226409912,0.464252591133118,2.73461079597473,0.15488512814045,0,0,0
120886,0.0166671,12.3041218481958,-0.0647844672203064,-16.837381362915,0.355562388896942,8.98692226409912,0.464252591133118,2.73461079597473,0.15488512814045,0,0,0
120890,0.0166664,12.3207882475108,-0.0647844672203064,-16.837381362915,0.355562388896942,8.98692226409912,0.464252591133118,2.73461079597473,0.15488512814045,0,0,0
120892,0.0166662,12.3374544475228,-0.0647844672203064,-16.837381362915,0.355562388896942,8.98692226409912,0.464252591133118,2.73461079597473,0.15488512814045,0,0,0
120898,0.0166673,12.354121748358,-0.0647844672203064,-16.837381362915,0.355562388896942,8.98692226409912,0.464252591133118,2.73461079597473,0.15488512814045,0,0,0
120900,0.0166656,12.3707873485982,-0.0647844672203064,-16.837381362915,0.355562388896942,8.98692226409912,0.464252591133118,2.73461079597473,0.15488512814045,0,0,0
120904,0.0166693,12.3874566480517,-0.0647844672203064,-16.837381362915,0.355562388896942,8.98692226409912,0.464252591133118,2.73461079597473,0.15488512814045,0,0,0
120906,0.0166643,12.4041209481657,-0.0647844672203064,-16.837381362915,0.355562388896942,8.98692226409912,0.464252591133118,2.73461079597473,0.15488512814045,0,0,0
120912,0.0166679,12.4207888487726,-0.0647844672203064,-16.837381362915,0.355562388896942,8.98692226409912,0.464252591133118,2.73461079597473,0.15488512814045,0,0,0
120914,0.0188673,12.439656149596,-0.0647844672203064,-16.837381362915,0.355562388896942,8.98692226409912,0.464252591133118,2.73461079597473,0.15488512814045,0,0,0
120918,0.0166675,12.4563236497343,-0.0647844672203064,-16.837381362915,0.355562388896942,8.98692226409912,0.464252591133118,2.73461079597473,0.15488512814045,0,0,0
120920,0.0169636,12.473287248984,-0.0647844672203064,-16.837381362915,0.355562388896942,8.98692226409912,0.464252591133118,2.73461079597473,0.15488512814045,0,0,0
120926,0.0167772,12.4900644496083,-0.0647844672203064,-16.837381362915,0.355562388896942,8.98692226409912,0.464252591133118,2.73461079597473,0.15488512814045,0,0,0
120930,0.0209955,12.5110599491745,-0.0647844672203064,-16.837381362915,0.355562388896942,8.98692226409912,0.464252591133118,2.73461079597473,0.15488512814045,0,0,0
120932,0.0202819,12.531341848895,-0.0647844672203064,-16.837381362915,0.355562388896942,8.98692226409912,0.464252591133118,2.73461079597473,0.15488512814045,0,0,0
120938,0.0166707,12.5480125490576,-0.0647844672203064,-16.837381362915,0.355562388896942,8.98692226409912,0.464252591133118,2.73461079597473,0.15488512814045,0,0,0
120940,0.0212891,12.5693016499281,-0.0647844672203064,-16.837381362915,0.355562388896942,8.98692226409912,0.464252591133118,2.73461079597473,0.15488512814045,0,0,0
120944,0.0166678,12.5859694499522,-0.0647844672203064,-16.837381362915,0.355562388896942,8.98692226409912,0.464252591133118,2.73461079597473,0.15488512814045,0,0,0
120946,0.0170368,12.6030062492937,-0.0647844672203064,-16.837381362915,0.355562388896942,8.98692226409912,0.464252591133118,2.73461079597473,0.15488512814045,0,0,0
120952,0.0166677,12.619673948735,-0.0647844672203064,-16.837381362915,0.355562388896942,8.98692226409912,0.464252591133118,2.73461079597473,0.15488512814045,0,0,0
120958,0.0322767,12.6519506499171,-0.0647844672203064,-16.837381362915,0.355562388896942,8.98692226409912,0.464252591133118,2.73461079597473,0.15488512814045,0,0,0
120960,0.0166667,12.668617349118,-0.0647844672203064,-16.837381362915,0.355562388896942,8.98692226409912,0.464252591133118,2.73461079597473,0.15488512814045,0,0,0
120964,0.0166684,12.6852857489139,-0.0647844672203064,-16.837381362915,0.355562388896942,8.98692226409912,0.464252591133118,2.73461079597473,0.15488512814045,0,0,0
120966,0.0184824,12.7037681490183,-0.0647844672203064,-16.837381362915,0.355562388896942,8.98692226409912,0.464252591133118,2.73461079597473,0.15488512814045,0,0,0
120972,0.0166684,12.7204365488142,-0.0647844672203064,-16.837381362915,0.355562388896942,8.98692226409912,0.464252591133118,2.73461079597473,0.15488512814045,0,0,0
120974,0.0181793,12.738615848124,-0.0647844672203064,-16.837381362915,0.355562388896942,8.98692226409912,0.464252591133118,2.73461079597473,0.15488512814045,0,0,0
120978,0.0166675,12.7552833482623,0.0621686577796936,-17.9521884918213,0.684847056865692,8.98692226409912,0.434040188789368,2.30156636238098,-0.257102191448212,0,0,0
120982,0.0197383,12.7750216480345,-0.338527143001556,-17.7300205230713,0.105623431503773,8.81236171722412,0.482563138008118,2.33452534675598,-0.18569104373455,0,0,0
120986,0.0173906,12.7924122475088,-3.6393084526062,-17.5316562652588,-2.85000395774841,8.74095058441162,0.983356595039368,2.41966938972473,-0.257102191448212,0,0,0
120988,0.0166666,12.8090788479894,-3.6393084526062,-17.5316562652588,-2.85000395774841,8.74095058441162,0.983356595039368,2.41966938972473,-0.257102191448212,0,0,0
120992,0.0166689,12.8257477488369,-6.36483335494995,-17.0873203277588,-5.58346366882324,8.36802577972412,1.37062466144562,2.55058979988098,-0.257102191448212,0,0,0
120994,0.0188153,12.8445630483329,-5.9641375541687,-16.837381362915,-5.18276786804199,7.54679775238037,1.35872280597687,2.44621968269348,-0.250693500041962,0,0,0
121000,0.0166686,12.8612316474319,-5.9641375541687,-16.837381362915,-5.18276786804199,7.54679775238037,1.35872280597687,2.44621968269348,-0.250693500041962,0,0,0
121002,0.0178964,12.8791280481964,-4.1153826713562,-16.837381362915,-3.17532134056091,7.79673671722412,0.976947903633118,2.59636616706848,-0.24428479373455,0,0,0
121006,0.0166683,12.8957963474095,-3.6155047416687,-16.8889560699463,-2.62386870384216,7.87211513519287,0.953144192695618,2.64305806159973,-0.2122413367033,0,0,0
121008,0.0166652,12.912461547181,-3.6155047416687,-16.8889560699463,-2.62386870384216,7.87211513519287,0.953144192695618,2.64305806159973,-0.2122413367033,0,0,0
121010,0.0166682,12.9291297476739,-3.41317319869995,-16.8889560699463,-2.47311186790466,7.97129726409912,0.869831204414368,2.66228413581848,-0.1536475867033,0,0,0
121014,0.0166669,12.9457966480404,-1.08834409713745,-17.01194190979,-0.243497669696808,8.21726894378662,0.476154446601868,2.77397847175598,-0.0767432898283005,0,0,0
121018,0.0166672,12.9624638482928,-1.08834409713745,-17.01194190979,-0.243497669696808,8.21726894378662,0.476154446601868,2.77397847175598,-0.0767432898283005,0,0,0
121020,0.0166671,12.9791309479624,-2.4649920463562,-16.6429843902588,-1.97323393821716,9.43522548675537,0.625385403633118,2.84538960456848,-0.2122413367033,0,0,0
121026,0.0166677,12.9957986474037,-1.23910093307495,-15.99631690979,-0.644193470478058,8.01890468597412,-0.0603445842862129,2.66869282722473,-0.463095843791962,0,0,0
121028,0.0166644,13.0124630481005,-1.23910093307495,-15.99631690979,-0.644193470478058,8.01890468597412,-0.0603445842862129,2.66869282722473,-0.463095843791962,0,0,0
121032,0.0166678,13.0291308481246,0.0343976616859436,-15.10764503479,0.407137095928192,9.18528652191162,-0.805583834648132,3.11455464363098,-0.443869769573212,0,0,0
121034,0.0166665,13.0457973480225,0.0343976616859436,-15.10764503479,0.407137095928192,9.18528652191162,-0.805583834648132,3.11455464363098,-0.443869769573212,0,0,0
121040,0.0166687,13.0624660477042,1.53799867630005,-15.2544345855713,2.13687348365784,7.52299404144287,-1.27616488933563,2.80602192878723,-0.450278460979462,0,0,0
121044,0.0182264,13.080692447722,3.4621319770813,-17.5792636871338,4.14035224914551,7.40000820159912,-0.489726901054382,2.61009907722473,-0.0959693640470505,0,0,0
121046,0.0203094,13.1010018475354,3.4621319770813,-17.5792636871338,4.14035224914551,7.40000820159912,-0.489726901054382,2.61009907722473,-0.0959693640470505,0,0,0
121050,0.0166682,13.1176700480282,2.56155824661255,-16.0954990386963,3.06521821022034,8.11808681488037,-0.739665865898132,2.84538960456848,-0.263510882854462,1.57946363119461,-5.14113108791761,-5.06277240557402
121052,0.0171816,13.1348516475409,2.56155824661255,-16.0954990386963,3.06521821022034,8.11808681488037,-0.739665865898132,2.84538960456848,-0.263510882854462,1.57946363119461,-5.14113108791761,-5.06277240557402
121058,0.0166685,13.1515201479197,-0.187770307064056,-16.3692417144775,0.208772838115692,7.64597988128662,-0.323100924491882,2.91130757331848,-0.289145648479462,1.81405238174893,-3.32588195740139,-1.66387802712896
121060,0.0169304,13.1684505473822,-0.140162885189056,-14.8339023590088,0.105623431503773,6.85252285003662,-0.400005221366882,2.56432271003723,-0.436545550823212,1.80088946915814,-4.57986787466618,-4.81114871331585
121064,0.0166682,13.1851187478751,-0.140162885189056,-14.8339023590088,0.105623431503773,6.85252285003662,-0.400005221366882,2.56432271003723,-0.436545550823212,1.80088946915814,-4.57986787466618,-4.81114871331585
121072,0.0370927,13.2222114484757,-0.338527143001556,-16.1470737457275,-0.267301380634308,7.24925136566162,-0.316692233085632,2.54418110847473,-0.366049945354462,1.90468433403218,-5.72990776601647,-3.71325676750967
121074,0.0166671,13.2388785481453,-0.564662396907806,-13.64768409729,-0.846525013446808,8.09428310394287,0.637287259101868,-0.410225749015808,-0.334006488323212,1.97952935846304,-4.7704209231515,-3.23889997283854
121076,0.0166679,13.2555464487523,-3.21480894088745,-4.15000343322754,-2.85000395774841,5.41239833831787,1.14998257160187,-3.38385844230652,-0.0318824499845505,15.2780676030556,-8.28338684608754,-40.3537958608084
121080,0.0166671,13.2722135484219,-3.21480894088745,-4.15000343322754,-2.85000395774841,5.41239833831787,1.14998257160187,-3.38385844230652,-0.0318824499845505,15.2780676030556,-8.28338684608754,-40.3537958608084
121082,0.0166662,13.2888797484338,-0.612269818782806,-9.47013282775879,-0.596586048603058,6.08286952972412,0.130085095763206,-0.750801920890808,-0.450278460979462,20.9578425013275,-4.86927975301332,-62.286148304168
121086,0.0166671,13.3055468481034,-0.612269818782806,-9.47013282775879,-0.596586048603058,6.08286952972412,0.130085095763206,-0.750801920890808,-0.450278460979462,20.9578425013275,-4.86927975301332,-62.286148304168
121090,0.016667,13.3222138471901,-0.588466107845306,-9.29557228088379,-0.469632923603058,5.90830898284912,0.130085095763206,-0.692208170890808,-0.436545550823212,20.2664934260832,-4.63147790476726,-61.2325708771912
121094,0.0166669,13.3388807475567,-1.3382830619812,-10.235818862915,-1.44558501243591,6.13047695159912,0.357135891914368,-0.0302818901836872,-0.520774066448212,12.2079234117735,-7.61431121579505,-44.2408348504512
121098,0.0166663,13.3555470481515,-1.3382830619812,-10.235818862915,-1.44558501243591,6.13047695159912,0.357135891914368,-0.0302818901836872,-0.520774066448212,12.2079234117735,-7.61431121579505,-44.2408348504512
121100,0.0166662,13.3722132481635,-1.58822202682495,-10.3588047027588,-1.69949126243591,5.53538417816162,0.565876126289368,-0.187752589583397,-0.321189105510712,8.96832572244278,-7.6651235997483,-36.4801678486077
121104,0.0166671,13.388880347833,-1.4890398979187,-10.5333652496338,-1.64791655540466,5.95988368988037,0.571369290351868,-0.0696495622396469,-0.301963031291962,9.29102568337238,-7.45139714864189,-36.827994597809
121108,0.0187924,13.4076727479696,-1.4890398979187,-10.5333652496338,-1.64791655540466,5.95988368988037,0.571369290351868,-0.0696495622396469,-0.301963031291962,9.29102568337238,-7.45139714864189,-36.827994597809
121112,0.0183293,13.426002047956,-0.564662396907806,-11.8187656402588,-0.445829212665558,5.70994472503662,-0.0301321838051081,0.461356282234192,-0.436545550823212,11.5646585554987,-5.42314021695267,-38.3269244273886
121114,0.0166668,13.4426688477397,-0.564662396907806,-11.8187656402588,-0.445829212665558,5.70994472503662,-0.0301321838051081,0.461356282234192,-0.436545550823212,11.5646585554987,-5.42314021695267,-38.3269244273886
121118,0.0166674,13.4593362472951,-0.564662396907806,-13.250955581665,-0.568815052509308,5.95988368988037,-0.0722464397549629,0.513541340827942,-0.552817523479462,11.0285229793558,-5.23861954385805,-37.4054513764974
121120,0.0166662,13.4760024473071,-0.437709271907806,-14.266580581665,-0.219693958759308,4.98789882659912,-0.323100924491882,0.847708821296692,-0.456687152385712,6.37411956070167,-4.30632242024699,-28.9118220698775
121126,0.0171171,13.4931195471436,-0.437709271907806,-14.266580581665,-0.219693958759308,4.98789882659912,-0.323100924491882,0.847708821296692,-0.456687152385712,6.37411956070167,-4.30632242024699,-28.9118220698775
121128,0.0175425,13.5106620471925,0.911167681217194,-15.155252456665,0.859407603740692,5.08708095550537,-0.561138033866882,1.41075813770294,-0.314780414104462,5.53775641217346,-1.76961320461205,-23.8423729838475
121132,0.0183369,13.528998946771,0.911167681217194,-15.155252456665,0.859407603740692,5.08708095550537,-0.561138033866882,1.41075813770294,-0.314780414104462,5.53775641217346,-1.76961320461205,-23.8423729838475
121134,0.016667,13.5456659458578,1.06192445755005,-15.1314487457275,0.982393443584442,5.08708095550537,-0.596843600273132,1.42449104785919,-0.314780414104462,5.66512194188711,-1.59280768180432,-23.9394276676152
121140,0.0166669,13.5623328462243,2.26004457473755,-16.6905918121338,2.11306977272034,5.01566982269287,-1.03812777996063,2.04613423347473,-0.475913226604462,4.99814012222865,2.68863538503981,-21.2655060129627
121142,0.01855,13.5808828454465,2.26004457473755,-16.6905918121338,2.11306977272034,5.01566982269287,-1.03812777996063,2.04613423347473,-0.475913226604462,4.99814012222865,2.68863538503981,-21.2655060129627
121146,0.0166758,13.5975586455315,1.2880597114563,-18.9400424957275,1.18472504615784,4.59117031097412,-0.739665865898132,2.65587544441223,-0.20583264529705,0.729335537649319,3.24441430677633,-12.3537797062163
121152,0.0204919,13.618050545454,1.23648500442505,-19.090799331665,1.05777192115784,4.61497402191162,-0.680156588554382,2.78679585456848,-0.18569104373455,0.380493381782678,2.93112211969402,-11.8296436083808
121154,0.0193925,13.6374430451542,0.411289751529694,-19.535135269165,0.256380259990692,4.59117031097412,-0.323100924491882,3.07518696784973,0.0322044640779495,-0.815029038983947,0.00492632173486029,-5.30162723642515
121156,0.0166692,13.6541122458875,0.411289751529694,-19.535135269165,0.256380259990692,4.59117031097412,-0.323100924491882,3.07518696784973,0.0322044640779495,-0.815029038983947,0.00492632173486029,-5.30162723642515
121162,0.0166655,13.6707777455449,0.0621686577796936,-20.1302280426025,-0.0689371153712273,4.59117031097412,-0.114360697567463,2.92412495613098,0.23178942501545,0.513915584892077,0.0251270663172982,-5.91904041396725
121166,0.0191175,13.6898952461779,-0.112391889095306,-20.0786533355713,-0.219693958759308,4.41660976409912,-0.107952006161213,2.96349263191223,0.19333727657795,0.393472339940113,0.318021714122239,-5.82489162631809
121168,0.0175533,13.7074485458434,-0.112391889095306,-20.0786533355713,-0.219693958759308,4.41660976409912,-0.107952006161213,2.96349263191223,0.19333727657795,0.393472339940113,0.318021714122239,-5.82489162631809
121172,0.0166672,13.7241157460958,-0.239345014095306,-20.15403175354,-0.120511822402477,4.11906337738037,0.0229684021323919,2.97631001472473,0.276650249958038,-1.61036550942825,0.523929798241051,-1.00206955009141
121174,0.0171554,13.7412711456418,-0.239345014095306,-20.15403175354,-0.120511822402477,4.11906337738037,0.0229684021323919,2.97631001472473,0.276650249958038,-1.61036550942825,0.523929798241051,-1.00206955009141
121178,0.0167407,13.7580118458718,-0.338527143001556,-20.3246250152588,-0.243497669696808,4.29362392425537,0.177692517638206,2.98363423347473,0.341652691364288,-1.07311247667787,0.0992160774805495,-0.638893682426819
121182,0.0199343,13.7779461462051,-0.263148725032806,-20.423807144165,-0.394254505634308,5.16245937347412,-0.0786551311612129,3.23174214363098,0.14206774532795,-0.643363021945952,1.26359063399227,-1.37642144582897
121186,0.0166716,13.7946177460253,-0.263148725032806,-20.423807144165,-0.394254505634308,5.16245937347412,-0.0786551311612129,3.23174214363098,0.14206774532795,-0.643363021945952,1.26359063399227,-1.37642144582897
121188,0.0166634,13.8112811464816,-0.263148725032806,-20.423807144165,-0.394254505634308,5.16245937347412,-0.0786551311612129,3.23174214363098,0.14206774532795,-0.643363021945952,1.26359063399227,-1.37642144582897
121192,0.0168629,13.8281440474093,-0.263148725032806,-20.423807144165,-0.394254505634308,5.16245937347412,-0.0786551311612129,3.23174214363098,0.14206774532795,-0.643363021945952,1.26359063399227,-1.37642144582897
121194,0.0171657,13.845309747383,-0.263148725032806,-20.423807144165,-0.394254505634308,5.16245937347412,-0.0786551311612129,3.23174214363098,0.14206774532795,-0.643363021945952,1.26359063399227,-1.37642144582897
121200,0.0166684,13.8619781471789,-0.263148725032806,-20.423807144165,-0.394254505634308,5.16245937347412,-0.0786551311612129,3.23174214363098,0.14206774532795,-0.643363021945952,1.26359063399227,-1.37642144582897
121202,0.0166664,13.8786445464939,-0.263148725032806,-20.423807144165,-0.394254505634308,5.16245937347412,-0.0786551311612129,3.23174214363098,0.14206774532795,-0.643363021945952,1.26359063399227,-1.37642144582897
121206,0.0166673,13.8953118473291,-0.263148725032806,-20.423807144165,-0.394254505634308,5.16245937347412,-0.0786551311612129,3.23174214363098,0.14206774532795,-0.643363021945952,1.26359063399227,-1.37642144582897
121208,0.0184104,13.9137222468853,-0.263148725032806,-20.423807144165,-0.394254505634308,5.16245937347412,-0.0786551311612129,3.23174214363098,0.14206774532795,-0.643363021945952,1.26359063399227,-1.37642144582897
121210,0.016669,13.9303912464529,-0.263148725032806,-20.423807144165,-0.394254505634308,5.16245937347412,-0.0786551311612129,3.23174214363098,0.14206774532795,-0.643363021945952,1.26359063399227,-1.37642144582897
121214,0.0166668,13.9470580462366,-0.263148725032806,-20.423807144165,-0.394254505634308,5.16245937347412,-0.0786551311612129,3.23174214363098,0.14206774532795,-0.643363021945952,1.26359063399227,-1.37642144582897
121218,0.0166668,13.9637248460203,-0.889979779720306,-19.2891635894775,-0.846525013446808,5.08708095550537,0.106281392276287,2.72820210456848,0.1228416711092,0.438976079114268,-1.31852292567782,1.15747996507303
121220,0.0166687,13.9803935457021,-0.889979779720306,-19.2891635894775,-0.846525013446808,5.08708095550537,0.106281392276287,2.72820210456848,0.1228416711092,0.438976079114268,-1.31852292567782,1.15747996507303
121224,0.016665,13.9970585461706,-0.889979779720306,-19.2891635894775,-0.846525013446808,5.08708095550537,0.106281392276287,2.72820210456848,0.1228416711092,0.438976079114268,-1.31852292567782,1.15747996507303
121228,0.0166671,14.0137256458402,0.835789263248444,-21.3402500152588,0.708650767803192,5.46000576019287,-0.138164415955544,3.20610737800598,0.15488512814045,0.468714893213212,-0.000541181632299944,0.0617535523171191
121232,0.0166668,14.0303924456239,0.835789263248444,-21.3402500152588,0.708650767803192,5.46000576019287,-0.138164415955544,3.20610737800598,0.15488512814045,0.468714893213212,-0.000541181632299944,0.0617535523171191
121236,0.0166661,14.047058545053,1.38724184036255,-22.1337070465088,1.28390717506409,4.19444179534912,-0.328594088554382,3.24547505378723,0.276650249958038,0.7477512328286,0.406599717035834,-0.577738774331273
121240,0.0166666,14.0637251455337,1.38724184036255,-22.1337070465088,1.28390717506409,4.19444179534912,-0.328594088554382,3.24547505378723,0.276650249958038,0.7477512328286,0.406599717035834,-0.577738774331273
121242,0.0166671,14.0803922452033,1.38724184036255,-22.1337070465088,1.28390717506409,4.19444179534912,-0.328594088554382,3.24547505378723,0.276650249958038,0.7477512328286,0.406599717035834,-0.577738774331273
121246,0.0166668,14.097059044987,1.38724184036255,-22.1337070465088,1.28390717506409,4.19444179534912,-0.328594088554382,3.24547505378723,0.276650249958038,0.7477512328286,0.406599717035834,-0.577738774331273
121252,0.020356,14.1174150444567,1.38724184036255,-22.1337070465088,1.28390717506409,4.19444179534912,-0.328594088554382,3.24547505378723,0.276650249958038,0.7477512328286,0.406599717035834,-0.577738774331273
121254,0.0205742,14.1379892453551,1.38724184036255,-22.1337070465088,1.28390717506409,4.19444179534912,-0.328594088554382,3.24547505378723,0.276650249958038,0.7477512328286,0.406599717035834,-0.577738774331273
121258,0.0166679,14.1546571459621,1.38724184036255,-22.1337070465088,1.28390717506409,4.19444179534912,-0.328594088554382,3.24547505378723,0.276650249958038,0.7477512328286,0.406599717035834,-0.577738774331273
121260,0.0192307,14.1738878451288,1.38724184036255,-22.1337070465088,1.28390717506409,4.19444179534912,-0.328594088554382,3.24547505378723,0.276650249958038,0.7477512328286,0.406599717035834,-0.577738774331273
121266,0.0166681,14.1905559450388,1.38724184036255,-22.1337070465088,1.28390717506409,4.19444179534912,-0.328594088554382,3.24547505378723,0.276650249958038,0.7477512328286,0.406599717035834,-0.577738774331273
121268,0.021729,14.2122849449515,1.38724184036255,-22.1337070465088,1.28390717506409,4.19444179534912,-0.328594088554382,3.24547505378723,0.276650249958038,0.7477512328286,0.406599717035834,-0.577738774331273
121272,0.0166686,14.2289535440505,1.38724184036255,-22.1337070465088,1.28390717506409,4.19444179534912,-0.328594088554382,3.24547505378723,0.276650249958038,0.7477512328286,0.406599717035834,-0.577738774331273
121276,0.0166652,14.245618743822,1.38724184036255,-22.1337070465088,1.28390717506409,4.19444179534912,-0.328594088554382,3.24547505378723,0.276650249958038,0.7477512328286,0.406599717035834,-0.577738774331273
121280,0.018509,14.2641277443618,1.38724184036255,-22.1337070465088,1.28390717506409,4.19444179534912,-0.328594088554382,3.24547505378723,0.276650249958038,0.7477512328286,0.406599717035834,-0.577738774331273
121284,0.0182511,14.2823788449168,1.38724184036255,-22.1337070465088,1.28390717506409,4.19444179534912,-0.328594088554382,3.24547505378723,0.276650249958038,0.7477512328286,0.406599717035834,-0.577738774331273
121286,0.0207519,14.3031307440251,1.38724184036255,-22.1337070465088,1.28390717506409,4.19444179534912,-0.328594088554382,3.24547505378723,0.276650249958038,0.7477512328286,0.406599717035834,-0.577738774331273
121292,0.016669,14.3197997435927,1.38724184036255,-22.1337070465088,1.28390717506409,4.19444179534912,-0.328594088554382,3.24547505378723,0.276650249958038,0.7477512328286,0.406599717035834,-0.577738774331273
121294,0.0190395,14.3388392440975,1.38724184036255,-22.1337070465088,1.28390717506409,4.19444179534912,-0.328594088554382,3.24547505378723,0.276650249958038,0.7477512328286,0.406599717035834,-0.577738774331273
121296,0.0166677,14.3555069435388,1.38724184036255,-22.1337070465088,1.28390717506409,4.19444179534912,-0.328594088554382,3.24547505378723,0.276650249958038,0.7477512328286,0.406599717035834,-0.577738774331273
121302,0.0166679,14.3721748441458,1.38724184036255,-22.1337070465088,1.28390717506409,4.19444179534912,-0.328594088554382,3.24547505378723,0.276650249958038,0.7477512328286,0.406599717035834,-0.577738774331273
121304,0.0178675,14.3900423441082,1.38724184036255,-22.1337070465088,1.28390717506409,4.19444179534912,-0.328594088554382,3.24547505378723,0.276650249958038,0.7477512328286,0.406599717035834,-0.577738774331273
121308,0.0166683,14.4067106433213,1.38724184036255,-22.1337070465088,1.28390717506409,4.19444179534912,-0.328594088554382,3.24547505378723,0.276650249958038,0.7477512328286,0.406599717035834,-0.577738774331273
121310,0.0173879,14.4240985438228,1.38724184036255,-22.1337070465088,1.28390717506409,4.19444179534912,-0.328594088554382,3.24547505378723,0.276650249958038,0.7477512328286,0.406599717035834,-0.577738774331273
121316,0.0166681,14.4407666437328,1.38724184036255,-22.1337070465088,1.28390717506409,4.19444179534912,-0.328594088554382,3.24547505378723,0.276650249958038,0.7477512328286,0.406599717035834,-0.577738774331273
121320,0.0217194,14.4624860435724,1.38724184036255,-22.1337070465088,1.28390717506409,4.19444179534912,-0.328594088554382,3.24547505378723,0.276650249958038,0.7477512328286,0.406599717035834,-0.577738774331273
121322,0.016667,14.4791530426592,1.38724184036255,-22.1337070465088,1.28390717506409,4.19444179534912,-0.328594088554382,3.24547505378723,0.276650249958038,0.7477512328286,0.406599717035834,-0.577738774331273
121326,0.016667,14.4958200417459,1.38724184036255,-22.1337070465088,1.28390717506409,4.19444179534912,-0.328594088554382,3.24547505378723,0.276650249958038,0.7477512328286,0.406599717035834,-0.577738774331273
121328,0.0173222,14.513142241165,1.38724184036255,-22.1337070465088,1.28390717506409,4.19444179534912,-0.328594088554382,3.24547505378723,0.276650249958038,0.7477512328286,0.406599717035834,-0.577738774331273
121334,0.0166669,14.5298091415316,1.38724184036255,-22.1337070465088,1.28390717506409,4.19444179534912,-0.328594088554382,3.24547505378723,0.276650249958038,0.7477512328286,0.406599717035834,-0.577738774331273
121336,0.0192402,14.5490493420511,1.38724184036255,-22.1337070465088,1.28390717506409,4.19444179534912,-0.328594088554382,3.24547505378723,0.276650249958038,0.7477512328286,0.406599717035834,-0.577738774331273
121338,0.0166681,14.5657174419612,1.38724184036255,-22.1337070465088,1.28390717506409,4.19444179534912,-0.328594088554382,3.24547505378723,0.276650249958038,0.7477512328286,0.406599717035834,-0.577738774331273
121342,0.0167284,14.5824458412826,1.38724184036255,-22.1337070465088,1.28390717506409,4.19444179534912,-0.328594088554382,3.24547505378723,0.276650249958038,0.7477512328286,0.406599717035834,-0.577738774331273
121344,0.0166663,14.5991121418774,1.38724184036255,-22.1337070465088,1.28390717506409,4.19444179534912,-0.328594088554382,3.24547505378723,0.276650249958038,0.7477512328286,0.406599717035834,-0.577738774331273
121348,0.0166673,14.6157794427127,1.38724184036255,-22.1337070465088,1.28390717506409,4.19444179534912,-0.328594088554382,3.24547505378723,0.276650249958038,0.7477512328286,0.406599717035834,-0.577738774331273
121352,0.0166665,14.6324459426105,1.38724184036255,-22.1337070465088,1.28390717506409,4.19444179534912,-0.328594088554382,3.24547505378723,0.276650249958038,0.7477512328286,0.406599717035834,-0.577738774331273
121356,0.0166675,14.6491134427488,1.38724184036255,-22.1337070465088,1.28390717506409,4.19444179534912,-0.328594088554382,3.24547505378723,0.276650249958038,0.7477512328286,0.406599717035834,-0.577738774331273
121358,0.016666,14.6657794434577,1.38724184036255,-22.1337070465088,1.28390717506409,4.19444179534912,-0.328594088554382,3.24547505378723,0.276650249958038,0.7477512328286,0.406599717035834,-0.577738774331273
121364,0.016667,14.6824464425445,1.38724184036255,-22.1337070465088,1.28390717506409,4.19444179534912,-0.328594088554382,3.24547505378723,0.276650249958038,0.7477512328286,0.406599717035834,-0.577738774331273
121366,0.0166662,14.6991126425564,1.38724184036255,-22.1337070465088,1.28390717506409,4.19444179534912,-0.328594088554382,3.24547505378723,0.276650249958038,0.7477512328286,0.406599717035834,-0.577738774331273
121370,0.0166679,14.7157805431634,1.38724184036255,-22.1337070465088,1.28390717506409,4.19444179534912,-0.328594088554382,3.24547505378723,0.276650249958038,0.7477512328286,0.406599717035834,-0.577738774331273
121372,0.0168499,14.7326304428279,1.38724184036255,-22.1337070465088,1.28390717506409,4.19444179534912,-0.328594088554382,3.24547505378723,0.276650249958038,0.7477512328286,0.406599717035834,-0.577738774331273
121376,0.0166681,14.749298542738,1.38724184036255,-22.1337070465088,1.28390717506409,4.19444179534912,-0.328594088554382,3.24547505378723,0.276650249958038,0.7477512328286,0.406599717035834,-0.577738774331273
121380,0.018392,14.7676905430853,1.38724184036255,-22.1337070465088,1.28390717506409,4.19444179534912,-0.328594088554382,3.24547505378723,0.276650249958038,0.7477512328286,0.406599717035834,-0.577738774331273
121384,0.0166683,14.7843588422984,1.38724184036255,-22.1337070465088,1.28390717506409,4.19444179534912,-0.328594088554382,3.24547505378723,0.276650249958038,0.7477512328286,0.406599717035834,-0.577738774331273
121386,0.0185357,14.8028945419937,1.38724184036255,-22.1337070465088,1.28390717506409,4.19444179534912,-0.328594088554382,3.24547505378723,0.276650249958038,0.7477512328286,0.406599717035834,-0.577738774331273
121392,0.0166677,14.8195622414351,1.38724184036255,-22.1337070465088,1.28390717506409,4.19444179534912,-0.328594088554382,3.24547505378723,0.276650249958038,0.7477512328286,0.406599717035834,-0.577738774331273
121394,0.0206279,14.8401901405305,1.38724184036255,-22.1337070465088,1.28390717506409,4.19444179534912,-0.328594088554382,3.24547505378723,0.276650249958038,0.7477512328286,0.406599717035834,-0.577738774331273
121398,0.0175236,14.857713740319,1.38724184036255,-22.1337070465088,1.28390717506409,4.19444179534912,-0.328594088554382,3.24547505378723,0.276650249958038,0.7477512328286,0.406599717035834,-0.577738774331273
121400,0.019321,14.8770347405225,1.38724184036255,-22.1337070465088,1.28390717506409,4.19444179534912,-0.328594088554382,3.24547505378723,0.276650249958038,0.7477512328286,0.406599717035834,-0.577738774331273
121406,0.0166679,14.8937026411295,1.38724184036255,-22.1337070465088,1.28390717506409,4.19444179534912,-0.328594088554382,3.24547505378723,0.276650249958038,0.7477512328286,0.406599717035834,-0.577738774331273
121408,0.0180846,14.9117872416973,1.38724184036255,-22.1337070465088,1.28390717506409,4.19444179534912,-0.328594088554382,3.24547505378723,0.276650249958038,0.7477512328286,0.406599717035834,-0.577738774331273
121410,0.0166735,14.9284607414156,1.38724184036255,-22.1337070465088,1.28390717506409,4.19444179534912,-0.328594088554382,3.24547505378723,0.276650249958038,0.7477512328286,0.406599717035834,-0.577738774331273
121416,0.0166623,14.9451230410486,1.38724184036255,-22.1337070465088,1.28390717506409,4.19444179534912,-0.328594088554382,3.24547505378723,0.276650249958038,0.7477512328286,0.406599717035834,-0.577738774331273
121420,0.0210815,14.966204540804,1.38724184036255,-22.1337070465088,1.28390717506409,4.19444179534912,-0.328594088554382,3.24547505378723,0.276650249958038,0.7477512328286,0.406599717035834,-0.577738774331273
121422,0.0196333,14.9858378414065,1.38724184036255,-22.1337070465088,1.28390717506409,4.19444179534912,-0.328594088554382,3.24547505378723,0.276650249958038,0.7477512328286,0.406599717035834,-0.577738774331273
121428,0.0166671,15.002504941076,1.38724184036255,-22.1337070465088,1.28390717506409,4.19444179534912,-0.328594088554382,3.24547505378723,0.276650249958038,0.7477512328286,0.406599717035834,-0.577738774331273
121430,0.0189862,15.0214911419898,1.38724184036255,-22.1337070465088,1.28390717506409,4.19444179534912,-0.328594088554382,3.24547505378723,0.276650249958038,0.7477512328286,0.406599717035834,-0.577738774331273
121434,0.0166675,15.0381586421281,1.38724184036255,-22.1337070465088,1.28390717506409,4.19444179534912,-0.328594088554382,3.24547505378723,0.276650249958038,0.7477512328286,0.406599717035834,-0.577738774331273
121436,0.0166665,15.0548251420259,1.38724184036255,-22.1337070465088,1.28390717506409,4.19444179534912,-0.328594088554382,3.24547505378723,0.276650249958038,0.7477512328286,0.406599717035834,-0.577738774331273
121442,0.0166671,15.0714922416955,1.38724184036255,-22.1337070465088,1.28390717506409,4.19444179534912,-0.328594088554382,3.24547505378723,0.276650249958038,0.7477512328286,0.406599717035834,-0.577738774331273
121446,0.0195857,15.0910779424012,1.38724184036255,-22.1337070465088,1.28390717506409,4.19444179534912,-0.328594088554382,3.24547505378723,0.276650249958038,0.7477512328286,0.406599717035834,-0.577738774331273
121448,0.0166668,15.1077447421849,1.38724184036255,-22.1337070465088,1.28390717506409,4.19444179534912,-0.328594088554382,3.24547505378723,0.276650249958038,0.7477512328286,0.406599717035834,-0.577738774331273
121452,0.0166682,15.1244129426777,1.38724184036255,-22.1337070465088,1.28390717506409,4.19444179534912,-0.328594088554382,3.24547505378723,0.276650249958038,0.7477512328286,0.406599717035834,-0.577738774331273
121454,0.0197742,15.1441871430725,1.38724184036255,-22.1337070465088,1.28390717506409,4.19444179534912,-0.328594088554382,3.24547505378723,0.276650249958038,0.7477512328286,0.406599717035834,-0.577738774331273
121460,0.0166686,15.1608557421714,1.38724184036255,-22.1337070465088,1.28390717506409,4.19444179534912,-0.328594088554382,3.24547505378723,0.276650249958038,0.7477512328286,0.406599717035834,-0.577738774331273
121462,0.0174914,15.1783471424133,1.38724184036255,-22.1337070465088,1.28390717506409,4.19444179534912,-0.328594088554382,3.24547505378723,0.276650249958038,0.7477512328286,0.406599717035834,-0.577738774331273
121466,0.0166679,15.1950150430202,1.38724184036255,-22.1337070465088,1.28390717506409,4.19444179534912,-0.328594088554382,3.24547505378723,0.276650249958038,0.7477512328286,0.406599717035834,-0.577738774331273
121468,0.0166654,15.2116804420948,1.38724184036255,-22.1337070465088,1.28390717506409,4.19444179534912,-0.328594088554382,3.24547505378723,0.276650249958038,0.7477512328286,0.406599717035834,-0.577738774331273
121472,0.016669,15.2283494416624,1.38724184036255,-22.1337070465088,1.28390717506409,4.19444179534912,-0.328594088554382,3.24547505378723,0.276650249958038,0.7477512328286,0.406599717035834,-0.577738774331273
121474,0.0166648,15.2450142409652,1.38724184036255,-22.1337070465088,1.28390717506409,4.19444179534912,-0.328594088554382,3.24547505378723,0.276650249958038,0.7477512328286,0.406599717035834,-0.577738774331273
121480,0.016669,15.2616832405329,1.38724184036255,-22.1337070465088,1.28390717506409,4.19444179534912,-0.328594088554382,3.24547505378723,0.276650249958038,0.7477512328286,0.406599717035834,-0.577738774331273
121482,0.0184173,15.2801005411893,1.38724184036255,-22.1337070465088,1.28390717506409,4.19444179534912,-0.328594088554382,3.24547505378723,0.276650249958038,0.7477512328286,0.406599717035834,-0.577738774331273
121484,0.016668,15.2967685405165,1.38724184036255,-22.1337070465088,1.28390717506409,4.19444179534912,-0.328594088554382,3.24547505378723,0.276650249958038,0.7477512328286,0.406599717035834,-0.577738774331273
121488,0.0166673,15.3134358413517,1.38724184036255,-22.1337070465088,1.28390717506409,4.19444179534912,-0.328594088554382,3.24547505378723,0.276650249958038,0.7477512328286,0.406599717035834,-0.577738774331273
121490,0.0166688,15.3301046416163,1.38724184036255,-22.1337070465088,1.28390717506409,4.19444179534912,-0.328594088554382,3.24547505378723,0.276650249958038,0.7477512328286,0.406599717035834,-0.577738774331273
121494,0.0166657,15.3467703424394,1.38724184036255,-22.1337070465088,1.28390717506409,4.19444179534912,-0.328594088554382,3.24547505378723,0.276650249958038,0.7477512328286,0.406599717035834,-0.577738774331273
121498,0.0166709,15.3634412419051,1.38724184036255,-22.1337070465088,1.28390717506409,4.19444179534912,-0.328594088554382,3.24547505378723,0.276650249958038,0.7477512328286,0.406599717035834,-0.577738774331273
121502,0.0166629,15.3801041413099,1.38724184036255,-22.1337070465088,1.28390717506409,4.19444179534912,-0.328594088554382,3.24547505378723,0.276650249958038,0.7477512328286,0.406599717035834,-0.577738774331273
121506,0.0166673,15.3967714421451,1.38724184036255,-22.1337070465088,1.28390717506409,4.19444179534912,-0.328594088554382,3.24547505378723,0.276650249958038,0.7477512328286,0.406599717035834,-0.577738774331273
121508,0.0167763,15.4135477412492,1.38724184036255,-22.1337070465088,1.28390717506409,4.19444179534912,-0.328594088554382,3.24547505378723,0.276650249958038,0.7477512328286,0.406599717035834,-0.577738774331273
121512,0.0166673,15.4302150420845,1.38724184036255,-22.1337070465088,1.28390717506409,4.19444179534912,-0.328594088554382,3.24547505378723,0.276650249958038,0.7477512328286,0.406599717035834,-0.577738774331273
121514,0.0166687,15.4468837417662,1.38724184036255,-22.1337070465088,1.28390717506409,4.19444179534912,-0.328594088554382,3.24547505378723,0.276650249958038,0.7477512328286,0.406599717035834,-0.577738774331273
121520,0.0166646,15.463548341766,1.38724184036255,-22.1337070465088,1.28390717506409,4.19444179534912,-0.328594088554382,3.24547505378723,0.276650249958038,0.7477512328286,0.406599717035834,-0.577738774331273
121524,0.0231941,15.4867424424738,1.38724184036255,-22.1337070465088,1.28390717506409,4.19444179534912,-0.328594088554382,3.24547505378723,0.276650249958038,0.7477512328286,0.406599717035834,-0.577738774331273
121526,0.0166698,15.5034122429788,1.38724184036255,-22.1337070465088,1.28390717506409,4.19444179534912,-0.328594088554382,3.24547505378723,0.276650249958038,0.7477512328286,0.406599717035834,-0.577738774331273
121530,0.0166651,15.5200773421675,1.38724184036255,-22.1337070465088,1.28390717506409,4.19444179534912,-0.328594088554382,3.24547505378723,0.276650249958038,0.7477512328286,0.406599717035834,-0.577738774331273
121534,0.0166671,15.5367444418371,1.38724184036255,-22.1337070465088,1.28390717506409,4.19444179534912,-0.328594088554382,3.24547505378723,0.276650249958038,0.7477512328286,0.406599717035834,-0.577738774331273
121536,0.0166673,15.5534117426723,1.38724184036255,-22.1337070465088,1.28390717506409,4.19444179534912,-0.328594088554382,3.24547505378723,0.276650249958038,0.7477512328286,0.406599717035834,-0.577738774331273
121540,0.016666,15.5700777433813,1.38724184036255,-22.1337070465088,1.28390717506409,4.19444179534912,-0.328594088554382,3.24547505378723,0.276650249958038,0.7477512328286,0.406599717035834,-0.577738774331273
121542,0.0184641,15.5885418429971,1.38724184036255,-22.1337070465088,1.28390717506409,4.19444179534912,-0.328594088554382,3.24547505378723,0.276650249958038,0.7477512328286,0.406599717035834,-0.577738774331273
121548,0.0166676,15.6052094437182,1.38724184036255,-22.1337070465088,1.28390717506409,4.19444179534912,-0.328594088554382,3.24547505378723,0.276650249958038,0.7477512328286,0.406599717035834,-0.577738774331273
121550,0.0167872,15.6219966430217,1.38724184036255,-22.1337070465088,1.28390717506409,4.19444179534912,-0.328594088554382,3.24547505378723,0.276650249958038,0.7477512328286,0.406599717035834,-0.577738774331273
121554,0.0166687,15.6386653427035,1.38724184036255,-22.1337070465088,1.28390717506409,4.19444179534912,-0.328594088554382,3.24547505378723,0.276650249958038,0.7477512328286,0.406599717035834,-0.577738774331273
121558,0.0192362,15.6579015422612,1.38724184036255,-22.1337070465088,1.28390717506409,4.19444179534912,-0.328594088554382,3.24547505378723,0.276650249958038,0.7477512328286,0.406599717035834,-0.577738774331273
121560,0.018556,15.6764575429261,1.38724184036255,-22.1337070465088,1.28390717506409,4.19444179534912,-0.328594088554382,3.24547505378723,0.276650249958038,0.7477512328286,0.406599717035834,-0.577738774331273
121566,0.0166676,15.6931251436472,1.38724184036255,-22.1337070465088,1.28390717506409,4.19444179534912,-0.328594088554382,3.24547505378723,0.276650249958038,0.7477512328286,0.406599717035834,-0.577738774331273
121568,0.0199348,15.7130599431694,1.38724184036255,-22.1337070465088,1.28390717506409,4.19444179534912,-0.328594088554382,3.24547505378723,0.276650249958038,0.7477512328286,0.406599717035834,-0.577738774331273
121572,0.0166683,15.7297282423824,1.38724184036255,-22.1337070465088,1.28390717506409,4.19444179534912,-0.328594088554382,3.24547505378723,0.276650249958038,0.7477512328286,0.406599717035834,-0.577738774331273
121574,0.0166659,15.7463941425085,1.38724184036255,-22.1337070465088,1.28390717506409,4.19444179534912,-0.328594088554382,3.24547505378723,0.276650249958038,0.7477512328286,0.406599717035834,-0.577738774331273
121580,0.0166689,15.7630630433559,1.38724184036255,-22.1337070465088,1.28390717506409,4.19444179534912,-0.328594088554382,3.24547505378723,0.276650249958038,0.7477512328286,0.406599717035834,-0.577738774331273
121582,0.0184834,15.7815464437008,1.38724184036255,-22.1337070465088,1.28390717506409,4.19444179534912,-0.328594088554382,3.24547505378723,0.276650249958038,0.7477512328286,0.406599717035834,-0.577738774331273
121586,0.0166675,15.7982139438391,1.38724184036255,-22.1337070465088,1.28390717506409,4.19444179534912,-0.328594088554382,3.24547505378723,0.276650249958038,0.7477512328286,0.406599717035834,-0.577738774331273
121588,0.0192017,15.8174156434834,1.38724184036255,-22.1337070465088,1.28390717506409,4.19444179534912,-0.328594088554382,3.24547505378723,0.276650249958038,0.7477512328286,0.406599717035834,-0.577738774331273
121594,0.0166683,15.8340839426965,1.38724184036255,-22.1337070465088,1.28390717506409,4.19444179534912,-0.328594088554382,3.24547505378723,0.276650249958038,0.7477512328286,0.406599717035834,-0.577738774331273
121596,0.0166657,15.8507496435195,1.38724184036255,-22.1337070465088,1.28390717506409,4.19444179534912,-0.328594088554382,3.24547505378723,0.276650249958038,0.7477512328286,0.406599717035834,-0.577738774331273
121600,0.0166667,15.8674163427204,1.38724184036255,-22.1337070465088,1.28390717506409,4.19444179534912,-0.328594088554382,3.24547505378723,0.276650249958038,0.7477512328286,0.406599717035834,-0.577738774331273
121602,0.0194124,15.8868287429214,1.38724184036255,-22.1337070465088,1.28390717506409,4.19444179534912,-0.328594088554382,3.24547505378723,0.276650249958038,0.7477512328286,0.406599717035834,-0.577738774331273
121608,0.0166673,15.9034960437566,1.38724184036255,-22.1337070465088,1.28390717506409,4.19444179534912,-0.328594088554382,3.24547505378723,0.276650249958038,0.7477512328286,0.406599717035834,-0.577738774331273
121610,0.0166663,15.9201623443514,1.38724184036255,-22.1337070465088,1.28390717506409,4.19444179534912,-0.328594088554382,3.24547505378723,0.276650249958038,0.7477512328286,0.406599717035834,-0.577738774331273
121614,0.0166677,15.9368300437927,1.38724184036255,-22.1337070465088,1.28390717506409,4.19444179534912,-0.328594088554382,3.24547505378723,0.276650249958038,0.7477512328286,0.406599717035834,-0.577738774331273
121616,0.0192497,15.9560797438025,1.38724184036255,-22.1337070465088,1.28390717506409,4.19444179534912,-0.328594088554382,3.24547505378723,0.276650249958038,0.7477512328286,0.406599717035834,-0.577738774331273
121622,0.0166682,15.9727479442954,1.38724184036255,-22.1337070465088,1.28390717506409,4.19444179534912,-0.328594088554382,3.24547505378723,0.276650249958038,0.7477512328286,0.406599717035834,-0.577738774331273
121624,0.0184893,15.9912372436374,1.38724184036255,-22.1337070465088,1.28390717506409,4.19444179534912,-0.328594088554382,3.24547505378723,0.276650249958038,0.7477512328286,0.406599717035834,-0.577738774331273
121628,0.0166688,16.007906043902,1.38724184036255,-22.1337070465088,1.28390717506409,4.19444179534912,-0.328594088554382,3.24547505378723,0.276650249958038,0.7477512328286,0.406599717035834,-0.577738774331273
121630,0.0183247,16.0262307431549,1.38724184036255,-22.1337070465088,1.28390717506409,4.19444179534912,-0.328594088554382,3.24547505378723,0.276650249958038,0.7477512328286,0.406599717035834,-0.577738774331273
121636,0.0166681,16.0428988430649,1.38724184036255,-22.1337070465088,1.28390717506409,4.19444179534912,-0.328594088554382,3.24547505378723,0.276650249958038,0.7477512328286,0.406599717035834,-0.577738774331273
121640,0.0194366,16.0623354427516,1.38724184036255,-22.1337070465088,1.28390717506409,4.19444179534912,-0.328594088554382,3.24547505378723,0.276650249958038,0.7477512328286,0.406599717035834,-0.577738774331273
121642,0.0291945,16.091529943049,1.38724184036255,-22.1337070465088,1.28390717506409,4.19444179534912,-0.328594088554382,3.24547505378723,0.276650249958038,0.7477512328286,0.406599717035834,-0.577738774331273
121648,0.016666,16.1081959437579,1.38724184036255,-22.1337070465088,1.28390717506409,4.19444179534912,-0.328594088554382,3.24547505378723,0.276650249958038,0.7477512328286,0.406599717035834,-0.577738774331273
121650,0.0166653,16.1248612441123,1.38724184036255,-22.1337070465088,1.28390717506409,4.19444179534912,-0.328594088554382,3.24547505378723,0.276650249958038,0.7477512328286,0.406599717035834,-0.577738774331273
121654,0.0166672,16.1415284443647,1.38724184036255,-22.1337070465088,1.28390717506409,4.19444179534912,-0.328594088554382,3.24547505378723,0.276650249958038,0.7477512328286,0.406599717035834,-0.577738774331273
121658,0.0231866,16.1647150442004,1.38724184036255,-22.1337070465088,1.28390717506409,4.19444179534912,-0.328594088554382,3.24547505378723,0.276650249958038,0.7477512328286,0.406599717035834,-0.577738774331273
121662,0.0166709,16.1813859436661,1.38724184036255,-22.1337070465088,1.28390717506409,4.19444179534912,-0.328594088554382,3.24547505378723,0.276650249958038,0.7477512328286,0.406599717035834,-0.577738774331273
121668,0.0175157,16.1989016439766,1.38724184036255,-22.1337070465088,1.28390717506409,4.19444179534912,-0.328594088554382,3.24547505378723,0.276650249958038,0.7477512328286,0.406599717035834,-0.577738774331273
121670,0.0196949,16.2185965441167,1.38724184036255,-22.1337070465088,1.28390717506409,4.19444179534912,-0.328594088554382,3.24547505378723,0.276650249958038,0.7477512328286,0.406599717035834,-0.577738774331273
121674,0.0166669,16.2352634444833,1.38724184036255,-22.1337070465088,1.28390717506409,4.19444179534912,-0.328594088554382,3.24547505378723,0.276650249958038,0.7477512328286,0.406599717035834,-0.577738774331273
121676,0.0197787,16.2550421450287,1.38724184036255,-22.1337070465088,1.28390717506409,4.19444179534912,-0.328594088554382,3.24547505378723,0.276650249958038,0.7477512328286,0.406599717035834,-0.577738774331273
121680,0.0166681,16.2717102449387,1.38724184036255,-22.1337070465088,1.28390717506409,4.19444179534912,-0.328594088554382,3.24547505378723,0.276650249958038,0.7477512328286,0.406599717035834,-0.577738774331273
121684,0.0189284,16.2906386442482,1.38724184036255,-22.1337070465088,1.28390717506409,4.19444179534912,-0.328594088554382,3.24547505378723,0.276650249958038,0.7477512328286,0.406599717035834,-0.577738774331273
121688,0.0166678,16.3073064442724,1.38724184036255,-22.1337070465088,1.28390717506409,4.19444179534912,-0.328594088554382,3.24547505378723,0.276650249958038,0.7477512328286,0.406599717035834,-0.577738774331273
121690,0.0175441,16.3248505443335,1.38724184036255,-22.1337070465088,1.28390717506409,4.19444179534912,-0.328594088554382,3.24547505378723,0.276650249958038,0.7477512328286,0.406599717035834,-0.577738774331273
121694,0.0166679,16.3415184449404,1.38724184036255,-22.1337070465088,1.28390717506409,4.19444179534912,-0.328594088554382,3.24547505378723,0.276650249958038,0.7477512328286,0.406599717035834,-0.577738774331273
121698,0.0179801,16.3594985455275,1.38724184036255,-22.1337070465088,1.28390717506409,4.19444179534912,-0.328594088554382,3.24547505378723,0.276650249958038,0.7477512328286,0.406599717035834,-0.577738774331273
121702,0.0172845,16.3767830450088,1.38724184036255,-22.1337070465088,1.28390717506409,4.19444179534912,-0.328594088554382,3.24547505378723,0.276650249958038,0.7477512328286,0.406599717035834,-0.577738774331273
121704,0.0176091,16.3943921457976,1.38724184036255,-22.1337070465088,1.28390717506409,4.19444179534912,-0.328594088554382,3.24547505378723,0.276650249958038,0.7477512328286,0.406599717035834,-0.577738774331273
121710,0.0189143,16.4133064448833,1.38724184036255,-22.1337070465088,1.28390717506409,4.19444179534912,-0.328594088554382,3.24547505378723,0.276650249958038,0.7477512328286,0.406599717035834,-0.577738774331273
121712,0.0170204,16.4303268454969,1.38724184036255,-22.1337070465088,1.28390717506409,4.19444179534912,-0.328594088554382,3.24547505378723,0.276650249958038,0.7477512328286,0.406599717035834,-0.577738774331273
121714,0.0166674,16.4469942450523,1.38724184036255,-22.1337070465088,1.28390717506409,4.19444179534912,-0.328594088554382,3.24547505378723,0.276650249958038,0.7477512328286,0.406599717035834,-0.577738774331273
121718,0.0166685,16.4636627454311,1.38724184036255,-22.1337070465088,1.28390717506409,4.19444179534912,-0.328594088554382,3.24547505378723,0.276650249958038,0.7477512328286,0.406599717035834,-0.577738774331273
121720,0.0166663,16.4803290460259,1.38724184036255,-22.1337070465088,1.28390717506409,4.19444179534912,-0.328594088554382,3.24547505378723,0.276650249958038,0.7477512328286,0.406599717035834,-0.577738774331273
121724,0.0166673,16.4969963468611,1.38724184036255,-22.1337070465088,1.28390717506409,4.19444179534912,-0.328594088554382,3.24547505378723,0.276650249958038,0.7477512328286,0.406599717035834,-0.577738774331273
121728,0.016667,16.5136633459479,1.38724184036255,-22.1337070465088,1.28390717506409,4.19444179534912,-0.328594088554382,3.24547505378723,0.276650249958038,0.7477512328286,0.406599717035834,-0.577738774331273
121732,0.0166661,16.530329445377,1.38724184036255,-22.1337070465088,1.28390717506409,4.19444179534912,-0.328594088554382,3.24547505378723,0.276650249958038,0.7477512328286,0.406599717035834,-0.577738774331273
121736,0.0166666,16.5469960458577,1.38724184036255,-22.1337070465088,1.28390717506409,4.19444179534912,-0.328594088554382,3.24547505378723,0.276650249958038,0.7477512328286,0.406599717035834,-0.577738774331273
121740,0.0166887,16.563684746623,1.38724184036255,-22.1337070465088,1.28390717506409,4.19444179534912,-0.328594088554382,3.24547505378723,0.276650249958038,0.7477512328286,0.406599717035834,-0.577738774331273
121742,0.0220216,16.585706345737,1.38724184036255,-22.1337070465088,1.28390717506409,4.19444179534912,-0.328594088554382,3.24547505378723,0.276650249958038,0.7477512328286,0.406599717035834,-0.577738774331273
121748,0.0166672,16.6023735459894,1.38724184036255,-22.1337070465088,1.28390717506409,4.19444179534912,-0.328594088554382,3.24547505378723,0.276650249958038,0.7477512328286,0.406599717035834,-0.577738774331273
121750,0.0177087,16.6200822461396,1.38724184036255,-22.1337070465088,1.28390717506409,4.19444179534912,-0.328594088554382,3.24547505378723,0.276650249958038,0.7477512328286,0.406599717035834,-0.577738774331273
121754,0.0166776,16.6367598455399,1.38724184036255,-22.1337070465088,1.28390717506409,4.19444179534912,-0.328594088554382,3.24547505378723,0.276650249958038,0.7477512328286,0.406599717035834,-0.577738774331273
121756,0.0183124,16.6550722457469,1.38724184036255,-22.1337070465088,1.28390717506409,4.19444179534912,-0.328594088554382,3.24547505378723,0.276650249958038,0.7477512328286,0.406599717035834,-0.577738774331273
121760,0.0166672,16.6717394459993,1.38724184036255,-22.1337070465088,1.28390717506409,4.19444179534912,-0.328594088554382,3.24547505378723,0.276650249958038,0.7477512328286,0.406599717035834,-0.577738774331273
121764,0.0170269,16.6887663453817,1.38724184036255,-22.1337070465088,1.28390717506409,4.19444179534912,-0.328594088554382,3.24547505378723,0.276650249958038,0.7477512328286,0.406599717035834,-0.577738774331273
121768,0.0166673,16.705433646217,-2.21505308151245,-17.408670425415,-2.32235503196716,5.51158046722412,0.333332180976868,1.34575569629669,-0.346823871135712,2.70479439057163,-9.65451191633011,-3.98823217342915
121770,0.0180357,16.7234693467617,-2.21505308151245,-17.408670425415,-2.32235503196716,5.51158046722412,0.333332180976868,1.34575569629669,-0.346823871135712,2.70479439057163,-9.65451191633011,-3.98823217342915
121774,0.0170417,16.7405110467225,2.1132550239563,-25.1726474761963,2.06149506568909,8.01890468597412,-0.710368990898132,3.27843403816223,0.0322044640779495,2.21383733732406,-7.61921653173427,-2.70432637280213
121778,0.0181599,16.7586709465832,2.1132550239563,-25.1726474761963,2.06149506568909,8.01890468597412,-0.710368990898132,3.27843403816223,0.0322044640779495,2.21383733732406,-7.61921653173427,-2.70432637280213
121782,0.0166673,16.7753382474184,2.1132550239563,-25.1726474761963,2.06149506568909,8.01890468597412,-0.710368990898132,3.27843403816223,0.0322044640779495,2.21383733732406,-7.61921653173427,-2.70432637280213
121784,0.0176265,16.7929647471756,3.21219301223755,-22.7010288238525,3.31515717506409,4.59117031097412,-0.978618502616882,2.60369038581848,0.270241558551788,1.31991739277519,-3.49999520772391,1.14541634045419
121788,0.0166682,16.8096329476684,3.21219301223755,-22.7010288238525,3.31515717506409,4.59117031097412,-0.978618502616882,2.60369038581848,0.270241558551788,1.31991739277519,-3.49999520772391,1.14541634045419
121790,0.0183755,16.8280084468424,3.21219301223755,-22.7010288238525,3.31515717506409,4.59117031097412,-0.978618502616882,2.60369038581848,0.270241558551788,1.31991739277519,-3.49999520772391,1.14541634045419
121796,0.016668,16.8446764461696,1.8355450630188,-22.8240146636963,2.06149506568909,5.63456630706787,-0.674663424491882,2.80602192878723,0.21897204220295,0.611177419163427,-1.85580813000115,1.71444764804908
121798,0.0167718,16.8614482469857,1.8355450630188,-22.8240146636963,2.06149506568909,5.63456630706787,-0.674663424491882,2.80602192878723,0.21897204220295,0.611177419163427,-1.85580813000115,1.71444764804908
121802,0.0166686,16.8781168460846,-0.763026654720306,-21.5624179840088,-0.342679798603058,6.60258388519287,-0.0301321838051081,2.67510151863098,0.2125633507967,0.743479735926821,1.30805061133214,1.36816838517851
121804,0.0189836,16.8971004467458,-0.763026654720306,-21.5624179840088,-0.342679798603058,6.60258388519287,-0.0301321838051081,2.67510151863098,0.2125633507967,0.743479735926821,1.30805061133214,1.36816838517851
121810,0.0166669,16.9137673471123,-2.41341733932495,-17.67844581604,-1.89785552024841,6.57878017425537,0.326923489570618,2.39403462409973,0.257424175739288,0.9756633825711,-0.999676193881106,2.0682034803814
121812,0.0180056,16.9317729473114,-2.41341733932495,-17.67844581604,-1.89785552024841,6.57878017425537,0.326923489570618,2.39403462409973,0.257424175739288,0.9756633825711,-0.999676193881106,2.0682034803814
121816,0.0195958,16.951368747279,-2.41341733932495,-17.67844581604,-1.89785552024841,6.57878017425537,0.326923489570618,2.39403462409973,0.257424175739288,0.9756633825711,-0.999676193881106,2.0682034803814
121822,0.0175952,16.9689639471471,-2.36580991744995,-20.7213535308838,-1.64791655540466,8.98692226409912,0.618976712226868,2.45262837409973,0.373696148395538,1.02322280749505,-1.92089375442441,0.939328531661197
121824,0.0195874,16.9885513465852,-2.36580991744995,-20.7213535308838,-1.64791655540466,8.98692226409912,0.618976712226868,2.45262837409973,0.373696148395538,1.02322280749505,-1.92089375442441,0.939328531661197
121828,0.0166688,17.0052201468498,-2.36580991744995,-20.7213535308838,-1.64791655540466,8.98692226409912,0.618976712226868,2.45262837409973,0.373696148395538,1.02322280749505,-1.92089375442441,0.939328531661197
121830,0.0170475,17.0222676470876,-2.36580991744995,-20.7213535308838,-1.64791655540466,8.98692226409912,0.618976712226868,2.45262837409973,0.373696148395538,1.02322280749505,-1.92089375442441,0.939328531661197
121834,0.0166666,17.0389342475683,-2.36580991744995,-20.7213535308838,-1.64791655540466,8.98692226409912,0.618976712226868,2.45262837409973,0.373696148395538,1.02322280749505,-1.92089375442441,0.939328531661197
121836,0.0170686,17.0560028478503,-2.36580991744995,-20.7213535308838,-1.64791655540466,8.98692226409912,0.618976712226868,2.45262837409973,0.373696148395538,1.02322280749505,-1.92089375442441,0.939328531661197
121842,0.0166672,17.0726700481027,-2.36580991744995,-20.7213535308838,-1.64791655540466,8.98692226409912,0.618976712226868,2.45262837409973,0.373696148395538,1.02322280749505,-1.92089375442441,0.939328531661197
121844,0.0166664,17.0893364474177,-2.36580991744995,-20.7213535308838,-1.64791655540466,8.98692226409912,0.618976712226868,2.45262837409973,0.373696148395538,1.02322280749505,-1.92089375442441,0.939328531661197
121848,0.0166676,17.1060040481389,-2.36580991744995,-20.7213535308838,-1.64791655540466,8.98692226409912,0.618976712226868,2.45262837409973,0.373696148395538,1.02322280749505,-1.92089375442441,0.939328531661197
121850,0.0166663,17.1226703487337,-2.36580991744995,-20.7213535308838,-1.64791655540466,8.98692226409912,0.618976712226868,2.45262837409973,0.373696148395538,1.02322280749505,-1.92089375442441,0.939328531661197
121856,0.0166664,17.1393367480487,-1.04073667526245,-19.4597568511963,-0.671964466571808,5.26164150238037,0.201496228575706,2.55058979988098,0.00656969845294952,1.41840477520783,-3.7051001284076,1.58377876858892
121860,0.0225157,17.1618524473161,-1.04073667526245,-19.4597568511963,-0.671964466571808,5.26164150238037,0.201496228575706,2.55058979988098,0.00656969845294952,1.41840477520783,-3.7051001284076,1.58377876858892
121862,0.0191033,17.1809557471424,1.36343812942505,-22.28049659729,1.68460297584534,8.71317958831787,-0.185771837830544,3.23906636238098,0.289467632770538,-2.01222902217461,-0.440991714434959,5.20807434983301
121866,0.0166741,17.1976298466325,1.36343812942505,-22.28049659729,1.68460297584534,8.71317958831787,-0.185771837830544,3.23906636238098,0.289467632770538,-2.01222902217461,-0.440991714434959,5.20807434983301
121868,0.0189817,17.2166115473956,1.7879376411438,-21.48703956604,2.36300873756409,6.10667324066162,-0.442119479179382,2.51122212409973,0.328835308551788,5.58497620724318,0.881238523137355,-7.53260707011634
121874,0.0166683,17.2332798466086,1.7879376411438,-21.48703956604,2.36300873756409,6.10667324066162,-0.442119479179382,2.51122212409973,0.328835308551788,5.58497620724318,0.881238523137355,-7.53260707011634
121876,0.018749,17.2520288471133,1.7879376411438,-21.48703956604,2.36300873756409,6.10667324066162,-0.442119479179382,2.51122212409973,0.328835308551788,5.58497620724318,0.881238523137355,-7.53260707011634
121880,0.0166678,17.2686966471374,1.4864239692688,-20.7213535308838,2.18844819068909,11.3474569320679,-0.197673693299294,2.81334614753723,0.289467632770538,-0.164147400810644,2.53385294598845,1.71320580014732
121884,0.0188632,17.2875598464161,1.4864239692688,-20.7213535308838,2.18844819068909,11.3474569320679,-0.197673693299294,2.81334614753723,0.289467632770538,-0.164147400810644,2.53385294598845,1.71320580014732
121888,0.0166674,17.3042272459716,1.4864239692688,-20.7213535308838,2.18844819068909,11.3474569320679,-0.197673693299294,2.81334614753723,0.289467632770538,-0.164147400810644,2.53385294598845,1.71320580014732
121890,0.0168093,17.3210365455598,1.4864239692688,-20.7213535308838,2.18844819068909,11.3474569320679,-0.197673693299294,2.81334614753723,0.289467632770538,-0.164147400810644,2.53385294598845,1.71320580014732
121894,0.0166692,17.3377057462931,1.4864239692688,-20.7213535308838,2.18844819068909,11.3474569320679,-0.197673693299294,2.81334614753723,0.289467632770538,-0.164147400810644,2.53385294598845,1.71320580014732
121896,0.0166647,17.3543704468757,1.4864239692688,-20.7213535308838,2.18844819068909,11.3474569320679,-0.197673693299294,2.81334614753723,0.289467632770538,-0.164147400810644,2.53385294598845,1.71320580014732
121902,0.0166668,17.3710372466594,1.4864239692688,-20.7213535308838,2.18844819068909,11.3474569320679,-0.197673693299294,2.81334614753723,0.289467632770538,-0.164147400810644,2.53385294598845,1.71320580014732
121904,0.0191236,17.3901608474553,1.4864239692688,-20.7213535308838,2.18844819068909,11.3474569320679,-0.197673693299294,2.81334614753723,0.289467632770538,-0.164147400810644,2.53385294598845,1.71320580014732
121908,0.0166686,17.4068294465542,1.4864239692688,-20.7213535308838,2.18844819068909,11.3474569320679,-0.197673693299294,2.81334614753723,0.289467632770538,-0.164147400810644,2.53385294598845,1.71320580014732
121910,0.0166659,17.4234953466803,1.4864239692688,-20.7213535308838,2.18844819068909,11.3474569320679,-0.197673693299294,2.81334614753723,0.289467632770538,-0.164147400810644,2.53385294598845,1.71320580014732
121914,0.0166675,17.4401628468186,1.4864239692688,-20.7213535308838,2.18844819068909,11.3474569320679,-0.197673693299294,2.81334614753723,0.289467632770538,-0.164147400810644,2.53385294598845,1.71320580014732
121916,0.0166665,17.4568293467164,-0.513087689876556,-18.8408603668213,-0.195890247821808,5.90830898284912,-0.0365408733487129,2.57073140144348,0.0514305382966995,1.96034833554571,-2.71370919868423,0.403621324574849
121920,0.0166673,17.4734966475517,-0.513087689876556,-18.8408603668213,-0.195890247821808,5.90830898284912,-0.0365408733487129,2.57073140144348,0.0514305382966995,1.96034833554571,-2.71370919868423,0.403621324574849
121922,0.0166666,17.4901632480323,-0.513087689876556,-18.8408603668213,-0.195890247821808,5.90830898284912,-0.0365408733487129,2.57073140144348,0.0514305382966995,1.96034833554571,-2.71370919868423,0.403621324574849
121926,0.0166685,17.5068317484111,1.9386944770813,-21.1418857574463,2.43838715553284,9.53440761566162,-0.370708346366882,3.23174214363098,0.289467632770538,-1.81676588815265,-1.24141030281252,4.51959103185097
121930,0.0166721,17.5235038492829,1.9386944770813,-21.1418857574463,2.43838715553284,9.53440761566162,-0.370708346366882,3.23174214363098,0.289467632770538,-1.81676588815265,-1.24141030281252,4.51959103185097
121934,0.0166612,17.5401650499552,2.2878155708313,-23.6412754058838,2.83908295631409,9.35984706878662,-0.406413912773132,3.21251606941223,0.276650249958038,4.85760307841556,1.57978930149984,-4.6788846358612
121936,0.0166663,17.5568313505501,2.2878155708313,-23.6412754058838,2.83908295631409,9.35984706878662,-0.406413912773132,3.21251606941223,0.276650249958038,4.85760307841556,1.57978930149984,-4.6788846358612
121942,0.016667,17.5734983496368,2.2878155708313,-23.6412754058838,2.83908295631409,9.35984706878662,-0.406413912773132,3.21251606941223,0.276650249958038,4.85760307841556,1.57978930149984,-4.6788846358612
121944,0.0166662,17.5901645496488,2.23624086380005,-22.1575107574463,2.93826508522034,10.0303182601929,-0.323100924491882,3.00286030769348,0.289467632770538,3.83240878354086,1.93168929062936,-2.70366715885555
121948,0.0174227,17.6075872499496,2.23624086380005,-22.1575107574463,2.93826508522034,10.0303182601929,-0.323100924491882,3.00286030769348,0.289467632770538,3.83240878354086,1.93168929062936,-2.70366715885555
121950,0.0173623,17.6249495502561,2.23624086380005,-22.1575107574463,2.93826508522034,10.0303182601929,-0.323100924491882,3.00286030769348,0.289467632770538,3.83240878354086,1.93168929062936,-2.70366715885555
121956,0.0166675,17.6416170503944,2.23624086380005,-22.1575107574463,2.93826508522034,10.0303182601929,-0.323100924491882,3.00286030769348,0.289467632770538,3.83240878354086,1.93168929062936,-2.70366715885555
121958,0.019549,17.66116604954,2.23624086380005,-22.1575107574463,2.93826508522034,10.0303182601929,-0.323100924491882,3.00286030769348,0.289467632770538,3.83240878354086,1.93168929062936,-2.70366715885555
121962,0.0166682,17.6778342500329,2.23624086380005,-22.1575107574463,2.93826508522034,10.0303182601929,-0.323100924491882,3.00286030769348,0.289467632770538,3.83240878354086,1.93168929062936,-2.70366715885555
121964,0.0166668,17.6945010498166,2.23624086380005,-22.1575107574463,2.93826508522034,10.0303182601929,-0.323100924491882,3.00286030769348,0.289467632770538,3.83240878354086,1.93168929062936,-2.70366715885555
121970,0.0166662,17.7111672498286,2.23624086380005,-22.1575107574463,2.93826508522034,10.0303182601929,-0.323100924491882,3.00286030769348,0.289467632770538,3.83240878354086,1.93168929062936,-2.70366715885555
121972,0.0183598,17.7295270506293,2.23624086380005,-22.1575107574463,2.93826508522034,10.0303182601929,-0.323100924491882,3.00286030769348,0.289467632770538,3.83240878354086,1.93168929062936,-2.70366715885555
121976,0.0166668,17.746193850413,-1.08834409713745,-17.80539894104,-0.445829212665558,7.27305507659912,-0.00083530880510807,2.61650776863098,0.12925036251545,3.42236179928318,-1.47259555336476,-2.15235653983678
121978,0.0197635,17.7659573499113,-1.08834409713745,-17.80539894104,-0.445829212665558,7.27305507659912,-0.00083530880510807,2.61650776863098,0.12925036251545,3.42236179928318,-1.47259555336476,-2.15235653983678
121984,0.016668,17.7826253492385,-1.08834409713745,-17.80539894104,-0.445829212665558,7.27305507659912,-0.00083530880510807,2.61650776863098,0.12925036251545,3.42236179928318,-1.47259555336476,-2.15235653983678
121988,0.0226902,17.8053155485541,0.887363970279694,-21.26487159729,1.43466401100159,8.51481533050537,-0.280986666679382,3.06145405769348,0.335243999958038,-1.5802723031675,-1.56718158712255,3.86708661973863
121990,0.016667,17.8219825476408,0.887363970279694,-21.26487159729,1.43466401100159,8.51481533050537,-0.280986666679382,3.06145405769348,0.335243999958038,-1.5802723031675,-1.56718158712255,3.86708661973863
121994,0.0166682,17.8386507481337,2.56155824661255,-23.0699863433838,3.16440033912659,10.2286825180054,-0.382610201835632,3.38921284675598,0.295876324176788,3.74215743590273,0.622092458158469,-3.76999289908023
121996,0.0172275,17.8558782488108,2.41080141067505,-20.5745639801025,3.14059662818909,8.14189052581787,-0.489726901054382,2.79961323738098,0.309609234333038,3.30107318937035,2.41476075163111,-3.15699293670079
122002,0.0166687,17.8725469484925,2.41080141067505,-20.5745639801025,3.14059662818909,8.14189052581787,-0.489726901054382,2.79961323738098,0.309609234333038,3.30107318937035,2.41476075163111,-3.15699293670079
122004,0.0166656,17.8892125487328,2.41080141067505,-20.5745639801025,3.14059662818909,8.14189052581787,-0.489726901054382,2.79961323738098,0.309609234333038,3.30107318937035,2.41476075163111,-3.15699293670079
122008,0.0166674,17.9058799482882,2.03787660598755,-21.39182472229,2.86288666725159,12.0655355453491,-0.226970568299294,2.99004292488098,0.251015484333038,1.36034953158027,3.3304594637367,-3.14180965178575
122010,0.0166659,17.9225458484143,2.03787660598755,-21.39182472229,2.86288666725159,12.0655355453491,-0.226970568299294,2.99004292488098,0.251015484333038,1.36034953158027,3.3304594637367,-3.14180965178575
122014,0.0166678,17.9392136484385,2.03787660598755,-21.39182472229,2.86288666725159,12.0655355453491,-0.226970568299294,2.99004292488098,0.251015484333038,1.36034953158027,3.3304594637367,-3.14180965178575
122016,0.0166665,17.9558801483363,2.03787660598755,-21.39182472229,2.86288666725159,12.0655355453491,-0.226970568299294,2.99004292488098,0.251015484333038,1.36034953158027,3.3304594637367,-3.14180965178575
122020,0.0166671,17.9725472480059,2.03787660598755,-21.39182472229,2.86288666725159,12.0655355453491,-0.226970568299294,2.99004292488098,0.251015484333038,1.36034953158027,3.3304594637367,-3.14180965178575
122024,0.0166659,17.989213148132,2.03787660598755,-21.39182472229,2.86288666725159,12.0655355453491,-0.226970568299294,2.99004292488098,0.251015484333038,1.36034953158027,3.3304594637367,-3.14180965178575
122028,0.0166667,18.0058798473328,2.03787660598755,-21.39182472229,2.86288666725159,12.0655355453491,-0.226970568299294,2.99004292488098,0.251015484333038,1.36034953158027,3.3304594637367,-3.14180965178575
122032,0.0166673,18.0225471481681,2.03787660598755,-21.39182472229,2.86288666725159,12.0655355453491,-0.226970568299294,2.99004292488098,0.251015484333038,1.36034953158027,3.3304594637367,-3.14180965178575
122034,0.0167715,18.0393186490983,2.03787660598755,-21.39182472229,2.86288666725159,12.0655355453491,-0.226970568299294,2.99004292488098,0.251015484333038,1.36034953158027,3.3304594637367,-3.14180965178575
122038,0.0166678,18.0559864491224,2.03787660598755,-21.39182472229,2.86288666725159,12.0655355453491,-0.226970568299294,2.99004292488098,0.251015484333038,1.36034953158027,3.3304594637367,-3.14180965178575
122040,0.0168507,18.0728371497244,-1.1399188041687,-18.5710849761963,-0.568815052509308,7.22544765472412,0.141986951231956,2.64305806159973,0.0779808312654495,2.78011553321459,-1.27790711332007,-0.857188740780206
122044,0.0166675,18.0895046498626,-0.739222943782806,-18.3965244293213,-0.144315540790558,6.97550868988037,-0.00632847286760807,2.57714009284973,0.0843895226716995,2.08652379232192,-1.67957416241388,0.2387289619413
122050,0.0183197,18.1078243497759,1.03812074661255,-20.0310459136963,1.83535981178284,8.46720790863037,-0.245281115174294,2.93694233894348,0.335243999958038,-2.32894842786902,-2.18397243288579,4.81193052823283
122052,0.02074,18.128564350307,1.43484926223755,-20.3008213043213,2.23605561256409,9.43522548675537,-0.274577975273132,3.09441304206848,0.348061382770538,-2.0091707213791,-2.26991813655309,5.25765442660357
122056,0.0166679,18.145232250914,1.43484926223755,-20.3008213043213,2.23605561256409,9.43522548675537,-0.274577975273132,3.09441304206848,0.348061382770538,-2.0091707213791,-2.26991813655309,5.25765442660357
122058,0.0166655,18.1618977505714,2.2878155708313,-21.1656894683838,3.06521821022034,11.7441854476929,-0.328594088554382,3.24547505378723,0.316017925739288,1.14552578538105,-0.694012910831537,1.87119262782116
122062,0.0166684,18.1785661503673,2.9384503364563,-22.1337070465088,3.76742768287659,9.95493984222412,-0.435710787773132,2.93694233894348,0.289467632770538,3.60014082512593,2.85530501818018,-3.06364745270054
122064,0.0168996,18.1954657509923,2.9384503364563,-22.1337070465088,3.76742768287659,9.95493984222412,-0.435710787773132,2.93694233894348,0.289467632770538,3.60014082512593,2.85530501818018,-3.06364745270054
122070,0.0174979,18.2129636518657,0.161350786685944,-20.1024570465088,1.23629975318909,9.23686122894287,-0.0722464397549629,2.70806050300598,0.289467632770538,-4.53734133567828,3.32873819911218,7.84031681893583
122074,0.0188581,18.231821751222,0.161350786685944,-20.1024570465088,1.23629975318909,9.23686122894287,-0.0722464397549629,2.70806050300598,0.289467632770538,-4.53734133567828,3.32873819911218,7.84031681893583
122076,0.020091,18.2519127503037,0.161350786685944,-20.1024570465088,1.23629975318909,9.23686122894287,-0.0722464397549629,2.70806050300598,0.289467632770538,-4.53734133567828,3.32873819911218,7.84031681893583
122080,0.0166672,18.2685799505562,0.0105939507484436,-17.8768100738525,0.958589732646942,11.5458211898804,0.136493787169456,2.55699849128723,0.270241558551788,-2.62926111783493,0.785992017595936,5.56060206538332
122084,0.0197885,18.2883684504777,0.0105939507484436,-17.8768100738525,0.958589732646942,11.5458211898804,0.136493787169456,2.55699849128723,0.270241558551788,-2.62926111783493,0.785992017595936,5.56060206538332
122088,0.0166687,18.3050371501595,0.0105939507484436,-17.8768100738525,0.958589732646942,11.5458211898804,0.136493787169456,2.55699849128723,0.270241558551788,-2.62926111783493,0.785992017595936,5.56060206538332
122090,0.0202004,18.3252375498414,0.0105939507484436,-17.8768100738525,0.958589732646942,11.5458211898804,0.136493787169456,2.55699849128723,0.270241558551788,-2.62926111783493,0.785992017595936,5.56060206538332
122096,0.0166683,18.3419058490545,0.0105939507484436,-17.8768100738525,0.958589732646942,11.5458211898804,0.136493787169456,2.55699849128723,0.270241558551788,-2.62926111783493,0.785992017595936,5.56060206538332
122098,0.0171658,18.359071649611,0.0105939507484436,-17.8768100738525,0.958589732646942,11.5458211898804,0.136493787169456,2.55699849128723,0.270241558551788,-2.62926111783493,0.785992017595936,5.56060206538332
122102,0.0166685,18.3757401499897,0.0105939507484436,-17.8768100738525,0.958589732646942,11.5458211898804,0.136493787169456,2.55699849128723,0.270241558551788,-2.62926111783493,0.785992017595936,5.56060206538332
122104,0.0185418,18.3942819498479,0.0105939507484436,-17.8768100738525,0.958589732646942,11.5458211898804,0.136493787169456,2.55699849128723,0.270241558551788,-2.62926111783493,0.785992017595936,5.56060206538332
122108,0.0166676,18.4109495505691,0.0105939507484436,-17.8768100738525,0.958589732646942,11.5458211898804,0.136493787169456,2.55699849128723,0.270241558551788,-2.62926111783493,0.785992017595936,5.56060206538332
122112,0.017485,18.4284345507622,0.0105939507484436,-17.8768100738525,0.958589732646942,11.5458211898804,0.136493787169456,2.55699849128723,0.270241558551788,-2.62926111783493,0.785992017595936,5.56060206538332
122114,0.016667,18.4451015498489,-1.2906756401062,-17.2103061676025,-0.342679798603058,8.43943691253662,0.309528470039368,2.62291646003723,0.0972069054841995,-2.12081145947083,-3.04128097845652,5.69543010187158
122116,0.0166681,18.4617696497589,-1.2906756401062,-17.2103061676025,-0.342679798603058,8.43943691253662,0.309528470039368,2.62291646003723,0.0972069054841995,-2.12081145947083,-3.04128097845652,5.69543010187158
122120,0.016667,18.4784366488457,-1.2906756401062,-17.2103061676025,-0.342679798603058,8.43943691253662,0.309528470039368,2.62291646003723,0.0972069054841995,-2.12081145947083,-3.04128097845652,5.69543010187158
122124,0.0166671,18.4951037485152,0.236729204654694,-21.3164463043213,0.859407603740692,17.6792449951172,0.392841458320618,3.25188374519348,0.16770251095295,0.648155477705543,2.19724117864155,0.882505224290432
122128,0.0166668,18.511770548299,0.236729204654694,-21.3164463043213,0.859407603740692,17.6792449951172,0.392841458320618,3.25188374519348,0.16770251095295,0.648155477705543,2.19724117864155,0.882505224290432
122130,0.0166676,18.5284381490201,0.236729204654694,-21.3164463043213,0.859407603740692,17.6792449951172,0.392841458320618,3.25188374519348,0.16770251095295,0.648155477705543,2.19724117864155,0.882505224290432
122136,0.0166662,18.545104349032,0.260532915592194,-22.05832862854,1.10934662818909,15.7432088851929,0.386432766914368,3.04222798347473,0.309609234333038,0,0,0
122138,0.0166683,18.5617726482451,0.260532915592194,-22.05832862854,1.10934662818909,15.7432088851929,0.386432766914368,3.04222798347473,0.309609234333038,0,0,0
122142,0.0166653,18.5784379485995,-0.338527143001556,-21.1180820465088,0.506319224834442,13.6564168930054,0.374530911445618,3.24547505378723,0.367287456989288,0,0,0
122144,0.016667,18.5951049476862,-0.338527143001556,-21.1180820465088,0.506319224834442,13.6564168930054,0.374530911445618,3.24547505378723,0.367287456989288,0,0,0
122148,0.016667,18.6117719467729,0.609654009342194,-19.58274269104,1.60922455787659,12.1924886703491,0.279316067695618,2.18437886238098,0.328835308551788,0,0,0
122150,0.0166661,18.6284380462021,0.609654009342194,-19.58274269104,1.60922455787659,12.1924886703491,0.279316067695618,2.18437886238098,0.328835308551788,0,0,0
122156,0.0175604,18.6459984462708,0.185154497623444,-19.6819248199463,1.35928559303284,11.2244710922241,0.309528470039368,2.50481343269348,0.328835308551788,0,0,0
122160,0.0192495,18.6652479469776,0.887363970279694,-18.5710849761963,1.91073822975159,10.8991537094116,0.0769845172762871,2.70165181159973,0.341652691364288,0,0,0
122162,0.0194749,18.6847228463739,0.887363970279694,-18.5710849761963,1.91073822975159,10.8991537094116,0.0769845172762871,2.70165181159973,0.341652691364288,0,0,0
122168,0.0166681,18.7013909462839,1.1611065864563,-16.4168491363525,2.28763031959534,12.5376424789429,0.00557338260114193,2.55058979988098,0.335243999958038,0,0,0
122170,0.0195377,18.7209286466241,1.1611065864563,-16.4168491363525,2.28763031959534,12.5376424789429,0.00557338260114193,2.55058979988098,0.335243999958038,0,0,0
122174,0.0166672,18.7375958468765,0.887363970279694,-16.6905918121338,2.33523774147034,14.0055379867554,0.153888806700706,2.70806050300598,0.354470074176788,0,0,0
122176,0.0169041,18.7544999476522,0.887363970279694,-16.6905918121338,2.33523774147034,14.0055379867554,0.153888806700706,2.70806050300598,0.354470074176788,0,0,0
122182,0.0166679,18.7711678482592,1.0103497505188,-17.7300205230713,2.43838715553284,14.5768270492554,0.333332180976868,2.09191060066223,0.348061382770538,0,0,0
122184,0.0206063,18.7917741481215,-2.6633563041687,-19.6819248199463,-0.945707142353058,14.2515096664429,0.839618802070618,1.81084358692169,0.354470074176788,-3.46008895282742,7.87878950233019,2.26650686742232
122188,0.0166686,18.8084427472204,-2.6633563041687,-19.6819248199463,-0.945707142353058,14.2515096664429,0.839618802070618,1.81084358692169,0.354470074176788,-3.46008895282742,7.87878950233019,2.26650686742232
122190,0.0174301,18.8258728478104,-4.21456480026245,-17.1587314605713,-2.79842925071716,13.5810384750366,0.839618802070618,2.05345845222473,0.335243999958038,-3.58830743235661,7.49248724030079,2.9392940864955
122196,0.0166667,18.8425395470113,-3.9646258354187,-19.2613925933838,-2.22317290306091,15.5448446273804,0.887226223945618,2.52495503425598,0.00656969845294952,-0.596327954098413,4.14160081135367,2.23469361536496
122198,0.0199434,18.8624829463661,-3.9646258354187,-19.2613925933838,-2.22317290306091,15.5448446273804,0.887226223945618,2.52495503425598,0.00656969845294952,-0.596327954098413,4.14160081135367,2.23469361536496
122202,0.0166669,18.8791498467326,-4.53988218307495,-18.9678134918213,-2.69924712181091,13.3588705062866,0.786518216133118,1.66619026660919,-0.308371722698212,-3.29339841377699,-0.177763239981428,3.44591199633119
122204,0.016668,18.8958178460598,-4.53988218307495,-18.9678134918213,-2.69924712181091,13.3588705062866,0.786518216133118,1.66619026660919,-0.308371722698212,-3.29339841377699,-0.177763239981428,3.44591199633119
122210,0.0166665,18.9124843459576,-4.53988218307495,-18.9678134918213,-2.69924712181091,13.3588705062866,0.786518216133118,1.66619026660919,-0.308371722698212,-3.29339841377699,-0.177763239981428,3.44591199633119
122214,0.0191889,18.9316732455045,0.0343976616859436,-16.4168491363525,2.88669037818909,18.0283660888672,0.279316067695618,2.80602192878723,-0.301963031291962,0.104377060513756,0.283802496537999,2.16538729631356
122216,0.0220363,18.953709544614,0.0343976616859436,-16.4168491363525,2.88669037818909,18.0283660888672,0.279316067695618,2.80602192878723,-0.301963031291962,0.104377060513756,0.283802496537999,2.16538729631356
122218,0.0166672,18.9703767448664,0.0343976616859436,-16.4168491363525,2.88669037818909,18.0283660888672,0.279316067695618,2.80602192878723,-0.301963031291962,0.104377060513756,0.283802496537999,2.16538729631356
122224,0.0166672,18.9870439451188,1.38724184036255,-14.3657627105713,3.71585297584534,18.3735198974609,-0.155559435486794,2.70165181159973,-0.346823871135712,-4.05219109744254,2.06222539455684,3.13341358541386
122228,0.0195015,19.0065454449505,1.38724184036255,-14.3657627105713,3.71585297584534,18.3735198974609,-0.155559435486794,2.70165181159973,-0.346823871135712,-4.05219109744254,2.06222539455684,3.13341358541386
122230,0.0203405,19.0268859453499,0.661228716373444,-12.362283706665,3.39053559303284,21.7536468505859,0.160297498106956,2.72820210456848,-0.308371722698212,-1.80394493888253,1.32613696313363,2.18064851296853
122236,0.0166683,19.043554244563,0.661228716373444,-12.362283706665,3.39053559303284,21.7536468505859,0.160297498106956,2.72820210456848,-0.308371722698212,-1.80394493888253,1.32613696313363,2.18064851296853
122238,0.0208499,19.0644041448832,0.109776079654694,-13.1795444488525,4.36648750305176,19.8890228271484,0.165790662169456,2.45262837409973,-0.2250587195158,-1.85631095501654,-1.8532096811379,1.92601901799726
122242,0.0176026,19.0820067450404,0.312107622623444,-10.7793369293213,4.21573066711426,19.0717620849609,-0.221477404236794,2.72087788581848,-0.346823871135712,-2.22366320115584,-1.51284321938469,2.18450100693369
122246,0.0182157,19.1002224441618,0.260532915592194,-11.1522617340088,4.24350166320801,22.0988006591797,0.404743313789368,2.97631001472473,-0.282736957073212,-3.09583704104132,-0.384523626596435,2.18753195602378
122250,0.0166681,19.1168905440718,0.562046587467194,-10.5333652496338,4.46566963195801,22.5471038818359,0.148395642638206,3.10082173347473,-0.282736957073212,-3.55459054659091,-0.534415656719196,2.61534996563703
122252,0.016668,19.133558543399,0.562046587467194,-10.5333652496338,4.46566963195801,22.5471038818359,0.148395642638206,3.10082173347473,-0.282736957073212,-3.55459054659091,-0.534415656719196,2.61534996563703
122256,0.0166663,19.1502248439938,-0.0370134711265564,-8.03397560119629,3.46591401100159,20.3373260498047,0.214313611388206,2.36107563972473,-0.289145648479462,1.4656625217585,0.491080042510506,1.28653579473143
122258,0.016666,19.1668908447027,-0.0370134711265564,-8.03397560119629,3.46591401100159,20.3373260498047,0.214313611388206,2.36107563972473,-0.289145648479462,1.4656625217585,0.491080042510506,1.28653579473143
122262,0.0166692,19.183560045436,-0.663844525814056,-8.47831153869629,3.33896088600159,22.8684539794922,0.297626614570618,2.79961323738098,-0.391684710979462,-3.41735105584756,-1.50416406376881,3.08355814420512
122264,0.0166652,19.2002252452075,-0.663844525814056,-8.47831153869629,3.33896088600159,22.8684539794922,0.297626614570618,2.79961323738098,-0.391684710979462,-3.41735105584756,-1.50416406376881,3.08355814420512
122270,0.0166674,19.216892644763,-0.663844525814056,-8.47831153869629,3.33896088600159,22.8684539794922,0.297626614570618,2.79961323738098,-0.391684710979462,-3.41735105584756,-1.50416406376881,3.08355814420512
122272,0.0189323,19.2358249444515,0.212925493717194,-6.62558937072754,5.06869697570801,23.9396209716797,0.226215466856956,2.93053364753723,-0.378867328166962,0.181115828111026,0.497950325340557,1.4845434486872
122276,0.0166896,19.2525145448744,0.212925493717194,-6.62558937072754,5.06869697570801,23.9396209716797,0.226215466856956,2.93053364753723,-0.378867328166962,0.181115828111026,0.497950325340557,1.4845434486872
122278,0.0166689,19.2691834457219,0.212925493717194,-6.62558937072754,5.06869697570801,23.9396209716797,0.226215466856956,2.93053364753723,-0.378867328166962,0.181115828111026,0.497950325340557,1.4845434486872
122282,0.0166643,19.2858477458358,1.0103497505188,-4.02701759338379,5.56857490539551,24.4593353271484,0.369037747383118,3.00926899909973,-0.391684710979462,-4.58319128032486,0.896802088791389,2.59489893394877
122288,0.0166659,19.3025136459619,1.0103497505188,-4.02701759338379,5.56857490539551,24.4593353271484,0.369037747383118,3.00926899909973,-0.391684710979462,-4.58319128032486,0.896802088791389,2.59489893394877
122290,0.0169866,19.3195002451539,0.986546099185944,-3.90403175354004,5.09250068664551,22.6978607177734,0.642780423164368,2.40044331550598,-0.327597796916962,-1.89272811189273,0.361712677952082,3.84883165902381
122296,0.0191008,19.3386010453105,1.08572816848755,-3.16214942932129,5.46939277648926,21.4283294677734,0.547565579414368,2.35466694831848,-0.372458636760712,-0.109806373988801,0.499935560114303,2.85331430830612
122298,0.0220427,19.3606437444687,1.08572816848755,-3.16214942932129,5.46939277648926,21.4283294677734,0.547565579414368,2.35466694831848,-0.372458636760712,-0.109806373988801,0.499935560114303,2.85331430830612
122300,0.0166679,19.3773116450757,0.538242876529694,-4.34836769104004,5.41781806945801,22.9200286865234,0.911029934883118,1.92162239551544,-0.327597796916962,-2.23223243662733,1.07319837770461,3.11377790741365
122304,0.0166671,19.3939787447453,0.538242876529694,-4.34836769104004,5.41781806945801,22.9200286865234,0.911029934883118,1.92162239551544,-0.327597796916962,-2.23223243662733,1.07319837770461,3.11377790741365
122306,0.0166669,19.4106456451118,0.538242876529694,-4.34836769104004,5.41781806945801,22.9200286865234,0.911029934883118,1.92162239551544,-0.327597796916962,-2.23223243662733,1.07319837770461,3.11377790741365
122310,0.0166681,19.4273137450218,0.661228716373444,-4.39994239807129,5.69552803039551,22.6978607177734,0.774616360664368,2.50481343269348,-0.314780414104462,-1.22475927306091,2.07696589815418,2.37667313502281
122314,0.0166667,19.4439804442227,0.661228716373444,-4.39994239807129,5.69552803039551,22.6978607177734,0.774616360664368,2.50481343269348,-0.314780414104462,-1.22475927306091,2.07696589815418,2.37667313502281
122318,0.0166663,19.4606467448175,0.962742388248444,-3.60648536682129,5.82248115539551,23.2691497802734,1.01906216144562,1.96099007129669,-0.359641253948212,-0.282894587348817,1.88811609914777,2.21590080203689
122320,0.0166667,19.4773134440184,0.962742388248444,-3.60648536682129,5.82248115539551,23.2691497802734,1.01906216144562,1.96099007129669,-0.359641253948212,-0.282894587348817,1.88811609914777,2.21590080203689
122324,0.0166671,19.4939805436879,0.962742388248444,-3.60648536682129,5.82248115539551,23.2691497802734,1.01906216144562,1.96099007129669,-0.359641253948212,-0.282894587348817,1.88811609914777,2.21590080203689
122328,0.0166664,19.5106469430029,0.312107622623444,-2.96378517150879,5.67172431945801,22.0749969482422,1.01906216144562,2.76024556159973,-0.391684710979462,-2.5196486558267,0.978868039580369,2.35712431865504
122330,0.0166669,19.5273138433695,0.312107622623444,-2.96378517150879,5.67172431945801,22.0749969482422,1.01906216144562,2.76024556159973,-0.391684710979462,-2.5196486558267,0.978868039580369,2.35712431865504
122334,0.0166673,19.5439811442047,0.585850298404694,-3.28513526916504,5.74710273742676,21.7020721435547,1.05476772785187,3.02300190925598,-0.385276019573212,-2.59977488537935,0.889737463179989,2.7989018580459
122336,0.016666,19.5606471449137,0.685032427310944,-2.98758888244629,5.82248115539551,22.0273895263672,1.45393764972687,1.44371712207794,-0.321189105510712,0.547019386644603,3.33605492778174,2.30905131582903
122342,0.0166677,19.577314844355,0.685032427310944,-2.98758888244629,5.82248115539551,22.0273895263672,1.45393764972687,1.44371712207794,-0.321189105510712,0.547019386644603,3.33605492778174,2.30905131582903
122344,0.0166653,19.5939801447093,-0.413905560970306,-1.25785255432129,4.66800117492676,16.5128631591797,0.834125638008118,1.65978157520294,-0.410910785198212,-0.955166145718141,2.49373116549143,3.76348015686004
122348,0.017078,19.6110581438988,-0.413905560970306,-1.25785255432129,4.66800117492676,16.5128631591797,0.834125638008118,1.65978157520294,-0.410910785198212,-0.955166145718141,2.49373116549143,3.76348015686004
122352,0.0167539,19.627812044695,-0.0885881781578064,-0.19462014734745,4.54104804992676,15.4178915023804,0.839618802070618,1.45012581348419,-0.391684710979462,-1.5505101449439,2.54702573518561,3.3880462866985
122356,0.0166709,19.6444829441607,0.161350786685944,3.24501609802246,3.46591401100159,14.3030843734741,1.00716030597687,1.50963509082794,-0.385276019573212,-0.58033348509031,1.19627940083351,2.16109417966387
122358,0.0178347,19.6623176448047,0.161350786685944,3.24501609802246,3.46591401100159,14.3030843734741,1.00716030597687,1.50963509082794,-0.385276019573212,-0.58033348509031,1.19627940083351,2.16109417966387
122360,0.0166686,19.6789862439036,0.0859723687171936,2.30476951599121,3.36276459693909,15.8185873031616,1.09596645832062,1.80443489551544,-0.346823871135712,0.0740452199339779,1.33722072862525,2.12499471758469
122364,0.0166664,19.6956526432186,0.661228716373444,0.745626449584961,4.34268379211426,16.3383026123047,0.976947903633118,1.80443489551544,-0.366049945354462,2.14629803296644,2.06773489931075,2.37218506513653
122366,0.0166687,19.7123213429004,0.661228716373444,0.745626449584961,4.34268379211426,16.3383026123047,0.976947903633118,1.80443489551544,-0.366049945354462,2.14629803296644,2.06773489931075,2.37218506513653
122370,0.0166653,19.7289866432548,0.736607134342194,-1.97593116760254,4.76718330383301,18.7464447021484,1.20308315753937,1.94817268848419,-0.359641253948212,-1.246821600523,2.25371500685845,3.63604610289063
122374,0.0166672,19.7456538435072,0.736607134342194,-1.97593116760254,4.76718330383301,18.7464447021484,1.20308315753937,1.94817268848419,-0.359641253948212,-1.246821600523,2.25371500685845,3.63604610289063
122378,0.0166672,19.7623210437596,0.0105939507484436,-4.84427833557129,4.66800117492676,22.2495574951172,1.17927944660187,2.21001362800598,-0.385276019573212,2.63727371512902,1.40308393851546,3.29376420453871
122382,0.0166668,19.7789878435433,0.0105939507484436,-4.84427833557129,4.66800117492676,22.2495574951172,1.17927944660187,2.21001362800598,-0.385276019573212,2.63727371512902,1.40308393851546,3.29376420453871
122384,0.0166659,19.7956537436694,0.0105939507484436,-4.84427833557129,4.66800117492676,22.2495574951172,1.17927944660187,2.21001362800598,-0.385276019573212,2.63727371512902,1.40308393851546,3.29376420453871
122388,0.016668,19.8123217429966,-0.163966596126556,-7.36747169494629,4.81875801086426,24.1102142333984,1.27540981769562,2.37389302253723,-0.398093402385712,0.972578486589639,0.799579436923692,3.2468735008614
122390,0.0166668,19.8289885427803,-0.163966596126556,-7.36747169494629,4.81875801086426,24.1102142333984,1.27540981769562,2.37389302253723,-0.398093402385712,0.972578486589639,0.799579436923692,3.2468735008614
122396,0.0166673,19.8456558436155,0.161350786685944,-6.97074317932129,5.04489326477051,23.9118499755859,1.28090298175812,2.28874897956848,-0.378867328166962,1.46218442611421,1.44587898766253,3.80541009848624
122398,0.0166661,19.8623219430447,0.161350786685944,-6.97074317932129,5.04489326477051,23.9118499755859,1.28090298175812,2.28874897956848,-0.378867328166962,1.46218442611421,1.44587898766253,3.80541009848624
122402,0.0166669,19.8789888434112,0.0343976616859436,-6.94693946838379,4.96951484680176,23.7412567138672,1.31111538410187,2.24297261238098,-0.366049945354462,1.77894524528692,1.49011628852361,3.75274671985649
122404,0.0166666,19.8956554438919,0.0343976616859436,-7.29209327697754,4.91794013977051,23.6143035888672,1.26900112628937,2.32811665534973,-0.334006488323212,2.21428337736564,1.52232235334421,3.00540773746404
122408,0.0166669,19.9123223442584,0.0343976616859436,-7.29209327697754,4.91794013977051,23.6143035888672,1.26900112628937,2.32811665534973,-0.334006488323212,2.21428337736564,1.52232235334421,3.00540773746404
122414,0.0196003,19.9319226443768,0.312107622623444,-6.64939308166504,4.74337959289551,22.5233001708984,1.26350796222687,2.19078755378723,-0.366049945354462,1.45362636566975,1.22609500837922,3.48946100598862
122416,0.0176526,19.9495752435178,0.359715044498444,-6.67319679260254,4.79495429992676,22.4994964599609,1.27540981769562,2.20360493659973,-0.385276019573212,1.42098785986883,1.19549423674461,3.51729022173879
122418,0.0167096,19.9662848431617,0.359715044498444,-6.67319679260254,4.79495429992676,22.4994964599609,1.27540981769562,2.20360493659973,-0.385276019573212,1.42098785986883,1.19549423674461,3.51729022173879
122422,0.0166683,19.9829531423748,5.7631573677063,10.1441249847412,9.78183174133301,8.64176845550537,1.13167202472687,0.762564778327942,0.0257957726716995,-0.147437262982695,0.652810416242402,3.60423178415263
122426,0.0170701,20.0000232420862,5.7631573677063,10.1441249847412,9.78183174133301,8.64176845550537,1.13167202472687,0.762564778327942,0.0257957726716995,-0.147437262982695,0.652810416242402,3.60423178415263
122430,0.0166682,20.016691442579,6.86209535598755,13.1632289886475,10.8847370147705,5.23783779144287,0.988849759101868,0.421988606452942,0.0514305382966995,0.452594268442285,1.3608734022212,2.89799142083088
122432,0.0166661,20.0333575420082,7.29056215286255,13.0402431488037,12.5867023468018,9.26066493988037,1.27540981769562,1.60759651660919,0.20615465939045,4.10465798678166,4.7340055472576,-0.161825922247158
122436,0.0166684,20.0500259418041,7.29056215286255,13.0402431488037,12.5867023468018,9.26066493988037,1.27540981769562,1.60759651660919,0.20615465939045,4.10465798678166,4.7340055472576,-0.161825922247158
122438,0.018598,20.0686239413917,7.29056215286255,13.0402431488037,12.5867023468018,9.26066493988037,1.27540981769562,1.60759651660919,0.20615465939045,4.10465798678166,4.7340055472576,-0.161825922247158
122444,0.0166681,20.0852920413017,2.4385724067688,3.78853416442871,7.52444648742676,16.0407562255859,1.01265347003937,1.83647835254669,0.1612938195467,2.17092575313017,3.16911852827549,0.191665109581806
122446,0.0166658,20.101957840845,2.4385724067688,3.78853416442871,7.52444648742676,16.0407562255859,1.01265347003937,1.83647835254669,0.1612938195467,2.17092575313017,3.16911852827549,0.191665109581806
122450,0.0166696,20.1186274401844,2.4385724067688,3.78853416442871,7.52444648742676,16.0407562255859,1.01265347003937,1.83647835254669,0.1612938195467,2.17092575313017,3.16911852827549,0.191665109581806
122454,0.0190837,20.1377111393958,-1.73897886276245,-7.24051856994629,1.05777192115784,21.9004364013672,1.05476772785187,2.30156636238098,0.20615465939045,-4.93943239244817,2.26346326807682,1.47361533908957
122458,0.016667,20.1543781384826,-1.73897886276245,-7.24051856994629,1.05777192115784,21.9004364013672,1.05476772785187,2.30156636238098,0.20615465939045,-4.93943239244817,2.26346326807682,1.47361533908957
122460,0.0187393,20.1731174383312,-2.3380389213562,-6.99454689025879,-0.818754017353058,24.2609710693359,1.14357388019562,3.02941060066223,0.270241558551788,-0.498776203355547,1.11737313317885,-0.247542600792031
122464,0.0166677,20.1897851377726,-4.56368589401245,-12.1639194488525,-1.84628081321716,22.7454681396484,0.839618802070618,2.34093403816223,0.263832867145538,-0.56348496700798,0.749881358395198,-0.0590788635356473
122466,0.0185445,20.2083296384662,-4.56368589401245,-12.1639194488525,-1.84628081321716,22.7454681396484,0.839618802070618,2.34093403816223,0.263832867145538,-0.56348496700798,0.749881358395198,-0.0590788635356473
122472,0.0166674,20.2249970380217,-3.2901873588562,-16.34543800354,-1.04488921165466,23.2929534912109,1.01906216144562,2.96990132331848,0.251015484333038,-3.62447431375355,2.16052058426789,-0.24272532335295
122474,0.0177697,20.2427667379379,-3.2901873588562,-16.34543800354,-1.04488921165466,23.2929534912109,1.01906216144562,2.96990132331848,0.251015484333038,-3.62447431375355,2.16052058426789,-0.24272532335295
122478,0.0166676,20.259434338659,-2.0127215385437,-18.9916172027588,0.557893931865692,25.5503387451172,1.13167202472687,2.87834858894348,0.386513531208038,-1.40112413844655,1.84589740934017,-0.0369021596370624
122480,0.0188622,20.27829653956,-0.965358197689056,-26.3628330230713,1.45846772193909,30.7673187255859,1.26350796222687,3.57964253425598,0.354470074176788,0.929280535848312,2.03236188905575,1.07356048182683
122486,0.0166681,20.29496463947,-0.965358197689056,-26.3628330230713,1.45846772193909,30.7673187255859,1.26350796222687,3.57964253425598,0.354470074176788,0.929280535848312,2.03236188905575,1.07356048182683
122488,0.0166657,20.3116303402931,-1.21529722213745,-26.5850009918213,1.20852875709534,28.7797088623047,1.17378628253937,3.55309224128723,0.354470074176788,0.858460789140427,1.91386684029972,0.843576993802023
122492,0.0166671,20.3282974399626,-0.763026654720306,-31.9011631011963,1.53384613990784,29.3748016357422,1.02455532550812,3.39562153816223,0.348061382770538,0.52794201078859,1.38813715461039,0.0408793179638993
122496,0.0175011,20.3457985408604,-0.763026654720306,-31.9011631011963,1.53384613990784,29.3748016357422,1.02455532550812,3.39562153816223,0.348061382770538,0.52794201078859,1.38813715461039,0.0408793179638993
122500,0.0170506,20.3628491405398,-0.715419232845306,-29.9492588043213,1.05777192115784,29.3271942138672,1.49605190753937,3.37639546394348,0.392922222614288,2.16628459501799,1.55507112620826,-0.991136284557569
122502,0.0191089,20.3819580413401,-0.715419232845306,-29.9492588043213,1.05777192115784,29.3271942138672,1.49605190753937,3.37639546394348,0.392922222614288,2.16628459501799,1.55507112620826,-0.991136284557569
122506,0.016669,20.3986270409077,-0.715419232845306,-31.9011631011963,0.760225474834442,20.9562225341797,0.965046048164368,1.80443489551544,0.412148296833038,2.33226960278323,1.777993281662,-0.602547696007909
122510,0.0199359,20.4185629412532,-0.715419232845306,-31.9011631011963,0.760225474834442,20.9562225341797,0.965046048164368,1.80443489551544,0.412148296833038,2.33226960278323,1.777993281662,-0.602547696007909
122512,0.0172787,20.4358416404575,-0.814601361751556,-32.0757255554199,0.907015025615692,19.9167938232422,1.16737759113312,1.61400520801544,0.392922222614288,1.73736898854232,1.53737729353804,0.566114425522392
122514,0.0166682,20.4525098409504,-0.889979779720306,-31.0124912261963,0.0818197205662727,17.6038665771484,1.32851040363312,0.519950032234192,0.463417828083038,-0.325480347276009,0.840626453281792,0.718473869905196
122518,0.0166669,20.4691767413169,-0.889979779720306,-31.0124912261963,0.0818197205662727,17.6038665771484,1.32851040363312,0.519950032234192,0.463417828083038,-0.325480347276009,0.840626453281792,0.718473869905196
122522,0.0166669,20.4858436416835,-1.04073667526245,-31.2822666168213,0.0580160096287727,20.3611297607422,1.07216274738312,1.79070198535919,0.360878765583038,0.031883665416433,0.222748792291322,2.20876562837354
122524,0.0166673,20.5025109425187,-2.04049253463745,-33.5079154968262,-0.894132435321808,20.1389617919922,1.04835903644562,1.63414680957794,0.412148296833038,3.33979594473831,0.798077663582,0.289178822286032
122528,0.016669,20.5191799420863,-2.04049253463745,-33.5079154968262,-0.894132435321808,20.1389617919922,1.04835903644562,1.63414680957794,0.412148296833038,3.33979594473831,0.798077663582,0.289178822286032
122532,0.0166655,20.5358454417437,-0.513087689876556,-30.8141269683838,0.458711802959442,20.8848114013672,1.07216274738312,1.67351448535919,0.437783062458038,1.75437607614687,1.0866542054251,0.0996388835304526
122536,0.0166663,20.5525117423385,-0.513087689876556,-30.8141269683838,0.458711802959442,20.8848114013672,1.07216274738312,1.67351448535919,0.437783062458038,1.75437607614687,1.0866542054251,0.0996388835304526
122540,0.0166662,20.5691779423505,-0.513087689876556,-30.8141269683838,0.458711802959442,20.8848114013672,1.07216274738312,1.67351448535919,0.437783062458038,1.75437607614687,1.0866542054251,0.0996388835304526
122544,0.0166667,20.5858446415514,-0.0370134711265564,-29.1558017730713,0.883211314678192,21.9996185302734,1.11427700519562,2.00035786628723,0.418556988239288,4.30440662746856,0.738457475775272,0.0689669694414866
122546,0.0166663,20.6025109421462,-0.0370134711265564,-29.1558017730713,0.883211314678192,21.9996185302734,1.11427700519562,2.00035786628723,0.418556988239288,4.30440662746856,0.738457475775272,0.0689669694414866
122550,0.0166679,20.6191788427532,-0.0370134711265564,-29.1558017730713,0.883211314678192,21.9996185302734,1.11427700519562,2.00035786628723,0.418556988239288,4.30440662746856,0.738457475775272,0.0689669694414866
122552,0.0166665,20.635845342651,-0.0647844672203064,-27.5252475738525,0.982393443584442,21.6266937255859,1.17927944660187,1.97472298145294,0.367287456989288,0.714881885735798,0.569246040186747,0.657033950907706
122556,0.0166674,20.6525127422065,-0.0647844672203064,-27.5252475738525,0.982393443584442,21.6266937255859,1.17927944660187,1.97472298145294,0.367287456989288,0.714881885735798,0.569246040186747,0.657033950907706
122558,0.0166655,20.6691782418638,0.212925493717194,-26.8309726715088,1.26010346412659,21.2061614990234,1.18568813800812,1.85661995410919,0.424965679645538,0.614807096199779,0.633108494240862,0.618503352974798
122564,0.0166708,20.6858490426093,0.609654009342194,-25.3710117340088,1.56161713600159,20.8848114013672,1.23329555988312,1.85021126270294,0.418556988239288,1.60709444577486,0.713790221185746,0.213006279483596
122566,0.0166656,20.7025146428496,0.609654009342194,-25.3710117340088,1.56161713600159,20.8848114013672,1.23329555988312,1.85021126270294,0.418556988239288,1.60709444577486,0.713790221185746,0.213006279483596
122570,0.0166687,20.7191833425313,0.109776079654694,-24.8790683746338,1.18472504615784,19.8652191162109,1.11427700519562,1.73210823535919,0.380104839801788,0.793197711030425,0.801124374649932,-0.27330130562253
122572,0.0166651,20.73584844172,0.109776079654694,-24.8790683746338,1.18472504615784,19.8652191162109,1.11427700519562,1.73210823535919,0.380104839801788,0.793197711030425,0.801124374649932,-0.27330130562253
122574,0.0166688,20.7525172419846,0.109776079654694,-24.8790683746338,1.18472504615784,19.8652191162109,1.11427700519562,1.73210823535919,0.380104839801788,0.793197711030425,0.801124374649932,-0.27330130562253
122578,0.0166677,20.7691849414259,0.609654009342194,-25.20041847229,1.45846772193909,19.9405975341797,1.29921352863312,1.77147591114044,0.405739605426788,-0.244777600944495,0.531829785935354,-0.0109801905473505
122582,0.0166664,20.7858513407409,0.637425005435944,-25.20041847229,1.48623871803284,20.2143402099609,1.19118130207062,1.89598762989044,0.405739605426788,-0.09558818407032,0.66378617041831,-0.138126167292705
122584,0.0166664,20.8025177400559,0.637425005435944,-25.20041847229,1.48623871803284,20.2143402099609,1.19118130207062,1.89598762989044,0.405739605426788,-0.09558818407032,0.66378617041831,-0.138126167292705
122588,0.016668,20.8191857393831,1.58560609817505,-24.85129737854,2.36300873756409,18.5996551513672,1.22688686847687,1.79711067676544,0.444191753864288,0.536186404840551,1.48927624375411,-0.828661726755114
122592,0.0166661,20.8358518388122,1.58560609817505,-24.85129737854,2.36300873756409,18.5996551513672,1.22688686847687,1.79711067676544,0.444191753864288,0.536186404840551,1.48927624375411,-0.828661726755114
122596,0.0166675,20.8525193389505,1.06192445755005,-25.1012363433838,1.83535981178284,18.8456268310547,1.26350796222687,1.87584602832794,0.424965679645538,-1.02402651354524,1.8146139692149,-0.151833205701879
122598,0.0166672,20.8691865392029,1.06192445755005,-25.1012363433838,1.83535981178284,18.8456268310547,1.26350796222687,1.87584602832794,0.424965679645538,-1.02402651354524,1.8146139692149,-0.151833205701879
122602,0.0166839,20.8858704399318,1.06192445755005,-25.1012363433838,1.83535981178284,18.8456268310547,1.26350796222687,1.87584602832794,0.424965679645538,-1.02402651354524,1.8146139692149,-0.151833205701879
122606,0.0166614,20.9025318399072,1.08572816848755,-25.2718296051025,1.85916352272034,18.5718841552734,1.17927944660187,1.88225471973419,0.437783062458038,-0.182002010109312,1.89038349747997,-0.551546422087182
122610,0.0166695,20.9192013405263,0.562046587467194,-25.2718296051025,1.45846772193909,19.1947479248047,1.14357388019562,2.03972554206848,0.418556988239288,0.262138781667539,2.03175554189783,-1.12738844128626
122612,0.0182648,20.9374661408365,0.562046587467194,-25.2718296051025,1.45846772193909,19.1947479248047,1.14357388019562,2.03972554206848,0.418556988239288,0.262138781667539,2.03175554189783,-1.12738844128626
122616,0.0166679,20.9541340414435,0.510471880435944,-25.2718296051025,1.41086030006409,18.3497161865234,1.01265347003937,1.90239632129669,0.431374371051788,-0.327001718666302,1.67274936696914,-0.414228107508127
122618,0.0166666,20.9708006419241,0.510471880435944,-25.2718296051025,1.41086030006409,18.3497161865234,1.01265347003937,1.90239632129669,0.431374371051788,-0.327001718666302,1.67274936696914,-0.414228107508127
122624,0.0166676,20.9874682426453,-0.437709271907806,-24.7283115386963,0.506319224834442,18.8972015380859,0.851520657539368,2.11846089363098,0.437783062458038,0.307644869716604,1.96619430014149,-2.00053632879957
122626,0.0166661,21.0041343420744,-0.437709271907806,-24.7283115386963,0.506319224834442,18.8972015380859,0.851520657539368,2.11846089363098,0.437783062458038,0.307644869716604,1.96619430014149,-2.00053632879957
122630,0.0166684,21.0208027418703,-0.390101850032806,-25.2996006011963,0.482515513896942,19.6906585693359,0.786518216133118,2.31529927253723,0.399330914020538,0.457311419823711,1.99482462774461,-1.27236384448456
122634,0.017662,21.0384647417814,-0.814601361751556,-26.041482925415,0.0580160096287727,19.6152801513672,0.583271145820618,2.26311421394348,0.322426617145538,-1.24651889112032,1.7988420504185,-0.944861802874863
122636,0.0188541,21.0573188420385,-0.814601361751556,-26.041482925415,0.0580160096287727,19.6152801513672,0.583271145820618,2.26311421394348,0.322426617145538,-1.24651889112032,1.7988420504185,-0.944861802874863
122642,0.0166687,21.0739875417203,-0.838405072689056,-26.4342441558838,-0.0173624083399773,19.3455047607422,0.321430325508118,2.14501118659973,0.1612938195467,-1.03596690196581,1.4125933226398,0.225589214412421
122644,0.018201,21.0921885408461,-0.838405072689056,-26.4342441558838,-0.0173624083399773,19.3455047607422,0.321430325508118,2.14501118659973,0.1612938195467,-1.03596690196581,1.4125933226398,0.225589214412421
122646,0.0166692,21.1088577415794,-0.838405072689056,-26.4342441558838,-0.0173624083399773,19.3455047607422,0.321430325508118,2.14501118659973,0.1612938195467,-1.03596690196581,1.4125933226398,0.225589214412421
122652,0.0166658,21.1255235411227,-0.687648236751556,-27.4498691558838,0.105623431503773,19.4169158935547,0.0705758258700371,2.13127827644348,0.1100242882967,-0.923122515995312,1.21461583708637,-0.136485022176525
122654,0.0166668,21.1421903409064,-0.687648236751556,-27.4498691558838,0.105623431503773,19.4169158935547,0.0705758258700371,2.13127827644348,0.1100242882967,-0.923122515995312,1.21461583708637,-0.136485022176525
122658,0.0166674,21.1588577404618,-0.489283978939056,-26.6841831207275,0.280183970928192,19.2423553466797,-0.0548514202237129,2.33452534675598,0.0450218468904495,-1.80233658631787,1.38318070924564,-0.177726652516566
122662,0.0199709,21.1788286399096,-0.489283978939056,-26.4342441558838,0.256380259990692,18.0283660888672,-0.138164415955544,2.28874897956848,-0.0190650671720505,-0.702425419707876,1.24508680766129,-0.441266184820935
122666,0.0202952,21.1991238407791,-0.489283978939056,-26.4342441558838,0.256380259990692,18.0283660888672,-0.138164415955544,2.28874897956848,-0.0190650671720505,-0.702425419707876,1.24508680766129,-0.441266184820935
122670,0.0166687,21.2157925404608,-0.513087689876556,-27.1285190582275,0.105623431503773,20.4365081787109,-0.102458842098713,2.73461079597473,-0.0446998327970505,-0.707304808271976,0.934431530646215,-0.224957406438603
122672,0.0166667,21.2324592396617,-0.0647844672203064,-27.2515048980713,0.609468638896942,19.1431732177734,-0.0484427288174629,2.43340229988098,-0.0382911413908005,-0.215856637576694,1.14073330468209,-0.626007661823909
122676,0.0166675,21.2491267398,-0.0647844672203064,-27.2515048980713,0.609468638896942,19.1431732177734,-0.0484427288174629,2.43340229988098,-0.0382911413908005,-0.215856637576694,1.14073330468209,-0.626007661823909
122678,0.0170618,21.2661885395646,0.137547075748444,-26.6088047027588,0.784029185771942,19.7144622802734,0.0229684021323919,2.66228413581848,-0.0511085242033005,-2.20351125018393,1.11877635735959,0.10277826117517
122682,0.0166689,21.282857440412,0.312107622623444,-27.0769443511963,0.934786021709442,18.9448089599609,0.0467721149325371,2.44621968269348,-0.0126563757658005,-1.10690292895188,1.16285106423795,0.0139476581227637
122684,0.0166653,21.2995227407664,0.312107622623444,-27.0769443511963,0.934786021709442,18.9448089599609,0.0467721149325371,2.44621968269348,-0.0126563757658005,-1.10690292895188,1.16285106423795,0.0139476581227637
122690,0.0166686,21.3161913398653,0.236729204654694,-27.4260654449463,0.831636607646942,19.2939300537109,-0.0429495647549629,2.79320454597473,-0.0639259070158005,-0.683915532635407,1.21254238098914,-0.475179600254474
122692,0.0200969,21.3362882398069,0.411289751529694,-26.4620151519775,0.958589732646942,17.3063201904297,0.0888863727450371,2.31529927253723,0.0514305382966995,-0.647699835134414,0.981682007783424,-0.841687547461267
122694,0.0166685,21.3529567401856,0.411289751529694,-26.4620151519775,0.958589732646942,17.3063201904297,0.0888863727450371,2.31529927253723,0.0514305382966995,-0.647699835134414,0.981682007783424,-0.841687547461267
122700,0.0166672,21.369623940438,0.335911333560944,-26.6841831207275,0.934786021709442,17.7030487060547,0.106281392276287,2.40044331550598,0.10361559689045,-0.886250048393779,0.95451048437218,-0.653129015024446
122702,0.0166668,21.3862907402217,-0.163966596126556,-26.1644687652588,0.407137095928192,18.9963836669922,0.0467721149325371,2.46544575691223,0.10361559689045,-2.38621423683134,0.588805962658853,0.496628560920044
122706,0.016667,21.4029577393085,-0.140162885189056,-26.263650894165,0.280183970928192,18.3259124755859,0.0412789508700371,2.66228413581848,0.14206774532795,0.140144078264763,1.3801829144969,-0.889240713998247
122712,0.0177159,21.4206736385822,-0.140162885189056,-26.263650894165,0.280183970928192,18.3259124755859,0.0412789508700371,2.66228413581848,0.14206774532795,0.140144078264763,1.3801829144969,-0.889240713998247
122714,0.0216196,21.4422932378948,-0.0885881781578064,-25.3710117340088,0.157198131084442,18.4488983154297,0.0348702594637871,2.67510151863098,0.1741112023592,-1.39434205533563,1.31406358675696,-0.675154539800478
122718,0.0166678,21.4589610379189,0.0859723687171936,-25.4939975738525,0.430940806865692,17.0087738037109,0.0467721149325371,2.24938130378723,0.20615465939045,-1.85587605386068,1.28317930289465,-0.627142730401014
122720,0.0166661,21.4756271373481,0.0859723687171936,-25.4939975738525,0.430940806865692,17.0087738037109,0.0467721149325371,2.24938130378723,0.20615465939045,-1.85587605386068,1.28317930289465,-0.627142730401014
122724,0.0166676,21.4922947380692,-0.290919721126556,-25.3234043121338,0.181001842021942,17.5046844482422,0.0110665466636419,2.55699849128723,0.251015484333038,-1.43399314564317,0.955793608148022,-0.388483594705687
122726,0.0166657,21.5089604388922,-0.290919721126556,-25.3234043121338,0.181001842021942,17.5046844482422,0.0110665466636419,2.55699849128723,0.251015484333038,-1.43399314564317,0.955793608148022,-0.388483594705687
122730,0.0166689,21.5256293397397,-0.290919721126556,-25.3234043121338,0.181001842021942,17.5046844482422,0.0110665466636419,2.55699849128723,0.251015484333038,-1.43399314564317,0.955793608148022,-0.388483594705687
122734,0.0193453,21.5449746400118,0.109776079654694,-26.5096225738525,0.355562388896942,17.6038665771484,-0.0182303283363581,2.76024556159973,0.251015484333038,-1.18360995973713,1.28926616587402,-0.0666853937272361
122738,0.0166677,21.5616423394531,0.109776079654694,-26.5096225738525,0.355562388896942,17.6038665771484,-0.0182303283363581,2.76024556159973,0.251015484333038,-1.18360995973713,1.28926616587402,-0.0666853937272361
122740,0.0166662,21.5783085394651,0.109776079654694,-26.5096225738525,0.355562388896942,17.6038665771484,-0.0182303283363581,2.76024556159973,0.251015484333038,-1.18360995973713,1.28926616587402,-0.0666853937272361
122746,0.0166685,21.5949770398438,-0.163966596126556,-25.07346534729,0.0580160096287727,15.8661947250366,0.0650826618075371,2.60369038581848,0.251015484333038,-1.27833100158951,0.808877165139992,0.0522028697820218
122750,0.0202339,21.6152109391987,-0.163966596126556,-25.07346534729,0.0580160096287727,15.8661947250366,0.0650826618075371,2.60369038581848,0.251015484333038,-1.27833100158951,0.808877165139992,0.0522028697820218
122752,0.0195589,21.6347698383033,-0.163966596126556,-25.1250400543213,-0.0173624083399773,16.0645599365234,-0.0127371642738581,2.58354878425598,0.2253807336092,-1.2630333556728,0.823776641347696,-0.251109297942902
122756,0.0166683,21.6514381375164,-0.437709271907806,-24.9504795074463,-0.219693958759308,15.9653768539429,-0.0301321838051081,2.65587544441223,0.2125633507967,-1.34081440167366,0.704399093471983,-0.540848530285043
122758,0.0166661,21.6681042369455,-0.437709271907806,-24.9504795074463,-0.219693958759308,15.9653768539429,-0.0301321838051081,2.65587544441223,0.2125633507967,-1.34081440167366,0.704399093471983,-0.540848530285043
122764,0.0166678,21.6847720369697,-0.314723432064056,-25.025857925415,-0.219693958759308,16.1161346435547,0.0467721149325371,2.77397847175598,0.2253807336092,-1.49338337667909,0.352328030039905,-0.15945751423391
122766,0.0166674,21.7014394365251,-0.314723432064056,-25.025857925415,-0.219693958759308,16.1161346435547,0.0467721149325371,2.77397847175598,0.2253807336092,-1.49338337667909,0.352328030039905,-0.15945751423391
122770,0.0166684,21.718107836321,-0.314723432064056,-25.025857925415,-0.219693958759308,16.1161346435547,0.0467721149325371,2.77397847175598,0.2253807336092,-1.49338337667909,0.352328030039905,-0.15945751423391
122772,0.0170239,21.7351317368448,-0.437709271907806,-25.07346534729,-0.545011341571808,15.3940877914429,0.0229684021323919,2.60369038581848,0.16770251095295,-1.29123975180697,0.633990076701388,-0.95096072800716
122776,0.0166674,21.7517991364002,-0.413905560970306,-26.0137119293213,-0.469632923603058,16.6874237060547,0.0467721149325371,2.93694233894348,0.1228416711092,-1.84511810910639,0.553570965835752,-0.446846012464983
122780,0.0195524,21.7713515367359,-0.413905560970306,-26.0137119293213,-0.469632923603058,16.6874237060547,0.0467721149325371,2.93694233894348,0.1228416711092,-1.84511810910639,0.553570965835752,-0.446846012464983
122784,0.0166677,21.7880192361772,-0.489283978939056,-25.07346534729,-0.493436634540558,15.4694662094116,0.118183247745037,2.66869282722473,0.0907982140779495,-2.24012526201953,-0.210686717634806,0.521705368680203
122786,0.0166667,21.8046859353781,-0.489283978939056,-25.07346534729,-0.493436634540558,15.4694662094116,0.118183247745037,2.66869282722473,0.0907982140779495,-2.24012526201953,-0.210686717634806,0.521705368680203
122790,0.0178532,21.8225391358137,-0.640040814876556,-25.0496616363525,-0.794950306415558,15.2711019515991,-0.0429495647549629,2.76024556159973,-0.0703345984220505,-1.33638124339143,-0.125677266718166,-0.950748201873583
122794,0.0183871,21.8409262355417,-0.513087689876556,-25.2242221832275,-0.545011341571808,14.6006307601929,0.00557338260114193,2.64305806159973,-0.0318824499845505,-1.15872310476702,-0.189291287650967,-0.998304290856257
122798,0.016668,21.8575942348689,-0.513087689876556,-25.2242221832275,-0.545011341571808,14.6006307601929,0.00557338260114193,2.64305806159973,-0.0318824499845505,-1.15872310476702,-0.189291287650967,-0.998304290856257
122800,0.0166662,21.8742604348809,-0.465480268001556,-25.1726474761963,-0.521207630634308,15.3940877914429,0.0650826618075371,2.68151021003723,-0.0959693640470505,-1.95637857819347,-0.379561843049846,-0.869974121655959
122804,0.0166679,21.8909283354878,-0.187770307064056,-25.2242221832275,-0.295072376728058,14.8227987289429,0.00557338260114193,2.74742817878723,-0.1280128210783,-1.77380084857728,-0.612197854770959,-0.733625447200449
122806,0.0166656,21.9075939357281,-0.187770307064056,-25.2242221832275,-0.295072376728058,14.8227987289429,0.00557338260114193,2.74742817878723,-0.1280128210783,-1.77380084857728,-0.612197854770959,-0.733625447200449
122810,0.0166674,21.9242613352835,-0.140162885189056,-25.5931797027588,-0.243497669696808,14.4776449203491,-0.0127371642738581,2.61009907722473,-0.20583264529705,-1.08154490872096,-0.814764635098,0.0782199467080791
122814,0.0167985,21.9410598352551,-0.140162885189056,-25.5931797027588,-0.243497669696808,14.4776449203491,-0.0127371642738581,2.61009907722473,-0.20583264529705,-1.08154490872096,-0.814764635098,0.0782199467080791
122818,0.0166677,21.9577275346965,-0.437709271907806,-25.1250400543213,-0.695768177509308,14.5490560531616,-0.0722464397549629,2.73461079597473,-0.289145648479462,-1.40306697687185,-1.41699556822959,-0.867254613908637
122820,0.0166666,21.9743941351771,-0.437709271907806,-25.1250400543213,-0.695768177509308,14.5490560531616,-0.0722464397549629,2.73461079597473,-0.289145648479462,-1.40306697687185,-1.41699556822959,-0.867254613908637
122824,0.0166665,21.991060635075,-0.437709271907806,-25.1250400543213,-0.695768177509308,14.5490560531616,-0.0722464397549629,2.73461079597473,-0.289145648479462,-1.40306697687185,-1.41699556822959,-0.867254613908637
122826,0.0170879,22.0081485342234,-0.390101850032806,-25.1726474761963,-0.747342884540558,14.3268880844116,-0.155559435486794,2.83898091316223,-0.269919574260712,-1.32999400268459,-1.20006510227176,-1.06567382150856
122832,0.0188405,22.0269890334457,-0.338527143001556,-25.07346534729,-0.747342884540558,14.3506917953491,-0.0841482952237129,2.73461079597473,-0.334006488323212,-0.96301919387863,-1.13945552141069,-1.11286103764096
122834,0.0166671,22.0436561331153,-0.338527143001556,-25.07346534729,-0.747342884540558,14.3506917953491,-0.0841482952237129,2.73461079597473,-0.334006488323212,-0.96301919387863,-1.13945552141069,-1.11286103764096
122838,0.0168712,22.0605273339897,-0.513087689876556,-25.5931797027588,-0.997281849384308,13.8309774398804,-0.114360697567463,2.91130757331848,-0.289145648479462,-1.02100307980414,-1.34211182492346,-1.23501248653784
122840,0.0166667,22.0771940331906,-0.513087689876556,-25.5931797027588,-0.997281849384308,13.8309774398804,-0.114360697567463,2.91130757331848,-0.289145648479462,-1.02100307980414,-1.34211182492346,-1.23501248653784
122844,0.0166681,22.0938621331006,-0.588466107845306,-25.7439365386963,-1.07266020774841,14.0531454086304,0.00557338260114193,2.87834858894348,-0.269919574260712,-1.58637254529098,-1.21397319781567,0.0918622134866111
122846,0.0166667,22.1105288323015,-0.588466107845306,-25.7439365386963,-1.07266020774841,14.0531454086304,0.00557338260114193,2.87834858894348,-0.269919574260712,-1.58637254529098,-1.21397319781567,0.0918622134866111
122852,0.0166667,22.1271955315024,-0.588466107845306,-25.7439365386963,-1.07266020774841,14.0531454086304,0.00557338260114193,2.87834858894348,-0.269919574260712,-1.58637254529098,-1.21397319781567,0.0918622134866111
122854,0.0166656,22.1438611317426,-0.263148725032806,-25.1250400543213,-0.794950306415558,13.3350667953491,-0.0127371642738581,2.70806050300598,-0.21865002810955,-1.19692441340564,-1.14591777760398,-1.21585395576327
122858,0.0166674,22.160528531298,-0.0132097601890564,-25.4939975738525,-0.695768177509308,13.4818563461304,-0.161968126893044,2.79961323738098,-0.289145648479462,-1.37862944889946,-1.18281775705015,-1.33918004583632
122860,0.0166675,22.1771960314363,-0.0132097601890564,-25.4939975738525,-0.695768177509308,13.4818563461304,-0.161968126893044,2.79961323738098,-0.289145648479462,-1.37862944889946,-1.18281775705015,-1.33918004583632
122864,0.0166696,22.1938656307757,-0.163966596126556,-24.9266757965088,-0.921903431415558,12.9383382797241,-0.131755724549294,2.83898091316223,-0.257102191448212,-1.85557971605479,-0.921185888907747,-1.01721769340759
122868,0.0166648,22.2105304300785,-0.163966596126556,-24.9266757965088,-0.921903431415558,12.9383382797241,-0.131755724549294,2.83898091316223,-0.257102191448212,-1.85557971605479,-0.921185888907747,-1.01721769340759
122870,0.0166664,22.2271968293935,-0.163966596126556,-24.9266757965088,-0.921903431415558,12.9383382797241,-0.131755724549294,2.83898091316223,-0.257102191448212,-1.85557971605479,-0.921185888907747,-1.01721769340759
122874,0.0166678,22.2438646294177,-0.215541303157806,-24.85129737854,-0.771146595478058,12.8113851547241,-0.0905569866299629,2.64305806159973,-0.2250587195158,-1.97695075172178,-0.829010058818306,-1.4916489114629
122876,0.0166687,22.2605333290994,-0.215541303157806,-24.85129737854,-0.771146595478058,12.8113851547241,-0.0905569866299629,2.64305806159973,-0.2250587195158,-1.97695075172178,-0.829010058818306,-1.4916489114629
122880,0.0166649,22.2771982289851,-0.215541303157806,-24.85129737854,-0.771146595478058,12.8113851547241,-0.0905569866299629,2.64305806159973,-0.2250587195158,-1.97695075172178,-0.829010058818306,-1.4916489114629
122882,0.0166669,22.2938651293516,-0.513087689876556,-25.6685581207275,-1.02108550071716,13.7079916000366,-0.0429495647549629,2.95067524909973,-0.24428479373455,0,0,0
122886,0.0166667,22.3105318285525,-0.513087689876556,-25.6685581207275,-1.02108550071716,13.7079916000366,-0.0429495647549629,2.95067524909973,-0.24428479373455,0,0,0
122892,0.0166673,22.3271991293877,-0.163966596126556,-25.07346534729,-0.493436634540558,12.5138387680054,-0.138164415955544,2.85912251472473,-0.2122413367033,0,0,0
122894,0.0166663,22.3438654299825,-0.163966596126556,-25.07346534729,-0.493436634540558,12.5138387680054,-0.138164415955544,2.85912251472473,-0.2122413367033,0,0,0
122898,0.0166669,22.3605323303491,-0.965358197689056,-25.470193862915,-1.57253813743591,13.1089315414429,-0.102458842098713,2.93053364753723,-0.327597796916962,0,0,0
122900,0.0169197,22.3774520307779,-0.814601361751556,-25.20041847229,-1.24722075462341,12.7360067367554,-0.185771837830544,2.88475728034973,-0.295554339885712,0,0,0
122904,0.0166675,22.3941195309162,-0.814601361751556,-25.20041847229,-1.24722075462341,12.7360067367554,-0.185771837830544,2.88475728034973,-0.295554339885712,0,0,0
122906,0.0166683,22.4107878301293,-0.937587201595306,-25.025857925415,-1.62411284446716,12.5376424789429,-0.197673693299294,2.87193989753723,-0.334006488323212,0,0,0
122912,0.0166672,22.4274550303817,-0.612269818782806,-24.7283115386963,-1.12026762962341,12.4146566390991,-0.226970568299294,2.87834858894348,-0.295554339885712,0,0,0
122916,0.0184016,22.4458566308022,-0.489283978939056,-24.40696144104,-0.894132435321808,12.1171102523804,-0.179363146424294,2.68883442878723,-0.314780414104462,0,0,0
122918,0.0184549,22.4643115308136,-0.465480268001556,-24.5061435699463,-1.07266020774841,12.1171102523804,-0.250774264335632,2.81975483894348,-0.372458636760712,0,0,0
122922,0.0166767,22.4809882305563,-0.465480268001556,-24.5061435699463,-1.07266020774841,12.1171102523804,-0.250774264335632,2.81975483894348,-0.372458636760712,0,0,0
122924,0.0193544,22.5003426298499,-0.588466107845306,-24.2085971832275,-1.02108550071716,12.3908529281616,-0.150066271424294,2.85179829597473,-0.263510882854462,0,0,0
122930,0.016669,22.5170116294175,-0.290919721126556,-24.1094150543213,-0.969510853290558,12.5654134750366,-0.323100924491882,2.90489888191223,-0.353232562541962,0,0,0
122932,0.0180301,22.5350417289883,-0.290919721126556,-24.1094150543213,-0.969510853290558,12.5654134750366,-0.323100924491882,2.90489888191223,-0.353232562541962,0,0,0
122936,0.0166673,22.5517090298235,0.212925493717194,-24.2363681793213,-0.243497669696808,12.4384603500366,-0.274577975273132,2.87193989753723,-0.353232562541962,0,0,0
122938,0.0173189,22.5690279304981,0.212925493717194,-24.2363681793213,-0.243497669696808,12.4384603500366,-0.274577975273132,2.87193989753723,-0.353232562541962,0,0,0
122944,0.0166699,22.5856978297234,0.0859723687171936,-23.5897006988525,-0.318876087665558,12.0179281234741,-0.382610201835632,2.91130757331848,-0.346823871135712,0,0,0
122946,0.021323,22.6070208288729,0.0859723687171936,-23.5897006988525,-0.318876087665558,12.0179281234741,-0.382610201835632,2.91130757331848,-0.346823871135712,0,0,0
122952,0.0166682,22.6236890293658,0.236729204654694,-23.565896987915,-0.195890247821808,11.8949422836304,-0.323100924491882,2.85179829597473,-0.295554339885712,0,0,0
122954,0.0194069,22.6430959291756,-0.513087689876556,-23.3675327301025,-1.22341704368591,11.9941244125366,-0.191265001893044,2.85179829597473,-0.346823871135712,0,0,0
122958,0.0166673,22.6597632300109,-0.513087689876556,-23.3675327301025,-1.22341704368591,11.9941244125366,-0.191265001893044,2.85179829597473,-0.346823871135712,0,0,0
122960,0.0166662,22.6764294300228,-0.163966596126556,-23.3675327301025,-0.644193470478058,11.4228353500366,-0.262676119804382,2.83257222175598,-0.353232562541962,0,0,0
122962,0.0166681,22.6930975299329,-0.0885881781578064,-23.3199253082275,-0.521207630634308,11.6450033187866,-0.233379259705544,2.78679585456848,-0.346823871135712,0,0,0
122966,0.0166674,22.7097649294883,-0.0885881781578064,-23.3199253082275,-0.521207630634308,11.6450033187866,-0.233379259705544,2.78679585456848,-0.346823871135712,0,0,0
122970,0.0166668,22.726431729272,-0.140162885189056,-23.5420932769775,-0.771146595478058,11.6965780258179,-0.197673693299294,2.95708394050598,-0.340415179729462,0,0,0
122972,0.0166683,22.7431000284851,-0.140162885189056,-23.5420932769775,-0.771146595478058,11.6965780258179,-0.197673693299294,2.95708394050598,-0.340415179729462,0,0,0
122976,0.0166655,22.7597655281425,-0.140162885189056,-23.5420932769775,-0.771146595478058,11.6965780258179,-0.197673693299294,2.95708394050598,-0.340415179729462,0,0,0
122980,0.016667,22.7764325272292,0.185154497623444,-24.40696144104,-0.545011341571808,12.3154745101929,-0.126262560486794,2.96349263191223,-0.346823871135712,0,0,0
122984,0.0166662,22.7930987272412,0.185154497623444,-24.40696144104,-0.545011341571808,12.3154745101929,-0.126262560486794,2.96349263191223,-0.346823871135712,0,0,0
122986,0.0166684,22.809767127037,0.185154497623444,-24.40696144104,-0.545011341571808,12.3154745101929,-0.126262560486794,2.96349263191223,-0.346823871135712,0,0,0
122992,0.0166662,22.826433327049,0.0105939507484436,-24.1609897613525,-0.719571888446808,11.7679891586304,-0.0548514202237129,3.00286030769348,-0.359641253948212,0,0,0
122994,0.0166654,22.8430987261236,0.0105939507484436,-24.1609897613525,-0.719571888446808,11.7679891586304,-0.0548514202237129,3.00286030769348,-0.359641253948212,0,0,0
122998,0.0166677,22.8597664255649,-0.0885881781578064,-24.2363681793213,-0.794950306415558,11.6965780258179,-0.0429495647549629,3.00286030769348,-0.372458636760712,0,0,0
123002,0.0185963,22.8783627264202,0.284336626529694,-24.581521987915,-0.644193470478058,11.5220174789429,-0.00083530880510807,2.99645161628723,-0.340415179729462,0,0,0
123006,0.0166669,22.8950296267867,0.284336626529694,-24.581521987915,-0.644193470478058,11.5220174789429,-0.00083530880510807,2.99645161628723,-0.340415179729462,0,0,0
123008,0.0166674,22.9116970263422,0.435093462467194,-24.4585361480713,-0.545011341571808,11.1252889633179,0.0110665466636419,2.92412495613098,-0.334006488323212,0,0,0
123012,0.0166676,22.9283646270633,0.312107622623444,-24.62912940979,-0.493436634540558,11.4704427719116,0.0229684021323919,2.96990132331848,-0.391684710979462,0,0,0
123014,0.0166659,22.9450305271894,0.312107622623444,-24.62912940979,-0.493436634540558,11.4704427719116,0.0229684021323919,2.96990132331848,-0.391684710979462,0,0,0
123016,0.0166684,22.9616989269853,0.387486040592194,-24.9504795074463,-0.493436634540558,11.3474569320679,0.0531808063387871,3.00286030769348,-0.346823871135712,0,0,0
123020,0.0166664,22.9783653263003,0.462864458560944,-24.6807041168213,-0.318876087665558,10.9745321273804,0.0293770935386419,2.99645161628723,-0.372458636760712,0,0,0
123024,0.0166673,22.9950326271355,0.562046587467194,-24.803689956665,-0.168119251728058,11.5220174789429,0.0348702594637871,3.02941060066223,-0.404502093791962,0,0,0
123026,0.0166673,23.0116999279708,0.462864458560944,-24.1609897613525,-0.219693958759308,11.3474569320679,0.100788228213787,2.95708394050598,-0.295554339885712,0,0,0
123030,0.0166662,23.0283661279827,0.462864458560944,-24.1609897613525,-0.219693958759308,11.3474569320679,0.100788228213787,2.95708394050598,-0.295554339885712,0,0,0
123034,0.0166666,23.0450327284634,0.462864458560944,-24.359354019165,-0.219693958759308,12.1171102523804,0.172199353575706,3.06145405769348,-0.1023780554533,0,0,0
123038,0.0166686,23.0617013275623,0.462864458560944,-24.359354019165,-0.219693958759308,12.1171102523804,0.172199353575706,3.06145405769348,-0.1023780554533,0,0,0
123040,0.0166647,23.078366028145,0.462864458560944,-24.359354019165,-0.219693958759308,12.1171102523804,0.172199353575706,3.06145405769348,-0.1023780554533,0,0,0
123046,0.0166679,23.0950339287519,0.236729204654694,-23.4191074371338,-0.267301380634308,11.2482748031616,0.214313611388206,2.90489888191223,-0.0254737585783005,0,0,0
123048,0.0166657,23.111699629575,0.236729204654694,-23.4191074371338,-0.267301380634308,11.2482748031616,0.214313611388206,2.90489888191223,-0.0254737585783005,0,0,0
123052,0.0166682,23.1283678300679,0.0859723687171936,-23.3199253082275,-0.545011341571808,11.6688070297241,0.321430325508118,2.95067524909973,0.0651634484529495,0,0,0
123054,0.0166659,23.145033730194,0.0859723687171936,-23.3199253082275,-0.545011341571808,11.6688070297241,0.321430325508118,2.95067524909973,0.0651634484529495,0,0,0
123058,0.016667,23.1617007292807,0.0105939507484436,-23.3199253082275,-0.545011341571808,11.7679891586304,0.369037747383118,2.94426655769348,0.0587547570466995,0,0,0
123060,0.018629,23.1803297288716,-0.215541303157806,-22.3558750152588,-0.747342884540558,11.3236532211304,0.410236477851868,2.85179829597473,0.1228416711092,0,0,0
123064,0.0166683,23.1969980280846,-0.215541303157806,-22.3558750152588,-0.747342884540558,11.3236532211304,0.410236477851868,2.85179829597473,0.1228416711092,0,0,0
123068,0.0166664,23.2136644273996,-0.215541303157806,-22.5542392730713,-0.695768177509308,11.7441854476929,0.470661282539368,2.83898091316223,0.18051989376545,0,0,0
123070,0.0166677,23.2303321268409,-0.140162885189056,-22.4034824371338,-0.695768177509308,12.0179281234741,0.523761868476868,2.86553120613098,0.18051989376545,0,0,0
123074,0.0166668,23.2469989266247,-0.140162885189056,-22.4034824371338,-0.695768177509308,12.0179281234741,0.523761868476868,2.86553120613098,0.18051989376545,0,0,0
123076,0.0166692,23.263668127358,-0.140162885189056,-22.3796787261963,-0.695768177509308,11.8671712875366,0.506366848945618,2.85912251472473,0.15488512814045,0,0,0
123080,0.0166643,23.2803324274719,-0.112391889095306,-22.3558750152588,-0.545011341571808,11.9941244125366,0.565876126289368,2.86553120613098,0.1869285851717,0,0,0
123084,0.0166674,23.2969998270273,-0.0647844672203064,-22.5542392730713,-0.545011341571808,12.1171102523804,0.601581692695618,2.87834858894348,0.1997459679842,0,0,0
123088,0.0168674,23.313867226243,-0.314723432064056,-22.6018466949463,-0.671964466571808,12.2400960922241,0.618976712226868,2.89849019050598,0.2381981164217,0,0,0
123092,0.0166668,23.3305340260267,-0.314723432064056,-22.6018466949463,-0.671964466571808,12.2400960922241,0.618976712226868,2.89849019050598,0.2381981164217,0,0,0
123096,0.0166672,23.3472012262791,-0.437709271907806,-22.2051181793213,-0.671964466571808,11.9187459945679,0.642780423164368,2.87193989753723,0.18051989376545,0,0,0
123098,0.0192338,23.36643502675,-0.437709271907806,-22.2051181793213,-0.671964466571808,11.9187459945679,0.642780423164368,2.87193989753723,0.18051989376545,0,0,0
123102,0.0166682,23.3831032272428,-0.362330853939056,-22.2566928863525,-0.671964466571808,11.7441854476929,0.702289700508118,2.87834858894348,0.2381981164217,0,0,0
123104,0.0177784,23.4008816275746,-0.715419232845306,-21.9075717926025,-0.894132435321808,11.3950643539429,0.714191555976868,2.83257222175598,0.2381981164217,0,0,0
123110,0.0166699,23.4175515267998,-0.715419232845306,-21.9075717926025,-0.894132435321808,11.3950643539429,0.714191555976868,2.83257222175598,0.2381981164217,0,0,0
123112,0.0166641,23.4342156276107,-0.763026654720306,-21.883768081665,-0.870328724384308,11.2482748031616,0.756305813789368,2.84538960456848,0.2253807336092,0,0,0
123116,0.0166682,23.4508838281035,-0.763026654720306,-21.883768081665,-0.870328724384308,11.2482748031616,0.756305813789368,2.84538960456848,0.2253807336092,0,0,0
123120,0.0195656,23.4704494290054,-0.338527143001556,-22.105936050415,-0.469632923603058,11.5220174789429,0.762714505195618,2.87193989753723,0.270241558551788,0,0,0
123122,0.0166688,23.48711822927,-0.513087689876556,-21.9591464996338,-0.620389759540558,11.6450033187866,0.750812649726868,2.94426655769348,0.24460680782795,0,0,0
123126,0.0166664,23.503784628585,-0.513087689876556,-21.9591464996338,-0.620389759540558,11.6450033187866,0.750812649726868,2.94426655769348,0.24460680782795,0,0,0
123132,0.0209457,23.5247303284705,-0.640040814876556,-21.4632358551025,-0.671964466571808,11.4942464828491,0.798420071601868,2.95067524909973,0.276650249958038,0,0,0
123134,0.0193682,23.544098528102,-0.640040814876556,-21.4632358551025,-0.671964466571808,11.4942464828491,0.798420071601868,2.95067524909973,0.276650249958038,0,0,0
123138,0.0166695,23.5607680287212,-0.239345014095306,-21.8123569488525,-0.219693958759308,11.2244710922241,0.738910794258118,2.95708394050598,0.23178942501545,0,0,0
123140,0.0166648,23.577432828024,-0.239345014095306,-21.8123569488525,-0.219693958759308,11.2244710922241,0.738910794258118,2.95708394050598,0.23178942501545,0,0,0
123146,0.0166675,23.5941003281623,-0.112391889095306,-21.7369785308838,-0.144315540790558,11.2720785140991,0.684894680976868,2.96990132331848,0.2381981164217,0,0,0
123148,0.0172376,23.6113379281014,0.0621686577796936,-21.2410678863525,0.0302450135350227,11.4704427719116,0.708698391914368,2.95067524909973,0.251015484333038,0,0,0
123152,0.0166671,23.628005027771,0.0621686577796936,-21.2410678863525,0.0302450135350227,11.4704427719116,0.708698391914368,2.95067524909973,0.251015484333038,0,0,0
123154,0.0166664,23.644671427086,-0.187770307064056,-20.8721103668213,-0.243497669696808,11.3236532211304,0.768207669258118,2.91771626472473,0.263832867145538,0,0,0
123158,0.0166677,23.6613391265273,-0.112391889095306,-20.6221714019775,-0.295072376728058,11.1967000961304,0.768207669258118,2.91771626472473,0.251015484333038,0,0,0
123160,0.0166661,23.6780052259564,-0.112391889095306,-20.6221714019775,-0.295072376728058,11.1967000961304,0.768207669258118,2.91771626472473,0.251015484333038,0,0,0
123166,0.016668,23.6946732252836,-0.390101850032806,-20.6221714019775,-0.342679798603058,11.3950643539429,0.905536770820618,2.89849019050598,0.24460680782795,0,0,0
123168,0.0166657,23.7113389261067,-0.390101850032806,-20.6221714019775,-0.342679798603058,11.3950643539429,0.905536770820618,2.89849019050598,0.24460680782795,0,0,0
123170,0.0166683,23.7280072253197,-0.390101850032806,-20.6221714019775,-0.342679798603058,11.3950643539429,0.905536770820618,2.89849019050598,0.24460680782795,0,0,0
123174,0.0166668,23.7446740251035,-0.263148725032806,-20.9435214996338,-0.318876087665558,11.3236532211304,0.875324368476868,2.95708394050598,0.21897204220295,0,0,0
123176,0.0166666,23.7613406255841,-0.239345014095306,-21.3640537261963,-0.267301380634308,11.5934286117554,0.869831204414368,3.02300190925598,0.21897204220295,0,0,0
123180,0.0166669,23.7780075259507,-0.239345014095306,-21.3640537261963,-0.267301380634308,11.5934286117554,0.869831204414368,3.02300190925598,0.21897204220295,0,0,0
123184,0.0166698,23.7946773264557,-0.263148725032806,-20.8443393707275,-0.318876087665558,11.3950643539429,0.875324368476868,2.90489888191223,0.21897204220295,0,0,0
123188,0.0166645,23.8113418258727,-0.263148725032806,-20.8443393707275,-0.318876087665558,11.3950643539429,0.875324368476868,2.90489888191223,0.21897204220295,0,0,0
123192,0.0166673,23.8280091267079,0.359715044498444,-21.6854038238525,0.232576549053192,11.3236532211304,0.851520657539368,2.95708394050598,0.263832867145538,0,0,0
123194,0.0166656,23.8446747269481,0.359715044498444,-21.6854038238525,0.232576549053192,11.3236532211304,0.851520657539368,2.95708394050598,0.263832867145538,0,0,0
123198,0.0166684,23.861343126744,0.359715044498444,-21.6854038238525,0.232576549053192,11.3236532211304,0.851520657539368,2.95708394050598,0.263832867145538,0,0,0
123200,0.0166662,23.878009326756,0.486668169498444,-21.7369785308838,0.208772838115692,11.6211996078491,0.846027493476868,2.91130757331848,0.24460680782795,0,0,0
123204,0.0166677,23.8946770261973,0.486668169498444,-21.7369785308838,0.208772838115692,11.6211996078491,0.846027493476868,2.91130757331848,0.24460680782795,0,0,0
123206,0.016666,23.9113430269063,0.486668169498444,-21.7369785308838,0.208772838115692,11.6211996078491,0.846027493476868,2.91130757331848,0.24460680782795,0,0,0
123212,0.0166678,23.9280108269304,0.387486040592194,-23.2445468902588,0.00644130259752274,12.0933065414429,0.863422513008118,3.02941060066223,0.251015484333038,0,0,0
123214,0.0166652,23.9446760267019,0.387486040592194,-23.2445468902588,0.00644130259752274,12.0933065414429,0.863422513008118,3.02941060066223,0.251015484333038,0,0,0
123218,0.0166674,23.9613434262574,0.312107622623444,-23.3199253082275,-0.144315540790558,11.5458211898804,0.946735501289368,3.03581929206848,0.270241558551788,0,0,0
123220,0.0166665,23.9780099261552,0.335911333560944,-23.2683506011963,-0.120511822402477,11.5696249008179,0.922931790351868,3.04863667488098,0.2381981164217,0,0,0
123224,0.016669,23.9946789257228,0.335911333560944,-23.2683506011963,-0.120511822402477,11.5696249008179,0.922931790351868,3.04863667488098,0.2381981164217,0,0,0
123228,0.0166648,24.0113437250257,0.911167681217194,-23.4667148590088,0.383333384990692,11.5934286117554,0.881733059883118,3.05504536628723,0.276650249958038,0,0,0
123232,0.0166671,24.0280108246952,0.486668169498444,-24.4823398590088,-0.0689371153712273,11.4466390609741,0.851520657539368,3.07518696784973,0.21897204220295,0.681144345155816,2.66032148529596,-1.80885464432031
123234,0.0166668,24.0446776244789,0.486668169498444,-24.4823398590088,-0.0689371153712273,11.4466390609741,0.851520657539368,3.07518696784973,0.21897204220295,0.681144345155816,2.66032148529596,-1.80885464432031
123238,0.0166684,24.0613460242748,0.486668169498444,-23.8634433746338,-0.0689371153712273,10.7007894515991,0.929340481758118,2.91771626472473,0.302285015583038,0.673529313335006,2.49080469451288,-3.33838802483135
123240,0.0166661,24.078012123704,0.486668169498444,-23.8634433746338,-0.0689371153712273,10.7007894515991,0.929340481758118,2.91771626472473,0.302285015583038,0.673529313335006,2.49080469451288,-3.33838802483135
123244,0.0166682,24.0946803241968,0.462864458560944,-23.74045753479,-0.0689371153712273,10.9507284164429,0.899128079414368,3.04863667488098,0.283058941364288,0.661368058573681,2.3762729153771,-3.01826436051067
123246,0.0166658,24.1113461237401,0.0621686577796936,-17.3570957183838,-0.0173624083399773,6.65415859222412,0.494464993476868,0.185782566666603,0.12925036251545,0.63266355608113,3.13562241288966,-11.8728390739057
123252,0.0166677,24.1280138231814,0.0621686577796936,-17.3570957183838,-0.0173624083399773,6.65415859222412,0.494464993476868,0.185782566666603,0.12925036251545,0.63266355608113,3.13562241288966,-11.8728390739057
123254,0.0166656,24.1446794234216,1.2880597114563,-18.1505527496338,0.934786021709442,5.11485195159912,0.392841458320618,0.638053059577942,0.16770251095295,1.46942893955365,3.19023600108236,-16.6243206533078
123258,0.0168046,24.1614840235561,0.685032427310944,-17.7776279449463,0.506319224834442,5.21403408050537,0.326923489570618,0.756156086921692,0.18051989376545,0.786851828057527,3.4746520011858,-15.6401116248836
123260,0.019253,24.1807370241731,0.685032427310944,-17.7776279449463,0.506319224834442,5.21403408050537,0.326923489570618,0.756156086921692,0.18051989376545,0.786851828057527,3.4746520011858,-15.6401116248836
123266,0.0166683,24.1974053233862,0.236729204654694,-16.12327003479,0.208772838115692,5.11485195159912,0.350727200508118,0.349661946296692,0.0843895226716995,0.114487708182374,3.93644456713339,-16.7019353230797
123268,0.0166666,24.2140719238669,0.236729204654694,-16.12327003479,0.208772838115692,5.11485195159912,0.350727200508118,0.349661946296692,0.0843895226716995,0.114487708182374,3.93644456713339,-16.7019353230797
123272,0.0166707,24.2307426240295,0.585850298404694,-16.0478916168213,0.407137095928192,5.55918788909912,0.518268704414368,0.192191258072853,0.14206774532795,0.318993600808845,4.30060244099097,-19.3402823865734
123274,0.0166623,24.2474049236625,0.585850298404694,-16.0478916168213,0.407137095928192,5.55918788909912,0.518268704414368,0.192191258072853,0.14206774532795,0.318993600808845,4.30060244099097,-19.3402823865734
123280,0.0166744,24.2640793230385,1.1373028755188,-15.5281772613525,0.831636607646942,4.81730556488037,0.416645169258118,-0.0366905815899372,0.10361559689045,-0.258869997553409,4.40907135220511,-19.9134963327955
123282,0.01666,24.2807393223047,1.21268129348755,-15.6749668121338,0.807832896709442,4.96409511566162,0.380939602851868,-0.0760582536458969,0.1100242882967,-0.305910655473099,4.32625024679136,-19.6957725329587
123286,0.016668,24.2974073216319,1.21268129348755,-15.6749668121338,0.807832896709442,4.96409511566162,0.380939602851868,-0.0760582536458969,0.1100242882967,-0.305910655473099,4.32625024679136,-19.6957725329587
123288,0.0189615,24.3163688220084,1.0103497505188,-15.6273593902588,0.732454478740692,5.06327724456787,0.350727200508118,-0.0632408708333969,0.1228416711092,-0.517793545539361,4.72161915278208,-20.0506625335398
123292,0.0166679,24.3330367226154,0.986546099185944,-14.6117343902588,0.784029185771942,4.46818447113037,0.321430325508118,-0.443184733390808,0.0779808312654495,-0.516419773321718,5.10455102812064,-21.892809558295
123298,0.0224407,24.3554774224758,1.23648500442505,-14.044412612915,1.03396821022034,3.72233486175537,0.177692517638206,-0.639107584953308,0.0587547570466995,-0.490783775675501,5.02367403767959,-23.0771268027083
123302,0.0218382,24.3773156218231,1.21268129348755,-14.1673984527588,0.982393443584442,3.72233486175537,0.238117322325706,-0.763619303703308,0.0715721398591995,-0.833087281576886,5.28625060600895,-23.7960137780251
123304,0.0166674,24.3939830213785,1.21268129348755,-14.1673984527588,0.982393443584442,3.72233486175537,0.238117322325706,-0.763619303703308,0.0715721398591995,-0.833087281576886,5.28625060600895,-23.7960137780251
123306,0.0166663,24.4106493219733,1.21268129348755,-13.4493198394775,0.934786021709442,3.30180263519287,0.279316067695618,-1.11792838573456,0.0907982140779495,-1.31932638161911,5.37268032399396,-24.5919697706338
123310,0.0166679,24.4273172225803,1.21268129348755,-13.4493198394775,0.934786021709442,3.30180263519287,0.279316067695618,-1.11792838573456,0.0907982140779495,-1.31932638161911,5.37268032399396,-24.5919697706338
123314,0.016667,24.4439842216671,1.21268129348755,-13.1041660308838,1.13315033912659,2.80589199066162,0.153888806700706,-1.17011344432831,0.0193870812654495,-1.53475546273338,5.36980025446451,-25.9102300047204
123320,0.0166655,24.4606497213244,1.21268129348755,-13.1041660308838,1.13315033912659,2.80589199066162,0.153888806700706,-1.17011344432831,0.0193870812654495,-1.53475546273338,5.36980025446451,-25.9102300047204
123322,0.0199119,24.4805616214871,1.21268129348755,-13.1041660308838,1.13315033912659,2.80589199066162,0.153888806700706,-1.17011344432831,0.0193870812654495,-1.53475546273338,5.36980025446451,-25.9102300047204
123326,0.019306,24.4998676218092,1.6133770942688,-12.53684425354,1.26010346412659,2.25840663909912,0.0705758258700371,-1.52991569042206,0.000161007046699524,-2.57127315621188,5.68388943722442,-26.136801181177
123328,0.0166664,24.5165340211242,1.6133770942688,-12.53684425354,1.26010346412659,2.25840663909912,0.0705758258700371,-1.52991569042206,0.000161007046699524,-2.57127315621188,5.68388943722442,-26.136801181177
123332,0.016668,24.5332020204514,1.58560609817505,-12.0885410308838,1.23629975318909,1.73472499847412,0.0888863727450371,-1.81830680370331,-0.0254737585783005,-2.8810980696466,5.79872367515884,-26.3793696426954
123334,0.016666,24.5498680211604,1.36343812942505,-11.7195835113525,1.18472504615784,1.36180019378662,0.0824776813387871,-1.96936881542206,0.000161007046699524,-2.8009897924642,5.64100889801037,-27.1320148515037
123340,0.0166681,24.5665361210704,1.53799867630005,-11.473611831665,1.26010346412659,1.16343593597412,-0.00632847286760807,-2.09388041496277,-0.0254737585783005,-3.08299938907438,5.64176542102518,-27.5275784869516
123344,0.0176821,24.5842182207853,1.3118634223938,-10.3588047027588,1.20852875709534,0.421553641557693,-0.00083530880510807,-2.50678324699402,-0.0895606726408005,-3.50615382271065,5.58557834392997,-28.6913775984868
123346,0.0169769,24.601195121184,1.3118634223938,-10.3588047027588,1.20852875709534,0.421553641557693,-0.00083530880510807,-2.50678324699402,-0.0895606726408005,-3.50615382271065,5.58557834392997,-28.6913775984868
123348,0.0177224,24.6189175210893,0.934971392154694,-13.6714878082275,0.684847056865692,2.23460292816162,0.315021634101868,-0.128243312239647,0.20615465939045,-3.82932886477083,4.29790804298715,-26.8381276175829
123354,0.0166675,24.6355850212276,1.03812074661255,-14.5403232574463,0.633272349834442,3.52397060394287,0.172199353575706,-0.109017238020897,0.0843895226716995,-4.04699430280687,4.37415365323995,-24.1303596516975
123356,0.0172741,24.6528591215611,1.03812074661255,-14.5403232574463,0.633272349834442,3.52397060394287,0.172199353575706,-0.109017238020897,0.0843895226716995,-4.04699430280687,4.37415365323995,-24.1303596516975
123360,0.0166671,24.6695262212306,0.887363970279694,-22.9747714996338,-0.195890247821808,9.78434658050537,0.744403958320618,2.74742817878723,0.367287456989288,-1.95027872065786,4.30068987999055,-10.4929033089334
123362,0.0166658,24.6861920207739,0.887363970279694,-22.9747714996338,-0.195890247821808,9.78434658050537,0.744403958320618,2.74742817878723,0.367287456989288,-1.95027872065786,4.30068987999055,-10.4929033089334
123364,0.0166683,24.7028603199869,0.887363970279694,-22.9747714996338,-0.195890247821808,9.78434658050537,0.744403958320618,2.74742817878723,0.367287456989288,-1.95027872065786,4.30068987999055,-10.4929033089334
123368,0.0166665,24.7195268198848,1.6133770942688,-20.7213535308838,0.581697642803192,6.82871913909912,0.243610486388206,1.03081429004669,0.1228416711092,-4.14887135334207,3.87850629720935,-11.226091049138
123372,0.0166671,24.7361939195544,1.6133770942688,-20.7213535308838,0.581697642803192,6.82871913909912,0.243610486388206,1.03081429004669,0.1228416711092,-4.14887135334207,3.87850629720935,-11.226091049138
123374,0.0166674,24.7528613191098,2.38699769973755,-21.3164463043213,1.60922455787659,4.98789882659912,-0.471416354179382,-0.265572428703308,-0.0446998327970505,-5.51665916198247,4.19449652097709,-9.9329001481025
123378,0.0166673,24.769528619945,2.41080141067505,-17.7776279449463,2.08529877662659,3.30180263519287,-0.238872423768044,0.486991047859192,0.16770251095295,-7.00439731659038,4.51490754125163,-11.2511555679539
123382,0.0166676,24.7861962206662,2.41080141067505,-17.7776279449463,2.08529877662659,3.30180263519287,-0.238872423768044,0.486991047859192,0.16770251095295,-7.00439731659038,4.51490754125163,-11.2511555679539
123386,0.016665,24.8028612211347,2.38699769973755,-20.9712924957275,2.08529877662659,3.22642421722412,-0.358806490898132,0.664603352546692,0.1612938195467,-7.86983323815831,4.62620585440931,-9.21253485912698
123390,0.0166686,24.8195298202336,2.38699769973755,-20.9712924957275,2.08529877662659,3.22642421722412,-0.358806490898132,0.664603352546692,0.1612938195467,-7.86983323815831,4.62620585440931,-9.21253485912698
123392,0.0188265,24.8383563198149,2.03787660598755,-20.550760269165,1.60922455787659,2.23460292816162,-0.447612643241882,0.316702961921692,0.10361559689045,-7.38468000727779,4.6970225405617,-11.5421764135776
123396,0.0166693,24.8550256192684,2.03787660598755,-20.550760269165,1.60922455787659,2.23460292816162,-0.447612643241882,0.316702961921692,0.10361559689045,-7.38468000727779,4.6970225405617,-11.5421764135776
123400,0.0166656,24.8716912195086,1.26028871536255,-22.5780429840088,-0.195890247821808,4.29362392425537,0.476154446601868,2.26952290534973,0.469826519489288,-5.20366170224461,4.43273698154651,-11.437425889798
123404,0.0172448,24.8889360204339,1.26028871536255,-25.86692237854,0.0818197205662727,6.65415859222412,0.362629055976868,2.75383687019348,0.424965679645538,-1.54408796478777,3.8984469238875,-11.5186525714684
123406,0.0180183,24.9069543201476,1.26028871536255,-25.86692237854,0.0818197205662727,6.65415859222412,0.362629055976868,2.75383687019348,0.424965679645538,-1.54408796478777,3.8984469238875,-11.5186525714684
123408,0.0166685,24.9236228205264,0.811985552310944,-25.9661045074463,-0.394254505634308,6.92790126800537,0.547565579414368,2.70165181159973,0.444191753864288,-1.30593809945984,3.6433453776367,-9.39910871246069
123414,0.0166663,24.9402891211212,-0.663844525814056,-27.6244297027588,-2.04861235618591,9.38365077972412,0.893634915351868,2.91130757331848,0.316017925739288,-0.681369247322547,2.58388040151385,-4.90196424482584
123416,0.0189557,24.9592448212206,-0.663844525814056,-27.6244297027588,-2.04861235618591,9.38365077972412,0.893634915351868,2.91130757331848,0.316017925739288,-0.681369247322547,2.58388040151385,-4.90196424482584
123422,0.0166683,24.9759131204337,1.06192445755005,-21.439432144165,-0.469632923603058,4.74192714691162,0.523761868476868,0.932852864265442,0.0972069054841995,1.61968761868269,3.6741324442101,-21.8967344059543
123424,0.0166652,24.9925783202052,1.06192445755005,-21.439432144165,-0.469632923603058,4.74192714691162,0.523761868476868,0.932852864265442,0.0972069054841995,1.61968761868269,3.6741324442101,-21.8967344059543
123428,0.0166674,25.0092457197607,0.637425005435944,-21.9829502105713,-0.644193470478058,6.13047695159912,0.357135891914368,1.07018196582794,0.0193870812654495,0.273697109705939,3.68789416034442,-17.5882894804391
123430,0.0173751,25.0266208201647,0.637425005435944,-22.94700050354,-0.870328724384308,6.38041591644287,0.518268704414368,0.841300129890442,0.000161007046699524,-0.25156546860091,3.43521448640641,-15.4027361421385
123436,0.0166677,25.043288519606,0.637425005435944,-22.94700050354,-0.870328724384308,6.38041591644287,0.518268704414368,0.841300129890442,0.000161007046699524,-0.25156546860091,3.43521448640641,-15.4027361421385
123440,0.0199006,25.0631891191006,0.760410845279694,-21.6377964019775,-0.545011341571808,5.80912685394287,0.321430325508118,1.09032356739044,-0.00624768435955048,0.0693960490839012,3.5115526052885,-13.1835269056921
123442,0.023951,25.0871401187032,0.760410845279694,-21.6377964019775,-0.545011341571808,5.80912685394287,0.321430325508118,1.09032356739044,-0.00624768435955048,0.0693960490839012,3.5115526052885,-13.1835269056921
123446,0.0166674,25.1038075182587,0.911167681217194,-21.5862216949463,-0.0689371153712273,5.83293056488037,0.238117322325706,1.19469368457794,-0.0254737585783005,-0.361913446067084,3.67463872466992,-12.8174709673352
123450,0.0180096,25.1218171175569,1.1849102973938,-22.1575107574463,-0.120511822402477,5.78532314300537,0.297626614570618,1.14891731739044,0.00656969845294952,-1.80810832704885,4.24530584041442,-11.3105350859983
123454,0.0166684,25.1384855173528,1.1849102973938,-22.1575107574463,-0.120511822402477,5.78532314300537,0.297626614570618,1.14891731739044,0.00656969845294952,-1.80810832704885,4.24530584041442,-11.3105350859983
123456,0.0175222,25.1560077164322,1.03812074661255,-22.1337070465088,-0.0173624083399773,5.90830898284912,0.243610486388206,1.05736458301544,0.0322044640779495,-1.9127710501829,4.24460591764426,-10.8681030837202
123460,0.0166681,25.1726758163422,0.811985552310944,-21.83616065979,-0.545011341571808,6.28123378753662,0.416645169258118,0.887076497077942,0.000161007046699524,-0.819955769043796,3.93406956957524,-11.3178957323862
123462,0.0166658,25.1893416158855,0.811985552310944,-21.83616065979,-0.545011341571808,6.28123378753662,0.416645169258118,0.887076497077942,0.000161007046699524,-0.819955769043796,3.93406956957524,-11.3178957323862
123468,0.0166683,25.2060099150985,1.03812074661255,-22.0821323394775,-0.568815052509308,5.51158046722412,0.470661282539368,0.998770833015442,0.0779808312654495,-1.2124081493598,3.78108759195153,-10.9606912428009
123472,0.0182757,25.2242856156081,1.03812074661255,-22.0821323394775,-0.568815052509308,5.51158046722412,0.470661282539368,0.998770833015442,0.0779808312654495,-1.2124081493598,3.78108759195153,-10.9606912428009
123474,0.0169803,25.2412659153342,0.236729204654694,-22.1813144683838,-1.17184233665466,5.65837001800537,0.661090970039368,0.913626790046692,0.11643297970295,-1.21327746876642,2.73814087323069,-9.92413456414909
123478,0.0192131,25.2604790162295,0.236729204654694,-22.1813144683838,-1.17184233665466,5.65837001800537,0.661090970039368,0.913626790046692,0.11643297970295,-1.21327746876642,2.73814087323069,-9.92413456414909
123482,0.0166681,25.2771471161395,0.109776079654694,-22.4034824371338,-1.22341704368591,5.80912685394287,0.565876126289368,0.834891438484192,0.0651634484529495,-0.830783437618813,2.53108667946648,-9.87770403413734
123484,0.0179584,25.2951055169106,-0.338527143001556,-22.6256504058838,-1.77486968040466,5.55918788909912,0.827716946601868,0.880667805671692,0.1741112023592,-0.540371225632488,1.54125360858001,-9.13913419403533
123488,0.0166689,25.311774417758,-0.338527143001556,-22.6256504058838,-1.77486968040466,5.55918788909912,0.827716946601868,0.880667805671692,0.1741112023592,-0.540371225632488,1.54125360858001,-9.13913419403533
123492,0.018778,25.3305524177849,0.486668169498444,-22.7486362457275,-0.818754017353058,5.26164150238037,0.369037747383118,1.14250862598419,0.12925036251545,-1.47143229933677,2.02866442530401,-7.61252078169557
123496,0.0166675,25.3472199179232,1.36343812942505,-23.3675327301025,0.105623431503773,6.08286952972412,0.106281392276287,1.07659065723419,0.0322044640779495,-1.85714201816627,3.1752377520797,-7.47713799472885
123498,0.0200833,25.3673032186925,1.36343812942505,-23.3675327301025,0.105623431503773,6.08286952972412,0.106281392276287,1.07659065723419,0.0322044640779495,-1.85714201816627,3.1752377520797,-7.47713799472885
123502,0.0172395,25.3845427185297,0.788181841373444,-23.74045753479,-0.644193470478058,6.13047695159912,0.333332180976868,1.38512337207794,0.11643297970295,-1.53868330250965,4.41149312907868,-7.16878707782675
123506,0.0166625,25.4012052193284,0.788181841373444,-23.74045753479,-0.644193470478058,6.13047695159912,0.333332180976868,1.38512337207794,0.11643297970295,-1.53868330250965,4.41149312907868,-7.16878707782675
123510,0.0198287,25.4210339188576,0.788181841373444,-23.74045753479,-0.644193470478058,6.13047695159912,0.333332180976868,1.38512337207794,0.11643297970295,-1.53868330250965,4.41149312907868,-7.16878707782675
123514,0.0166669,25.4377008192241,0.760410845279694,-24.7521152496338,-1.17184233665466,6.47959804534912,0.506366848945618,1.46385872364044,0.1484764367342,-3.29683749559737,3.78821840577485,-2.91217514081607
123516,0.0185914,25.45629221946,0.760410845279694,-24.7521152496338,-1.17184233665466,6.47959804534912,0.506366848945618,1.46385872364044,0.1484764367342,-3.29683749559737,3.78821840577485,-2.91217514081607
123518,0.016668,25.4729602187872,0.411289751529694,-25.1250400543213,-1.22341704368591,6.75334072113037,0.530170559883118,1.68633186817169,0.24460680782795,-3.02951794698076,3.45650382377343,-1.3286420079483
123522,0.016667,25.4896272178739,0.411289751529694,-25.1250400543213,-1.22341704368591,6.75334072113037,0.530170559883118,1.68633186817169,0.24460680782795,-3.02951794698076,3.45650382377343,-1.3286420079483
123526,0.0166668,25.5062940176576,0.538242876529694,-25.248025894165,-1.19564604759216,7.20164394378662,0.642780423164368,1.77147591114044,0.263832867145538,-2.92225791635484,3.14272370826947,-1.33643075972533
123528,0.0166674,25.5229614172131,0.685032427310944,-25.7439365386963,-1.29482817649841,7.20164394378662,0.684894680976868,1.96831429004669,0.289467632770538,-2.63009233587505,2.80934287350289,-0.335115689878006
123534,0.0166669,25.5396283175796,0.760410845279694,-25.6685581207275,-1.22341704368591,7.20164394378662,0.654682278633118,1.98113167285919,0.295876324176788,-2.66561233882886,2.74954896721257,-0.26583875188062
123538,0.016666,25.5562943182886,0.137547075748444,-26.6564121246338,-1.69949126243591,7.89591884613037,0.768207669258118,2.34825825691223,0.335243999958038,-2.84175579546246,2.42044911996803,1.74005870774256
123540,0.0180864,25.5743807181716,0.137547075748444,-26.6564121246338,-1.69949126243591,7.89591884613037,0.768207669258118,2.34825825691223,0.335243999958038,-2.84175579546246,2.42044911996803,1.74005870774256
123544,0.0166675,25.5910482183099,0.312107622623444,-27.2277011871338,-1.79867339134216,8.43943691253662,0.762714505195618,2.47917866706848,0.276650249958038,-1.32177720742606,2.44594048376597,2.0959003228365
123546,0.0178155,25.6088637188077,0.312107622623444,-27.2277011871338,-1.79867339134216,8.43943691253662,0.762714505195618,2.47917866706848,0.276650249958038,-1.32177720742606,2.44594048376597,2.0959003228365
123552,0.0166686,25.6255323179066,0.212925493717194,-27.0293369293213,-1.89785552024841,8.09428310394287,0.822223782539368,2.43981099128723,0.263832867145538,-1.69905018883107,2.2538186613616,2.77707232856831
123556,0.020768,25.6463003177196,0.0859723687171936,-26.8071689605713,-1.89785552024841,8.04270839691162,0.732502102851868,2.49840474128723,0.270241558551788,-2.04496761620049,2.46751659045952,2.86570641601183
123560,0.0181699,25.664470218122,0.0859723687171936,-26.8071689605713,-1.89785552024841,8.04270839691162,0.732502102851868,2.49840474128723,0.270241558551788,-2.04496761620049,2.46751659045952,2.86570641601183
123562,0.0190405,25.6835107188672,-0.239345014095306,-27.10471534729,-2.27474761009216,8.54258632659912,0.839618802070618,2.47917866706848,0.2253807336092,-1.56374249668863,1.88852652664629,2.46600109556646
123566,0.0166675,25.7001782190055,-0.163966596126556,-27.0769443511963,-2.22317290306091,8.31645107269287,0.822223782539368,2.46544575691223,0.23178942501545,-1.38909607500129,1.88490274307981,2.78437449858963
123568,0.0166661,25.7168443184346,-0.163966596126556,-27.0769443511963,-2.22317290306091,8.31645107269287,0.822223782539368,2.46544575691223,0.23178942501545,-1.38909607500129,1.88490274307981,2.78437449858963
123572,0.0166681,25.7335124183446,0.0859723687171936,-26.5096225738525,-1.79867339134216,8.61399745941162,0.798420071601868,2.45262837409973,0.24460680782795,-1.77315997825439,2.35505938299654,3.25937994037605
123576,0.0179621,25.7514745183289,0.0859723687171936,-26.5096225738525,-1.79867339134216,8.61399745941162,0.798420071601868,2.45262837409973,0.24460680782795,-1.77315997825439,2.35505938299654,3.25937994037605
123580,0.016668,25.7681425176561,-0.0647844672203064,-25.914529800415,-1.89785552024841,8.88774013519287,0.810321927070618,2.36748433113098,0.2381981164217,-1.4940276964334,2.09989325981767,1.28434884675484
123582,0.0167235,25.7848660182208,-0.0647844672203064,-25.914529800415,-1.89785552024841,8.88774013519287,0.810321927070618,2.36748433113098,0.2381981164217,-1.4940276964334,2.09989325981767,1.28434884675484
123584,0.0166682,25.8015342187136,-0.0647844672203064,-25.914529800415,-1.89785552024841,8.88774013519287,0.810321927070618,2.36748433113098,0.2381981164217,-1.4940276964334,2.09989325981767,1.28434884675484
123588,0.0166678,25.8182020187378,0.161350786685944,-25.248025894165,-1.49715971946716,8.68937587738037,0.768207669258118,2.36107563972473,0.276650249958038,-1.36726197093345,2.00567989798259,3.69577619214806
123590,0.0166678,25.8348698187619,-0.0132097601890564,-25.4939975738525,-1.72329497337341,8.93931484222412,0.834125638008118,2.39403462409973,0.289467632770538,-1.33307607269715,1.97803723641668,3.10295042908849
123594,0.016666,25.8515358194709,-0.0132097601890564,-25.4939975738525,-1.72329497337341,8.93931484222412,0.834125638008118,2.39403462409973,0.289467632770538,-1.33307607269715,1.97803723641668,3.10295042908849
123598,0.016667,25.8682028185576,0.0105939507484436,-25.914529800415,-1.52096343040466,9.21305751800537,0.792011380195618,2.61009907722473,0.309609234333038,-1.25893769680947,1.77361706938261,1.90451224769721
123602,0.0166665,25.8848693184555,0.0105939507484436,-25.914529800415,-1.52096343040466,9.21305751800537,0.792011380195618,2.61009907722473,0.309609234333038,-1.25893769680947,1.77361706938261,1.90451224769721
123604,0.0166668,25.9015361182392,-0.112391889095306,-25.7201328277588,-1.72329497337341,9.73277187347412,0.857929348945618,2.60369038581848,0.263832867145538,-1.27213279398,1.83155467104533,3.27029380588988
123608,0.0166709,25.9182070177048,-0.0647844672203064,-25.1488437652588,-1.52096343040466,9.58201503753662,0.810321927070618,2.40044331550598,0.322426617145538,-1.36622438969954,1.56916415150856,1.79273533992344
123612,0.0166626,25.9348696172237,-0.0647844672203064,-25.1488437652588,-1.52096343040466,9.58201503753662,0.810321927070618,2.40044331550598,0.322426617145538,-1.36622438969954,1.56916415150856,1.79273533992344
123614,0.0166672,25.9515368174762,-0.0647844672203064,-25.1488437652588,-1.52096343040466,9.58201503753662,0.810321927070618,2.40044331550598,0.322426617145538,-1.36622438969954,1.56916415150856,1.79273533992344
123618,0.0166666,25.9682034179568,-0.187770307064056,-25.5455722808838,-1.72329497337341,10.1810750961304,0.815815091133118,2.68151021003723,0.289467632770538,-1.54399705198865,1.16856822527638,4.6813097685088
123622,0.016667,25.9848704170436,-0.187770307064056,-25.5455722808838,-1.72329497337341,10.1810750961304,0.815815091133118,2.68151021003723,0.289467632770538,-1.54399705198865,1.16856822527638,4.6813097685088
123626,0.0166693,26.0015397164971,-0.513087689876556,-25.20041847229,-1.74709868431091,9.33604335784912,0.768207669258118,2.33452534675598,0.283058941364288,-1.10028100653637,1.12084562962343,0.367303506923129
123628,0.0166649,26.0182046163827,-0.513087689876556,-25.20041847229,-1.74709868431091,9.33604335784912,0.768207669258118,2.33452534675598,0.283058941364288,-1.10028100653637,1.12084562962343,0.367303506923129
123632,0.016667,26.0348716154695,-0.763026654720306,-25.2996006011963,-1.69949126243591,9.80815029144287,0.768207669258118,2.61650776863098,0.16770251095295,-1.28948352399676,0.285997508889706,2.68556801674891
123636,0.0166662,26.0515378154814,-0.763026654720306,-25.2996006011963,-1.69949126243591,9.80815029144287,0.768207669258118,2.61650776863098,0.16770251095295,-1.28948352399676,0.285997508889706,2.68556801674891
123640,0.016667,26.0682048145682,-0.763026654720306,-25.2996006011963,-1.69949126243591,9.80815029144287,0.768207669258118,2.61650776863098,0.16770251095295,-1.28948352399676,0.285997508889706,2.68556801674891
123642,0.0166668,26.0848716143519,-1.4890398979187,-23.96262550354,-2.19936919212341,10.0065145492554,0.881733059883118,2.38030171394348,0.0386131554841995,-0.495938177750582,-0.692168411588219,3.49239425016559
123646,0.0166673,26.1015389151871,-1.4652361869812,-23.29612159729,-1.99703764915466,9.35984706878662,0.815815091133118,2.35466694831848,0.0257957726716995,-0.181295132148554,-0.541258891283058,2.29662684429047
123648,0.0166659,26.1182048153132,-1.4652361869812,-23.29612159729,-1.99703764915466,9.35984706878662,0.815815091133118,2.35466694831848,0.0257957726716995,-0.181295132148554,-0.541258891283058,2.29662684429047
123654,0.0166818,26.1348866149783,-1.9413104057312,-22.5542392730713,-2.25094389915466,9.88352870941162,0.834125638008118,2.15782856941223,-0.1023780554533,0,0,0
123656,0.0183278,26.1532144155353,-1.9413104057312,-22.5542392730713,-2.25094389915466,9.88352870941162,0.834125638008118,2.15782856941223,-0.1023780554533,0,0,0
123658,0.0166686,26.1698830146343,-1.9413104057312,-22.5542392730713,-2.25094389915466,9.88352870941162,0.834125638008118,2.15782856941223,-0.1023780554533,0,0,0
123662,0.0166668,26.186549814418,-2.23885679244995,-20.8959140777588,-2.19936919212341,9.33604335784912,0.846027493476868,2.06627583503723,-0.250693500041962,0,0,0
123664,0.0166672,26.2032170146704,-2.23885679244995,-20.8959140777588,-2.19936919212341,9.33604335784912,0.846027493476868,2.06627583503723,-0.250693500041962,0,0,0
123668,0.0166671,26.2198841143399,-1.73897886276245,-22.8002109527588,-1.49715971946716,11.2720785140991,0.720600247383118,2.16423726081848,-0.250693500041962,0,0,0
123672,0.0166676,26.2365517150611,-1.73897886276245,-22.8002109527588,-1.49715971946716,11.2720785140991,0.720600247383118,2.16423726081848,-0.250693500041962,0,0,0
123676,0.0166668,26.2532185148448,-1.9413104057312,-23.121561050415,-1.64791655540466,11.2244710922241,0.684894680976868,2.51122212409973,-0.276328265666962,0,0,0
123678,0.016666,26.2698845155537,-1.41366147994995,-20.6975498199463,-0.846525013446808,12.2638998031616,0.422138333320618,2.41966938972473,-0.308371722698212,0,0,0
123682,0.0166665,26.2865510154516,-1.41366147994995,-20.6975498199463,-0.846525013446808,12.2638998031616,0.422138333320618,2.41966938972473,-0.308371722698212,0,0,0
123686,0.0166678,26.3032188154757,-0.913783490657806,-19.2137851715088,-0.445829212665558,11.2482748031616,0.321430325508118,2.32170796394348,-0.257102191448212,0,0,0
123688,0.0166656,26.3198844157159,-2.2666277885437,-18.24973487854,-1.57253813743591,11.1490926742554,0.326923489570618,2.15141987800598,-0.327597796916962,0,0,0
123692,0.0166676,26.3365520164371,-2.2666277885437,-18.24973487854,-1.57253813743591,11.1490926742554,0.326923489570618,2.15141987800598,-0.327597796916962,0,0,0
123694,0.0166676,26.3532196171582,-2.2666277885437,-18.24973487854,-1.57253813743591,11.1490926742554,0.326923489570618,2.15141987800598,-0.327597796916962,0,0,0
123700,0.0166665,26.369886117056,-1.71517515182495,-19.5589389801025,-0.921903431415558,11.7679891586304,0.160297498106956,2.52495503425598,-0.289145648479462,0,0,0
123702,0.0166667,26.3865528162569,-1.71517515182495,-19.5589389801025,-0.921903431415558,11.7679891586304,0.160297498106956,2.52495503425598,-0.289145648479462,0,0,0
123706,0.0166666,26.4032194167376,-2.4649920463562,-17.7300205230713,-1.34640288352966,13.4580526351929,0.219806775450706,2.59636616706848,-0.282736957073212,0,0,0
123708,0.0166663,26.4198857173324,-2.4649920463562,-17.7300205230713,-1.34640288352966,13.4580526351929,0.219806775450706,2.59636616706848,-0.282736957073212,0,0,0
123714,0.0166673,26.4365530181676,-2.71493101119995,-16.8651523590088,-1.54873442649841,13.4342489242554,0.130085095763206,2.54418110847473,-0.334006488323212,0,0,0
123716,0.0180206,26.4545736182481,-0.564662396907806,-15.99631690979,0.633272349834442,12.2400960922241,-0.406413912773132,2.41326069831848,-0.372458636760712,0,0,0
123720,0.0166666,26.4712402187288,-0.564662396907806,-15.99631690979,0.633272349834442,12.2400960922241,-0.406413912773132,2.41326069831848,-0.372458636760712,0,0,0
123722,0.0179286,26.4891688190401,-0.564662396907806,-15.99631690979,0.633272349834442,12.2400960922241,-0.406413912773132,2.41326069831848,-0.372458636760712,0,0,0
123726,0.0166675,26.5058363191783,-3.86544370651245,-16.7381992340088,-2.39773344993591,13.9777669906616,0.238117322325706,2.58354878425598,-0.378867328166962,0,0,0
123730,0.0166667,26.5225030183792,-3.86544370651245,-16.7381992340088,-2.39773344993591,13.9777669906616,0.238117322325706,2.58354878425598,-0.378867328166962,0,0,0
123734,0.0166675,26.5391705185175,3.6366925239563,-16.1946811676025,4.76718330383301,11.8433675765991,-0.423808932304382,2.04613423347473,-0.10878674685955,0,0,0
123736,0.0166666,26.5558371189982,3.6366925239563,-16.1946811676025,4.76718330383301,11.8433675765991,-0.423808932304382,2.04613423347473,-0.10878674685955,0,0,0
123740,0.0166681,26.5725052189082,-1.3144793510437,-14.6871128082275,0.407137095928192,11.4466390609741,-0.471416354179382,2.11205220222473,-0.436545550823212,0,0,0
123742,0.0169806,26.5894858185202,2.0101056098938,-14.8616733551025,3.48971772193909,11.7203817367554,-0.537334322929382,2.11205220222473,-0.263510882854462,0,0,0
123746,0.0166679,26.6061537191272,2.0101056098938,-14.8616733551025,3.48971772193909,11.7203817367554,-0.537334322929382,2.11205220222473,-0.263510882854462,0,0,0
123750,0.0166668,26.6228205189109,3.33914613723755,-15.77414894104,4.61642646789551,12.2916707992554,-0.370708346366882,1.88225471973419,-0.0895606726408005,0,0,0
123754,0.0166674,26.6394879184663,-4.38912534713745,-15.0084629058838,-2.42550444602966,15.7194051742554,0.768207669258118,2.36748433113098,-0.16005627810955,0,0,0
123756,0.016666,26.6561539191753,-4.38912534713745,-15.0084629058838,-2.42550444602966,15.7194051742554,0.768207669258118,2.36748433113098,-0.16005627810955,0,0,0
123760,0.0166683,26.6728222183883,0.835789263248444,-15.2306308746338,2.56137299537659,10.8991537094116,-0.876994967460632,2.19078755378723,-0.456687152385712,0,0,0
123764,0.0174135,26.6902357190847,0.835789263248444,-15.2306308746338,2.56137299537659,10.8991537094116,-0.876994967460632,2.19078755378723,-0.456687152385712,0,0,0
123768,0.0171041,26.7073398195207,-3.6155047416687,-15.5281772613525,-1.64791655540466,14.9497518539429,0.297626614570618,2.52495503425598,-0.314780414104462,0,0,0
123770,0.017339,26.7246788199991,-3.6155047416687,-15.5281772613525,-1.64791655540466,14.9497518539429,0.297626614570618,2.52495503425598,-0.314780414104462,0,0,0
123774,0.0166683,26.7413471192122,-4.4407000541687,-14.5403232574463,-2.17556548118591,13.2596883773804,0.0531808063387871,2.27593159675598,-0.533591449260712,0,0,0
123776,0.016666,26.7580131199211,0.312107622623444,-15.55198097229,2.31143403053284,11.6965780258179,-0.739665865898132,2.32170796394348,-0.546408832073212,0,0,0
123778,0.0166678,26.7746809199452,0.312107622623444,-15.55198097229,2.31143403053284,11.6965780258179,-0.739665865898132,2.32170796394348,-0.546408832073212,0,0,0
123782,0.0166667,26.7913476191461,0.312107622623444,-15.55198097229,2.31143403053284,11.6965780258179,-0.739665865898132,2.32170796394348,-0.546408832073212,0,0,0
123786,0.0166675,26.8080151192844,-1.04073667526245,-15.0322666168213,0.732454478740692,13.7317953109741,-0.00083530880510807,2.29515767097473,-0.314780414104462,0,0,0
123788,0.0166665,26.8246816191822,-1.04073667526245,-15.0322666168213,0.732454478740692,13.7317953109741,-0.00083530880510807,2.29515767097473,-0.314780414104462,0,0,0
123792,0.0166682,26.8413498196751,4.3111310005188,-16.1946811676025,5.99704170227051,12.6645956039429,-1.14524447917938,2.33452534675598,-0.463095843791962,0,0,0
123796,0.0166661,26.8580159191042,5.21170473098755,-15.8257236480713,6.42154121398926,13.0851278305054,-0.537334322929382,2.28874897956848,-0.2122413367033,0,0,0
123800,0.0166668,26.8746827188879,5.21170473098755,-15.8257236480713,6.42154121398926,13.0851278305054,-0.537334322929382,2.28874897956848,-0.2122413367033,0,0,0
123804,0.0166661,26.8913488183171,-3.01644468307495,-14.5125522613525,-1.04488921165466,14.3268880844116,-0.316692233085632,2.59636616706848,-0.648947894573212,0,0,0
123808,0.0166666,26.9080154187977,-3.01644468307495,-14.5125522613525,-1.04488921165466,14.3268880844116,-0.316692233085632,2.59636616706848,-0.648947894573212,0,0,0
123810,0.0166711,26.9246865194291,-3.01644468307495,-14.5125522613525,-1.04488921165466,14.3268880844116,-0.316692233085632,2.59636616706848,-0.648947894573212,0,0,0
123814,0.0166681,26.9413546193391,2.71231508255005,-15.90110206604,4.14035224914551,14.4776449203491,-0.311199069023132,2.43981099128723,-0.1536475867033,0,0,0
123816,0.0166651,26.9580197185278,2.71231508255005,-15.90110206604,4.14035224914551,14.4776449203491,-0.311199069023132,2.43981099128723,-0.1536475867033,0,0,0
123822,0.0166834,26.9747031182051,-0.263148725032806,-14.488748550415,1.56161713600159,13.1367025375366,-0.888896822929382,2.50481343269348,-0.629721820354462,0,0,0
123824,0.0190193,26.9937224183232,-0.263148725032806,-14.488748550415,1.56161713600159,13.1367025375366,-0.888896822929382,2.50481343269348,-0.629721820354462,0,0,0
123828,0.0166683,27.0103907175362,-5.0913348197937,-14.66330909729,-2.97695708274841,13.4818563461304,0.124591939151287,2.57073140144348,-0.533591449260712,0,0,0
123830,0.0166658,27.0270565170795,3.08523988723755,-16.0954990386963,4.46566963195801,14.3506917953491,-0.250774264335632,2.41966938972473,-0.18569104373455,0,0,0
123834,0.0166684,27.0437249168754,3.08523988723755,-16.0954990386963,4.46566963195801,14.3506917953491,-0.250774264335632,2.41966938972473,-0.18569104373455,0,0,0
123836,0.0166665,27.0603914167732,-4.2661395072937,-14.488748550415,-2.42550444602966,15.2195272445679,0.112690083682537,2.77397847175598,-0.463095843791962,0,0,0
123842,0.0166661,27.0770575162023,-0.513087689876556,-15.55198097229,1.18472504615784,12.2916707992554,-0.656352877616882,2.40044331550598,-0.559226214885712,0,0,0
123846,0.019266,27.0963235162199,2.38699769973755,-16.2700595855713,3.96579194068909,11.8949422836304,-1.01981723308563,2.36107563972473,-0.463095843791962,0,0,0
123848,0.0166668,27.1129903160036,-1.6636004447937,-15.2544345855713,0.232576549053192,14.9219808578491,-0.328594088554382,2.92412495613098,-0.552817523479462,0,0,0
123850,0.0194171,27.1324074156582,-1.6636004447937,-15.2544345855713,0.232576549053192,14.9219808578491,-0.328594088554382,2.92412495613098,-0.552817523479462,0,0,0
123856,0.0166683,27.1490757148713,2.38699769973755,-17.23410987854,4.09274482727051,12.9621419906616,-0.382610201835632,2.55699849128723,-0.263510882854462,0,0,0
123860,0.0166665,27.1657422147691,2.38699769973755,-17.23410987854,4.09274482727051,12.9621419906616,-0.382610201835632,2.55699849128723,-0.263510882854462,0,0,0
123862,0.019535,27.1852772142738,-1.3382830619812,-16.56760597229,0.355562388896942,14.6998128890991,-0.167461290955544,2.78038716316223,-0.417319476604462,0,0,0
123866,0.0166686,27.2019458133727,0.312107622623444,-16.9365634918213,2.06149506568909,12.7637777328491,-0.335002779960632,2.66869282722473,-0.366049945354462,0,0,0
123870,0.0191022,27.2210480142385,0.312107622623444,-16.9365634918213,2.06149506568909,12.7637777328491,-0.335002779960632,2.66869282722473,-0.366049945354462,0,0,0
123874,0.0166678,27.2377158142626,-0.937587201595306,-16.7381992340088,0.633272349834442,13.1843099594116,-0.179363146424294,2.73461079597473,-0.398093402385712,0,0,0
123876,0.0174337,27.255149513483,-0.937587201595306,-16.7381992340088,0.633272349834442,13.1843099594116,-0.179363146424294,2.73461079597473,-0.398093402385712,0,0,0
123880,0.0167822,27.271931713447,-0.413905560970306,-16.7381992340088,1.13315033912659,13.4580526351929,-0.269084811210632,2.78038716316223,-0.366049945354462,0,0,0
123884,0.0166803,27.2886120136827,-0.465480268001556,-16.2938632965088,1.10934662818909,13.3350667953491,-0.286479830741882,2.81975483894348,-0.391684710979462,0,0,0
123888,0.0166677,27.305279713124,-0.465480268001556,-16.2938632965088,1.10934662818909,13.3350667953491,-0.286479830741882,2.81975483894348,-0.391684710979462,0,0,0
123890,0.0171117,27.3223914131522,-0.612269818782806,-16.3216342926025,1.05777192115784,13.2834920883179,-0.262676119804382,2.84538960456848,-0.443869769573212,0,0,0
123894,0.0166679,27.3390593137592,-0.489283978939056,-15.948709487915,1.08554291725159,12.9621419906616,-0.269084811210632,2.77397847175598,-0.436545550823212,0,0,0
123896,0.0166668,27.3557261135429,-0.489283978939056,-15.948709487915,1.08554291725159,12.9621419906616,-0.269084811210632,2.77397847175598,-0.436545550823212,0,0,0
123900,0.0166664,27.3723925128579,-0.513087689876556,-16.12327003479,1.03396821022034,12.9859457015991,-0.269084811210632,2.80602192878723,-0.385276019573212,0,0,0
123902,0.0168046,27.3891971129924,-0.513087689876556,-16.12327003479,1.03396821022034,12.9859457015991,-0.269084811210632,2.80602192878723,-0.385276019573212,0,0,0
123906,0.0166689,27.4058660138398,-0.513087689876556,-16.12327003479,1.03396821022034,12.9859457015991,-0.269084811210632,2.80602192878723,-0.385276019573212,0,0,0
123908,0.0166664,27.4225324131548,-0.215541303157806,-15.948709487915,1.18472504615784,12.8113851547241,-0.311199069023132,2.84538960456848,-0.430136859416962,0,0,0
123912,0.0166669,27.4391993135214,-0.215541303157806,-15.948709487915,1.18472504615784,12.8113851547241,-0.311199069023132,2.84538960456848,-0.430136859416962,0,0,0
123916,0.0166698,27.4558691140264,-0.362330853939056,-15.9725131988525,1.16092133522034,13.0375204086304,-0.280986666679382,2.85179829597473,-0.391684710979462,0,0,0
123918,0.0166648,27.4725339133292,-0.314723432064056,-16.0240879058838,1.18472504615784,12.9105672836304,-0.304790377616882,2.85179829597473,-0.443869769573212,0,0,0
123922,0.0166666,27.4892005138099,-0.314723432064056,-16.0240879058838,1.18472504615784,12.9105672836304,-0.304790377616882,2.85179829597473,-0.443869769573212,0,0,0
123926,0.0166665,27.5058670137078,-0.413905560970306,-15.5757846832275,1.05777192115784,12.5376424789429,-0.292888522148132,2.81975483894348,-0.423728168010712,0,0,0
123930,0.0166662,27.5225332137197,-0.413905560970306,-15.5757846832275,1.05777192115784,12.5376424789429,-0.292888522148132,2.81975483894348,-0.423728168010712,0,0,0
123934,0.0166694,27.5392026137561,-0.413905560970306,-15.9725131988525,1.01016449928284,12.8351888656616,-0.250774264335632,2.87193989753723,-0.391684710979462,0,0,0
123936,0.0166647,27.5558673143387,-0.413905560970306,-15.9725131988525,1.01016449928284,12.8351888656616,-0.250774264335632,2.87193989753723,-0.391684710979462,0,0,0
123940,0.0166685,27.5725358147174,-0.338527143001556,-16.12327003479,1.05777192115784,12.9105672836304,-0.250774264335632,2.89116597175598,-0.410910785198212,0,0,0
123942,0.0166651,27.5892009139061,-0.290919721126556,-16.1946811676025,1.13315033912659,12.8629598617554,-0.286479830741882,2.84538960456848,-0.391684710979462,0,0,0
123946,0.0166676,27.6058685146272,-0.290919721126556,-16.1946811676025,1.13315033912659,12.8629598617554,-0.286479830741882,2.84538960456848,-0.391684710979462,0,0,0
123950,0.0166663,27.622534815222,-0.390101850032806,-16.1470737457275,1.10934662818909,12.8351888656616,-0.292888522148132,2.85912251472473,-0.404502093791962,0,0,0
123954,0.0166672,27.6392020154744,-0.390101850032806,-16.1470737457275,1.08554291725159,12.6645956039429,-0.274577975273132,2.79961323738098,-0.436545550823212,0,0,0
123956,0.0175852,27.6567872148007,-0.390101850032806,-16.1470737457275,1.08554291725159,12.6645956039429,-0.274577975273132,2.79961323738098,-0.436545550823212,0,0,0
123960,0.0166684,27.6734556145966,-0.314723432064056,-16.2938632965088,1.13315033912659,12.8351888656616,-0.274577975273132,2.83257222175598,-0.443869769573212,0,0,0
123962,0.0166656,27.6901212148368,-0.314723432064056,-16.2938632965088,1.13315033912659,12.8351888656616,-0.274577975273132,2.83257222175598,-0.443869769573212,0,0,0
123966,0.0166687,27.7067899145186,-0.314723432064056,-16.2938632965088,1.13315033912659,12.8351888656616,-0.274577975273132,2.83257222175598,-0.443869769573212,0,0,0
123970,0.0166652,27.7234551142901,-0.163966596126556,-16.2700595855713,1.23629975318909,12.4900350570679,-0.299297213554382,2.83257222175598,-0.456687152385712,0,0,0
123974,0.0166678,27.7401229143143,-0.163966596126556,-16.2700595855713,1.23629975318909,12.4900350570679,-0.299297213554382,2.83257222175598,-0.456687152385712,0,0,0
123976,0.0171972,27.7573201134801,0.260532915592194,-16.0954990386963,1.63699555397034,12.2916707992554,-0.394512057304382,2.79320454597473,-0.423728168010712,0,0,0
123982,0.0166691,27.7739892136306,-0.163966596126556,-16.12327003479,1.28390717506409,12.4384603500366,-0.311199069023132,2.79320454597473,-0.391684710979462,0,0,0
123984,0.0177033,27.7916925139725,-0.163966596126556,-16.12327003479,1.28390717506409,12.4384603500366,-0.311199069023132,2.79320454597473,-0.391684710979462,0,0,0
123988,0.0166682,27.8083607144654,0.435093462467194,-16.0716953277588,1.85916352272034,12.4146566390991,-0.370708346366882,2.81334614753723,-0.353232562541962,0,0,0
123990,0.0166663,27.8250270150602,0.435093462467194,-16.0716953277588,1.85916352272034,12.4146566390991,-0.370708346366882,2.81334614753723,-0.353232562541962,0,0,0
123994,0.0166678,27.8416948150843,0.585850298404694,-15.99631690979,1.98611664772034,12.2916707992554,-0.335002779960632,2.89116597175598,-0.1408302038908,0,0,0
123996,0.0172741,27.8589689154178,0.585850298404694,-15.99631690979,1.98611664772034,12.2916707992554,-0.335002779960632,2.89116597175598,-0.1408302038908,0,0,0
124002,0.0166679,27.8756368160248,0.585850298404694,-15.99631690979,1.98611664772034,12.2916707992554,-0.335002779960632,2.89116597175598,-0.1408302038908,0,0,0
124004,0.0169112,27.8925480153412,0.736607134342194,-15.948709487915,2.16067719459534,12.0933065414429,-0.316692233085632,2.79320454597473,0.0514305382966995,0,0,0
124008,0.0166681,27.9092161152512,1.1373028755188,-16.0240879058838,2.48599457740784,11.7441854476929,-0.340495944023132,2.83898091316223,0.0715721398591995,0,0,0
124010,0.0166656,27.9258817154914,1.1373028755188,-16.0240879058838,2.48599457740784,11.7441854476929,-0.340495944023132,2.83898091316223,0.0715721398591995,0,0,0
124014,0.0175434,27.9434251151979,0.835789263248444,-15.90110206604,2.18844819068909,11.6211996078491,-0.286479830741882,2.81975483894348,0.2125633507967,0,0,0
124016,0.0175576,27.960982715711,0.934971392154694,-16.0478916168213,2.36300873756409,11.7441854476929,-0.274577975273132,2.82616353034973,0.21897204220295,0,0,0
124022,0.0166678,27.9776505157351,0.934971392154694,-16.0478916168213,2.36300873756409,11.7441854476929,-0.274577975273132,2.82616353034973,0.21897204220295,0,0,0
124024,0.0166662,27.9943167157471,0.788181841373444,-16.12327003479,2.28763031959534,11.9187459945679,-0.245281115174294,2.80602192878723,0.257424175739288,0,0,0
124028,0.0166674,28.0109841153026,0.609654009342194,-16.2224521636963,2.16067719459534,12.4384603500366,-0.233379259705544,2.91130757331848,0.20615465939045,0,0,0
124030,0.0166662,28.0276503153145,0.609654009342194,-16.2224521636963,2.16067719459534,12.4384603500366,-0.233379259705544,2.91130757331848,0.20615465939045,0,0,0
124034,0.0166671,28.0443174149841,0.562046587467194,-16.393045425415,2.18844819068909,12.5892171859741,-0.161968126893044,2.91130757331848,0.23178942501545,0,0,0
124038,0.0180885,28.0624059140682,0.562046587467194,-16.393045425415,2.18844819068909,12.5892171859741,-0.161968126893044,2.91130757331848,0.23178942501545,0,0,0
124042,0.0166676,28.0790735147893,0.312107622623444,-16.4922275543213,1.68460297584534,12.6645956039429,-0.119853861629963,2.91130757331848,0.1741112023592,0,0,0
124044,0.0175317,28.0966052152216,0.312107622623444,-16.4922275543213,1.68460297584534,12.6645956039429,-0.119853861629963,2.91130757331848,0.1741112023592,0,0,0
124048,0.0166671,28.1132723148912,0.312107622623444,-16.4922275543213,1.68460297584534,12.6645956039429,-0.119853861629963,2.91130757331848,0.1741112023592,0,0,0
124052,0.0166688,28.1299411151558,0.312107622623444,-16.5438022613525,1.75998139381409,12.0179281234741,-0.0841482952237129,2.81975483894348,0.23178942501545,0,0,0
124058,0.024274,28.1542151160538,0.312107622623444,-16.5438022613525,1.75998139381409,12.0179281234741,-0.0841482952237129,2.81975483894348,0.23178942501545,0,0,0
124062,0.0200243,28.1742394156754,0.0621686577796936,-16.4168491363525,1.45846772193909,12.1171102523804,-0.0182303283363581,2.83898091316223,0.23178942501545,0,0,0
124064,0.0180524,28.1922918148339,0.0621686577796936,-16.4168491363525,1.45846772193909,12.1171102523804,-0.0182303283363581,2.83898091316223,0.23178942501545,0,0,0
124068,0.0166684,28.2089602146298,0.109776079654694,-16.4168491363525,1.53384613990784,11.9663534164429,-0.0429495647549629,2.83257222175598,0.23178942501545,0,0,0
124070,0.0189703,28.2279305141419,-0.215541303157806,-16.4922275543213,1.18472504615784,11.9941244125366,0.0348702594637871,2.84538960456848,0.2125633507967,0,0,0
124076,0.0166672,28.2445977143943,-0.437709271907806,-16.6667881011963,0.982393443584442,12.5376424789429,0.118183247745037,2.91771626472473,0.24460680782795,0,0,0
124078,0.019422,28.2640197146684,-0.465480268001556,-16.2700595855713,1.05777192115784,11.7203817367554,0.0943795368075371,2.77397847175598,0.2253807336092,0,0,0
124082,0.0166673,28.2806870155036,-0.239345014095306,-16.5438022613525,1.30771088600159,12.2162923812866,0.100788228213787,2.91130757331848,0.2381981164217,0,0,0
124084,0.0189143,28.2996013145894,-0.239345014095306,-16.5438022613525,1.30771088600159,12.2162923812866,0.100788228213787,2.91130757331848,0.2381981164217,0,0,0
124088,0.0166688,28.316270114854,-0.588466107845306,-16.56760597229,0.807832896709442,11.8671712875366,0.189594373106956,2.83898091316223,0.328835308551788,0,0,0
124092,0.0175134,28.3337835147977,-0.588466107845306,-16.56760597229,0.807832896709442,11.8671712875366,0.189594373106956,2.83898091316223,0.328835308551788,0,0,0
124096,0.0171177,28.3509012144059,-0.763026654720306,-16.56760597229,0.708650767803192,11.9425497055054,0.231708630919456,2.85179829597473,0.276650249958038,0,0,0
124100,0.0188579,28.3697591144592,-0.187770307064056,-16.56760597229,1.33548188209534,11.8949422836304,0.118183247745037,2.82616353034973,0.322426617145538,0,0,0
124102,0.0218087,28.3915678150952,-0.187770307064056,-16.56760597229,1.33548188209534,11.8949422836304,0.118183247745037,2.82616353034973,0.322426617145538,0,0,0
124108,0.0166682,28.408236015588,0.0105939507484436,-16.56760597229,1.41086030006409,11.9187459945679,0.106281392276287,2.83257222175598,0.316017925739288,0,0,0
124110,0.0166658,28.4249018151313,-0.0885881781578064,-16.4922275543213,1.33548188209534,11.9187459945679,0.136493787169456,2.89849019050598,0.263832867145538,0,0,0
124114,0.0166689,28.4415707159787,-0.0647844672203064,-16.4168491363525,1.28390717506409,11.5934286117554,0.172199353575706,2.81975483894348,0.270241558551788,0,0,0
124116,0.0166654,28.4582361150533,-0.0647844672203064,-16.4168491363525,1.28390717506409,11.5934286117554,0.172199353575706,2.81975483894348,0.270241558551788,0,0,0
124122,0.0166683,28.4749044142663,-0.338527143001556,-16.5914096832275,0.982393443584442,11.7441854476929,0.219806775450706,2.83898091316223,0.295876324176788,0,0,0
124124,0.0177979,28.4927023146302,-0.564662396907806,-16.1946811676025,0.807832896709442,11.5934286117554,0.243610486388206,2.87834858894348,0.251015484333038,0,0,0
124128,0.0166683,28.5093706138432,-0.564662396907806,-16.1946811676025,0.807832896709442,11.5934286117554,0.243610486388206,2.87834858894348,0.251015484333038,0,0,0
124130,0.0184978,28.5278684142977,-0.215541303157806,-16.4684238433838,1.10934662818909,11.5696249008179,0.226215466856956,2.87834858894348,0.328835308551788,0,0,0
124134,0.0166672,28.5445356145501,-0.215541303157806,-16.4684238433838,1.10934662818909,11.5696249008179,0.226215466856956,2.87834858894348,0.328835308551788,0,0,0
124138,0.0210169,28.5655525140464,-0.314723432064056,-16.1946811676025,1.03396821022034,11.2958822250366,0.177692517638206,2.79320454597473,0.328835308551788,0,0,0
124142,0.0166684,28.5822209138423,0.212925493717194,-16.393045425415,1.48623871803284,11.0737142562866,0.148395642638206,2.77397847175598,0.335243999958038,0,0,0
124146,0.0166663,28.5988872144371,0.0621686577796936,-16.34543800354,1.41086030006409,11.2720785140991,0.165790662169456,2.83898091316223,0.289467632770538,0,0,0
124148,0.0204829,28.6193701140583,-0.140162885189056,-16.56760597229,1.08554291725159,11.5220174789429,0.207904919981956,2.89116597175598,0.348061382770538,0,0,0
124154,0.0166673,28.6360374148935,-0.140162885189056,-16.56760597229,1.08554291725159,11.5220174789429,0.207904919981956,2.89116597175598,0.348061382770538,0,0,0
124156,0.0196716,28.6557090152055,0.137547075748444,-16.2938632965088,1.30771088600159,10.9507284164429,0.130085095763206,2.83257222175598,0.322426617145538,0,0,0
124160,0.0166772,28.6723862159997,0.137547075748444,-16.2938632965088,1.30771088600159,10.9507284164429,0.130085095763206,2.83257222175598,0.322426617145538,0,0,0
124162,0.0180152,28.6904014162719,0.0859723687171936,-16.9127597808838,1.20852875709534,11.8195638656616,0.165790662169456,2.93694233894348,0.341652691364288,0,0,0
124166,0.0166682,28.7070696167648,-0.0370134711265564,-16.964334487915,1.05777192115784,11.9663534164429,0.226215466856956,2.94426655769348,0.335243999958038,0,0,0
124170,0.0166669,28.7237365171313,-0.0370134711265564,-16.964334487915,1.05777192115784,11.9663534164429,0.226215466856956,2.94426655769348,0.335243999958038,0,0,0
124172,0.0166675,28.7404040172696,0.0859723687171936,-16.4684238433838,1.20852875709534,10.9983358383179,0.177692517638206,2.89116597175598,0.322426617145538,0,0,0
124176,0.0166674,28.7570714168251,0.161350786685944,-16.4684238433838,1.23629975318909,11.0499105453491,0.172199353575706,2.85912251472473,0.316017925739288,0,0,0
124180,0.0169292,28.7740006167442,0.0105939507484436,-16.5438022613525,1.20852875709534,11.2482748031616,0.184101209044456,2.85912251472473,0.295876324176788,0,0,0
124184,0.0166667,28.790667315945,0.0621686577796936,-16.393045425415,1.28390717506409,11.3236532211304,0.160297498106956,2.85912251472473,0.295876324176788,0,0,0
124186,0.0172389,28.8079062160105,0.0621686577796936,-16.393045425415,1.28390717506409,11.3236532211304,0.160297498106956,2.85912251472473,0.295876324176788,0,0,0
124192,0.0166677,28.8245739154518,0.0859723687171936,-16.3216342926025,1.33548188209534,11.2720785140991,0.136493787169456,2.87834858894348,0.335243999958038,0,0,0
124194,0.0195702,28.8441441152245,0.387486040592194,-16.2462558746338,1.48623871803284,10.8515462875366,0.124591939151287,2.88475728034973,0.348061382770538,0,0,0
124196,0.0189755,28.8631196152419,0.387486040592194,-16.2462558746338,1.48623871803284,10.8515462875366,0.124591939151287,2.88475728034973,0.348061382770538,0,0,0
124202,0.0166672,28.8797868154943,0.161350786685944,-15.8495273590088,1.28390717506409,10.6016073226929,0.172199353575706,2.82616353034973,0.322426617145538,0,0,0
124204,0.0166668,28.896453615278,0.161350786685944,-15.8495273590088,1.28390717506409,10.6016073226929,0.172199353575706,2.82616353034973,0.322426617145538,0,0,0
124208,0.016667,28.9131206143647,0.312107622623444,-15.8257236480713,1.35928559303284,10.5024251937866,0.148395642638206,2.81334614753723,0.309609234333038,0,0,0
124210,0.0166666,28.9297872148454,0.585850298404694,-15.90110206604,1.51004242897034,10.7007894515991,0.124591939151287,2.82616353034973,0.316017925739288,0,0,0
124214,0.0166675,28.9464547149837,0.585850298404694,-15.90110206604,1.51004242897034,10.7007894515991,0.124591939151287,2.82616353034973,0.316017925739288,0,0,0
124218,0.0166663,28.9631210155785,0.585850298404694,-15.90110206604,1.51004242897034,10.7007894515991,0.124591939151287,2.82616353034973,0.316017925739288,0,0,0
124222,0.0166668,28.9797878153622,0.284336626529694,-16.4446201324463,1.23629975318909,11.3950643539429,0.255512356758118,2.94426655769348,0.386513531208038,0,0,0
124224,0.0169382,28.9967260155827,0.284336626529694,-16.4446201324463,1.23629975318909,11.3950643539429,0.255512356758118,2.94426655769348,0.386513531208038,0,0,0
124228,0.0166732,29.0133992154151,0.185154497623444,-17.3848667144775,1.08554291725159,11.4942464828491,0.285724759101868,3.00926899909973,0.380104839801788,0,0,0
124230,0.0166657,29.0300649162382,0.185154497623444,-17.3848667144775,1.08554291725159,11.4942464828491,0.285724759101868,3.00926899909973,0.380104839801788,0,0,0
124234,0.0166694,29.0467343162745,0.185154497623444,-17.3848667144775,1.08554291725159,11.4942464828491,0.285724759101868,3.00926899909973,0.380104839801788,0,0,0
124236,0.0166661,29.0634004157037,0.109776079654694,-17.1587314605713,0.982393443584442,10.8991537094116,0.297626614570618,2.91771626472473,0.341652691364288,0,0,0
124240,0.0166681,29.0800685156137,0.109776079654694,-17.1587314605713,0.982393443584442,10.8991537094116,0.297626614570618,2.91771626472473,0.341652691364288,0,0,0
124244,0.0166659,29.0967344157398,-0.163966596126556,-16.8651523590088,0.684847056865692,10.9983358383179,0.357135891914368,2.90489888191223,0.295876324176788,0,0,0
124246,0.016669,29.1134034153074,0.0343976616859436,-17.5554599761963,0.831636607646942,10.9745321273804,0.273822903633118,2.95708394050598,0.283058941364288,0,0,0
124250,0.016665,29.1300684157759,0.0343976616859436,-17.5554599761963,0.831636607646942,10.9745321273804,0.273822903633118,2.95708394050598,0.283058941364288,0,0,0
124254,0.0166677,29.1467361152172,-0.163966596126556,-17.2856845855713,0.482515513896942,11.4228353500366,0.374530911445618,2.92412495613098,0.328835308551788,0,0,0
124258,0.0166666,29.1634027156979,-0.163966596126556,-17.2856845855713,0.482515513896942,11.4228353500366,0.374530911445618,2.92412495613098,0.328835308551788,0,0,0
124262,0.0184478,29.181850515306,-0.687648236751556,-17.5554599761963,-0.0451334044337273,11.1967000961304,0.511860013008118,2.96349263191223,0.295876324176788,0,0,0
124266,0.0168351,29.1986856143922,-0.413905560970306,-17.3848667144775,0.232576549053192,11.0499105453491,0.523761868476868,2.91771626472473,0.289467632770538,0,0,0
124272,0.0227945,29.2214801143855,-0.588466107845306,-18.5710849761963,-0.0689371153712273,11.4466390609741,0.452350735664368,3.09441304206848,0.251015484333038,0,0,0
124274,0.0222548,29.2437349148095,-0.588466107845306,-18.5710849761963,-0.0689371153712273,11.4466390609741,0.452350735664368,3.09441304206848,0.251015484333038,0,0,0
124276,0.0178009,29.261535814032,-0.588466107845306,-18.5710849761963,-0.0689371153712273,11.4466390609741,0.452350735664368,3.09441304206848,0.251015484333038,0,0,0
124280,0.016668,29.2782038133591,-0.215541303157806,-17.7300205230713,0.256380259990692,10.6016073226929,0.542072415351868,2.91130757331848,0.295876324176788,0,0,0
124284,0.0166688,29.2948726136237,-0.215541303157806,-17.7300205230713,0.256380259990692,10.6016073226929,0.542072415351868,2.91130757331848,0.295876324176788,0,0,0
124288,0.0166651,29.3115377128124,0.185154497623444,-18.3727207183838,0.684847056865692,10.9745321273804,0.523761868476868,2.99645161628723,0.348061382770538,0,0,0
124290,0.0166656,29.3282033130527,0.185154497623444,-18.3727207183838,0.684847056865692,10.9745321273804,0.523761868476868,2.99645161628723,0.348061382770538,0,0,0
124296,0.0166681,29.3448714129627,0.161350786685944,-19.0669956207275,0.657076060771942,11.4466390609741,0.499958157539368,3.08800435066223,0.392922222614288,0,0,0
124298,0.0208844,29.3657558131963,0.212925493717194,-17.7776279449463,0.684847056865692,10.2048788070679,0.530170559883118,2.84538960456848,0.392922222614288,0,0,0
124302,0.0166681,29.3824239131063,0.212925493717194,-17.7776279449463,0.684847056865692,10.2048788070679,0.530170559883118,2.84538960456848,0.392922222614288,0,0,0
124304,0.0169432,29.3993671126664,0.562046587467194,-17.9521884918213,1.03396821022034,10.2802572250366,0.482563138008118,2.90489888191223,0.360878765583038,0,0,0
124308,0.0168364,29.4162035118788,0.260532915592194,-18.0989780426025,0.633272349834442,10.2802572250366,0.518268704414368,2.87193989753723,0.354470074176788,0,0,0
124312,0.017986,29.434189511463,0.260532915592194,-18.0989780426025,0.633272349834442,10.2802572250366,0.518268704414368,2.87193989753723,0.354470074176788,0,0,0
124316,0.0166682,29.4508577119559,0.335911333560944,-18.02756690979,0.581697642803192,9.85575771331787,0.511860013008118,2.84538960456848,0.341652691364288,0,0,0
124318,0.0166658,29.4675235114992,0.335911333560944,-18.02756690979,0.581697642803192,9.85575771331787,0.511860013008118,2.84538960456848,0.341652691364288,0,0,0
124322,0.0166673,29.4841908123344,0.335911333560944,-18.02756690979,0.581697642803192,9.85575771331787,0.511860013008118,2.84538960456848,0.341652691364288,0,0,0
124324,0.0166662,29.5008570123464,0.486668169498444,-18.5472812652588,0.807832896709442,9.45902919769287,0.488056302070618,2.86553120613098,0.354470074176788,0,0,0
124328,0.0166678,29.5175248123705,0.312107622623444,-19.535135269165,0.458711802959442,9.45902919769287,0.506366848945618,2.89116597175598,0.354470074176788,0,0,0
124332,0.0174673,29.5349921118468,0.335911333560944,-18.8408603668213,0.458711802959442,8.98692226409912,0.482563138008118,2.83257222175598,0.367287456989288,0,0,0
124336,0.0166685,29.5516606122255,0.335911333560944,-18.8408603668213,0.458711802959442,8.98692226409912,0.482563138008118,2.83257222175598,0.367287456989288,0,0,0
124338,0.0166666,29.5683272127062,0.335911333560944,-18.8408603668213,0.458711802959442,8.98692226409912,0.482563138008118,2.83257222175598,0.367287456989288,0,0,0
124342,0.0166677,29.5849949121475,0.0859723687171936,-20.4000034332275,0.0580160096287727,10.6016073226929,0.630878567695618,3.03581929206848,0.367287456989288,0.723978056945223,2.38179247998477,-0.323836772129124
124344,0.0166655,29.6016604118049,0.0859723687171936,-20.4000034332275,0.0580160096287727,10.6016073226929,0.630878567695618,3.03581929206848,0.367287456989288,0.723978056945223,2.38179247998477,-0.323836772129124
124348,0.0166678,29.6183282118291,0.0859723687171936,-20.4000034332275,0.0580160096287727,10.6016073226929,0.630878567695618,3.03581929206848,0.367287456989288,0.723978056945223,2.38179247998477,-0.323836772129124
124350,0.0166665,29.6349947117269,0.312107622623444,-22.3043003082275,0.157198131084442,9.83195400238037,0.583271145820618,3.05504536628723,0.392922222614288,1.08905710454645,2.526780868782,-1.35501312794499
124354,0.0166673,29.6516620125622,0.312107622623444,-22.3043003082275,0.157198131084442,9.83195400238037,0.583271145820618,3.05504536628723,0.392922222614288,1.08905710454645,2.526780868782,-1.35501312794499
124358,0.0166669,29.6683289129287,0.312107622623444,-22.3043003082275,0.157198131084442,9.83195400238037,0.583271145820618,3.05504536628723,0.392922222614288,1.08905710454645,2.526780868782,-1.35501312794499
124360,0.0166678,29.6849967129529,0.161350786685944,-21.3640537261963,-0.120511822402477,8.98692226409912,0.577777981758118,2.91130757331848,0.405739605426788,0.830025676611801,2.59730911796174,-3.75582181374755
124364,0.0166658,29.7016625124961,0.161350786685944,-21.3640537261963,-0.120511822402477,8.98692226409912,0.577777981758118,2.91130757331848,0.405739605426788,0.830025676611801,2.59730911796174,-3.75582181374755
124368,0.0166682,29.718330712989,0.0859723687171936,-22.0821323394775,-0.219693958759308,9.41142177581787,0.678485989570618,2.85912251472473,0.405739605426788,0.650998510650002,2.65456002351703,-0.210210567833543
124370,0.0166654,29.7349961120635,0.236729204654694,-22.4788608551025,-0.195890247821808,9.11387538909912,0.589679837226868,2.96990132331848,0.405739605426788,1.55769293654586,2.75402394558142,-3.89450000260503
124374,0.0166705,29.7516666129231,0.236729204654694,-22.4788608551025,-0.195890247821808,9.11387538909912,0.589679837226868,2.96990132331848,0.405739605426788,1.55769293654586,2.75402394558142,-3.89450000260503
124378,0.0166774,29.7683440130204,0.260532915592194,-22.8755893707275,-0.267301380634308,8.91154384613037,0.637287259101868,2.91130757331848,0.444191753864288,1.56084585592097,2.66357821446982,-2.96326851927973
124382,0.0166706,29.7850146126002,0.284336626529694,-22.4788608551025,-0.267301380634308,9.18528652191162,0.654682278633118,2.92412495613098,0.412148296833038,0.485807906445075,2.70585197276942,-0.272139366572012
124386,0.0166634,29.8016780130565,0.312107622623444,-22.05832862854,-0.243497669696808,8.07047939300537,0.613483548164368,2.79320454597473,0.431374371051788,0.692697122389356,2.84602829577414,-3.40633002098384
124388,0.0214562,29.823134213686,0.359715044498444,-23.3953037261963,-0.295072376728058,8.68937587738037,0.642780423164368,2.95708394050598,0.424965679645538,0.883682539930896,2.91332499357745,-3.52067705279104
124394,0.0166682,29.8398024141788,0.359715044498444,-23.3953037261963,-0.295072376728058,8.68937587738037,0.642780423164368,2.95708394050598,0.424965679645538,0.883682539930896,2.91332499357745,-3.52067705279104
124396,0.0166661,29.856468513608,0.161350786685944,-20.6737461090088,-0.418058216571808,6.87632656097412,0.678485989570618,1.64696419239044,0.476235210895538,1.07733189890661,3.00342418810111,-4.71461188072502
124402,0.0166875,29.8731560129672,0.161350786685944,-20.6737461090088,-0.418058216571808,6.87632656097412,0.678485989570618,1.64696419239044,0.476235210895538,1.07733189890661,3.00342418810111,-4.71461188072502
124404,0.0200171,29.8931731134653,0.109776079654694,-20.6975498199463,-0.418058216571808,6.92790126800537,0.708698391914368,2.17705464363098,0.489052593708038,1.1245458962317,2.94719885087425,-5.85916073868967
124408,0.0166688,29.9098419137299,-0.0132097601890564,-20.201639175415,-0.620389759540558,6.57878017425537,0.786518216133118,1.86302864551544,0.469826519489288,0.780670241257942,2.82445355007783,-7.77634896585222
124410,0.018853,29.9286949131638,-0.0132097601890564,-20.201639175415,-0.620389759540558,6.57878017425537,0.786518216133118,1.86302864551544,0.469826519489288,0.780670241257942,2.82445355007783,-7.77634896585222
124416,0.0166678,29.9453627131879,0.236729204654694,-18.8924350738525,-0.370450794696808,5.31321620941162,0.559467434883118,1.18187630176544,0.373696148395538,0.701543834797334,2.80211528766531,-10.370319319215
124418,0.0187137,29.9640764128417,0.236729204654694,-18.8924350738525,-0.370450794696808,5.31321620941162,0.559467434883118,1.18187630176544,0.373696148395538,0.701543834797334,2.80211528766531,-10.370319319215
124422,0.0166678,29.9807442128658,0.359715044498444,-19.36057472229,-0.342679798603058,5.75755214691162,0.547565579414368,1.23406136035919,0.295876324176788,-0.27017718820406,3.45800106708299,-10.9370120612488
124424,0.0167043,29.9974485132843,0.236729204654694,-19.3883457183838,-0.394254505634308,5.48777675628662,0.535663723945618,1.24687874317169,0.360878765583038,-0.211193145530876,3.13219615479241,-11.1271302736859
124428,0.0166696,30.0141181126237,0.236729204654694,-19.3883457183838,-0.394254505634308,5.48777675628662,0.535663723945618,1.24687874317169,0.360878765583038,-0.211193145530876,3.13219615479241,-11.1271302736859
124430,0.0166641,30.0307822134346,0.661228716373444,-18.4480991363525,-0.0451334044337273,5.38859462738037,0.440448880195618,1.06377327442169,0.24460680782795,-0.491173602276838,3.75711179151171,-13.3043695673668
124436,0.0188731,30.0496553126723,0.637425005435944,-18.1743564605713,0.00644130259752274,5.23783779144287,0.422138333320618,1.00517952442169,0.257424175739288,-0.568797492395944,3.74801824184339,-13.4234842508932
124440,0.0203465,30.0700018126518,0.911167681217194,-17.9521884918213,0.407137095928192,4.78953456878662,0.357135891914368,1.04454720020294,0.2125633507967,-1.25394753854389,4.03251806719392,-14.2284650281452
124442,0.0182852,30.0882870126516,0.911167681217194,-17.9521884918213,0.407137095928192,4.78953456878662,0.357135891914368,1.04454720020294,0.2125633507967,-1.25394753854389,4.03251806719392,-14.2284650281452
124444,0.016668,30.1049550119787,0.911167681217194,-17.9521884918213,0.407137095928192,4.78953456878662,0.357135891914368,1.04454720020294,0.2125633507967,-1.25394753854389,4.03251806719392,-14.2284650281452
124450,0.0166666,30.1216216124594,0.760410845279694,-17.9045810699463,0.307954967021942,4.24601650238037,0.416645169258118,0.939261555671692,0.2125633507967,-1.75265907806789,4.19870768424274,-14.5377995229559
124454,0.0166661,30.1382877118886,0.760410845279694,-17.9045810699463,0.307954967021942,4.24601650238037,0.416645169258118,0.939261555671692,0.2125633507967,-1.75265907806789,4.19870768424274,-14.5377995229559
124456,0.0206089,30.1588966120034,0.685032427310944,-17.9759922027588,0.307954967021942,4.39280605316162,0.410236477851868,0.801932454109192,0.1997459679842,-1.75074036854327,3.92423224339193,-15.0361697226732
124462,0.016668,30.1755646113306,0.835789263248444,-17.7062168121338,0.383333384990692,3.92069911956787,0.333332180976868,0.808341145515442,0.20615465939045,-1.83239675838332,4.00120974782102,-15.1271152434224
124464,0.0196211,30.1951857116073,0.835789263248444,-17.7062168121338,0.383333384990692,3.92069911956787,0.333332180976868,0.808341145515442,0.20615465939045,-1.83239675838332,4.00120974782102,-15.1271152434224
124468,0.0166679,30.2118536122143,0.538242876529694,-20.0310459136963,-0.394254505634308,5.78532314300537,0.625385403633118,1.43089973926544,0.251015484333038,-2.20332161313875,3.4238885710121,-13.0027186247664
124470,0.0179727,30.2298263125122,0.538242876529694,-20.0310459136963,-0.394254505634308,5.78532314300537,0.625385403633118,1.43089973926544,0.251015484333038,-2.20332161313875,3.4238885710121,-13.0027186247664
124476,0.0166681,30.2464944124222,1.53799867630005,-18.4957065582275,0.760225474834442,3.87309169769287,0.165790662169456,0.972220540046692,0.263832867145538,-2.77788924355124,4.25293667033652,-13.4782493863192
124480,0.0223728,30.268867213279,1.53799867630005,-18.4957065582275,0.760225474834442,3.87309169769287,0.165790662169456,0.972220540046692,0.263832867145538,-2.77788924355124,4.25293667033652,-13.4782493863192
124482,0.0166675,30.2855347134173,1.71255922317505,-18.8170566558838,0.907015025615692,4.01988124847412,0.118183247745037,1.18187630176544,0.257424175739288,-3.54359691111584,5.31038379353439,-13.5386998223915
124484,0.0180858,30.3036205135286,1.9624981880188,-19.6105136871338,1.13315033912659,4.11906337738037,0.100788228213787,1.41716682910919,0.270241558551788,-3.8873574376491,5.82803370290065,-13.2995599595322
124490,0.0166681,30.3202886134386,1.9624981880188,-19.6105136871338,1.13315033912659,4.11906337738037,0.100788228213787,1.41716682910919,0.270241558551788,-3.8873574376491,5.82803370290065,-13.2995599595322
124492,0.0166669,30.3369555138052,1.9863018989563,-19.535135269165,1.16092133522034,4.31742763519287,0.0650826618075371,1.50231087207794,0.309609234333038,-4.35495943181556,6.24783385582426,-11.6174221651273
124496,0.0166675,30.3536230139434,2.03787660598755,-20.5745639801025,1.16092133522034,5.21403408050537,0.392841458320618,2.41326069831848,0.263832867145538,-4.32406744251975,6.54702786223205,-10.2104223521873
124498,0.0172455,30.3708685133606,2.03787660598755,-20.5745639801025,1.16092133522034,5.21403408050537,0.392841458320618,2.41326069831848,0.263832867145538,-4.32406744251975,6.54702786223205,-10.2104223521873
124504,0.0166685,30.3875370137393,1.4626202583313,-21.0704746246338,1.13315033912659,5.33701992034912,0.267414212226868,1.93535530567169,0.412148296833038,-3.63620395644569,5.82289895359954,-6.72993977654008
124506,0.0167022,30.4042392130941,1.4626202583313,-21.0704746246338,1.13315033912659,5.33701992034912,0.267414212226868,1.93535530567169,0.412148296833038,-3.63620395644569,5.82289895359954,-6.72993977654008
124510,0.0166692,30.4209084138274,1.4626202583313,-21.0704746246338,1.13315033912659,5.33701992034912,0.267414212226868,1.93535530567169,0.412148296833038,-3.63620395644569,5.82289895359954,-6.72993977654008
124512,0.0166663,30.4375747144222,1.06192445755005,-22.328104019165,0.557893931865692,5.68614101409912,0.452350735664368,2.25578999519348,0.495461285114288,-3.70052260055254,5.55735765394,-5.9990782445099
124516,0.0166661,30.4542408138514,0.736607134342194,-21.9075717926025,0.307954967021942,5.65837001800537,0.559467434883118,2.23015522956848,0.521096050739288,-3.18614787571186,4.65118775603244,-5.16233980221598
124520,0.0189818,30.4732226133347,0.736607134342194,-21.9075717926025,0.307954967021942,5.65837001800537,0.559467434883118,2.23015522956848,0.521096050739288,-3.18614787571186,4.65118775603244,-5.16233980221598
124524,0.0166668,30.4898894131184,0.736607134342194,-22.05832862854,0.383333384990692,4.41660976409912,0.470661282539368,2.36107563972473,0.469826519489288,-3.58391513462386,3.58301673349455,-3.33198219130675
124526,0.0166673,30.5065567139536,0.736607134342194,-22.05832862854,0.383333384990692,4.41660976409912,0.470661282539368,2.36107563972473,0.469826519489288,-3.58391513462386,3.58301673349455,-3.33198219130675
124530,0.0166678,30.5232245139778,-0.163966596126556,-24.1094150543213,-0.771146595478058,7.09849452972412,0.661090970039368,3.02300190925598,0.392922222614288,-2.70357515021273,3.76126956791352,-1.28883299128426
124532,0.0166981,30.5399226136506,-0.0132097601890564,-24.1094150543213,-0.493436634540558,7.34843349456787,0.690387845039368,3.04222798347473,0.399330914020538,-2.56715892309896,3.44654751704991,-0.475304251036719
124536,0.0166672,30.556589813903,-0.0132097601890564,-24.1094150543213,-0.493436634540558,7.34843349456787,0.690387845039368,3.04222798347473,0.399330914020538,-2.56715892309896,3.44654751704991,-0.475304251036719
124540,0.0166666,30.5732564143837,-0.465480268001556,-24.0380039215088,-1.02108550071716,7.05088710784912,0.738910794258118,2.93694233894348,0.392922222614288,-1.91737545400388,3.24109021629512,-0.919139848602706
124542,0.0166675,30.5899239145219,-0.413905560970306,-23.6650791168213,-0.997281849384308,7.02708339691162,0.750812649726868,2.96349263191223,0.424965679645538,-1.97734057776891,2.88240742434432,-0.516048873463846
124546,0.0166675,30.6065914146602,-0.413905560970306,-23.6650791168213,-0.997281849384308,7.02708339691162,0.750812649726868,2.96349263191223,0.424965679645538,-1.97734057776891,2.88240742434432,-0.516048873463846
124548,0.0166666,30.6232580151409,-0.413905560970306,-23.6650791168213,-0.997281849384308,7.02708339691162,0.750812649726868,2.96349263191223,0.424965679645538,-1.97734057776891,2.88240742434432,-0.516048873463846
124552,0.0166676,30.639925615862,-0.362330853939056,-23.788064956665,-1.04488921165466,7.24925136566162,0.786518216133118,2.97631001472473,0.431374371051788,-1.93231503931941,2.74288258934915,-0.390488748692728
124554,0.016667,30.6565926149488,-0.163966596126556,-23.29612159729,-0.945707142353058,7.27305507659912,0.702289700508118,2.96349263191223,0.386513531208038,-2.07917577678663,2.41163777754812,1.10225308229784
124560,0.0166668,30.6732594147325,-0.0647844672203064,-22.1575107574463,-0.870328724384308,6.97550868988037,0.678485989570618,2.81334614753723,0.386513531208038,-1.46640265042022,3.25648766470281,-0.399193140984674
124564,0.0166663,30.6899257153273,-0.0647844672203064,-22.1575107574463,-0.870328724384308,6.97550868988037,0.678485989570618,2.81334614753723,0.386513531208038,-1.46640265042022,3.25648766470281,-0.399193140984674
124568,0.0175962,30.7075219154358,0.312107622623444,-21.39182472229,-0.521207630634308,7.40000820159912,0.630878567695618,2.69524312019348,0.373696148395538,-2.03289741425199,3.37383277640976,1.09415413812284
124570,0.0192496,30.7267715148628,0.312107622623444,-21.39182472229,-0.521207630634308,7.40000820159912,0.630878567695618,2.69524312019348,0.373696148395538,-2.03289741425199,3.37383277640976,1.09415413812284
124576,0.0166677,30.7434392143041,-0.0132097601890564,-21.0704746246338,-0.545011341571808,6.85252285003662,0.642780423164368,2.60369038581848,0.418556988239288,-2.00167065610465,3.3891581794651,0.706155036728425
124578,0.0234384,30.7668776139617,0.0621686577796936,-21.5148105621338,-0.521207630634308,7.27305507659912,0.625385403633118,2.68151021003723,0.380104839801788,-1.78717895817398,3.00018746809607,0.816837341835683
124582,0.016669,30.7835466135293,0.0621686577796936,-21.5148105621338,-0.521207630634308,7.27305507659912,0.625385403633118,2.68151021003723,0.380104839801788,-1.78717895817398,3.00018746809607,0.816837341835683
124584,0.0166677,30.8002143129706,0.137547075748444,-20.0786533355713,-0.219693958759308,7.30082607269287,0.583271145820618,2.46544575691223,0.412148296833038,-1.56066652267604,2.93774317955809,1.79120337374348
124588,0.0166661,30.8168804123998,0.137547075748444,-20.0786533355713,-0.219693958759308,7.30082607269287,0.583271145820618,2.46544575691223,0.412148296833038,-1.56066652267604,2.93774317955809,1.79120337374348
124590,0.0173004,30.8341808132827,0.212925493717194,-19.535135269165,-0.144315540790558,7.12626552581787,0.583271145820618,2.40685200691223,0.405739605426788,-1.61225161450105,2.85761339389897,1.33244410814374
124596,0.0166681,30.8508489131927,0.0105939507484436,-19.8326816558838,-0.267301380634308,8.01890468597412,0.607074856758118,2.45262837409973,0.380104839801788,-1.77766100936468,2.74871043817714,3.5591413897776
124598,0.0166664,30.8675153125077,0.0105939507484436,-19.8326816558838,-0.267301380634308,8.01890468597412,0.607074856758118,2.45262837409973,0.380104839801788,-1.77766100936468,2.74871043817714,3.5591413897776
124602,0.0166665,30.8841818124056,-0.215541303157806,-19.5113315582275,-0.370450794696808,8.41563320159912,0.672992825508118,2.42607808113098,0.431374371051788,-0.877672989819149,2.63232472615167,2.43293086078931
124604,0.0170975,30.9012793116272,-0.215541303157806,-19.5113315582275,-0.370450794696808,8.41563320159912,0.672992825508118,2.42607808113098,0.431374371051788,-0.877672989819149,2.63232472615167,2.43293086078931
124610,0.0166672,30.9179465118796,-0.215541303157806,-19.5113315582275,-0.370450794696808,8.41563320159912,0.672992825508118,2.42607808113098,0.431374371051788,-0.877672989819149,2.63232472615167,2.43293086078931
124612,0.01937,30.937316512689,-0.489283978939056,-19.3883457183838,-0.370450794696808,8.74095058441162,0.732502102851868,2.49840474128723,0.424965679645538,-1.15274099769358,1.73656735412687,3.90465330587492
124616,0.0166684,30.9539849124849,-0.489283978939056,-19.3883457183838,-0.370450794696808,8.74095058441162,0.732502102851868,2.49840474128723,0.424965679645538,-1.15274099769358,1.73656735412687,3.90465330587492
124618,0.0178921,30.9718770124018,-0.489283978939056,-18.47190284729,-0.318876087665558,7.69755458831787,0.696796536445618,2.34825825691223,0.412148296833038,-1.14833397549913,1.71260907403267,3.96050331664522
124624,0.0166681,30.9885451123118,-0.362330853939056,-18.5472812652588,-0.195890247821808,7.89591884613037,0.727008938789368,2.34825825691223,0.437783062458038,-1.10355770041985,1.26336327112308,3.71040862851898
124626,0.019401,31.0079461131245,-0.362330853939056,-18.5472812652588,-0.195890247821808,7.89591884613037,0.727008938789368,2.34825825691223,0.437783062458038,-1.10355770041985,1.26336327112308,3.71040862851898
124630,0.0166673,31.0246134139597,-0.413905560970306,-18.646463394165,-0.318876087665558,7.76896572113037,0.708698391914368,2.35466694831848,0.418556988239288,-0.291541251166136,1.17297548186878,2.73289726208325
124632,0.0166673,31.041280714795,-0.413905560970306,-18.646463394165,-0.318876087665558,7.76896572113037,0.708698391914368,2.35466694831848,0.418556988239288,-0.291541251166136,1.17297548186878,2.73289726208325
124638,0.0166676,31.0579483155161,-0.437709271907806,-19.7811069488525,-0.318876087665558,8.39182949066162,0.792011380195618,2.43340229988098,0.424965679645538,-0.0476303734601135,1.35692432815715,3.00735286956279
124640,0.0168981,31.0748464148492,-0.465480268001556,-19.4121494293213,-0.267301380634308,8.19346523284912,0.750812649726868,2.34093403816223,0.444191753864288,0.0239273554819755,1.48810957503943,2.79950967392009
124644,0.0174618,31.0923082139343,-0.465480268001556,-19.4121494293213,-0.267301380634308,8.19346523284912,0.750812649726868,2.34093403816223,0.444191753864288,0.0239273554819755,1.48810957503943,2.79950967392009
124648,0.0200847,31.1123929135501,-0.413905560970306,-19.6819248199463,-0.243497669696808,8.71317958831787,0.768207669258118,2.48558735847473,0.431374371051788,0.764110996775027,1.85020963643643,1.5661218182019
124650,0.0173656,31.1297585144639,-0.413905560970306,-19.6819248199463,-0.243497669696808,8.71317958831787,0.768207669258118,2.48558735847473,0.431374371051788,0.764110996775027,1.85020963643643,1.5661218182019
124656,0.0166678,31.1464263144881,-0.215541303157806,-19.4359531402588,-0.0927408263087273,8.21726894378662,0.714191555976868,2.37389302253723,0.412148296833038,1.04378294333678,2.08368615923615,0.757654223059092
124658,0.0175969,31.1640232149512,-0.263148725032806,-19.70969581604,-0.120511822402477,8.43943691253662,0.708698391914368,2.47185444831848,0.405739605426788,0.87677626686173,2.31464331340482,0.879000110996093
124662,0.0166673,31.1806905157864,-0.263148725032806,-19.70969581604,-0.120511822402477,8.43943691253662,0.708698391914368,2.47185444831848,0.405739605426788,0.87677626686173,2.31464331340482,0.879000110996093
124664,0.0193601,31.2000506166369,-0.140162885189056,-19.8326816558838,-0.0689371153712273,8.81236171722412,0.702289700508118,2.47185444831848,0.450600445270538,0.9628820042093,2.62811940133381,0.158007269574308
124668,0.0166682,31.2167188171297,-0.140162885189056,-19.8326816558838,-0.0689371153712273,8.81236171722412,0.702289700508118,2.47185444831848,0.450600445270538,0.9628820042093,2.62811940133381,0.158007269574308
124672,0.0192352,31.2359540164471,-0.140162885189056,-19.8326816558838,-0.0689371153712273,8.81236171722412,0.702289700508118,2.47185444831848,0.450600445270538,0.9628820042093,2.62811940133381,0.158007269574308
124676,0.0166726,31.2526266165078,0.109776079654694,-19.9556674957275,-0.0173624083399773,8.61399745941162,0.690387845039368,2.44621968269348,0.418556988239288,1.02037866773768,3.22082271808058,-0.0119509411161851
124680,0.0202891,31.2729157172143,0.109776079654694,-19.9556674957275,-0.0173624083399773,8.61399745941162,0.690387845039368,2.44621968269348,0.418556988239288,1.02037866773768,3.22082271808058,-0.0119509411161851
124684,0.0174024,31.2903181165457,0.387486040592194,-20.1778354644775,0.208772838115692,8.59019374847412,0.666584134101868,2.49199604988098,0.418556988239288,0.769633550900913,3.75605483364156,-0.0238708606165793
124688,0.0207878,31.3111059162766,0.462864458560944,-19.9556674957275,0.331758677959442,8.11808681488037,0.618976712226868,2.40044331550598,0.418556988239288,0.68512177911973,3.88072579323982,0.0584584128353524
124690,0.0187598,31.3298657163978,0.284336626529694,-19.535135269165,0.208772838115692,8.19346523284912,0.625385403633118,2.38030171394348,0.399330914020538,0.850571557746959,3.99691178977548,-0.357654589351356
124696,0.0166679,31.3465336170048,0.284336626529694,-19.535135269165,0.208772838115692,8.19346523284912,0.625385403633118,2.38030171394348,0.399330914020538,0.850571557746959,3.99691178977548,-0.357654589351356
124698,0.0192407,31.3657743167132,0.260532915592194,-19.93186378479,0.157198131084442,8.21726894378662,0.642780423164368,2.44621968269348,0.418556988239288,0.698794016487181,3.92730130220982,0.219001673407858
124702,0.0166683,31.3824426159263,0.212925493717194,-19.8564853668213,0.157198131084442,8.49101161956787,0.649189114570618,2.47185444831848,0.392922222614288,0.619351839355289,4.06092745613424,0.224756057413681
124704,0.0174806,31.3999232165515,0.212925493717194,-19.8564853668213,0.157198131084442,8.49101161956787,0.649189114570618,2.47185444831848,0.392922222614288,0.619351839355289,4.06092745613424,0.224756057413681
124710,0.0166686,31.4165918156505,0.212925493717194,-19.8564853668213,0.133394420146942,8.61399745941162,0.654682278633118,2.46544575691223,0.399330914020538,0.729872172030518,4.16997386386342,-0.0094969854920899
124712,0.018031,31.4346228148788,0.212925493717194,-19.8564853668213,0.133394420146942,8.61399745941162,0.654682278633118,2.46544575691223,0.399330914020538,0.729872172030518,4.16997386386342,-0.0094969854920899
124716,0.0166685,31.4512913152575,0.212925493717194,-19.8564853668213,0.133394420146942,8.61399745941162,0.654682278633118,2.46544575691223,0.399330914020538,0.729872172030518,4.16997386386342,-0.0094969854920899
124718,0.016666,31.4679573159665,0.359715044498444,-19.8564853668213,0.157198131084442,8.68937587738037,0.661090970039368,2.47185444831848,0.431374371051788,0.553519501453473,4.43995792722274,-0.129868307065725
124722,0.0166689,31.4846262168139,0.359715044498444,-19.8564853668213,0.157198131084442,8.68937587738037,0.661090970039368,2.47185444831848,0.431374371051788,0.553519501453473,4.43995792722274,-0.129868307065725
124724,0.016664,31.501290217042,0.435093462467194,-19.9556674957275,0.232576549053192,8.74095058441162,0.654682278633118,2.46544575691223,0.437783062458038,0.591765225077994,4.4460907530982,-0.112539899197693
124730,0.0175145,31.518804717809,0.312107622623444,-19.9556674957275,0.105623431503773,8.98692226409912,0.666584134101868,2.49840474128723,0.431374371051788,0.512241944333072,4.3912386294924,-0.0469468780493147
124734,0.02256,31.5413647182286,0.387486040592194,-19.9040927886963,0.208772838115692,9.01072597503662,0.642780423164368,2.47185444831848,0.457009136676788,0.869019907223852,4.2742764592147,-0.490732719489687
124738,0.0206761,31.5620408188552,0.387486040592194,-19.9040927886963,0.208772838115692,9.01072597503662,0.642780423164368,2.47185444831848,0.457009136676788,0.869019907223852,4.2742764592147,-0.490732719489687
124742,0.0167088,31.5787496194243,0.359715044498444,-19.7334995269775,0.208772838115692,8.51481533050537,0.654682278633118,2.42607808113098,0.424965679645538,0.799604839561586,4.30957039859463,-0.401811740171911
124744,0.0202417,31.5989913195372,0.284336626529694,-19.6343173980713,0.181001842021942,8.41563320159912,0.637287259101868,2.38030171394348,0.424965679645538,0.651275084056277,4.587129811871,-0.415000896395198
124748,0.0166687,31.6156600192189,0.284336626529694,-19.6343173980713,0.181001842021942,8.41563320159912,0.637287259101868,2.38030171394348,0.424965679645538,0.651275084056277,4.587129811871,-0.415000896395198
124750,0.018256,31.6339160185307,0.387486040592194,-19.7811069488525,0.157198131084442,8.61399745941162,0.666584134101868,2.46544575691223,0.437783062458038,0.693657668625942,4.30499279259172,-0.632867086657311
124756,0.0166682,31.6505842190236,0.284336626529694,-19.979471206665,0.105623431503773,8.88774013519287,0.654682278633118,2.46544575691223,0.405739605426788,0.741606608828837,4.47046048905976,-0.599560231259359
124758,0.0180148,31.6685990188271,0.284336626529694,-19.979471206665,0.105623431503773,8.88774013519287,0.654682278633118,2.46544575691223,0.405739605426788,0.741606608828837,4.47046048905976,-0.599560231259359
124762,0.0166681,31.6852671187371,0.312107622623444,-20.0786533355713,0.181001842021942,8.96311855316162,0.661090970039368,2.49840474128723,0.412148296833038,0.715733393756409,4.43552503122206,-0.842646522208966
124766,0.0177493,31.7030164189637,0.312107622623444,-20.0786533355713,0.181001842021942,8.96311855316162,0.661090970039368,2.49840474128723,0.412148296833038,0.715733393756409,4.43552503122206,-0.842646522208966
124770,0.0166674,31.7196838185191,0.212925493717194,-19.93186378479,0.0302450135350227,8.66557216644287,0.661090970039368,2.45903706550598,0.431374371051788,0.772872437397763,4.360774874764,-0.721659136470328
124772,0.0193808,31.7390646189451,0.212925493717194,-19.93186378479,0.0302450135350227,8.66557216644287,0.661090970039368,2.45903706550598,0.431374371051788,0.772872437397763,4.360774874764,-0.721659136470328
124776,0.0166674,31.7557320185006,0.359715044498444,-20.1302280426025,0.157198131084442,8.96311855316162,0.661090970039368,2.47185444831848,0.463417828083038,0.791648491927207,4.43114005641455,-0.47988959072424
124778,0.0166668,31.7723988182843,0.387486040592194,-20.0032749176025,0.181001842021942,8.61399745941162,0.654682278633118,2.45262837409973,0.450600445270538,0.786883261629045,4.53121661406681,-0.461382399235273
124784,0.0166674,31.7890662178397,0.387486040592194,-20.0032749176025,0.181001842021942,8.61399745941162,0.654682278633118,2.45262837409973,0.450600445270538,0.786883261629045,4.53121661406681,-0.461382399235273
124786,0.0166761,31.8057423178107,0.411289751529694,-19.93186378479,0.208772838115692,8.54258632659912,0.642780423164368,2.40685200691223,0.431374371051788,0.707280141608735,4.3984711112651,-0.709174921491534
124788,0.0166682,31.8224105183035,0.411289751529694,-19.93186378479,0.208772838115692,8.54258632659912,0.642780423164368,2.40685200691223,0.431374371051788,0.707280141608735,4.3984711112651,-0.709174921491534
124792,0.0166685,31.8390790186822,0.411289751529694,-19.93186378479,0.208772838115692,8.54258632659912,0.642780423164368,2.40685200691223,0.431374371051788,0.707280141608735,4.3984711112651,-0.709174921491534
124796,0.0166653,31.8557443190366,0.585850298404694,-20.0032749176025,0.383333384990692,8.61399745941162,0.630878567695618,2.47185444831848,0.450600445270538,0.92366095668086,4.23535625284743,-0.709830337460457
124798,0.016668,31.8724123183638,0.585850298404694,-20.0032749176025,0.383333384990692,8.61399745941162,0.630878567695618,2.47185444831848,0.450600445270538,0.92366095668086,4.23535625284743,-0.709830337460457
124802,0.0166708,31.8890831191093,0.585850298404694,-20.0032749176025,0.383333384990692,8.61399745941162,0.630878567695618,2.47185444831848,0.450600445270538,0.92366095668086,4.23535625284743,-0.709830337460457
124806,0.0166672,31.9057503193617,0.435093462467194,-20.0786533355713,0.256380259990692,8.71317958831787,0.625385403633118,2.49840474128723,0.424965679645538,0.568350858500885,4.66938725999941,-0.764842673210611
124810,0.016667,31.9224173184484,0.435093462467194,-20.0786533355713,0.256380259990692,8.71317958831787,0.625385403633118,2.49840474128723,0.424965679645538,0.568350858500885,4.66938725999941,-0.764842673210611
124812,0.0166667,31.9390840176493,0.359715044498444,-20.0310459136963,0.280183970928192,8.61399745941162,0.642780423164368,2.49840474128723,0.444191753864288,0.545278935186729,4.44349719470753,-0.944044007968743
124816,0.0166663,31.9557503182441,0.359715044498444,-20.0310459136963,0.280183970928192,8.61399745941162,0.642780423164368,2.49840474128723,0.444191753864288,0.545278935186729,4.44349719470753,-0.944044007968743
124818,0.0166668,31.9724171180278,0.359715044498444,-20.0310459136963,0.280183970928192,8.61399745941162,0.642780423164368,2.49840474128723,0.444191753864288,0.545278935186729,4.44349719470753,-0.944044007968743
124824,0.0166675,31.9890846181661,0.161350786685944,-19.979471206665,0.0818197205662727,8.56639003753662,0.654682278633118,2.50481343269348,0.386513531208038,0.439897564166598,4.3715657238492,-0.794528316599065
124826,0.016666,32.005750618875,0.161350786685944,-19.979471206665,0.0818197205662727,8.56639003753662,0.654682278633118,2.50481343269348,0.386513531208038,0.439897564166598,4.3715657238492,-0.794528316599065
124830,0.0166679,32.022418519482,0.260532915592194,-20.0032749176025,0.157198131084442,8.56639003753662,0.661090970039368,2.49840474128723,0.399330914020538,0.421710766949766,4.36882970261718,-0.731719317960039
124832,0.0166659,32.0390844196081,0.359715044498444,-20.1024570465088,0.331758677959442,8.61399745941162,0.649189114570618,2.50481343269348,0.386513531208038,0.434198660981406,4.10263764906124,-0.616638330205812
124838,0.0166682,32.055752620101,0.260532915592194,-20.0786533355713,0.355562388896942,8.78855800628662,0.661090970039368,2.53136372566223,0.424965679645538,0.543342060081767,4.0961513386672,-0.637257072052659
124840,0.0177216,32.0734742209315,0.109776079654694,-20.1302280426025,0.00644130259752274,8.76475429534912,0.678485989570618,2.53777241706848,0.392922222614288,0.559593516296816,4.2105152495774,-0.782451274109978
124844,0.0166674,32.090141620487,0.109776079654694,-20.1302280426025,0.00644130259752274,8.76475429534912,0.678485989570618,2.53777241706848,0.392922222614288,0.559593516296816,4.2105152495774,-0.782451274109978
124846,0.017666,32.1078076213598,0.137547075748444,-20.1302280426025,0.105623431503773,8.74095058441162,0.666584134101868,2.53136372566223,0.405739605426788,0.649950872526403,4.08245030902779,-0.770670002042148
124850,0.0166696,32.1244772206992,0.137547075748444,-20.2294101715088,0.280183970928192,9.13767910003662,0.654682278633118,2.61650776863098,0.386513531208038,0.854849219805593,3.98021475450534,-0.607104592123632
124854,0.0187263,32.1432035211474,0.0621686577796936,-20.201639175415,0.181001842021942,9.06230068206787,0.690387845039368,2.62932515144348,0.399330914020538,1.02655698496069,3.64814591657173,-0.76189419547381
124858,0.0205867,32.1637902203947,0.0621686577796936,-20.15403175354,0.181001842021942,8.91154384613037,0.678485989570618,2.58995747566223,0.444191753864288,1.02072343786178,3.65765026521627,-0.865051755927844
124860,0.0191254,32.1829156205058,0.0621686577796936,-20.15403175354,0.181001842021942,8.91154384613037,0.678485989570618,2.58995747566223,0.444191753864288,1.02072343786178,3.65765026521627,-0.865051755927844
124866,0.0166692,32.1995848212391,0.137547075748444,-20.15403175354,0.280183970928192,8.81236171722412,0.642780423164368,2.60369038581848,0.450600445270538,0.895208966034881,3.52222238049465,-0.901338005283628
124868,0.0196343,32.219219122082,0.137547075748444,-20.15403175354,0.280183970928192,8.81236171722412,0.642780423164368,2.60369038581848,0.450600445270538,0.895208966034881,3.52222238049465,-0.901338005283628
124872,0.0166671,32.2358862217516,0.161350786685944,-20.0786533355713,0.256380259990692,8.76475429534912,0.625385403633118,2.64305806159973,0.412148296833038,0.856899999713001,3.63181004741192,-0.972925058649624
124876,0.0192262,32.2551124226302,0.161350786685944,-20.0786533355713,0.256380259990692,8.76475429534912,0.625385403633118,2.64305806159973,0.412148296833038,0.856899999713001,3.63181004741192,-0.972925058649624
124880,0.016668,32.2717804219574,0.185154497623444,-20.1024570465088,0.280183970928192,8.68937587738037,0.649189114570618,2.62932515144348,0.405739605426788,0.917369877399161,3.58582767145013,-1.01029591376054
124884,0.0182824,32.2900628224015,0.109776079654694,-20.1302280426025,0.181001842021942,8.78855800628662,0.666584134101868,2.68883442878723,0.418556988239288,0.785990593284646,3.75139608857678,-1.29759831701276
124886,0.0174567,32.3075195215642,0.109776079654694,-20.1302280426025,0.181001842021942,8.78855800628662,0.666584134101868,2.68883442878723,0.418556988239288,0.785990593284646,3.75139608857678,-1.29759831701276
124888,0.016668,32.3241875208914,0.109776079654694,-20.1302280426025,0.181001842021942,8.78855800628662,0.666584134101868,2.68883442878723,0.418556988239288,0.785990593284646,3.75139608857678,-1.29759831701276
124892,0.0166674,32.3408549204469,0.161350786685944,-20.0786533355713,0.256380259990692,8.66557216644287,0.654682278633118,2.68151021003723,0.392922222614288,0.79882888103533,3.64975135122622,-1.36799813442493
124896,0.0166662,32.3575211204588,0.137547075748444,-20.1302280426025,0.208772838115692,8.66557216644287,0.654682278633118,2.71446919441223,0.431374371051788,0.831797988307555,3.52692408588901,-1.38428301039869
124902,0.0166679,32.3741890210658,0.185154497623444,-20.1778354644775,0.133394420146942,8.71317958831787,0.661090970039368,2.73461079597473,0.418556988239288,0.799793307805508,3.36730133576361,-1.59258655736258
124906,0.0233591,32.3975481204689,0.185154497623444,-20.1778354644775,0.133394420146942,8.71317958831787,0.661090970039368,2.73461079597473,0.418556988239288,0.799793307805508,3.36730133576361,-1.59258655736258
124910,0.02352,32.4210681207478,0.161350786685944,-19.979471206665,0.355562388896942,8.56639003753662,0.625385403633118,2.72820210456848,0.386513531208038,0.505863406198339,3.55265665488411,-1.82554521423527
124916,0.0220756,32.4431437216699,0.161350786685944,-19.979471206665,0.355562388896942,8.56639003753662,0.625385403633118,2.72820210456848,0.386513531208038,0.505863406198339,3.55265665488411,-1.82554521423527
124918,0.0204081,32.4635518211871,0.185154497623444,-20.0786533355713,0.307954967021942,8.59019374847412,0.637287259101868,2.75383687019348,0.457009136676788,0.549923892892799,3.49292696705762,-1.82846117585241
124922,0.0166673,32.4802191220224,0.137547075748444,-19.979471206665,0.256380259990692,8.49101161956787,0.649189114570618,2.73461079597473,0.392922222614288,0.332924482439181,3.44566347476731,-1.8201400951016
124924,0.0212299,32.5014490224421,0.137547075748444,-19.979471206665,0.256380259990692,8.49101161956787,0.649189114570618,2.73461079597473,0.392922222614288,0.332924482439181,3.44566347476731,-1.8201400951016
124930,0.0166683,32.5181173216552,0.109776079654694,-20.1778354644775,0.256380259990692,8.54258632659912,0.649189114570618,2.76665425300598,0.380104839801788,0.129500535600758,3.44046124047725,-1.84480909697598
124932,0.0176229,32.5357402209193,0.109776079654694,-20.1778354644775,0.256380259990692,8.54258632659912,0.649189114570618,2.76665425300598,0.380104839801788,0.129500535600758,3.44046124047725,-1.84480909697598
124936,0.016668,32.5524082202464,0.0859723687171936,-20.1024570465088,0.181001842021942,8.46720790863037,0.649189114570618,2.75383687019348,0.418556988239288,-0.0389843013800192,3.27589930620023,-1.99643565882688
124938,0.0177389,32.5701471194625,0.0105939507484436,-20.201639175415,0.0580160096287727,8.59019374847412,0.661090970039368,2.81975483894348,0.412148296833038,0.0749422130361668,3.20882910492479,-2.15319763664422
124944,0.0166679,32.5868150200695,0.0105939507484436,-20.201639175415,0.0580160096287727,8.59019374847412,0.661090970039368,2.81975483894348,0.412148296833038,0.0749422130361668,3.20882910492479,-2.15319763664422
124946,0.0174831,32.6042981203645,-0.0370134711265564,-20.201639175415,0.133394420146942,8.54258632659912,0.661090970039368,2.78038716316223,0.386513531208038,0.0953921135199731,3.19852185138272,-2.17993500728946
124948,0.0166679,32.6209660209715,-0.0647844672203064,-19.9040927886963,0.105623431503773,8.24107265472412,0.642780423164368,2.73461079597473,0.386513531208038,-0.0576646757990719,2.80842538079662,-1.93986464594692
124954,0.0166669,32.6376329213381,-0.0647844672203064,-19.9040927886963,0.105623431503773,8.24107265472412,0.642780423164368,2.73461079597473,0.386513531208038,-0.0576646757990719,2.80842538079662,-1.93986464594692
124958,0.0170172,32.6546501219273,-0.338527143001556,-19.9556674957275,-0.144315540790558,8.51481533050537,0.684894680976868,2.78679585456848,0.412148296833038,0.0146987481349067,2.38174326276326,-1.87684903254057
124960,0.0217542,32.6764043215662,-0.362330853939056,-19.9040927886963,-0.120511822402477,8.56639003753662,0.672992825508118,2.80602192878723,0.386513531208038,0.0386656335456543,2.34483429965745,-1.87182172971449
124964,0.0166672,32.6930715218186,-0.715419232845306,-19.6581211090088,-0.469632923603058,8.46720790863037,0.714191555976868,2.72087788581848,0.405739605426788,0.742297848879596,1.50483534200704,-2.28596057836078
124966,0.0166664,32.7097379211336,-0.715419232845306,-19.6581211090088,-0.469632923603058,8.46720790863037,0.714191555976868,2.72087788581848,0.405739605426788,0.742297848879596,1.50483534200704,-2.28596057836078
124972,0.0166668,32.7264047209173,-0.715419232845306,-19.6581211090088,-0.445829212665558,8.46720790863037,0.720600247383118,2.76665425300598,0.367287456989288,1.01572145742437,1.24293976168098,-2.25250710186458
124974,0.0187556,32.7451603207737,-0.838405072689056,-19.6105136871338,-0.671964466571808,8.43943691253662,0.738910794258118,2.74101948738098,0.418556988239288,1.29307569694946,0.906750110725763,-2.15443425536093
124978,0.0166667,32.7618270199746,-0.838405072689056,-19.6105136871338,-0.671964466571808,8.43943691253662,0.738910794258118,2.74101948738098,0.418556988239288,1.29307569694946,0.906750110725763,-2.15443425536093
124980,0.0167765,32.7786035202444,-1.0129656791687,-19.312967300415,-0.846525013446808,8.56639003753662,0.774616360664368,2.69524312019348,0.431374371051788,1.22613744978078,0.569814033441786,-2.10121724203585
124984,0.0166682,32.7952717207372,-0.862208783626556,-19.2891635894775,-0.794950306415558,8.78855800628662,0.798420071601868,2.72820210456848,0.341652691364288,1.49315152918539,0.558954333756421,-1.97663572523083
124986,0.0166658,32.8119375202805,-0.862208783626556,-19.2891635894775,-0.794950306415558,8.78855800628662,0.798420071601868,2.72820210456848,0.341652691364288,1.49315152918539,0.558954333756421,-1.97663572523083
124992,0.0167967,32.8287342209369,-0.763026654720306,-19.090799331665,-0.671964466571808,8.36802577972412,0.756305813789368,2.69524312019348,0.309609234333038,1.50003530311872,0.554436846156941,-2.17710351879614
124994,0.0166669,32.8454011213034,-0.763026654720306,-19.090799331665,-0.671964466571808,8.36802577972412,0.756305813789368,2.69524312019348,0.309609234333038,1.50003530311872,0.554436846156941,-2.17710351879614
124998,0.0166682,32.8620693217963,-0.663844525814056,-19.2137851715088,-0.671964466571808,8.59019374847412,0.803913235664368,2.71446919441223,0.295876324176788,1.5698361174439,0.212849454805025,-2.45008954697612
125000,0.016666,32.8787353225052,-0.663844525814056,-19.2137851715088,-0.671964466571808,8.59019374847412,0.803913235664368,2.71446919441223,0.295876324176788,1.5698361174439,0.212849454805025,-2.45008954697612
125004,0.0166674,32.8954027220607,-0.663844525814056,-19.2137851715088,-0.671964466571808,8.59019374847412,0.803913235664368,2.71446919441223,0.295876324176788,1.5698361174439,0.212849454805025,-2.45008954697612
125006,0.0166663,32.9120690226555,-0.687648236751556,-20.59836769104,-0.671964466571808,8.64176845550537,0.756305813789368,2.89116597175598,0.341652691364288,1.57992243592522,0.0393646271697333,-0.670326140272654
125010,0.0166674,32.9287364222109,-0.838405072689056,-20.3246250152588,-0.818754017353058,8.61399745941162,0.810321927070618,2.80602192878723,0.316017925739288,1.60231894482188,0.0125143569650735,0.229787617264887
125014,0.0166666,32.9454030226916,-0.838405072689056,-20.3246250152588,-0.818754017353058,8.61399745941162,0.810321927070618,2.80602192878723,0.316017925739288,1.60231894482188,0.0125143569650735,0.229787617264887
125018,0.0166683,32.9620713219047,-0.814601361751556,-20.3246250152588,-0.818754017353058,7.91972255706787,0.774616360664368,2.78038716316223,0.283058941364288,1.39108297334469,-0.113867438177776,-1.96514518145207
125022,0.0166647,32.9787360224873,-0.814601361751556,-20.3246250152588,-0.818754017353058,7.91972255706787,0.774616360664368,2.78038716316223,0.283058941364288,1.39108297334469,-0.113867438177776,-1.96514518145207
125024,0.0170152,32.9957512225956,-0.913783490657806,-20.8959140777588,-0.997281849384308,7.74516201019287,0.780109524726868,2.76024556159973,0.322426617145538,1.51898055575658,-0.545137057195385,-2.32169565384162
125026,0.0178787,33.0136299226433,-0.838405072689056,-21.3164463043213,-0.997281849384308,7.99510097503662,0.774616360664368,2.81334614753723,0.335243999958038,1.28815849880219,-0.508839062114257,0.308355047759286
125032,0.0166686,33.0302985217422,-0.838405072689056,-21.3164463043213,-0.997281849384308,7.99510097503662,0.774616360664368,2.81334614753723,0.335243999958038,1.28815849880219,-0.508839062114257,0.308355047759286
125034,0.0166656,33.0469641219825,-0.814601361751556,-20.5229892730713,-0.894132435321808,7.42381191253662,0.727008938789368,2.70165181159973,0.309609234333038,1.49705523878176,-0.471264715041012,-1.16382818202107
125038,0.0166679,33.0636320225894,-0.965358197689056,-21.661600112915,-1.14803862571716,7.66978359222412,0.815815091133118,2.86553120613098,0.348061382770538,1.4973076276273,-0.574884402231587,-2.45400401280796
125040,0.0166655,33.0802975222468,-0.965358197689056,-21.661600112915,-1.14803862571716,7.66978359222412,0.815815091133118,2.86553120613098,0.348061382770538,1.4973076276273,-0.574884402231587,-2.45400401280796
125044,0.0166678,33.096965322271,-0.715419232845306,-22.899393081665,-0.969510853290558,8.01890468597412,0.750812649726868,3.00286030769348,0.309609234333038,1.61278069232757,-0.576419745757683,-0.377472717270842
125046,0.0166661,33.1136314217001,-0.715419232845306,-22.899393081665,-0.969510853290558,8.01890468597412,0.750812649726868,3.00286030769348,0.309609234333038,1.61278069232757,-0.576419745757683,-0.377472717270842
125050,0.0166682,33.130299622193,-0.715419232845306,-22.899393081665,-0.969510853290558,8.01890468597412,0.750812649726868,3.00286030769348,0.309609234333038,1.61278069232757,-0.576419745757683,-0.377472717270842
125052,0.0166663,33.1469659227878,-0.790797650814056,-22.7764072418213,-1.14803862571716,7.74516201019287,0.780109524726868,2.96349263191223,0.295876324176788,1.50390689848487,-0.5316780190806,-1.98842325914609
125056,0.0166723,33.1636382229626,-0.790797650814056,-22.7764072418213,-1.14803862571716,7.74516201019287,0.780109524726868,2.96349263191223,0.295876324176788,1.50390689848487,-0.5316780190806,-1.98842325914609
125060,0.0166633,33.1803015228361,-1.0129656791687,-22.0067539215088,-1.22341704368591,7.02708339691162,0.810321927070618,1.89598762989044,0.302285015583038,2.03431085693169,-0.763618491723799,-3.53415141804837
125064,0.0166668,33.1969683226198,-1.0129656791687,-22.0067539215088,-1.22341704368591,7.02708339691162,0.810321927070618,1.89598762989044,0.302285015583038,2.03431085693169,-0.763618491723799,-3.53415141804837
125066,0.0166664,33.2136347219348,-1.04073667526245,-21.4632358551025,-1.17184233665466,6.45579433441162,0.756305813789368,1.73210823535919,0.270241558551788,2.2272561662218,-0.818371145275317,-4.01361621092887
125072,0.0166679,33.2303026225418,-1.1399188041687,-20.7451572418213,-1.37020659446716,6.13047695159912,0.857929348945618,2.00676655769348,0.1997459679842,2.94367134637164,-1.29828077628754,-9.91591382581018
125076,0.0166646,33.2469672225416,-1.1399188041687,-20.7451572418213,-1.37020659446716,6.13047695159912,0.857929348945618,2.00676655769348,0.1997459679842,2.94367134637164,-1.29828077628754,-9.91591382581018
125078,0.0203141,33.2672813218087,-1.1161150932312,-20.59836769104,-1.37020659446716,6.38041591644287,0.815815091133118,2.21001362800598,0.1356590539217,2.00716527499386,-1.28440639208149,-9.03895469843149
125082,0.0166682,33.2839495223016,-1.04073667526245,-20.6499423980713,-1.49715971946716,6.63035488128662,0.887226223945618,2.32811665534973,0.0386131554841995,1.86995496730461,-1.4563149378706,-7.94456422777666
125084,0.0185809,33.3025304228067,-1.04073667526245,-20.6499423980713,-1.49715971946716,6.63035488128662,0.887226223945618,2.32811665534973,0.0386131554841995,1.86995496730461,-1.4563149378706,-7.94456422777666
125090,0.0166679,33.3191983234137,-0.989161908626556,-20.2532138824463,-1.39797759056091,6.00749111175537,0.846027493476868,2.05986714363098,0.0129783898591995,0.677124522748054,-1.47714655840162,-6.37981248211284
125092,0.0179642,33.3371625225991,-0.989161908626556,-20.2532138824463,-1.39797759056091,6.00749111175537,0.846027493476868,2.05986714363098,0.0129783898591995,0.677124522748054,-1.47714655840162,-6.37981248211284
125096,0.016669,33.3538315221667,-0.965358197689056,-19.8088779449463,-1.27102446556091,6.22965908050537,0.768207669258118,2.05986714363098,-0.0703345984220505,0.696776342943797,-1.27865961206998,-6.239459935674
125100,0.0191533,33.3729848228395,-0.889979779720306,-20.0032749176025,-1.27102446556091,6.40421962738037,0.756305813789368,2.02690815925598,-0.0831519812345505,0.866529020067351,-1.07879003798764,-6.08792422853379
125104,0.016667,33.3896518219262,-0.889979779720306,-20.0032749176025,-1.27102446556091,6.40421962738037,0.756305813789368,2.02690815925598,-0.0831519812345505,0.866529020067351,-1.07879003798764,-6.08792422853379
125106,0.0192038,33.4088556226343,-0.838405072689056,-20.423807144165,-1.24722075462341,6.67796230316162,0.780109524726868,1.93535530567169,-0.1664649695158,1.3943346177514,-1.06120776173735,-6.09473233171944
125110,0.0166678,33.4255234226584,-0.838405072689056,-20.423807144165,-1.24722075462341,6.67796230316162,0.780109524726868,1.93535530567169,-0.1664649695158,1.3943346177514,-1.06120776173735,-6.09473233171944
125114,0.0186387,33.4441621229053,-0.814601361751556,-20.4515781402588,-1.24722075462341,6.72953701019287,0.768207669258118,1.98113167285919,-0.14723889529705,1.37488307305571,-1.01705948602496,-6.11627084742518
125118,0.0166672,33.4608293231577,-0.413905560970306,-20.7451572418213,-0.997281849384308,6.77714443206787,0.732502102851868,2.03972554206848,-0.21865002810955,0.858709097183595,-0.0530115520093439,-4.22639585420962
125120,0.0166666,33.4774959236383,-0.413905560970306,-20.7451572418213,-0.997281849384308,6.77714443206787,0.732502102851868,2.03972554206848,-0.21865002810955,0.858709097183595,-0.0530115520093439,-4.22639585420962
125124,0.0166678,33.4941637236625,-0.263148725032806,-20.6737461090088,-0.870328724384308,6.77714443206787,0.678485989570618,1.92894661426544,-0.2122413367033,0.740129276884267,0.213486629082983,-4.22975046446749
125126,0.0178727,33.5120364241302,-0.338527143001556,-20.8721103668213,-0.997281849384308,6.72953701019287,0.732502102851868,2.15782856941223,-0.257102191448212,1.09322960483612,0.625389766008908,-4.02539630593705
125132,0.0166677,33.5287041235715,-0.338527143001556,-20.8721103668213,-0.997281849384308,6.72953701019287,0.732502102851868,2.15782856941223,-0.257102191448212,1.09322960483612,0.625389766008908,-4.02539630593705
125134,0.0166662,33.5453703235835,-0.140162885189056,-20.7967319488525,-0.747342884540558,6.15824794769287,0.553974270820618,1.81084358692169,-0.269919574260712,0.13133311838168,1.07756731705822,-2.0608796012768
125138,0.0166672,33.5620375238359,-0.140162885189056,-20.7967319488525,-0.747342884540558,6.15824794769287,0.553974270820618,1.81084358692169,-0.269919574260712,0.13133311838168,1.07756731705822,-2.0608796012768
125140,0.0166665,33.5787040237337,-0.140162885189056,-20.7967319488525,-0.747342884540558,6.15824794769287,0.553974270820618,1.81084358692169,-0.269919574260712,0.13133311838168,1.07756731705822,-2.0608796012768
125144,0.0166669,33.5953709241003,-0.513087689876556,-19.4597568511963,-1.24722075462341,5.95988368988037,0.780109524726868,1.22124397754669,-0.263510882854462,0.647688358768346,0.601430890049919,-5.2770307584069
125146,0.0166665,33.6120374239981,-0.513087689876556,-19.4597568511963,-1.24722075462341,5.95988368988037,0.780109524726868,1.22124397754669,-0.263510882854462,0.647688358768346,0.601430890049919,-5.2770307584069
125148,0.0166683,33.6287057232112,-0.513087689876556,-19.4597568511963,-1.24722075462341,5.95988368988037,0.780109524726868,1.22124397754669,-0.263510882854462,0.647688358768346,0.601430890049919,-5.2770307584069
125152,0.0166671,33.6453728228807,-0.413905560970306,-18.9916172027588,-0.969510853290558,5.38859462738037,0.690387845039368,0.945670247077942,-0.269919574260712,0.59023599106996,1.08706049052675,-6.99674071756015
125156,0.0166668,33.6620396226645,-0.413905560970306,-18.9916172027588,-0.969510853290558,5.38859462738037,0.690387845039368,0.945670247077942,-0.269919574260712,0.59023599106996,1.08706049052675,-6.99674071756015
125160,0.0166675,33.6787071228027,-0.413905560970306,-18.9916172027588,-0.969510853290558,5.38859462738037,0.690387845039368,0.945670247077942,-0.269919574260712,0.59023599106996,1.08706049052675,-6.99674071756015
125162,0.0166667,33.6953738220036,-0.540858685970306,-18.47190284729,-1.09646391868591,4.88871669769287,0.684894680976868,0.657279133796692,-0.24428479373455,0.43998446550948,1.04534323734248,-7.91564311158948
125168,0.016666,33.7120398227125,-0.540858685970306,-18.47190284729,-1.09646391868591,4.88871669769287,0.684894680976868,0.657279133796692,-0.24428479373455,0.43998446550948,1.04534323734248,-7.91564311158948
125170,0.0166666,33.7287064231932,-0.290919721126556,-18.3727207183838,-1.02108550071716,4.84110927581787,0.672992825508118,0.716788411140442,-0.295554339885712,0.213471235350423,0.926412236724418,-7.73871944346539
125174,0.0166664,33.7453728225082,-0.362330853939056,-18.2735385894775,-1.07266020774841,4.76573085784912,0.696796536445618,0.486991047859192,-0.289145648479462,-0.190489115370053,1.07625961486041,-8.12183474617465
125178,0.0174153,33.7627881225199,-0.362330853939056,-18.2735385894775,-1.07266020774841,4.76573085784912,0.696796536445618,0.486991047859192,-0.289145648479462,-0.190489115370053,1.07625961486041,-8.12183474617465
125180,0.0166649,33.7794530224055,-0.215541303157806,-18.1505527496338,-0.997281849384308,4.69035243988037,0.666584134101868,0.559317708015442,-0.257102191448212,-0.121638753437619,1.13567032589271,-8.5346578971167
125184,0.0166663,33.7961193230003,0.0621686577796936,-17.9521884918213,-0.719571888446808,4.31742763519287,0.535663723945618,0.369803547859192,-0.282736957073212,-0.150180455660533,1.9805763288704,-9.28325030258803
125186,0.0166666,33.812785923481,0.0621686577796936,-17.9521884918213,-0.719571888446808,4.31742763519287,0.535663723945618,0.369803547859192,-0.282736957073212,-0.150180455660533,1.9805763288704,-9.28325030258803
125190,0.0166684,33.8294543232769,0.109776079654694,-18.47190284729,-0.620389759540558,4.51579189300537,0.511860013008118,0.618826985359192,-0.289145648479462,-1.13753708698199,2.41311766338664,-8.49172680233284
125194,0.0166657,33.8461200240999,0.109776079654694,-18.47190284729,-0.620389759540558,4.51579189300537,0.511860013008118,0.618826985359192,-0.289145648479462,-1.13753708698199,2.41311766338664,-8.49172680233284
125198,0.0166679,33.8627879247069,0.109776079654694,-18.47190284729,-0.620389759540558,4.51579189300537,0.511860013008118,0.618826985359192,-0.289145648479462,-1.13753708698199,2.41311766338664,-8.49172680233284
125200,0.016666,33.8794539254159,0.435093462467194,-19.2891635894775,-0.394254505634308,4.71812343597412,0.428547024726868,0.866934895515442,-0.276328265666962,-1.27518927682273,2.63239776176744,-7.62189093824442
125204,0.0166679,33.8961218260229,0.661228716373444,-20.0786533355713,-0.295072376728058,4.94029140472412,0.380939602851868,1.07659065723419,-0.263510882854462,-1.71496495925473,3.08262617662835,-6.66973308803826
125206,0.0166662,33.9127880260348,0.661228716373444,-20.0786533355713,-0.295072376728058,4.94029140472412,0.380939602851868,1.07659065723419,-0.263510882854462,-1.71496495925473,3.08262617662835,-6.66973308803826
125210,0.0166676,33.929455626756,0.486668169498444,-21.9829502105713,-0.521207630634308,5.70994472503662,0.434040188789368,1.81084358692169,-0.276328265666962,-2.66534420775341,3.22373045627091,-2.81009343122252
125214,0.0166658,33.9461214262992,0.486668169498444,-21.9829502105713,-0.521207630634308,5.70994472503662,0.434040188789368,1.81084358692169,-0.276328265666962,-2.66534420775341,3.22373045627091,-2.81009343122252
125218,0.016668,33.9627894256264,-0.390101850032806,-24.85129737854,-1.77486968040466,7.99510097503662,0.756305813789368,2.61650776863098,-0.301963031291962,-2.22948858582648,2.52965634661651,1.23491724174546
125220,0.0166656,33.9794550258666,-0.513087689876556,-25.07346534729,-1.74709868431091,8.09428310394287,0.750812649726868,2.63573384284973,-0.295554339885712,-2.12843393549307,2.42925571862476,1.44864194156861
125224,0.0166682,33.9961232263595,-0.513087689876556,-25.07346534729,-1.74709868431091,8.09428310394287,0.750812649726868,2.63573384284973,-0.295554339885712,-2.12843393549307,2.42925571862476,1.44864194156861
125228,0.0203721,34.0164953265339,-1.76278257369995,-25.64475440979,-2.85000395774841,7.84434413909912,0.911029934883118,2.65587544441223,-0.346823871135712,-1.14486063141112,1.26255672799966,3.80612835731243
125232,0.0166682,34.0331635270268,-1.76278257369995,-25.64475440979,-2.85000395774841,7.84434413909912,0.911029934883118,2.65587544441223,-0.346823871135712,-1.14486063141112,1.26255672799966,3.80612835731243
125234,0.0166669,34.0498304273933,-1.76278257369995,-25.64475440979,-2.85000395774841,7.84434413909912,0.911029934883118,2.65587544441223,-0.346823871135712,-1.14486063141112,1.26255672799966,3.80612835731243
125236,0.0166669,34.0664973277599,-2.71493101119995,-25.914529800415,-3.50063872337341,7.40000820159912,0.958637356758118,2.62932515144348,-0.289145648479462,-0.972150963176043,0.105308117983332,2.03557962736997
125240,0.0166685,34.0831658281386,-2.71493101119995,-25.914529800415,-3.50063872337341,7.40000820159912,0.958637356758118,2.62932515144348,-0.289145648479462,-0.972150963176043,0.105308117983332,2.03557962736997
125244,0.0178148,34.1009806282818,-2.86568784713745,-26.3350620269775,-3.60378813743591,7.44761562347412,0.953144192695618,2.76665425300598,-0.276328265666962,-0.89617488520947,0.228558249602205,1.85927434546025
125246,0.0166678,34.117648428306,-2.21505308151245,-24.8790683746338,-2.50088286399841,6.25743007659912,0.750812649726868,2.43981099128723,-0.308371722698212,-0.29871119494661,-0.83060217345557,0.660839013074519
125250,0.0166669,34.1343153286725,-2.21505308151245,-24.8790683746338,-2.50088286399841,6.25743007659912,0.750812649726868,2.43981099128723,-0.308371722698212,-0.29871119494661,-0.83060217345557,0.660839013074519
125254,0.0166674,34.150982728228,-2.41341733932495,-21.5148105621338,-2.72701811790466,6.82871913909912,0.887226223945618,2.21642231941223,-0.20583264529705,-0.755451383585457,-0.424717088062196,3.07354388761352
125256,0.016666,34.1676487289369,-2.58797788619995,-22.72483253479,-2.57626128196716,8.91154384613037,0.917438626289368,2.44621968269348,-0.1994239538908,-0.961429661475381,-1.1055617561324,3.32382759610508
125260,0.0166685,34.1843172293156,-2.58797788619995,-22.72483253479,-2.57626128196716,8.91154384613037,0.917438626289368,2.44621968269348,-0.1994239538908,-0.961429661475381,-1.1055617561324,3.32382759610508
125264,0.0166652,34.2009824290872,-1.86593198776245,-22.50266456604,-1.92165923118591,6.63035488128662,0.762714505195618,2.26952290534973,-0.263510882854462,-0.407961060619022,-1.76101464773772,1.23902473083837
125266,0.0166666,34.2176490295678,-1.9413104057312,-21.5862216949463,-1.74709868431091,8.21726894378662,0.601581692695618,2.38671040534973,-0.2378761023283,-0.278578826592668,0.345122219288528,2.13798485308872
125274,0.016667,34.2343160286546,-0.640040814876556,-19.4121494293213,-0.243497669696808,9.23686122894287,0.0586739704012871,2.39403462409973,-0.327597796916962,0,0,0
125278,0.023679,34.2579950280488,-0.640040814876556,-19.4121494293213,-0.243497669696808,9.23686122894287,0.0586739704012871,2.39403462409973,-0.327597796916962,0,0,0
125282,0.0234986,34.2814936283976,-1.56441831588745,-18.1505527496338,-0.921903431415558,10.0818929672241,0.0824776813387871,2.70806050300598,-0.366049945354462,0,0,0
125288,0.0216814,34.3031750284135,-1.56441831588745,-18.1505527496338,-0.921903431415558,10.0818929672241,0.0824776813387871,2.70806050300598,-0.366049945354462,0,0,0
125290,0.021476,34.3246510289609,-2.6633563041687,-16.615213394165,-1.69949126243591,10.5539999008179,0.207904919981956,2.26952290534973,-0.257102191448212,0,0,0
125292,0.0166678,34.3413188289851,-2.6633563041687,-16.615213394165,-1.69949126243591,10.5539999008179,0.207904919981956,2.26952290534973,-0.257102191448212,0,0,0
125298,0.0166671,34.3579859286547,-3.66707944869995,-13.0565586090088,-2.42550444602966,10.3516683578491,0.338825345039368,2.17705464363098,-0.469504535198212,0,0,0
125300,0.0179918,34.3759777285159,4.2873272895813,-15.32981300354,5.34243965148926,10.9745321273804,-0.513530611991882,2.27593159675598,-0.0511085242033005,0,0,0
125304,0.0166672,34.3926449287683,4.2873272895813,-15.32981300354,5.34243965148926,10.9745321273804,-0.513530611991882,2.27593159675598,-0.0511085242033005,0,0,0
125306,0.0166668,34.409311728552,2.38699769973755,-15.4527988433838,3.51352143287659,11.6965780258179,-0.138164415955544,2.19719624519348,-0.0511085242033005,0,0,0
125310,0.0166685,34.4259802289307,-5.31747007369995,-10.85471534729,-3.52840971946716,10.9229574203491,0.625385403633118,2.01409077644348,-0.507956683635712,0,0,0
125314,0.0194521,34.4454323295504,-5.31747007369995,-10.85471534729,-3.52840971946716,10.9229574203491,0.625385403633118,2.01409077644348,-0.507956683635712,0,0,0
125318,0.0175603,34.4629926290363,5.38626527786255,-11.7949619293213,6.54849433898926,11.8433675765991,-0.919109225273132,2.27593159675598,-0.0895606726408005,0,0,0
125320,0.0166672,34.4796598292887,5.38626527786255,-11.7949619293213,6.54849433898926,11.8433675765991,-0.919109225273132,2.27593159675598,-0.0895606726408005,0,0,0
125326,0.0166674,34.4963272288442,-2.3142352104187,-9.04960060119629,-0.144315540790558,13.6326131820679,-0.311199069023132,2.60369038581848,-0.520774066448212,0,0,0
125328,0.0193954,34.5157226286829,1.9863018989563,-9.91446876525879,3.73965668678284,10.9745321273804,-0.924602389335632,1.97472298145294,-0.378867328166962,0,0,0
125332,0.0166676,34.532390229404,1.9863018989563,-9.91446876525879,3.73965668678284,10.9745321273804,-0.924602389335632,1.97472298145294,-0.378867328166962,0,0,0
125334,0.0166672,34.5490574296564,-1.1637225151062,-11.5450229644775,0.958589732646942,15.2949056625366,0.357135891914368,2.42607808113098,-0.1280128210783,0,0,0
125338,0.0166675,34.5657249297947,-1.1637225151062,-11.5450229644775,0.958589732646942,15.2949056625366,0.357135891914368,2.42607808113098,-0.1280128210783,0,0,0
125342,0.0190801,34.5848050303757,-8.66585826873779,-9.22019386291504,-5.78182792663574,13.0375204086304,0.941242337226868,2.14501118659973,-0.488730609416962,0,0,0
125346,0.0166667,34.6014717295766,-3.23861265182495,-9.47013282775879,-0.671964466571808,12.1924886703491,-0.311199069023132,2.29515767097473,-0.578452289104462,0,0,0
125348,0.0201004,34.6215721294284,-3.23861265182495,-9.47013282775879,-0.671964466571808,12.1924886703491,-0.311199069023132,2.29515767097473,-0.578452289104462,0,0,0
125354,0.0166667,34.6382388286293,5.9377179145813,-12.9296054840088,7.37368965148926,14.5768270492554,-0.942912936210632,2.45262837409973,-0.269919574260712,0,0,0
125356,0.0181756,34.6564144287258,5.9377179145813,-12.9296054840088,7.37368965148926,14.5768270492554,-0.942912936210632,2.45262837409973,-0.269919574260712,0,0,0
125360,0.0166696,34.6730840280652,4.56106996536255,-12.4852695465088,5.92166328430176,16.3621063232422,-0.411907076835632,2.63573384284973,-0.2250587195158,0,0,0
125362,0.0166666,34.6897506285459,-4.6152606010437,-10.7039585113525,-1.97323393821716,10.6254110336304,-0.114360697567463,1.96831429004669,-0.436545550823212,0,0,0
125366,0.0168233,34.706573927775,-4.6152606010437,-10.7039585113525,-1.97323393821716,10.6254110336304,-0.114360697567463,1.96831429004669,-0.436545550823212,0,0,0
125368,0.0170407,34.7236146274954,-0.338527143001556,-12.9296054840088,1.88693451881409,9.83195400238037,-0.274577975273132,1.77788460254669,-0.21865002810955,0,0,0
125374,0.0166682,34.7402828279883,-3.2663836479187,-11.0253086090088,-0.969510853290558,14.7989950180054,0.547565579414368,2.34093403816223,-0.263510882854462,0,0,0
125376,0.0178188,34.7581016272306,-3.2663836479187,-11.0253086090088,-0.969510853290558,14.7989950180054,0.547565579414368,2.34093403816223,-0.263510882854462,0,0,0
125380,0.016669,34.7747706267983,-0.612269818782806,-11.9893589019775,1.18472504615784,10.6016073226929,-0.364299654960632,1.83006966114044,-0.308371722698212,0,0,0
125382,0.0166654,34.7914360258728,-0.612269818782806,-11.9893589019775,1.18472504615784,10.6016073226929,-0.364299654960632,1.83006966114044,-0.308371722698212,0,0,0
125386,0.0166688,34.8081048261374,-1.56441831588745,-14.7624912261963,0.256380259990692,12.8113851547241,-0.650859713554382,2.41326069831848,-0.501547992229462,0,0,0
125388,0.0166654,34.824770225212,-2.1396746635437,-13.5008945465088,-0.342679798603058,13.1605062484741,0.141986951231956,2.45262837409973,-0.430136859416962,0,0,0
125394,0.0166666,34.8414368256927,-2.1396746635437,-13.5008945465088,-0.342679798603058,13.1605062484741,0.141986951231956,2.45262837409973,-0.430136859416962,0,0,0
125396,0.0166675,34.8581043258309,1.6609845161438,-16.8135776519775,3.08902192115784,11.4704427719116,-0.233379259705544,2.17064595222473,-0.24428479373455,0,0,0
125400,0.016667,34.8747713249177,-2.0127215385437,-14.1673984527588,-0.394254505634308,13.1843099594116,-0.286479830741882,2.45262837409973,-0.488730609416962,0,0,0
125402,0.0168383,34.8916096240282,-2.0127215385437,-14.1673984527588,-0.394254505634308,13.1843099594116,-0.286479830741882,2.45262837409973,-0.488730609416962,0,0,0
125408,0.0166695,34.9082791246474,-1.3382830619812,-14.933084487915,-0.120511822402477,13.2596883773804,-0.250774264335632,2.59636616706848,-0.456687152385712,0,0,0
125410,0.0176675,34.9259466249496,-1.3382830619812,-14.933084487915,-0.120511822402477,13.2596883773804,-0.250774264335632,2.59636616706848,-0.456687152385712,0,0,0
125414,0.0166681,34.9426147248596,-0.814601361751556,-16.1470737457275,0.331758677959442,12.4146566390991,-0.250774264335632,2.28234028816223,-0.385276019573212,0,0,0
125418,0.0189994,34.9616141244769,-1.1875262260437,-15.8495273590088,0.181001842021942,12.1171102523804,-0.495220065116882,2.44621968269348,-0.527182757854462,0,0,0
125420,0.0201449,34.981759024784,-1.1875262260437,-15.8495273590088,0.181001842021942,12.1171102523804,-0.495220065116882,2.44621968269348,-0.527182757854462,0,0,0
125426,0.0166682,34.9984272252768,-1.88973569869995,-18.297342300415,-0.997281849384308,13.0613241195679,-0.376201510429382,2.77397847175598,-0.495139300823212,0,0,0
125428,0.0168482,35.0152754243463,0.411289751529694,-17.67844581604,1.33548188209534,12.3908529281616,-0.781780123710632,2.68151021003723,-0.520774066448212,0,0,0
125432,0.0166685,35.0319439247251,0.411289751529694,-17.67844581604,1.33548188209534,12.3908529281616,-0.781780123710632,2.68151021003723,-0.520774066448212,0,0,0
125434,0.0197804,35.0517243240029,-1.56441831588745,-18.646463394165,-0.794950306415558,12.4146566390991,-0.382610201835632,2.70165181159973,-0.488730609416962,0,0,0
125438,0.0166685,35.0683928243816,0.934971392154694,-18.8170566558838,1.53384613990784,10.5262289047241,-0.787273287773132,2.60369038581848,-0.443869769573212,0,0,0
125440,0.0166667,35.0850595235825,0.934971392154694,-18.8170566558838,1.53384613990784,10.5262289047241,-0.787273287773132,2.60369038581848,-0.443869769573212,0,0,0
125444,0.0166673,35.1017268244177,0.934971392154694,-18.8170566558838,1.53384613990784,10.5262289047241,-0.787273287773132,2.60369038581848,-0.443869769573212,0,0,0
125446,0.0166671,35.1183939240873,-0.838405072689056,-20.4000034332275,-0.545011341571808,13.3826742172241,-0.203166857361794,3.01567769050598,-0.410910785198212,0,0,0
125450,0.0180292,35.1364231240004,-0.790797650814056,-20.3523960113525,-0.418058216571808,12.9621419906616,-0.459514498710632,2.99004292488098,-0.475913226604462,0,0,0
125454,0.0166651,35.1530882231891,0.911167681217194,-20.6975498199463,1.35928559303284,11.1490926742554,-0.513530611991882,2.79320454597473,-0.385276019573212,0,0,0
125458,0.0166692,35.1697574239224,-1.36605405807495,-19.8326816558838,-1.22341704368591,12.8867635726929,-0.0548514202237129,3.00926899909973,-0.404502093791962,0,0,0
125460,0.0166669,35.186424324289,-1.36605405807495,-19.8326816558838,-1.22341704368591,12.8867635726929,-0.0548514202237129,3.00926899909973,-0.404502093791962,0,0,0
125466,0.0166665,35.2030908241868,1.1373028755188,-20.4000034332275,1.35928559303284,11.1490926742554,-0.250774264335632,2.74742817878723,-0.24428479373455,0,0,0
125468,0.0173271,35.2204179242253,1.1373028755188,-20.4000034332275,1.35928559303284,11.1490926742554,-0.250774264335632,2.74742817878723,-0.24428479373455,0,0,0
125472,0.016667,35.2370849233121,0.637425005435944,-19.7811069488525,0.982393443584442,10.9507284164429,-0.102458842098713,2.64946675300598,-0.2378761023283,0,0,0
125478,0.0195153,35.2566002234817,0.637425005435944,-19.7811069488525,0.982393443584442,10.9507284164429,-0.102458842098713,2.64946675300598,-0.2378761023283,0,0,0
125480,0.018843,35.2754432242364,0.161350786685944,-18.8170566558838,0.506319224834442,11.4228353500366,-0.608745455741882,2.80602192878723,-0.514365375041962,0,0,0
125484,0.016668,35.2921112235636,0.161350786685944,-18.8170566558838,0.506319224834442,11.4228353500366,-0.608745455741882,2.80602192878723,-0.514365375041962,0,0,0
125486,0.0177649,35.3098761234432,2.1370587348938,-19.3883457183838,2.43838715553284,11.3712606430054,-0.370708346366882,2.70165181159973,-0.314780414104462,0,0,0
125490,0.0166678,35.3265439234674,-0.687648236751556,-18.47190284729,-0.469632923603058,11.8195638656616,-0.274577975273132,2.79320454597473,-0.495139300823212,0,0,0
125494,0.0175489,35.344092823565,-0.687648236751556,-18.47190284729,-0.469632923603058,11.8195638656616,-0.274577975273132,2.79320454597473,-0.495139300823212,0,0,0
125498,0.0166683,35.3607611227781,-0.790797650814056,-19.0392246246338,-0.418058216571808,12.0655355453491,-0.238872423768044,2.87193989753723,-0.436545550823212,0,0,0
125500,0.0179045,35.3786656223238,-0.790797650814056,-19.0392246246338,-0.418058216571808,12.0655355453491,-0.238872423768044,2.87193989753723,-0.436545550823212,0,0,0
125504,0.0166684,35.3953340221196,0.161350786685944,-19.13840675354,0.383333384990692,10.9745321273804,-0.447612643241882,2.76665425300598,-0.417319476604462,0,0,0
125506,0.0166652,35.4119992218912,-0.290919721126556,-19.1622104644775,0.00644130259752274,11.4704427719116,-0.226970568299294,2.76665425300598,-0.353232562541962,0,0,0
125512,0.0166685,35.4286677222699,-0.290919721126556,-19.1622104644775,0.00644130259752274,11.4704427719116,-0.226970568299294,2.76665425300598,-0.353232562541962,0,0,0
125514,0.0186669,35.4473346229643,-0.163966596126556,-19.312967300415,0.181001842021942,11.2482748031616,-0.292888522148132,2.72820210456848,-0.410910785198212,0,0,0
125518,0.0166855,35.4640201237053,-0.163966596126556,-19.312967300415,0.181001842021942,11.2482748031616,-0.292888522148132,2.72820210456848,-0.410910785198212,0,0,0
125522,0.0177883,35.481808423996,-0.163966596126556,-19.312967300415,0.181001842021942,11.2482748031616,-0.292888522148132,2.72820210456848,-0.410910785198212,0,0,0
125526,0.0166739,35.498482324183,-0.239345014095306,-19.1899814605713,0.0818197205662727,11.1967000961304,-0.346904635429382,2.74101948738098,-0.410910785198212,0,0,0
125528,0.0185556,35.5170379243791,-0.239345014095306,-19.1899814605713,0.0818197205662727,11.1967000961304,-0.346904635429382,2.74101948738098,-0.410910785198212,0,0,0
125532,0.0166679,35.5337058249861,-0.0647844672203064,-18.9678134918213,0.256380259990692,11.4942464828491,-0.430217623710632,2.74742817878723,-0.436545550823212,0,0,0
125534,0.0166658,35.5503716245294,-0.0647844672203064,-18.9678134918213,0.256380259990692,11.4942464828491,-0.430217623710632,2.74742817878723,-0.436545550823212,0,0,0
125538,0.0166679,35.5670395251364,-0.437709271907806,-18.8408603668213,0.00644130259752274,11.2482748031616,-0.352397799491882,2.81975483894348,-0.456687152385712,0,0,0
125542,0.0207374,35.5877769254148,-0.437709271907806,-18.8408603668213,0.00644130259752274,11.2482748031616,-0.352397799491882,2.81975483894348,-0.456687152385712,0,0,0
125546,0.0166676,35.6044445261359,-0.338527143001556,-18.7694492340088,0.0818197205662727,11.1967000961304,-0.370708346366882,2.72087788581848,-0.404502093791962,0,0,0
125548,0.0166663,35.6211108267307,-0.588466107845306,-19.0154209136963,-0.120511822402477,11.3474569320679,-0.311199069023132,2.73461079597473,-0.404502093791962,0,0,0
125552,0.0166679,35.6377787273377,-0.588466107845306,-19.0154209136963,-0.120511822402477,11.3474569320679,-0.311199069023132,2.73461079597473,-0.404502093791962,0,0,0
125554,0.0166654,35.6544441264123,-0.640040814876556,-18.868631362915,-0.144315540790558,11.4466390609741,-0.280986666679382,2.81334614753723,-0.398093402385712,0,0,0
125558,0.016668,35.6711121257395,-0.612269818782806,-18.4203281402588,-0.0451334044337273,11.3474569320679,-0.335002779960632,2.81334614753723,-0.450278460979462,0,0,0
125560,0.0166669,35.687779026106,-0.612269818782806,-18.4203281402588,-0.0451334044337273,11.3474569320679,-0.335002779960632,2.81334614753723,-0.450278460979462,0,0,0
125564,0.0166676,35.7044466268271,-0.513087689876556,-18.69407081604,0.0302450135350227,12.0417318344116,-0.335002779960632,2.85179829597473,-0.398093402385712,0,0,0
125568,0.0166671,35.7211137264967,-0.513087689876556,-18.69407081604,0.0302450135350227,12.0417318344116,-0.335002779960632,2.85179829597473,-0.398093402385712,0,0,0
125570,0.0166674,35.7377811260521,-0.540858685970306,-18.69407081604,0.0818197205662727,11.9663534164429,-0.323100924491882,2.81334614753723,-0.398093402385712,0,0,0
125574,0.016669,35.7544501256198,-0.540858685970306,-18.1743564605713,0.0302450135350227,10.9745321273804,-0.352397799491882,2.74101948738098,-0.410910785198212,0,0,0
125578,0.0166653,35.7711154259741,-0.540858685970306,-18.1743564605713,0.0302450135350227,10.9745321273804,-0.352397799491882,2.74101948738098,-0.410910785198212,0,0,0
125580,0.0166658,35.7877812255174,-0.612269818782806,-18.47190284729,0.0302450135350227,11.4228353500366,-0.376201510429382,2.82616353034973,-0.423728168010712,0,0,0
125586,0.016668,35.8044492248446,-0.612269818782806,-18.47190284729,0.0302450135350227,11.4228353500366,-0.376201510429382,2.82616353034973,-0.423728168010712,0,0,0
125588,0.0166657,35.8211149256676,-0.612269818782806,-18.47190284729,0.0302450135350227,11.4228353500366,-0.376201510429382,2.82616353034973,-0.423728168010712,0,0,0
125594,0.0166677,35.837782625109,-0.362330853939056,-18.6702671051025,0.232576549053192,11.4704427719116,-0.430217623710632,2.84538960456848,-0.436545550823212,0,0,0
125596,0.0172016,35.8549842257053,-0.413905560970306,-18.6186923980713,0.208772838115692,11.4942464828491,-0.406413912773132,2.84538960456848,-0.410910785198212,0,0,0
125600,0.0206288,35.8756130263209,-0.640040814876556,-18.519510269165,0.208772838115692,11.0499105453491,-0.442119479179382,2.77397847175598,-0.443869769573212,0,0,0
125604,0.0166671,35.8922801259905,-0.640040814876556,-18.519510269165,0.208772838115692,11.0499105453491,-0.442119479179382,2.77397847175598,-0.443869769573212,0,0,0
125606,0.0180058,35.9102859254926,-0.640040814876556,-18.519510269165,0.208772838115692,11.0499105453491,-0.442119479179382,2.77397847175598,-0.443869769573212,0,0,0
125610,0.0166677,35.926953624934,-0.640040814876556,-18.24973487854,0.0818197205662727,11.0261068344116,-0.471416354179382,2.78679585456848,-0.436545550823212,0,0,0
125612,0.0166656,35.9436192251742,-0.640040814876556,-18.24973487854,0.0818197205662727,11.0261068344116,-0.471416354179382,2.78679585456848,-0.436545550823212,0,0,0
125618,0.016668,35.9602872245014,-0.640040814876556,-18.24973487854,0.0818197205662727,11.0261068344116,-0.471416354179382,2.78679585456848,-0.436545550823212,0,0,0
125620,0.0196344,35.9799216240644,-0.715419232845306,-18.47190284729,0.0580160096287727,11.4704427719116,-0.411907076835632,2.86553120613098,-0.463095843791962,0,0,0
125626,0.0166685,35.9965901244432,-0.715419232845306,-18.47190284729,0.0580160096287727,11.4704427719116,-0.411907076835632,2.86553120613098,-0.463095843791962,0,0,0
125628,0.0205957,36.0171858239919,-0.763026654720306,-18.6186923980713,0.00644130259752274,11.1967000961304,-0.400005221366882,2.81975483894348,-0.359641253948212,0,0,0
125632,0.0166681,36.0338539239019,-0.763026654720306,-18.6186923980713,0.00644130259752274,11.1967000961304,-0.400005221366882,2.81975483894348,-0.359641253948212,0,0,0
125636,0.0202894,36.0541433244944,-0.763026654720306,-18.7178745269775,0.00644130259752274,10.9983358383179,-0.250774264335632,2.81975483894348,-0.13442151248455,0,0,0
125640,0.0166676,36.0708109252155,-0.687648236751556,-18.6186923980713,-0.0173624083399773,11.0975179672241,-0.262676119804382,2.83257222175598,-0.1151954382658,0,0,0
125644,0.0189076,36.0897185243666,-0.588466107845306,-18.7694492340088,0.181001842021942,11.1490926742554,-0.209575548768044,2.83898091316223,0.0450218468904495,0,0,0
125646,0.0177261,36.1074446234852,-0.663844525814056,-18.7932529449463,0.208772838115692,10.9983358383179,-0.191265001893044,2.86553120613098,0.0779808312654495,0,0,0
125648,0.0166677,36.1241123229265,-0.663844525814056,-18.7932529449463,0.208772838115692,10.9983358383179,-0.191265001893044,2.86553120613098,0.0779808312654495,0,0,0
125654,0.0166668,36.1407791227102,-0.513087689876556,-18.868631362915,0.331758677959442,10.8991537094116,-0.102458842098713,2.87193989753723,0.257424175739288,0,0,0
125656,0.0166665,36.1574456226081,-0.513087689876556,-18.868631362915,0.331758677959442,10.8991537094116,-0.102458842098713,2.87193989753723,0.257424175739288,0,0,0
125660,0.0166683,36.1741139218211,-0.513087689876556,-18.868631362915,0.331758677959442,10.8991537094116,-0.102458842098713,2.87193989753723,0.257424175739288,0,0,0
125662,0.0191919,36.1933058220893,-0.413905560970306,-19.0154209136963,0.256380259990692,11.1967000961304,0.0174752380698919,2.89116597175598,0.276650249958038,0,0,0
125668,0.0166677,36.2099735215306,-0.338527143001556,-19.0669956207275,0.307954967021942,10.9745321273804,0.00557338260114193,2.87834858894348,0.257424175739288,0,0,0
125670,0.0171483,36.2271218206733,-0.413905560970306,-19.0392246246338,0.355562388896942,10.9229574203491,0.0174752380698919,2.85912251472473,0.23178942501545,0,0,0
125672,0.0166689,36.2437907215208,-0.314723432064056,-18.7178745269775,0.458711802959442,10.8515462875366,0.0412789508700371,2.85179829597473,0.2253807336092,0,0,0
125676,0.0166665,36.2604572214186,-0.314723432064056,-18.7178745269775,0.458711802959442,10.8515462875366,0.0412789508700371,2.85179829597473,0.2253807336092,0,0,0
125678,0.0166683,36.2771255206317,-0.290919721126556,-18.7178745269775,0.430940806865692,10.7007894515991,0.0531808063387871,2.81975483894348,0.23178942501545,0,0,0
125682,0.0166653,36.293790820986,-0.413905560970306,-18.5948886871338,0.331758677959442,11.0499105453491,0.184101209044456,2.85179829597473,0.2253807336092,0,0,0
125686,0.016667,36.3104578200728,-0.413905560970306,-18.5948886871338,0.331758677959442,11.0499105453491,0.184101209044456,2.85179829597473,0.2253807336092,0,0,0
125690,0.0166664,36.3271242193878,-0.437709271907806,-18.1505527496338,0.307954967021942,10.8515462875366,0.148395642638206,2.81975483894348,0.23178942501545,0,0,0
125692,0.0166659,36.3437901195139,-0.437709271907806,-18.1505527496338,0.307954967021942,10.8515462875366,0.148395642638206,2.81975483894348,0.23178942501545,0,0,0
125698,0.0166684,36.3604585193098,-0.513087689876556,-17.45627784729,0.307954967021942,11.2482748031616,0.201496228575706,2.83257222175598,0.2125633507967,0,0,0
125700,0.0166657,36.3771242201328,-0.513087689876556,-17.45627784729,0.307954967021942,11.2482748031616,0.201496228575706,2.83257222175598,0.2125633507967,0,0,0
125704,0.0166681,36.3937923200428,-0.564662396907806,-17.3848667144775,0.307954967021942,11.1728963851929,0.231708630919456,2.79961323738098,0.1997459679842,0,0,0
125706,0.0166652,36.4104575198144,-0.687648236751556,-17.1349277496338,0.355562388896942,11.1728963851929,0.226215466856956,2.79320454597473,0.1997459679842,0,0,0
125712,0.0166681,36.4271256197244,-0.687648236751556,-17.1349277496338,0.355562388896942,11.1728963851929,0.226215466856956,2.79320454597473,0.1997459679842,0,0,0
125714,0.0179502,36.4450758192688,-0.564662396907806,-16.9365634918213,0.355562388896942,11.5458211898804,0.326923489570618,2.78038716316223,0.23178942501545,0,0,0
125718,0.0166674,36.4617432188243,-0.965358197689056,-16.8135776519775,0.0580160096287727,11.2720785140991,0.392841458320618,2.74101948738098,0.257424175739288,0,0,0
125720,0.0177422,36.4794854186475,-0.965358197689056,-16.8135776519775,0.0580160096287727,11.2720785140991,0.392841458320618,2.74101948738098,0.257424175739288,0,0,0
125722,0.0166704,36.4961558189243,-0.913783490657806,-16.78977394104,0.280183970928192,11.3474569320679,0.470661282539368,2.78038716316223,0.283058941364288,0,0,0
125728,0.0166645,36.5128203183413,-0.913783490657806,-16.78977394104,0.280183970928192,11.3474569320679,0.470661282539368,2.78038716316223,0.283058941364288,0,0,0
125730,0.0166662,36.5294865183532,-1.1161150932312,-16.8135776519775,-0.0173624083399773,11.7679891586304,0.434040188789368,2.81334614753723,0.270241558551788,0,0,0
125734,0.016667,36.54615351744,-0.814601361751556,-16.56760597229,0.355562388896942,11.7441854476929,0.464252591133118,2.81334614753723,0.302285015583038,0,0,0
125736,0.0185464,36.5646999180317,-0.814601361751556,-16.56760597229,0.355562388896942,11.7441854476929,0.464252591133118,2.81334614753723,0.302285015583038,0,0,0
125742,0.0166698,36.5813697185367,-0.790797650814056,-16.5160312652588,0.407137095928192,11.2720785140991,0.434040188789368,2.80602192878723,0.309609234333038,0,0,0
125744,0.0167307,36.5981004182249,-0.790797650814056,-16.5160312652588,0.407137095928192,11.2720785140991,0.434040188789368,2.80602192878723,0.309609234333038,0,0,0
125748,0.0166676,36.6147680189461,-0.663844525814056,-16.78977394104,0.506319224834442,11.4704427719116,0.452350735664368,2.85179829597473,0.295876324176788,0,0,0
125750,0.0166691,36.6314371190965,-0.663844525814056,-16.78977394104,0.506319224834442,11.4704427719116,0.452350735664368,2.85179829597473,0.295876324176788,0,0,0
125756,0.0166671,36.6481042187661,-0.640040814876556,-16.8135776519775,0.506319224834442,11.4466390609741,0.464252591133118,2.84538960456848,0.335243999958038,0,0,0
125758,0.0182828,36.666387019679,-0.763026654720306,-16.5160312652588,0.355562388896942,11.0975179672241,0.476154446601868,2.79961323738098,0.360878765583038,0,0,0
125762,0.0166684,36.6830554194748,-0.763026654720306,-16.5160312652588,0.355562388896942,11.0975179672241,0.476154446601868,2.79961323738098,0.360878765583038,0,0,0
125764,0.0180895,36.7011449187994,-0.790797650814056,-16.8135776519775,0.355562388896942,11.4704427719116,0.404743313789368,2.88475728034973,0.295876324176788,0,0,0
125768,0.0166674,36.7178123183548,-0.715419232845306,-16.7659702301025,0.506319224834442,11.2482748031616,0.535663723945618,2.83898091316223,0.367287456989288,0,0,0
125772,0.0174648,36.7352771181613,-0.588466107845306,-16.8135776519775,0.657076060771942,11.1728963851929,0.482563138008118,2.87193989753723,0.341652691364288,0,0,0
125774,0.0192892,36.7545663174242,-0.413905560970306,-16.8651523590088,0.760225474834442,10.8991537094116,0.422138333320618,2.84538960456848,0.302285015583038,0,0,0
125780,0.0166684,36.7712347172201,-0.413905560970306,-16.8651523590088,0.760225474834442,10.8991537094116,0.422138333320618,2.84538960456848,0.302285015583038,0,0,0
125782,0.0166662,36.787900917232,0.637425005435944,-17.2103061676025,1.71237397193909,10.6254110336304,0.267414212226868,2.91771626472473,0.328835308551788,0,0,0
125786,0.0166665,36.8045674171299,0.835789263248444,-16.9881381988525,1.93454194068909,10.5539999008179,0.219806775450706,2.84538960456848,0.354470074176788,0,0,0
125788,0.0166663,36.8212337177247,0.835789263248444,-16.9881381988525,1.93454194068909,10.5539999008179,0.219806775450706,2.84538960456848,0.354470074176788,0,0,0
125792,0.0166683,36.8379020169377,1.1611065864563,-17.186502456665,2.31143403053284,10.5778036117554,0.231708630919456,2.90489888191223,0.309609234333038,0,0,0
125796,0.0166659,36.8545679170638,1.1611065864563,-17.186502456665,2.31143403053284,10.5778036117554,0.231708630919456,2.90489888191223,0.309609234333038,0,0,0
125800,0.0166674,36.8712353166193,1.4626202583313,-16.9881381988525,2.48599457740784,10.3516683578491,0.196003064513206,2.91130757331848,0.270241558551788,0,0,0
125802,0.0166659,36.8879012167454,1.4626202583313,-16.9881381988525,2.48599457740784,10.3516683578491,0.196003064513206,2.91130757331848,0.270241558551788,0,0,0
125806,0.0166693,36.9045705161989,1.2880597114563,-17.3848667144775,2.48599457740784,11.2720785140991,0.226215466856956,3.00926899909973,0.309609234333038,0,0,0
125808,0.017129,36.9216995164752,0.934971392154694,-17.2103061676025,2.03769135475159,10.4786214828491,0.303119778633118,2.84538960456848,0.316017925739288,0,0,0
125812,0.0166675,36.9383670166135,0.934971392154694,-17.2103061676025,2.03769135475159,10.4786214828491,0.303119778633118,2.84538960456848,0.316017925739288,0,0,0
125816,0.0171427,36.9555097166449,0.986546099185944,-17.2856845855713,2.06149506568909,10.3278646469116,0.297626614570618,2.81975483894348,0.309609234333038,0,0,0
125820,0.0166684,36.9721781164408,1.21268129348755,-17.186502456665,2.38681244850159,11.2958822250366,0.333332180976868,2.89849019050598,0.251015484333038,0,0,0
125822,0.0202006,36.9923787172884,1.21268129348755,-17.186502456665,2.38681244850159,11.2958822250366,0.333332180976868,2.89849019050598,0.251015484333038,0,0,0
125826,0.0166679,37.0090466178954,1.10953187942505,-17.1587314605713,2.43838715553284,11.6965780258179,0.499958157539368,2.96349263191223,0.276650249958038,0,0,0
125828,0.0166661,37.0257127173245,1.10953187942505,-17.1587314605713,2.43838715553284,11.6965780258179,0.499958157539368,2.96349263191223,0.276650249958038,0,0,0
125834,0.0166677,37.0423804167658,-0.0885881781578064,-17.7538242340088,1.20852875709534,11.5934286117554,0.917438626289368,2.79320454597473,0.469826519489288,0,0,0
125836,0.0166656,37.059046017006,-1.1637225151062,-15.726541519165,0.256380259990692,11.8949422836304,0.428547024726868,2.95067524909973,0.0322044640779495,0,0,0
125840,0.0166679,37.075713917613,-1.1637225151062,-15.726541519165,0.256380259990692,11.8949422836304,0.428547024726868,2.95067524909973,0.0322044640779495,0,0,0
125842,0.0168332,37.0925471168011,-2.38961362838745,-16.2462558746338,-1.02108550071716,12.9383382797241,1.29280483722687,2.72087788581848,0.283058941364288,0,0,0
125846,0.0166673,37.1092144176364,-2.38961362838745,-16.2462558746338,-1.02108550071716,12.9383382797241,1.29280483722687,2.72087788581848,0.283058941364288,0,0,0
125848,0.0166675,37.1258819177747,-2.38961362838745,-16.2462558746338,-1.02108550071716,12.9383382797241,1.29280483722687,2.72087788581848,0.283058941364288,0,0,0
125852,0.0166672,37.1425491180271,4.16434144973755,-16.8651523590088,5.41781806945801,9.26066493988037,0.285724759101868,2.32811665534973,0.469826519489288,0,0,0
125856,0.0166664,37.1592155173421,4.16434144973755,-16.8651523590088,5.41781806945801,9.26066493988037,0.285724759101868,2.32811665534973,0.469826519489288,0,0,0
125858,0.0166677,37.1758832167834,-0.588466107845306,-16.4922275543213,0.907015025615692,13.4818563461304,1.24519741535187,2.67510151863098,0.418556988239288,0,0,0
125862,0.0166665,37.1925497166812,-4.6390643119812,-14.933084487915,-2.82620024681091,10.7245931625366,1.06666958332062,2.34093403816223,0.0193870812654495,0,0,0
125866,0.0166668,37.2092165164649,-4.6390643119812,-14.933084487915,-2.82620024681091,10.7245931625366,1.06666958332062,2.34093403816223,0.0193870812654495,0,0,0
125868,0.0166667,37.2258832156658,-0.215541303157806,-15.8257236480713,1.41086030006409,9.16148281097412,0.148395642638206,2.39403462409973,0.1100242882967,0,0,0
125872,0.0166694,37.2425526157022,3.38675355911255,-16.5160312652588,4.64419746398926,11.5696249008179,0.553974270820618,2.49840474128723,0.405739605426788,0,0,0
125876,0.0166671,37.2592197153717,3.38675355911255,-16.5160312652588,4.64419746398926,11.5696249008179,0.553974270820618,2.49840474128723,0.405739605426788,0,0,0
125880,0.0166665,37.2758862152696,-8.16598033905029,-14.66330909729,-6.18252372741699,13.5810384750366,1.75789272785187,2.55058979988098,0.1356590539217,0,0,0
125882,0.0166668,37.2925530150533,-8.16598033905029,-14.66330909729,-6.18252372741699,13.5810384750366,1.75789272785187,2.55058979988098,0.1356590539217,0,0,0
125886,0.0166669,37.3092199154198,-8.16598033905029,-14.66330909729,-6.18252372741699,13.5810384750366,1.75789272785187,2.55058979988098,0.1356590539217,0,0,0
125888,0.0166668,37.3258867152035,1.9386944770813,-16.2938632965088,3.21597504615784,12.5376424789429,0.601581692695618,2.60369038581848,0.424965679645538,0,0,0
125892,0.0166671,37.3425538148731,1.9386944770813,-16.2938632965088,3.21597504615784,12.5376424789429,0.601581692695618,2.60369038581848,0.424965679645538,0,0,0
125896,0.0166661,37.3592199143022,-1.4652361869812,-16.2938632965088,0.0302450135350227,13.1367025375366,1.65077602863312,2.44621968269348,0.618141949176788,0,0,0
125900,0.0166676,37.3758875150234,-1.21529722213745,-16.2938632965088,0.482515513896942,11.6965780258179,0.571369290351868,2.43981099128723,0.1356590539217,0,0,0
125902,0.016667,37.3925545141101,-1.21529722213745,-16.2938632965088,0.482515513896942,11.6965780258179,0.571369290351868,2.43981099128723,0.1356590539217,0,0,0
125906,0.016667,37.4092215131968,4.9379620552063,-16.837381362915,6.32235908508301,10.2286825180054,-0.465923190116882,2.34093403816223,0.424965679645538,0,0,0
125908,0.0166666,37.4258881136775,4.9379620552063,-16.837381362915,6.32235908508301,10.2286825180054,-0.465923190116882,2.34093403816223,0.424965679645538,0,0,0
125914,0.0166672,37.4425553139299,-2.56417417526245,-14.4133701324463,-0.794950306415558,13.2081136703491,0.559467434883118,2.59636616706848,0.10361559689045,0,0,0
125916,0.0166657,37.459221014753,0.462864458560944,-15.4289951324463,1.96231293678284,11.7679891586304,-0.00083530880510807,2.45903706550598,0.0651634484529495,0,0,0
125920,0.0166699,37.4758909139782,0.462864458560944,-15.4289951324463,1.96231293678284,11.7679891586304,-0.00083530880510807,2.45903706550598,0.0651634484529495,0,0,0
125922,0.0166663,37.492557214573,4.21194887161255,-16.1946811676025,5.46939277648926,10.7761678695679,-0.465923190116882,2.40044331550598,0.1484764367342,0,0,0
125926,0.0166673,37.5092245154083,-0.338527143001556,-14.4133701324463,0.934786021709442,15.2195272445679,1.12617886066437,2.52495503425598,0.431374371051788,0,0,0
125928,0.0166664,37.5258909147233,-0.338527143001556,-14.4133701324463,0.934786021709442,15.2195272445679,1.12617886066437,2.52495503425598,0.431374371051788,0,0,0
125934,0.0166668,37.542557714507,-0.0132097601890564,-15.2544345855713,1.35928559303284,12.7637777328491,0.637287259101868,2.41966938972473,0.289467632770538,0,0,0
125938,0.0190659,37.5616236142814,-0.0132097601890564,-15.2544345855713,1.35928559303284,12.7637777328491,0.637287259101868,2.41966938972473,0.289467632770538,0,0,0
125940,0.0167715,37.5783951152116,-0.0132097601890564,-15.2544345855713,1.35928559303284,12.7637777328491,0.637287259101868,2.41966938972473,0.289467632770538,0,0,0
125942,0.0166704,37.5950655154884,4.06119203567505,-17.3332920074463,5.06869697570801,14.0769491195679,0.279316067695618,2.43340229988098,0.386513531208038,0,0,0
125948,0.0166649,37.611730415374,4.06119203567505,-17.3332920074463,5.06869697570801,14.0769491195679,0.279316067695618,2.43340229988098,0.386513531208038,0,0,0
125950,0.0166673,37.6283977162093,4.06119203567505,-17.3332920074463,5.06869697570801,14.0769491195679,0.279316067695618,2.43340229988098,0.386513531208038,0,0,0
125954,0.0166668,37.645064515993,-5.53963804244995,-14.7862949371338,-3.57601714134216,13.6326131820679,1.23329555988312,2.47917866706848,0.1228416711092,0,0,0
125956,0.0166662,37.661730716005,-5.53963804244995,-14.7862949371338,-3.57601714134216,13.6326131820679,1.23329555988312,2.47917866706848,0.1228416711092,0,0,0
125960,0.0166671,37.6783978156745,1.6133770942688,-16.6429843902588,2.91446137428284,13.8071737289429,0.714191555976868,2.30156636238098,0.457009136676788,0,0,0
125962,0.0166691,37.695066915825,1.6133770942688,-16.6429843902588,2.91446137428284,13.8071737289429,0.714191555976868,2.30156636238098,0.457009136676788,0,0,0
125968,0.0166651,37.7117320150137,-6.9162859916687,-15.5281772613525,-4.90505790710449,13.6326131820679,1.68007290363312,2.29515767097473,0.24460680782795,0,0,0
125970,0.0166658,37.728397814557,-10.240870475769,-15.8733310699463,-8.08682060241699,14.2277059555054,3.06984329223633,2.04613423347473,0.586098492145538,0,0,0
125974,0.0166675,37.7450653146952,-10.240870475769,-15.8733310699463,-8.08682060241699,14.2277059555054,3.06984329223633,2.04613423347473,0.586098492145538,0,0,0
125976,0.0169757,37.7620410155505,-10.240870475769,-15.8733310699463,-8.08682060241699,14.2277059555054,3.06984329223633,2.04613423347473,0.586098492145538,0,0,0
125980,0.0166676,37.7787086162716,0.685032427310944,-16.4922275543213,2.58914399147034,14.5768270492554,0.654682278633118,2.38671040534973,-0.0446998327970505,0,0,0
125982,0.0166677,37.7953763157129,-2.41341733932495,-16.6905918121338,-0.568815052509308,14.9973592758179,1.44203579425812,2.37389302253723,0.00656969845294952,0,0,0
125986,0.0166666,37.8120429161936,-2.41341733932495,-16.6905918121338,-0.568815052509308,14.9973592758179,1.44203579425812,2.37389302253723,0.00656969845294952,0,0,0
125988,0.0166679,37.8287108168006,7.2627911567688,-15.9249057769775,9.15500068664551,13.2596883773804,-1.13975131511688,2.53777241706848,-0.14723889529705,0,0,0
125992,0.0166665,37.8453773166984,7.2627911567688,-15.9249057769775,9.15500068664551,13.2596883773804,-1.13975131511688,2.53777241706848,-0.14723889529705,0,0,0
125996,0.0166699,37.8620472159237,-8.21755504608154,-16.2938632965088,-7.48776054382324,13.6088094711304,2.32460403442383,1.83006966114044,0.586098492145538,0,0,0
126000,0.0166633,37.8787105157971,0.335911333560944,-16.393045425415,1.23629975318909,12.2916707992554,0.374530911445618,2.03331685066223,0.18051989376545,0,0,0
126002,0.0166693,37.8953798152506,0.335911333560944,-16.393045425415,1.23629975318909,12.2916707992554,0.374530911445618,2.03331685066223,0.18051989376545,0,0,0
126008,0.0166651,37.9120449144393,-6.34102964401245,-17.3848667144775,-5.75802421569824,13.5810384750366,1.31111538410187,2.17705464363098,0.348061382770538,0,0,0
126010,0.0166667,37.9287116136402,-6.34102964401245,-17.3848667144775,-5.75802421569824,13.5810384750366,1.31111538410187,2.17705464363098,0.348061382770538,0,0,0
126014,0.0166683,37.9453799128532,-6.9400897026062,-16.615213394165,-5.45651054382324,13.8547811508179,2.49672317504883,1.99394905567169,0.573281109333038,0,0,0
126016,0.0166655,37.9620454125106,-6.9400897026062,-16.615213394165,-5.45651054382324,13.8547811508179,2.49672317504883,1.99394905567169,0.573281109333038,0,0,0
126020,0.0166662,37.9787116125226,4.7872052192688,-17.01194190979,5.31863594055176,12.5892171859741,-0.847698092460632,2.12486958503723,0.1612938195467,0,0,0
126022,0.0166677,37.9953793119639,-8.14217662811279,-17.1111240386963,-5.90878105163574,15.0489339828491,2.98012161254883,2.13860249519348,0.650185406208038,0,0,0
126028,0.0166671,38.0120464116335,-8.14217662811279,-17.1111240386963,-5.90878105163574,15.0489339828491,2.98012161254883,2.13860249519348,0.650185406208038,0,0,0
126030,0.0166666,38.0287130121142,-7.1146502494812,-18.1505527496338,-4.92886161804199,13.5056600570679,1.84761440753937,2.35466694831848,0.21897204220295,0,0,0
126034,0.0166675,38.0453805122525,-7.1146502494812,-18.1505527496338,-4.92886161804199,13.5056600570679,1.84761440753937,2.35466694831848,0.21897204220295,0,0,0
126036,0.0166652,38.062045712024,-7.1146502494812,-18.1505527496338,-4.92886161804199,13.5056600570679,1.84761440753937,2.35466694831848,0.21897204220295,0,0,0
126038,0.0166674,38.0787131115794,-0.965358197689056,-18.4957065582275,0.458711802959442,14.2039022445679,1.39442837238312,2.15141987800598,0.463417828083038,0,0,0
126042,0.0166688,38.095381911844,-0.965358197689056,-18.4957065582275,0.458711802959442,14.2039022445679,1.39442837238312,2.15141987800598,0.463417828083038,0,0,0
126046,0.0166656,38.1120475120842,-0.965358197689056,-18.4957065582275,0.458711802959442,14.2039022445679,1.39442837238312,2.15141987800598,0.463417828083038,0,0,0
126048,0.0167635,38.1288110129535,6.9374737739563,-19.8088779449463,8.02432441711426,12.1409139633179,0.0586739704012871,2.02049946784973,0.501869976520538,0,0,0
126052,0.0166342,38.1454452127218,6.9374737739563,-19.8088779449463,8.02432441711426,12.1409139633179,0.0586739704012871,2.02049946784973,0.501869976520538,0,0,0
126056,0.0166713,38.1621165126562,1.5102276802063,-20.4000034332275,2.31143403053284,13.2834920883179,0.661090970039368,2.02690815925598,0.521096050739288,0,0,0
126060,0.0166632,38.1787797119468,-3.4885516166687,-20.201639175415,-2.50088286399841,14.3030843734741,0.780109524726868,2.51122212409973,0.0651634484529495,0,0,0
126066,0.0166664,38.1954461112618,1.0103497505188,-20.201639175415,1.75998139381409,13.6802206039429,0.786518216133118,2.17705464363098,0.566872417926788,0,0,0
126070,0.0292856,38.2247317116708,1.0103497505188,-20.201639175415,1.75998139381409,13.6802206039429,0.786518216133118,2.17705464363098,0.566872417926788,0,0,0
126074,0.0177127,38.2424444109201,-5.01595640182495,-18.9400424957275,-3.95290923118591,13.0375204086304,1.00716030597687,2.38030171394348,0.10361559689045,0,0,0
126076,0.0194185,38.261862911284,3.56131410598755,-20.6499423980713,4.49344062805176,11.5458211898804,0.165790662169456,1.91521370410919,0.360878765583038,0,0,0
126080,0.0166693,38.2785322107375,3.56131410598755,-20.6499423980713,4.49344062805176,11.5458211898804,0.165790662169456,1.91521370410919,0.360878765583038,0,0,0
126084,0.0167594,38.2952916100621,3.3113751411438,-21.48703956604,4.06497383117676,14.5490560531616,0.565876126289368,2.18437886238098,0.560463726520538,0,0,0
126088,0.0166677,38.3119593095034,-2.9410662651062,-19.70969581604,-2.32235503196716,15.2949056625366,1.14998257160187,2.48558735847473,0.302285015583038,0,0,0
126090,0.016803,38.3287623096257,-2.9410662651062,-19.70969581604,-2.32235503196716,15.2949056625366,1.14998257160187,2.48558735847473,0.302285015583038,0,0,0
126094,0.0166669,38.3454292099923,3.7874493598938,-20.2770175933838,4.69180488586426,12.7360067367554,0.440448880195618,1.92894661426544,0.514687359333038,0,0,0
126096,0.0173584,38.3627876099199,3.7874493598938,-20.2770175933838,4.69180488586426,12.7360067367554,0.440448880195618,1.92894661426544,0.514687359333038,0,0,0
126100,0.0166668,38.3794544097036,-4.04000425338745,-21.1180820465088,-3.42526030540466,14.2515096664429,1.00075161457062,2.58354878425598,0.10361559689045,0,0,0
126106,0.0208277,38.4002821091563,-4.04000425338745,-21.1180820465088,-3.42526030540466,14.2515096664429,1.00075161457062,2.58354878425598,0.10361559689045,0,0,0
126108,0.0166649,38.4169470090419,5.5647931098938,-21.661600112915,6.39773750305176,12.7122030258179,0.404743313789368,1.97472298145294,0.533913433551788,0,0,0
126110,0.0166669,38.4336139094085,5.5647931098938,-21.661600112915,6.39773750305176,12.7122030258179,0.404743313789368,1.97472298145294,0.533913433551788,0,0,0
126114,0.0166682,38.4502821099013,5.5647931098938,-21.661600112915,6.39773750305176,12.7122030258179,0.404743313789368,1.97472298145294,0.533913433551788,0,0,0
126118,0.0166656,38.4669477101415,-2.54037046432495,-22.2051181793213,-1.82247710227966,13.2596883773804,0.941242337226868,2.43340229988098,0.12925036251545,0,0,0
126120,0.0166693,38.483617009595,-2.54037046432495,-22.2051181793213,-1.82247710227966,13.2596883773804,0.941242337226868,2.43340229988098,0.12925036251545,0,0,0
126124,0.0166659,38.5002829097211,-2.54037046432495,-22.2051181793213,-1.82247710227966,13.2596883773804,0.941242337226868,2.43340229988098,0.12925036251545,0,0,0
126126,0.0166675,38.5169504098594,-2.6157488822937,-21.8123569488525,-2.22317290306091,13.2358846664429,1.12617886066437,2.43981099128723,0.263832867145538,0,0,0
126130,0.0166659,38.5336163099855,-2.6157488822937,-21.8123569488525,-2.22317290306091,13.2358846664429,1.12617886066437,2.43981099128723,0.263832867145538,0,0,0
126134,0.0166671,38.5502834096551,2.23624086380005,-23.8872470855713,2.86288666725159,12.5892171859741,0.136493787169456,2.58354878425598,0.24460680782795,0,0,0
126138,0.0179487,38.5682321097702,-2.1396746635437,-22.6534214019775,-1.89785552024841,14.1047201156616,0.934833645820618,2.78038716316223,0.263832867145538,0,0,0
126140,0.0166674,38.5848995093256,-2.1396746635437,-22.6534214019775,-1.89785552024841,14.1047201156616,0.934833645820618,2.78038716316223,0.263832867145538,0,0,0
126146,0.0166672,38.601566709578,1.03812074661255,-23.6174716949463,1.56161713600159,12.6130208969116,0.839618802070618,2.36748433113098,0.482643902301788,0,0,0
126148,0.0184247,38.619991408661,1.03812074661255,-23.6174716949463,1.56161713600159,12.6130208969116,0.839618802070618,2.36748433113098,0.482643902301788,0,0,0
126150,0.0166674,38.6366588082165,1.03812074661255,-23.6174716949463,1.56161713600159,12.6130208969116,0.839618802070618,2.36748433113098,0.482643902301788,0,0,0
126156,0.0166676,38.6533264089376,0.637425005435944,-24.6529331207275,1.26010346412659,12.7360067367554,1.01265347003937,2.52495503425598,0.482643902301788,0,0,0
126158,0.0169255,38.6702519096434,0.637425005435944,-24.6529331207275,1.26010346412659,12.7360067367554,1.01265347003937,2.52495503425598,0.482643902301788,0,0,0
126162,0.0166681,38.6869200095534,0.637425005435944,-23.96262550354,1.20852875709534,12.6130208969116,0.893634915351868,2.52495503425598,0.489052593708038,0,0,0
126164,0.0166664,38.7035864088684,0.637425005435944,-23.96262550354,1.20852875709534,12.6130208969116,0.893634915351868,2.52495503425598,0.489052593708038,0,0,0
126170,0.0166677,38.7202541083097,0.312107622623444,-23.8634433746338,0.831636607646942,12.4900350570679,0.922931790351868,2.52495503425598,0.405739605426788,0,0,0
126174,0.0203079,38.7405620086938,0.161350786685944,-23.96262550354,0.609468638896942,12.7637777328491,0.881733059883118,2.61009907722473,0.386513531208038,0,0,0
126176,0.019558,38.7601200081408,0.161350786685944,-23.96262550354,0.609468638896942,12.7637777328491,0.881733059883118,2.61009907722473,0.386513531208038,0,0,0
126180,0.0166679,38.7767879087478,0.212925493717194,-24.18479347229,0.557893931865692,12.0417318344116,0.839618802070618,2.64946675300598,0.367287456989288,0,0,0
126182,0.0167412,38.7935291081667,0.212925493717194,-24.18479347229,0.557893931865692,12.0417318344116,0.839618802070618,2.64946675300598,0.367287456989288,0,0,0
126188,0.0166676,38.8101967088878,0.510471880435944,-24.3831577301025,0.958589732646942,13.1089315414429,0.822223782539368,2.71446919441223,0.412148296833038,0,0,0
126190,0.0189813,38.8291780091822,0.284336626529694,-24.4307651519775,0.657076060771942,12.7875814437866,0.863422513008118,2.78679585456848,0.412148296833038,0,0,0
126194,0.016667,38.845845008269,0.0621686577796936,-24.3077793121338,0.458711802959442,12.9105672836304,0.887226223945618,2.76665425300598,0.360878765583038,0,0,0
126196,0.0181018,38.8639468085021,0.0621686577796936,-24.3077793121338,0.458711802959442,12.9105672836304,0.887226223945618,2.76665425300598,0.360878765583038,0,0,0
126202,0.0186118,38.8825586084276,0.760410845279694,-23.9864292144775,1.16092133522034,12.5892171859741,0.810321927070618,2.68151021003723,0.373696148395538,0,0,0
126204,0.021348,38.9039066080004,0.760410845279694,-23.9864292144775,1.16092133522034,12.5892171859741,0.810321927070618,2.68151021003723,0.373696148395538,0,0,0
126210,0.016668,38.9205746073276,0.0859723687171936,-24.0380039215088,0.430940806865692,12.4662313461304,0.893634915351868,2.69524312019348,0.373696148395538,0,0,0
126214,0.018843,38.9394176080823,0.0859723687171936,-24.0380039215088,0.430940806865692,12.4662313461304,0.893634915351868,2.69524312019348,0.373696148395538,0,0,0
126216,0.0189686,38.9583862088621,0.0859723687171936,-24.18479347229,0.355562388896942,12.4146566390991,0.893634915351868,2.69524312019348,0.380104839801788,0,0,0
126218,0.016668,38.9750542081892,0.185154497623444,-24.0618076324463,0.482515513896942,12.5654134750366,0.899128079414368,2.68151021003723,0.354470074176788,0,0,0
126222,0.0166691,38.9917233083397,0.137547075748444,-24.010232925415,0.581697642803192,12.5654134750366,0.893634915351868,2.69524312019348,0.380104839801788,0,0,0
126226,0.0167831,39.0085064079612,0.0859723687171936,-23.6412754058838,0.430940806865692,12.4384603500366,0.905536770820618,2.62932515144348,0.405739605426788,0,0,0
126230,0.0177854,39.0262918081135,0.185154497623444,-23.565896987915,0.506319224834442,12.4900350570679,0.887226223945618,2.62291646003723,0.373696148395538,0,0,0
126232,0.017845,39.0441368073225,0.312107622623444,-23.6650791168213,0.684847056865692,12.4662313461304,0.851520657539368,2.62291646003723,0.399330914020538,0,0,0
126236,0.0166691,39.060805907473,0.185154497623444,-24.359354019165,0.534090220928192,13.0613241195679,0.869831204414368,2.70806050300598,0.405739605426788,0,0,0
126238,0.0166662,39.0774721074849,0.185154497623444,-24.359354019165,0.534090220928192,13.0613241195679,0.869831204414368,2.70806050300598,0.405739605426788,0,0,0
126242,0.0166672,39.0941393077374,0.185154497623444,-24.359354019165,0.534090220928192,13.0097494125366,0.869831204414368,2.70165181159973,0.424965679645538,0,0,0
126246,0.0166684,39.1108077075332,0.0343976616859436,-24.7521152496338,0.355562388896942,13.5334310531616,0.893634915351868,2.74742817878723,0.399330914020538,0,0,0
126254,0.0166655,39.1274732071906,-0.0132097601890564,-24.62912940979,0.232576549053192,13.2081136703491,0.887226223945618,2.71446919441223,0.399330914020538,0,0,0
126258,0.0361306,39.1636038068682,-0.0132097601890564,-24.62912940979,0.232576549053192,13.2081136703491,0.887226223945618,2.71446919441223,0.399330914020538,0,0,0
126262,0.0233487,39.1869525071234,-0.290919721126556,-24.7283115386963,0.157198131084442,13.0613241195679,0.922931790351868,2.66228413581848,0.399330914020538,0,0,0
126264,0.0194698,39.2064223065972,-0.290919721126556,-24.7283115386963,0.157198131084442,13.0613241195679,0.922931790351868,2.66228413581848,0.399330914020538,0,0,0
126270,0.0166684,39.2230907063931,-0.889979779720306,-24.7045078277588,-0.219693958759308,12.5138387680054,0.953144192695618,2.58995747566223,0.354470074176788,0,0,0
126274,0.0204838,39.2435745056719,-0.889979779720306,-24.7045078277588,-0.219693958759308,12.5138387680054,0.953144192695618,2.58995747566223,0.354470074176788,0,0,0
126276,0.020137,39.2637115065008,-0.889979779720306,-24.7045078277588,-0.219693958759308,12.5138387680054,0.953144192695618,2.58995747566223,0.354470074176788,0,0,0
126282,0.0166672,39.2803787067533,-0.715419232845306,-24.5299472808838,-0.144315540790558,12.5376424789429,0.988849759101868,2.53136372566223,0.367287456989288,0,0,0
126284,0.0195375,39.2999162059277,-0.715419232845306,-24.5299472808838,-0.144315540790558,12.5376424789429,0.988849759101868,2.53136372566223,0.367287456989288,0,0,0
126288,0.0166682,39.3165844064206,-0.790797650814056,-24.6053256988525,-0.168119251728058,12.8113851547241,1.07857143878937,2.48558735847473,0.405739605426788,0,0,0
126290,0.0167521,39.3333365060389,-0.790797650814056,-24.6053256988525,-0.168119251728058,12.8113851547241,1.07857143878937,2.48558735847473,0.405739605426788,0,0,0
126294,0.016667,39.3500035051256,-0.540858685970306,-24.2363681793213,0.0818197205662727,12.5654134750366,0.958637356758118,2.36107563972473,0.360878765583038,0,0,0
126298,0.0211102,39.3711137045175,-0.540858685970306,-24.2363681793213,0.0818197205662727,12.5654134750366,0.958637356758118,2.36107563972473,0.360878765583038,0,0,0
126302,0.0166678,39.3877815045416,-0.437709271907806,-24.0380039215088,0.181001842021942,12.3392782211304,0.983356595039368,2.24938130378723,0.373696148395538,0,0,0
126304,0.016666,39.4044475052506,-0.862208783626556,-23.5420932769775,-0.267301380634308,12.4662313461304,1.03645718097687,2.30889058113098,0.289467632770538,0,0,0
126308,0.0166679,39.4211154058576,-0.862208783626556,-23.5420932769775,-0.267301380634308,12.4662313461304,1.03645718097687,2.30889058113098,0.289467632770538,0,0,0
126310,0.0166658,39.4377812054008,-1.0129656791687,-23.8634433746338,-0.394254505634308,12.6645956039429,1.04835903644562,2.29515767097473,0.354470074176788,0,0,0
126316,0.0166667,39.4544479046017,-0.913783490657806,-24.18479347229,-0.295072376728058,12.9859457015991,1.09596645832062,2.25578999519348,0.289467632770538,0,0,0
126320,0.0196199,39.4740678053349,-1.1399188041687,-24.5061435699463,-0.568815052509308,13.3350667953491,1.08406460285187,2.28234028816223,0.23178942501545,0,0,0
126322,0.0214926,39.4955604057759,-1.1399188041687,-24.5061435699463,-0.568815052509308,13.3350667953491,1.08406460285187,2.28234028816223,0.23178942501545,0,0,0
126328,0.0166676,39.512228006497,-1.04073667526245,-24.5577182769775,-0.342679798603058,13.6564168930054,1.04835903644562,2.27593159675598,0.19333727657795,0,0,0
126330,0.0184411,39.5306691061705,-1.4652361869812,-24.8274936676025,-0.818754017353058,14.2792806625366,1.13167202472687,2.33452534675598,0.24460680782795,0,0,0
126334,0.01667,39.5473391059786,-1.41366147994995,-24.7521152496338,-0.846525013446808,14.2277059555054,1.12617886066437,2.32170796394348,0.289467632770538,0,0,0
126338,0.0202903,39.5676294062287,-1.38985776901245,-25.1488437652588,-0.771146595478058,14.8743734359741,1.11427700519562,2.41966938972473,0.23178942501545,0,0,0
126342,0.0166682,39.5842976067215,-1.38985776901245,-25.1488437652588,-0.771146595478058,14.8743734359741,1.11427700519562,2.41966938972473,0.23178942501545,0,0,0
126342,0.0166653,39.6009629070759,-1.38985776901245,-25.1488437652588,-0.771146595478058,14.8743734359741,1.11427700519562,2.41966938972473,0.23178942501545,0,0,0
126348,0.0166691,39.6176320072263,-1.08834409713745,-24.7283115386963,-0.469632923603058,14.3030843734741,1.09047329425812,2.30889058113098,0.360878765583038,0,0,0
126350,0.0166663,39.6342983078212,-1.08834409713745,-24.7283115386963,-0.469632923603058,14.3030843734741,1.09047329425812,2.30889058113098,0.360878765583038,0,0,0
126354,0.0166679,39.6509662084281,-0.687648236751556,-23.5897006988525,-0.0173624083399773,13.3350667953491,0.976947903633118,2.08550190925598,0.386513531208038,0,0,0
126358,0.0172544,39.6682206075639,-0.687648236751556,-23.5897006988525,-0.0173624083399773,13.3350667953491,0.976947903633118,2.08550190925598,0.386513531208038,0,0,0
126362,0.017588,39.6858086083084,-0.390101850032806,-23.343729019165,0.355562388896942,14.3784627914429,0.953144192695618,2.17705464363098,0.418556988239288,0,0,0
126364,0.016667,39.7024756073952,-0.390101850032806,-23.343729019165,0.355562388896942,14.3784627914429,0.953144192695618,2.17705464363098,0.418556988239288,0,0,0
126370,0.0166668,39.7191424071789,-0.889979779720306,-22.8755893707275,-0.144315540790558,14.2039022445679,0.934833645820618,2.21642231941223,0.405739605426788,0,0,0
126374,0.0224831,39.7416255064309,-0.362330853939056,-23.0461826324463,0.383333384990692,14.1761312484741,0.941242337226868,2.15782856941223,0.431374371051788,0,0,0
126376,0.021026,39.7626515068114,-0.790797650814056,-22.8478183746338,-0.0451334044337273,14.0531454086304,0.863422513008118,2.17705464363098,0.367287456989288,0,0,0
126382,0.0166686,39.7793201059103,-0.564662396907806,-22.677225112915,0.307954967021942,14.1523275375366,0.917438626289368,2.12486958503723,0.457009136676788,0,0,0
126384,0.019705,39.7990251053125,-0.564662396907806,-22.677225112915,0.307954967021942,14.1523275375366,0.917438626289368,2.12486958503723,0.457009136676788,0,0,0
126388,0.0166684,39.8156935051084,-0.640040814876556,-22.5264682769775,0.232576549053192,14.0769491195679,0.917438626289368,2.15141987800598,0.405739605426788,0,0,0
126390,0.0190334,39.8347269054502,-0.640040814876556,-22.5264682769775,0.232576549053192,14.0769491195679,0.917438626289368,2.15141987800598,0.405739605426788,0,0,0
126396,0.0166683,39.8513952046633,-0.965358197689056,-22.4272861480713,-0.168119251728058,14.5768270492554,0.869831204414368,2.19719624519348,0.367287456989288,0,0,0
126398,0.0166654,39.8680606037378,-0.588466107845306,-22.28049659729,0.256380259990692,14.6006307601929,1.01906216144562,2.06627583503723,0.424965679645538,0,0,0
126400,0.0166684,39.8847290035337,-0.588466107845306,-22.28049659729,0.256380259990692,14.6006307601929,1.01906216144562,2.06627583503723,0.424965679645538,0,0,0
126404,0.0166669,39.9013959039003,-0.588466107845306,-22.28049659729,0.256380259990692,14.6006307601929,1.01906216144562,2.06627583503723,0.424965679645538,0,0,0
126406,0.0166673,39.9180632047355,-0.465480268001556,-23.121561050415,0.458711802959442,14.7474203109741,0.958637356758118,2.23656392097473,0.405739605426788,0,0,0
126410,0.0166663,39.9347295053303,-0.465480268001556,-23.121561050415,0.458711802959442,14.7474203109741,0.958637356758118,2.23656392097473,0.405739605426788,0,0,0
126414,0.0166678,39.9513973053545,-0.513087689876556,-23.2683506011963,0.383333384990692,14.9735555648804,0.988849759101868,2.17064595222473,0.405739605426788,0,0,0
126418,0.0166659,39.9680632054806,-0.513087689876556,-23.0977573394775,0.430940806865692,14.4498739242554,0.922931790351868,2.18437886238098,0.399330914020538,0,0,0
126422,0.0166675,39.9847307056189,-0.513087689876556,-23.0977573394775,0.430940806865692,14.4498739242554,0.922931790351868,2.18437886238098,0.399330914020538,0,0,0
126424,0.0166664,40.0013971049339,-0.663844525814056,-23.5420932769775,0.280183970928192,15.1719198226929,1.06666958332062,2.23015522956848,0.412148296833038,0,0,0
126428,0.0166682,40.0180653054267,-0.489283978939056,-22.899393081665,0.407137095928192,13.9777669906616,0.875324368476868,2.09191060066223,0.373696148395538,0,0,0
126430,0.0166655,40.0347308050841,-0.489283978939056,-22.899393081665,0.407137095928192,13.9777669906616,0.875324368476868,2.09191060066223,0.373696148395538,0,0,0
126434,0.0166683,40.0513991042972,-0.513087689876556,-23.6412754058838,0.307954967021942,15.4694662094116,0.958637356758118,2.28234028816223,0.380104839801788,0,0,0
126436,0.0173001,40.0686992034316,-0.513087689876556,-23.6412754058838,0.307954967021942,15.4694662094116,0.958637356758118,2.28234028816223,0.380104839801788,0,0,0
126442,0.0166711,40.085370304063,-0.338527143001556,-23.6412754058838,0.430940806865692,15.2472982406616,0.965046048164368,2.18437886238098,0.328835308551788,0,0,0
126444,0.0166661,40.1020364034921,-0.338527143001556,-23.6412754058838,0.430940806865692,15.2472982406616,0.965046048164368,2.18437886238098,0.328835308551788,0,0,0
126448,0.0166679,40.1187043040991,-0.338527143001556,-23.6412754058838,0.430940806865692,15.2472982406616,0.965046048164368,2.18437886238098,0.328835308551788,0,0,0
126450,0.016666,40.135370304808,-0.814601361751556,-23.3199253082275,0.105623431503773,15.1203451156616,1.07857143878937,2.20360493659973,0.367287456989288,0,0,0
126454,0.016668,40.1520383041352,-0.814601361751556,-23.3199253082275,0.105623431503773,15.1203451156616,1.07857143878937,2.20360493659973,0.367287456989288,0,0,0
126458,0.0166654,40.1687037032098,-0.564662396907806,-23.3199253082275,0.181001842021942,15.4694662094116,1.05476772785187,2.23656392097473,0.373696148395538,0,0,0
126462,0.01667,40.1853737030178,-1.0129656791687,-23.2207431793213,-0.195890247821808,15.3702840805054,1.20308315753937,2.16423726081848,0.405739605426788,0,0,0
126464,0.016665,40.2020387034863,-1.0129656791687,-23.2207431793213,-0.195890247821808,15.3702840805054,1.20308315753937,2.16423726081848,0.405739605426788,0,0,0
126468,0.0166675,40.2187062036246,-0.814601361751556,-23.4667148590088,0.0302450135350227,15.8185873031616,1.12617886066437,2.19078755378723,0.386513531208038,0,0,0
126470,0.0204435,40.2391497027129,-0.814601361751556,-23.4667148590088,0.0302450135350227,15.8185873031616,1.12617886066437,2.19078755378723,0.386513531208038,0,0,0
126476,0.0166675,40.2558172028512,-1.1637225151062,-23.4905185699463,-0.370450794696808,16.1161346435547,1.19758999347687,2.15782856941223,0.392922222614288,0,0,0
126478,0.0166684,40.2724856026471,-1.1875262260437,-23.4429111480713,-0.394254505634308,15.5210409164429,1.10237514972687,2.18437886238098,0.309609234333038,4.4113875106377,-1.63283356173417,-2.2461679898741
126482,0.0166655,40.2891511023045,-1.1875262260437,-23.4429111480713,-0.394254505634308,15.5210409164429,1.10237514972687,2.18437886238098,0.309609234333038,4.4113875106377,-1.63283356173417,-2.2461679898741
126484,0.016666,40.3058171030134,-1.21529722213745,-23.7166538238525,-0.493436634540558,15.5448446273804,1.14357388019562,2.19078755378723,0.380104839801788,4.57795610599169,-1.54910982203828,-2.29755156950685
126490,0.0166671,40.322484202683,-1.6159930229187,-24.803689956665,-0.969510853290558,16.1161346435547,1.19118130207062,2.27593159675598,0.354470074176788,3.90176312305052,-2.00143725096849,-0.329123348792309
126492,0.0166657,40.339149903506,-1.6159930229187,-24.803689956665,-0.969510853290558,16.1161346435547,1.19118130207062,2.27593159675598,0.354470074176788,3.90176312305052,-2.00143725096849,-0.329123348792309
126494,0.0166683,40.3558182027191,-0.612269818782806,-24.3831577301025,-0.0173624083399773,15.7670125961304,1.10786831378937,2.09923481941223,0.412148296833038,4.06004480851153,-1.89987451949148,-2.32992234032585
126498,0.0166669,40.3724851030856,-0.612269818782806,-24.3831577301025,-0.0173624083399773,15.7670125961304,1.10786831378937,2.09923481941223,0.412148296833038,4.06004480851153,-1.89987451949148,-2.32992234032585
126500,0.0166669,40.3891520034522,-0.612269818782806,-24.3831577301025,-0.0173624083399773,15.7670125961304,1.10786831378937,2.09923481941223,0.412148296833038,4.06004480851153,-1.89987451949148,-2.32992234032585
126504,0.0166684,40.4058204032481,-0.362330853939056,-26.53342628479,-0.0173624083399773,16.3898773193359,1.07216274738312,2.30156636238098,0.405739605426788,4.42080041443344,-1.47167226659884,-1.3715480496361
126508,0.0166656,40.4224860034883,-0.588466107845306,-26.6326084136963,-0.267301380634308,16.2906951904297,1.12617886066437,2.26952290534973,0.360878765583038,4.47225154831103,-1.33604740400346,-1.14790249479907
126512,0.0166751,40.4391611032188,-0.588466107845306,-26.6326084136963,-0.267301380634308,16.2906951904297,1.12617886066437,2.26952290534973,0.360878765583038,4.47225154831103,-1.33604740400346,-1.14790249479907
126516,0.0166656,40.455826703459,0.0621686577796936,-26.08909034729,0.383333384990692,15.5210409164429,1.01906216144562,2.15141987800598,0.386513531208038,4.10675151797151,-1.47135551296752,-2.49124265050568
126518,0.0166658,40.4724925030023,0.0621686577796936,-26.08909034729,0.383333384990692,15.5210409164429,1.01906216144562,2.15141987800598,0.386513531208038,4.10675151797151,-1.47135551296752,-2.49124265050568
126522,0.0176026,40.4900951031595,-0.362330853939056,-26.9817295074463,-0.168119251728058,15.0727376937866,1.14998257160187,2.07268452644348,0.392922222614288,4.31200605787174,-1.43421836536205,-1.91172639903591
126526,0.0166664,40.5067615024745,-0.362330853939056,-26.9817295074463,-0.168119251728058,15.0727376937866,1.14998257160187,2.07268452644348,0.392922222614288,4.31200605787174,-1.43421836536205,-1.91172639903591
126530,0.0166673,40.5234288033098,-0.838405072689056,-25.9661045074463,-0.620389759540558,14.7751913070679,1.16737759113312,1.98754036426544,0.392922222614288,3.53273034941583,-1.45442588080102,-1.19489584235485
126532,0.0172482,40.5406770035625,-0.790797650814056,-25.9661045074463,-0.521207630634308,15.5448446273804,1.11977016925812,2.09191060066223,0.380104839801788,3.44332727316179,-1.42130955529089,-1.45673959357822
126536,0.0166675,40.5573445037007,-0.564662396907806,-26.5611972808838,-0.318876087665558,16.1915130615234,1.12617886066437,2.19078755378723,0.367287456989288,3.63662234189586,-1.43830899326525,-1.76004477965552
126538,0.01977,40.5771145038307,-0.715419232845306,-26.53342628479,-0.418058216571808,15.6916341781616,1.17927944660187,2.13127827644348,0.399330914020538,3.49055854467951,-1.55405085567569,-1.30180355937757
126544,0.0166684,40.5937829036266,-0.790797650814056,-27.9180088043213,-0.568815052509308,15.7194051742554,1.16188442707062,2.24938130378723,0.354470074176788,4.17469005709814,-1.30293910613979,-1.68703232341395
126546,0.0166652,40.6104481033981,-0.790797650814056,-27.9180088043213,-0.568815052509308,15.7194051742554,1.16188442707062,2.24938130378723,0.354470074176788,4.17469005709814,-1.30293910613979,-1.68703232341395
126550,0.0166682,40.6271163038909,-1.1637225151062,-27.6244297027588,-1.04488921165466,15.3940877914429,1.24519741535187,2.07909321784973,0.341652691364288,4.16499216545057,-1.19490943847978,-1.44509258180455
126554,0.0201224,40.6472387034446,-1.1637225151062,-27.6244297027588,-1.04488921165466,15.3940877914429,1.24519741535187,2.07909321784973,0.341652691364288,4.16499216545057,-1.19490943847978,-1.44509258180455
126556,0.0171954,40.6644341032952,-1.26290464401245,-27.374490737915,-1.14803862571716,15.3940877914429,1.22688686847687,2.08550190925598,0.348061382770538,3.64379683286865,-1.37068598285577,-2.02533627996162
126562,0.0177638,40.6821979042143,-1.7905535697937,-27.9695835113525,-1.74709868431091,15.8185873031616,1.23329555988312,2.11205220222473,0.316017925739288,3.69161184359908,-1.36262649790809,-1.73229913867848
126564,0.0196758,40.7018737047911,-1.7905535697937,-27.9695835113525,-1.74709868431091,15.8185873031616,1.23329555988312,2.11205220222473,0.316017925739288,3.69161184359908,-1.36262649790809,-1.73229913867848
126568,0.016667,40.7185407038778,-2.3142352104187,-29.00901222229,-2.32235503196716,16.0407562255859,1.33491909503937,2.16423726081848,0.354470074176788,3.24961275706036,-1.67163292121353,0.457490392506808
126570,0.0166666,40.7352073043585,-2.2666277885437,-28.4892978668213,-2.32235503196716,16.0883636474609,1.20949184894562,2.19719624519348,0.341652691364288,3.02297776404852,-1.55440458163686,0.176355678082273
126574,0.0166687,40.7518760040402,-2.2666277885437,-28.4892978668213,-2.32235503196716,16.0883636474609,1.20949184894562,2.19719624519348,0.341652691364288,3.02297776404852,-1.55440458163686,0.176355678082273
126578,0.0166653,40.7685413043946,-1.06454038619995,-29.00901222229,-1.12026762962341,15.1719198226929,1.20308315753937,2.03331685066223,0.360878765583038,3.24552476537343,-1.51619110420067,-1.10375752451768
126580,0.0166701,40.7852114047855,-2.08809995651245,-29.3779697418213,-2.14779448509216,16.0645599365234,1.19118130207062,2.24938130378723,0.341652691364288,3.34146859797951,-1.38252002776588,-1.13195186133413
126584,0.0166648,40.8018762040883,-1.36605405807495,-29.3065586090088,-1.42178130149841,15.7670125961304,1.18568813800812,2.09923481941223,0.335243999958038,3.59789533700627,-1.57946345934052,-1.33969936828655
126586,0.0166677,40.8185439035296,-0.663844525814056,-30.4927768707275,-0.846525013446808,15.5448446273804,1.15547573566437,2.08550190925598,0.386513531208038,4.13868550162244,-0.772637905541792,-0.958755513145998
126592,0.0166664,40.8352103028446,-0.663844525814056,-30.4927768707275,-0.846525013446808,15.5448446273804,1.15547573566437,2.08550190925598,0.386513531208038,4.13868550162244,-0.772637905541792,-0.958755513145998
126596,0.0176054,40.8528157025576,-0.0370134711265564,-30.9371128082275,-0.318876087665558,15.9891805648804,1.08406460285187,2.14501118659973,0.367287456989288,3.54022037595428,-0.913137058481988,-0.525763244461891
126598,0.0180758,40.8708915021271,-0.0370134711265564,-30.9371128082275,-0.318876087665558,15.9891805648804,1.08406460285187,2.14501118659973,0.367287456989288,3.54022037595428,-0.913137058481988,-0.525763244461891
126602,0.0166682,40.8875597026199,-0.140162885189056,-30.1952304840088,-0.267301380634308,16.2906951904297,1.11977016925812,2.13127827644348,0.373696148395538,3.74187361177765,-1.0551823445404,-0.746715642739152
126606,0.0203197,40.907879402861,-0.413905560970306,-30.4412021636963,-0.671964466571808,15.5686483383179,1.14357388019562,2.04613423347473,0.373696148395538,4.24434590530943,-0.791655212490332,-1.72440970806651
126610,0.0181905,40.9260699022561,-0.413905560970306,-30.4412021636963,-0.671964466571808,15.5686483383179,1.14357388019562,2.04613423347473,0.373696148395538,4.24434590530943,-0.791655212490332,-1.72440970806651
126614,0.0166683,40.9427382014692,-0.187770307064056,-30.2706089019775,-0.418058216571808,15.7194051742554,1.18568813800812,2.08550190925598,0.392922222614288,4.11299258030626,-0.688887084066923,-1.45050198318093
126616,0.0195257,40.9622639007866,-0.187770307064056,-30.2706089019775,-0.418058216571808,15.7194051742554,1.18568813800812,2.08550190925598,0.392922222614288,4.11299258030626,-0.688887084066923,-1.45050198318093
126622,0.016668,40.9789319001138,-0.763026654720306,-29.850076675415,-0.945707142353058,16.1399383544922,1.24519741535187,2.11205220222473,0.399330914020538,3.94247795404069,-0.84992392959582,-0.880002953493606
126624,0.0206071,40.9995390009135,-0.965358197689056,-29.850076675415,-1.17184233665466,16.1161346435547,1.25709927082062,2.12486958503723,0.412148296833038,3.93722153369674,-0.815953009930276,-0.876879966965156
126628,0.0166684,41.0162074007094,-0.965358197689056,-29.850076675415,-1.17184233665466,16.1161346435547,1.25709927082062,2.12486958503723,0.412148296833038,3.93722153369674,-0.815953009930276,-0.876879966965156
126630,0.0179945,41.0342019014061,-1.1399188041687,-30.1952304840088,-1.32259917259216,16.1637420654297,1.16188442707062,2.13127827644348,0.380104839801788,3.69806384502383,-0.977881936702104,-0.315997053938222
126636,0.0166687,41.0508706010878,-1.08834409713745,-30.2428379058838,-1.32259917259216,15.7908163070679,1.20949184894562,2.07268452644348,0.380104839801788,3.41679300995202,-1.03143834290599,-0.148956262792101
126638,0.017457,41.068327601999,-1.08834409713745,-30.2428379058838,-1.32259917259216,15.7908163070679,1.20949184894562,2.07268452644348,0.380104839801788,3.41679300995202,-1.03143834290599,-0.148956262792101
126642,0.0166694,41.0849970020354,-1.7905535697937,-30.7149448394775,-1.99703764915466,16.1399383544922,1.27540981769562,2.14501118659973,0.341652691364288,2.21220139360973,-1.20898822988127,0.416331857096697
126644,0.0193648,41.1043618023396,-1.7905535697937,-30.7149448394775,-1.99703764915466,16.1399383544922,1.27540981769562,2.14501118659973,0.341652691364288,2.21220139360973,-1.20898822988127,0.416331857096697
126650,0.0166672,41.121029002592,-2.73873472213745,-30.7149448394775,-2.97695708274841,15.8423910140991,1.33491909503937,2.17064595222473,0.1997459679842,2.25319412893314,-1.52684822785684,0.449481263410539
126652,0.018852,41.1398810017854,-2.6395525932312,-30.7903232574463,-2.85000395774841,15.8661947250366,1.28731167316437,2.15782856941223,0.14206774532795,2.01352066605538,-1.39632555894452,0.441004837165076
126656,0.0166677,41.1565487012267,-2.6395525932312,-30.7903232574463,-2.85000395774841,15.8661947250366,1.28731167316437,2.15782856941223,0.14206774532795,2.01352066605538,-1.39632555894452,0.441004837165076
126658,0.0166662,41.1732149012387,-2.6157488822937,-31.0362949371338,-2.90157866477966,15.4456624984741,1.28731167316437,2.12486958503723,0.0972069054841995,0.994308344697514,-2.07696843445855,0.889421183015904
126660,0.0166677,41.18988260068,-2.36580991744995,-31.2108554840088,-2.67544341087341,15.6916341781616,1.25709927082062,2.15141987800598,0.0587547570466995,0.699514301496655,-2.35129914778092,1.36219553637978
126664,0.0166673,41.2065499015152,-2.36580991744995,-31.2108554840088,-2.67544341087341,15.6916341781616,1.25709927082062,2.15141987800598,0.0587547570466995,0.699514301496655,-2.35129914778092,1.36219553637978
126668,0.0166674,41.2232173010707,-1.86593198776245,-30.34202003479,-2.17556548118591,15.3940877914429,1.20949184894562,2.04613423347473,-0.0639259070158005,0.774598921275714,-2.50515102122194,1.20941703855428
126670,0.016667,41.2398843001574,-1.71517515182495,-30.6395664215088,-2.02480864524841,15.0727376937866,1.18568813800812,2.10564351081848,-0.0895606726408005,1.13263494874177,-2.52269734569956,0.58818871118242
126674,0.0166669,41.256551200524,-1.71517515182495,-30.6395664215088,-2.02480864524841,15.0727376937866,1.18568813800812,2.10564351081848,-0.0895606726408005,1.13263494874177,-2.52269734569956,0.58818871118242
126678,0.0175706,41.2741218004376,0.236729204654694,-29.8738803863525,-0.144315540790558,14.3268880844116,1.04286587238312,2.03331685066223,-0.20583264529705,0.882337110215167,-2.42211435105241,0.401852706715535
126682,0.016666,41.2907878011465,0.236729204654694,-29.8738803863525,-0.144315540790558,14.3268880844116,1.04286587238312,2.03331685066223,-0.20583264529705,0.882337110215167,-2.42211435105241,0.401852706715535
126684,0.01667,41.3074578009546,0.236729204654694,-29.8738803863525,-0.144315540790558,14.3268880844116,1.04286587238312,2.03331685066223,-0.20583264529705,0.882337110215167,-2.42211435105241,0.401852706715535
126688,0.0166639,41.3241217005998,0.0621686577796936,-30.0206699371338,-0.295072376728058,16.0407562255859,1.07857143878937,2.25578999519348,-0.2378761023283,1.30159539597583,-2.68241450311194,-0.0196246082313489
126692,0.0166672,41.3407889008522,0.0621686577796936,-30.0206699371338,-0.295072376728058,16.0407562255859,1.07857143878937,2.25578999519348,-0.2378761023283,1.30159539597583,-2.68241450311194,-0.0196246082313489
126696,0.0166666,41.3574555013329,0.510471880435944,-28.6360874176025,0.280183970928192,15.5210409164429,1.10237514972687,2.24297261238098,-0.13442151248455,1.24208718754858,-3.12695251813108,-0.628252528332716
126698,0.0166695,41.3741250019521,0.510471880435944,-28.6360874176025,0.280183970928192,15.5210409164429,1.10237514972687,2.24297261238098,-0.13442151248455,1.24208718754858,-3.12695251813108,-0.628252528332716
126704,0.0166648,41.3907898012549,0.284336626529694,-27.4022617340088,0.331758677959442,15.5210409164429,1.02455532550812,2.15782856941223,-0.1280128210783,1.49652157144244,-2.81407692941761,-2.51488863529558
126706,0.017616,41.4084058012813,0.284336626529694,-28.0171909332275,0.383333384990692,16.4374847412109,1.06666958332062,2.34825825691223,-0.0831519812345505,1.35116321053334,-2.98275850220301,-0.154179721775498
126708,0.0166672,41.4250730015337,0.284336626529694,-28.0171909332275,0.383333384990692,16.4374847412109,1.06666958332062,2.34825825691223,-0.0831519812345505,1.35116321053334,-2.98275850220301,-0.154179721775498
126712,0.0166677,41.4417407009751,0.284336626529694,-28.0171909332275,0.383333384990692,16.4374847412109,1.06666958332062,2.34825825691223,-0.0831519812345505,1.35116321053334,-2.98275850220301,-0.154179721775498
126714,0.0166668,41.4584075007588,-0.0885881781578064,-26.5850009918213,0.331758677959442,16.2391204833984,0.970539212226868,2.34825825691223,-0.0382911413908005,0.943285247097296,-2.88136010082395,-0.60351824357938
126718,0.016667,41.4750744998455,-0.0885881781578064,-26.5850009918213,0.331758677959442,16.2391204833984,0.970539212226868,2.34825825691223,-0.0382911413908005,0.943285247097296,-2.88136010082395,-0.60351824357938
126722,0.0166669,41.491741400212,0.0343976616859436,-26.75559425354,0.355562388896942,16.4136810302734,0.941242337226868,2.45262837409973,-0.0895606726408005,1.05719300676278,-2.84692276685528,-0.457106532651435
126726,0.0166704,41.5084118004888,-0.140162885189056,-25.3472080230713,0.280183970928192,15.3940877914429,0.995258450508118,2.19719624519348,0.00656969845294952,1.16051498392058,-2.64517925649935,-2.22192326444023
126730,0.0166634,41.5250752009451,-0.112391889095306,-25.3987827301025,0.256380259990692,15.3940877914429,0.970539212226868,2.19078755378723,0.0129783898591995,1.22873763152336,-2.58581417334655,-2.28335437576361
126734,0.0166669,41.5417421013117,-0.314723432064056,-25.20041847229,0.256380259990692,15.8899984359741,1.01265347003937,2.36748433113098,0.0386131554841995,0.550048649818896,-2.40679418834851,-0.45971900576918
126736,0.017242,41.5589841008186,-0.314723432064056,-25.20041847229,0.256380259990692,15.8899984359741,1.01265347003937,2.36748433113098,0.0386131554841995,0.550048649818896,-2.40679418834851,-0.45971900576918
126740,0.0177138,41.5766979008913,0.0859723687171936,-25.1012363433838,0.557893931865692,15.8899984359741,1.01906216144562,2.36748433113098,0.12925036251545,0.185866812449898,-2.2672149010853,-1.03197617016776
126744,0.0166687,41.5933666005731,0.0105939507484436,-25.07346534729,0.458711802959442,15.8661947250366,1.00716030597687,2.42607808113098,0.1612938195467,0.112210013199965,-2.13586128626277,-1.00626784812296
126746,0.0189937,41.6123603004962,0.0105939507484436,-25.07346534729,0.458711802959442,15.8661947250366,1.00716030597687,2.42607808113098,0.1612938195467,0.112210013199965,-2.13586128626277,-1.00626784812296
126750,0.0166675,41.6290278006345,0.637425005435944,-25.7677402496338,1.01016449928284,16.1399383544922,1.11977016925812,2.45262837409973,0.302285015583038,-0.0748488226113708,-1.36055803620182,-1.2804238103831
126752,0.0166672,41.6456950008869,0.637425005435944,-25.7677402496338,1.01016449928284,16.1399383544922,1.11977016925812,2.45262837409973,0.302285015583038,-0.0748488226113708,-1.36055803620182,-1.2804238103831
126756,0.0166672,41.6623622011393,1.9386944770813,-26.2358798980713,2.36300873756409,15.7670125961304,0.792011380195618,2.43340229988098,0.360878765583038,0.126518159416902,-0.875150161757673,-1.90125849219918
126760,0.0166658,41.6790280006826,1.9386944770813,-26.2358798980713,2.36300873756409,15.7670125961304,0.792011380195618,2.43340229988098,0.360878765583038,0.126518159416902,-0.875150161757673,-1.90125849219918
126764,0.0166672,41.695695200935,0.185154497623444,-26.5611972808838,0.506319224834442,15.9653768539429,0.792011380195618,2.66869282722473,0.316017925739288,0.435144690981516,-0.299914537650983,-1.60081719571481
126766,0.0166674,41.7123626004905,0.185154497623444,-26.5611972808838,0.506319224834442,15.9653768539429,0.792011380195618,2.66869282722473,0.316017925739288,0.435144690981516,-0.299914537650983,-1.60081719571481
126768,0.016667,41.7290295995772,0.185154497623444,-26.5611972808838,0.506319224834442,15.9653768539429,0.792011380195618,2.66869282722473,0.316017925739288,0.435144690981516,-0.299914537650983,-1.60081719571481
126772,0.0166689,41.7456985004246,0.585850298404694,-26.75559425354,0.907015025615692,15.9415731430054,0.839618802070618,2.58354878425598,0.418556988239288,0.597631525627108,-0.279313673972371,-2.18912384202124
126776,0.0166663,41.7623648010194,-0.612269818782806,-26.8547763824463,-0.370450794696808,16.5128631591797,0.899128079414368,2.75383687019348,0.322426617145538,0.536412559727381,0.393141029283389,-2.28803292604698
126778,0.016666,41.7790308017284,-0.612269818782806,-26.8547763824463,-0.370450794696808,16.5128631591797,0.899128079414368,2.75383687019348,0.322426617145538,0.536412559727381,0.393141029283389,-2.28803292604698
126784,0.0166678,41.7956986017525,-0.838405072689056,-26.9539585113525,-0.695768177509308,15.8423910140991,1.03096401691437,2.66228413581848,0.392922222614288,1.62041818440291,1.11072150395382,-3.09628973215787
126786,0.0166653,41.8123639021069,-0.838405072689056,-26.9539585113525,-0.695768177509308,15.8423910140991,1.03096401691437,2.66228413581848,0.392922222614288,1.62041818440291,1.11072150395382,-3.09628973215787
126790,0.0166676,41.829031502828,-1.21529722213745,-27.2038974761963,-1.07266020774841,15.9177694320679,1.04286587238312,2.68151021003723,0.373696148395538,1.33189018382926,0.449556494415999,-3.27189712073245
126792,0.016666,41.8456975035369,-1.21529722213745,-27.2038974761963,-1.07266020774841,15.9177694320679,1.04286587238312,2.68151021003723,0.373696148395538,1.33189018382926,0.449556494415999,-3.27189712073245
126796,0.0166673,41.8623648043722,-1.21529722213745,-27.2038974761963,-1.07266020774841,15.9177694320679,1.04286587238312,2.68151021003723,0.373696148395538,1.33189018382926,0.449556494415999,-3.27189712073245
126800,0.0166661,41.8790309038013,-1.58822202682495,-27.8942050933838,-1.39797759056091,15.8899984359741,1.01906216144562,2.70806050300598,0.354470074176788,1.10853876742311,0.235160222125152,-2.78514118678631
126804,0.0166675,41.8956984039396,-2.3380389213562,-28.2671298980713,-2.27474761009216,16.0407562255859,0.988849759101868,2.89116597175598,0.289467632770538,1.14796076558076,0.616152958344309,-2.00343458901497
126806,0.0166668,41.9123652037233,-2.3380389213562,-28.2671298980713,-2.27474761009216,16.0407562255859,0.988849759101868,2.89116597175598,0.289467632770538,1.14796076558076,0.616152958344309,-2.00343458901497
126810,0.0166667,41.9290319029242,-1.26290464401245,-28.0687656402588,-1.12026762962341,15.3702840805054,0.953144192695618,2.72820210456848,0.335243999958038,1.22557198972716,0.839609837979179,-3.0001330021728
126814,0.0175528,41.9465847034007,-1.26290464401245,-28.0687656402588,-1.12026762962341,15.3702840805054,0.953144192695618,2.72820210456848,0.335243999958038,1.22557198972716,0.839609837979179,-3.0001330021728
126816,0.0200176,41.9666023030877,-1.26290464401245,-28.0687656402588,-1.12026762962341,15.3702840805054,0.953144192695618,2.72820210456848,0.335243999958038,1.22557198972716,0.839609837979179,-3.0001330021728
126822,0.0166688,41.9832711033523,-0.640040814876556,-28.1163730621338,-0.445829212665558,15.2949056625366,0.946735501289368,2.62932515144348,0.373696148395538,1.58939458061187,0.632748200189256,-3.71236505034404
126824,0.0187879,42.0020590033382,-0.640040814876556,-28.1163730621338,-0.445829212665558,15.2949056625366,0.946735501289368,2.62932515144348,0.373696148395538,1.58939458061187,0.632748200189256,-3.71236505034404
126830,0.0166688,42.0187278036028,-0.362330853939056,-28.390115737915,-0.195890247821808,15.3187093734741,0.965046048164368,2.70806050300598,0.418556988239288,1.25303213198648,0.296341864109538,-3.3776569052898
126832,0.0187462,42.0374740026891,-0.362330853939056,-28.390115737915,-0.195890247821808,15.3187093734741,0.965046048164368,2.70806050300598,0.418556988239288,1.25303213198648,0.296341864109538,-3.3776569052898
126836,0.0166685,42.0541425030679,-0.112391889095306,-28.56467628479,0.105623431503773,15.5448446273804,0.934833645820618,2.72087788581848,0.380104839801788,1.07309421536511,0.287665107629241,-2.74631374956103
126838,0.0201198,42.0742623023689,-0.0132097601890564,-28.43772315979,0.256380259990692,15.5210409164429,0.941242337226868,2.66869282722473,0.373696148395538,1.10326621172535,0.264091283695177,-2.70953181679601
126844,0.016667,42.0909293014556,-0.0132097601890564,-28.43772315979,0.256380259990692,15.5210409164429,0.941242337226868,2.66869282722473,0.373696148395538,1.10326621172535,0.264091283695177,-2.70953181679601
126846,0.0173919,42.1083212010562,-0.140162885189056,-27.7950229644775,0.181001842021942,14.9219808578491,0.953144192695618,2.55699849128723,0.431374371051788,1.54336788051825,0.429489683720538,-3.62614835736078
126850,0.0166657,42.1249869018793,-0.0132097601890564,-27.8704013824463,0.232576549053192,15.3702840805054,0.953144192695618,2.63573384284973,0.386513531208038,1.46563084157793,0.38298782136846,-3.51275156202866
126852,0.0166668,42.141653701663,-0.0132097601890564,-27.8704013824463,0.232576549053192,15.3702840805054,0.953144192695618,2.63573384284973,0.386513531208038,1.46563084157793,0.38298782136846,-3.51275156202866
126856,0.0172593,42.1589130014181,-0.0647844672203064,-27.4022617340088,0.256380259990692,14.9735555648804,0.922931790351868,2.57073140144348,0.392922222614288,1.41785155090709,0.638654482160848,-4.28825673695015
126858,0.0166666,42.1755796018988,-0.0647844672203064,-27.4022617340088,0.256380259990692,14.9735555648804,0.922931790351868,2.57073140144348,0.392922222614288,1.41785155090709,0.638654482160848,-4.28825673695015
126864,0.016668,42.192247601226,-0.290919721126556,-27.818826675415,-0.0927408263087273,15.3464803695679,1.02455532550812,2.66869282722473,0.457009136676788,1.39858877238517,0.467217445783207,-4.06967320005097
126866,0.0185629,42.2108105011284,-0.290919721126556,-27.818826675415,-0.0927408263087273,15.3464803695679,1.02455532550812,2.66869282722473,0.457009136676788,1.39858877238517,0.467217445783207,-4.06967320005097
126870,0.0166672,42.2274777013808,-0.390101850032806,-28.0171909332275,-0.195890247821808,15.3702840805054,0.995258450508118,2.68883442878723,0.418556988239288,1.46144250561506,0.434402772817597,-4.09824392681279
126872,0.0177314,42.2452091015875,-0.0885881781578064,-28.6876621246338,0.181001842021942,15.4932699203491,1.04286587238312,2.63573384284973,0.444191753864288,1.43179431816586,0.100589631803498,-4.06599345214913
126876,0.0166679,42.2618770021945,-0.0885881781578064,-28.6876621246338,0.181001842021942,15.4932699203491,1.04286587238312,2.63573384284973,0.444191753864288,1.43179431816586,0.100589631803498,-4.06599345214913
126880,0.0166666,42.2785436026752,-0.489283978939056,-28.7114658355713,-0.394254505634308,15.2472982406616,0.988849759101868,2.66228413581848,0.392922222614288,1.40340242522637,0.294325992712346,-4.01570414895629
126884,0.0166671,42.2952107023448,0.0621686577796936,-29.00901222229,0.256380259990692,15.1719198226929,0.988849759101868,2.66869282722473,0.437783062458038,1.37418393167266,0.171954761231357,-3.20436029524021
126886,0.0166665,42.3118772022426,0.0621686577796936,-29.00901222229,0.256380259990692,15.1719198226929,0.988849759101868,2.66869282722473,0.437783062458038,1.37418393167266,0.171954761231357,-3.20436029524021
126890,0.0166681,42.3285453021526,-0.163966596126556,-28.390115737915,0.00644130259752274,14.7989950180054,0.988849759101868,2.58995747566223,0.405739605426788,1.2201017941381,0.201272009807948,-3.50684622790668
126892,0.0166648,42.3452101014555,-0.163966596126556,-28.8106479644775,-0.0173624083399773,14.7474203109741,1.05476772785187,2.55699849128723,0.444191753864288,1.58106691281424,0.0639935112349028,-4.41931119679841
126896,0.0166689,42.3618790023029,-0.163966596126556,-28.8106479644775,-0.0173624083399773,14.7474203109741,1.05476772785187,2.55699849128723,0.444191753864288,1.58106691281424,0.0639935112349028,-4.41931119679841
126900,0.0166651,42.3785441014916,0.0343976616859436,-28.9574375152588,0.157198131084442,15.1719198226929,0.953144192695618,2.62291646003723,0.386513531208038,1.33256337447667,0.176849711884448,-4.38363214395113
126904,0.0166685,42.3952126018703,0.137547075748444,-28.8582553863525,0.307954967021942,14.8505697250366,0.995258450508118,2.58995747566223,0.412148296833038,1.38890255612491,0.122645449898835,-4.33713257731574
126906,0.0166664,42.4118790011853,0.137547075748444,-28.8582553863525,0.307954967021942,14.8505697250366,0.995258450508118,2.58995747566223,0.412148296833038,1.38890255612491,0.122645449898835,-4.33713257731574
126910,0.0166661,42.4285451006144,-0.0370134711265564,-29.4771518707275,0.0818197205662727,14.7236166000366,1.00075161457062,2.61009907722473,0.418556988239288,1.06994115376997,0.104168867306212,-4.6190066964668
126912,0.0166667,42.4452117998153,-0.0370134711265564,-29.4771518707275,0.0818197205662727,14.7236166000366,1.00075161457062,2.61009907722473,0.418556988239288,1.06994115376997,0.104168867306212,-4.6190066964668
126916,0.0166683,42.4618800990283,-0.0370134711265564,-29.4771518707275,0.0818197205662727,14.7236166000366,1.00075161457062,2.61009907722473,0.418556988239288,1.06994115376997,0.104168867306212,-4.6190066964668
126920,0.016667,42.4785470981151,0.137547075748444,-29.45334815979,0.307954967021942,14.1761312484741,0.995258450508118,2.55699849128723,0.399330914020538,0.407407373497053,-0.0707336789263614,-3.9061486629162
126924,0.0166663,42.4952133987099,0.137547075748444,-29.45334815979,0.307954967021942,14.1761312484741,0.995258450508118,2.55699849128723,0.399330914020538,0.407407373497053,-0.0707336789263614,-3.9061486629162
126926,0.0169533,42.5121666993946,0.137547075748444,-29.45334815979,0.307954967021942,14.1761312484741,0.995258450508118,2.55699849128723,0.399330914020538,0.407407373497053,-0.0707336789263614,-3.9061486629162
126928,0.0166686,42.5288352984935,0.260532915592194,-29.1081943511963,0.383333384990692,13.6802206039429,0.965046048164368,2.51854634284973,0.399330914020538,0.00168050688747651,-0.458603885921174,-4.00754156540195
126932,0.0166667,42.5455019976944,0.260532915592194,-29.1081943511963,0.383333384990692,13.6802206039429,0.965046048164368,2.51854634284973,0.399330914020538,0.00168050688747651,-0.458603885921174,-4.00754156540195
126936,0.0166665,42.5621684975922,0.284336626529694,-29.0804233551025,0.430940806865692,13.6802206039429,0.965046048164368,2.49840474128723,0.335243999958038,0.0362942218739625,-0.485291017369976,-4.02754851818714
126938,0.0166667,42.5788351967931,0.284336626529694,-29.3303623199463,0.331758677959442,13.7555990219116,0.929340481758118,2.55699849128723,0.341652691364288,-0.243253080338772,-0.586651202261326,-4.23967294843519
126942,0.0166671,42.5955022964627,0.284336626529694,-29.3303623199463,0.331758677959442,13.7555990219116,0.929340481758118,2.55699849128723,0.341652691364288,-0.243253080338772,-0.586651202261326,-4.23967294843519
126946,0.0166673,42.6121695972979,0.510471880435944,-28.7352695465088,0.684847056865692,13.8785848617554,0.905536770820618,2.57714009284973,0.373696148395538,-0.390135262588186,-0.627196743350955,-4.32506163458844
126950,0.016667,42.6288365963846,0.510471880435944,-28.7352695465088,0.684847056865692,13.8785848617554,0.905536770820618,2.57714009284973,0.373696148395538,-0.390135262588186,-0.627196743350955,-4.32506163458844
126952,0.0166654,42.6455019954592,0.284336626529694,-29.45334815979,0.506319224834442,14.0293416976929,0.863422513008118,2.57714009284973,0.399330914020538,-0.705996391529915,-0.373183693749135,-3.72425411248541
126956,0.0166679,42.6621698960662,0.335911333560944,-29.45334815979,0.534090220928192,14.1523275375366,0.899128079414368,2.62291646003723,0.367287456989288,-0.80141454385496,-0.428401905562096,-3.61109459287162
126958,0.0166657,42.6788355968893,0.335911333560944,-29.45334815979,0.534090220928192,14.1523275375366,0.899128079414368,2.62291646003723,0.367287456989288,-0.80141454385496,-0.428401905562096,-3.61109459287162
126964,0.0166695,42.6955050975084,-0.465480268001556,-30.0960483551025,-0.445829212665558,13.9777669906616,0.970539212226868,2.65587544441223,0.437783062458038,-1.07056315114698,-0.790796535445837,-3.10691047582734
126966,0.0166646,42.7121696975082,-0.465480268001556,-30.0960483551025,-0.445829212665558,13.9777669906616,0.970539212226868,2.65587544441223,0.437783062458038,-1.07056315114698,-0.790796535445837,-3.10691047582734
126970,0.0166671,42.7288367971778,-0.437709271907806,-30.69114112854,-0.318876087665558,14.1285238265991,0.983356595039368,2.68883442878723,0.424965679645538,-1.41596964609566,-0.846126364724475,-2.4373904317524
126972,0.016667,42.7455037962645,-0.437709271907806,-30.69114112854,-0.318876087665558,14.1285238265991,0.983356595039368,2.68883442878723,0.424965679645538,-1.41596964609566,-0.846126364724475,-2.4373904317524
126976,0.0166679,42.7621716968715,-0.437709271907806,-30.69114112854,-0.318876087665558,14.1285238265991,0.983356595039368,2.68883442878723,0.424965679645538,-1.41596964609566,-0.846126364724475,-2.4373904317524
126980,0.0166647,42.7788363974541,-0.437709271907806,-30.8617343902588,-0.295072376728058,14.0769491195679,1.04835903644562,2.69524312019348,0.476235210895538,-1.99313514452947,-1.1940537316125,-2.15929990816724
126982,0.0166672,42.7955035977066,-0.437709271907806,-30.8617343902588,-0.295072376728058,14.0769491195679,1.04835903644562,2.69524312019348,0.476235210895538,-1.99313514452947,-1.1940537316125,-2.15929990816724
126986,0.0166681,42.8121716976166,-0.437709271907806,-30.8617343902588,-0.295072376728058,14.0769491195679,1.04835903644562,2.69524312019348,0.476235210895538,-1.99313514452947,-1.1940537316125,-2.15929990816724
126988,0.016667,42.8288386967033,-0.663844525814056,-30.91330909729,-0.445829212665558,14.0769491195679,1.03645718097687,2.78038716316223,0.418556988239288,-1.67321183778652,-1.20005425269277,-1.91901853395408
126992,0.0166661,42.8455047961324,-0.663844525814056,-30.91330909729,-0.445829212665558,14.0769491195679,1.03645718097687,2.78038716316223,0.418556988239288,-1.67321183778652,-1.20005425269277,-1.91901853395408
126996,0.016668,42.8621727954596,-0.540858685970306,-30.69114112854,-0.295072376728058,13.6802206039429,1.01906216144562,2.64946675300598,0.412148296833038,-1.67191895762112,-1.13668619670313,-1.86558193258347
127000,0.0166677,42.8788404949009,-0.715419232845306,-29.5763339996338,-0.370450794696808,13.2834920883179,1.07857143878937,2.52495503425598,0.392922222614288,-1.31145220604323,-1.19427860772241,-4.17398983629405
127004,0.0166653,42.8955057952553,-0.489283978939056,-29.8223056793213,-0.0451334044337273,12.9105672836304,0.953144192695618,2.57714009284973,0.276650249958038,-1.01453674428277,-0.892845405464971,-4.58801636927593
127008,0.0166661,42.9121718946844,-0.187770307064056,-28.8860263824463,0.280183970928192,14.4498739242554,0.995258450508118,2.61650776863098,0.270241558551788,-1.95521706255367,-1.85443671966109,-2.30501352539999
127010,0.0194426,42.9316144939512,-0.187770307064056,-28.8860263824463,0.280183970928192,14.4498739242554,0.995258450508118,2.61650776863098,0.270241558551788,-1.95521706255367,-1.85443671966109,-2.30501352539999
127014,0.0166722,42.9482866935432,-0.390101850032806,-27.7950229644775,0.133394420146942,13.7794027328491,0.976947903633118,2.66869282722473,0.20615465939045,-0.888668100745899,-2.1015562349425,-4.7858873744141
127018,0.0196372,42.9679238926619,-0.338527143001556,-27.945779800415,0.280183970928192,13.8309774398804,0.995258450508118,2.69524312019348,0.2253807336092,-0.909375008385668,-2.01121898756336,-3.79018235096857
127022,0.0169527,42.9848765935749,-0.338527143001556,-27.945779800415,0.280183970928192,13.8309774398804,0.995258450508118,2.69524312019348,0.2253807336092,-0.909375008385668,-2.01121898756336,-3.79018235096857
127024,0.0180456,43.0029221940786,-0.263148725032806,-25.8431186676025,0.383333384990692,13.0613241195679,0.946735501289368,2.39403462409973,0.15488512814045,-0.340625617456665,-1.97614618651308,-6.04606911950394
127030,0.0166679,43.0195900946856,-0.263148725032806,-25.8431186676025,0.383333384990692,13.0613241195679,0.946735501289368,2.39403462409973,0.15488512814045,-0.340625617456665,-1.97614618651308,-6.04606911950394
127032,0.0197203,43.039310393855,-0.314723432064056,-25.3710117340088,0.355562388896942,14.6244344711304,0.917438626289368,2.71446919441223,0.1484764367342,-1.69642586909676,-2.60734088513119,-2.58084770251792
127036,0.0166684,43.0559787936509,-0.215541303157806,-25.1726474761963,0.458711802959442,13.5572347640991,0.917438626289368,2.43340229988098,0.12925036251545,-1.32087080032918,-2.59957035074456,-3.66207322369932
127038,0.0200267,43.076005494222,-0.215541303157806,-25.1726474761963,0.458711802959442,13.5572347640991,0.917438626289368,2.43340229988098,0.12925036251545,-1.32087080032918,-2.59957035074456,-3.66207322369932
127044,0.016668,43.0926734935492,-0.437709271907806,-24.85129737854,0.331758677959442,13.7794027328491,0.893634915351868,2.53136372566223,0.0779808312654495,-0.337978617980441,-2.3227984590422,-6.19356325783692
127046,0.0168202,43.1094936933368,-0.362330853939056,-24.803689956665,0.331758677959442,13.9301595687866,0.887226223945618,2.53136372566223,0.0715721398591995,-0.608258433553887,-2.49414626319119,-5.77797672482265
127050,0.0166678,43.126161493361,-0.362330853939056,-24.803689956665,0.331758677959442,13.9301595687866,0.887226223945618,2.53136372566223,0.0715721398591995,-0.608258433553887,-2.49414626319119,-5.77797672482265
127052,0.0166663,43.1428277939558,0.0343976616859436,-23.9110507965088,0.534090220928192,13.8547811508179,0.857929348945618,2.51854634284973,-0.0190650671720505,-1.11600815846947,-2.82128619149568,-4.39092031871143
127056,0.0166676,43.1594953946769,0.0343976616859436,-23.9110507965088,0.534090220928192,13.8547811508179,0.857929348945618,2.51854634284973,-0.0190650671720505,-1.11600815846947,-2.82128619149568,-4.39092031871143
127060,0.0173562,43.1768515948206,-0.540858685970306,-23.788064956665,0.307954967021942,13.5056600570679,0.857929348945618,2.48558735847473,-0.0703345984220505,-1.04744685947744,-3.15944715424327,-4.85110733249767
127064,0.0177754,43.194626994431,-0.465480268001556,-23.8634433746338,0.181001842021942,14.1761312484741,0.863422513008118,2.58995747566223,-0.0831519812345505,-1.11159265352592,-3.37458265314347,-4.81076727191708
127066,0.0182025,43.2128294948488,-0.465480268001556,-23.8634433746338,0.181001842021942,14.1761312484741,0.863422513008118,2.58995747566223,-0.0831519812345505,-1.11159265352592,-3.37458265314347,-4.81076727191708
127070,0.0166675,43.2294969949871,-0.489283978939056,-24.137186050415,0.157198131084442,13.9539632797241,0.863422513008118,2.61650776863098,-0.1280128210783,-0.932987716458963,-3.77351456174654,-4.7545473201015
127072,0.0166668,43.2461637947708,-0.489283978939056,-24.137186050415,0.157198131084442,13.9539632797241,0.863422513008118,2.61650776863098,-0.1280128210783,-0.932987716458963,-3.77351456174654,-4.7545473201015
127076,0.0166681,43.2628318946809,-0.612269818782806,-24.9266757965088,-0.0451334044337273,13.9063558578491,0.857929348945618,2.62291646003723,-0.1792823523283,-0.821719858968514,-4.38139147012706,-5.17191186272222
127078,0.0166655,43.2794973943383,-0.612269818782806,-24.9266757965088,-0.0451334044337273,13.9063558578491,0.857929348945618,2.62291646003723,-0.1792823523283,-0.821719858968514,-4.38139147012706,-5.17191186272222
127084,0.0166682,43.2961655948311,-0.612269818782806,-24.9266757965088,-0.0451334044337273,13.9063558578491,0.857929348945618,2.62291646003723,-0.1792823523283,-0.821719858968514,-4.38139147012706,-5.17191186272222
127086,0.0166662,43.3128317948431,-0.739222943782806,-24.581521987915,-0.0173624083399773,13.7079916000366,0.851520657539368,2.60369038581848,-0.16005627810955,-0.64222013757868,-4.53428127515535,-5.35774967454444
127090,0.0166673,43.3294990956783,-0.715419232845306,-24.5299472808838,-0.0451334044337273,13.7555990219116,0.822223782539368,2.61650776863098,-0.2122413367033,0,0,0
127092,0.0166664,43.3461654949933,-0.715419232845306,-24.5299472808838,-0.0451334044337273,13.7555990219116,0.822223782539368,2.61650776863098,-0.2122413367033,0,0,0
127096,0.0166678,43.3628332950175,-0.640040814876556,-24.5061435699463,0.0302450135350227,13.6088094711304,0.827716946601868,2.62291646003723,-0.21865002810955,0,0,0
127100,0.020384,43.3832172956318,-0.437709271907806,-24.7045078277588,0.181001842021942,13.8785848617554,0.815815091133118,2.58354878425598,-0.21865002810955,0,0,0
127104,0.0172607,43.400477996096,-0.437709271907806,-24.62912940979,0.232576549053192,13.5810384750366,0.798420071601868,2.63573384284973,-0.2378761023283,0,0,0
127106,0.0166673,43.4171452969313,-0.437709271907806,-24.62912940979,0.232576549053192,13.5810384750366,0.798420071601868,2.63573384284973,-0.2378761023283,0,0,0
127110,0.0166675,43.4338127970696,-0.437709271907806,-24.62912940979,0.232576549053192,13.5810384750366,0.798420071601868,2.63573384284973,-0.2378761023283,0,0,0
127112,0.0166672,43.450479997322,-0.513087689876556,-25.1488437652588,0.133394420146942,13.6802206039429,0.798420071601868,2.61009907722473,-0.2250587195158,0,0,0
127116,0.0166666,43.4671465978026,-0.513087689876556,-25.1488437652588,0.133394420146942,13.6802206039429,0.798420071601868,2.61009907722473,-0.2250587195158,0,0,0
127120,0.0166675,43.4838140979409,-0.513087689876556,-25.1488437652588,0.133394420146942,13.6802206039429,0.798420071601868,2.61009907722473,-0.2250587195158,0,0,0
127122,0.0166671,43.5004811976105,-0.687648236751556,-25.3710117340088,-0.0173624083399773,13.6088094711304,0.798420071601868,2.64305806159973,-0.24428479373455,0,0,0
127128,0.0166671,43.5171482972801,-0.687648236751556,-25.3710117340088,-0.0173624083399773,13.6088094711304,0.798420071601868,2.64305806159973,-0.24428479373455,0,0,0
127132,0.0166668,43.5338150970638,-0.588466107845306,-25.819314956665,0.0818197205662727,13.8547811508179,0.762714505195618,2.70806050300598,-0.276328265666962,0,0,0
127134,0.0166656,43.550480697304,-0.588466107845306,-25.819314956665,0.0818197205662727,13.8547811508179,0.762714505195618,2.70806050300598,-0.276328265666962,0,0,0
127138,0.0170492,43.5675298981369,-0.588466107845306,-25.819314956665,0.0818197205662727,13.8547811508179,0.762714505195618,2.70806050300598,-0.276328265666962,0,0,0
127142,0.0166683,43.5841981973499,-0.715419232845306,-25.3710117340088,-0.0451334044337273,13.6088094711304,0.750812649726868,2.71446919441223,-0.269919574260712,0,0,0
127144,0.0191849,43.6033830977976,-0.715419232845306,-25.3710117340088,-0.0451334044337273,13.6088094711304,0.750812649726868,2.71446919441223,-0.269919574260712,0,0,0
127150,0.0166683,43.6200513970107,-0.739222943782806,-25.42258644104,-0.0689371153712273,13.8309774398804,0.738910794258118,2.68151021003723,-0.269919574260712,0,0,0
127152,0.0192863,43.639337696135,-0.739222943782806,-25.42258644104,-0.0689371153712273,13.8309774398804,0.738910794258118,2.68151021003723,-0.269919574260712,0,0,0
127156,0.0166678,43.6560054961592,-0.889979779720306,-25.1012363433838,-0.295072376728058,13.5810384750366,0.744403958320618,2.68883442878723,-0.276328265666962,0,0,0
127158,0.0202536,43.6762590967119,-0.965358197689056,-24.9504795074463,-0.318876087665558,14.0293416976929,0.738910794258118,2.71446919441223,-0.276328265666962,0,0,0
127164,0.0166678,43.692926896736,-0.965358197689056,-24.9504795074463,-0.318876087665558,14.0293416976929,0.738910794258118,2.71446919441223,-0.276328265666962,0,0,0
127166,0.0188075,43.7117343973368,-1.1399188041687,-24.4823398590088,-0.545011341571808,13.4064779281616,0.738910794258118,2.66869282722473,-0.269919574260712,0,0,0
127170,0.0166683,43.7284026965499,-0.838405072689056,-24.6529331207275,-0.295072376728058,13.9777669906616,0.708698391914368,2.72820210456848,-0.295554339885712,0,0,0
127172,0.0166656,43.7450682967901,-0.965358197689056,-24.7045078277588,-0.318876087665558,14.1285238265991,0.738910794258118,2.71446919441223,-0.308371722698212,0,0,0
127178,0.016668,43.7617362961173,-0.763026654720306,-24.0618076324463,-0.195890247821808,13.2358846664429,0.702289700508118,2.57073140144348,-0.289145648479462,0,0,0
127180,0.0176721,43.7794083952904,-0.763026654720306,-24.0618076324463,-0.195890247821808,13.2358846664429,0.702289700508118,2.57073140144348,-0.289145648479462,0,0,0
127182,0.01667,43.7960783950984,-0.763026654720306,-24.0618076324463,-0.195890247821808,13.2358846664429,0.702289700508118,2.57073140144348,-0.289145648479462,0,0,0
127186,0.016665,43.8127433955669,-0.413905560970306,-24.0618076324463,0.181001842021942,13.5810384750366,0.661090970039368,2.59636616706848,-0.24428479373455,0,0,0
127188,0.0166675,43.8294108957052,-0.413905560970306,-24.0618076324463,0.181001842021942,13.5810384750366,0.661090970039368,2.59636616706848,-0.24428479373455,0,0,0
127192,0.0166663,43.8460771963,-0.413905560970306,-24.0618076324463,0.181001842021942,13.5810384750366,0.661090970039368,2.59636616706848,-0.24428479373455,0,0,0
127196,0.0166677,43.8627448957413,-0.540858685970306,-24.7521152496338,0.0302450135350227,13.8071737289429,0.625385403633118,2.66869282722473,-0.276328265666962,0,0,0
127200,0.0166666,43.879411496222,-0.540858685970306,-24.7521152496338,0.0302450135350227,13.8071737289429,0.625385403633118,2.66869282722473,-0.276328265666962,0,0,0
127204,0.0169054,43.8963168971241,-0.513087689876556,-25.2718296051025,-0.0173624083399773,13.6802206039429,0.618976712226868,2.71446919441223,-0.269919574260712,0,0,0
127206,0.0166669,43.9129837974906,-0.513087689876556,-25.2718296051025,-0.0173624083399773,13.6802206039429,0.618976712226868,2.71446919441223,-0.269919574260712,0,0,0
127210,0.016668,43.9296517968178,-0.513087689876556,-25.2718296051025,-0.0173624083399773,13.6802206039429,0.618976712226868,2.71446919441223,-0.269919574260712,0,0,0
127212,0.0174318,43.9470835961401,-0.564662396907806,-25.7201328277588,-0.0689371153712273,13.6326131820679,0.618976712226868,2.76665425300598,-0.289145648479462,0,0,0
127218,0.0166673,43.9637508969754,-0.663844525814056,-25.9661045074463,-0.219693958759308,13.7079916000366,0.618976712226868,2.78679585456848,-0.295554339885712,0,0,0
127222,0.0201996,43.9839504975826,-0.687648236751556,-27.4974765777588,-0.219693958759308,13.3826742172241,0.613483548164368,2.81334614753723,-0.321189105510712,0,0,0
127224,0.0221178,44.0060682967305,-0.687648236751556,-27.4974765777588,-0.219693958759308,13.3826742172241,0.613483548164368,2.81334614753723,-0.321189105510712,0,0,0
127228,0.0166683,44.0227365959436,-0.687648236751556,-27.4974765777588,-0.219693958759308,13.3826742172241,0.613483548164368,2.81334614753723,-0.321189105510712,0,0,0
127232,0.0166666,44.0394031964242,-0.715419232845306,-27.0055332183838,-0.318876087665558,12.8629598617554,0.607074856758118,2.71446919441223,-0.289145648479462,2.04090423140837,-5.13292097068265,-8.02800012528037
127236,0.0186057,44.0580088961869,-0.715419232845306,-27.0055332183838,-0.318876087665558,12.8629598617554,0.607074856758118,2.71446919441223,-0.289145648479462,2.04090423140837,-5.13292097068265,-8.02800012528037
127240,0.0166678,44.0746766962111,-0.763026654720306,-27.3506870269775,-0.418058216571808,12.7360067367554,0.607074856758118,2.69524312019348,-0.301963031291962,2.20944328465267,-5.15578629704227,-8.0471167715285
127242,0.0199199,44.0945965964347,-0.763026654720306,-27.3506870269775,-0.418058216571808,12.7360067367554,0.607074856758118,2.69524312019348,-0.301963031291962,2.20944328465267,-5.15578629704227,-8.0471167715285
127248,0.0166686,44.1112651955336,-0.687648236751556,-28.2671298980713,-0.295072376728058,13.4580526351929,0.601581692695618,2.81975483894348,-0.276328265666962,1.83234118598692,-4.92209010804407,-5.71137816334077
127252,0.0239533,44.1352184955031,-0.687648236751556,-28.2671298980713,-0.295072376728058,13.4580526351929,0.601581692695618,2.81975483894348,-0.276328265666962,1.83234118598692,-4.92209010804407,-5.71137816334077
127254,0.018113,44.1533314958215,-0.687648236751556,-28.2671298980713,-0.295072376728058,13.4580526351929,0.601581692695618,2.81975483894348,-0.276328265666962,1.83234118598692,-4.92209010804407,-5.71137816334077
127258,0.0166672,44.1699986960739,-0.663844525814056,-27.5728549957275,-0.243497669696808,13.4064779281616,0.547565579414368,2.81334614753723,-0.276328265666962,2.01953618309111,-4.82542976687868,-7.81822007721618
127260,0.0182044,44.1882030963898,-0.663844525814056,-27.5728549957275,-0.243497669696808,13.4064779281616,0.547565579414368,2.81334614753723,-0.276328265666962,2.01953618309111,-4.82542976687868,-7.81822007721618
127266,0.0166875,44.204890595749,-0.588466107845306,-27.6958408355713,-0.243497669696808,13.0851278305054,0.542072415351868,2.79961323738098,-0.295554339885712,2.08574121152426,-4.72261071056542,-7.08808310772769
127268,0.0178422,44.2227327954024,-0.564662396907806,-27.723611831665,-0.243497669696808,13.1605062484741,0.535663723945618,2.79320454597473,-0.276328265666962,2.08199628607492,-4.70446468159735,-7.05027219241057
127272,0.0166768,44.2394095957279,-0.564662396907806,-27.723611831665,-0.243497669696808,13.1605062484741,0.535663723945618,2.79320454597473,-0.276328265666962,2.08199628607492,-4.70446468159735,-7.05027219241057
127276,0.016734,44.2561435960233,-0.663844525814056,-27.54905128479,-0.318876087665558,13.1843099594116,0.547565579414368,2.77397847175598,-0.263510882854462,2.00879808053543,-4.63976961906319,-7.17055586354567
127280,0.0178512,44.2739947959781,-0.663844525814056,-27.54905128479,-0.318876087665558,13.1843099594116,0.547565579414368,2.77397847175598,-0.263510882854462,2.00879808053543,-4.63976961906319,-7.17055586354567
127282,0.019217,44.2932117953897,-0.663844525814056,-27.54905128479,-0.318876087665558,13.1843099594116,0.547565579414368,2.77397847175598,-0.263510882854462,2.00879808053543,-4.63976961906319,-7.17055586354567
127286,0.0166679,44.3098796959966,-0.663844525814056,-27.374490737915,-0.342679798603058,12.9859457015991,0.542072415351868,2.72087788581848,-0.282736957073212,2.17165250597552,-4.62096280187228,-7.43195017187928
127290,0.0179981,44.3278777953237,-0.663844525814056,-27.374490737915,-0.342679798603058,12.9859457015991,0.542072415351868,2.72087788581848,-0.282736957073212,2.17165250597552,-4.62096280187228,-7.43195017187928
127294,0.0166673,44.344545096159,-0.715419232845306,-27.6958408355713,-0.469632923603058,13.5334310531616,0.571369290351868,2.81334614753723,-0.269919574260712,1.96562692687175,-4.5657488407611,-6.64146882914747
127296,0.0213554,44.3659004960209,-0.715419232845306,-27.6958408355713,-0.469632923603058,13.5334310531616,0.571369290351868,2.81334614753723,-0.269919574260712,1.96562692687175,-4.5657488407611,-6.64146882914747
127302,0.0166741,44.382574595511,-0.715419232845306,-27.0531406402588,-0.445829212665558,12.8113851547241,0.547565579414368,2.72820210456848,-0.2378761023283,2.22244590866829,-4.51382337740908,-6.61572742320151
127306,0.0175737,44.4001482948661,-0.663844525814056,-27.0769443511963,-0.469632923603058,12.9105672836304,0.559467434883118,2.76024556159973,-0.269919574260712,2.21025481034192,-4.50468161821427,-6.58736441485746
127308,0.0192895,44.4194377940148,-0.663844525814056,-27.0769443511963,-0.469632923603058,12.9105672836304,0.559467434883118,2.76024556159973,-0.269919574260712,2.21025481034192,-4.50468161821427,-6.58736441485746
127312,0.0166675,44.4361052941531,-0.687648236751556,-26.9817295074463,-0.469632923603058,12.8867635726929,0.565876126289368,2.75383687019348,-0.276328265666962,2.09969243276532,-4.50203440058473,-6.43877956774158
127314,0.0240787,44.4601839948446,-0.687648236751556,-26.9817295074463,-0.469632923603058,12.8867635726929,0.565876126289368,2.75383687019348,-0.276328265666962,2.09969243276532,-4.50203440058473,-6.43877956774158
127320,0.0166681,44.4768520947546,-0.862208783626556,-26.88254737854,-0.469632923603058,13.3072957992554,0.571369290351868,2.75383687019348,-0.276328265666962,2.17974233170781,-4.541106507423,-6.5666705933575
127324,0.0166669,44.4935189951211,-0.790797650814056,-26.7317905426025,-0.445829212665558,13.0851278305054,0.565876126289368,2.76024556159973,-0.276328265666962,2.21039614913581,-4.55816885113461,-6.52346764106939
127326,0.0168874,44.5104063954204,-0.790797650814056,-26.7317905426025,-0.445829212665558,13.0851278305054,0.565876126289368,2.76024556159973,-0.276328265666962,2.21039614913581,-4.55816885113461,-6.52346764106939
127330,0.0166681,44.5270744953305,-0.663844525814056,-27.10471534729,-0.394254505634308,13.2081136703491,0.547565579414368,2.78038716316223,-0.282736957073212,2.32918739021942,-4.4590733307234,-6.89968211837218
127332,0.0171923,44.5442667957395,-0.663844525814056,-27.10471534729,-0.394254505634308,13.2081136703491,0.547565579414368,2.78038716316223,-0.282736957073212,2.32918739021942,-4.4590733307234,-6.89968211837218
127338,0.0166694,44.5609361957759,-0.739222943782806,-27.6482334136963,-0.370450794696808,13.3826742172241,0.535663723945618,2.83257222175598,-0.276328265666962,2.02187641535109,-4.46910703588484,-6.90557054608467
127340,0.0187898,44.5797259956598,-0.739222943782806,-27.6482334136963,-0.370450794696808,13.3826742172241,0.535663723945618,2.83257222175598,-0.276328265666962,2.02187641535109,-4.46910703588484,-6.90557054608467
127344,0.0166692,44.5963951963931,-0.640040814876556,-27.6958408355713,-0.342679798603058,12.7122030258179,0.535663723945618,2.74101948738098,-0.257102191448212,2.19639539519392,-4.34411412058353,-6.9030761166245
127346,0.0219645,44.61835969612,-0.640040814876556,-27.6958408355713,-0.342679798603058,12.7122030258179,0.535663723945618,2.74101948738098,-0.257102191448212,2.19639539519392,-4.34411412058353,-6.9030761166245
127352,0.016669,44.6350286956877,-0.588466107845306,-27.4974765777588,-0.267301380634308,12.6368246078491,0.523761868476868,2.70806050300598,-0.250693500041962,2.08865586206152,-4.36492689049799,-6.76726728971227
127354,0.0191684,44.654197094962,-0.663844525814056,-28.7352695465088,-0.445829212665558,13.4580526351929,0.542072415351868,2.89116597175598,-0.282736957073212,1.86564478476104,-4.4963936715236,-6.39867725323709
127358,0.0166673,44.6708643957973,-0.663844525814056,-28.7352695465088,-0.445829212665558,13.4580526351929,0.542072415351868,2.89116597175598,-0.282736957073212,1.86564478476104,-4.4963936715236,-6.39867725323709
127362,0.0184466,44.6893109958619,-0.663844525814056,-28.612283706665,-0.318876087665558,12.8351888656616,0.530170559883118,2.80602192878723,-0.2378761023283,1.83270284997599,-4.30127855586934,-6.28543001456358
127366,0.0189462,44.7082571964711,-0.663844525814056,-28.612283706665,-0.318876087665558,12.8351888656616,0.530170559883118,2.80602192878723,-0.2378761023283,1.83270284997599,-4.30127855586934,-6.28543001456358
127368,0.0167041,44.7249612957239,-0.663844525814056,-28.612283706665,-0.318876087665558,12.8351888656616,0.530170559883118,2.80602192878723,-0.2378761023283,1.83270284997599,-4.30127855586934,-6.28543001456358
127374,0.0166681,44.7416293956339,-0.564662396907806,-28.5131015777588,-0.267301380634308,13.0613241195679,0.523761868476868,2.79961323738098,-0.24428479373455,1.73670489629495,-4.29431261923571,-6.39397167321446
127378,0.0218187,44.7634480949491,-0.564662396907806,-28.5131015777588,-0.267301380634308,13.0613241195679,0.523761868476868,2.79961323738098,-0.24428479373455,1.73670489629495,-4.29431261923571,-6.39397167321446
127384,0.0268794,44.790327494964,-0.588466107845306,-28.0925693511963,-0.219693958759308,12.7875814437866,0.523761868476868,2.77397847175598,-0.276328265666962,2.07686554218877,-4.22656879099039,-6.50787257544901
127386,0.0191492,44.8094766940922,-0.588466107845306,-28.0925693511963,-0.219693958759308,12.7875814437866,0.523761868476868,2.77397847175598,-0.276328265666962,2.07686554218877,-4.22656879099039,-6.50787257544901
127388,0.0166667,44.826143393293,-0.540858685970306,-28.1163730621338,-0.243497669696808,12.7637777328491,0.535663723945618,2.77397847175598,-0.24428479373455,2.0315911873987,-4.25464352930202,-6.54969374499361
127392,0.0166692,44.8428125940263,-0.362330853939056,-27.9180088043213,-0.0689371153712273,12.6368246078491,0.476154446601868,2.72820210456848,-0.308371722698212,2.00841726934638,-4.43855736760796,-7.01352036911166
127394,0.0166652,44.8594777937979,-0.362330853939056,-27.9180088043213,-0.0689371153712273,12.6368246078491,0.476154446601868,2.72820210456848,-0.308371722698212,2.00841726934638,-4.43855736760796,-7.01352036911166
127400,0.0166675,44.8761452939361,-0.140162885189056,-27.9695835113525,0.133394420146942,12.8351888656616,0.476154446601868,2.75383687019348,-0.263510882854462,1.66731758335334,-4.1863940164961,-6.77184619997683
127404,0.0166664,44.8928116932511,-0.140162885189056,-27.9695835113525,0.133394420146942,12.8351888656616,0.476154446601868,2.75383687019348,-0.263510882854462,1.66731758335334,-4.1863940164961,-6.77184619997683
127406,0.016666,44.9094776939601,-0.263148725032806,-28.0687656402588,0.0302450135350227,12.8629598617554,0.476154446601868,2.77397847175598,-0.314780414104462,1.70131295970425,-4.08009971407828,-6.65253991888916
127410,0.0182468,44.9277244936675,-0.263148725032806,-28.0687656402588,0.0302450135350227,12.8629598617554,0.476154446601868,2.77397847175598,-0.314780414104462,1.70131295970425,-4.08009971407828,-6.65253991888916
127414,0.0166681,44.9443925935775,-0.263148725032806,-28.0687656402588,0.0302450135350227,12.8629598617554,0.476154446601868,2.77397847175598,-0.314780414104462,1.70131295970425,-4.08009971407828,-6.65253991888916
127418,0.0181513,44.9625438936055,-0.263148725032806,-28.167947769165,0.105623431503773,12.8867635726929,0.506366848945618,2.76665425300598,-0.269919574260712,1.67888507169836,-4.05990202240126,-6.85458363932195
127420,0.0200957,44.9826395940036,-0.263148725032806,-28.167947769165,0.105623431503773,12.8867635726929,0.506366848945618,2.76665425300598,-0.269919574260712,1.67888507169836,-4.05990202240126,-6.85458363932195
127424,0.0166683,44.9993078932166,-0.413905560970306,-27.945779800415,0.0818197205662727,12.8351888656616,0.499958157539368,2.70165181159973,-0.321189105510712,1.81008314655563,-4.22616492706815,-7.00312246637054
127426,0.0198421,45.019149992615,-0.413905560970306,-27.945779800415,0.0818197205662727,12.8351888656616,0.499958157539368,2.70165181159973,-0.321189105510712,1.81008314655563,-4.22616492706815,-7.00312246637054
127432,0.0166673,45.0358172934502,-0.437709271907806,-28.1163730621338,0.0818197205662727,12.8629598617554,0.518268704414368,2.72087788581848,-0.282736957073212,1.74477556455682,-4.30030486972608,-6.72318785212256
127434,0.0186523,45.0544695928693,-0.437709271907806,-28.1163730621338,0.0818197205662727,12.8629598617554,0.518268704414368,2.72087788581848,-0.282736957073212,1.74477556455682,-4.30030486972608,-6.72318785212256
127438,0.016667,45.071136591956,-0.437709271907806,-28.1163730621338,0.0818197205662727,12.8629598617554,0.518268704414368,2.72087788581848,-0.282736957073212,1.74477556455682,-4.30030486972608,-6.72318785212256
127440,0.0166667,45.0878032911569,-0.437709271907806,-28.0687656402588,0.133394420146942,12.7360067367554,0.523761868476868,2.70165181159973,-0.334006488323212,1.62549450342542,-4.49056272106379,-6.69927537078508
127444,0.0166668,45.1044700909406,-0.564662396907806,-28.0171909332275,-0.0451334044337273,12.8351888656616,0.523761868476868,2.68883442878723,-0.289145648479462,1.66846936998366,-4.46470354902005,-6.79067956387214
127446,0.0166675,45.1211375910789,-0.564662396907806,-28.0171909332275,-0.0451334044337273,12.8351888656616,0.523761868476868,2.68883442878723,-0.289145648479462,1.66846936998366,-4.46470354902005,-6.79067956387214
127450,0.0166671,45.1378046907485,-0.390101850032806,-27.1761264801025,0.383333384990692,12.1409139633179,0.511860013008118,2.14501118659973,-0.334006488323212,1.42536405140129,-4.43631689171942,-7.41412820422987
127454,0.0166671,45.154471790418,-0.314723432064056,-27.0531406402588,0.458711802959442,11.8195638656616,0.506366848945618,2.15141987800598,-0.327597796916962,1.36911238656428,-4.48825450094996,-7.58852016195128
127456,0.0166666,45.1711383908987,-0.314723432064056,-27.0531406402588,0.458711802959442,11.8195638656616,0.506366848945618,2.15141987800598,-0.327597796916962,1.36911238656428,-4.48825450094996,-7.58852016195128
127460,0.0166675,45.187805891037,-0.290919721126556,-25.3234043121338,0.633272349834442,10.2802572250366,0.523761868476868,1.37139046192169,-0.385276019573212,0.169236442146173,-4.9535961349209,-10.2090618006649
127464,0.016667,45.2044728901237,-0.290919721126556,-25.3234043121338,0.633272349834442,10.2802572250366,0.523761868476868,1.37139046192169,-0.385276019573212,0.169236442146173,-4.9535961349209,-10.2090618006649
127468,0.0166658,45.221138689667,0.185154497623444,-23.6650791168213,1.38308930397034,8.39182949066162,0.499958157539368,0.913626790046692,-0.359641253948212,-0.097463047274832,-4.93527229393743,-13.9961309759889
127472,0.0166674,45.2378060892224,0.185154497623444,-23.6650791168213,1.38308930397034,8.39182949066162,0.499958157539368,0.913626790046692,-0.359641253948212,-0.097463047274832,-4.93527229393743,-13.9961309759889
127474,0.0181836,45.2559896893799,0.185154497623444,-23.51828956604,1.28390717506409,8.43943691253662,0.499958157539368,1.17546761035919,-0.378867328166962,-0.078322583193291,-4.94453682435324,-14.1984647124338
127478,0.0166684,45.2726580891758,0.335911333560944,-23.343729019165,1.45846772193909,9.31223964691162,0.470661282539368,0.789115071296692,-0.398093402385712,0.311793660798592,-4.19437127200232,-16.2873361565033
127480,0.0166657,45.2893237899989,0.335911333560944,-23.343729019165,1.45846772193909,9.31223964691162,0.470661282539368,0.789115071296692,-0.398093402385712,0.311793660798592,-4.19437127200232,-16.2873361565033
127486,0.0166669,45.3059906903654,0.462864458560944,-21.83616065979,1.73617768287659,8.11808681488037,0.445942044258118,0.526358723640442,-0.404502093791962,-0.1676870705216,-4.40419565435106,-18.9677968237311
127488,0.0169724,45.3229630906135,0.462864458560944,-21.83616065979,1.73617768287659,8.11808681488037,0.445942044258118,0.526358723640442,-0.404502093791962,-0.1676870705216,-4.40419565435106,-18.9677968237311
127492,0.0166681,45.3396311905235,0.585850298404694,-21.9075717926025,1.75998139381409,7.64597988128662,0.440448880195618,0.480582356452942,-0.417319476604462,-0.22298467977191,-4.51226204950652,-19.4888851888816
127494,0.0166655,45.3562966901809,0.411289751529694,-21.6377964019775,1.63699555397034,7.34843349456787,0.428547024726868,0.638053059577942,-0.385276019573212,-1.44241480159799,-4.98340982414385,-18.4844831466508
127498,0.0166681,45.3729647900909,0.411289751529694,-21.6377964019775,1.63699555397034,7.34843349456787,0.428547024726868,0.638053059577942,-0.385276019573212,-1.44241480159799,-4.98340982414385,-18.4844831466508
127502,0.0166659,45.389630690217,0.462864458560944,-21.1934604644775,1.63699555397034,6.77714443206787,0.416645169258118,0.172965183854103,-0.398093402385712,-2.98469211533023,-5.20387252878334,-19.0590371958371
127506,0.0166675,45.4062981903553,0.462864458560944,-21.1934604644775,1.63699555397034,6.77714443206787,0.416645169258118,0.172965183854103,-0.398093402385712,-2.98469211533023,-5.20387252878334,-19.0590371958371
127508,0.0166661,45.4229642897844,0.462864458560944,-21.1934604644775,1.63699555397034,6.77714443206787,0.416645169258118,0.172965183854103,-0.398093402385712,-2.98469211533023,-5.20387252878334,-19.0590371958371
127512,0.0166677,45.4396319892257,0.585850298404694,-20.6737461090088,2.11306977272034,6.25743007659912,0.416645169258118,-0.0824669450521469,-0.378867328166962,-3.29986947300742,-5.55258515129733,-19.5504425433905
127514,0.0166659,45.4562978893518,0.585850298404694,-20.6737461090088,2.11306977272034,6.25743007659912,0.416645169258118,-0.0824669450521469,-0.378867328166962,-3.29986947300742,-5.55258515129733,-19.5504425433905
127520,0.0166708,45.4729686900973,0.685032427310944,-20.59836769104,2.26382660865784,6.32884120941162,0.410236477851868,-0.109017238020897,-0.391684710979462,-3.36618798824812,-5.51014398064974,-19.7248129029231
127522,0.0166628,45.4896314907819,1.10953187942505,-20.550760269165,2.33523774147034,6.45579433441162,0.404743313789368,-0.174019679427147,-0.398093402385712,-3.13677572855131,-4.41446033367008,-21.9360042184613
127526,0.016667,45.5062984898686,1.10953187942505,-20.550760269165,2.33523774147034,6.45579433441162,0.404743313789368,-0.174019679427147,-0.398093402385712,-3.13677572855131,-4.41446033367008,-21.9360042184613
127528,0.0176981,45.5239965897053,0.911167681217194,-19.7334995269775,2.31143403053284,5.61076259613037,0.410236477851868,-0.410225749015808,-0.450278460979462,-3.53776940814163,-4.61522405123441,-22.6892250161818
127532,0.016668,45.5406645890325,0.911167681217194,-19.7334995269775,2.31143403053284,5.61076259613037,0.410236477851868,-0.410225749015808,-0.450278460979462,-3.53776940814163,-4.61522405123441,-22.6892250161818
127534,0.0166662,45.5573307890445,0.911167681217194,-19.7334995269775,2.31143403053284,5.61076259613037,0.410236477851868,-0.410225749015808,-0.450278460979462,-3.53776940814163,-4.61522405123441,-22.6892250161818
127538,0.0166689,45.5739996898919,1.06192445755005,-19.1899814605713,2.68832612037659,5.23783779144287,0.392841458320618,-0.652840495109558,-0.443869769573212,-4.42730107054569,-4.889457726945,-23.3853191500588
127542,0.0166646,45.5906642898917,1.06192445755005,-19.1899814605713,2.68832612037659,5.23783779144287,0.392841458320618,-0.652840495109558,-0.443869769573212,-4.42730107054569,-4.889457726945,-23.3853191500588
127546,0.0166692,45.607333490625,1.3118634223938,-18.5948886871338,2.91446137428284,4.81730556488037,0.374530911445618,-0.842354655265808,-0.463095843791962,-4.4361286519771,-4.88996107751362,-25.024077808603
127548,0.0166647,45.6239981912076,1.3118634223938,-18.5948886871338,2.91446137428284,4.81730556488037,0.374530911445618,-0.842354655265808,-0.463095843791962,-4.4361286519771,-4.88996107751362,-25.024077808603
127554,0.0166682,45.6406663917005,1.41104555130005,-17.9521884918213,3.11282563209534,4.31742763519287,0.369037747383118,-1.06482779979706,-0.404502093791962,-4.64422617604315,-4.3667469104032,-26.9188200742235
127558,0.0190436,45.6597099918872,1.41104555130005,-17.9521884918213,3.11282563209534,4.31742763519287,0.369037747383118,-1.06482779979706,-0.404502093791962,-4.64422617604315,-4.3667469104032,-26.9188200742235
127560,0.0219921,45.6817020922899,1.41104555130005,-17.9521884918213,3.11282563209534,4.31742763519287,0.369037747383118,-1.06482779979706,-0.404502093791962,-4.64422617604315,-4.3667469104032,-26.9188200742235
127564,0.0166744,45.6983764916658,1.36343812942505,-17.9759922027588,2.98983979225159,4.34519863128662,0.350727200508118,-0.927498698234558,-0.443869769573212,-4.76833780528582,-4.19012069301471,-27.4205926377914
127568,0.021019,45.7193954922259,1.36343812942505,-17.9759922027588,2.98983979225159,4.34519863128662,0.350727200508118,-0.927498698234558,-0.443869769573212,-4.76833780528582,-4.19012069301471,-27.4205926377914
127572,0.016667,45.7360624913126,0.236729204654694,-19.13840675354,1.53384613990784,4.81730556488037,0.464252591133118,-0.672066569328308,-0.391684710979462,-4.26085289817854,-5.63569988730164,-24.8164476764428
127574,0.016667,45.7527294903994,0.236729204654694,-19.13840675354,1.53384613990784,4.81730556488037,0.464252591133118,-0.672066569328308,-0.391684710979462,-4.26085289817854,-5.63569988730164,-24.8164476764428
127578,0.0171707,45.7699001897126,0.236729204654694,-19.13840675354,1.53384613990784,4.81730556488037,0.464252591133118,-0.672066569328308,-0.391684710979462,-4.26085289817854,-5.63569988730164,-24.8164476764428
127580,0.0172977,45.7871978897601,0.0343976616859436,-18.7932529449463,1.35928559303284,4.84110927581787,0.518268704414368,-0.724251627922058,-0.417319476604462,-4.5125056409511,-6.30907287419023,-24.9886725632181
127584,0.0166681,45.8038659896702,-0.314723432064056,-18.3727207183838,1.05777192115784,4.19444179534912,0.523761868476868,-0.835945963859558,-0.423728168010712,-4.29024191971268,-6.42826584855316,-25.8554143893961
127586,0.0166687,45.8205346893519,-0.314723432064056,-18.3727207183838,1.05777192115784,4.19444179534912,0.523761868476868,-0.835945963859558,-0.423728168010712,-4.29024191971268,-6.42826584855316,-25.8554143893961
127590,0.0166656,45.8372002895921,0.0859723687171936,-18.6186923980713,1.51004242897034,4.19444179534912,0.530170559883118,-0.829537272453308,-0.423728168010712,-4.66428275779705,-6.47225311230349,-25.8668874005814
127594,0.0166669,45.8538671899587,0.185154497623444,-18.519510269165,1.51004242897034,4.11906337738037,0.518268704414368,-0.763619303703308,-0.450278460979462,-4.88729750156475,-6.48754711873944,-25.7151147120319
127596,0.0166671,45.8705342896283,0.185154497623444,-18.519510269165,1.51004242897034,4.11906337738037,0.518268704414368,-0.763619303703308,-0.450278460979462,-4.88729750156475,-6.48754711873944,-25.7151147120319
127600,0.0166684,45.8872026894242,0.0343976616859436,-18.7932529449463,1.33548188209534,4.64274501800537,0.518268704414368,-0.580513834953308,-0.436545550823212,-4.70105376544913,-6.61596290707564,-25.7078068126514
127604,0.0166668,45.9038694892079,0.0343976616859436,-18.7932529449463,1.33548188209534,4.64274501800537,0.518268704414368,-0.580513834953308,-0.436545550823212,-4.70105376544913,-6.61596290707564,-25.7078068126514
127610,0.0172419,45.9211113899946,-0.140162885189056,-19.3883457183838,1.05777192115784,4.96409511566162,0.523761868476868,-0.344307780265808,-0.417319476604462,-4.0949788748388,-6.88163883061451,-24.8766115739508
127612,0.0167829,45.9378942903131,-0.140162885189056,-19.3883457183838,1.05777192115784,4.96409511566162,0.523761868476868,-0.344307780265808,-0.417319476604462,-4.0949788748388,-6.88163883061451,-24.8766115739508
127614,0.0170079,45.9549021907151,-0.239345014095306,-19.979471206665,0.883211314678192,5.51158046722412,0.518268704414368,-0.0952843278646469,-0.423728168010712,-3.96847899151685,-6.9521925038543,-24.1034469483585
127618,0.0166671,45.9715692903847,-0.338527143001556,-20.37619972229,0.907015025615692,5.83293056488037,0.535663723945618,0.0356360785663128,-0.423728168010712,-4.04644030047175,-7.1982552343686,-23.0675686663999
127622,0.0168239,45.9883931912482,-0.338527143001556,-20.37619972229,0.907015025615692,5.83293056488037,0.535663723945618,0.0356360785663128,-0.423728168010712,-4.04644030047175,-7.1982552343686,-23.0675686663999
127626,0.016669,46.0050621908158,-0.314723432064056,-22.677225112915,0.732454478740692,8.24107265472412,0.535663723945618,0.926444172859192,-0.359641253948212,-3.50976591835745,-7.38669011151518,-20.457868698056
127628,0.0175295,46.0225916914642,-0.314723432064056,-22.677225112915,0.732454478740692,8.24107265472412,0.535663723945618,0.926444172859192,-0.359641253948212,-3.50976591835745,-7.38669011151518,-20.457868698056
127632,0.0166682,46.039259891957,-0.314723432064056,-22.677225112915,0.732454478740692,8.24107265472412,0.535663723945618,0.926444172859192,-0.359641253948212,-3.50976591835745,-7.38669011151518,-20.457868698056
127634,0.0194234,46.0586832910776,0.161350786685944,-25.3710117340088,0.982393443584442,10.7523641586304,0.518268704414368,2.13860249519348,-0.295554339885712,-1.57364044780449,-5.9637379409972,-16.3338656186128
127640,0.0166683,46.0753515902907,0.161350786685944,-25.3710117340088,0.982393443584442,10.7523641586304,0.518268704414368,2.13860249519348,-0.295554339885712,-1.57364044780449,-5.9637379409972,-16.3338656186128
127642,0.0166655,46.0920170899481,-0.112391889095306,-26.8547763824463,0.784029185771942,11.9187459945679,0.530170559883118,2.58354878425598,-0.308371722698212,-1.39654733395149,-5.69747101769793,-12.7197834378732
127646,0.0166672,46.1086842902005,-0.413905560970306,-28.0925693511963,0.280183970928192,12.7360067367554,0.553974270820618,2.81975483894348,-0.2378761023283,-0.987800274339225,-5.98000395185316,-10.7182570181723
127650,0.0166665,46.1253507900983,-0.413905560970306,-28.0925693511963,0.280183970928192,12.7360067367554,0.553974270820618,2.81975483894348,-0.2378761023283,-0.987800274339225,-5.98000395185316,-10.7182570181723
127654,0.0177858,46.1431365907192,-0.489283978939056,-28.7114658355713,0.133394420146942,12.5892171859741,0.577777981758118,2.83898091316223,-0.1664649695158,-0.194920347793442,-5.50792729023753,-8.06805618434388
127656,0.0166673,46.1598038915545,-0.489283978939056,-28.7114658355713,0.133394420146942,12.5892171859741,0.577777981758118,2.83898091316223,-0.1664649695158,-0.194920347793442,-5.50792729023753,-8.06805618434388
127660,0.016667,46.1764708906412,-0.513087689876556,-28.8582553863525,0.133394420146942,12.6130208969116,0.565876126289368,2.85912251472473,-0.17287366092205,-0.156062612254038,-5.44542754241963,-7.88920163672006
127662,0.0183438,46.1948146913201,-0.640040814876556,-28.9852085113525,0.0580160096287727,12.9383382797241,0.571369290351868,2.87834858894348,-0.1536475867033,0.201188991203614,-5.33928902607727,-7.41574226955812
127666,0.0166679,46.2114825919271,-0.640040814876556,-28.8106479644775,0.0818197205662727,12.7637777328491,0.565876126289368,2.82616353034973,-0.1536475867033,0.223452316935727,-5.3870495157952,-7.30076028479245
127668,0.0166658,46.2281483914703,-0.663844525814056,-28.65989112854,0.00644130259752274,12.8867635726929,0.583271145820618,2.85912251472473,-0.16005627810955,0.816072221757016,-5.16947147218988,-7.42685405070785
127674,0.0166684,46.2448167912662,-0.612269818782806,-28.2393589019775,0.0580160096287727,12.6368246078491,0.589679837226868,2.81334614753723,-0.16005627810955,1.0940641432468,-5.07402114695675,-7.48344837717792
127676,0.0195893,46.2644060906023,-0.612269818782806,-28.2393589019775,0.0580160096287727,12.6368246078491,0.589679837226868,2.81334614753723,-0.16005627810955,1.0940641432468,-5.07402114695675,-7.48344837717792
127680,0.0166687,46.281074790284,-0.489283978939056,-27.8465976715088,0.157198131084442,12.0933065414429,0.589679837226868,2.69524312019348,-0.16005627810955,1.03773018895619,-4.76782581876394,-7.67866574752259
127682,0.0190161,46.3000908903778,-0.489283978939056,-27.8465976715088,0.157198131084442,12.0933065414429,0.589679837226868,2.69524312019348,-0.16005627810955,1.03773018895619,-4.76782581876394,-7.67866574752259
127688,0.0166684,46.3167592901737,-0.612269818782806,-28.1163730621338,0.105623431503773,12.7637777328491,0.583271145820618,2.79320454597473,-0.16005627810955,1.21844654791534,-4.9261907933756,-7.68607511818254
127692,0.0187493,46.3355085905641,-0.612269818782806,-28.1163730621338,0.105623431503773,12.7637777328491,0.583271145820618,2.79320454597473,-0.16005627810955,1.21844654791534,-4.9261907933756,-7.68607511818254
127696,0.0166667,46.352175289765,-0.715419232845306,-27.9180088043213,0.00644130259752274,12.4384603500366,0.607074856758118,2.78038716316223,-0.12160412967205,1.422291416049,-5.0691269381439,-7.71876011362463
127700,0.0221969,46.3743721898645,-0.489283978939056,-28.0687656402588,0.208772838115692,12.5654134750366,0.595173001289368,2.79961323738098,-0.1151954382658,1.25049512404123,-4.92918420387907,-7.50599097181218
127702,0.020903,46.3952751904726,-0.489283978939056,-28.0687656402588,0.208772838115692,12.5654134750366,0.595173001289368,2.79961323738098,-0.1151954382658,1.25049512404123,-4.92918420387907,-7.50599097181218
127706,0.0166679,46.4119430910796,-0.390101850032806,-27.7950229644775,0.355562388896942,12.6130208969116,0.589679837226868,2.79320454597473,-0.14723889529705,1.16016800755359,-4.66847671871486,-7.69574641184887
127708,0.0166673,46.4286103919148,-0.390101850032806,-27.7950229644775,0.355562388896942,12.6130208969116,0.589679837226868,2.79320454597473,-0.14723889529705,1.16016800755359,-4.66847671871486,-7.69574641184887
127712,0.0166672,46.4452775921673,-0.390101850032806,-27.7950229644775,0.355562388896942,12.6130208969116,0.589679837226868,2.79320454597473,-0.14723889529705,1.16016800755359,-4.66847671871486,-7.69574641184887
127714,0.016667,46.461944591254,-0.413905560970306,-27.8942050933838,0.307954967021942,12.5892171859741,0.601581692695618,2.78679585456848,-0.1151954382658,1.39902880165798,-4.75828111774897,-7.89965943767076
127718,0.0166683,46.478612890467,-0.413905560970306,-27.8942050933838,0.307954967021942,12.5892171859741,0.601581692695618,2.78679585456848,-0.1151954382658,1.39902880165798,-4.75828111774897,-7.89965943767076
127722,0.0166694,46.4952822905034,-0.413905560970306,-27.8942050933838,0.307954967021942,12.5892171859741,0.601581692695618,2.78679585456848,-0.1151954382658,1.39902880165798,-4.75828111774897,-7.89965943767076
127724,0.0166644,46.5119466912001,-0.640040814876556,-27.9180088043213,0.181001842021942,12.5138387680054,0.595173001289368,2.79320454597473,-0.12160412967205,1.15027038227668,-4.84208474044932,-7.59919833349439
127730,0.0166669,46.5286135915667,-0.640040814876556,-27.9180088043213,0.181001842021942,12.5138387680054,0.595173001289368,2.79320454597473,-0.12160412967205,1.15027038227668,-4.84208474044932,-7.59919833349439
127734,0.0166653,46.545278891921,-0.540858685970306,-28.0449619293213,0.157198131084442,12.5892171859741,0.601581692695618,2.82616353034973,-0.0959693640470505,1.16283017987755,-4.80909353667816,-7.52206118543798
127736,0.0166661,46.5619449913502,-0.540858685970306,-28.0449619293213,0.157198131084442,12.5892171859741,0.601581692695618,2.82616353034973,-0.0959693640470505,1.16283017987755,-4.80909353667816,-7.52206118543798
127740,0.0166682,46.578613191843,-0.540858685970306,-28.0449619293213,0.157198131084442,12.5892171859741,0.601581692695618,2.82616353034973,-0.0959693640470505,1.16283017987755,-4.80909353667816,-7.52206118543798
127742,0.0166661,46.5952792912722,-0.390101850032806,-27.945779800415,0.232576549053192,12.4662313461304,0.601581692695618,2.76024556159973,-0.13442151248455,1.0818845343169,-4.76592273482974,-7.6939258234232
127746,0.0166673,46.6119465921074,-0.437709271907806,-27.9180088043213,0.280183970928192,12.4900350570679,0.595173001289368,2.76665425300598,-0.1408302038908,1.07735032879497,-4.78474083038688,-7.65920575431564
127748,0.016668,46.6286145914346,-0.437709271907806,-27.9180088043213,0.280183970928192,12.4900350570679,0.595173001289368,2.76665425300598,-0.1408302038908,1.07735032879497,-4.78474083038688,-7.65920575431564
127754,0.0166659,46.6452804915607,-0.640040814876556,-27.99338722229,0.0580160096287727,12.4662313461304,0.595173001289368,2.79320454597473,-0.1151954382658,1.08306942433178,-4.9555255921063,-7.56035251934073
127758,0.0198133,46.6650937907398,-0.640040814876556,-27.99338722229,0.0580160096287727,12.4662313461304,0.595173001289368,2.79320454597473,-0.1151954382658,1.08306942433178,-4.9555255921063,-7.56035251934073
127760,0.0211357,46.6862294916064,-0.640040814876556,-27.99338722229,0.0580160096287727,12.4662313461304,0.595173001289368,2.79320454597473,-0.1151954382658,1.08306942433178,-4.9555255921063,-7.56035251934073
127766,0.0166672,46.7028966918588,-0.437709271907806,-27.818826675415,0.208772838115692,12.2916707992554,0.589679837226868,2.77397847175598,-0.1280128210783,1.03441124655287,-5.02162886252108,-7.76820113113137
127768,0.0185004,46.7213970925659,-0.437709271907806,-27.818826675415,0.208772838115692,12.2916707992554,0.589679837226868,2.77397847175598,-0.1280128210783,1.03441124655287,-5.02162886252108,-7.76820113113137
127772,0.0166668,46.7380638923496,-0.540858685970306,-27.8465976715088,0.181001842021942,12.4146566390991,0.595173001289368,2.81975483894348,-0.12160412967205,0.998730571533966,-4.89667632483692,-7.59855843458796
127774,0.0182586,46.756322491914,-0.540858685970306,-27.8465976715088,0.181001842021942,12.4146566390991,0.595173001289368,2.81975483894348,-0.12160412967205,0.998730571533966,-4.89667632483692,-7.59855843458796
127780,0.0166704,46.7729928921908,-0.489283978939056,-27.6482334136963,0.208772838115692,12.3154745101929,0.595173001289368,2.79961323738098,-0.12160412967205,1.00041018601839,-4.84393123648609,-7.62150499618338
127782,0.0168375,46.7898303922266,-0.489283978939056,-27.6482334136963,0.208772838115692,12.3154745101929,0.595173001289368,2.79961323738098,-0.12160412967205,1.00041018601839,-4.84393123648609,-7.62150499618338
127786,0.016668,46.8064983915538,-0.540858685970306,-27.9180088043213,0.181001842021942,12.3670492172241,0.589679837226868,2.81975483894348,-0.1280128210783,0.991269282748326,-4.99282416851655,-7.29214544614953
127788,0.016666,46.8231643922627,-0.540858685970306,-27.77121925354,0.181001842021942,12.3670492172241,0.589679837226868,2.79961323738098,-0.1023780554533,0.989516447177483,-4.96257211117381,-7.45937878116871
127792,0.0166682,46.8398325927556,-0.540858685970306,-27.77121925354,0.181001842021942,12.3670492172241,0.589679837226868,2.79961323738098,-0.1023780554533,0.989516447177483,-4.96257211117381,-7.45937878116871
127794,0.0166654,46.8564979918301,-0.540858685970306,-27.4974765777588,0.181001842021942,12.3154745101929,0.583271145820618,2.69524312019348,-0.1408302038908,1.05680363282616,-4.92536039619309,-7.73492546551751
127800,0.0166689,46.8731668926775,-0.540858685970306,-27.4974765777588,0.181001842021942,12.3154745101929,0.583271145820618,2.69524312019348,-0.1408302038908,1.05680363282616,-4.92536039619309,-7.73492546551751
127802,0.0172353,46.8904021922499,-0.540858685970306,-27.4260654449463,0.208772838115692,12.2916707992554,0.589679837226868,2.69524312019348,-0.14723889529705,1.10449743177862,-4.93804026033082,-7.66611370332897
127806,0.0166683,46.9070704914629,-0.413905560970306,-27.4736728668213,0.307954967021942,12.2400960922241,0.577777981758118,2.75383687019348,-0.0959693640470505,1.16509519264651,-4.88525256013075,-7.44658037069962
127808,0.0166661,46.9237365908921,-0.413905560970306,-27.4736728668213,0.307954967021942,12.2400960922241,0.577777981758118,2.75383687019348,-0.0959693640470505,1.16509519264651,-4.88525256013075,-7.44658037069962
127814,0.016667,46.9404035899788,-0.437709271907806,-27.6482334136963,0.256380259990692,12.3154745101929,0.571369290351868,2.79320454597473,-0.1280128210783,1.05740426416346,-4.79620031374531,-7.51157907496905
127816,0.0192938,46.9596973899752,-0.437709271907806,-27.6482334136963,0.256380259990692,12.3154745101929,0.571369290351868,2.79320454597473,-0.1280128210783,1.05740426416346,-4.79620031374531,-7.51157907496905
127820,0.0166678,46.9763651899993,-0.612269818782806,-27.8465976715088,0.0580160096287727,12.3154745101929,0.577777981758118,2.71446919441223,-0.10878674685955,1.23375292514184,-4.80691727890945,-7.35381454707231
127822,0.0166663,46.9930314905941,-0.612269818782806,-27.8465976715088,0.0580160096287727,12.3154745101929,0.577777981758118,2.71446919441223,-0.10878674685955,1.23375292514184,-4.80691727890945,-7.35381454707231
127826,0.0166676,47.0096990913153,-0.612269818782806,-27.8465976715088,0.0580160096287727,12.3154745101929,0.577777981758118,2.71446919441223,-0.10878674685955,1.23375292514184,-4.80691727890945,-7.35381454707231
127828,0.0173888,47.0270878914744,-0.540858685970306,-27.8465976715088,0.157198131084442,12.1171102523804,0.565876126289368,2.78679585456848,-0.1536475867033,0.93585941901806,-4.57790114289054,-6.53462278316151
127834,0.0166679,47.0437557920814,-0.465480268001556,-28.2393589019775,0.105623431503773,12.6645956039429,0.571369290351868,2.85912251472473,-0.1664649695158,1.03346212055417,-4.59023996405184,-6.19243445558224
127836,0.0171199,47.0608756914735,-0.465480268001556,-28.2393589019775,0.105623431503773,12.6645956039429,0.571369290351868,2.85912251472473,-0.1664649695158,1.03346212055417,-4.59023996405184,-6.19243445558224
127840,0.0166674,47.0775430910289,-0.687648236751556,-27.8465976715088,0.0580160096287727,12.5138387680054,0.565876126289368,2.76665425300598,-0.1664649695158,1.21638727431894,-4.73082541827872,-6.45050042003251
127842,0.0169242,47.0944672916085,-0.687648236751556,-27.8465976715088,0.0580160096287727,12.5138387680054,0.565876126289368,2.76665425300598,-0.1664649695158,1.21638727431894,-4.73082541827872,-6.45050042003251
127844,0.0166677,47.1111349910498,-0.687648236751556,-27.8465976715088,0.0580160096287727,12.5138387680054,0.565876126289368,2.76665425300598,-0.1664649695158,1.21638727431894,-4.73082541827872,-6.45050042003251
127848,0.0166692,47.1278041917831,-0.663844525814056,-28.21555519104,0.00644130259752274,12.5138387680054,0.542072415351868,2.81975483894348,-0.18569104373455,1.32333102195737,-4.76834676865272,-6.72012552189467
127852,0.0166653,47.1444694921374,-0.663844525814056,-28.21555519104,0.00644130259752274,12.5138387680054,0.542072415351868,2.81975483894348,-0.18569104373455,1.32333102195737,-4.76834676865272,-6.72012552189467
127854,0.0166683,47.1611377913505,-0.640040814876556,-28.0925693511963,0.00644130259752274,12.1647176742554,0.547565579414368,2.76665425300598,-0.1792823523283,1.31386480347724,-4.81690264546033,-6.15309646552138
127858,0.0166664,47.1778041906655,-0.588466107845306,-27.9695835113525,0.0580160096287727,11.5458211898804,0.530170559883118,2.72820210456848,-0.1664649695158,1.45171405880776,-4.66526187354604,-6.52092711200099
127862,0.016666,47.1944701913744,-0.588466107845306,-27.9695835113525,0.0580160096287727,11.5458211898804,0.530170559883118,2.72820210456848,-0.1664649695158,1.45171405880776,-4.66526187354604,-6.52092711200099
127866,0.0166671,47.211137291044,-0.612269818782806,-29.4017734527588,0.00644130259752274,12.2638998031616,0.518268704414368,2.82616353034973,-0.1994239538908,1.10559437761006,-4.79275572464888,-5.05238009585158
127868,0.0166669,47.2278041914105,-0.612269818782806,-29.4017734527588,0.00644130259752274,12.2638998031616,0.518268704414368,2.82616353034973,-0.1994239538908,1.10559437761006,-4.79275572464888,-5.05238009585158
127872,0.0166671,47.2444712910801,-0.640040814876556,-28.7590732574463,0.00644130259752274,11.8433675765991,0.506366848945618,2.83898091316223,-0.2250587195158,1.35747929015879,-4.73935270840689,-5.32638068150545
127876,0.0166672,47.2611384913325,-0.663844525814056,-28.1163730621338,0.0580160096287727,10.9745321273804,0.511860013008118,1.93535530567169,-0.250693500041962,1.54525165434435,-4.59657379481431,-7.14407338202592
127878,0.0166661,47.2778045907617,-0.663844525814056,-28.1163730621338,0.0580160096287727,10.9745321273804,0.511860013008118,1.93535530567169,-0.250693500041962,1.54525165434435,-4.59657379481431,-7.14407338202592
127882,0.016667,47.2944715898484,-0.715419232845306,-27.6482334136963,0.0302450135350227,10.6016073226929,0.601581692695618,1.47026741504669,-0.1792823523283,1.51561702357213,-4.60925383578591,-7.53295887127824
127886,0.0166668,47.3111383896321,-0.588466107845306,-26.0137119293213,0.0302450135350227,9.80815029144287,0.530170559883118,2.13860249519348,-0.308371722698212,3.0709517932732,-4.68074976368496,-16.3553316848036
127888,0.0166673,47.3278056904674,-0.588466107845306,-26.0137119293213,0.0302450135350227,9.80815029144287,0.530170559883118,2.13860249519348,-0.308371722698212,3.0709517932732,-4.68074976368496,-16.3553316848036
127892,0.0166666,47.344472290948,-0.390101850032806,-25.914529800415,0.280183970928192,10.1533041000366,0.410236477851868,2.06627583503723,-0.372458636760712,1.96515080609349,-4.7732909592074,-13.7980558207192
127896,0.0166688,47.3611410912126,-0.390101850032806,-25.914529800415,0.280183970928192,10.1533041000366,0.410236477851868,2.06627583503723,-0.372458636760712,1.96515080609349,-4.7732909592074,-13.7980558207192
127898,0.0166655,47.37780659087,-0.790797650814056,-25.6685581207275,0.181001842021942,9.88352870941162,0.357135891914368,2.19078755378723,-0.366049945354462,1.91301094552841,-4.72926316124223,-13.5462930041987
127902,0.016667,47.3944735899568,-0.290919721126556,-26.2874546051025,0.181001842021942,10.1533041000366,0.326923489570618,2.08550190925598,-0.410910785198212,1.97297841760291,-4.80268829830859,-13.0772263095851
127906,0.0166674,47.4111409895122,-0.290919721126556,-26.2874546051025,0.181001842021942,10.1533041000366,0.326923489570618,2.08550190925598,-0.410910785198212,1.97297841760291,-4.80268829830859,-13.0772263095851
127908,0.0166667,47.4278076887131,0.0343976616859436,-25.914529800415,0.982393443584442,9.75657558441162,0.196003064513206,2.16423726081848,-0.391684710979462,1.68275737266073,-4.43227967609306,-12.7635157512568
127914,0.0166668,47.4444744884968,0.637425005435944,-26.5850009918213,1.26010346412659,10.1295003890991,0.106281392276287,2.29515767097473,-0.398093402385712,1.34471208683116,-4.59818687817053,-12.4863759521579
127916,0.0166662,47.4611406885087,0.637425005435944,-26.5850009918213,1.26010346412659,10.1295003890991,0.106281392276287,2.29515767097473,-0.398093402385712,1.34471208683116,-4.59818687817053,-12.4863759521579
127920,0.0166674,47.4778080880642,0.486668169498444,-27.2038974761963,1.13315033912659,10.0065145492554,0.0769845172762871,2.26952290534973,-0.391684710979462,1.08304192136699,-4.47142398075406,-11.2478424709989
127922,0.0166659,47.4944739881903,0.486668169498444,-27.2038974761963,1.13315033912659,10.0065145492554,0.0769845172762871,2.26952290534973,-0.391684710979462,1.08304192136699,-4.47142398075406,-11.2478424709989
127926,0.0166674,47.5111413877457,0.359715044498444,-28.3663120269775,0.883211314678192,10.5262289047241,0.0586739704012871,2.45903706550598,-0.359641253948212,0.466848516483247,-3.87789608038363,-9.62763993109996
127928,0.0166661,47.5278074871749,0.359715044498444,-28.3663120269775,0.883211314678192,10.5262289047241,0.0586739704012871,2.45903706550598,-0.359641253948212,0.466848516483247,-3.87789608038363,-9.62763993109996
127932,0.0166691,47.5444765873253,0.359715044498444,-28.3663120269775,0.883211314678192,10.5262289047241,0.0586739704012871,2.45903706550598,-0.359641253948212,0.466848516483247,-3.87789608038363,-9.62763993109996
127934,0.0166659,47.5611424874514,0.260532915592194,-29.23118019104,0.581697642803192,11.2244710922241,-0.0429495647549629,2.81975483894348,-0.410910785198212,-0.101232920165609,-4.19226204863725,-6.53125621683231
127938,0.0166667,47.5778091866523,0.260532915592194,-29.23118019104,0.581697642803192,11.2244710922241,-0.0429495647549629,2.81975483894348,-0.410910785198212,-0.101232920165609,-4.19226204863725,-6.53125621683231
127942,0.0166699,47.5944790858775,0.260532915592194,-29.23118019104,0.581697642803192,11.2244710922241,-0.0429495647549629,2.81975483894348,-0.410910785198212,-0.101232920165609,-4.19226204863725,-6.53125621683231
127944,0.016665,47.611144086346,-1.04073667526245,-29.3303623199463,-0.719571888446808,11.2720785140991,-0.0429495647549629,2.91130757331848,-0.450278460979462,0.0541994163520617,-4.26136579674742,-4.48745518383711
127948,0.0166671,47.6278111860156,-1.04073667526245,-29.3303623199463,-0.719571888446808,11.2720785140991,-0.0429495647549629,2.91130757331848,-0.450278460979462,0.0541994163520617,-4.26136579674742,-4.48745518383711
127952,0.0166683,47.6444794852287,-0.687648236751556,-29.67551612854,-0.120511822402477,11.4228353500366,-0.119853861629963,2.83898091316223,-0.366049945354462,-0.603715049043785,-4.50318471151259,-2.66781989134121
127954,0.0166651,47.6611445844173,-0.687648236751556,-29.67551612854,-0.120511822402477,11.4228353500366,-0.119853861629963,2.83898091316223,-0.366049945354462,-0.603715049043785,-4.50318471151259,-2.66781989134121
127960,0.0166664,47.6778109837323,-0.687648236751556,-29.67551612854,-0.120511822402477,11.4228353500366,-0.119853861629963,2.83898091316223,-0.366049945354462,-0.603715049043785,-4.50318471151259,-2.66781989134121
127962,0.016667,47.6944779828191,-0.540858685970306,-29.4017734527588,0.208772838115692,11.5458211898804,-0.430217623710632,3.08159565925598,-0.346823871135712,-0.237492377800689,-4.76017173948172,-2.74537114679621
127966,0.016667,47.7111449819058,-0.540858685970306,-29.627908706665,0.232576549053192,12.1924886703491,-0.394512057304382,3.07518696784973,-0.398093402385712,0.408130556222915,-4.61626157555454,-3.5984803623876
127968,0.0166672,47.7278121821582,-0.540858685970306,-29.627908706665,0.232576549053192,12.1924886703491,-0.394512057304382,3.07518696784973,-0.398093402385712,0.408130556222915,-4.61626157555454,-3.5984803623876
127972,0.0166668,47.7444789819419,0.260532915592194,-29.3541660308838,0.934786021709442,11.2958822250366,-0.418315768241882,2.87834858894348,-0.385276019573212,-0.0697202093106933,-4.76552653707448,-2.90539988016183
127976,0.0166664,47.7611453812569,0.260532915592194,-29.3541660308838,0.934786021709442,11.2958822250366,-0.418315768241882,2.87834858894348,-0.385276019573212,-0.0697202093106933,-4.76552653707448,-2.90539988016183
127980,0.0166662,47.7778115812689,0.712803423404694,-29.0804233551025,1.71237397193909,10.9507284164429,-0.662761569023132,2.64946675300598,-0.308371722698212,-0.927049710833952,-4.3026262716681,-2.5683429795572
127982,0.0166671,47.7944786809385,0.712803423404694,-29.0804233551025,1.71237397193909,10.9507284164429,-0.662761569023132,2.64946675300598,-0.308371722698212,-0.927049710833952,-4.3026262716681,-2.5683429795572
127986,0.0166674,47.8111460804939,1.1611065864563,-28.8860263824463,2.23605561256409,10.5539999008179,-0.710368990898132,2.57714009284973,-0.321189105510712,-1.46228293756349,-3.58885583533237,-2.8872813331222
127990,0.017783,47.8289290796965,1.4626202583313,-29.0804233551025,2.41061615943909,10.3794393539429,-0.763469576835632,2.58354878425598,-0.314780414104462,-2.07962587679093,-3.57189233757242,-2.272248093447
127994,0.016667,47.8455960787833,1.4626202583313,-29.0804233551025,2.41061615943909,10.3794393539429,-0.763469576835632,2.58354878425598,-0.314780414104462,-2.07962587679093,-3.57189233757242,-2.272248093447
127996,0.0166667,47.8622627779841,1.43484926223755,-29.0328159332275,2.36300873756409,10.4270467758179,-0.763469576835632,2.58995747566223,-0.359641253948212,-2.23930509961303,-3.46370200235939,-2.33493118979546
128000,0.0166672,47.8789299782366,1.7879376411438,-28.9336338043213,2.83908295631409,10.5262289047241,-0.841289401054382,2.52495503425598,-0.340415179729462,-2.57763968670482,-3.29371052685281,-2.0337456074158
128002,0.0179228,47.8968527782708,1.7879376411438,-28.9336338043213,2.83908295631409,10.5262289047241,-0.841289401054382,2.52495503425598,-0.340415179729462,-2.57763968670482,-3.29371052685281,-2.0337456074158
128008,0.0166678,47.913520578295,2.1608624458313,-28.834451675415,3.33896088600159,10.0541219711304,-0.984111666679382,2.34093403816223,-0.314780414104462,-3.27599917282222,-2.43788672108069,-2.3077772485796
128010,0.0183141,47.9318346790969,2.1608624458313,-28.834451675415,3.33896088600159,10.0541219711304,-0.984111666679382,2.34093403816223,-0.314780414104462,-3.27599917282222,-2.43788672108069,-2.3077772485796
128014,0.0166785,47.9485131800175,2.1608624458313,-28.834451675415,3.33896088600159,10.0541219711304,-0.984111666679382,2.34093403816223,-0.314780414104462,-3.27599917282222,-2.43788672108069,-2.3077772485796
128018,0.0175558,47.9660689793527,2.3354229927063,-28.6876621246338,3.54129242897034,9.63358974456787,-1.05552279949188,2.24938130378723,-0.327597796916962,-4.18195534467962,-2.15104666642707,-2.48833699005364
128022,0.0183248,47.9843937791884,2.3354229927063,-28.6876621246338,3.54129242897034,9.63358974456787,-1.05552279949188,2.24938130378723,-0.327597796916962,-4.18195534467962,-2.15104666642707,-2.48833699005364
128024,0.0173546,48.0017483793199,2.71231508255005,-28.7590732574463,4.11654853820801,10.0541219711304,-1.05002963542938,2.17064595222473,-0.276328265666962,-4.32505534894138,-1.73799003593561,-2.3071167076318
128028,0.0166673,48.0184156801552,2.91067934036255,-28.5884799957275,4.29110908508301,10.0065145492554,-1.20475375652313,2.17064595222473,-0.301963031291962,-4.65276897723916,-1.02640343940149,-2.8138926958139
128030,0.0184767,48.0368923805654,2.91067934036255,-28.5884799957275,4.29110908508301,10.0065145492554,-1.20475375652313,2.17064595222473,-0.301963031291962,-4.65276897723916,-1.02640343940149,-2.8138926958139
128034,0.0166684,48.0535607803613,3.2875714302063,-28.612283706665,4.71957588195801,10.0303182601929,-1.10953891277313,2.13127827644348,-0.250693500041962,-5.01061441830141,-0.202437443960871,-2.79601614880474
128036,0.0166658,48.0702265799046,3.2875714302063,-28.612283706665,4.71957588195801,10.0303182601929,-1.10953891277313,2.13127827644348,-0.250693500041962,-5.01061441830141,-0.202437443960871,-2.79601614880474
128042,0.0166676,48.0868941806257,3.3113751411438,-28.4892978668213,4.76718330383301,9.68119716644287,-1.20475375652313,2.09923481941223,-0.276328265666962,-5.21036426607491,-0.0406328815294306,-3.06588716744309
128044,0.0175652,48.104459380731,3.4621319770813,-28.4654941558838,4.96951484680176,9.80815029144287,-1.29447543621063,2.11205220222473,-0.295554339885712,-5.12999977482596,0.240492427793618,-3.11066213098452
128048,0.0166677,48.1211270801723,3.4621319770813,-28.4654941558838,4.96951484680176,9.80815029144287,-1.29447543621063,2.11205220222473,-0.295554339885712,-5.12999977482596,0.240492427793618,-3.11066213098452
128050,0.0167028,48.1378298792988,3.23599672317505,-28.5884799957275,4.54104804992676,10.1056966781616,-1.24045932292938,2.15141987800598,-0.263510882854462,-5.19675517809674,0.556617551867664,-2.99130632164058
128056,0.0170634,48.1548932790756,3.2637677192688,-28.5131015777588,4.64419746398926,9.78434658050537,-1.29996860027313,2.09191060066223,-0.295554339885712,-5.19619400636205,0.553154283292386,-3.0614287325025
128060,0.0213017,48.1761949788779,3.41055727005005,-28.390115737915,4.91794013977051,9.73277187347412,-1.27067172527313,2.11205220222473,-0.23146741092205,-5.26086180902985,0.67027895972523,-2.89649648294979
128064,0.0166667,48.1928616780788,3.41055727005005,-28.390115737915,4.91794013977051,9.73277187347412,-1.27067172527313,2.11205220222473,-0.23146741092205,-5.26086180902985,0.67027895972523,-2.89649648294979
128066,0.0183297,48.2111913785338,3.41055727005005,-28.390115737915,4.91794013977051,9.73277187347412,-1.27067172527313,2.11205220222473,-0.23146741092205,-5.26086180902985,0.67027895972523,-2.89649648294979
128070,0.0166677,48.2278590779752,3.7874493598938,-28.3385410308838,5.27102851867676,9.60978603363037,-1.38419711589813,2.07268452644348,-0.2122413367033,-5.32417473848383,1.05839774592686,-3.11389691683602
128072,0.0166659,48.2445249781013,3.7874493598938,-28.3385410308838,5.27102851867676,9.60978603363037,-1.38419711589813,2.07268452644348,-0.2122413367033,-5.32417473848383,1.05839774592686,-3.11389691683602
128078,0.0166674,48.2611923776567,3.86282777786255,-28.167947769165,5.21945381164551,9.58201503753662,-1.36039340496063,1.98754036426544,-0.24428479373455,-5.76643504485439,1.55514577087905,-2.88585334032922
128082,0.0210615,48.2822538781911,3.86282777786255,-28.167947769165,5.21945381164551,9.58201503753662,-1.36039340496063,1.98754036426544,-0.24428479373455,-5.76643504485439,1.55514577087905,-2.88585334032922
128086,0.0220822,48.304336078465,3.9858136177063,-28.1163730621338,5.34243965148926,9.55821132659912,-1.32468783855438,1.96831429004669,-0.20583264529705,-5.5907112919674,1.80491695443567,-2.89418073213783
128088,0.0178993,48.3222353793681,3.9858136177063,-28.1163730621338,5.34243965148926,9.55821132659912,-1.32468783855438,1.96831429004669,-0.20583264529705,-5.5907112919674,1.80491695443567,-2.89418073213783
128092,0.0166675,48.3389028795064,3.9144024848938,-27.9695835113525,5.31863594055176,9.28446865081787,-1.44370639324188,1.98754036426544,-0.24428479373455,-5.73423655216105,2.33333640300462,-3.03775376276187
128096,0.017586,48.35648887977,4.18814516067505,-28.0449619293213,5.44558906555176,9.48283290863037,-1.36039340496063,1.96099007129669,-0.21865002810955,-5.71990394471162,2.12733920350784,-2.96151026904232
128100,0.0191785,48.375667380169,4.0889630317688,-28.0687656402588,5.41781806945801,9.58201503753662,-1.34849154949188,1.98113167285919,-0.23146741092205,-5.79972146452942,1.98970217953664,-3.01406782536456
128102,0.0171135,48.3927808795124,4.0889630317688,-28.0687656402588,5.41781806945801,9.58201503753662,-1.34849154949188,1.98113167285919,-0.23146741092205,-5.79972146452942,1.98970217953664,-3.01406782536456
128106,0.0166682,48.4094490800053,3.9144024848938,-27.8942050933838,5.44558906555176,9.31223964691162,-1.46110141277313,1.94176399707794,-0.276328265666962,-5.9023692140248,2.17105463199575,-3.24313162461538
128110,0.0193006,48.4287496805191,3.9144024848938,-27.8942050933838,5.44558906555176,9.31223964691162,-1.46110141277313,1.94176399707794,-0.276328265666962,-5.9023692140248,2.17105463199575,-3.24313162461538
128114,0.016668,48.4454176798463,3.9382061958313,-28.7590732574463,5.34243965148926,9.80815029144287,-1.34849154949188,2.09923481941223,-0.19301526248455,-5.87327020916665,2.17289236216055,-2.82120657564409
128116,0.0183673,48.4637849796563,3.9382061958313,-28.7590732574463,5.34243965148926,9.80815029144287,-1.34849154949188,2.09923481941223,-0.19301526248455,-5.87327020916665,2.17289236216055,-2.82120657564409
128118,0.0166689,48.4804538805038,3.9382061958313,-28.7590732574463,5.34243965148926,9.80815029144287,-1.34849154949188,2.09923481941223,-0.19301526248455,-5.87327020916665,2.17289236216055,-2.82120657564409
128122,0.0166664,48.4971202798188,3.1130108833313,-29.7508945465088,4.66800117492676,10.2524862289429,-1.24686801433563,2.34825825691223,-0.23146741092205,-5.50161663816679,1.77045166934705,-2.9445539284693
128126,0.0166672,48.5137874800712,2.68851137161255,-30.2428379058838,4.24350166320801,10.3794393539429,-1.18095004558563,2.37389302253723,-0.257102191448212,-5.17845705007138,1.50354625349705,-2.99520443167502
128128,0.0166673,48.5304547809064,2.68851137161255,-30.2428379058838,4.24350166320801,10.3794393539429,-1.18095004558563,2.37389302253723,-0.257102191448212,-5.17845705007138,1.50354625349705,-2.99520443167502
128132,0.0166679,48.5471226815134,0.260532915592194,-30.3935947418213,1.41086030006409,9.48283290863037,-0.627056002616882,2.49840474128723,-0.366049945354462,-4.170787358597,-1.23666319100335,-2.79833993739108
128136,0.016668,48.5637906808406,0.260532915592194,-30.3935947418213,1.41086030006409,9.48283290863037,-0.627056002616882,2.49840474128723,-0.366049945354462,-4.170787358597,-1.23666319100335,-2.79833993739108
128140,0.0166641,48.5804547816515,-2.23885679244995,-30.8141269683838,-1.17184233665466,9.95493984222412,-0.203166857361794,2.60369038581848,-0.430136859416962,-1.44438838343277,-5.36132289513737,-2.78106930242308
128144,0.0179417,48.5983964819461,-2.23885679244995,-30.8141269683838,-1.17184233665466,9.95493984222412,-0.203166857361794,2.60369038581848,-0.430136859416962,-1.44438838343277,-5.36132289513737,-2.78106930242308
128146,0.0199884,48.6183848828077,-2.23885679244995,-30.8141269683838,-1.17184233665466,9.95493984222412,-0.203166857361794,2.60369038581848,-0.430136859416962,-1.44438838343277,-5.36132289513737,-2.78106930242308
128152,0.0170535,48.6354383826256,-3.4409441947937,-30.4173984527588,-2.87380766868591,10.2048788070679,-0.0127371642738581,2.47917866706848,-0.417319476604462,0.205591738189302,-7.21635855939783,0.11366202221403
128154,0.020407,48.6558453831822,-3.4409441947937,-30.4173984527588,-2.87380766868591,10.2048788070679,-0.0127371642738581,2.47917866706848,-0.417319476604462,0.205591738189302,-7.21635855939783,0.11366202221403
128156,0.0166686,48.6725139822811,-3.4409441947937,-30.4173984527588,-2.87380766868591,10.2048788070679,-0.0127371642738581,2.47917866706848,-0.417319476604462,0.205591738189302,-7.21635855939783,0.11366202221403
128162,0.0166666,48.6891805827618,-2.6395525932312,-31.0600986480713,-2.19936919212341,10.9229574203491,-0.233379259705544,2.66228413581848,-0.423728168010712,1.22068609046064,-5.86428919430227,-0.669393794402717
128166,0.0166668,48.7058473825455,-2.6395525932312,-31.0600986480713,-2.19936919212341,10.9229574203491,-0.233379259705544,2.66228413581848,-0.423728168010712,1.22068609046064,-5.86428919430227,-0.669393794402717
128168,0.0189692,48.724816583097,-2.7665057182312,-31.0839023590088,-2.19936919212341,10.7999715805054,-0.138164415955544,2.73461079597473,-0.410910785198212,1.31277680090449,-5.91458941498113,0.224616260548446
128174,0.0166679,48.741484483704,-1.5128436088562,-30.2428379058838,-1.14803862571716,10.3278646469116,-0.226970568299294,2.39403462409973,-0.430136859416962,1.31937082883691,-6.47721302580034,-1.58548820865219
128176,0.0181872,48.7596716843545,-1.5128436088562,-30.2428379058838,-1.14803862571716,10.3278646469116,-0.226970568299294,2.39403462409973,-0.430136859416962,1.31937082883691,-6.47721302580034,-1.58548820865219
128180,0.0166682,48.7763398848474,-1.9413104057312,-28.56467628479,-1.77486968040466,11.2720785140991,-0.335002779960632,2.79961323738098,-0.404502093791962,0.590030227310536,-5.14265065277998,-0.656999103584098
128182,0.0197029,48.7960427850485,-1.23910093307495,-29.2549839019775,-0.894132435321808,13.1843099594116,-0.299297213554382,2.74101948738098,-0.372458636760712,0.491777662771441,-6.39069106609053,0.776025185807498
128188,0.0166668,48.8127095848322,-1.23910093307495,-29.2549839019775,-0.894132435321808,13.1843099594116,-0.299297213554382,2.74101948738098,-0.372458636760712,0.491777662771441,-6.39069106609053,0.776025185807498
128192,0.018884,48.8315935842693,-0.0885881781578064,-26.53342628479,0.355562388896942,10.7007894515991,-0.406413912773132,2.47917866706848,-0.346823871135712,0,0,0
128196,0.0209805,48.8525740839541,-0.0885881781578064,-26.53342628479,0.355562388896942,10.7007894515991,-0.406413912773132,2.47917866706848,-0.346823871135712,0,0,0
128198,0.0183606,48.8709346838295,-0.0132097601890564,-26.6564121246338,0.355562388896942,12.4662313461304,-0.459514498710632,2.46544575691223,-0.366049945354462,0,0,0
128202,0.0166669,48.8876015841961,-0.0132097601890564,-26.6564121246338,0.355562388896942,12.4662313461304,-0.459514498710632,2.46544575691223,-0.366049945354462,0,0,0
128204,0.0169332,48.904534785077,-0.0132097601890564,-26.6564121246338,0.355562388896942,12.4662313461304,-0.459514498710632,2.46544575691223,-0.366049945354462,0,0,0
128208,0.0171477,48.921682484448,-0.715419232845306,-22.5264682769775,-0.120511822402477,11.6965780258179,-0.203166857361794,1.69274055957794,-0.321189105510712,0,0,0
128212,0.0192038,48.940886285156,-0.715419232845306,-22.5264682769775,-0.120511822402477,11.6965780258179,-0.203166857361794,1.69274055957794,-0.321189105510712,0,0,0
128216,0.0166676,48.9575538858771,-1.54061460494995,-22.5542392730713,-0.794950306415558,11.8433675765991,-0.167461290955544,2.08550190925598,-0.340415179729462,0,0,0
128218,0.0176846,48.9752384852618,-1.54061460494995,-22.5542392730713,-0.794950306415558,11.8433675765991,-0.167461290955544,2.08550190925598,-0.340415179729462,0,0,0
128222,0.0166672,48.9919056855142,-1.2906756401062,-20.2294101715088,-0.568815052509308,13.5572347640991,-0.269084811210632,2.34825825691223,-0.436545550823212,0,0,0
128226,0.0174313,49.0093369856477,-1.4890398979187,-20.1024570465088,-0.771146595478058,13.2834920883179,-0.0905569866299629,1.96099007129669,-0.378867328166962,0,0,0
128230,0.0177958,49.0271327849478,-1.21529722213745,-20.3246250152588,-0.267301380634308,13.7555990219116,-0.119853861629963,1.98754036426544,-0.391684710979462,0,0,0
128234,0.0230002,49.0501329842955,-1.21529722213745,-20.3246250152588,-0.267301380634308,13.7555990219116,-0.119853861629963,1.98754036426544,-0.391684710979462,0,0,0
128236,0.0166667,49.0667996834964,-1.21529722213745,-20.3246250152588,-0.267301380634308,13.7555990219116,-0.119853861629963,1.98754036426544,-0.391684710979462,0,0,0
128240,0.0166689,49.0834685843438,-0.362330853939056,-18.297342300415,0.859407603740692,13.2358846664429,-0.335002779960632,2.11205220222473,-0.295554339885712,0,0,0
128242,0.0166661,49.1001346837729,-0.362330853939056,-18.297342300415,0.859407603740692,13.2358846664429,-0.335002779960632,2.11205220222473,-0.295554339885712,0,0,0
128248,0.016667,49.1168016828597,-0.362330853939056,-18.297342300415,0.859407603740692,13.2358846664429,-0.335002779960632,2.11205220222473,-0.295554339885712,0,0,0
128250,0.0166657,49.1334673836827,-1.43746519088745,-18.3965244293213,-0.0927408263087273,14.7236166000366,-0.203166857361794,2.47917866706848,-0.308371722698212,0,0,0
128254,0.0166681,49.1501354835927,-1.43746519088745,-18.3965244293213,-0.0927408263087273,14.7236166000366,-0.203166857361794,2.47917866706848,-0.308371722698212,0,0,0
128256,0.0166665,49.1668019834906,-1.43746519088745,-18.3965244293213,-0.0927408263087273,14.7236166000366,-0.203166857361794,2.47917866706848,-0.308371722698212,0,0,0
128260,0.0166678,49.1834697835147,-1.9413104057312,-16.615213394165,-0.568815052509308,15.7432088851929,-0.0786551311612129,2.25578999519348,-0.295554339885712,0,0,0
128262,0.016665,49.2001347839832,-1.9413104057312,-16.615213394165,-0.568815052509308,15.7432088851929,-0.0786551311612129,2.25578999519348,-0.295554339885712,0,0,0
128268,0.0166678,49.2168025840074,-2.3380389213562,-16.0478916168213,-0.568815052509308,15.3702840805054,-0.0603445842862129,2.50481343269348,-0.314780414104462,-3.87106271796455,-0.21233041704928,6.8908678384618
128272,0.0172664,49.2340689841658,-2.3380389213562,-16.0478916168213,-0.568815052509308,15.3702840805054,-0.0603445842862129,2.50481343269348,-0.314780414104462,-3.87106271796455,-0.21233041704928,6.8908678384618
128274,0.0166713,49.2507402841002,-2.54037046432495,-15.948709487915,-0.894132435321808,14.9497518539429,0.0348702594637871,2.15782856941223,-0.263510882854462,-3.69534540997779,-0.662441153460483,7.02808834929429
128276,0.0168233,49.2675635833293,-1.71517515182495,-15.6035556793213,0.232576549053192,14.5490560531616,-0.0960501506924629,2.07268452644348,-0.372458636760712,-2.31825850951998,-0.762477810402143,4.96813715160907
128280,0.0166678,49.2842313833535,-1.71517515182495,-15.6035556793213,0.232576549053192,14.5490560531616,-0.0960501506924629,2.07268452644348,-0.372458636760712,-2.31825850951998,-0.762477810402143,4.96813715160907
128284,0.016666,49.3008973840624,-2.21505308151245,-14.5879306793213,-0.195890247821808,14.4498739242554,-0.102458842098713,2.09191060066223,-0.301963031291962,-2.25273091123038,-0.46686203062218,5.65406645247774
128288,0.0185085,49.3194058835506,-2.21505308151245,-14.5879306793213,-0.195890247821808,14.4498739242554,-0.102458842098713,2.09191060066223,-0.301963031291962,-2.25273091123038,-0.46686203062218,5.65406645247774
128290,0.0166665,49.3360723834485,0.335911333560944,-15.0084629058838,2.31143403053284,16.1161346435547,-0.280986666679382,1.73210823535919,-0.366049945354462,-2.53305390328361,-2.31454108156921,6.10689772585531
128294,0.0166681,49.3527404833585,-1.5128436088562,-14.933084487915,0.807832896709442,16.1637420654297,-0.114360697567463,2.17705464363098,-0.417319476604462,-1.68539992718985,-2.12944088005126,5.85939899584316
128296,0.016667,49.3694074824452,-1.5128436088562,-14.933084487915,0.807832896709442,16.1637420654297,-0.114360697567463,2.17705464363098,-0.417319476604462,-1.68539992718985,-2.12944088005126,5.85939899584316
128302,0.0166674,49.3860748820007,0.137547075748444,-14.8339023590088,2.53756928443909,16.5882415771484,-0.299297213554382,2.21642231941223,-0.372458636760712,-2.13392039701107,-2.65143266114468,5.74584024940436
128304,0.0166673,49.4027421828359,0.137547075748444,-14.8339023590088,2.53756928443909,16.5882415771484,-0.299297213554382,2.21642231941223,-0.372458636760712,-2.13392039701107,-2.65143266114468,5.74584024940436
128308,0.0166688,49.4194109831005,-1.88973569869995,-15.155252456665,0.633272349834442,16.4890594482422,-0.150066271424294,2.07268452644348,-0.423728168010712,-1.40740617224864,-1.00133398820173,5.59113084667293
128312,0.0204209,49.4398318827152,0.137547075748444,-14.933084487915,2.43838715553284,16.1161346435547,-0.226970568299294,1.89598762989044,-0.436545550823212,-1.37155608737269,-1.80164899646393,5.39781408718818
128316,0.0166669,49.4564987830818,0.137547075748444,-14.933084487915,2.43838715553284,16.1161346435547,-0.226970568299294,1.89598762989044,-0.436545550823212,-1.37155608737269,-1.80164899646393,5.39781408718818
128318,0.0166683,49.4731670822948,-0.112391889095306,-14.5125522613525,2.33523774147034,15.6678304672241,-0.292888522148132,2.01409077644348,-0.366049945354462,-1.14677927704487,-1.06570262383473,5.11458214095776
128322,0.016667,49.4898340813816,0.312107622623444,-15.8019199371338,2.73990082740784,16.7112274169922,-0.221477404236794,1.91521370410919,-0.301963031291962,-0.82605296717415,-1.77192975558032,4.07295227355574
128324,0.0166658,49.5064998809248,0.0621686577796936,-15.4527988433838,2.51376557350159,16.3898773193359,-0.209575548768044,1.82366096973419,-0.14723889529705,-0.87176277069348,-1.50926005969034,4.2114245399866
128330,0.0166669,49.5231667812914,-0.540858685970306,-13.9452304840088,2.13687348365784,15.9415731430054,-0.245281115174294,1.63414680957794,-0.269919574260712,-0.118922045972992,-0.656976972094942,2.59397636097688
128332,0.0179706,49.5411373805255,-0.540858685970306,-13.9452304840088,2.13687348365784,15.9415731430054,-0.245281115174294,1.63414680957794,-0.269919574260712,-0.118922045972992,-0.656976972094942,2.59397636097688
128336,0.0166673,49.5578046813607,-1.04073667526245,-15.1830234527588,1.71237397193909,17.3301239013672,-0.238872423768044,2.04613423347473,-0.353232562541962,0.597577162439047,-0.512679812219396,1.68629827091181
128338,0.0174279,49.5752325821668,-1.5128436088562,-15.5757846832275,1.13315033912659,17.5324554443359,-0.0905569866299629,2.22374653816223,-0.276328265666962,0.240312632621102,-0.714891678741316,2.48608958111673
128340,0.0166683,49.5919008813798,-1.5128436088562,-15.5757846832275,1.13315033912659,17.5324554443359,-0.0905569866299629,2.22374653816223,-0.276328265666962,0.240312632621102,-0.714891678741316,2.48608958111673
128346,0.0166663,49.6085671819746,0.712803423404694,-14.3895664215088,3.08902192115784,15.3702840805054,-0.185771837830544,1.52245247364044,-0.24428479373455,0.116772745852007,-1.18141608525787,2.94674356904854
128350,0.016668,49.6252351813018,-0.715419232845306,-15.6273593902588,1.71237397193909,15.8423910140991,-0.0905569866299629,1.74492561817169,-0.276328265666962,0.0491048705802311,-1.64445799098411,0.38301926334386
128354,0.0205464,49.6457815822214,-0.715419232845306,-15.8733310699463,1.68460297584534,16.0645599365234,-0.0960501506924629,1.80443489551544,-0.378867328166962,-0.242274933189104,-1.85962152341436,0.880743293977071
128356,0.0175398,49.6633213814348,0.236729204654694,-14.66330909729,2.58914399147034,15.3464803695679,-0.209575548768044,1.49590218067169,-0.21865002810955,2.08031704964273,-1.09910696580194,0.891606937617425
128360,0.0166687,49.6799900811166,0.236729204654694,-14.66330909729,2.58914399147034,15.3464803695679,-0.209575548768044,1.49590218067169,-0.21865002810955,2.08031704964273,-1.09910696580194,0.891606937617425
128362,0.0210598,49.701049881056,8.36569690704346,-29.23118019104,11.0315265655518,29.6485443115234,-0.739665865898132,3.34984517097473,-0.340415179729462,0.51839090334765,-3.24947313934155,0.560215019159472
128368,0.0166684,49.7177182808518,8.36569690704346,-29.23118019104,11.0315265655518,29.6485443115234,-0.739665865898132,3.34984517097473,-0.340415179729462,0.51839090334765,-3.24947313934155,0.560215019159472
128370,0.0166655,49.7343837805092,8.79019641876221,-30.3697910308838,11.3608112335205,30.3467864990234,-0.793681979179382,3.27110981941223,-0.276328265666962,1.17108242284624,-2.91592954361027,0.0576053155283097
128374,0.0166699,49.7510536797345,8.69101428985596,-27.7950229644775,10.5316486358643,21.7774505615234,-0.692058444023132,1.98754036426544,-0.295554339885712,1.08129662627425,-0.859465345377402,3.79810116008121
128376,0.0166639,49.7677175793797,8.69101428985596,-27.7950229644775,10.5316486358643,21.7774505615234,-0.692058444023132,1.98754036426544,-0.295554339885712,1.08129662627425,-0.859465345377402,3.79810116008121
128382,0.0166689,49.7843864802271,3.3113751411438,-24.4307651519775,5.01712226867676,12.9859457015991,-0.233379259705544,0.926444172859192,0.1612938195467,0.558808531794048,-0.410274394901857,0.39142054641232
128384,0.018744,49.8031304795295,3.3113751411438,-24.4307651519775,5.01712226867676,12.9859457015991,-0.233379259705544,0.926444172859192,0.1612938195467,0.558808531794048,-0.410274394901857,0.39142054641232
128388,0.0166681,49.8197985794395,-0.640040814876556,-23.9110507965088,1.20852875709534,13.4064779281616,-0.138164415955544,1.24047005176544,0.276650249958038,-0.983537383227336,-0.392762413932835,3.00339222484087
128390,0.0166655,49.8364640790969,-2.6157488822937,-22.0067539215088,-0.747342884540558,13.9063558578491,-0.197673693299294,1.26702034473419,0.283058941364288,0.590754477020784,1.13624898122221,1.14419508770694
128396,0.0166693,49.8531333785504,-2.6157488822937,-22.0067539215088,-0.747342884540558,13.9063558578491,-0.197673693299294,1.26702034473419,0.283058941364288,0.590754477020784,1.13624898122221,1.14419508770694
128398,0.0195367,49.8726700786501,-6.1148943901062,-21.2926425933838,-3.90133452415466,14.7989950180054,0.0174752380698919,1.33934700489044,0.309609234333038,-1.03273402560952,-1.5297240726331,4.60362276635931
128402,0.0171316,49.8898016791791,-5.7419695854187,-23.4905185699463,-3.37765288352966,14.3506917953491,-0.00083530880510807,1.22124397754669,0.348061382770538,0.202946246265038,-1.40316761694668,2.03741659188357
128404,0.0186208,49.908422479406,-5.7419695854187,-23.4905185699463,-3.37765288352966,14.3506917953491,-0.00083530880510807,1.22124397754669,0.348061382770538,0.202946246265038,-1.40316761694668,2.03741659188357
128410,0.0166675,49.9250899795443,-3.66707944869995,-19.7334995269775,-0.771146595478058,19.7422332763672,0.0769845172762871,2.00035786628723,0.0651634484529495,-2.07538324660243,1.14288952871373,4.54570306202194
128412,0.0166669,49.9417568799108,-3.66707944869995,-19.7334995269775,-0.771146595478058,19.7422332763672,0.0769845172762871,2.00035786628723,0.0651634484529495,-2.07538324660243,1.14288952871373,4.54570306202194
128416,0.0166679,49.9584247805178,-3.66707944869995,-19.7334995269775,-0.771146595478058,19.7422332763672,0.0769845172762871,2.00035786628723,0.0651634484529495,-2.07538324660243,1.14288952871373,4.54570306202194
128418,0.0176626,49.9760873802006,-1.1399188041687,-19.36057472229,2.46219086647034,18.4488983154297,0.118183247745037,1.67992317676544,0.0450218468904495,-0.637079276994015,0.797548556473831,2.7174595772529
128420,0.0166679,49.9927552808076,-1.1399188041687,-19.36057472229,2.46219086647034,18.4488983154297,0.118183247745037,1.67992317676544,0.0450218468904495,-0.637079276994015,0.797548556473831,2.7174595772529
128424,0.0166673,50.0094225816429,-1.1399188041687,-19.36057472229,2.46219086647034,18.4488983154297,0.118183247745037,1.67992317676544,0.0450218468904495,-0.637079276994015,0.797548556473831,2.7174595772529
128428,0.0166669,50.0260894820094,-1.26290464401245,-16.4684238433838,3.43814301490784,19.8890228271484,-0.0429495647549629,2.00035786628723,0.0193870812654495,-2.86912168604124,0.832661989266124,3.88260076005029
128430,0.0166688,50.042758282274,-1.26290464401245,-16.4684238433838,3.43814301490784,19.8890228271484,-0.0429495647549629,2.00035786628723,0.0193870812654495,-2.86912168604124,0.832661989266124,3.88260076005029
128436,0.0166662,50.059424482286,-0.588466107845306,-14.88547706604,4.41806221008301,20.3135223388672,-0.131755724549294,2.04613423347473,0.1228416711092,-2.36115828337102,1.45852256209261,3.15073400112552
128440,0.0166656,50.0760900825262,-0.588466107845306,-14.88547706604,4.41806221008301,20.3135223388672,-0.131755724549294,2.04613423347473,0.1228416711092,-2.36115828337102,1.45852256209261,3.15073400112552
128442,0.0171338,50.0932238828391,-0.588466107845306,-14.88547706604,4.41806221008301,20.3135223388672,-0.131755724549294,2.04613423347473,0.1228416711092,-2.36115828337102,1.45852256209261,3.15073400112552
128444,0.0166661,50.1098899822682,-0.413905560970306,-15.0838413238525,5.06869697570801,21.9758148193359,0.100788228213787,2.37389302253723,0.24460680782795,-3.48398248350896,1.62308131779534,3.81578189208818
128450,0.0166671,50.1265570819378,-0.413905560970306,-15.0838413238525,5.06869697570801,21.9758148193359,0.100788228213787,2.37389302253723,0.24460680782795,-3.48398248350896,1.62308131779534,3.81578189208818
128452,0.0166656,50.143222682178,-0.215541303157806,-13.5246982574463,5.27102851867676,21.7774505615234,0.00557338260114193,2.24297261238098,0.1997459679842,-3.27802843808317,1.8800081212919,4.25175273255483
128456,0.0166681,50.159890782088,-0.112391889095306,-12.0409336090088,5.84628486633301,22.3963470458984,0.118183247745037,2.00035786628723,0.251015484333038,-1.51466490510115,1.47352613072291,3.26782382268121
128458,0.016929,50.1768197827041,-0.112391889095306,-12.0409336090088,5.84628486633301,22.3963470458984,0.118183247745037,2.00035786628723,0.251015484333038,-1.51466490510115,1.47352613072291,3.26782382268121
128464,0.0166675,50.1934872828424,-0.0647844672203064,-10.902322769165,5.79471015930176,22.3249359130859,0.291217923164368,2.02690815925598,0.270241558551788,-2.83870282619037,1.98785773062979,3.06292455529833
128466,0.0181153,50.2116025835276,-0.0132097601890564,-11.7949619293213,6.09622383117676,22.3963470458984,0.219806775450706,2.29515767097473,0.270241558551788,-2.7859462706148,1.79925521024237,3.61776010287375
128470,0.0166679,50.2282704841346,-0.0132097601890564,-11.7949619293213,6.09622383117676,22.3963470458984,0.219806775450706,2.29515767097473,0.270241558551788,-2.7859462706148,1.79925521024237,3.61776010287375
128472,0.0166667,50.2449371833354,-0.140162885189056,-11.2752475738525,6.07242012023926,22.5986785888672,-0.0182303283363581,2.26952290534973,0.19333727657795,-2.89238792046154,1.7114882757606,4.02018573102044
128476,0.016667,50.2616041824222,0.236729204654694,-10.3350009918213,6.02084541320801,22.9200286865234,0.488056302070618,2.37389302253723,0.263832867145538,-2.17905582231909,1.30245439633685,3.27933802797798
128480,0.0185702,50.280174382031,-0.564662396907806,-9.89066505432129,6.12002754211426,23.7134857177734,0.172199353575706,2.36748433113098,0.1997459679842,-3.04840821244578,1.04528863159598,4.16575465162126
128482,0.0197748,50.2999491821975,0.411289751529694,-7.26828956604004,6.64767646789551,22.5471038818359,0.124591939151287,2.11205220222473,0.2381981164217,-1.55564542826766,1.52530976088709,2.86345357341651
128488,0.016668,50.3166171815246,0.411289751529694,-7.26828956604004,6.64767646789551,22.5471038818359,0.124591939151287,2.11205220222473,0.2381981164217,-1.55564542826766,1.52530976088709,2.86345357341651
128490,0.0166666,50.3332837820053,-0.263148725032806,-7.36747169494629,5.74710273742676,21.8766326904297,0.273822903633118,1.88225471973419,0.23178942501545,-0.503941853160097,1.92283265925157,2.42220044626676
128494,0.0166677,50.3499514814466,-0.263148725032806,-7.36747169494629,5.74710273742676,21.8766326904297,0.273822903633118,1.88225471973419,0.23178942501545,-0.503941853160097,1.92283265925157,2.42220044626676
128496,0.0173439,50.3672953806818,0.0859723687171936,-8.77585792541504,6.14779853820801,22.7692718505859,0.535663723945618,2.26952290534973,0.251015484333038,-2.66536724086031,1.18345336573285,3.16600014657193
128500,0.0166685,50.3839638810605,0.811985552310944,-7.21671485900879,7.09994697570801,22.5471038818359,0.499958157539368,1.96099007129669,0.322426617145538,-0.118072127566192,1.40297713205891,2.5790278053152
128504,0.0179446,50.4019084814936,0.811985552310944,-7.21671485900879,7.09994697570801,22.5471038818359,0.499958157539368,1.96099007129669,0.322426617145538,-0.118072127566192,1.40297713205891,2.5790278053152
128508,0.0166693,50.4185777809471,0.712803423404694,-7.16910743713379,6.72305488586426,22.4994964599609,0.476154446601868,1.84380257129669,0.15488512814045,-2.3340573340453,2.48266782287332,4.51570367950786
128510,0.0196024,50.4381801802665,0.712803423404694,-7.16910743713379,6.72305488586426,22.4994964599609,0.476154446601868,1.84380257129669,0.15488512814045,-2.3340573340453,2.48266782287332,4.51570367950786
128516,0.0166667,50.4548468794674,-0.0885881781578064,-7.14530372619629,6.24698066711426,22.6462860107422,0.238117322325706,2.39403462409973,0.19333727657795,-2.34192317105933,0.840708212818358,2.96189722489729
128518,0.0166667,50.4715135786682,-0.0885881781578064,-7.14530372619629,6.24698066711426,22.6462860107422,0.238117322325706,2.39403462409973,0.19333727657795,-2.34192317105933,0.840708212818358,2.96189722489729
128522,0.0174694,50.4889829792082,-0.0370134711265564,-6.97074317932129,6.17160224914551,22.2733612060547,0.315021634101868,2.24938130378723,0.12925036251545,-2.36571493697942,0.754515020126482,2.87358053126137
128524,0.0166668,50.5056497789919,0.685032427310944,-6.10587501525879,6.74685859680176,21.3807220458984,0.338825345039368,2.02049946784973,0.0587547570466995,-1.92638685919571,2.48022673418838,2.26803933864593
128526,0.0166682,50.5223179794848,0.685032427310944,-6.10587501525879,6.74685859680176,21.3807220458984,0.338825345039368,2.02049946784973,0.0587547570466995,-1.92638685919571,2.48022673418838,2.26803933864593
128530,0.0166703,50.5389882791787,0.685032427310944,-6.10587501525879,6.74685859680176,21.3807220458984,0.338825345039368,2.02049946784973,0.0587547570466995,-1.92638685919571,2.48022673418838,2.26803933864593
128534,0.0166641,50.5556523799896,0.161350786685944,-5.95511817932129,6.17160224914551,21.9282073974609,0.380939602851868,2.14501118659973,0.0651634484529495,-1.57897166413924,1.29234228749024,2.20290946072893
128536,0.0166676,50.5723199807107,0.161350786685944,-5.95511817932129,6.17160224914551,21.9282073974609,0.380939602851868,2.14501118659973,0.0651634484529495,-1.57897166413924,1.29234228749024,2.20290946072893
128540,0.0166665,50.5889864806086,0.462864458560944,-6.00669288635254,6.17160224914551,21.8766326904297,0.350727200508118,2.13860249519348,0.0193870812654495,-0.947272081105207,1.22909621646999,2.44846935780448
128544,0.0166666,50.6056530810893,0.335911333560944,-6.62558937072754,6.49691963195801,22.3249359130859,0.279316067695618,2.39403462409973,-0.0190650671720505,-1.79525093918495,2.10392499953333,2.82089993988603
128548,0.0166666,50.6223196815699,0.335911333560944,-6.62558937072754,6.49691963195801,22.3249359130859,0.279316067695618,2.39403462409973,-0.0190650671720505,-1.79525093918495,2.10392499953333,2.82089993988603
128550,0.0166668,50.6389864813536,-0.163966596126556,0.22591207921505,3.79123139381409,14.3784627914429,0.0412789508700371,1.33934700489044,-0.0639259070158005,-2.05972994508475,1.20133479500556,1.67679884664595
128554,0.0166668,50.6556532811373,0.260532915592194,0.301290512084961,4.11654853820801,14.3506917953491,0.0824776813387871,1.29357063770294,-0.1408302038908,-1.45675109801495,0.748458565180784,2.1187156364789
128560,0.0166667,50.6723199803382,0.0621686577796936,0.698019027709961,3.96579194068909,14.1523275375366,0.0110665466636419,1.15532600879669,-0.19301526248455,0.61375155594171,1.30135685787426,0.913757547822083
128562,0.0183076,50.6906275805086,0.260532915592194,-0.266031265258789,4.61642646789551,15.5686483383179,0.0824776813387871,1.45653450489044,-0.21865002810955,0.810819748169396,1.16026168988772,1.42570515184629
128566,0.016832,50.7074595801532,0.260532915592194,-0.266031265258789,4.61642646789551,15.5686483383179,0.0824776813387871,1.45653450489044,-0.21865002810955,0.810819748169396,1.16026168988772,1.42570515184629
128568,0.0186498,50.7261093799025,0.538242876529694,-1.84897804260254,5.19565010070801,16.6120452880859,0.141986951231956,1.54900276660919,-0.2250587195158,0.617708391854584,1.29257000071593,2.68820090322691
128574,0.0166684,50.7427777796984,0.510471880435944,-3.55887794494629,5.62014961242676,18.6988372802734,0.219806775450706,1.70555794239044,-0.2378761023283,0.190032976063396,0.972837815402066,2.24519673221384
128576,0.0196351,50.762412879616,0.359715044498444,-4.49515724182129,5.56857490539551,19.3931121826172,0.309528470039368,1.72569954395294,-0.276328265666962,0.334896926846944,1.03190204926669,2.31449429532206
128580,0.0166675,50.7790803797543,0.109776079654694,-7.93479347229004,6.36996650695801,23.6143035888672,0.326923489570618,2.63573384284973,-0.327597796916962,0.6192347626796,1.07273764751696,2.67015542210888
128582,0.020004,50.7990843802691,0.109776079654694,-7.93479347229004,6.36996650695801,23.6143035888672,0.326923489570618,2.63573384284973,-0.327597796916962,0.6192347626796,1.07273764751696,2.67015542210888
128588,0.0166679,50.815752280876,-0.0647844672203064,-9.54154396057129,6.34616279602051,23.2929534912109,0.380939602851868,2.54418110847473,-0.289145648479462,0.85959318503561,1.0875930233571,1.87781251460261
128590,0.0186,50.8343522809446,-0.0647844672203064,-9.54154396057129,6.34616279602051,23.2929534912109,0.380939602851868,2.54418110847473,-0.289145648479462,0.85959318503561,1.0875930233571,1.87781251460261
128594,0.0166688,50.8510210812092,0.411289751529694,-10.0850620269775,6.69925117492676,24.0388031005859,0.404743313789368,2.65587544441223,-0.346823871135712,0.916861818911361,1.14814242215024,2.12284680222919
128598,0.0195304,50.870551481843,0.411289751529694,-10.0850620269775,6.69925117492676,24.0388031005859,0.404743313789368,2.65587544441223,-0.346823871135712,0.916861818911361,1.14814242215024,2.12284680222919
128602,0.0166683,50.887219781056,-0.390101850032806,-9.41855812072754,5.89389228820801,23.5904998779297,0.380939602851868,2.55699849128723,-0.340415179729462,1.43812268428271,0.992493625462465,2.07159085921274
128604,0.0185848,50.9058045819402,-0.314723432064056,-8.99802589416504,5.99704170227051,23.2175750732422,0.279316067695618,2.47185444831848,-0.340415179729462,1.9044925334487,1.00531290254493,2.2123073070755
128608,0.0166671,50.9224716816098,-0.314723432064056,-8.99802589416504,5.99704170227051,23.2175750732422,0.279316067695618,2.47185444831848,-0.340415179729462,1.9044925334487,1.00531290254493,2.2123073070755
128612,0.0181583,50.9406299814582,-0.314723432064056,-8.99802589416504,5.99704170227051,23.2175750732422,0.279316067695618,2.47185444831848,-0.340415179729462,1.9044925334487,1.00531290254493,2.2123073070755
128616,0.0191871,50.9598170816898,0.0343976616859436,-8.50211524963379,6.14779853820801,23.1183929443359,0.374530911445618,2.41966938972473,-0.378867328166962,1.29466589906771,1.12825620169996,2.38478515733992
128618,0.017013,50.9768300820142,0.0343976616859436,-8.50211524963379,6.14779853820801,23.1183929443359,0.374530911445618,2.41966938972473,-0.378867328166962,1.29466589906771,1.12825620169996,2.38478515733992
128622,0.0166678,50.9934978820384,-0.0370134711265564,-7.58963966369629,5.77090644836426,22.4479217529297,0.303119778633118,2.27593159675598,-0.391684710979462,1.84985651179756,1.0326472239745,2.55260533501182
128624,0.0166663,51.0101641826332,-0.0370134711265564,-7.58963966369629,5.77090644836426,22.4479217529297,0.303119778633118,2.27593159675598,-0.391684710979462,1.84985651179756,1.0326472239745,2.55260533501182
128630,0.0166679,51.0268320832402,0.0621686577796936,-8.37912940979004,6.04464912414551,22.7970428466797,0.380939602851868,2.23656392097473,-0.385276019573212,0.959846636301067,0.857371857366601,2.73430002866847
128632,0.0166669,51.0434989836067,-0.0885881781578064,-8.33152198791504,5.96927070617676,22.9200286865234,0.345234036445618,2.28874897956848,-0.385276019573212,0.905929292720967,0.843534140981922,2.71962617304801
128636,0.016666,51.0601649843156,-0.290919721126556,-8.27994728088379,5.77090644836426,22.8962249755859,0.315021634101868,2.28234028816223,-0.404502093791962,0.905378567716974,0.847414506490971,2.66965523333462
128638,0.0166662,51.0768311843276,-0.112391889095306,-7.85941505432129,5.87008857727051,22.6700897216797,0.279316067695618,2.25578999519348,-0.391684710979462,0.933748702011386,0.969285670221093,2.80361539399881
128642,0.016668,51.0934991836548,-0.163966596126556,-7.83561134338379,5.89389228820801,22.6224822998047,0.255512356758118,2.23656392097473,-0.391684710979462,0.964894882353347,0.975405707668176,2.78986234218816
128644,0.0166664,51.1101655829698,-0.163966596126556,-7.83561134338379,5.89389228820801,22.6224822998047,0.255512356758118,2.23656392097473,-0.391684710979462,0.964894882353347,0.975405707668176,2.78986234218816
128650,0.0174427,51.1276082824916,-0.0647844672203064,-8.10935401916504,6.04464912414551,22.6700897216797,0.255512356758118,2.23656392097473,-0.366049945354462,1.15277240564952,1.1297910039119,2.59004101062109
128652,0.0183371,51.1459453832358,-0.0647844672203064,-8.10935401916504,6.04464912414551,22.6700897216797,0.255512356758118,2.23656392097473,-0.366049945354462,1.15277240564952,1.1297910039119,2.59004101062109
128656,0.0166677,51.1626130826771,0.185154497623444,-8.20853614807129,6.17160224914551,22.7454681396484,0.303119778633118,2.27593159675598,-0.404502093791962,0.848376629621022,0.858830375312605,2.78117682837228
128660,0.0173765,51.1799895819277,0.185154497623444,-8.20853614807129,6.17160224914551,22.7454681396484,0.303119778633118,2.27593159675598,-0.404502093791962,0.848376629621022,0.858830375312605,2.78117682837228
128664,0.0166693,51.1966588813812,0.0859723687171936,-8.10935401916504,5.99704170227051,22.7454681396484,0.279316067695618,2.26952290534973,-0.410910785198212,0.823106636096419,0.875856630409141,2.79037392094943
128666,0.0167405,51.2133993823081,-0.0132097601890564,-8.01017189025879,5.92166328430176,22.7216644287109,0.243610486388206,2.27593159675598,-0.417319476604462,0.985649554723204,0.891774760527764,2.69660297346578
128670,0.0166679,51.2300672829151,-0.0132097601890564,-8.01017189025879,5.92166328430176,22.7216644287109,0.243610486388206,2.27593159675598,-0.417319476604462,0.985649554723204,0.891774760527764,2.69660297346578
128672,0.0166669,51.2467341832817,-0.0132097601890564,-8.01017189025879,5.92166328430176,22.7216644287109,0.243610486388206,2.27593159675598,-0.417319476604462,0.985649554723204,0.891774760527764,2.69660297346578
128676,0.0166687,51.2634028829634,-0.0132097601890564,-8.15696144104004,5.96927070617676,22.6700897216797,0.243610486388206,2.25578999519348,-0.378867328166962,0.922247139929106,0.938388568108066,2.74053208787138
128678,0.0166658,51.2800686825067,-0.0132097601890564,-8.15696144104004,5.96927070617676,22.6700897216797,0.243610486388206,2.25578999519348,-0.378867328166962,0.922247139929106,0.938388568108066,2.74053208787138
128684,0.0166673,51.2967359833419,0.0859723687171936,-8.10935401916504,6.07242012023926,22.7692718505859,0.273822903633118,2.29515767097473,-0.385276019573212,0.835698848735224,1.00829170871599,2.77518483042689
128686,0.0166661,51.3134020827711,0.0343976616859436,-8.03397560119629,5.96927070617676,22.7692718505859,0.231708630919456,2.27593159675598,-0.391684710979462,0.878355723287511,0.961733125864575,2.76964614116817
128690,0.0166678,51.3300698827952,0.0343976616859436,-8.03397560119629,5.96927070617676,22.7692718505859,0.231708630919456,2.27593159675598,-0.391684710979462,0.878355723287511,0.961733125864575,2.76964614116817
128692,0.0187456,51.3488154821098,-0.0132097601890564,-8.05777931213379,5.79471015930176,22.7216644287109,0.219806775450706,2.26311421394348,-0.385276019573212,1.02434095548844,0.818572432741544,2.72265440516288
128698,0.0166682,51.3654836826026,0.0343976616859436,-8.13315773010254,6.07242012023926,22.7454681396484,0.226215466856956,2.27593159675598,-0.430136859416962,0.967740696621926,0.862116047968675,2.68309196539284
128700,0.0166682,51.3821518830955,0.0343976616859436,-8.13315773010254,6.07242012023926,22.7454681396484,0.226215466856956,2.27593159675598,-0.430136859416962,0.967740696621926,0.862116047968675,2.68309196539284
128704,0.0166657,51.3988175839186,-0.112391889095306,-8.05777931213379,5.89389228820801,22.6978607177734,0.214313611388206,2.27593159675598,-0.398093402385712,0.872136254172708,0.97677040359114,2.76685157720106
128706,0.016667,51.4154845830053,-0.112391889095306,-8.05777931213379,5.89389228820801,22.6978607177734,0.214313611388206,2.27593159675598,-0.398093402385712,0.872136254172708,0.97677040359114,2.76685157720106
128710,0.0166668,51.432151382789,-0.140162885189056,-8.05777931213379,5.82248115539551,22.7692718505859,0.172199353575706,2.26952290534973,-0.423728168010712,0.996468741765953,0.788757905580002,2.7206180944233
128716,0.0189664,51.4511177819222,-0.140162885189056,-8.05777931213379,5.82248115539551,22.7692718505859,0.172199353575706,2.26952290534973,-0.423728168010712,0.996468741765953,0.788757905580002,2.7206180944233
128718,0.0194806,51.4705983810127,-0.140162885189056,-8.05777931213379,5.82248115539551,22.7692718505859,0.172199353575706,2.26952290534973,-0.423728168010712,0.996468741765953,0.788757905580002,2.7206180944233
128722,0.0166648,51.4872631803155,0.0343976616859436,-8.18076515197754,5.99704170227051,22.7216644287109,0.184101209044456,2.27593159675598,-0.398093402385712,0.949115215421467,0.776946725201645,2.7160157437189
128724,0.0197513,51.5070144794881,0.0343976616859436,-8.18076515197754,5.99704170227051,22.7216644287109,0.184101209044456,2.27593159675598,-0.398093402385712,0.949115215421467,0.776946725201645,2.7160157437189
128728,0.0166671,51.5236815791577,0.0859723687171936,-8.03397560119629,6.02084541320801,22.7454681396484,0.189594373106956,2.26311421394348,-0.417319476604462,0.942936929724999,0.865134778881582,2.69658034147933
128732,0.0193004,51.5429819785059,0.0859723687171936,-8.03397560119629,6.02084541320801,22.7454681396484,0.189594373106956,2.26311421394348,-0.417319476604462,0.942936929724999,0.865134778881582,2.69658034147933
128736,0.0170915,51.5600734781474,0.0859723687171936,-8.03397560119629,6.02084541320801,22.7454681396484,0.189594373106956,2.26311421394348,-0.417319476604462,0.942936929724999,0.865134778881582,2.69658034147933
128738,0.0166676,51.5767410788685,-0.0370134711265564,-8.15696144104004,5.96927070617676,22.7454681396484,0.172199353575706,2.28234028816223,-0.404502093791962,0.838762522370906,0.796674247332216,2.69132046064806
128742,0.0166672,51.5934082791209,0.0105939507484436,-8.20853614807129,6.04464912414551,22.7970428466797,0.231708630919456,2.28234028816223,-0.404502093791962,0.958800906119036,0.868086797873598,2.68338991978001
128744,0.0166678,51.6100760791451,0.0105939507484436,-8.20853614807129,6.04464912414551,22.7970428466797,0.231708630919456,2.28234028816223,-0.404502093791962,0.958800906119036,0.868086797873598,2.68338991978001
128750,0.0166651,51.6267411783338,0.0343976616859436,-8.08158302307129,5.96927070617676,22.6700897216797,0.184101209044456,2.27593159675598,-0.417319476604462,0.89050085926344,0.808571158999909,2.70039189500632
128752,0.0170473,51.6437884774059,0.0343976616859436,-8.08158302307129,5.96927070617676,22.6700897216797,0.184101209044456,2.27593159675598,-0.417319476604462,0.89050085926344,0.808571158999909,2.70039189500632
128756,0.0166777,51.660466177389,0.137547075748444,-8.08158302307129,6.07242012023926,22.6978607177734,0.172199353575706,2.28234028816223,-0.417319476604462,0.915678542872026,0.920598630921753,2.68363339000536
128758,0.0166664,51.677132576704,0.0105939507484436,-8.08158302307129,6.04464912414551,22.6978607177734,0.184101209044456,2.26952290534973,-0.385276019573212,0.884644614805754,1.11927252303633,2.71296327484642
128762,0.0166681,51.693800676614,0.0105939507484436,-8.08158302307129,6.04464912414551,22.6978607177734,0.184101209044456,2.26952290534973,-0.385276019573212,0.884644614805754,1.11927252303633,2.71296327484642
128764,0.016666,51.710466677323,0.0343976616859436,-8.13315773010254,6.02084541320801,22.7454681396484,0.214313611388206,2.28874897956848,-0.423728168010712,0.90264775026168,0.807207038797459,2.62216990176634
128768,0.0166688,51.7271354775876,0.0343976616859436,-8.13315773010254,6.02084541320801,22.7454681396484,0.214313611388206,2.28874897956848,-0.423728168010712,0.90264775026168,0.807207038797459,2.62216990176634
128770,0.0166663,51.7438017781824,0.0343976616859436,-8.13315773010254,6.02084541320801,22.7454681396484,0.214313611388206,2.28874897956848,-0.423728168010712,0.90264775026168,0.807207038797459,2.62216990176634
128774,0.0166669,51.7604686785489,0.137547075748444,-8.05777931213379,5.94546699523926,22.7216644287109,0.214313611388206,2.27593159675598,-0.385276019573212,0.904590205467221,0.927819780191277,2.62749243394687
128778,0.0166667,51.7771353777498,0.137547075748444,-8.05777931213379,5.94546699523926,22.7216644287109,0.214313611388206,2.27593159675598,-0.385276019573212,0.904590205467221,0.927819780191277,2.62749243394687
128780,0.0166668,51.7938021775335,0.0859723687171936,-8.05777931213379,6.02084541320801,22.6978607177734,0.214313611388206,2.29515767097473,-0.436545550823212,0.910464078832186,0.889907221009223,2.62336837996721
128786,0.0166666,51.8104687780142,0.0105939507484436,-8.08158302307129,5.87008857727051,22.7216644287109,0.201496228575706,2.28234028816223,-0.398093402385712,0.933640993360524,0.903281657867128,2.62954421644869
128788,0.0166666,51.8271353784949,0.0105939507484436,-8.08158302307129,5.87008857727051,22.7216644287109,0.201496228575706,2.28234028816223,-0.398093402385712,0.933640993360524,0.903281657867128,2.62954421644869
128792,0.0166661,51.843801477924,0.185154497623444,-8.10935401916504,6.12002754211426,22.6978607177734,0.255512356758118,2.27593159675598,-0.430136859416962,0.901863396324975,0.883344298239383,2.60756073481719
128796,0.0166676,51.8604690786451,0.185154497623444,-8.10935401916504,6.12002754211426,22.6978607177734,0.255512356758118,2.27593159675598,-0.430136859416962,0.901863396324975,0.883344298239383,2.60756073481719
128798,0.0166665,51.8771355785429,0.0343976616859436,-8.08158302307129,5.96927070617676,22.7454681396484,0.189594373106956,2.26952290534973,-0.404502093791962,0.891645316771835,1.0079829646797,2.63842620900167
128802,0.016668,51.8938035778701,0.185154497623444,-8.15696144104004,6.02084541320801,22.7454681396484,0.243610486388206,2.28234028816223,-0.410910785198212,0.937995524738146,0.945835390263069,2.62201043035309
128804,0.0166664,51.9104699771851,0.185154497623444,-8.15696144104004,6.02084541320801,22.7454681396484,0.243610486388206,2.28234028816223,-0.410910785198212,0.937995524738146,0.945835390263069,2.62201043035309
128810,0.0166673,51.9271372780204,0.0343976616859436,-8.18076515197754,5.96927070617676,22.7216644287109,0.238117322325706,2.29515767097473,-0.430136859416962,0.857345629532469,0.937329662536712,2.58921499523534
128812,0.0166653,51.9438025783747,0.0343976616859436,-8.18076515197754,5.96927070617676,22.7216644287109,0.238117322325706,2.29515767097473,-0.430136859416962,0.857345629532469,0.937329662536712,2.58921499523534
128816,0.0166672,51.9604697786272,0.0859723687171936,-8.10935401916504,5.96927070617676,22.6700897216797,0.184101209044456,2.28234028816223,-0.398093402385712,0.828977786484742,0.943321332613302,2.57531835557844
128820,0.0181145,51.9785842783749,0.0343976616859436,-8.08158302307129,5.94546699523926,22.6978607177734,0.184101209044456,2.28234028816223,-0.417319476604462,0.851867518987426,0.941298466792268,2.57422218861131
128822,0.0205661,51.9991503786296,0.0343976616859436,-8.10935401916504,5.92166328430176,22.6700897216797,0.231708630919456,2.28234028816223,-0.391684710979462,0.860704816916837,1.03463685261263,2.58810903903579
128828,0.0166684,52.0158187784255,-3.3139910697937,3.46718406677246,-1.59634184837341,11.0261068344116,0.0110665466636419,0.526358723640442,-0.1664649695158,-1.87161592913093,1.60064447878222,3.91578734849216
128830,0.0184833,52.0343020781875,-3.3139910697937,3.46718406677246,-1.59634184837341,11.0261068344116,0.0110665466636419,0.526358723640442,-0.1664649695158,-1.87161592913093,1.60064447878222,3.91578734849216
128834,0.0166697,52.0509717781097,-3.71468687057495,-5.51078224182129,0.307954967021942,15.2195272445679,0.0705758258700371,1.81084358692169,-0.0126563757658005,0.280494200138187,-0.729549305225875,-2.42759312806899
128836,0.0193109,52.0702826771885,-2.7903094291687,-7.49045753479004,1.03396821022034,17.9767913818359,0.153888806700706,2.26952290534973,0.0129783898591995,0.826979064930851,-0.545178836826244,-1.5285704563465
128842,0.0166683,52.0869509764016,-3.51632261276245,-9.37095069885254,0.331758677959442,13.5334310531616,0.0943795368075371,1.12969124317169,0.1228416711092,3.30648292351882,0.451824321379945,0.0924339494968349
128844,0.0192921,52.1062430758029,-2.6157488822937,-12.53684425354,3.43814301490784,16.8104095458984,0.267414212226868,1.89598762989044,0.16770251095295,-0.914684745828775,-0.675253261284978,0.7612912388732
128850,0.0166679,52.1229109764099,-2.6157488822937,-12.53684425354,3.43814301490784,16.8104095458984,0.267414212226868,1.89598762989044,0.16770251095295,-0.914684745828775,-0.675253261284978,0.7612912388732
128852,0.0219334,52.1448443755507,-0.437709271907806,-8.70047950744629,5.69552803039551,21.5275115966797,0.315021634101868,2.43340229988098,0.2253807336092,-1.01726615746488,0.283283600015141,-0.277500685552328
128856,0.0166682,52.1615125760436,-0.437709271907806,-8.70047950744629,5.69552803039551,21.5275115966797,0.315021634101868,2.43340229988098,0.2253807336092,-1.01726615746488,0.283283600015141,-0.277500685552328
128858,0.0166668,52.1781793758273,-0.437709271907806,-8.70047950744629,5.69552803039551,21.5275115966797,0.315021634101868,2.43340229988098,0.2253807336092,-1.01726615746488,0.283283600015141,-0.277500685552328
128860,0.0166701,52.1948494762182,0.637425005435944,-6.89536476135254,7.44906806945801,20.9562225341797,0.547565579414368,1.78429329395294,0.354470074176788,-1.44521050189246,1.43951905588531,0.576866303609735
128864,0.0166673,52.2115167770535,0.637425005435944,-6.89536476135254,7.44906806945801,20.9562225341797,0.547565579414368,1.78429329395294,0.354470074176788,-1.44521050189246,1.43951905588531,0.576866303609735
128868,0.0166644,52.2281811777502,0.637425005435944,-6.89536476135254,7.44906806945801,20.9562225341797,0.547565579414368,1.78429329395294,0.354470074176788,-1.44521050189246,1.43951905588531,0.576866303609735
128872,0.0166669,52.2448480781168,-1.69137144088745,-4.89188575744629,4.79495429992676,21.4045257568359,0.231708630919456,1.93535530567169,0.2381981164217,-3.49265000294816,-0.157221560530026,0.446531034665352
128876,0.016669,52.2615170776844,-1.69137144088745,-4.89188575744629,4.79495429992676,21.4045257568359,0.231708630919456,1.93535530567169,0.2381981164217,-3.49265000294816,-0.157221560530026,0.446531034665352
128880,0.0166652,52.2781822774559,-1.1399188041687,-3.20975685119629,5.84628486633301,20.4127044677734,0.261921048164368,2.58995747566223,0.18051989376545,-0.802978216153213,1.78864405995406,-0.499288531400454
128882,0.0212507,52.299432978034,-1.1399188041687,-3.20975685119629,5.84628486633301,20.4127044677734,0.261921048164368,2.58995747566223,0.18051989376545,-0.802978216153213,1.78864405995406,-0.499288531400454
128888,0.0166681,52.316101077944,-0.290919721126556,-3.36051368713379,6.77462959289551,20.9562225341797,0.452350735664368,2.44621968269348,0.23178942501545,-3.38229810835605,-0.531212958795114,0.39595654400152
128890,0.0182968,52.3343978784978,-0.112391889095306,-3.65806007385254,7.07217597961426,20.9839935302734,0.369037747383118,2.75383687019348,0.19333727657795,-3.53297422763383,-0.255869075002104,0.0625191947613613
128894,0.0166738,52.351071678102,-0.112391889095306,-3.65806007385254,7.07217597961426,20.9839935302734,0.369037747383118,2.75383687019348,0.19333727657795,-3.53297422763383,-0.255869075002104,0.0625191947613613
128898,0.0198148,52.3708864785731,-0.314723432064056,-2.56705665588379,6.92141914367676,23.2691497802734,0.630878567695618,2.35466694831848,0.2381981164217,-2.07586329398388,-0.521517915684456,-0.70286310667686
128902,0.0166671,52.3875535782427,-0.314723432064056,-2.56705665588379,6.92141914367676,23.2691497802734,0.630878567695618,2.35466694831848,0.2381981164217,-2.07586329398388,-0.521517915684456,-0.70286310667686
128904,0.0166666,52.4042201787233,-0.314723432064056,-2.64243507385254,6.94919013977051,22.9200286865234,0.464252591133118,3.08800435066223,0.1997459679842,-2.09866692878241,-0.420355425608459,-0.533426740355458
128908,0.0166682,52.4208883792162,0.260532915592194,-2.61863136291504,5.96927070617676,21.8766326904297,0.440448880195618,2.53136372566223,0.0779808312654495,-2.16168778097102,-0.527488624063815,-0.812397713305918
128912,0.0199451,52.440833479166,0.260532915592194,-2.61863136291504,5.96927070617676,21.8766326904297,0.440448880195618,2.53136372566223,0.0779808312654495,-2.16168778097102,-0.527488624063815,-0.812397713305918
128916,0.0166682,52.4575016796589,1.2880597114563,-2.54325294494629,7.02456855773926,21.0554046630859,0.875324368476868,2.02690815925598,-0.1023780554533,-0.685377789310552,-0.350056657667296,0.159582718682156
128918,0.0187145,52.47621618025,1.2880597114563,-2.54325294494629,7.02456855773926,21.0554046630859,0.875324368476868,2.02690815925598,-0.1023780554533,-0.685377789310552,-0.350056657667296,0.159582718682156
128922,0.0166681,52.4928842801601,1.23648500442505,-4.39994239807129,7.12375068664551,20.2619476318359,1.07857143878937,2.26952290534973,-0.2250587195158,-1.12114736675493,-0.119381374989777,0.219701843319968
128926,0.0181649,52.5110491793603,1.23648500442505,-4.39994239807129,7.12375068664551,20.2619476318359,1.07857143878937,2.26952290534973,-0.2250587195158,-1.12114736675493,-0.119381374989777,0.219701843319968
128930,0.0166679,52.5277170799673,0.661228716373444,-4.59433937072754,6.89761543273926,20.2143402099609,0.810321927070618,2.47185444831848,-0.257102191448212,-0.725123419638947,0.245152954894101,-0.429585785146967
128932,0.0171131,52.5448301807046,0.109776079654694,-8.15696144104004,6.79843330383301,20.8332366943359,0.750812649726868,2.89116597175598,-0.295554339885712,0.0208460712446337,0.619529646778941,-0.459774406338236
128936,0.016668,52.5614981800318,0.109776079654694,-8.15696144104004,6.79843330383301,20.8332366943359,0.750812649726868,2.89116597175598,-0.295554339885712,0.0208460712446337,0.619529646778941,-0.459774406338236
128940,0.0182955,52.5797936804593,-0.112391889095306,-6.25266456604004,6.62387275695801,18.6472625732422,1.08406460285187,2.26311421394348,-0.2122413367033,1.31695846857503,1.64747101355791,-2.02601193365265
128942,0.0166706,52.5964642800391,2.7876935005188,-5.58616065979004,8.07589912414551,20.4127044677734,0.559467434883118,2.51122212409973,-0.359641253948212,-0.820305714517405,0.44392131431094,-0.818102984959098
128944,0.0166648,52.6131290793419,2.7876935005188,-5.58616065979004,8.07589912414551,20.4127044677734,0.559467434883118,2.51122212409973,-0.359641253948212,-0.820305714517405,0.44392131431094,-0.818102984959098
128948,0.0166679,52.6297969799489,3.51370668411255,-5.75675392150879,8.50039863586426,20.3849334716797,0.618976712226868,2.69524312019348,-0.327597796916962,-0.317340767067799,0.187960687127683,-1.25550345815881
128952,0.0166662,52.6464631799608,3.71207094192505,-9.41855812072754,9.25418281555176,22.8208465576172,0.457843899726868,2.76024556159973,-0.463095843791962,1.3113316413661,0.658557174509765,-1.94752000320049
128954,0.0166671,52.6631302796304,3.71207094192505,-9.41855812072754,9.25418281555176,22.8208465576172,0.457843899726868,2.76024556159973,-0.463095843791962,1.3113316413661,0.658557174509765,-1.94752000320049
128960,0.0166665,52.6797967795283,3.68826723098755,-10.5333652496338,9.45254707336426,22.1741790771484,0.702289700508118,2.67510151863098,-0.410910785198212,2.24450366963252,0.52249459238989,-2.77457049121174
128962,0.0166694,52.6964661795646,0.359715044498444,-11.0530796051025,6.02084541320801,21.6266937255859,-0.0365408733487129,2.61009907722473,-0.559226214885712,4.08941314998933,2.04846272037456,-3.35598794120587
128966,0.0166636,52.7131297793239,0.359715044498444,-11.0530796051025,6.02084541320801,21.6266937255859,-0.0365408733487129,2.61009907722473,-0.559226214885712,4.08941314998933,2.04846272037456,-3.35598794120587
128970,0.0166684,52.7297981791198,5.8901104927063,-13.86985206604,10.130952835083,19.8414154052734,1.06026089191437,2.23015522956848,-0.276328265666962,1.0985100780696,-2.52971802438046,-2.10968045657943
128972,0.0166663,52.7464644797146,5.8901104927063,-13.86985206604,10.130952835083,19.8414154052734,1.06026089191437,2.23015522956848,-0.276328265666962,1.0985100780696,-2.52971802438046,-2.10968045657943
128976,0.0166672,52.763131679967,3.83902406692505,-14.3895664215088,7.54825019836426,19.1947479248047,1.16188442707062,2.00676655769348,-0.1792823523283,2.90549221231498,-2.67987433170586,-4.40582947906636
128980,0.0222253,52.7853569798172,-3.84163999557495,-13.42551612854,2.26382660865784,18.7226409912109,-0.0365408733487129,2.74742817878723,-0.417319476604462,5.82697891432444,2.37267455603304,-3.48793422800417
128982,0.0171322,52.8024891801178,-3.84163999557495,-13.42551612854,2.26382660865784,18.7226409912109,-0.0365408733487129,2.74742817878723,-0.417319476604462,5.82697891432444,2.37267455603304,-3.48793422800417
128988,0.0166679,52.8191570807248,-1.36605405807495,-15.4805698394775,2.48599457740784,17.1317596435547,1.13167202472687,2.11846089363098,-0.0575172156095505,2.55703514050577,-1.69888124001817,-3.1985158542162
128990,0.0187032,52.8378602806479,-1.36605405807495,-15.4805698394775,2.48599457740784,17.1317596435547,1.13167202472687,2.11846089363098,-0.0575172156095505,2.55703514050577,-1.69888124001817,-3.1985158542162
128996,0.0166678,52.854528080672,1.41104555130005,-14.5641269683838,4.41806221008301,16.4612884521484,1.51985561847687,1.75133430957794,-0.17287366092205,4.003174188937,-2.90185723203264,-5.32273637259435
128998,0.0200608,52.874588880688,1.41104555130005,-14.5641269683838,4.41806221008301,16.4612884521484,1.51985561847687,1.75133430957794,-0.17287366092205,4.003174188937,-2.90185723203264,-5.32273637259435
129002,0.0166682,52.8912570811808,1.41104555130005,-14.5641269683838,4.41806221008301,16.4612884521484,1.51985561847687,1.75133430957794,-0.17287366092205,4.003174188937,-2.90185723203264,-5.32273637259435
129004,0.0184115,52.9096685815603,0.411289751529694,-12.9573764801025,3.91421723365784,16.2391204833984,0.577777981758118,2.09923481941223,-0.430136859416962,5.67798690420076,0.266513221984336,-4.9011100197739
129010,0.0166678,52.9263363815844,0.411289751529694,-12.9573764801025,3.91421723365784,16.2391204833984,0.577777981758118,2.09923481941223,-0.430136859416962,5.67798690420076,0.266513221984336,-4.9011100197739
129012,0.0181145,52.9444508813322,0.411289751529694,-12.9573764801025,3.91421723365784,16.2391204833984,0.577777981758118,2.09923481941223,-0.430136859416962,5.67798690420076,0.266513221984336,-4.9011100197739
129016,0.0166681,52.9611189812422,-1.6636004447937,-11.8663730621338,2.23605561256409,17.4808807373047,0.583271145820618,2.40044331550598,-0.385276019573212,5.29492017629342,0.987783954077765,-5.0254732715962
129018,0.0166656,52.9777845814824,-1.6636004447937,-11.8663730621338,2.23605561256409,17.4808807373047,0.583271145820618,2.40044331550598,-0.385276019573212,5.29492017629342,0.987783954077765,-5.0254732715962
129024,0.0166672,52.9944517817348,-0.838405072689056,-11.346658706665,2.93826508522034,16.4374847412109,0.863422513008118,2.03331685066223,-0.1792823523283,4.73226004946503,-0.434862158844163,-5.11519255852849
129026,0.018346,53.0127977821976,-0.838405072689056,-11.346658706665,2.93826508522034,16.4374847412109,0.863422513008118,2.03331685066223,-0.1792823523283,4.73226004946503,-0.434862158844163,-5.11519255852849
129030,0.0166679,53.0294656828046,0.609654009342194,-11.7949619293213,4.14035224914551,15.8899984359741,1.07216274738312,1.85661995410919,-0.1408302038908,2.96325922047845,-0.459932886573114,-4.07293640820544
129032,0.0166663,53.0461319833994,0.312107622623444,-11.8187656402588,3.94198822975159,15.7908163070679,0.995258450508118,1.90880501270294,-0.14723889529705,2.74035251014432,-0.308844961543239,-3.73448702557007
129036,0.0166676,53.0627995841205,0.312107622623444,-11.8187656402588,3.94198822975159,15.7908163070679,0.995258450508118,1.90880501270294,-0.14723889529705,2.74035251014432,-0.308844961543239,-3.73448702557007
129038,0.0166657,53.0794652849436,0.788181841373444,-10.7555332183838,4.34268379211426,16.5128631591797,0.762714505195618,2.11205220222473,-0.295554339885712,3.86459435098545,0.811993249297123,-4.68801838794405
129042,0.0166691,53.096134385094,0.962742388248444,-10.7039585113525,4.44186592102051,16.1915130615234,0.738910794258118,1.98754036426544,-0.1151954382658,3.79086054565316,0.684052270375805,-4.86031450690775
129046,0.0166664,53.112800784409,0.962742388248444,-10.7039585113525,4.44186592102051,16.1915130615234,0.738910794258118,1.98754036426544,-0.1151954382658,3.79086054565316,0.684052270375805,-4.86031450690775
129050,0.0166683,53.1294690836221,1.03812074661255,-10.5809726715088,4.71957588195801,15.9891805648804,0.654682278633118,1.99394905567169,-0.2122413367033,4.06461199343642,0.830381853580662,-5.10233241999309
129052,0.0166657,53.1461347844452,1.4864239692688,-10.8031406402588,5.54477119445801,15.4456624984741,0.696796536445618,1.93535530567169,-0.0126563757658005,2.31166056197149,1.11475967934064,-3.59581333182339
129058,0.0166686,53.1628033835441,1.4864239692688,-10.8031406402588,5.54477119445801,15.4456624984741,0.696796536445618,1.93535530567169,-0.0126563757658005,2.31166056197149,1.11475967934064,-3.59581333182339
129060,0.0189385,53.1817418839782,2.53775453567505,-10.3588047027588,6.34616279602051,15.2949056625366,0.946735501289368,1.85021126270294,0.1741112023592,2.22759799226783,1.24193446752107,-3.25753359479986
129064,0.016673,53.1984148845077,1.3118634223938,-9.86289405822754,5.69552803039551,15.4456624984741,0.345234036445618,2.13127827644348,0.14206774532795,2.95123623114292,2.57800144037186,-3.57155402313028
129066,0.0179626,53.2163774836808,1.3118634223938,-9.86289405822754,5.69552803039551,15.4456624984741,0.345234036445618,2.13127827644348,0.14206774532795,2.95123623114292,2.57800144037186,-3.57155402313028
129070,0.0166682,53.2330456841737,2.08548402786255,-8.65287208557129,6.49691963195801,14.5490560531616,0.153888806700706,2.01409077644348,0.15488512814045,2.70315228588729,4.81845895506061,-3.53838399277606
129072,0.0192314,53.2522770836949,2.08548402786255,-8.65287208557129,6.49691963195801,14.5490560531616,0.153888806700706,2.01409077644348,0.15488512814045,2.70315228588729,4.81845895506061,-3.53838399277606
129078,0.0166671,53.2689441833645,2.08548402786255,-8.65287208557129,6.49691963195801,14.5490560531616,0.153888806700706,2.01409077644348,0.15488512814045,2.70315228588729,4.81845895506061,-3.53838399277606
129080,0.0166669,53.2856110837311,-1.21529722213745,-7.91098976135254,3.41433930397034,16.3144989013672,0.559467434883118,2.26952290534973,0.2381981164217,2.36049892124312,4.82587819128509,-2.29247227976484
129082,0.0166675,53.3022785838693,-1.21529722213745,-7.91098976135254,3.41433930397034,16.3144989013672,0.559467434883118,2.26952290534973,0.2381981164217,2.36049892124312,4.82587819128509,-2.29247227976484
129086,0.0166683,53.3189468830824,-1.21529722213745,-7.91098976135254,3.41433930397034,16.3144989013672,0.559467434883118,2.26952290534973,0.2381981164217,2.36049892124312,4.82587819128509,-2.29247227976484
129090,0.0166663,53.3356131836772,7.5881085395813,-12.2392978668213,10.8331623077393,17.7546234130859,0.881733059883118,1.67992317676544,0.302285015583038,-0.726702730287459,-0.668735947150873,-1.82299451454786
129092,0.0166673,53.3522804845124,7.5881085395813,-12.2392978668213,10.8331623077393,17.7546234130859,0.881733059883118,1.67992317676544,0.302285015583038,-0.726702730287459,-0.668735947150873,-1.82299451454786
129096,0.0166669,53.368947384879,5.8901104927063,-11.2474765777588,9.23037910461426,17.7546234130859,1.06026089191437,1.71196663379669,0.354470074176788,-0.743310169724977,0.327592710259809,-1.3531915066097
129102,0.0166664,53.385613784194,-2.08809995651245,-8.08158302307129,2.66452240943909,15.7908163070679,-0.0667532756924629,2.57714009284973,0.0129783898591995,2.71182602857776,7.13603699794716,-2.08620074375056
129104,0.0188987,53.4045124836266,-4.71444272994995,-6.84775733947754,0.256380259990692,16.5882415771484,1.09596645832062,2.36748433113098,0.276650249958038,0.497189482404857,5.96183427375308,-0.714883667063464
129108,0.0166669,53.4211793839931,6.3899884223938,-13.1279697418213,9.65487861633301,16.3144989013672,-0.280986666679382,2.04613423347473,-0.0382911413908005,1.45050287074033,0.844239297737538,-3.80047000436635
129110,0.0173256,53.4385049846023,6.3899884223938,-13.1279697418213,9.65487861633301,16.3144989013672,-0.280986666679382,2.04613423347473,-0.0382911413908005,1.45050287074033,0.844239297737538,-3.80047000436635
129114,0.0166691,53.4551740847528,8.36569690704346,-13.5008945465088,11.4599933624268,16.6120452880859,-0.0667532756924629,2.30889058113098,0.0715721398591995,0.615244021970226,0.184784554059335,-3.34872979348901
129118,0.0166661,53.4718401841819,-3.9408221244812,-8.23233985900879,0.430940806865692,15.8185873031616,0.0824776813387871,2.88475728034973,0.0514305382966995,0.938031239757965,6.17025796288973,-1.27644696988521
129122,0.0172688,53.4891089834273,-3.9408221244812,-8.23233985900879,0.430940806865692,15.8185873031616,0.0824776813387871,2.88475728034973,0.0514305382966995,0.938031239757965,6.17025796288973,-1.27644696988521
129124,0.0188123,53.5079212840647,3.4621319770813,-14.4133701324463,6.52072334289551,16.3383026123047,0.470661282539368,2.15141987800598,0.302285015583038,2.39385049211806,1.94569054102637,-3.69552907988001
129130,0.0166665,53.5245877839625,-5.01595640182495,-9.31937599182129,-1.44558501243591,16.4374847412109,0.428547024726868,2.82616353034973,0.0715721398591995,1.84640200701708,7.43454212021602,-1.67678261284272
129132,0.0191843,53.5437720846385,-5.01595640182495,-9.31937599182129,-1.44558501243591,16.4374847412109,0.428547024726868,2.82616353034973,0.0715721398591995,1.84640200701708,7.43454212021602,-1.67678261284272
129136,0.0166686,53.5604406837374,6.68753480911255,-15.10764503479,9.17880439758301,15.7194051742554,0.0824776813387871,1.69274055957794,0.302285015583038,1.0849595795589,-0.470009690952927,-1.28305322860601
129138,0.0178959,53.5783365834504,6.68753480911255,-15.10764503479,9.17880439758301,15.7194051742554,0.0824776813387871,1.69274055957794,0.302285015583038,1.0849595795589,-0.470009690952927,-1.28305322860601
129144,0.0166687,53.5950052831322,-1.04073667526245,-10.9261264801025,1.73617768287659,15.8423910140991,1.07857143878937,2.17705464363098,0.540322124958038,1.2062142687085,4.4607445703254,-2.02582806995875
129146,0.017608,53.6126132830977,-2.51656675338745,-12.9058017730713,0.157198131084442,14.2515096664429,1.02455532550812,2.10564351081848,0.424965679645538,3.49557798047683,3.287035785714,-3.77377308194926
129150,0.0166671,53.6292803827673,-2.51656675338745,-12.9058017730713,0.157198131084442,14.2515096664429,1.02455532550812,2.10564351081848,0.424965679645538,3.49557798047683,3.287035785714,-3.77377308194926
129152,0.0166671,53.6459474824369,-2.51656675338745,-12.9058017730713,0.157198131084442,14.2515096664429,1.02455532550812,2.10564351081848,0.424965679645538,3.49557798047683,3.287035785714,-3.77377308194926
129156,0.0170817,53.6630291827023,-6.0672869682312,-15.90110206604,-3.77834868431091,13.0375204086304,1.12617886066437,2.45903706550598,0.373696148395538,2.70727984263655,5.17259197367773,-4.57240141124603
129158,0.0166641,53.6796932835132,-6.0672869682312,-15.90110206604,-3.77834868431091,13.0375204086304,1.12617886066437,2.45903706550598,0.373696148395538,2.70727984263655,5.17259197367773,-4.57240141124603
129164,0.0166699,53.6963631827384,-0.187770307064056,-18.3965244293213,1.41086030006409,14.1047201156616,0.696796536445618,2.12486958503723,0.405739605426788,1.4343350261889,2.10885890510359,-2.53906124127511
129166,0.0166645,53.7130276821554,-0.187770307064056,-18.3965244293213,1.41086030006409,14.1047201156616,0.696796536445618,2.12486958503723,0.405739605426788,1.4343350261889,2.10885890510359,-2.53906124127511
129170,0.0166685,53.7296961825341,-1.04073667526245,-19.0154209136963,0.383333384990692,14.2277059555054,0.445942044258118,2.63573384284973,0.322426617145538,1.64336355749568,2.47400353071027,-2.65257112852204
129172,0.0198995,53.749595683068,-0.163966596126556,-18.47190284729,1.16092133522034,14.7989950180054,0.428547024726868,2.56432271003723,0.367287456989288,1.18798344975927,1.79152443901207,-1.77874115930362
129178,0.0166679,53.766263583675,-0.163966596126556,-18.47190284729,1.16092133522034,14.7989950180054,0.428547024726868,2.56432271003723,0.367287456989288,1.18798344975927,1.79152443901207,-1.77874115930362
129180,0.0166659,53.7829294838011,-0.838405072689056,-18.0513706207275,0.181001842021942,14.0769491195679,0.404743313789368,2.30156636238098,0.360878765583038,0,0,0
129182,0.0166685,53.7995979841799,-0.838405072689056,-18.0513706207275,0.181001842021942,14.0769491195679,0.404743313789368,2.30156636238098,0.360878765583038,0,0,0
129186,0.0166668,53.8162647839636,-0.838405072689056,-18.0513706207275,0.181001842021942,14.0769491195679,0.404743313789368,2.30156636238098,0.360878765583038,0,0,0
129188,0.0166674,53.832932183519,-1.3144793510437,-19.9040927886963,-0.596586048603058,13.1605062484741,0.452350735664368,2.41966938972473,0.431374371051788,0,0,0
129192,0.0166665,53.8495986834168,-1.3144793510437,-19.9040927886963,-0.596586048603058,13.1605062484741,0.452350735664368,2.41966938972473,0.431374371051788,0,0,0
129196,0.0166688,53.8662674836814,-1.3144793510437,-19.9040927886963,-0.596586048603058,13.1605062484741,0.452350735664368,2.41966938972473,0.431374371051788,0,0,0
129200,0.0166654,53.882932882756,-0.263148725032806,-22.1813144683838,0.280183970928192,13.7317953109741,0.0824776813387871,2.59636616706848,0.322426617145538,0,0,0
129204,0.0166666,53.8995994832367,-0.263148725032806,-22.1813144683838,0.280183970928192,13.7317953109741,0.0824776813387871,2.59636616706848,0.322426617145538,0,0,0
129206,0.0166676,53.9162670839578,-0.663844525814056,-18.8408603668213,-0.243497669696808,13.9539632797241,-0.0365408733487129,2.76024556159973,0.276650249958038,0,0,0
129210,0.0166661,53.9329331833869,0.486668169498444,-22.5780429840088,0.807832896709442,13.9301595687866,0.238117322325706,2.22374653816223,0.533913433551788,0,0,0
129212,0.0177103,53.9506434835494,0.486668169498444,-22.5780429840088,0.807832896709442,13.9301595687866,0.238117322325706,2.22374653816223,0.533913433551788,0,0,0
129218,0.0166687,53.9673121832311,2.51395082473755,-21.7845859527588,2.71212983131409,11.5934286117554,-0.316692233085632,2.32170796394348,0.431374371051788,0,0,0
129220,0.0198848,53.9871969837695,2.51395082473755,-21.7845859527588,2.71212983131409,11.5934286117554,-0.316692233085632,2.32170796394348,0.431374371051788,0,0,0
129224,0.0166676,54.0038645844907,2.51395082473755,-21.7845859527588,2.71212983131409,11.5934286117554,-0.316692233085632,2.32170796394348,0.431374371051788,0,0,0
129228,0.0182153,54.022079885006,1.8117413520813,-22.4788608551025,1.98611664772034,10.8237752914429,-0.138164415955544,2.19078755378723,0.476235210895538,0,0,0
129232,0.0175042,54.0395840853453,1.8117413520813,-22.4788608551025,1.98611664772034,10.8237752914429,-0.138164415955544,2.19078755378723,0.476235210895538,0,0,0
129234,0.0206235,54.0602075848728,-2.8141131401062,-21.3164463043213,-2.85000395774841,11.3712606430054,-0.394512057304382,2.81975483894348,0.1228416711092,0,0,0
129240,0.0166683,54.0768758840859,-2.8141131401062,-21.3164463043213,-2.85000395774841,11.3712606430054,-0.394512057304382,2.81975483894348,0.1228416711092,0,0,0
129242,0.0185161,54.0953919831663,-1.88973569869995,-21.3640537261963,-1.89785552024841,10.8515462875366,-0.335002779960632,2.66869282722473,0.1612938195467,0,0,0
129246,0.0166668,54.11205878295,-1.23910093307495,-21.0942783355713,-1.37020659446716,11.3236532211304,-0.0722464397549629,2.70165181159973,0.302285015583038,0,0,0
129248,0.0190534,54.1311121825129,-1.23910093307495,-21.0942783355713,-1.37020659446716,11.3236532211304,-0.0722464397549629,2.70165181159973,0.302285015583038,0,0,0
129254,0.0166693,54.1477814819664,-1.5128436088562,-20.8443393707275,-1.59634184837341,12.9859457015991,-0.423808932304382,3.27110981941223,0.000161007046699524,0,0,0
129258,0.0197951,54.1675765812397,-1.5128436088562,-20.8443393707275,-1.59634184837341,12.9859457015991,-0.423808932304382,3.27110981941223,0.000161007046699524,0,0,0
129260,0.0178199,54.1853964813054,1.06192445755005,-21.26487159729,1.30771088600159,12.0655355453491,-0.203166857361794,2.55058979988098,0.23178942501545,0,0,0
129264,0.0170495,54.2024459820241,-1.5128436088562,-20.8959140777588,-1.59634184837341,12.3154745101929,-0.280986666679382,3.39562153816223,0.10361559689045,0,0,0
129268,0.0195551,54.2220010813326,-1.5128436088562,-20.8959140777588,-1.59634184837341,12.3154745101929,-0.280986666679382,3.39562153816223,0.10361559689045,0,0,0
129270,0.0166684,54.2386694811285,1.9386944770813,-20.201639175415,2.13687348365784,11.4228353500366,-0.471416354179382,2.78679585456848,0.14206774532795,0,0,0
129272,0.0166667,54.2553361803293,0.0105939507484436,-20.15403175354,0.133394420146942,12.7122030258179,-0.573039889335632,3.14018940925598,0.00656969845294952,0,0,0
129276,0.0166681,54.2720042802393,0.0105939507484436,-20.15403175354,0.133394420146942,12.7122030258179,-0.573039889335632,3.14018940925598,0.00656969845294952,0,0,0
129280,0.0166656,54.2886698804796,-2.23885679244995,-19.6819248199463,-1.64791655540466,13.7317953109741,-0.238872423768044,3.53386616706848,0.1100242882967,0,0,0
129284,0.0166673,54.3053371813148,-2.23885679244995,-19.6819248199463,-1.64791655540466,13.7317953109741,-0.238872423768044,3.53386616706848,0.1100242882967,0,0,0
129288,0.0166684,54.3220055811107,-2.23885679244995,-19.6819248199463,-1.64791655540466,13.7317953109741,-0.238872423768044,3.53386616706848,0.1100242882967,0,0,0
129290,0.0166655,54.3386710807681,0.685032427310944,-20.37619972229,1.33548188209534,13.0375204086304,0.0769845172762871,2.60369038581848,0.341652691364288,0,0,0
129292,0.0166662,54.3553372807801,0.685032427310944,-20.37619972229,1.33548188209534,13.0375204086304,0.0769845172762871,2.60369038581848,0.341652691364288,0,0,0
129298,0.0166677,54.3720049802214,1.6371808052063,-19.8326816558838,2.08529877662659,12.8867635726929,-0.411907076835632,2.82616353034973,0.1997459679842,0,0,0
129300,0.0166657,54.3886706810445,1.6371808052063,-19.8326816558838,2.08529877662659,12.8867635726929,-0.411907076835632,2.82616353034973,0.1997459679842,0,0,0
129304,0.0166673,54.4053379818797,1.6371808052063,-19.8326816558838,2.08529877662659,12.8867635726929,-0.411907076835632,2.82616353034973,0.1997459679842,0,0,0
129308,0.0187595,54.424097482115,0.387486040592194,-19.48752784729,1.01016449928284,11.8433675765991,-0.0786551311612129,2.55058979988098,0.1228416711092,0,0,0
129312,0.0182662,54.4423636812717,0.387486040592194,-19.48752784729,1.01016449928284,11.8433675765991,-0.0786551311612129,2.55058979988098,0.1228416711092,0,0,0
129316,0.0186411,54.4610047806054,0.185154497623444,-19.3883457183838,0.859407603740692,13.0097494125366,-0.114360697567463,2.78679585456848,0.0193870812654495,0,0,0
129320,0.016668,54.4776727799326,-0.989161908626556,-18.741678237915,0.0580160096287727,12.1924886703491,-0.328594088554382,3.02941060066223,-0.14723889529705,0,0,0
129322,0.0209673,54.4986400790513,-0.989161908626556,-18.741678237915,0.0580160096287727,12.1924886703491,-0.328594088554382,3.02941060066223,-0.14723889529705,0,0,0
129326,0.0166666,54.5153066795319,-0.513087689876556,-19.0669956207275,0.581697642803192,12.8113851547241,-0.352397799491882,3.04863667488098,-0.21865002810955,0,0,0
129330,0.0179264,54.5332330800593,-0.513087689876556,-19.0669956207275,0.581697642803192,12.8113851547241,-0.352397799491882,3.04863667488098,-0.21865002810955,0,0,0
129334,0.0166682,54.5499012805521,-0.215541303157806,-18.4203281402588,0.760225474834442,12.2916707992554,-0.215068712830544,2.75383687019348,-0.18569104373455,0,0,0
129336,0.0169426,54.5668438803405,-0.290919721126556,-18.8170566558838,0.760225474834442,12.3670492172241,-0.316692233085632,2.90489888191223,-0.257102191448212,0,0,0
129340,0.0166679,54.5835117809474,-0.290919721126556,-18.8170566558838,0.760225474834442,12.3670492172241,-0.316692233085632,2.90489888191223,-0.257102191448212,0,0,0
129342,0.0184055,54.6019172817469,-0.187770307064056,-18.6702671051025,0.760225474834442,11.7441854476929,-0.352397799491882,2.81334614753723,-0.250693500041962,0,0,0
129348,0.0166685,54.6185857821256,-0.187770307064056,-18.6702671051025,0.760225474834442,11.7441854476929,-0.352397799491882,2.81334614753723,-0.250693500041962,0,0,0
129352,0.0184265,54.6370122823864,-0.314723432064056,-18.297342300415,0.581697642803192,11.7441854476929,-0.311199069023132,2.74742817878723,-0.276328265666962,0,0,0
129354,0.0201042,54.6571164820343,-0.314723432064056,-18.297342300415,0.581697642803192,11.7441854476929,-0.311199069023132,2.74742817878723,-0.276328265666962,0,0,0
129358,0.0166678,54.6737842820585,-0.314723432064056,-18.297342300415,0.581697642803192,11.7441854476929,-0.311199069023132,2.74742817878723,-0.276328265666962,0,0,0
129360,0.0166663,54.6904505826533,-0.215541303157806,-18.4957065582275,0.684847056865692,12.1409139633179,-0.352397799491882,2.81334614753723,-0.295554339885712,0,0,0
129366,0.0166694,54.7071199826896,-0.437709271907806,-18.646463394165,0.407137095928192,12.2400960922241,-0.238872423768044,2.82616353034973,-0.295554339885712,0,0,0
129368,0.0166646,54.7237845826894,-0.437709271907806,-18.646463394165,0.407137095928192,12.2400960922241,-0.238872423768044,2.82616353034973,-0.295554339885712,0,0,0
129372,0.0166681,54.7404526825994,-0.814601361751556,-18.7932529449463,0.208772838115692,12.4384603500366,-0.161968126893044,2.82616353034973,-0.276328265666962,0,0,0
129376,0.0174626,54.757915282622,-0.989161908626556,-18.6186923980713,-0.0451334044337273,12.2916707992554,-0.238872423768044,2.87193989753723,-0.308371722698212,0,0,0
129378,0.0193569,54.7772721834481,-0.989161908626556,-18.6186923980713,-0.0451334044337273,12.2916707992554,-0.238872423768044,2.87193989753723,-0.308371722698212,0,0,0
129384,0.0166677,54.7939398828894,-1.06454038619995,-18.741678237915,-0.168119251728058,12.2638998031616,-0.209575548768044,2.83898091316223,-0.327597796916962,0,0,0
129386,0.0188238,54.8127636834979,-1.06454038619995,-18.741678237915,-0.168119251728058,12.2638998031616,-0.209575548768044,2.83898091316223,-0.327597796916962,0,0,0
129390,0.0166698,54.8294334840029,-0.465480268001556,-18.8408603668213,0.383333384990692,12.1647176742554,-0.257182955741882,2.86553120613098,-0.321189105510712,0,0,0
129394,0.0215766,54.8510100841522,-0.465480268001556,-18.8408603668213,0.383333384990692,12.1647176742554,-0.257182955741882,2.86553120613098,-0.321189105510712,0,0,0
129398,0.0166668,54.8676768839359,-0.215541303157806,-19.9040927886963,0.609468638896942,12.7122030258179,-0.370708346366882,2.95708394050598,-0.314780414104462,0,0,0
129400,0.0185215,54.8861983846873,-0.215541303157806,-19.9040927886963,0.609468638896942,12.7122030258179,-0.370708346366882,2.95708394050598,-0.314780414104462,0,0,0
129402,0.0166681,54.9028664845973,-0.215541303157806,-19.9040927886963,0.609468638896942,12.7122030258179,-0.370708346366882,2.95708394050598,-0.314780414104462,0,0,0
129406,0.0166669,54.9195333849639,0.411289751529694,-19.5113315582275,0.807832896709442,12.3670492172241,-0.406413912773132,2.85179829597473,-0.327597796916962,0,0,0
129410,0.0166673,54.9362006857991,0.411289751529694,-19.5113315582275,0.807832896709442,12.3670492172241,-0.406413912773132,2.85179829597473,-0.327597796916962,0,0,0
129412,0.0167027,54.9529033862054,0.411289751529694,-19.5113315582275,0.807832896709442,12.3670492172241,-0.406413912773132,2.85179829597473,-0.327597796916962,0,0,0
129416,0.0166664,54.9695697855204,0.962742388248444,-21.2926425933838,1.10934662818909,12.9383382797241,-0.370708346366882,3.04863667488098,-0.20583264529705,0,0,0
129420,0.0166645,54.9862342849374,0.962742388248444,-21.2926425933838,1.10934662818909,12.9383382797241,-0.370708346366882,3.04863667488098,-0.20583264529705,0,0,0
129424,0.0166669,55.0029011853039,1.1611065864563,-20.550760269165,1.16092133522034,12.0417318344116,-0.394512057304382,2.85912251472473,-0.0959693640470505,0,0,0
129426,0.0166669,55.0195680856705,1.21268129348755,-20.8721103668213,1.18472504615784,12.1647176742554,-0.376201510429382,2.83898091316223,-0.1023780554533,0,0,0
129430,0.016667,55.0362350847572,1.08572816848755,-21.0942783355713,1.05777192115784,12.7122030258179,-0.316692233085632,2.91771626472473,-0.1023780554533,0,0,0
129434,0.0166792,55.0529142841697,1.0103497505188,-22.8755893707275,0.831636607646942,13.0613241195679,-0.394512057304382,3.09441304206848,-0.0318824499845505,0,0,0
129438,0.016667,55.0695812832564,1.0103497505188,-22.8755893707275,0.831636607646942,13.0613241195679,-0.394512057304382,3.09441304206848,-0.0318824499845505,0,0,0
129440,0.0166674,55.0862486828119,0.562046587467194,-22.1337070465088,0.355562388896942,12.6368246078491,-0.335002779960632,3.02941060066223,0.0651634484529495,0,0,0
129444,0.0166673,55.1029159836471,0.585850298404694,-22.1575107574463,0.407137095928192,12.3154745101929,-0.328594088554382,2.99004292488098,0.0779808312654495,0,0,0
129448,0.0179445,55.1208604834974,0.585850298404694,-22.1575107574463,0.407137095928192,12.3154745101929,-0.328594088554382,2.99004292488098,0.0779808312654495,0,0,0
129452,0.0166907,55.137551182881,0.109776079654694,-23.565896987915,-0.219693958759308,12.7637777328491,-0.226970568299294,3.07518696784973,0.21897204220295,0,0,0
129454,0.0171303,55.1546814832836,0.109776079654694,-23.565896987915,-0.219693958759308,12.7637777328491,-0.226970568299294,3.07518696784973,0.21897204220295,0,0,0
129456,0.016669,55.1713504828513,-0.0885881781578064,-23.6412754058838,-0.394254505634308,12.5376424789429,-0.167461290955544,3.04863667488098,0.19333727657795,0,0,0
129460,0.016667,55.188017481938,0.185154497623444,-22.94700050354,-0.144315540790558,12.0179281234741,-0.203166857361794,2.94426655769348,0.21897204220295,0,0,0
129462,0.0166669,55.2046843823045,0.185154497623444,-22.94700050354,-0.144315540790558,12.0179281234741,-0.203166857361794,2.94426655769348,0.21897204220295,0,0,0
129466,0.0166668,55.2213511820883,0.212925493717194,-23.4429111480713,-0.370450794696808,12.6645956039429,-0.143657580018044,3.03581929206848,0.289467632770538,0,0,0
129470,0.0166671,55.2380182817578,0.312107622623444,-23.5420932769775,-0.144315540790558,12.4384603500366,-0.161968126893044,2.97631001472473,0.283058941364288,0,0,0
129474,0.0166676,55.254685882479,0.312107622623444,-23.5420932769775,-0.144315540790558,12.4384603500366,-0.161968126893044,2.97631001472473,0.283058941364288,0,0,0
129478,0.0166655,55.2713513821363,0.811985552310944,-23.7642612457275,0.331758677959442,12.4900350570679,-0.197673693299294,2.94426655769348,0.289467632770538,0,0,0
129480,0.0166666,55.288017982617,0.811985552310944,-23.7642612457275,0.331758677959442,12.4900350570679,-0.197673693299294,2.94426655769348,0.289467632770538,0,0,0
129486,0.0166673,55.3046852834523,0.387486040592194,-23.4429111480713,-0.120511822402477,12.9859457015991,-0.179363146424294,2.88475728034973,0.360878765583038,0,0,0
129488,0.0177765,55.322461783886,0.387486040592194,-23.4429111480713,-0.120511822402477,12.9859457015991,-0.179363146424294,2.88475728034973,0.360878765583038,0,0,0
129492,0.016668,55.3391297832131,0.387486040592194,-23.4429111480713,-0.120511822402477,12.9859457015991,-0.179363146424294,2.88475728034973,0.360878765583038,0,0,0
129494,0.0168825,55.3560122828931,0.161350786685944,-23.9388217926025,-0.418058216571808,12.7637777328491,-0.138164415955544,2.95067524909973,0.309609234333038,0,0,0
129498,0.0166685,55.3726807832718,-0.0885881781578064,-24.010232925415,-0.671964466571808,12.8629598617554,-0.114360697567463,2.94426655769348,0.316017925739288,0,0,0
129500,0.0166654,55.3893461823463,-0.0885881781578064,-24.010232925415,-0.671964466571808,12.8629598617554,-0.114360697567463,2.94426655769348,0.316017925739288,0,0,0
129504,0.0166677,55.4060138817877,-0.338527143001556,-24.6807041168213,-0.969510853290558,12.6368246078491,-0.0603445842862129,2.97631001472473,0.322426617145538,0,0,0
129508,0.0166663,55.4226801823825,-0.338527143001556,-24.6807041168213,-0.969510853290558,12.6368246078491,-0.0603445842862129,2.97631001472473,0.322426617145538,0,0,0
129512,0.0166667,55.4393468815833,-0.338527143001556,-24.6807041168213,-0.969510853290558,12.6368246078491,-0.0603445842862129,2.97631001472473,0.322426617145538,0,0,0
129514,0.0166668,55.456013681367,-0.413905560970306,-23.6412754058838,-1.07266020774841,11.8671712875366,-0.0722464397549629,2.91771626472473,0.23178942501545,0,0,0
129518,0.0168842,55.472897881642,-0.465480268001556,-23.9388217926025,-1.19564604759216,12.4662313461304,-0.0301321838051081,3.02300190925598,0.19333727657795,0,0,0
129520,0.0166671,55.4895649813116,-0.465480268001556,-23.9388217926025,-1.19564604759216,12.4662313461304,-0.0301321838051081,3.02300190925598,0.19333727657795,0,0,0
129524,0.016669,55.5062339808792,-0.489283978939056,-23.9388217926025,-1.27102446556091,11.2482748031616,-0.0667532756924629,2.85912251472473,0.0514305382966995,0,0,0
129526,0.0166663,55.522900281474,-0.489283978939056,-23.9388217926025,-1.27102446556091,11.2482748031616,-0.0667532756924629,2.85912251472473,0.0514305382966995,0,0,0
129530,0.0166709,55.5395711809397,-0.489283978939056,-23.9388217926025,-1.27102446556091,11.2482748031616,-0.0667532756924629,2.85912251472473,0.0514305382966995,0,0,0
129534,0.0166632,55.5562343802303,-0.314723432064056,-24.7798862457275,-1.42178130149841,11.7679891586304,-0.209575548768044,2.95708394050598,-0.1664649695158,0,0,0
129536,0.0166703,55.5729046799243,-0.314723432064056,-24.7798862457275,-1.42178130149841,11.7679891586304,-0.209575548768044,2.95708394050598,-0.1664649695158,0,0,0
129540,0.0166635,55.5895681791008,-0.314723432064056,-24.7798862457275,-1.42178130149841,11.7679891586304,-0.209575548768044,2.95708394050598,-0.1664649695158,0,0,0
129544,0.0166668,55.6062349788845,-0.0885881781578064,-24.9266757965088,-1.34640288352966,11.1490926742554,-0.191265001893044,2.80602192878723,-0.24428479373455,0,0,0
129546,0.0166665,55.6229014787823,-0.0885881781578064,-24.9266757965088,-1.34640288352966,11.1490926742554,-0.191265001893044,2.80602192878723,-0.24428479373455,0,0,0
129554,0.0166674,55.6395688783377,-0.0647844672203064,-25.2242221832275,-1.29482817649841,12.2638998031616,-0.197673693299294,2.95708394050598,-0.327597796916962,0,0,0
129558,0.0285723,55.6681411787868,0.0105939507484436,-25.1012363433838,-1.29482817649841,12.0933065414429,-0.221477404236794,2.95708394050598,-0.308371722698212,0,0,0
129564,0.023563,55.691704178229,-0.187770307064056,-24.97825050354,-1.44558501243591,11.4942464828491,-0.226970568299294,2.92412495613098,-0.321189105510712,0,0,0
129566,0.0200216,55.7117257788777,-0.187770307064056,-24.97825050354,-1.44558501243591,11.4942464828491,-0.226970568299294,2.92412495613098,-0.321189105510712,0,0,0
129570,0.0166685,55.7283942792565,-0.239345014095306,-24.803689956665,-1.59634184837341,11.3236532211304,-0.179363146424294,2.87193989753723,-0.314780414104462,0,0,0
129572,0.0178982,55.7462924793363,-0.640040814876556,-25.248025894165,-2.14779448509216,11.3950643539429,-0.138164415955544,2.93053364753723,-0.321189105510712,0,0,0
129578,0.0166688,55.7629612796009,-0.338527143001556,-24.803689956665,-1.49715971946716,11.1490926742554,-0.245281115174294,2.96349263191223,-0.321189105510712,0,0,0
129578,0.020502,55.7834632787853,-0.564662396907806,-24.6529331207275,-1.87405180931091,10.5262289047241,-0.269084811210632,2.81334614753723,-0.308371722698212,0,0,0
129584,0.0166679,55.8001311793923,-0.564662396907806,-24.6529331207275,-1.87405180931091,10.5262289047241,-0.269084811210632,2.81334614753723,-0.308371722698212,0,0,0
129586,0.0211417,55.8212728798389,-0.540858685970306,-25.3234043121338,-1.87405180931091,11.3236532211304,-0.257182955741882,3.06145405769348,-0.301963031291962,0,0,0
129590,0.0166674,55.8379402793944,-0.513087689876556,-24.85129737854,-1.89785552024841,10.5024251937866,-0.233379259705544,2.93053364753723,-0.327597796916962,0,0,0
129594,0.0166673,55.8546075802296,-0.513087689876556,-24.85129737854,-1.89785552024841,10.5024251937866,-0.233379259705544,2.93053364753723,-0.327597796916962,0,0,0
129598,0.0171357,55.8717432804406,-0.338527143001556,-24.8790683746338,-1.59634184837341,11.0499105453491,-0.269084811210632,2.93053364753723,-0.295554339885712,0,0,0
129602,0.0166672,55.888410480693,-0.338527143001556,-24.8790683746338,-1.59634184837341,11.0499105453491,-0.269084811210632,2.93053364753723,-0.295554339885712,0,0,0
129606,0.0182746,55.9066850803792,-0.489283978939056,-25.07346534729,-1.94943022727966,11.1967000961304,-0.215068712830544,3.01567769050598,-0.340415179729462,0,0,0
129608,0.0181824,55.9248674809933,-0.489283978939056,-25.07346534729,-1.94943022727966,11.1967000961304,-0.215068712830544,3.01567769050598,-0.340415179729462,0,0,0
129612,0.0176274,55.942494880408,-0.640040814876556,-24.4307651519775,-2.07241606712341,11.1967000961304,-0.269084811210632,2.95067524909973,-0.282736957073212,0,0,0
129618,0.0221759,55.9646707810462,-0.314723432064056,-24.4585361480713,-1.69949126243591,11.1252889633179,-0.323100924491882,3.00286030769348,-0.353232562541962,0,0,0
129620,0.0223736,55.9870443809778,-0.314723432064056,-24.4585361480713,-1.69949126243591,11.1252889633179,-0.323100924491882,3.00286030769348,-0.353232562541962,0,0,0
129624,0.0166695,56.0037138815969,-0.263148725032806,-24.40696144104,-1.42178130149841,10.7761678695679,-0.340495944023132,2.98363423347473,-0.314780414104462,1.14036985383132,-3.775696579784,-3.16478525644073
129628,0.0175365,56.0212503820658,-0.263148725032806,-24.40696144104,-1.42178130149841,10.7761678695679,-0.340495944023132,2.98363423347473,-0.314780414104462,1.14036985383132,-3.775696579784,-3.16478525644073
129632,0.0166678,56.0379181820899,-0.0647844672203064,-24.2839756011963,-1.42178130149841,11.2244710922241,-0.352397799491882,3.04222798347473,-0.385276019573212,1.50985974628982,-4.20563630057971,-3.45999474069388
129634,0.0174347,56.0553528815508,-0.239345014095306,-24.0856113433838,-1.52096343040466,10.7999715805054,-0.250774264335632,2.97631001472473,-0.334006488323212,1.72775028553121,-4.23484928502034,-3.41299287923772
129638,0.0166691,56.0720219817013,-0.239345014095306,-24.0856113433838,-1.52096343040466,10.7999715805054,-0.250774264335632,2.97631001472473,-0.334006488323212,1.72775028553121,-4.23484928502034,-3.41299287923772
129640,0.0180399,56.0900618825108,0.0859723687171936,-23.5420932769775,-1.42178130149841,10.7523641586304,-0.292888522148132,2.90489888191223,-0.359641253948212,1.89423851638676,-4.42567051840715,-3.95414329470589
129644,0.0166698,56.1067316830158,0.0859723687171936,-23.51828956604,-1.34640288352966,10.7245931625366,-0.304790377616882,2.91130757331848,-0.372458636760712,1.85640517610624,-4.43110052466929,-4.00507553712671
129646,0.0166654,56.1233970820904,0.0859723687171936,-23.51828956604,-1.34640288352966,10.7245931625366,-0.304790377616882,2.91130757331848,-0.372458636760712,1.85640517610624,-4.43110052466929,-4.00507553712671
129650,0.0166678,56.1400648821145,0.137547075748444,-23.343729019165,-1.27102446556091,10.4786214828491,-0.292888522148132,2.99645161628723,-0.340415179729462,1.65105739830589,-3.70946374825063,-3.66467107068507
129654,0.0166665,56.1567313820124,0.284336626529694,-22.7010288238525,-1.09646391868591,9.83195400238037,-0.323100924491882,2.84538960456848,-0.398093402385712,1.33517190879007,-3.72196358924249,-3.98984953915761
129656,0.0166685,56.1733998823911,0.284336626529694,-22.7010288238525,-1.09646391868591,9.83195400238037,-0.323100924491882,2.84538960456848,-0.398093402385712,1.33517190879007,-3.72196358924249,-3.98984953915761
129660,0.0166656,56.1900654826313,0.185154497623444,-23.1453647613525,-1.39797759056091,11.3474569320679,-0.286479830741882,3.08800435066223,-0.423728168010712,1.19446538364864,-3.47403162954045,-3.34253688512437
129664,0.0166662,56.2067316826433,0.185154497623444,-23.1453647613525,-1.39797759056091,11.3474569320679,-0.286479830741882,3.08800435066223,-0.423728168010712,1.19446538364864,-3.47403162954045,-3.34253688512437
129666,0.0166671,56.2233987823129,-0.0132097601890564,-22.6256504058838,-1.47335600852966,10.3278646469116,-0.299297213554382,2.93053364753723,-0.385276019573212,1.437432095633,-3.11336990951911,-3.17399783074896
129672,0.0166695,56.240068282932,0.137547075748444,-23.1453647613525,-1.54873442649841,10.7245931625366,-0.215068712830544,3.06877827644348,-0.410910785198212,1.18147082569951,-2.93959057716037,-3.2443903542875
129674,0.0166656,56.2567338831723,0.137547075748444,-23.1453647613525,-1.54873442649841,10.7245931625366,-0.215068712830544,3.06877827644348,-0.410910785198212,1.18147082569951,-2.93959057716037,-3.2443903542875
129678,0.0166692,56.2734030839056,0.0621686577796936,-23.16916847229,-1.42178130149841,10.0818929672241,-0.209575548768044,3.04863667488098,-0.443869769573212,0.186028357558327,-2.10306551858986,-2.14009433971858
129680,0.0166648,56.2900678832084,0.0621686577796936,-23.16916847229,-1.42178130149841,10.0818929672241,-0.209575548768044,3.04863667488098,-0.443869769573212,0.186028357558327,-2.10306551858986,-2.14009433971858
129684,0.016668,56.3067358825356,0.462864458560944,-23.29612159729,-1.29482817649841,9.88352870941162,-0.215068712830544,2.98363423347473,-0.385276019573212,0.0197991107169348,-1.73784230410695,-1.12992129385377
129688,0.0172323,56.3239681832492,0.510471880435944,-23.1969394683838,-1.22341704368591,9.35984706878662,-0.245281115174294,2.96990132331848,-0.436545550823212,-0.0627692200887763,-1.40644648306746,-1.37398098019147
129692,0.0176201,56.3415882829577,0.510471880435944,-23.1969394683838,-1.22341704368591,9.35984706878662,-0.245281115174294,2.96990132331848,-0.436545550823212,-0.0627692200887763,-1.40644648306746,-1.37398098019147
129694,0.0184621,56.3600503820926,0.637425005435944,-23.6650791168213,-1.14803862571716,10.0541219711304,-0.245281115174294,3.06877827644348,-0.398093402385712,-0.505498694086056,-1.30963665324532,-1.30100489654774
129700,0.0166752,56.3767255824059,1.0103497505188,-23.51828956604,-0.747342884540558,9.23686122894287,-0.269084811210632,2.95708394050598,-0.398093402385712,-0.46865639584449,-1.0264091470676,-2.08052300233366
129702,0.0167052,56.393430782482,1.0103497505188,-23.51828956604,-0.747342884540558,9.23686122894287,-0.269084811210632,2.95708394050598,-0.398093402385712,-0.46865639584449,-1.0264091470676,-2.08052300233366
129706,0.0166671,56.4100978821516,1.38724184036255,-23.3675327301025,-0.318876087665558,9.26066493988037,-0.328594088554382,2.94426655769348,-0.391684710979462,-0.846648031511425,-0.700075489864557,-1.56674669335673
129708,0.0170568,56.4271546825767,1.38724184036255,-23.3675327301025,-0.318876087665558,9.26066493988037,-0.328594088554382,2.94426655769348,-0.391684710979462,-0.846648031511425,-0.700075489864557,-1.56674669335673
129714,0.0166671,56.4438217822462,1.36343812942505,-23.51828956604,-0.342679798603058,8.98692226409912,-0.257182955741882,3.06145405769348,-0.423728168010712,-0.553899629992011,-0.845430705537812,-2.08692668086565
129716,0.0224076,56.4662293829024,1.36343812942505,-23.51828956604,-0.342679798603058,8.98692226409912,-0.257182955741882,3.06145405769348,-0.423728168010712,-0.553899629992011,-0.845430705537812,-2.08692668086565
129720,0.0166682,56.4828975833952,1.36343812942505,-23.51828956604,-0.342679798603058,8.98692226409912,-0.257182955741882,3.06145405769348,-0.423728168010712,-0.553899629992011,-0.845430705537812,-2.08692668086565
129722,0.0166653,56.4995628837496,1.06192445755005,-24.0856113433838,-0.493436634540558,9.63358974456787,-0.233379259705544,3.06877827644348,-0.430136859416962,-0.594035040377497,-0.69454158704699,-1.52359460175741
129726,0.0166679,56.5162307843566,1.0103497505188,-24.010232925415,-0.545011341571808,9.70896816253662,-0.257182955741882,3.01567769050598,-0.450278460979462,-0.736125172509104,-0.587631038236217,-1.53346623639089
129730,0.0190369,56.5352676846087,0.685032427310944,-24.1094150543213,-0.695768177509308,9.63358974456787,-0.155559435486794,3.07518696784973,-0.443869769573212,-1.01200521296329,-0.891269990629425,-1.51488583668113
129734,0.0166684,56.5519360844046,0.685032427310944,-24.1094150543213,-0.695768177509308,9.63358974456787,-0.155559435486794,3.07518696784973,-0.443869769573212,-1.01200521296329,-0.891269990629425,-1.51488583668113
129740,0.0207931,56.5727291852236,0.387486040592194,-24.359354019165,-0.945707142353058,9.78434658050537,-0.0722464397549629,3.09441304206848,-0.450278460979462,-0.455870697208525,-1.30921305838208,-1.93993101785548
129742,0.0203137,56.5930428858846,0.335911333560944,-24.3831577301025,-0.921903431415558,9.83195400238037,0.0229684021323919,3.10814595222473,-0.430136859416962,-0.426326021639348,-1.24511686565337,-2.18241884703954
129746,0.0166677,56.609710585326,0.335911333560944,-24.3831577301025,-0.921903431415558,9.83195400238037,0.0229684021323919,3.10814595222473,-0.430136859416962,-0.426326021639348,-1.24511686565337,-2.18241884703954
129748,0.016669,56.6263795848936,0.335911333560944,-24.1609897613525,-0.818754017353058,10.1533041000366,0.124591939151287,3.12096333503723,-0.469504535198212,-1.03709745181163,-1.01685388302594,-1.36909339338732
129752,0.0166676,56.6430471856147,0.335911333560944,-24.1609897613525,-0.818754017353058,10.1533041000366,0.124591939151287,3.12096333503723,-0.469504535198212,-1.03709745181163,-1.01685388302594,-1.36909339338732
129754,0.0166663,56.6597134862095,0.335911333560944,-24.1609897613525,-0.818754017353058,10.1533041000366,0.124591939151287,3.12096333503723,-0.469504535198212,-1.03709745181163,-1.01685388302594,-1.36909339338732
129760,0.0166681,56.6763815861195,-0.390101850032806,-24.2839756011963,-1.47335600852966,10.1533041000366,0.303119778633118,3.12096333503723,-0.482321918010712,-1.30500648262156,0.430164736905948,-0.17994296130922
129762,0.0193629,56.6957444865257,-0.390101850032806,-24.2839756011963,-1.47335600852966,10.1533041000366,0.303119778633118,3.12096333503723,-0.482321918010712,-1.30500648262156,0.430164736905948,-0.17994296130922
129766,0.0166682,56.7124126870185,-0.687648236751556,-23.8872470855713,-1.79867339134216,9.68119716644287,0.410236477851868,2.95067524909973,-0.475913226604462,-1.07179853761573,0.613191304646959,0.762410944644447
129768,0.0166666,56.7290792874992,-0.687648236751556,-23.8872470855713,-1.79867339134216,9.68119716644287,0.410236477851868,2.95067524909973,-0.475913226604462,-1.07179853761573,0.613191304646959,0.762410944644447
129774,0.0171568,56.7462360877544,-0.215541303157806,-23.7642612457275,-1.37020659446716,9.18528652191162,0.369037747383118,2.82616353034973,-0.469504535198212,-0.790364385906298,1.04741360623989,1.1815175197538
129778,0.0178717,56.7641077879816,-0.140162885189056,-23.8634433746338,-1.34640288352966,9.38365077972412,0.386432766914368,2.80602192878723,-0.398093402385712,-0.632893635627822,0.954967528424783,1.27832441465568
129780,0.0211685,56.7852762881666,-0.140162885189056,-23.8634433746338,-1.34640288352966,9.38365077972412,0.386432766914368,2.80602192878723,-0.398093402385712,-0.632893635627822,0.954967528424783,1.27832441465568
129784,0.016669,56.8019452877343,0.0343976616859436,-23.6174716949463,-1.19564604759216,9.16148281097412,0.350727200508118,2.72820210456848,-0.423728168010712,-0.535444974872049,1.88106248661495,1.52358662292853
129786,0.0189587,56.8209039885551,0.0343976616859436,-23.6174716949463,-1.19564604759216,9.16148281097412,0.350727200508118,2.72820210456848,-0.423728168010712,-0.535444974872049,1.88106248661495,1.52358662292853
129792,0.016668,56.8375719878823,0.137547075748444,-23.6412754058838,-1.14803862571716,9.26066493988037,0.333332180976868,2.75383687019348,-0.385276019573212,-0.594330439556853,1.95978894706659,1.53015997004146
129794,0.0173162,56.8548881877214,0.236729204654694,-23.6174716949463,-0.945707142353058,9.26066493988037,0.309528470039368,2.69524312019348,-0.359641253948212,-0.537837145385096,2.32753223754538,1.50120440464966
129798,0.0166675,56.8715556878597,0.236729204654694,-23.6174716949463,-0.945707142353058,9.26066493988037,0.309528470039368,2.69524312019348,-0.359641253948212,-0.537837145385096,2.32753223754538,1.50120440464966
129800,0.022101,56.893656687811,0.387486040592194,-23.6888828277588,-0.870328724384308,9.43522548675537,0.309528470039368,2.70806050300598,-0.301963031291962,-0.147753221582613,2.19918082320295,1.27178742584961
129806,0.0166681,56.910324787721,0.236729204654694,-23.6888828277588,-0.969510853290558,9.43522548675537,0.309528470039368,2.66228413581848,-0.295554339885712,-0.197266544085334,1.99855412355242,1.10348989378513
129808,0.0166659,56.9269906878471,0.0859723687171936,-23.5420932769775,-1.24722075462341,9.38365077972412,0.338825345039368,2.65587544441223,-0.2250587195158,0.0257628820602708,1.78871086463281,1.01909776448204
129812,0.0166681,56.9436587877572,0.0859723687171936,-23.16916847229,-1.17184233665466,9.43522548675537,0.338825345039368,2.58995747566223,-0.2122413367033,-0.0312431958956664,1.96950797295215,0.771172132319411
129816,0.0176162,56.9612749870867,0.0859723687171936,-23.16916847229,-1.17184233665466,9.43522548675537,0.338825345039368,2.58995747566223,-0.2122413367033,-0.0312431958956664,1.96950797295215,0.771172132319411
129820,0.0171477,56.9784226864576,0.0621686577796936,-23.0223789215088,-1.24722075462341,9.78434658050537,0.345234036445618,2.57073140144348,-0.17287366092205,0.386931674863904,2.38636324732972,-0.00265051243095886
129822,0.0166672,56.99508988671,0.0621686577796936,-23.0223789215088,-1.24722075462341,9.78434658050537,0.345234036445618,2.57073140144348,-0.17287366092205,0.386931674863904,2.38636324732972,-0.00265051243095886
129826,0.0166675,57.0117573868483,0.0621686577796936,-22.899393081665,-1.22341704368591,9.93113613128662,0.338825345039368,2.53136372566223,-0.14723889529705,0.508313248620268,2.51209690200312,-0.148863171384995
129828,0.0189321,57.0306894872338,0.137547075748444,-22.72483253479,-1.14803862571716,9.80815029144287,0.345234036445618,2.47917866706848,-0.17287366092205,0.513685613711604,2.54386659200279,-0.412416460823952
129834,0.0166679,57.0473573878407,0.137547075748444,-22.72483253479,-1.14803862571716,9.80815029144287,0.345234036445618,2.47917866706848,-0.17287366092205,0.513685613711604,2.54386659200279,-0.412416460823952
129836,0.0167642,57.064121587202,0.109776079654694,-22.72483253479,-1.09646391868591,10.0303182601929,0.315021634101868,2.51854634284973,-0.1408302038908,0.70382029982775,2.46539516611971,-0.857519933073841
129840,0.0166666,57.0807881876826,0.109776079654694,-22.72483253479,-1.09646391868591,10.0303182601929,0.315021634101868,2.51854634284973,-0.1408302038908,0.70382029982775,2.46539516611971,-0.857519933073841
129842,0.016667,57.0974551867694,0.0859723687171936,-22.677225112915,-1.17184233665466,9.85575771331787,0.333332180976868,2.49840474128723,-0.1408302038908,0.68316190793779,2.46036812658776,-1.068835989066
129844,0.0166679,57.1141230873764,0.0105939507484436,-22.4788608551025,-1.27102446556091,9.58201503753662,0.350727200508118,2.51854634284973,-0.0767432898283005,0.701024271402704,2.10313947779147,-0.920420790298262
129848,0.0166666,57.130789687857,0.0105939507484436,-22.4788608551025,-1.27102446556091,9.58201503753662,0.350727200508118,2.51854634284973,-0.0767432898283005,0.701024271402704,2.10313947779147,-0.920420790298262
129854,0.0166671,57.1474567875266,0.109776079654694,-23.6412754058838,-1.09646391868591,9.73277187347412,0.315021634101868,2.54418110847473,-0.0446998327970505,0.906502404929062,2.01432341760075,-1.17101655271199
129858,0.016666,57.1641227882355,0.109776079654694,-23.6412754058838,-1.09646391868591,9.73277187347412,0.315021634101868,2.54418110847473,-0.0446998327970505,0.906502404929062,2.01432341760075,-1.17101655271199
129862,0.0235559,57.1876786891371,0.260532915592194,-23.7166538238525,-1.12026762962341,9.21305751800537,0.315021634101868,2.51122212409973,0.0779808312654495,0.903359187000278,1.60105275657075,0.279745385164775
129866,0.0199958,57.2076744884253,0.260532915592194,-23.7166538238525,-1.12026762962341,9.21305751800537,0.315021634101868,2.51122212409973,0.0779808312654495,0.903359187000278,1.60105275657075,0.279745385164775
129870,0.0226984,57.2303728889674,0.435093462467194,-24.4585361480713,-1.17184233665466,9.43522548675537,0.309528470039368,2.66228413581848,0.1484764367342,0.646948020918241,1.43805155007134,-1.23516815654652
129872,0.0183873,57.2487601898611,0.435093462467194,-24.4585361480713,-1.17184233665466,9.43522548675537,0.309528470039368,2.66228413581848,0.1484764367342,0.646948020918241,1.43805155007134,-1.23516815654652
129878,0.0166698,57.2654299903661,0.435093462467194,-24.4585361480713,-1.17184233665466,9.43522548675537,0.309528470039368,2.66228413581848,0.1484764367342,0.646948020918241,1.43805155007134,-1.23516815654652
129880,0.0202036,57.2856335900724,0.359715044498444,-25.7201328277588,-1.32259917259216,9.35984706878662,0.321430325508118,2.79961323738098,0.2253807336092,0.517061716005279,1.68516718058096,-0.162850973120949
129884,0.0166682,57.3023017905653,0.359715044498444,-25.7201328277588,-1.32259917259216,9.35984706878662,0.321430325508118,2.79961323738098,0.2253807336092,0.517061716005279,1.68516718058096,-0.162850973120949
129888,0.0188184,57.3211201913655,0.435093462467194,-25.7677402496338,-1.27102446556091,9.41142177581787,0.338825345039368,2.79961323738098,0.257424175739288,0.512474550486185,1.65061112477171,-0.298858117019409
129892,0.0166669,57.337787091732,0.212925493717194,-25.6685581207275,-1.59634184837341,8.86393642425537,0.350727200508118,2.82616353034973,0.257424175739288,0.508706453346443,1.77491707284318,-2.41841685373619
129894,0.0185658,57.356352891773,0.212925493717194,-25.6685581207275,-1.59634184837341,8.86393642425537,0.350727200508118,2.82616353034973,0.257424175739288,0.508706453346443,1.77491707284318,-2.41841685373619
129898,0.0166681,57.373020991683,0.260532915592194,-26.0137119293213,-1.67172026634216,8.81236171722412,0.333332180976868,2.89849019050598,0.289467632770538,0.651228751883336,1.51320381617881,-2.68974134923366
129902,0.0189187,57.3919396921992,0.260532915592194,-26.0137119293213,-1.67172026634216,8.81236171722412,0.333332180976868,2.89849019050598,0.289467632770538,0.651228751883336,1.51320381617881,-2.68974134923366
129906,0.0166673,57.4086069930345,0.284336626529694,-25.8907260894775,-1.67172026634216,8.74095058441162,0.345234036445618,2.87193989753723,0.289467632770538,0.711570226549337,1.51784692263421,-2.59765627614799
129908,0.0166668,57.4252737928182,0.260532915592194,-26.6088047027588,-1.74709868431091,9.38365077972412,0.338825345039368,2.97631001472473,0.276650249958038,0.613568743569427,1.29288630859756,-2.24552605752523
129912,0.0166688,57.4419425930828,0.185154497623444,-26.6088047027588,-1.82247710227966,9.38365077972412,0.350727200508118,2.95067524909973,0.24460680782795,0.617752329477708,1.20717684284774,-2.26441054911269
129914,0.0166645,57.4586070924997,-0.163966596126556,-26.4342441558838,-2.17556548118591,9.03849697113037,0.374530911445618,2.92412495613098,0.251015484333038,0.821567113602575,1.01174370043713,-2.32844870038264
129920,0.0166681,57.4752751924098,-0.163966596126556,-26.4342441558838,-2.17556548118591,9.03849697113037,0.374530911445618,2.92412495613098,0.251015484333038,0.821567113602575,1.01174370043713,-2.32844870038264
129922,0.0203631,57.4956382922828,-0.612269818782806,-25.3987827301025,-2.50088286399841,8.74095058441162,0.416645169258118,2.78038716316223,0.251015484333038,1.18768096619084,0.155192720721274,-2.30011015972173
129926,0.016668,57.51230629161,-0.612269818782806,-25.3987827301025,-2.50088286399841,8.74095058441162,0.416645169258118,2.78038716316223,0.251015484333038,1.18768096619084,0.155192720721274,-2.30011015972173
129928,0.0166663,57.5289725922048,-0.612269818782806,-25.4939975738525,-2.50088286399841,8.84013271331787,0.416645169258118,2.79961323738098,0.20615465939045,1.14915317065994,0.104650371447662,-2.25517963339673
129932,0.0166662,57.5456387922168,-0.540858685970306,-25.9423007965088,-2.35012602806091,9.13767910003662,0.386432766914368,2.84538960456848,0.16770251095295,0.953912399866627,-0.330946297325514,-0.576305388118291
129936,0.0176389,57.5632776916027,-0.540858685970306,-25.9423007965088,-2.35012602806091,9.13767910003662,0.386432766914368,2.84538960456848,0.16770251095295,0.953912399866627,-0.330946297325514,-0.576305388118291
129940,0.0166681,57.5799457915127,-0.437709271907806,-25.86692237854,-2.12399077415466,8.71317958831787,0.338825345039368,2.80602192878723,0.16770251095295,0.946288054087096,-0.995438995685615,-0.361960018353717
129944,0.0190682,57.5990139916539,-0.437709271907806,-25.86692237854,-2.12399077415466,8.71317958831787,0.338825345039368,2.80602192878723,0.16770251095295,0.946288054087096,-0.995438995685615,-0.361960018353717
129946,0.0180866,57.61710059084,-0.437709271907806,-25.86692237854,-2.14779448509216,8.68937587738037,0.350727200508118,2.81334614753723,0.1484764367342,0.962943240423914,-0.996775878240848,-0.3536977260091
129950,0.0176978,57.6347983907908,-0.588466107845306,-25.9661045074463,-2.37392973899841,8.56639003753662,0.369037747383118,2.82616353034973,0.11643297970295,0.824980057102007,-1.23145363109902,0.0273341562054912
129954,0.0166673,57.6514656916261,-0.540858685970306,-25.9661045074463,-2.37392973899841,8.71317958831787,0.338825345039368,2.85912251472473,0.16770251095295,0.682180912376217,-1.66707895705785,0.565951420298818
129956,0.016667,57.6681326907128,-0.540858685970306,-25.9661045074463,-2.37392973899841,8.71317958831787,0.338825345039368,2.85912251472473,0.16770251095295,0.682180912376217,-1.66707895705785,0.565951420298818
129960,0.0168064,57.6849390901625,-0.413905560970306,-26.1406650543213,-2.12399077415466,8.76475429534912,0.345234036445618,2.87834858894348,0.1484764367342,0.456338983127119,-1.9358371979954,0.738283609689239
129962,0.0166673,57.7016063909978,-0.413905560970306,-26.1406650543213,-2.12399077415466,8.76475429534912,0.345234036445618,2.87834858894348,0.1484764367342,0.456338983127119,-1.9358371979954,0.738283609689239
129966,0.0166676,57.7182739917189,-0.413905560970306,-26.1406650543213,-2.12399077415466,8.76475429534912,0.345234036445618,2.87834858894348,0.1484764367342,0.456338983127119,-1.9358371979954,0.738283609689239
129970,0.0166674,57.7349413912743,-0.413905560970306,-25.64475440979,-2.19936919212341,8.51481533050537,0.333332180976868,2.86553120613098,0.0651634484529495,0.14772086783214,-1.93141710922328,1.06282821594827
129974,0.0166672,57.7516085915267,-0.390101850032806,-25.6685581207275,-2.12399077415466,8.36802577972412,0.321430325508118,2.84538960456848,0.1100242882967,0.108315103697702,-2.01961303489517,0.876147971999597
129976,0.0167524,57.7683609910309,-0.390101850032806,-25.6685581207275,-2.12399077415466,8.36802577972412,0.321430325508118,2.84538960456848,0.1100242882967,0.108315103697702,-2.01961303489517,0.876147971999597
129980,0.0166716,57.7850325908512,-0.362330853939056,-25.692361831665,-2.25094389915466,8.51481533050537,0.338825345039368,2.87193989753723,0.0779808312654495,0.202835084272551,-2.08843454680852,1.05389071757307
129984,0.0166634,57.8016959913075,-0.362330853939056,-25.692361831665,-2.25094389915466,8.51481533050537,0.338825345039368,2.87193989753723,0.0779808312654495,0.202835084272551,-2.08843454680852,1.05389071757307
129988,0.0168395,57.8185354918242,-0.362330853939056,-25.248025894165,-2.14779448509216,8.41563320159912,0.338825345039368,2.78679585456848,0.0386131554841995,0.106671130093797,-2.0943158962455,1.40459280606997
129990,0.0202659,57.8388013914227,-0.362330853939056,-25.248025894165,-2.14779448509216,8.41563320159912,0.338825345039368,2.78679585456848,0.0386131554841995,0.106671130093797,-2.0943158962455,1.40459280606997
129996,0.016668,57.8554693907499,-0.465480268001556,-24.8790683746338,-2.22317290306091,8.41563320159912,0.321430325508118,2.79961323738098,0.0386131554841995,-0.131503507844956,-2.10597733995253,1.00273144251258
129998,0.0179707,57.8734400905669,-0.465480268001556,-24.8790683746338,-2.22317290306091,8.41563320159912,0.321430325508118,2.79961323738098,0.0386131554841995,-0.131503507844956,-2.10597733995253,1.00273144251258
130002,0.0166684,57.8901084903628,-0.465480268001556,-24.8790683746338,-2.22317290306091,8.41563320159912,0.321430325508118,2.79961323738098,0.0386131554841995,-0.131503507844956,-2.10597733995253,1.00273144251258
130004,0.0175049,57.9076133910567,-0.540858685970306,-25.0496616363525,-2.19936919212341,8.66557216644287,0.338825345039368,2.78679585456848,0.0715721398591995,-0.127704881546026,-2.28944306531605,1.45421682614407
130008,0.0166672,57.9242805913091,-0.540858685970306,-25.0496616363525,-2.19936919212341,8.66557216644287,0.338825345039368,2.78679585456848,0.0715721398591995,-0.127704881546026,-2.28944306531605,1.45421682614407
130010,0.0180285,57.9423090908676,-0.540858685970306,-25.0496616363525,-2.19936919212341,8.66557216644287,0.338825345039368,2.78679585456848,0.0715721398591995,-0.127704881546026,-2.28944306531605,1.45421682614407
130016,0.0166669,57.9589759912342,-0.687648236751556,-24.6807041168213,-2.19936919212341,8.64176845550537,0.350727200508118,2.76665425300598,0.0972069054841995,-0.12793521039072,-2.60314142675602,1.32063713442544
130018,0.0172008,57.9761767908931,-0.687648236751556,-24.6807041168213,-2.19936919212341,8.64176845550537,0.350727200508118,2.76665425300598,0.0972069054841995,-0.12793521039072,-2.60314142675602,1.32063713442544
130022,0.0166672,57.9928439911455,-0.739222943782806,-24.5061435699463,-2.25094389915466,9.11387538909912,0.362629055976868,2.81334614753723,0.11643297970295,0.254323254129284,-2.61335251396071,1.00781018833307
130026,0.0221437,58.0149876903743,-0.739222943782806,-24.5061435699463,-2.25094389915466,9.11387538909912,0.362629055976868,2.81334614753723,0.11643297970295,0.254323254129284,-2.61335251396071,1.00781018833307
130030,0.0200479,58.0350355897099,-0.889979779720306,-24.3315830230713,-2.22317290306091,8.68937587738037,0.357135891914368,2.79320454597473,0.11643297970295,0.086600729075831,-2.54641882591956,0.929368450445609
130034,0.0166696,58.0517051890492,-0.889979779720306,-24.3315830230713,-2.22317290306091,8.68937587738037,0.357135891914368,2.79320454597473,0.11643297970295,0.086600729075831,-2.54641882591956,0.929368450445609
130036,0.0166659,58.0683710891753,-0.889979779720306,-24.3315830230713,-2.22317290306091,8.68937587738037,0.357135891914368,2.79320454597473,0.11643297970295,0.086600729075831,-2.54641882591956,0.929368450445609
130040,0.0166678,58.0850388891995,-0.889979779720306,-24.5577182769775,-2.29855132102966,8.61399745941162,0.369037747383118,2.81334614753723,0.2125633507967,0.392050834484087,-2.70460200131983,0.427653714865196
130042,0.016667,58.1017058882862,-0.889979779720306,-24.5577182769775,-2.29855132102966,8.61399745941162,0.369037747383118,2.81334614753723,0.2125633507967,0.392050834484087,-2.70460200131983,0.427653714865196
130046,0.0166665,58.1183723881841,-0.790797650814056,-24.1094150543213,-2.10018706321716,8.21726894378662,0.350727200508118,2.76024556159973,0.289467632770538,0.561227479477584,-3.17455962845175,-0.494095394722411
130048,0.0166666,58.1350389886647,-0.790797650814056,-24.1094150543213,-2.10018706321716,8.21726894378662,0.350727200508118,2.76024556159973,0.289467632770538,0.561227479477584,-3.17455962845175,-0.494095394722411
130054,0.0166673,58.1517062895,-0.790797650814056,-24.137186050415,-2.12399077415466,8.31645107269287,0.345234036445618,2.76665425300598,0.283058941364288,0.467995507584394,-3.05144845518108,-0.450728142398997
130056,0.0166669,58.1683731898665,-0.763026654720306,-23.9110507965088,-2.14779448509216,8.24107265472412,0.338825345039368,2.74742817878723,0.295876324176788,0.665042963010501,-2.84009223410859,-1.32585215174881
130060,0.0166676,58.1850407905877,-0.763026654720306,-23.9110507965088,-2.14779448509216,8.24107265472412,0.338825345039368,2.74742817878723,0.295876324176788,0.665042963010501,-2.84009223410859,-1.32585215174881
130062,0.0166659,58.2017066907138,-0.862208783626556,-23.74045753479,-2.19936919212341,8.21726894378662,0.350727200508118,2.77397847175598,0.270241558551788,0.636615776664554,-3.00454860379383,-1.78872017173112
130066,0.0166664,58.2183730900288,-0.862208783626556,-23.74045753479,-2.19936919212341,8.21726894378662,0.350727200508118,2.77397847175598,0.270241558551788,0.636615776664554,-3.00454860379383,-1.78872017173112
130070,0.0166686,58.2350416891277,-0.862208783626556,-23.74045753479,-2.19936919212341,8.21726894378662,0.350727200508118,2.77397847175598,0.270241558551788,0.636615776664554,-3.00454860379383,-1.78872017173112
130074,0.0166658,58.2517074886709,-1.0129656791687,-23.8872470855713,-2.29855132102966,8.29264736175537,0.362629055976868,2.76665425300598,0.283058941364288,0.91698012557564,-3.14717539918906,-1.84325307780436
130076,0.0166665,58.2683739885688,-1.0129656791687,-23.8872470855713,-2.29855132102966,8.29264736175537,0.362629055976868,2.76665425300598,0.283058941364288,0.91698012557564,-3.14717539918906,-1.84325307780436
130080,0.0166698,58.2850437890738,-1.1399188041687,-23.5420932769775,-2.27474761009216,7.82054042816162,0.350727200508118,2.76665425300598,0.270241558551788,1.01471502641648,-3.35224874202651,-2.2161814652913
130084,0.0166635,58.3017072882503,-1.1399188041687,-23.3953037261963,-2.32235503196716,7.84434413909912,0.345234036445618,2.75383687019348,0.257424175739288,0.988617095677892,-3.41412634400902,-2.23863415478204
130088,0.0177459,58.3194531891495,-1.1875262260437,-23.3675327301025,-2.32235503196716,7.89591884613037,0.350727200508118,2.76024556159973,0.263832867145538,0.972486576374359,-3.40739115953125,-2.11936723839046
130090,0.0185593,58.3380124885589,-1.0129656791687,-23.6174716949463,-2.19936919212341,8.14189052581787,0.315021634101868,2.81975483894348,0.270241558551788,1.28799555057632,-3.55949332612402,-3.3594088019162
130094,0.0166677,58.3546801880002,-1.0129656791687,-23.6174716949463,-2.19936919212341,8.14189052581787,0.315021634101868,2.81975483894348,0.270241558551788,1.28799555057632,-3.55949332612402,-3.3594088019162
130100,0.0207419,58.3754220884293,-0.838405072689056,-23.8634433746338,-2.12399077415466,8.51481533050537,0.315021634101868,2.81334614753723,0.276650249958038,1.74145175939769,-3.16698912772301,-3.59965310776342
130102,0.018888,58.3943100888282,-0.838405072689056,-23.8634433746338,-2.12399077415466,8.51481533050537,0.315021634101868,2.81334614753723,0.276650249958038,1.74145175939769,-3.16698912772301,-3.59965310776342
130106,0.0166691,58.4109791889787,-0.889979779720306,-24.803689956665,-2.10018706321716,9.11387538909912,0.326923489570618,2.95708394050598,0.257424175739288,2.00353973041175,-3.48445887542029,-1.76269008316904
130110,0.0223176,58.4332967884839,-0.937587201595306,-24.7283115386963,-2.14779448509216,9.21305751800537,0.333332180976868,2.96990132331848,0.2381981164217,1.99065965190086,-3.46978970641792,-1.73915108981473
130114,0.0182481,58.4515448883176,-0.937587201595306,-24.7283115386963,-2.14779448509216,9.21305751800537,0.333332180976868,2.96990132331848,0.2381981164217,1.99065965190086,-3.46978970641792,-1.73915108981473
130116,0.0196305,58.4711753875017,-0.889979779720306,-24.4823398590088,-2.12399077415466,8.71317958831787,0.362629055976868,2.90489888191223,0.257424175739288,2.38883673633356,-3.27765670432659,-4.26399668372369
130122,0.0166677,58.487843086943,-0.889979779720306,-24.4823398590088,-2.12399077415466,8.71317958831787,0.362629055976868,2.90489888191223,0.257424175739288,2.38883673633356,-3.27765670432659,-4.26399668372369
130124,0.0170018,58.5048448871821,-0.889979779720306,-24.4823398590088,-2.12399077415466,8.71317958831787,0.362629055976868,2.90489888191223,0.257424175739288,2.38883673633356,-3.27765670432659,-4.26399668372369
130128,0.0166716,58.5215164870024,-1.0129656791687,-25.3710117340088,-2.35012602806091,8.26884365081787,0.380939602851868,2.78679585456848,0.2253807336092,2.05070298789188,-3.51734418793334,-3.9599893925115
130130,0.0190651,58.540581587702,-1.0129656791687,-25.3710117340088,-2.35012602806091,8.26884365081787,0.380939602851868,2.78679585456848,0.2253807336092,2.05070298789188,-3.51734418793334,-3.9599893925115
130136,0.0166706,58.5572521872818,-1.08834409713745,-24.8274936676025,-2.57626128196716,7.91972255706787,0.452350735664368,2.85179829597473,0.1869285851717,2.03986628593141,-3.4155732890107,-5.00422454028728
130138,0.0168965,58.5741486866027,-1.08834409713745,-24.8274936676025,-2.57626128196716,7.91972255706787,0.452350735664368,2.85179829597473,0.1869285851717,2.03986628593141,-3.4155732890107,-5.00422454028728
130142,0.0166671,58.5908157862723,-1.08834409713745,-24.8274936676025,-2.57626128196716,7.91972255706787,0.452350735664368,2.85179829597473,0.1869285851717,2.03986628593141,-3.4155732890107,-5.00422454028728
130144,0.0171414,58.6079571861774,-0.790797650814056,-26.3628330230713,-2.50088286399841,8.07047939300537,0.392841458320618,3.11455464363098,0.1997459679842,1.86579361135141,-3.11704679806518,-2.88376018759021
130148,0.0166667,58.6246238853782,-0.790797650814056,-26.3628330230713,-2.50088286399841,8.07047939300537,0.392841458320618,3.11455464363098,0.1997459679842,1.86579361135141,-3.11704679806518,-2.88376018759021
130152,0.0196783,58.6443021856248,-0.564662396907806,-25.2996006011963,-2.19936919212341,7.42381191253662,0.326923489570618,2.87834858894348,0.20615465939045,1.82592537049015,-2.62248331916848,-4.96284210202201
130156,0.0166993,58.6610014848411,-0.513087689876556,-25.64475440979,-2.50088286399841,7.12626552581787,0.374530911445618,2.86553120613098,0.21897204220295,1.40596435971206,-2.55354998000076,-4.65579866191769
130158,0.0180533,58.6790547855198,-0.513087689876556,-25.64475440979,-2.50088286399841,7.12626552581787,0.374530911445618,2.86553120613098,0.21897204220295,1.40596435971206,-2.55354998000076,-4.65579866191769
130162,0.0177764,58.6968311853707,-0.239345014095306,-27.10471534729,-2.52468657493591,8.07047939300537,0.362629055976868,3.06877827644348,0.21897204220295,1.45608105226082,-1.93516183335192,-2.75931806909955
130166,0.0166676,58.7134987860918,-0.239345014095306,-27.10471534729,-2.52468657493591,8.07047939300537,0.362629055976868,3.06877827644348,0.21897204220295,1.45608105226082,-1.93516183335192,-2.75931806909955
130170,0.0166679,58.7301666866988,-0.290919721126556,-26.08909034729,-2.35012602806091,7.57060146331787,0.374530911445618,2.89849019050598,0.2381981164217,1.12863945812652,-1.35299054977042,-3.08213669677511
130174,0.0197426,58.7499092873186,-0.215541303157806,-26.5611972808838,-2.47311186790466,7.59837245941162,0.410236477851868,3.00286030769348,0.23178942501545,1.12421262820901,-1.08937551753904,-4.52946730088385
130176,0.0215419,58.7714511863887,-0.215541303157806,-26.5611972808838,-2.47311186790466,7.59837245941162,0.410236477851868,3.00286030769348,0.23178942501545,1.12421262820901,-1.08937551753904,-4.52946730088385
130180,0.0166687,58.7881198860705,-0.112391889095306,-26.6564121246338,-2.50088286399841,7.64597988128662,0.422138333320618,2.96990132331848,0.276650249958038,0.991407224822026,-0.65180138735619,-4.54368216055511
130182,0.0166663,58.8047861866653,-0.112391889095306,-26.6564121246338,-2.50088286399841,7.64597988128662,0.422138333320618,2.96990132331848,0.276650249958038,0.991407224822026,-0.65180138735619,-4.54368216055511
130188,0.0166662,58.8214523866773,0.0621686577796936,-27.152322769165,-2.54849028587341,7.69755458831787,0.404743313789368,2.93053364753723,0.2253807336092,1.10020443807223,-0.296121000502156,-4.14128074194536
130190,0.0169311,58.8383834864944,0.685032427310944,-27.2038974761963,-2.04861235618591,9.08610439300537,0.279316067695618,2.92412495613098,0.335243999958038,3.37844042503497,1.58544448649541,-5.08435636981485
130194,0.0169694,58.8553528860211,0.685032427310944,-27.2038974761963,-2.04861235618591,9.08610439300537,0.279316067695618,2.92412495613098,0.335243999958038,3.37844042503497,1.58544448649541,-5.08435636981485
130200,0.0210837,58.8764365855604,0.962742388248444,-26.485818862915,-1.72329497337341,9.16148281097412,0.326923489570618,2.57714009284973,0.322426617145538,4.52689484379683,3.46758686358348,-8.95564459174579
130202,0.0169294,58.8933659847826,0.962742388248444,-26.485818862915,-1.72329497337341,9.16148281097412,0.326923489570618,2.57714009284973,0.322426617145538,4.52689484379683,3.46758686358348,-8.95564459174579
130206,0.016668,58.9100339841098,1.0103497505188,-25.6685581207275,-1.69949126243591,8.61399745941162,0.392841458320618,2.61650776863098,0.316017925739288,4.22174892056425,4.56169386981965,-9.88989781045669
130208,0.0180231,58.92805708386,0.986546099185944,-25.692361831665,-1.59634184837341,8.61399745941162,0.422138333320618,2.61650776863098,0.302285015583038,4.21085109102631,4.5700696956367,-9.89982025069554
130214,0.0166681,58.9447251837701,0.986546099185944,-25.692361831665,-1.59634184837341,8.61399745941162,0.422138333320618,2.61650776863098,0.302285015583038,4.21085109102631,4.5700696956367,-9.89982025069554
130216,0.0191348,58.9638599846512,0.637425005435944,-25.5693759918213,-1.99703764915466,8.14189052581787,0.702289700508118,2.78679585456848,0.302285015583038,2.60597036840435,5.29691923608477,-8.35549006358551
130220,0.0166683,58.9805282838643,0.637425005435944,-25.5693759918213,-1.99703764915466,8.14189052581787,0.702289700508118,2.78679585456848,0.302285015583038,2.60597036840435,5.29691923608477,-8.35549006358551
130222,0.0196991,59.0002273842692,0.637425005435944,-25.5693759918213,-1.99703764915466,8.14189052581787,0.702289700508118,2.78679585456848,0.302285015583038,2.60597036840435,5.29691923608477,-8.35549006358551
130226,0.0166679,59.0168952848762,0.0621686577796936,-25.4939975738525,-2.72701811790466,7.24925136566162,1.06026089191437,2.68883442878723,0.283058941364288,1.44969868892009,4.04297047238769,-6.63739124540877
130230,0.0187654,59.0356606841087,0.0621686577796936,-25.4939975738525,-2.72701811790466,7.24925136566162,1.06026089191437,2.68883442878723,0.283058941364288,1.44969868892009,4.04297047238769,-6.63739124540877
130234,0.0166684,59.0523290839046,0.335911333560944,-25.2996006011963,-2.67544341087341,5.98368740081787,1.07216274738312,2.47185444831848,0.16770251095295,-0.985896434931146,2.3781107260061,-4.68910081490208
130238,0.0166655,59.068994583562,0.335911333560944,-25.2996006011963,-2.67544341087341,5.98368740081787,1.07216274738312,2.47185444831848,0.16770251095295,-0.985896434931146,2.3781107260061,-4.68910081490208
130242,0.0179254,59.0869199838489,0.312107622623444,-25.3234043121338,-2.75082182884216,5.93211269378662,1.13808071613312,2.40685200691223,0.1869285851717,-1.05117972740681,2.32946820320094,-4.53040885619256
130244,0.0184023,59.105322284624,-0.989161908626556,-24.4823398590088,-4.05209159851074,4.81730556488037,1.51344692707062,1.92162239551544,0.0514305382966995,-1.904343411554,1.28599249860528,-4.80644639791306
130248,0.0166676,59.1219898853451,-0.989161908626556,-24.4823398590088,-4.05209159851074,4.81730556488037,1.51344692707062,1.92162239551544,0.0514305382966995,-1.904343411554,1.28599249860528,-4.80644639791306
130250,0.0172598,59.1392496861517,-1.43746519088745,-23.8872470855713,-4.37740898132324,3.84532070159912,1.72768032550812,1.64696419239044,0.0715721398591995,-1.80557822029431,-0.362164340028215,-4.85719466053381
130254,0.0166685,59.1559181865305,-1.9889178276062,-22.9231967926025,-4.70669364929199,2.80589199066162,1.76979458332062,1.33202278614044,0.0257957726716995,-3.0182101588185,-2.69821292340659,-5.27028570143036
130256,0.0166659,59.1725840866566,-1.9889178276062,-22.9231967926025,-4.70669364929199,2.80589199066162,1.76979458332062,1.33202278614044,0.0257957726716995,-3.0182101588185,-2.69821292340659,-5.27028570143036
130262,0.0166676,59.1892516873777,-1.36605405807495,-23.6174716949463,-3.97671294212341,3.44859218597412,1.38801968097687,1.62041389942169,0.1100242882967,-3.76983857653247,-2.36130601557948,-5.18550238912423
130264,0.02119,59.2104416880757,-1.36605405807495,-23.6174716949463,-3.97671294212341,3.44859218597412,1.38801968097687,1.62041389942169,0.1100242882967,-3.76983857653247,-2.36130601557948,-5.18550238912423
130268,0.0166687,59.2271103877574,-1.36605405807495,-23.6174716949463,-3.97671294212341,3.44859218597412,1.38801968097687,1.62041389942169,0.1100242882967,-3.76983857653247,-2.36130601557948,-5.18550238912423
130270,0.0166662,59.2437765877694,-1.1875262260437,-23.29612159729,-3.97671294212341,2.90507411956787,1.43013393878937,1.43089973926544,0.1100242882967,-4.19310380160071,-2.16844501670564,-4.89418399778932
130274,0.0166694,59.2604459878057,-1.3144793510437,-23.0461826324463,-4.02828788757324,2.70274257659912,1.49605190753937,1.37871468067169,0.0907982140779495,-4.75845792994668,-2.25946628871713,-5.29423828614491
130276,0.0166661,59.2771120872349,-1.3144793510437,-23.0461826324463,-4.02828788757324,2.70274257659912,1.49605190753937,1.37871468067169,0.0907982140779495,-4.75845792994668,-2.25946628871713,-5.29423828614491
130282,0.0166655,59.2937775868922,-1.1161150932312,-22.94700050354,-3.90133452415466,2.48057460784912,1.45943081378937,1.19469368457794,0.0322044640779495,-5.52512690367308,-2.71830981087084,-5.41493164890998
130286,0.0166663,59.3104438874871,-1.1161150932312,-22.94700050354,-3.90133452415466,2.48057460784912,1.45943081378937,1.19469368457794,0.0322044640779495,-5.52512690367308,-2.71830981087084,-5.41493164890998
130288,0.0166658,59.3271096870303,-1.1161150932312,-22.8002109527588,-3.57601714134216,3.32560634613037,1.23329555988312,1.42449104785919,0.2381981164217,-5.49343045809729,-2.63355139014429,-5.96176684996885
130294,0.0166687,59.3437783867121,-1.1161150932312,-22.8002109527588,-3.57601714134216,3.32560634613037,1.23329555988312,1.42449104785919,0.2381981164217,-5.49343045809729,-2.63355139014429,-5.96176684996885
130296,0.0197348,59.363513186574,-0.489283978939056,-22.5542392730713,-2.57626128196716,2.85349941253662,0.965046048164368,0.906302571296692,0.10361559689045,-4.68008875022074,-1.43677451398753,-6.47929503672764
130300,0.0166668,59.3801799863577,-0.564662396907806,-22.0067539215088,-2.90157866477966,1.98466396331787,1.15547573566437,0.768973469734192,0.0779808312654495,-5.16104538580687,-1.62353750220741,-7.25540299593607
130302,0.0198033,59.3999832868576,-0.564662396907806,-22.0067539215088,-2.90157866477966,1.98466396331787,1.15547573566437,0.768973469734192,0.0779808312654495,-5.16104538580687,-1.62353750220741,-7.25540299593607
130306,0.0166685,59.4166517872363,-0.612269818782806,-22.2566928863525,-2.75082182884216,1.86167812347412,1.00075161457062,0.814749836921692,0.0386131554841995,-5.69443429499661,-1.6541668864765,-7.21094132533702
130308,0.0166667,59.4333184864372,-0.687648236751556,-22.1575107574463,-2.79842925071716,1.81010341644287,1.09596645832062,0.926444172859192,0.0514305382966995,-7.10891310260533,-2.21621370606026,-6.66666182582344
130314,0.0166668,59.4499852862209,-0.715419232845306,-22.0067539215088,-2.82620024681091,1.66331386566162,1.10786831378937,0.906302571296692,0.0587547570466995,-7.12679419986079,-2.22385858501302,-6.72814402478495
130316,0.0166662,59.4666514862329,-0.390101850032806,-22.0821323394775,-2.65163969993591,1.58793544769287,1.04286587238312,0.749747395515442,0.0514305382966995,-7.43186953709979,-1.77383362872876,-6.87185897836266
130320,0.0166675,59.4833189863712,-0.390101850032806,-22.0821323394775,-2.65163969993591,1.58793544769287,1.04286587238312,0.749747395515442,0.0514305382966995,-7.43186953709979,-1.77383362872876,-6.87185897836266
130324,0.0174485,59.5007674861699,-0.513087689876556,-21.83616065979,-2.65163969993591,1.41337490081787,1.02455532550812,0.579459309577942,0.0843895226716995,-7.35563090394589,-1.98303928633923,-7.09097902720583
130326,0.0166672,59.5174346864223,-0.513087689876556,-21.83616065979,-2.65163969993591,1.41337490081787,1.02455532550812,0.579459309577942,0.0843895226716995,-7.35563090394589,-1.98303928633923,-7.09097902720583
130328,0.0166676,59.5341022871435,-0.513087689876556,-21.83616065979,-2.65163969993591,1.41337490081787,1.02455532550812,0.579459309577942,0.0843895226716995,-7.35563090394589,-1.98303928633923,-7.09097902720583
130334,0.0166673,59.5507695879787,-0.413905560970306,-21.61399269104,-2.54849028587341,1.09202480316162,1.05476772785187,0.500723958015442,0.0843895226716995,-7.52377216552058,-1.90338548701923,-7.39979477582785
130336,0.0166661,59.5674356874079,-0.413905560970306,-21.61399269104,-2.54849028587341,1.09202480316162,1.05476772785187,0.500723958015442,0.0843895226716995,-7.52377216552058,-1.90338548701923,-7.39979477582785
130340,0.016668,59.584103686735,-0.314723432064056,-21.7131748199463,-2.52468657493591,1.23881435394287,1.03096401691437,0.546500325202942,0.0715721398591995,-7.73509449871318,-1.62575916129091,-7.40195434603391
130342,0.01724,59.6013436876237,-0.215541303157806,-21.5148105621338,-2.44930815696716,0.893660604953766,0.983356595039368,0.480582356452942,0.0715721398591995,-8.06700712173893,-1.17499780414996,-7.45708471582257
130346,0.0166703,59.6180139873177,-0.215541303157806,-21.5148105621338,-2.44930815696716,0.893660604953766,0.983356595039368,0.480582356452942,0.0715721398591995,-8.06700712173893,-1.17499780414996,-7.45708471582257
130350,0.0166638,59.6346777882427,-0.215541303157806,-21.5148105621338,-2.44930815696716,0.893660604953766,0.983356595039368,0.480582356452942,0.0715721398591995,-8.06700712173893,-1.17499780414996,-7.45708471582257
130354,0.0166677,59.651345487684,0.0859723687171936,-22.0821323394775,-2.25094389915466,0.691329061985016,0.893634915351868,0.533682942390442,0.10361559689045,-8.76201249285233,-1.43190967151409,-6.76118579074364
130356,0.0166676,59.6680130884051,0.0859723687171936,-22.0821323394775,-2.25094389915466,0.691329061985016,0.893634915351868,0.533682942390442,0.10361559689045,-8.76201249285233,-1.43190967151409,-6.76118579074364
130360,0.0166818,59.6846948880702,0.185154497623444,-22.232889175415,-2.27474761009216,0.766707479953766,0.899128079414368,0.565726399421692,0.0587547570466995,-8.80517275761988,-1.37671641311077,-6.81786549004571
130364,0.0205022,59.7051970884204,0.435093462467194,-24.010232925415,-2.27474761009216,1.13963222503662,0.934833645820618,1.15532600879669,0.0587547570466995,-9.82093297105117,-1.12983335720842,-4.78170448243842
130366,0.016668,59.7218650877476,0.435093462467194,-24.010232925415,-2.27474761009216,1.13963222503662,0.934833645820618,1.15532600879669,0.0587547570466995,-9.82093297105117,-1.12983335720842,-4.78170448243842
130370,0.0166675,59.7385325878859,0.435093462467194,-24.010232925415,-2.27474761009216,1.13963222503662,0.934833645820618,1.15532600879669,0.0587547570466995,-9.82093297105117,-1.12983335720842,-4.78170448243842
130374,0.0166666,59.7551991883665,0.212925493717194,-26.2874546051025,-2.67544341087341,2.63133144378662,0.970539212226868,1.59477913379669,0.0843895226716995,-9.66763743275619,-0.362308991549834,-2.50944201851454
130376,0.0166658,59.7718649879098,0.212925493717194,-26.2874546051025,-2.67544341087341,2.63133144378662,0.970539212226868,1.59477913379669,0.0843895226716995,-9.66763743275619,-0.362308991549834,-2.50944201851454
130380,0.0166677,59.7885326873511,-0.215541303157806,-27.1761264801025,-3.40145659446716,3.47636318206787,1.12617886066437,2.03972554206848,0.16770251095295,-8.73232005219892,0.195017532912928,-0.685706732335533
130382,0.0166654,59.8051980864257,-0.263148725032806,-28.9852085113525,-3.82595610618591,4.51579189300537,1.13808071613312,2.74742817878723,0.1997459679842,-7.18030818872491,0.562080742061535,0.684515352307858
130388,0.0166671,59.8218651860952,-0.263148725032806,-28.9852085113525,-3.82595610618591,4.51579189300537,1.13808071613312,2.74742817878723,0.1997459679842,-7.18030818872491,0.562080742061535,0.684515352307858
130390,0.016667,59.838532185182,-0.390101850032806,-29.2073764801025,-3.87753081321716,5.43620204925537,1.09047329425812,2.76024556159973,0.19333727657795,-6.04237658832629,0.990100226257664,1.15325835077566
130394,0.0166678,59.8551999852061,-0.314723432064056,-30.516580581665,-3.90133452415466,5.88450527191162,1.06666958332062,2.91130757331848,0.0651634484529495,-4.18195946922253,1.09860518793622,1.54965898531699
130398,0.0176572,59.8728571850806,-0.540858685970306,-29.7270908355713,-4.10366630554199,5.88450527191162,1.18568813800812,2.78038716316223,-0.0446998327970505,-3.07309034632342,1.86520359345557,3.13498940181643
130400,0.0166686,59.8895257841796,-0.763026654720306,-29.3303623199463,-4.20284843444824,6.60258388519287,1.28090298175812,2.78679585456848,-0.0575172156095505,-3.04152813812719,1.98237771399595,1.81984589963383
130402,0.0166667,59.9061924833804,-0.763026654720306,-29.3303623199463,-4.20284843444824,6.60258388519287,1.28090298175812,2.78679585456848,-0.0575172156095505,-3.04152813812719,1.98237771399595,1.81984589963383
130406,0.0166669,59.922859383747,-0.838405072689056,-29.9492588043213,-4.35360527038574,7.15006923675537,1.22688686847687,2.82616353034973,-0.1151954382658,-2.92324175474529,2.1203722730772,1.26336973121865
130410,0.0166675,59.9395268838853,-0.937587201595306,-26.7833652496338,-3.60378813743591,5.26164150238037,1.11427700519562,2.46544575691223,-0.250693500041962,-1.9558554830202,2.79273568879833,2.92891759528187
130412,0.0166664,59.9561932832003,-0.937587201595306,-26.7833652496338,-3.60378813743591,5.26164150238037,1.11427700519562,2.46544575691223,-0.250693500041962,-1.9558554830202,2.79273568879833,2.92891759528187
130416,0.0166675,59.9728607833385,-1.3382830619812,-27.2277011871338,-3.65139555931091,6.55497646331787,1.06026089191437,2.76665425300598,-0.321189105510712,-0.992991460922075,2.40214587575436,4.3607844873471
130422,0.0166664,59.9895271826535,-1.3382830619812,-27.2277011871338,-3.65139555931091,6.55497646331787,1.06026089191437,2.76665425300598,-0.321189105510712,-0.992991460922075,2.40214587575436,4.3607844873471
130426,0.0166661,60.0061932820827,-1.2906756401062,-23.51828956604,-2.77462553977966,6.85252285003662,0.983356595039368,2.26311421394348,-0.308371722698212,-1.7292217853032,2.28934734515852,3.64756337370709
130428,0.0179953,60.0241885818541,-1.2906756401062,-23.51828956604,-2.77462553977966,6.85252285003662,0.983356595039368,2.26311421394348,-0.308371722698212,-1.7292217853032,2.28934734515852,3.64756337370709
130432,0.0166676,60.0408561825752,-1.21529722213745,-22.8478183746338,-2.79842925071716,8.54258632659912,0.965046048164368,2.43340229988098,-0.321189105510712,-1.1802641629435,1.01745918632878,5.2689715503708
130434,0.0211345,60.0619906820357,-1.6636004447937,-23.0699863433838,-2.75082182884216,7.30082607269287,0.696796536445618,2.67510151863098,-0.404502093791962,-0.092883352227545,1.33589128662899,4.43156896915666
130440,0.0166687,60.0786593817174,-1.6636004447937,-23.0699863433838,-2.75082182884216,7.30082607269287,0.696796536445618,2.67510151863098,-0.404502093791962,-0.092883352227545,1.33589128662899,4.43156896915666
130442,0.0177522,60.0964115820825,-1.69137144088745,-21.8123569488525,-2.60006499290466,7.30082607269287,1.14357388019562,2.44621968269348,-0.18569104373455,-0.516811377337322,0.907684940131923,3.07025425709813
130446,0.0194514,60.1158629823476,-1.69137144088745,-21.8123569488525,-2.60006499290466,7.30082607269287,1.14357388019562,2.44621968269348,-0.18569104373455,-0.516811377337322,0.907684940131923,3.07025425709813
130450,0.018813,60.1346759814769,-1.58822202682495,-21.04270362854,-1.94943022727966,8.66557216644287,0.929340481758118,2.42607808113098,-0.263510882854462,-1.26866249960878,-1.52953866859742,3.96886196506461
130454,0.0166671,60.1513430811465,-0.715419232845306,-19.7811069488525,-1.19564604759216,8.04270839691162,0.630878567695618,2.47917866706848,-0.295554339885712,0.221853175837315,-1.49182127846954,4.96095996867899
130456,0.0166671,60.1680101808161,-0.715419232845306,-19.7811069488525,-1.19564604759216,8.04270839691162,0.630878567695618,2.47917866706848,-0.295554339885712,0.221853175837315,-1.49182127846954,4.96095996867899
130460,0.0166769,60.1846870817244,-1.26290464401245,-18.5472812652588,-1.44558501243591,9.73277187347412,0.589679837226868,2.54418110847473,-0.385276019573212,0,0,0
130462,0.0166648,60.2013518810272,-1.26290464401245,-18.5472812652588,-1.44558501243591,9.73277187347412,0.589679837226868,2.54418110847473,-0.385276019573212,0,0,0
130466,0.0166696,60.2180214803666,-1.26290464401245,-18.5472812652588,-1.44558501243591,9.73277187347412,0.589679837226868,2.54418110847473,-0.385276019573212,0,0,0
130470,0.0166638,60.2346852812916,-0.989161908626556,-18.1743564605713,-0.794950306415558,10.0541219711304,0.422138333320618,2.78679585456848,-0.340415179729462,0,0,0
130474,0.0166679,60.2513531818986,-0.989161908626556,-18.1743564605713,-0.794950306415558,10.0541219711304,0.422138333320618,2.78679585456848,-0.340415179729462,0,0,0
130476,0.0187713,60.2701244819909,-1.08834409713745,-17.7538242340088,-0.945707142353058,10.5778036117554,0.488056302070618,2.55058979988098,-0.314780414104462,0,0,0
130482,0.0166681,60.286792581901,-2.19124937057495,-16.1470737457275,-1.79867339134216,10.7761678695679,0.398334622383118,2.57073140144348,-0.469504535198212,0,0,0
130484,0.0178157,60.3046082817018,-2.19124937057495,-16.1470737457275,-1.79867339134216,10.7761678695679,0.398334622383118,2.57073140144348,-0.469504535198212,0,0,0
130488,0.0187721,60.3233803808689,-1.4652361869812,-14.7386875152588,-0.671964466571808,11.4704427719116,-0.102458842098713,2.76024556159973,-0.488730609416962,0,0,0
130490,0.017442,60.3408223800361,-1.4652361869812,-14.7386875152588,-0.671964466571808,11.4704427719116,-0.102458842098713,2.76024556159973,-0.488730609416962,0,0,0
130496,0.0166673,60.3574896808714,0.962742388248444,-13.2271518707275,1.81155610084534,8.64176845550537,-0.114360697567463,1.79711067676544,-0.295554339885712,0,0,0
130498,0.0176583,60.3751479815692,-0.612269818782806,-13.42551612854,0.407137095928192,10.0065145492554,-0.501628756523132,2.26952290534973,-0.565634906291962,0,0,0
130502,0.0166671,60.3918150812387,-0.612269818782806,-13.42551612854,0.407137095928192,10.0065145492554,-0.501628756523132,2.26952290534973,-0.565634906291962,0,0,0
130504,0.0173711,60.409186180681,-1.1399188041687,-14.09202003479,-0.0689371153712273,11.9187459945679,-0.0484427288174629,2.55699849128723,-0.269919574260712,0,0,0
130508,0.016667,60.4258531797677,2.91067934036255,-13.9690341949463,3.94198822975159,10.1295003890991,-0.722270846366882,1.99394905567169,-0.19301526248455,0,0,0
130510,0.0174554,60.4433085806668,2.91067934036255,-13.9690341949463,3.94198822975159,10.1295003890991,-0.722270846366882,1.99394905567169,-0.19301526248455,0,0,0
130516,0.0179077,60.4612162802368,0.0105939507484436,-13.64768409729,1.26010346412659,10.4270467758179,0.0888863727450371,2.17705464363098,-0.23146741092205,0,0,0
130518,0.016663,60.4778792802244,0.0105939507484436,-13.64768409729,1.26010346412659,10.4270467758179,0.0888863727450371,2.17705464363098,-0.23146741092205,0,0,0
130522,0.0166686,60.4945478793234,-1.9651141166687,-12.98118019104,-0.469632923603058,11.4466390609741,0.0467721149325371,2.44621968269348,-0.366049945354462,0,0,0
130524,0.0166652,60.5112130790949,0.284336626529694,-12.6360263824463,2.21225190162659,9.80815029144287,-0.501628756523132,2.17064595222473,-0.378867328166962,0,0,0
130528,0.0166672,60.5278802793473,0.284336626529694,-12.6360263824463,2.21225190162659,9.80815029144287,-0.501628756523132,2.17064595222473,-0.378867328166962,0,0,0
130530,0.016667,60.544547278434,1.36343812942505,-13.1041660308838,2.81131196022034,9.51060390472412,-0.418315768241882,1.86943733692169,-0.269919574260712,0,0,0
130534,0.0166672,60.5612144786865,-4.86519956588745,-12.18772315979,-2.92538237571716,11.4228353500366,0.153888806700706,2.88475728034973,-0.578452289104462,0,0,0
130536,0.0166668,60.5778812784702,-4.86519956588745,-12.18772315979,-2.92538237571716,11.4228353500366,0.153888806700706,2.88475728034973,-0.578452289104462,0,0,0
130542,0.0166681,60.5945493783802,1.9624981880188,-13.9928379058838,3.43814301490784,10.8753499984741,-0.591350436210632,2.09923481941223,-0.20583264529705,0,0,0
130544,0.0166661,60.6112154778093,1.9624981880188,-13.9928379058838,3.43814301490784,10.8753499984741,-0.591350436210632,2.09923481941223,-0.20583264529705,0,0,0
130548,0.0173139,60.6285293772817,-2.6633563041687,-12.9058017730713,-0.969510853290558,13.1089315414429,0.0293770935386419,2.72820210456848,-0.398093402385712,0,0,0
130550,0.0166648,60.6451941765845,3.5890851020813,-14.0206089019775,5.01712226867676,10.1295003890991,-1.23496615886688,2.05345845222473,-0.327597796916962,0,0,0
130556,0.016668,60.6618621759117,3.5890851020813,-14.0206089019775,5.01712226867676,10.1295003890991,-1.23496615886688,2.05345845222473,-0.327597796916962,0,0,0
130558,0.0166657,60.6785278767347,3.5890851020813,-14.0206089019775,5.01712226867676,10.1295003890991,-1.23496615886688,2.05345845222473,-0.327597796916962,0,0,0
130562,0.0166687,60.6951965764165,-4.1153826713562,-11.8187656402588,-2.07241606712341,12.1171102523804,-0.304790377616882,2.78679585456848,-0.688315570354462,0,0,0
130564,0.0166648,60.7118613757193,-4.1153826713562,-11.8187656402588,-2.07241606712341,12.1171102523804,-0.304790377616882,2.78679585456848,-0.688315570354462,0,0,0
130568,0.016669,60.7285303752869,1.9863018989563,-15.0084629058838,3.33896088600159,12.5376424789429,-0.573039889335632,2.33452534675598,-0.1994239538908,0,0,0
130572,0.0167992,60.7453295756131,1.9863018989563,-15.0084629058838,3.33896088600159,12.5376424789429,-0.573039889335632,2.33452534675598,-0.1994239538908,0,0,0
130576,0.0166684,60.761997975409,-2.04049253463745,-14.1435947418213,-0.267301380634308,14.3506917953491,0.165790662169456,2.41326069831848,-0.257102191448212,0,0,0
130578,0.0181803,60.7801782749593,-7.7652850151062,-11.6204013824463,-5.38113212585449,12.0933065414429,0.506366848945618,2.98363423347473,-0.604087054729462,0,0,0
130582,0.0166686,60.7968468740582,-7.7652850151062,-11.6204013824463,-5.38113212585449,12.0933065414429,0.506366848945618,2.98363423347473,-0.604087054729462,0,0,0
130584,0.0166681,60.8135149739683,-0.715419232845306,-13.3501377105713,1.28390717506409,10.3040609359741,-0.847698092460632,2.51854634284973,-0.495139300823212,0,0,0
130588,0.0166659,60.8301808740944,4.8110089302063,-15.948709487915,6.22317695617676,12.7360067367554,-1.25236117839813,2.17705464363098,-0.17287366092205,0,0,0
130590,0.0166658,60.8468466736376,4.8110089302063,-15.948709487915,6.22317695617676,12.7360067367554,-1.25236117839813,2.17705464363098,-0.17287366092205,0,0,0
130594,0.0166703,60.8635169733316,-5.7419695854187,-10.9538974761963,-3.62759184837341,14.2792806625366,0.392841458320618,3.04222798347473,-0.597678363323212,0,0,0
130598,0.0166649,60.8801818732172,-5.7419695854187,-10.9538974761963,-3.62759184837341,14.2792806625366,0.392841458320618,3.04222798347473,-0.597678363323212,0,0,0
130600,0.0166667,60.8968485724181,-5.86495542526245,-10.8785190582275,-3.42526030540466,10.3516683578491,0.0769845172762871,2.57714009284973,-0.668173968791962,0,0,0
130604,0.0166671,60.9135156720877,5.9377179145813,-14.933084487915,7.52444648742676,11.9941244125366,-1.89048373699188,2.13860249519348,-0.301963031291962,0,0,0
130608,0.016667,60.9301826711744,5.9377179145813,-14.933084487915,7.52444648742676,11.9941244125366,-1.89048373699188,2.13860249519348,-0.301963031291962,0,0,0
130612,0.0187843,60.9489669706672,-5.19051694869995,-10.235818862915,-3.07613921165466,13.6564168930054,0.243610486388206,2.79320454597473,-0.488730609416962,0,0,0
130616,0.0166669,60.9656338710338,-5.19051694869995,-10.235818862915,-3.07613921165466,13.6564168930054,0.243610486388206,2.79320454597473,-0.488730609416962,0,0,0
130620,0.0166684,60.9823022708297,2.7876935005188,-14.5641269683838,4.64419746398926,10.2286825180054,-1.57462680339813,2.35466694831848,-0.597678363323212,0,0,0
130622,0.0177009,61.000003170222,2.7876935005188,-14.5641269683838,4.64419746398926,10.2286825180054,-1.57462680339813,2.35466694831848,-0.597678363323212,0,0,0
130628,0.0166681,61.0166712701321,-6.7893328666687,-10.2120151519775,-4.37740898132324,13.2358846664429,0.983356595039368,2.81975483894348,-0.334006488323212,0,0,0
130630,0.0194363,61.0361075699329,-6.7893328666687,-10.2120151519775,-4.37740898132324,13.2358846664429,0.983356595039368,2.81975483894348,-0.334006488323212,0,0,0
130632,0.0166711,61.0527786705643,0.212925493717194,-12.8581943511963,1.88693451881409,15.6202230453491,-0.454021334648132,2.79320454597473,-0.378867328166962,0,0,0
130638,0.0166644,61.069443071261,0.212925493717194,-13.822244644165,2.06149506568909,10.0541219711304,-0.960307955741882,2.35466694831848,-0.552817523479462,0,0,0
130642,0.0184378,61.08788087219,0.212925493717194,-13.822244644165,2.06149506568909,10.0541219711304,-0.960307955741882,2.35466694831848,-0.552817523479462,0,0,0
130644,0.0166672,61.1045480724424,0.212925493717194,-13.822244644165,2.06149506568909,10.0541219711304,-0.960307955741882,2.35466694831848,-0.552817523479462,0,0,0
130648,0.0166671,61.121215172112,-4.7660174369812,-13.1795444488525,-2.69924712181091,15.2711019515991,0.995258450508118,2.64946675300598,-0.1792823523283,0,0,0
130650,0.0199416,61.1411567721516,-4.7660174369812,-13.1795444488525,-2.69924712181091,15.2711019515991,0.995258450508118,2.64946675300598,-0.1792823523283,0,0,0
130656,0.0181163,61.1592730730772,3.9382061958313,-16.5160312652588,5.82248115539551,12.2638998031616,-0.656352877616882,2.22374653816223,-0.20583264529705,0,0,0
130658,0.0174496,61.1767226736993,3.9382061958313,-16.5160312652588,5.82248115539551,12.2638998031616,-0.656352877616882,2.22374653816223,-0.20583264529705,0,0,0
130662,0.0166672,61.1933898739517,1.3356671333313,-16.4168491363525,3.06521821022034,13.7079916000366,-0.161968126893044,2.44621968269348,-0.1536475867033,0,0,0
130664,0.0174475,61.21083737351,-6.66634702682495,-12.4614658355713,-4.67892265319824,13.5810384750366,0.780109524726868,2.79320454597473,-0.2250587195158,0,0,0
130668,0.0166692,61.2275065742433,-6.66634702682495,-12.4614658355713,-4.67892265319824,13.5810384750366,0.780109524726868,2.79320454597473,-0.2250587195158,0,0,0
130670,0.016665,61.2441715747118,5.33865785598755,-16.837381362915,6.99679756164551,11.1728963851929,-1.29996860027313,2.17705464363098,-0.321189105510712,0,0,0
130674,0.0166675,61.2608390748501,5.33865785598755,-16.837381362915,6.99679756164551,11.1728963851929,-1.29996860027313,2.17705464363098,-0.321189105510712,0,0,0
130676,0.0166668,61.2775058746338,5.33865785598755,-16.837381362915,6.99679756164551,11.1728963851929,-1.29996860027313,2.17705464363098,-0.321189105510712,0,0,0
130680,0.0166672,61.2941730748862,-4.99215269088745,-13.6238803863525,-3.07613921165466,14.8981771469116,0.482563138008118,2.87834858894348,-0.16005627810955,0,0,0
130684,0.0166686,61.3108416739851,-4.99215269088745,-13.6238803863525,-3.07613921165466,14.8981771469116,0.482563138008118,2.87834858894348,-0.16005627810955,0,0,0
130686,0.0166655,61.3275071736425,1.26028871536255,-15.32981300354,2.78750824928284,15.1719198226929,-0.179363146424294,2.68151021003723,-0.0703345984220505,0,0,0
130690,0.0166672,61.3441743738949,3.7636456489563,-16.5160312652588,5.37021064758301,10.2048788070679,-0.734172701835632,2.12486958503723,-0.19301526248455,0,0,0
130694,0.016666,61.3608403746039,4.51346254348755,-17.45627784729,6.12002754211426,11.5696249008179,-0.686565279960632,2.10564351081848,-0.10878674685955,0,0,0
130700,0.0166665,61.3775068745017,-3.56393003463745,-14.1435947418213,-1.82247710227966,13.2358846664429,-0.0786551311612129,2.72820210456848,-0.19301526248455,0,0,0
130702,0.0175243,61.3950311746448,-3.56393003463745,-14.1435947418213,-1.82247710227966,13.2358846664429,-0.0786551311612129,2.72820210456848,-0.19301526248455,0,0,0
130704,0.0166671,61.4116982743144,-2.3142352104187,-14.88547706604,-0.644193470478058,14.1761312484741,-0.126262560486794,2.64305806159973,-0.17287366092205,0,0,0
130710,0.0170403,61.4287385735661,-0.390101850032806,-15.0084629058838,1.48623871803284,10.9745321273804,-0.191265001893044,2.19719624519348,-0.0639259070158005,0,0,0
130712,0.0166671,61.4454056732357,-0.390101850032806,-15.0084629058838,1.48623871803284,10.9745321273804,-0.191265001893044,2.19719624519348,-0.0639259070158005,0,0,0
130716,0.0166684,61.4620740730315,0.161350786685944,-15.6511631011963,1.81155610084534,12.1171102523804,-0.102458842098713,2.23656392097473,0.0587547570466995,0,0,0
130718,0.0166658,61.4787398725748,-1.1875262260437,-15.1314487457275,0.831636607646942,13.4818563461304,-0.454021334648132,2.77397847175598,-0.0575172156095505,0,0,0
130722,0.0166669,61.4954067729414,-1.1875262260437,-15.1314487457275,0.831636607646942,13.4818563461304,-0.454021334648132,2.77397847175598,-0.0575172156095505,0,0,0
130724,0.0166662,61.5120729729533,-1.6159930229187,-15.4289951324463,0.0302450135350227,13.3826742172241,-0.269084811210632,2.76665425300598,0.0514305382966995,0,0,0
130728,0.0166674,61.5287403725088,-1.6159930229187,-15.0084629058838,0.458711802959442,13.4064779281616,-0.483318209648132,2.87193989753723,-0.1023780554533,0,0,0
130732,0.0166664,61.5454067718238,-1.6159930229187,-15.0084629058838,0.458711802959442,13.4064779281616,-0.483318209648132,2.87193989753723,-0.1023780554533,0,0,0
130734,0.0166679,61.5620746724308,-1.1161150932312,-15.10764503479,0.958589732646942,13.7079916000366,-0.447612643241882,2.87834858894348,0.00656969845294952,0,0,0
130738,0.0166671,61.5787417721003,-0.715419232845306,-15.6749668121338,1.03396821022034,13.3826742172241,-0.280986666679382,2.70806050300598,0.0779808312654495,0,0,0
130740,0.0166669,61.5954086724669,-0.715419232845306,-15.6749668121338,1.03396821022034,13.3826742172241,-0.280986666679382,2.70806050300598,0.0779808312654495,0,0,0
130744,0.0166715,61.6120801717043,-0.913783490657806,-15.6511631011963,0.907015025615692,13.4818563461304,-0.323100924491882,2.83257222175598,0.10361559689045,0,0,0
130746,0.0166628,61.6287429723889,-0.913783490657806,-15.6511631011963,0.907015025615692,13.4818563461304,-0.323100924491882,2.83257222175598,0.10361559689045,0,0,0
130752,0.0166674,61.6454103719443,-1.1875262260437,-15.5757846832275,0.732454478740692,13.4342489242554,-0.286479830741882,2.89849019050598,0.12925036251545,0,0,0
130754,0.016666,61.6620763726532,-1.1875262260437,-15.5757846832275,0.732454478740692,13.4342489242554,-0.286479830741882,2.89849019050598,0.12925036251545,0,0,0
130758,0.0166669,61.6787432730198,-1.1875262260437,-15.5757846832275,0.732454478740692,13.4342489242554,-0.286479830741882,2.89849019050598,0.12925036251545,0,0,0
130762,0.0166674,61.6954106725752,-1.3382830619812,-15.2544345855713,0.581697642803192,12.9859457015991,-0.269084811210632,2.86553120613098,0.1228416711092,0,0,0
130764,0.0166665,61.7120771724731,-1.3382830619812,-15.2544345855713,0.581697642803192,12.9859457015991,-0.269084811210632,2.86553120613098,0.1228416711092,0,0,0
130770,0.0166669,61.7287440728396,-1.2906756401062,-15.3060092926025,0.708650767803192,12.8867635726929,-0.352397799491882,2.87193989753723,0.10361559689045,0,0,0
130772,0.0166658,61.7454098723829,-1.36605405807495,-15.2544345855713,0.633272349834442,12.7637777328491,-0.323100924491882,2.89849019050598,0.0651634484529495,0,0,0
130774,0.0172079,61.7626177724451,-1.36605405807495,-15.2544345855713,0.633272349834442,12.7637777328491,-0.323100924491882,2.89849019050598,0.0651634484529495,0,0,0
130780,0.0177435,61.7803612723947,-1.56441831588745,-15.3813877105713,0.383333384990692,13.0097494125366,-0.274577975273132,2.92412495613098,0.1100242882967,0,0,0
130782,0.0193124,61.7996736727655,-1.56441831588745,-15.3813877105713,0.383333384990692,13.0097494125366,-0.274577975273132,2.92412495613098,0.1100242882967,0,0,0
130784,0.0166684,61.8163420725614,-1.56441831588745,-15.3813877105713,0.383333384990692,13.0097494125366,-0.274577975273132,2.92412495613098,0.1100242882967,0,0,0
130790,0.0166666,61.8330086730421,-1.36605405807495,-15.4051914215088,0.609468638896942,13.0613241195679,-0.304790377616882,2.95067524909973,0.0514305382966995,0,0,0
130790,0.0166677,61.8496763724834,-1.36605405807495,-15.4051914215088,0.609468638896942,13.0613241195679,-0.304790377616882,2.95067524909973,0.0514305382966995,0,0,0
130796,0.016666,61.8663423731923,-1.36605405807495,-15.4051914215088,0.609468638896942,13.0613241195679,-0.304790377616882,2.95067524909973,0.0514305382966995,0,0,0
130798,0.0166673,61.8830096740276,-1.1399188041687,-15.3536167144775,0.907015025615692,13.1843099594116,-0.376201510429382,2.96990132331848,0.0386131554841995,0,0,0
130802,0.0166674,61.899677073583,-1.1399188041687,-15.3536167144775,0.907015025615692,13.1843099594116,-0.376201510429382,2.96990132331848,0.0386131554841995,0,0,0
130804,0.0166671,61.9163441732526,-1.1399188041687,-15.3536167144775,0.907015025615692,13.1843099594116,-0.376201510429382,2.96990132331848,0.0386131554841995,0,0,0
130808,0.0166681,61.9330122731626,-0.965358197689056,-15.4805698394775,1.08554291725159,12.7122030258179,-0.442119479179382,2.99004292488098,0.0779808312654495,0,0,0
130812,0.0166684,61.9496806729585,-0.862208783626556,-15.504373550415,1.16092133522034,12.6883993148804,-0.459514498710632,2.91771626472473,0.10361559689045,0,0,0
130816,0.0166647,61.9663453735411,-0.862208783626556,-15.504373550415,1.16092133522034,12.6883993148804,-0.459514498710632,2.91771626472473,0.10361559689045,0,0,0
130820,0.0166669,61.9830122739077,-0.465480268001556,-15.0838413238525,1.48623871803284,11.8949422836304,-0.411907076835632,2.82616353034973,0.15488512814045,0,0,0
130824,0.0193694,62.0023816730827,-0.465480268001556,-15.0838413238525,1.48623871803284,11.8949422836304,-0.411907076835632,2.82616353034973,0.15488512814045,0,0,0
130828,0.0166673,62.019048973918,0.887363970279694,-15.4527988433838,2.63675141334534,11.7957601547241,-0.579448580741882,2.89849019050598,0.263832867145538,0,0,0
130830,0.0166667,62.0357156731188,0.736607134342194,-15.4805698394775,2.51376557350159,11.5934286117554,-0.513530611991882,2.91130757331848,0.302285015583038,0,0,0
130834,0.0166686,62.0523842722178,0.736607134342194,-15.4805698394775,2.51376557350159,11.5934286117554,-0.513530611991882,2.91130757331848,0.302285015583038,0,0,0
130836,0.0183097,62.0706939715892,2.3116192817688,-15.155252456665,3.98959565162659,10.9507284164429,-0.775371432304382,2.83257222175598,0.283058941364288,0,0,0
130842,0.0166682,62.0873621720821,2.3116192817688,-15.155252456665,3.98959565162659,10.9507284164429,-0.775371432304382,2.83257222175598,0.283058941364288,0,0,0
130844,0.0193803,62.1067424714565,1.58560609817505,-14.3419589996338,3.41433930397034,11.0499105453491,-0.883403658866882,2.85179829597473,0.15488512814045,0,0,0
130848,0.0166679,62.1234103720635,1.58560609817505,-14.3419589996338,3.41433930397034,11.0499105453491,-0.883403658866882,2.85179829597473,0.15488512814045,0,0,0
130850,0.0175351,62.1409454718232,1.58560609817505,-14.3419589996338,3.41433930397034,11.0499105453491,-0.883403658866882,2.85179829597473,0.15488512814045,0,0,0
130856,0.0168099,62.1577553711832,2.68851137161255,-15.3813877105713,4.26730537414551,11.1728963851929,-0.442119479179382,2.58995747566223,0.348061382770538,0,0,0
130858,0.0166668,62.1744221709669,2.68851137161255,-15.3813877105713,4.26730537414551,11.1728963851929,-0.442119479179382,2.58995747566223,0.348061382770538,0,0,0
130862,0.0166672,62.1910893712193,3.56131410598755,-15.6273593902588,5.29483222961426,11.4704427719116,-0.751567721366882,2.77397847175598,0.302285015583038,0,0,0
130866,0.0227166,62.2138059716672,0.0343976616859436,-13.8460483551025,1.93454194068909,12.2638998031616,-0.304790377616882,3.09441304206848,0.0843895226716995,0,0,0
130868,0.0166685,62.2304744720459,0.0343976616859436,-13.8460483551025,1.93454194068909,12.2638998031616,-0.304790377616882,3.09441304206848,0.0843895226716995,0,0,0
130872,0.0166669,62.2471413724124,-0.663844525814056,-14.3181552886963,1.20852875709534,14.3506917953491,-0.459514498710632,3.14018940925598,0.0779808312654495,0,0,0
130876,0.0166671,62.263808472082,-0.0370134711265564,-14.0682163238525,1.93454194068909,13.3588705062866,-0.114360697567463,3.05504536628723,0.1741112023592,0,0,0
130878,0.0183909,62.2821993716061,0.462864458560944,-14.1197910308838,2.31143403053284,12.8629598617554,-0.245281115174294,2.89849019050598,0.20615465939045,0,0,0
130884,0.0166704,62.2988697718829,-0.588466107845306,-14.488748550415,1.23629975318909,14.0531454086304,-0.119853861629963,3.06877827644348,0.263832867145538,0,0,0
130886,0.0177249,62.316594671458,-0.588466107845306,-14.488748550415,1.23629975318909,14.0531454086304,-0.119853861629963,3.06877827644348,0.263832867145538,0,0,0
130890,0.0166682,62.3332628719509,0.236729204654694,-14.7386875152588,2.18844819068909,12.3908529281616,-0.269084811210632,2.99004292488098,0.295876324176788,0,0,0
130892,0.0166653,62.3499281723052,0.236729204654694,-14.7386875152588,2.18844819068909,12.3908529281616,-0.269084811210632,2.99004292488098,0.295876324176788,0,0,0
130896,0.0166682,62.3665963727981,0.161350786685944,-14.5879306793213,2.08529877662659,12.3670492172241,-0.245281115174294,3.02941060066223,0.2381981164217,0,0,0
130900,0.0211376,62.3877339735627,-1.1875262260437,-14.3419589996338,0.657076060771942,12.4146566390991,0.0229684021323919,2.98363423347473,0.21897204220295,0,0,0
130902,0.0166684,62.4044023733586,-0.489283978939056,-14.1197910308838,1.66079926490784,11.7441854476929,-0.114360697567463,2.88475728034973,0.23178942501545,0,0,0
130906,0.0166665,62.4210688732564,-0.489283978939056,-14.1197910308838,1.66079926490784,11.7441854476929,-0.114360697567463,2.88475728034973,0.23178942501545,0,0,0
130908,0.0166743,62.4377431739122,-0.465480268001556,-14.5641269683838,1.35928559303284,11.6450033187866,-0.0301321838051081,3.02300190925598,0.270241558551788,0,0,0
130912,0.0166636,62.4544067736715,-0.465480268001556,-14.5641269683838,1.35928559303284,11.6450033187866,-0.0301321838051081,3.02300190925598,0.270241558551788,0,0,0
130918,0.0166656,62.4710723739117,0.212925493717194,-14.6117343902588,2.06149506568909,12.1409139633179,-0.0905569866299629,2.92412495613098,0.263832867145538,0,0,0
130922,0.016664,62.4877363741398,0.212925493717194,-14.6117343902588,2.06149506568909,12.1409139633179,-0.0905569866299629,2.92412495613098,0.263832867145538,0,0,0
130924,0.0194438,62.5071801748127,-0.0647844672203064,-14.5125522613525,1.78378510475159,11.6965780258179,0.0888863727450371,2.88475728034973,0.348061382770538,0,0,0
130928,0.0166691,62.5238492749631,-0.739222943782806,-14.5641269683838,1.35928559303284,11.9425497055054,0.207904919981956,2.99645161628723,0.316017925739288,0,0,0
130930,0.0191558,62.5430050753057,-0.739222943782806,-14.5641269683838,1.35928559303284,11.9425497055054,0.207904919981956,2.99645161628723,0.316017925739288,0,0,0
130936,0.0166671,62.5596721749753,-0.437709271907806,-14.933084487915,1.51004242897034,11.3474569320679,0.100788228213787,2.88475728034973,0.289467632770538,0,0,0
130938,0.018728,62.5784001741558,-0.437709271907806,-14.933084487915,1.51004242897034,11.3474569320679,0.100788228213787,2.88475728034973,0.289467632770538,0,0,0
130942,0.0166683,62.5950684733689,0.359715044498444,-14.5879306793213,2.18844819068909,11.4228353500366,0.0531808063387871,2.90489888191223,0.283058941364288,0,0,0
130944,0.0166656,62.6117340736091,-0.0132097601890564,-14.2427768707275,1.78378510475159,11.3474569320679,0.0650826618075371,2.84538960456848,0.289467632770538,0,0,0
130950,0.0166666,62.6284006740898,-0.0132097601890564,-14.2427768707275,1.78378510475159,11.3474569320679,0.0650826618075371,2.84538960456848,0.289467632770538,0,0,0
130952,0.0170273,62.645427973941,-0.338527143001556,-14.1673984527588,1.58542084693909,11.4942464828491,0.255512356758118,2.89116597175598,0.289467632770538,0,0,0
130956,0.0166682,62.6620961744338,-0.640040814876556,-14.1435947418213,1.28390717506409,11.3950643539429,0.285724759101868,2.85912251472473,0.263832867145538,0,0,0
130958,0.0166663,62.6787624750286,-0.640040814876556,-14.1435947418213,1.28390717506409,11.3950643539429,0.285724759101868,2.85912251472473,0.263832867145538,0,0,0
130962,0.0166685,62.6954309754074,-0.965358197689056,-14.2903842926025,0.934786021709442,11.1252889633179,0.357135891914368,2.77397847175598,0.289467632770538,0,0,0
130964,0.017127,62.7125579752028,-0.965358197689056,-14.2903842926025,0.934786021709442,11.1252889633179,0.357135891914368,2.77397847175598,0.289467632770538,0,0,0
130970,0.0166694,62.7292273752391,0.788181841373444,-14.5879306793213,2.43838715553284,11.7441854476929,0.118183247745037,2.84538960456848,0.322426617145538,0,0,0
130972,0.0177354,62.746962774545,0.788181841373444,-14.5879306793213,2.43838715553284,11.7441854476929,0.118183247745037,2.84538960456848,0.322426617145538,0,0,0
130976,0.0166687,62.7636314742267,0.435093462467194,-14.3181552886963,2.11306977272034,11.7957601547241,0.172199353575706,2.79961323738098,0.322426617145538,0,0,0
130978,0.0182849,62.7819163743407,-0.0370134711265564,-14.6395053863525,1.48623871803284,11.4942464828491,0.326923489570618,2.74742817878723,0.270241558551788,0,0,0
130982,0.0166678,62.7985841743648,-0.0370134711265564,-14.6395053863525,1.48623871803284,11.4942464828491,0.326923489570618,2.74742817878723,0.270241558551788,0,0,0
130984,0.0166693,62.8152534738183,-0.0370134711265564,-14.6395053863525,1.48623871803284,11.4942464828491,0.326923489570618,2.74742817878723,0.270241558551788,0,0,0
130990,0.0166641,62.8319175746292,0.387486040592194,-15.0084629058838,2.06149506568909,11.8671712875366,0.184101209044456,2.74742817878723,0.270241558551788,0,0,0
130992,0.0186506,62.8505681753159,0.387486040592194,-15.0084629058838,2.06149506568909,11.8671712875366,0.184101209044456,2.74742817878723,0.270241558551788,0,0,0
130996,0.0166669,62.8672350756824,-0.362330853939056,-14.6117343902588,1.35928559303284,11.4704427719116,0.416645169258118,2.62291646003723,0.289467632770538,0,0,0
130998,0.0173619,62.8845969755203,-0.362330853939056,-14.6117343902588,1.35928559303284,11.4704427719116,0.416645169258118,2.62291646003723,0.289467632770538,0,0,0
131004,0.0166683,62.9012652747333,-0.140162885189056,-14.6871128082275,1.53384613990784,11.4228353500366,0.345234036445618,2.64946675300598,0.283058941364288,0,0,0
131008,0.0200047,62.9212699756026,0.161350786685944,-14.66330909729,1.81155610084534,11.4228353500366,0.362629055976868,2.58995747566223,0.257424175739288,0,0,0
131010,0.0184091,62.9396790750325,0.161350786685944,-14.66330909729,1.81155610084534,11.4228353500366,0.362629055976868,2.58995747566223,0.257424175739288,0,0,0
131016,0.0166688,62.9563478752971,-0.338527143001556,-14.488748550415,1.23629975318909,11.8433675765991,0.416645169258118,2.64305806159973,0.263832867145538,0,0,0
131018,0.0205013,62.9768491759896,-0.338527143001556,-14.488748550415,1.23629975318909,11.8433675765991,0.416645169258118,2.64305806159973,0.263832867145538,0,0,0
131022,0.0166701,62.9935192763805,0.510471880435944,-14.1435947418213,2.13687348365784,12.0179281234741,0.219806775450706,2.63573384284973,0.2381981164217,0,0,0
131024,0.0170514,63.0105706769973,0.510471880435944,-14.1435947418213,2.13687348365784,12.0179281234741,0.219806775450706,2.63573384284973,0.2381981164217,0,0,0
131030,0.0166681,63.0272387769073,1.03812074661255,-14.3181552886963,2.53756928443909,12.1409139633179,0.130085095763206,2.58354878425598,0.302285015583038,0,0,0
131032,0.0223632,63.0496019776911,0.185154497623444,-13.9452304840088,1.71237397193909,12.1409139633179,0.321430325508118,2.55058979988098,0.316017925739288,0,0,0
131036,0.0166684,63.0662703774869,0.0105939507484436,-13.86985206604,1.45846772193909,12.0655355453491,0.398334622383118,2.47917866706848,0.276650249958038,0,0,0
131038,0.0166653,63.0829356778413,-0.0132097601890564,-13.9452304840088,1.45846772193909,12.7122030258179,0.380939602851868,2.56432271003723,0.2381981164217,0,0,0
131044,0.0166684,63.0996040776372,-0.0132097601890564,-13.9452304840088,1.45846772193909,12.7122030258179,0.380939602851868,2.56432271003723,0.2381981164217,0,0,0
131046,0.0195227,63.119126778096,0.161350786685944,-13.7984409332275,1.63699555397034,13.2081136703491,0.457843899726868,2.54418110847473,0.360878765583038,0,0,0
131050,0.0166677,63.1357944775373,0.387486040592194,-14.1435947418213,2.03769135475159,13.9777669906616,0.398334622383118,2.69524312019348,0.276650249958038,0,0,0
131052,0.0176044,63.1533988770097,0.387486040592194,-14.1435947418213,2.03769135475159,13.9777669906616,0.398334622383118,2.69524312019348,0.276650249958038,0,0,0
131058,0.0166676,63.1700664777309,0.0343976616859436,-14.266580581665,1.58542084693909,13.4580526351929,0.577777981758118,2.58354878425598,0.322426617145538,0,0,0
131060,0.0166661,63.18673257716,0.0343976616859436,-14.266580581665,1.58542084693909,13.4580526351929,0.577777981758118,2.58354878425598,0.322426617145538,0,0,0
131064,0.0166672,63.2033997774124,0.0621686577796936,-13.8976230621338,1.48623871803284,12.7875814437866,0.649189114570618,2.41966938972473,0.328835308551788,0,0,0
131066,0.0173146,63.2207143772393,0.411289751529694,-13.6714878082275,1.85916352272034,12.3392782211304,0.404743313789368,2.42607808113098,0.2125633507967,0,0,0
131070,0.0166672,63.2373815774918,0.411289751529694,-13.6714878082275,1.85916352272034,12.3392782211304,0.404743313789368,2.42607808113098,0.2125633507967,0,0,0
131074,0.0166665,63.2540480773896,-0.263148725032806,-14.4649448394775,1.03396821022034,12.4662313461304,0.571369290351868,2.40044331550598,0.276650249958038,0,0,0
131078,0.0177345,63.2717825770378,-0.263148725032806,-14.4649448394775,1.03396821022034,12.4662313461304,0.571369290351868,2.40044331550598,0.276650249958038,0,0,0
131080,0.0178027,63.2895852774382,-0.263148725032806,-14.4649448394775,1.03396821022034,12.4662313461304,0.571369290351868,2.40044331550598,0.276650249958038,0,0,0
131084,0.0166674,63.3062526769936,0.562046587467194,-14.2903842926025,1.91073822975159,11.8949422836304,0.642780423164368,2.16423726081848,0.476235210895538,0,0,0
131086,0.0166664,63.3229190763086,0.562046587467194,-14.2903842926025,1.91073822975159,11.8949422836304,0.642780423164368,2.16423726081848,0.476235210895538,0,0,0
131090,0.0166675,63.3395865764469,0.562046587467194,-16.9881381988525,1.75998139381409,12.7360067367554,0.362629055976868,2.66869282722473,0.2253807336092,0,0,0
131094,0.0166666,63.3562531769276,-1.41366147994995,-16.2700595855713,-0.295072376728058,12.5654134750366,0.881733059883118,2.58995747566223,0.380104839801788,0,0,0
131098,0.0166691,63.372922277078,-1.41366147994995,-16.2700595855713,-0.295072376728058,12.5654134750366,0.881733059883118,2.58995747566223,0.380104839801788,0,0,0
131100,0.016667,63.3895892761648,1.1373028755188,-18.075174331665,2.31143403053284,10.8515462875366,0.642780423164368,2.49840474128723,0.418556988239288,0,0,0
131104,0.0166672,63.4062564764172,1.1373028755188,-18.075174331665,2.31143403053284,10.8515462875366,0.642780423164368,2.49840474128723,0.418556988239288,0,0,0
131106,0.0166657,63.4229221772403,1.1373028755188,-18.075174331665,2.31143403053284,10.8515462875366,0.642780423164368,2.49840474128723,0.418556988239288,0,0,0
131110,0.0166678,63.4395899772644,1.9624981880188,-19.1899814605713,2.98983979225159,12.5654134750366,0.666584134101868,2.36748433113098,0.540322124958038,0,0,0
131114,0.0175541,63.4571440778673,1.9624981880188,-19.1899814605713,2.98983979225159,12.5654134750366,0.666584134101868,2.36748433113098,0.540322124958038,0,0,0
131118,0.0166673,63.4738113787025,1.9863018989563,-17.8768100738525,3.06521821022034,10.8515462875366,-0.311199069023132,2.70806050300598,-0.0382911413908005,0,0,0
131120,0.0206974,63.4945087786764,-5.81734800338745,-18.075174331665,-4.95663261413574,12.7637777328491,2.33650588989258,2.50481343269348,0.501869976520538,0,0,0
131126,0.0166683,63.5111770778894,-5.81734800338745,-18.075174331665,-4.95663261413574,12.7637777328491,2.33650588989258,2.50481343269348,0.501869976520538,0,0,0
131128,0.0171214,63.5282984785736,0.387486040592194,-19.8326816558838,1.28390717506409,11.3236532211304,1.03096401691437,2.17705464363098,0.495461285114288,0,0,0
131132,0.0166673,63.5449657794088,0.387486040592194,-19.8326816558838,1.28390717506409,11.3236532211304,1.03096401691437,2.17705464363098,0.495461285114288,0,0,0
131134,0.019603,63.5645687785,0.387486040592194,-19.8326816558838,1.28390717506409,11.3236532211304,1.03096401691437,2.17705464363098,0.495461285114288,0,0,0
131140,0.0166682,63.5812369789928,1.9386944770813,-20.0310459136963,2.76370453834534,12.3154745101929,0.810321927070618,2.26952290534973,0.431374371051788,0,0,0
131144,0.0192627,63.6004996784031,1.9386944770813,-20.0310459136963,2.76370453834534,12.3154745101929,0.810321927070618,2.26952290534973,0.431374371051788,0,0,0
131146,0.0194662,63.6199658792466,-2.9648699760437,-20.9435214996338,-2.29855132102966,11.7679891586304,0.946735501289368,2.77397847175598,0.2253807336092,0,0,0
131150,0.0166669,63.6366327796131,2.8114972114563,-22.6018466949463,3.79123139381409,11.3236532211304,0.422138333320618,2.30889058113098,0.476235210895538,0,0,0
131152,0.0173497,63.6539824791253,2.8114972114563,-22.6018466949463,3.79123139381409,11.3236532211304,0.422138333320618,2.30889058113098,0.476235210895538,0,0,0
131158,0.0169462,63.6709286794066,0.0343976616859436,-21.7607822418213,0.708650767803192,11.6211996078491,1.00716030597687,2.37389302253723,0.450600445270538,0,0,0
131160,0.0175499,63.6884785797447,0.0343976616859436,-21.7607822418213,0.708650767803192,11.6211996078491,1.00716030597687,2.37389302253723,0.450600445270538,0,0,0
131162,0.0166681,63.7051466796547,0.0343976616859436,-21.7607822418213,0.708650767803192,11.6211996078491,1.00716030597687,2.37389302253723,0.450600445270538,0,0,0
131166,0.016667,63.7218136787415,0.212925493717194,-21.7845859527588,0.982393443584442,12.3670492172241,0.839618802070618,2.55058979988098,0.418556988239288,0,0,0
131168,0.0166689,63.7384825795889,0.212925493717194,-21.7845859527588,0.982393443584442,12.3670492172241,0.839618802070618,2.55058979988098,0.418556988239288,0,0,0
131172,0.0166664,63.7551489789039,-0.965358197689056,-21.661600112915,-0.545011341571808,10.7007894515991,0.565876126289368,2.64946675300598,0.2381981164217,0,0,0
131176,0.016666,63.7718149796128,0.387486040592194,-21.4632358551025,0.982393443584442,10.8753499984741,0.601581692695618,2.43340229988098,0.373696148395538,0,0,0
131178,0.0166674,63.7884823791683,0.387486040592194,-21.4632358551025,0.982393443584442,10.8753499984741,0.601581692695618,2.43340229988098,0.373696148395538,0,0,0
131184,0.0166666,63.8051489796489,-0.290919721126556,-23.0699863433838,0.383333384990692,12.1647176742554,0.661090970039368,2.74742817878723,0.283058941364288,0,0,0
131186,0.016667,63.8218159787357,-0.290919721126556,-23.0699863433838,0.383333384990692,12.1647176742554,0.661090970039368,2.74742817878723,0.283058941364288,0,0,0
131190,0.016667,63.8384829778224,-0.215541303157806,-22.2051181793213,0.232576549053192,11.2482748031616,0.738910794258118,2.59636616706848,0.335243999958038,0,0,0
131192,0.0166667,63.8551496770233,-0.263148725032806,-22.3043003082275,0.208772838115692,11.4942464828491,0.714191555976868,2.64946675300598,0.309609234333038,0,0,0
131198,0.0166666,63.871816277504,-0.390101850032806,-22.3043003082275,0.0580160096287727,11.4942464828491,0.750812649726868,2.66228413581848,0.341652691364288,0,0,0
131202,0.0201993,63.8920155782253,-0.314723432064056,-22.4034824371338,0.133394420146942,11.7679891586304,0.727008938789368,2.68883442878723,0.328835308551788,0,0,0
131208,0.0205117,63.9125272780657,-0.862208783626556,-22.677225112915,-0.469632923603058,11.5220174789429,0.827716946601868,2.68883442878723,0.348061382770538,0,0,0
131210,0.0243244,63.9368516784161,-0.489283978939056,-22.8755893707275,-0.120511822402477,11.7957601547241,0.827716946601868,2.71446919441223,0.360878765583038,0,0,0
131212,0.0166668,63.9535184781998,-0.489283978939056,-22.8755893707275,-0.120511822402477,11.7957601547241,0.827716946601868,2.71446919441223,0.360878765583038,0,0,0
131218,0.0166669,63.9701853785664,-0.612269818782806,-22.455057144165,-0.168119251728058,11.2958822250366,0.768207669258118,2.64305806159973,0.367287456989288,0,0,0
131220,0.0192209,63.9894062783569,-0.612269818782806,-22.455057144165,-0.168119251728058,11.2958822250366,0.768207669258118,2.64305806159973,0.367287456989288,0,0,0
131224,0.0166681,64.0060743782669,-0.612269818782806,-22.455057144165,-0.168119251728058,11.2958822250366,0.768207669258118,2.64305806159973,0.367287456989288,0,0,0
131226,0.0166658,64.0227401778102,-7.49154233932495,-30.3935947418213,-7.41238212585449,20.1389617919922,1.91261684894562,4.47045040130615,0.1869285851717,0,0,0
131228,0.0166674,64.0394075773656,-7.49154233932495,-30.3935947418213,-7.41238212585449,20.1389617919922,1.91261684894562,4.47045040130615,0.1869285851717,0,0,0
131232,0.0166665,64.0560740772635,-7.49154233932495,-30.3935947418213,-7.41238212585449,20.1389617919922,1.91261684894562,4.47045040130615,0.1869285851717,0,0,0
131238,0.0166669,64.07274097763,-6.66634702682495,-30.3935947418213,-6.50784111022949,9.70896816253662,1.32851040363312,2.87193989753723,-0.378867328166962,0,0,0
131242,0.0201979,64.0929388776422,-6.66634702682495,-30.3935947418213,-6.50784111022949,9.70896816253662,1.32851040363312,2.87193989753723,-0.378867328166962,0,0,0
131246,0.0166683,64.1096071768552,-3.4647479057312,-26.8547763824463,-2.92538237571716,6.80094814300537,0.452350735664368,2.32170796394348,-0.269919574260712,0,0,0
131248,0.0194376,64.1290447767824,-1.9651141166687,-27.54905128479,-1.44558501243591,6.57878017425537,0.0650826618075371,2.34093403816223,-0.21865002810955,0,0,0
131252,0.0166682,64.1457129772753,-0.0647844672203064,-24.3077793121338,0.506319224834442,6.67796230316162,-0.138164415955544,2.07909321784973,-0.2122413367033,0,0,0
131258,0.020968,64.1666809767485,-0.437709271907806,-25.5693759918213,-0.120511822402477,9.23686122894287,-0.257182955741882,2.68883442878723,-0.488730609416962,0,0,0
131260,0.0196375,64.1863184776157,-0.437709271907806,-25.5693759918213,-0.120511822402477,9.23686122894287,-0.257182955741882,2.68883442878723,-0.488730609416962,0,0,0
131264,0.0166676,64.2029860783368,-0.0647844672203064,-22.7010288238525,0.232576549053192,10.2524862289429,-0.847698092460632,2.72087788581848,-0.648947894573212,0,0,0
131266,0.0180096,64.2209956776351,-0.0647844672203064,-22.7010288238525,0.232576549053192,10.2524862289429,-0.847698092460632,2.72087788581848,-0.648947894573212,0,0,0
131270,0.0166672,64.2376628778875,-0.0647844672203064,-22.7010288238525,0.232576549053192,10.2524862289429,-0.847698092460632,2.72087788581848,-0.648947894573212,0,0,0
131272,0.0185485,64.2562113776803,-4.2661395072937,-21.5862216949463,-3.55221343040466,15.4178915023804,0.530170559883118,2.89116597175598,-0.463095843791962,0,0,0
131278,0.0166702,64.2728815767914,-0.112391889095306,-19.5589389801025,0.807832896709442,10.9745321273804,-0.591350436210632,2.11846089363098,-0.372458636760712,0,0,0
131280,0.0166647,64.289546277374,-0.112391889095306,-19.5589389801025,0.807832896709442,10.9745321273804,-0.591350436210632,2.11846089363098,-0.372458636760712,0,0,0
131282,0.0166678,64.3062140773982,-1.7905535697937,-18.646463394165,-0.719571888446808,18.6234588623047,0.559467434883118,2.64305806159973,-0.308371722698212,0,0,0
131286,0.0166684,64.3228824771941,-1.7905535697937,-18.646463394165,-0.719571888446808,18.6234588623047,0.559467434883118,2.64305806159973,-0.308371722698212,0,0,0
131290,0.0166666,64.3395490776747,-1.1875262260437,-15.282205581665,0.407137095928192,11.8195638656616,0.0229684021323919,2.31529927253723,-0.475913226604462,0,0,0
131292,0.0166655,64.3562145773321,-10.4670057296753,-15.0322666168213,-8.13839530944824,16.7866058349609,1.62697231769562,2.45262837409973,-0.2250587195158,0,0,0
131296,0.0166668,64.3728813771158,-10.4670057296753,-15.0322666168213,-8.13839530944824,16.7866058349609,1.62697231769562,2.45262837409973,-0.2250587195158,0,0,0
131300,0.0166669,64.3895482774824,-1.3144793510437,-12.4614658355713,1.18472504615784,13.3350667953491,-0.418315768241882,1.97472298145294,-0.507956683635712,0,0,0
131304,0.016667,64.4062152765691,8.91318225860596,-16.9881381988525,10.7577838897705,14.2515096664429,-1.74766147136688,2.53136372566223,-0.0511085242033005,0,0,0
131306,0.016666,64.4228812772781,8.91318225860596,-16.9881381988525,10.7577838897705,14.2515096664429,-1.74766147136688,2.53136372566223,-0.0511085242033005,0,0,0
131310,0.0166692,64.4395504780114,0.887363970279694,-9.12101173400879,4.06497383117676,13.9539632797241,-0.584941744804382,2.50481343269348,-0.404502093791962,0,0,0
131312,0.0166654,64.4562158770859,0.887363970279694,-9.12101173400879,4.06497383117676,13.9539632797241,-0.584941744804382,2.50481343269348,-0.404502093791962,0,0,0
131316,0.0166673,64.4728831779212,0.887363970279694,-9.12101173400879,4.06497383117676,13.9539632797241,-0.584941744804382,2.50481343269348,-0.404502093791962,0,0,0
131320,0.0166665,64.489549677819,7.96500062942505,-11.9893589019775,10.003999710083,17.2309417724609,-1.45560824871063,2.85179829597473,-0.469504535198212,-5.0368156035982,0.358864230058713,4.43050549289549
131324,0.0166685,64.5062181781977,4.4142804145813,-12.9058017730713,6.54849433898926,17.1595306396484,-0.250774264335632,2.05345845222473,-0.1408302038908,-5.36971558948557,0.814602029667479,5.94626003588869
131326,0.0166655,64.5228836778551,4.4142804145813,-12.9058017730713,6.54849433898926,17.1595306396484,-0.250774264335632,2.05345845222473,-0.1408302038908,-5.36971558948557,0.814602029667479,5.94626003588869
131330,0.0166671,64.5395507775247,1.23648500442505,-12.0885410308838,3.29135346412659,15.2195272445679,0.285724759101868,2.07909321784973,-0.0895606726408005,-3.4348262011579,-0.683900305874804,4.7580179211519
131332,0.0166658,64.556216577068,1.23648500442505,-12.0885410308838,3.29135346412659,15.2195272445679,0.285724759101868,2.07909321784973,-0.0895606726408005,-3.4348262011579,-0.683900305874804,4.7580179211519
131338,0.0166675,64.5728840772063,-1.9413104057312,-11.4974155426025,2.38681244850159,19.4446868896484,0.0824776813387871,2.28234028816223,-0.417319476604462,-2.80888537108433,-1.4904193873142,5.5055333348808
131340,0.0166655,64.5895495768636,-0.588466107845306,-9.29557228088379,3.11282563209534,16.0883636474609,0.0293770935386419,2.19719624519348,-0.327597796916962,-2.84270106488819,-2.40419759530982,4.793446773127
131344,0.0166691,64.6062186770141,-0.588466107845306,-9.29557228088379,3.11282563209534,16.0883636474609,0.0293770935386419,2.19719624519348,-0.327597796916962,-2.84270106488819,-2.40419759530982,4.793446773127
131346,0.016665,64.6228836774826,-0.965358197689056,-10.013650894165,4.19192695617676,18.0005950927734,-0.0722464397549629,2.63573384284973,-0.391684710979462,-3.00616037452025,-0.552206794041038,3.3804938444777
131350,0.0166682,64.6395518779755,-0.612269818782806,-9.79148292541504,4.36648750305176,19.4169158935547,-0.0786551311612129,2.93694233894348,-0.391684710979462,-3.72825452957041,0.179407940606058,3.25650859924827
131354,0.0174345,64.6569863781333,-0.612269818782806,-9.79148292541504,4.36648750305176,19.4169158935547,-0.0786551311612129,2.93694233894348,-0.391684710979462,-3.72825452957041,0.179407940606058,3.25650859924827
131358,0.0166677,64.6736540775746,-0.362330853939056,-8.70047950744629,4.44186592102051,16.8857879638672,-0.0786551311612129,2.44621968269348,-0.340415179729462,-2.78864382749726,-0.237186129384902,3.63916970011976
131362,0.0193729,64.6930269766599,-0.489283978939056,-9.61692237854004,4.46566963195801,19.5160980224609,-0.155559435486794,2.59636616706848,-0.410910785198212,-2.51628923439888,-0.118398059016625,3.35041677816756
131364,0.0205454,64.713572377339,-0.540858685970306,-9.81528663635254,5.44558906555176,20.6864471435547,-0.0667532756924629,2.76665425300598,-0.366049945354462,-2.96061403161008,-1.80623982072692,4.06200950365086
131370,0.0166692,64.7302415780723,-0.540858685970306,-9.81528663635254,5.44558906555176,20.6864471435547,-0.0667532756924629,2.76665425300598,-0.366049945354462,-2.96061403161008,-1.80623982072692,4.06200950365086
131372,0.0166681,64.7469096779823,-0.564662396907806,-8.08158302307129,5.87008857727051,20.3849334716797,0.0229684021323919,2.03331685066223,-0.366049945354462,-2.70168818651496,-0.223611054405231,2.537116559326
131376,0.0166684,64.7635780777782,-0.564662396907806,-8.08158302307129,5.87008857727051,20.3849334716797,0.0229684021323919,2.03331685066223,-0.366049945354462,-2.70168818651496,-0.223611054405231,2.537116559326
131378,0.0204443,64.7840223778039,-0.112391889095306,-6.89536476135254,6.39773750305176,18.0521697998047,-0.221477404236794,2.24938130378723,-0.372458636760712,-1.81126794483041,1.51729921167452,2.5870035959306
131384,0.0166682,64.8006905782968,0.0621686577796936,-7.39127540588379,6.82223701477051,20.3611297607422,-0.250774264335632,2.56432271003723,-0.378867328166962,-2.36842451910555,1.49601198416469,2.43472561073959
131386,0.0195967,64.820287277922,0.0621686577796936,-7.39127540588379,6.82223701477051,20.3611297607422,-0.250774264335632,2.56432271003723,-0.378867328166962,-2.36842451910555,1.49601198416469,2.43472561073959
131390,0.0170586,64.8373458776623,-0.140162885189056,-7.68882179260254,6.79843330383301,22.5709075927734,-0.155559435486794,2.82616353034973,-0.436545550823212,-4.14653180625956,0.287855030060612,3.8367416093448
131394,0.018454,64.8557998780161,-0.140162885189056,-7.68882179260254,6.79843330383301,22.5709075927734,-0.155559435486794,2.82616353034973,-0.436545550823212,-4.14653180625956,0.287855030060612,3.8367416093448
131398,0.016668,64.8724678773433,-0.187770307064056,-3.88022804260254,6.39773750305176,19.8136444091797,-0.00083530880510807,1.99394905567169,-0.366049945354462,-3.40423026542679,-0.0741880411783022,3.60710048465467
131400,0.0191911,64.8916589766741,-0.390101850032806,-5.11405372619629,6.52072334289551,19.9882049560547,0.0888863727450371,2.28234028816223,-0.378867328166962,-1.48916781821944,-0.424507472408874,2.1788078865582
131402,0.0166691,64.9083280768245,-0.390101850032806,-5.11405372619629,6.52072334289551,19.9882049560547,0.0888863727450371,2.28234028816223,-0.378867328166962,-1.48916781821944,-0.424507472408874,2.1788078865582
131406,0.0166659,64.9249939769506,-0.0370134711265564,-6.97074317932129,8.07589912414551,23.4397430419922,0.00557338260114193,2.45262837409973,-0.398093402385712,-2.02751265554489,-0.0753334719714625,2.0322142659434
131410,0.0166679,64.9416618775576,-0.215541303157806,-4.54673194885254,7.67520332336426,24.6338958740234,0.0824776813387871,2.76024556159973,-0.436545550823212,-3.35381148221828,1.88597296188048,2.9037157205656
131412,0.016666,64.9583278782666,-0.215541303157806,-4.54673194885254,7.67520332336426,24.6338958740234,0.0824776813387871,2.76024556159973,-0.436545550823212,-3.35381148221828,1.88597296188048,2.9037157205656
131418,0.0166674,64.974995277822,0.109776079654694,-4.72129249572754,7.22293281555176,23.6381072998047,0.279316067695618,2.02049946784973,-0.1792823523283,-2.32576543996584,0.373822408621604,2.96801024311068
131422,0.0166655,64.9916607774794,0.109776079654694,-4.72129249572754,7.22293281555176,23.6381072998047,0.279316067695618,2.02049946784973,-0.1792823523283,-2.32576543996584,0.373822408621604,2.96801024311068
131424,0.0188047,65.0104654766619,0.109776079654694,-4.72129249572754,7.22293281555176,23.6381072998047,0.279316067695618,2.02049946784973,-0.1792823523283,-2.32576543996584,0.373822408621604,2.96801024311068
131430,0.0172228,65.0276882760227,0.0621686577796936,-4.10239601135254,7.25070381164551,24.6576995849609,0.422138333320618,2.15141987800598,-0.0959693640470505,-3.61924978895785,0.820292861482484,2.90301837928378
131432,0.0184716,65.0461598765105,0.0621686577796936,-4.10239601135254,7.25070381164551,24.6576995849609,0.422138333320618,2.15141987800598,-0.0959693640470505,-3.61924978895785,0.820292861482484,2.90301837928378
131436,0.0166679,65.0628277771175,0.0859723687171936,-2.81699562072754,7.17532539367676,21.8290252685547,0.511860013008118,2.07268452644348,-0.0446998327970505,-2.24234454799964,0.52080532422728,3.073284787735
131438,0.0190763,65.0819040779024,1.26028871536255,-2.51944923400879,8.57577705383301,21.8012542724609,0.488056302070618,2.55058979988098,-0.0382911413908005,-0.586639320569003,2.47383393365808,1.69817880546232
131442,0.0166689,65.0985729787499,1.26028871536255,-2.51944923400879,8.57577705383301,21.8012542724609,0.488056302070618,2.55058979988098,-0.0382911413908005,-0.586639320569003,2.47383393365808,1.69817880546232
131444,0.0166664,65.1152393780649,1.26028871536255,-2.51944923400879,8.57577705383301,21.8012542724609,0.488056302070618,2.55058979988098,-0.0382911413908005,-0.586639320569003,2.47383393365808,1.69817880546232
131450,0.016667,65.1319063771516,0.284336626529694,-2.14652442932129,7.04837226867676,21.6782684326172,0.786518216133118,2.57714009284973,-0.0190650671720505,-1.98412453656774,1.27650279407182,3.04781620149873
131452,0.0209064,65.1528127770871,0.284336626529694,-2.14652442932129,7.04837226867676,21.6782684326172,0.786518216133118,2.57714009284973,-0.0190650671720505,-1.98412453656774,1.27650279407182,3.04781620149873
131458,0.0166673,65.1694800779223,0.510471880435944,-1.23404884338379,7.57602119445801,21.7020721435547,0.702289700508118,2.22374653816223,-0.0318824499845505,-1.58784258864321,1.23756421237045,1.45103687331638
131460,0.0221517,65.191631777212,0.685032427310944,-2.24570655822754,7.84976387023926,23.4159393310547,1.07216274738312,2.21642231941223,0.0715721398591995,-2.43816512650616,1.93377539272055,3.20593593191966
131464,0.0166679,65.208299677819,-0.112391889095306,-1.77756690979004,6.92141914367676,21.7020721435547,1.15547573566437,2.19719624519348,0.0514305382966995,-0.639699690381252,1.70878235322398,2.94103554934965
131466,0.0166676,65.2249672785401,-0.112391889095306,-1.77756690979004,6.92141914367676,21.7020721435547,1.15547573566437,2.19719624519348,0.0514305382966995,-0.639699690381252,1.70878235322398,2.94103554934965
131470,0.0166676,65.2416348792613,-0.112391889095306,-1.77756690979004,6.92141914367676,21.7020721435547,1.15547573566437,2.19719624519348,0.0514305382966995,-0.639699690381252,1.70878235322398,2.94103554934965
131474,0.0166661,65.2583009786904,0.609654009342194,2.10640525817871,6.14779853820801,17.7546234130859,1.10237514972687,1.58837044239044,0.0193870812654495,-1.06012851986512,3.31365908015508,2.27877617395853
131478,0.0166667,65.2749676778913,0.609654009342194,2.10640525817871,6.14779853820801,17.7546234130859,1.10237514972687,1.58837044239044,0.0193870812654495,-1.06012851986512,3.31365908015508,2.27877617395853
131480,0.0166664,65.2916340772063,0.609654009342194,2.10640525817871,6.14779853820801,17.7546234130859,1.10237514972687,1.58837044239044,0.0193870812654495,-1.06012851986512,3.31365908015508,2.27877617395853
131484,0.0166672,65.3083012774587,0.260532915592194,3.19344139099121,4.19192695617676,14.5490560531616,1.03096401691437,1.32561409473419,-0.0254737585783005,0.383833602648094,1.78477271125399,2.06745737344679
131486,0.0166674,65.3249686770141,0.260532915592194,3.19344139099121,4.19192695617676,14.5490560531616,1.03096401691437,1.32561409473419,-0.0254737585783005,0.383833602648094,1.78477271125399,2.06745737344679
131492,0.0166656,65.3416342772543,-0.163966596126556,1.38832664489746,5.27102851867676,15.6678304672241,0.953144192695618,1.35216438770294,-0.21865002810955,1.2638700213153,2.01477351390095,2.26463593334884
131494,0.017507,65.3591412771493,0.284336626529694,0.967794418334961,5.84628486633301,17.6038665771484,1.03645718097687,1.78429329395294,-0.257102191448212,0.327480844318642,2.27065242634114,1.9409574446802
131498,0.0166672,65.3758084774017,0.284336626529694,0.967794418334961,5.84628486633301,17.6038665771484,1.03645718097687,1.78429329395294,-0.257102191448212,0.327480844318642,2.27065242634114,1.9409574446802
131500,0.0166664,65.3924748767167,0.0859723687171936,-1.10709571838379,6.14779853820801,19.2939300537109,1.00075161457062,2.01409077644348,-0.301963031291962,0.906147734831498,2.35742493324993,2.74193956283124
131502,0.0166679,65.4091427773237,-0.0885881781578064,-4.57053565979004,6.69925117492676,21.5037078857422,1.11427700519562,2.20360493659973,-0.385276019573212,-0.174169295027163,1.77978692440953,3.80989393968019
131506,0.0167035,65.4258462768048,-0.0885881781578064,-4.57053565979004,6.69925117492676,21.5037078857422,1.11427700519562,2.20360493659973,-0.385276019573212,-0.174169295027163,1.77978692440953,3.80989393968019
131510,0.0166721,65.4425183776766,-0.0885881781578064,-4.57053565979004,6.69925117492676,21.5037078857422,1.11427700519562,2.20360493659973,-0.385276019573212,-0.174169295027163,1.77978692440953,3.80989393968019
131512,0.0166624,65.4591807778925,-0.465480268001556,-6.49863624572754,6.64767646789551,23.7650604248047,1.19758999347687,2.33452534675598,-0.359641253948212,0.607986489868084,0.831241468701139,3.37488716202228
131518,0.0166658,65.4758465774357,-0.465480268001556,-6.49863624572754,6.64767646789551,23.7650604248047,1.19758999347687,2.33452534675598,-0.359641253948212,0.607986489868084,0.831241468701139,3.37488716202228
131520,0.0166687,65.4925152771175,-0.465480268001556,-6.49863624572754,6.64767646789551,23.7650604248047,1.19758999347687,2.33452534675598,-0.359641253948212,0.607986489868084,0.831241468701139,3.37488716202228
131524,0.0166651,65.5091803763062,-0.437709271907806,-7.81180763244629,6.82223701477051,24.3363494873047,1.20308315753937,2.39403462409973,-0.398093402385712,0.944038110347757,1.46533943085869,3.61926843513277
131526,0.0166666,65.5258469767869,-0.437709271907806,-7.81180763244629,6.82223701477051,24.3363494873047,1.20308315753937,2.39403462409973,-0.398093402385712,0.944038110347757,1.46533943085869,3.61926843513277
131530,0.0166672,65.5425141770393,-0.0647844672203064,-6.97074317932129,6.99679756164551,23.4675140380859,1.14357388019562,2.26952290534973,-0.417319476604462,0.767815106693595,1.76439787391999,3.564129828641
131532,0.0166664,65.5591805763543,-0.263148725032806,-6.84775733947754,6.87381172180176,23.6658782958984,1.13167202472687,2.30889058113098,-0.398093402385712,0.835159355915927,1.75413350643894,3.31848812441156
131538,0.016667,65.575847575441,-0.263148725032806,-6.84775733947754,6.87381172180176,23.6658782958984,1.13167202472687,2.30889058113098,-0.398093402385712,0.835159355915927,1.75413350643894,3.31848812441156
131540,0.0166672,65.5925147756934,-0.0370134711265564,-6.49863624572754,6.85000801086426,23.3167572021484,1.16188442707062,2.32170796394348,-0.417319476604462,1.18076310473732,1.55088536350364,3.37615697091189
131544,0.0166671,65.609181875363,-0.338527143001556,-6.20505714416504,6.44534492492676,23.0430145263672,1.11977016925812,2.28234028816223,-0.404502093791962,1.71447560840803,1.59046956632524,3.43356944023116
131546,0.0166673,65.6258491761982,-0.338527143001556,-6.20505714416504,6.44534492492676,23.0430145263672,1.11977016925812,2.28234028816223,-0.404502093791962,1.71447560840803,1.59046956632524,3.43356944023116
131550,0.0166664,65.6425155755132,-0.163966596126556,-5.56235694885254,6.64767646789551,22.0273895263672,1.11427700519562,2.09923481941223,-0.391684710979462,1.33688269794443,1.54857299439098,3.53241196336495
131552,0.0166661,65.6591816749424,-0.163966596126556,-5.56235694885254,6.64767646789551,22.0273895263672,1.11427700519562,2.09923481941223,-0.391684710979462,1.33688269794443,1.54857299439098,3.53241196336495
131558,0.0166682,65.6758498754352,-0.0647844672203064,-5.14182472229004,6.92141914367676,22.3249359130859,1.13808071613312,2.17064595222473,-0.410910785198212,1.07944617917939,1.83758648154679,3.45853459407924
131560,0.0166655,65.6925153750926,0.387486040592194,-4.57053565979004,6.97299385070801,22.3725433349609,1.11977016925812,2.28874897956848,-0.456687152385712,0.870258776342534,1.94333771170934,3.42647705635035
131564,0.0166683,65.7091836743057,0.387486040592194,-4.57053565979004,6.97299385070801,22.3725433349609,1.11977016925812,2.28874897956848,-0.456687152385712,0.870258776342534,1.94333771170934,3.42647705635035
131566,0.016667,65.7258506733924,0.137547075748444,-4.42374610900879,6.59610176086426,21.8290252685547,1.11427700519562,2.12486958503723,-0.430136859416962,1.81536516870513,1.73537494331664,3.32893218532277
131570,0.0166667,65.7425173725933,0.137547075748444,-4.42374610900879,6.59610176086426,21.8290252685547,1.11427700519562,2.12486958503723,-0.430136859416962,1.81536516870513,1.73537494331664,3.32893218532277
131574,0.0166664,65.7591837719083,0.0621686577796936,-4.42374610900879,6.59610176086426,21.8290252685547,1.10786831378937,2.09923481941223,-0.391684710979462,1.7119911510223,1.68269353310566,3.31992037109777
131578,0.0166678,65.7758515719324,-0.0647844672203064,-4.82047462463379,6.49691963195801,22.6224822998047,1.12617886066437,2.27593159675598,-0.410910785198212,1.06701254862005,1.47971615177748,3.65713971411845
131580,0.0166691,65.7925206720829,-0.0647844672203064,-4.82047462463379,6.49691963195801,22.6224822998047,1.12617886066437,2.27593159675598,-0.410910785198212,1.06701254862005,1.47971615177748,3.65713971411845
131584,0.0166644,65.8091850727797,0.0859723687171936,-4.99106788635254,6.77462959289551,22.6978607177734,1.12617886066437,2.23656392097473,-0.417319476604462,1.54670190148552,1.85898026221763,3.618835066338
131586,0.0166672,65.8258522730321,0.0859723687171936,-4.99106788635254,6.77462959289551,22.6978607177734,1.12617886066437,2.23656392097473,-0.417319476604462,1.54670190148552,1.85898026221763,3.618835066338
131590,0.0166677,65.8425199724734,-0.0370134711265564,-5.48697853088379,6.64767646789551,22.7692718505859,1.11427700519562,2.25578999519348,-0.430136859416962,1.18994932051201,1.7155688316953,3.78118088192132
131594,0.0166657,65.8591856732965,0.0105939507484436,-5.70914649963379,6.79843330383301,23.3683319091797,1.13167202472687,2.27593159675598,-0.398093402385712,1.2783335987772,1.62609019614202,3.62770338681482
131598,0.0166678,65.8758534733206,0.0105939507484436,-5.70914649963379,6.79843330383301,23.3683319091797,1.13167202472687,2.27593159675598,-0.398093402385712,1.2783335987772,1.62609019614202,3.62770338681482
131600,0.016666,65.8925194740295,-0.0647844672203064,-6.05430030822754,6.57229804992676,22.9200286865234,1.11427700519562,2.19719624519348,-0.410910785198212,1.19714257118674,1.41731214033028,3.88087751069412
131604,0.0166672,65.909186674282,-0.0647844672203064,-6.05430030822754,6.57229804992676,22.9200286865234,1.11427700519562,2.19719624519348,-0.410910785198212,1.19714257118674,1.41731214033028,3.88087751069412
131606,0.0166664,65.925853073597,-0.0647844672203064,-6.05430030822754,6.57229804992676,22.9200286865234,1.11427700519562,2.19719624519348,-0.410910785198212,1.19714257118674,1.41731214033028,3.88087751069412
131612,0.0166674,65.9425204731524,-0.0885881781578064,-5.95511817932129,6.79843330383301,22.9676361083984,1.11977016925812,2.19078755378723,-0.410910785198212,1.21310401147485,1.71273254200933,3.8446726343049
131614,0.0166661,65.9591865725815,-0.0885881781578064,-5.95511817932129,6.79843330383301,22.9676361083984,1.11977016925812,2.19078755378723,-0.410910785198212,1.21310401147485,1.71273254200933,3.8446726343049
131618,0.0166679,65.9758544731885,0.0621686577796936,-5.93131446838379,6.67148017883301,22.7692718505859,1.13167202472687,2.16423726081848,-0.430136859416962,1.17558168413137,1.68010661948266,3.83761933890911
131620,0.016667,65.9925214722753,0.0859723687171936,-5.78452491760254,6.64767646789551,22.5986785888672,1.11427700519562,2.17705464363098,-0.423728168010712,1.14682850587531,1.71331674108843,3.7835955582584
131626,0.0166666,66.0091880727559,0.0859723687171936,-5.78452491760254,6.64767646789551,22.5986785888672,1.11427700519562,2.17705464363098,-0.423728168010712,1.14682850587531,1.71331674108843,3.7835955582584
131628,0.0166657,66.025853773579,0.0343976616859436,-5.65757179260254,6.57229804992676,22.7216644287109,1.10786831378937,2.24297261238098,-0.430136859416962,1.50055086436114,1.75714880351309,3.65660733566167
131632,0.016668,66.0425217729062,-0.0885881781578064,-5.60996437072754,6.57229804992676,22.1265716552734,1.09596645832062,2.10564351081848,-0.398093402385712,1.73669584321327,1.71693761932671,3.62234708701795
131634,0.0166655,66.0591872725636,-0.0885881781578064,-5.60996437072754,6.57229804992676,22.1265716552734,1.09596645832062,2.10564351081848,-0.398093402385712,1.73669584321327,1.71693761932671,3.62234708701795
131638,0.0166676,66.0758548732847,-0.140162885189056,-5.98288917541504,6.49691963195801,23.1937713623047,1.10237514972687,2.26311421394348,-0.410910785198212,1.30500195330176,1.66276858578179,3.40436823663614
131640,0.0172927,66.0931475739926,-0.140162885189056,-5.98288917541504,6.49691963195801,23.1937713623047,1.10237514972687,2.26311421394348,-0.410910785198212,1.30500195330176,1.66276858578179,3.40436823663614
131646,0.0166677,66.1098152734339,0.0859723687171936,-6.10587501525879,6.62387275695801,22.7692718505859,1.13167202472687,2.19078755378723,-0.398093402385712,1.21216315406923,1.67147306678716,3.75198316398092
131646,0.0197885,66.1296037733555,-0.0132097601890564,-5.63376808166504,6.54849433898926,22.5709075927734,1.11427700519562,2.14501118659973,-0.391684710979462,1.43871985885389,1.72762616354923,3.72335116774897
131652,0.0166669,66.146270673722,-0.0132097601890564,-5.63376808166504,6.54849433898926,22.5709075927734,1.11427700519562,2.14501118659973,-0.391684710979462,1.43871985885389,1.72762616354923,3.72335116774897
131654,0.0166673,66.1629379745573,-0.0647844672203064,-6.17728614807129,6.54849433898926,22.9676361083984,1.11427700519562,2.19719624519348,-0.391684710979462,1.1297834359231,1.64446554898649,3.81413191919297
131656,0.0166675,66.1796054746956,-0.0647844672203064,-6.17728614807129,6.54849433898926,22.9676361083984,1.11427700519562,2.19719624519348,-0.391684710979462,1.1297834359231,1.64446554898649,3.81413191919297
131660,0.0166667,66.1962721738964,-0.0647844672203064,-6.17728614807129,6.54849433898926,22.9676361083984,1.11427700519562,2.19719624519348,-0.391684710979462,1.1297834359231,1.64446554898649,3.81413191919297
131664,0.0166673,66.2129394747317,-0.140162885189056,-6.57401466369629,6.49691963195801,23.1699676513672,1.11427700519562,2.24938130378723,-0.378867328166962,1.41081428558865,1.55069690424028,4.08683913755003
131666,0.0166702,66.2296096738428,-0.140162885189056,-6.57401466369629,6.49691963195801,23.1699676513672,1.11427700519562,2.24938130378723,-0.378867328166962,1.41081428558865,1.55069690424028,4.08683913755003
131670,0.016664,66.2462736740708,-0.163966596126556,-6.45102882385254,6.47311592102051,22.7216644287109,1.12617886066437,2.10564351081848,-0.378867328166962,1.8137374952012,1.60809803749259,3.93291292597593
131674,0.0166669,66.2629405744374,-0.112391889095306,-6.27646827697754,6.54849433898926,22.6462860107422,1.12617886066437,2.13860249519348,-0.372458636760712,1.62803821699214,1.74251791303623,3.69217366709368
131678,0.0166668,66.2796073742211,-0.112391889095306,-6.27646827697754,6.54849433898926,22.6462860107422,1.12617886066437,2.13860249519348,-0.372458636760712,1.62803821699214,1.74251791303623,3.69217366709368
131680,0.0166664,66.2962737735361,0.0105939507484436,-6.17728614807129,6.54849433898926,22.7692718505859,1.10237514972687,2.19719624519348,-0.410910785198212,1.23837321656486,1.84816212213304,3.83413512544147
131686,0.0166693,66.3129430729896,-0.0885881781578064,-6.45102882385254,6.54849433898926,22.7216644287109,1.11977016925812,2.11846089363098,-0.366049945354462,1.53297953934857,1.704698285938,3.81614989436326
131688,0.0166864,66.3296294733882,-0.0885881781578064,-6.45102882385254,6.54849433898926,22.7216644287109,1.11977016925812,2.11846089363098,-0.366049945354462,1.53297953934857,1.704698285938,3.81614989436326
131692,0.0166706,66.346300072968,-0.290919721126556,-6.10587501525879,6.27078437805176,22.8962249755859,1.09596645832062,2.13860249519348,-0.404502093791962,1.59723485489193,1.5096353641431,3.98174235928604
131696,0.0194376,66.3657376728952,-0.290919721126556,-6.10587501525879,6.27078437805176,22.8962249755859,1.09596645832062,2.13860249519348,-0.404502093791962,1.59723485489193,1.5096353641431,3.98174235928604
131700,0.0199085,66.3856461737305,-0.215541303157806,-6.30423927307129,6.32235908508301,22.9438323974609,1.10786831378937,2.18437886238098,-0.391684710979462,1.42007314144856,1.37906228704655,4.04238502229308
131704,0.0166671,66.4023132734001,-0.140162885189056,-6.30423927307129,6.49691963195801,22.4717254638672,1.09596645832062,2.06627583503723,-0.353232562541962,1.78658883767558,1.83916255032635,4.01594346330751
131706,0.0199941,66.4223073739558,-0.140162885189056,-6.30423927307129,6.49691963195801,22.4717254638672,1.09596645832062,2.06627583503723,-0.353232562541962,1.78658883767558,1.83916255032635,4.01594346330751
131712,0.0166687,66.4389760736376,-0.112391889095306,-6.12967872619629,6.49691963195801,22.2971649169922,1.10237514972687,2.06627583503723,-0.385276019573212,1.85891668662484,1.8783723209624,4.05253676665156
131714,0.0199376,66.4589136727154,-0.163966596126556,-6.25266456604004,6.36996650695801,22.7454681396484,1.10786831378937,2.15141987800598,-0.372458636760712,1.66938846802938,1.65724629569011,3.98147333903385
131718,0.0166683,66.4755819719285,-0.215541303157806,-6.37565040588379,6.39773750305176,22.7216644287109,1.09596645832062,2.10564351081848,-0.391684710979462,1.43961874888012,1.64191599458532,3.99861012242211
131720,0.0177975,66.4933794718236,-0.215541303157806,-6.37565040588379,6.39773750305176,22.7216644287109,1.09596645832062,2.10564351081848,-0.391684710979462,1.43961874888012,1.64191599458532,3.99861012242211
131726,0.0166736,66.5100530721247,-0.215541303157806,-6.37565040588379,6.39773750305176,22.7216644287109,1.09596645832062,2.10564351081848,-0.391684710979462,1.43961874888012,1.64191599458532,3.99861012242211
131728,0.0166663,66.5267193727195,-0.140162885189056,-6.25266456604004,6.47311592102051,22.9676361083984,1.10237514972687,2.18437886238098,-0.404502093791962,1.68151058970009,1.55915746755929,3.94367997701788
131732,0.0166689,66.543388273567,-0.163966596126556,-6.32804298400879,6.39773750305176,22.8684539794922,1.10786831378937,2.17064595222473,-0.385276019573212,1.85308695888776,1.61572824744284,3.99112709033948
131734,0.0166661,66.5600543729961,-0.163966596126556,-6.32804298400879,6.39773750305176,22.8684539794922,1.10786831378937,2.17064595222473,-0.385276019573212,1.85308695888776,1.61572824744284,3.99112709033948
131738,0.0166741,66.5767284724861,-0.0647844672203064,-6.20505714416504,6.42154121398926,22.9676361083984,1.10237514972687,2.21642231941223,-0.385276019573212,1.56583026129256,1.73785536056299,3.86143424647171
131740,0.0173268,66.5940552726388,-0.0647844672203064,-6.20505714416504,6.42154121398926,22.9676361083984,1.10237514972687,2.21642231941223,-0.385276019573212,1.56583026129256,1.73785536056299,3.86143424647171
131746,0.0166684,66.6107236724347,0.0621686577796936,-6.20505714416504,6.49691963195801,22.3963470458984,1.13167202472687,2.07268452644348,-0.385276019573212,1.83821265603422,1.81440159138037,3.76757374224084
131748,0.017266,66.6279896721244,0.0621686577796936,-6.20505714416504,6.49691963195801,22.3963470458984,1.13167202472687,2.07268452644348,-0.385276019573212,1.83821265603422,1.81440159138037,3.76757374224084
131752,0.016667,66.6446566712111,-0.0647844672203064,-6.30423927307129,6.39773750305176,22.5986785888672,1.10237514972687,2.15141987800598,-0.404502093791962,1.4245386808191,1.68338760423583,3.85575870825118
131754,0.0166672,66.6613238714635,0.0859723687171936,-6.35184669494629,6.54849433898926,22.6462860107422,1.11427700519562,2.13127827644348,-0.410910785198212,1.58340816486864,1.67568894267854,3.77536600021669
131758,0.0168253,66.6781491711736,0.0859723687171936,-6.35184669494629,6.54849433898926,22.6462860107422,1.11427700519562,2.13127827644348,-0.410910785198212,1.58340816486864,1.67568894267854,3.77536600021669
131760,0.0179064,66.6960555706173,-0.0132097601890564,-6.32804298400879,6.42154121398926,22.6462860107422,1.12617886066437,2.09923481941223,-0.398093402385712,1.42455766820286,1.60954440249276,3.81089120666892
131766,0.0166671,66.7127226702869,-0.0132097601890564,-6.32804298400879,6.42154121398926,22.6462860107422,1.12617886066437,2.09923481941223,-0.398093402385712,1.42455766820286,1.60954440249276,3.81089120666892
131768,0.0168192,66.7295418698341,0.0343976616859436,-6.17728614807129,6.42154121398926,22.4717254638672,1.11427700519562,2.13127827644348,-0.398093402385712,1.43945116467673,1.66313780658446,3.82028939413862
131772,0.0170479,66.7465897705406,0.0105939507484436,-6.35184669494629,6.44534492492676,22.5986785888672,1.12617886066437,2.11846089363098,-0.398093402385712,1.44854737302209,1.62441188907587,3.68513549460832
131774,0.0182661,66.764855870977,0.0105939507484436,-6.35184669494629,6.44534492492676,22.5986785888672,1.12617886066437,2.11846089363098,-0.398093402385712,1.44854737302209,1.62441188907587,3.68513549460832
131780,0.0184717,66.7833275701851,-0.0370134711265564,-6.52640724182129,6.36996650695801,22.5986785888672,1.10786831378937,2.12486958503723,-0.410910785198212,1.38649286691577,1.62689158646708,3.76539365722845
131782,0.016668,66.7999955695122,-0.0370134711265564,-6.52640724182129,6.36996650695801,22.5986785888672,1.10786831378937,2.12486958503723,-0.410910785198212,1.38649286691577,1.62689158646708,3.76539365722845
131784,0.0166669,66.8166624698788,-0.0370134711265564,-6.52640724182129,6.36996650695801,22.5986785888672,1.10786831378937,2.12486958503723,-0.410910785198212,1.38649286691577,1.62689158646708,3.76539365722845
131788,0.0166668,66.8333292696625,0.0621686577796936,-6.74857521057129,6.47311592102051,22.7454681396484,1.11427700519562,2.19719624519348,-0.398093402385712,1.57466361563288,1.58480393424133,3.97460473717945
131790,0.0166706,66.8499998692423,0.0621686577796936,-6.74857521057129,6.47311592102051,22.7454681396484,1.11427700519562,2.19719624519348,-0.398093402385712,1.57466361563288,1.58480393424133,3.97460473717945
131794,0.0166633,66.8666631691158,0.0621686577796936,-6.89536476135254,6.44534492492676,22.8962249755859,1.13808071613312,2.14501118659973,-0.385276019573212,1.53297718844447,1.56113234440856,4.05829228029079
131798,0.0166691,66.8833322692662,-0.0370134711265564,-6.84775733947754,6.32235908508301,22.4479217529297,1.11427700519562,2.05986714363098,-0.353232562541962,1.64682206239148,1.58538939929251,3.79635792368528
131802,0.0166653,66.8999975696206,-0.0370134711265564,-6.84775733947754,6.32235908508301,22.4479217529297,1.11427700519562,2.05986714363098,-0.353232562541962,1.64682206239148,1.58538939929251,3.79635792368528
131806,0.0166698,66.9166673701257,-0.0370134711265564,-6.69700050354004,6.42154121398926,22.7454681396484,1.11977016925812,2.15782856941223,-0.410910785198212,1.37114557872932,1.64197415054572,3.84359623456984
131810,0.0166626,66.9333299696445,-0.0370134711265564,-6.69700050354004,6.42154121398926,22.7454681396484,1.11977016925812,2.15782856941223,-0.410910785198212,1.37114557872932,1.64197415054572,3.84359623456984
131812,0.0187613,66.9520912691951,-0.0647844672203064,-6.64939308166504,6.36996650695801,23.0945892333984,1.10237514972687,2.17705464363098,-0.378867328166962,1.47917559743879,1.66105149480067,3.83576748763156
131818,0.0166675,66.9687587693334,-0.0647844672203064,-6.69700050354004,6.39773750305176,22.7216644287109,1.09596645832062,2.10564351081848,-0.385276019573212,1.87013900329188,1.62440809973514,3.76496074186826
131820,0.0185199,66.9872786700726,-0.0647844672203064,-6.69700050354004,6.39773750305176,22.7216644287109,1.09596645832062,2.10564351081848,-0.385276019573212,1.87013900329188,1.62440809973514,3.76496074186826
131822,0.0166676,67.0039462707937,-0.0370134711265564,-6.62558937072754,6.39773750305176,22.7454681396484,1.10786831378937,2.13127827644348,-0.391684710979462,1.45389956795442,1.61842614041889,3.87875470260409
131826,0.0166672,67.0206134710461,-0.0647844672203064,-6.97074317932129,6.36996650695801,23.1699676513672,1.10786831378937,2.17705464363098,-0.423728168010712,1.47860362446468,1.6028284191748,3.83044597303364
131832,0.0171258,67.0377392712981,-0.0885881781578064,-6.82395362854004,6.34616279602051,22.8684539794922,1.10786831378937,2.12486958503723,-0.372458636760712,1.82493797664836,1.6549209435059,3.97502236892207
131834,0.0185256,67.0562648717314,-0.0885881781578064,-6.82395362854004,6.34616279602051,22.8684539794922,1.10786831378937,2.12486958503723,-0.372458636760712,1.82493797664836,1.6549209435059,3.97502236892207
131838,0.0166688,67.072933671996,-0.140162885189056,-6.37565040588379,6.27078437805176,22.5709075927734,1.10237514972687,2.09191060066223,-0.391684710979462,1.59141651669262,1.58777804996258,3.85380990815742
131840,0.0167313,67.0896649714559,-0.140162885189056,-6.55021095275879,6.27078437805176,22.5986785888672,1.11977016925812,2.08550190925598,-0.378867328166962,1.59097948956445,1.56124503450327,4.00200311013079
131846,0.0166682,67.1063331719488,-0.140162885189056,-6.55021095275879,6.27078437805176,22.5986785888672,1.11977016925812,2.08550190925598,-0.378867328166962,1.59097948956445,1.56124503450327,4.00200311013079
131848,0.0212277,67.1275608725846,-0.0885881781578064,-6.72477149963379,6.34616279602051,23.0668182373047,1.10237514972687,2.21642231941223,-0.391684710979462,1.49513330185794,1.54866082621517,4.03462084708983
131852,0.0166679,67.1442287731916,-0.0647844672203064,-6.30423927307129,6.32235908508301,22.6462860107422,1.10786831378937,2.10564351081848,-0.391684710979462,1.69564296761317,1.68279990072215,3.82189778105204
131854,0.0179321,67.1621608734131,-0.0647844672203064,-6.45102882385254,6.34616279602051,22.6978607177734,1.10237514972687,2.13127827644348,-0.430136859416962,1.76506178734945,1.66768765552849,3.83740744847952
131856,0.0166681,67.1788289733231,-0.0370134711265564,-6.64939308166504,6.36996650695801,23.0430145263672,1.10786831378937,2.19078755378723,-0.410910785198212,1.7211862022196,1.61385034510044,4.08087693787195
131860,0.0166672,67.1954961735755,-0.0370134711265564,-6.64939308166504,6.36996650695801,23.0430145263672,1.10786831378937,2.19078755378723,-0.410910785198212,1.7211862022196,1.61385034510044,4.08087693787195
131864,0.0166666,67.2121627740562,-0.0370134711265564,-6.64939308166504,6.36996650695801,23.0430145263672,1.10786831378937,2.19078755378723,-0.410910785198212,1.7211862022196,1.61385034510044,4.08087693787195
131866,0.016667,67.2288297731429,-0.163966596126556,-6.72477149963379,6.29855537414551,22.7216644287109,1.10786831378937,2.12486958503723,-0.398093402385712,1.81831401413102,1.56708470664077,3.94198107859921
131870,0.0166687,67.2454984728247,-0.163966596126556,-6.72477149963379,6.29855537414551,22.7216644287109,1.10786831378937,2.12486958503723,-0.398093402385712,1.81831401413102,1.56708470664077,3.94198107859921
131874,0.0166655,67.2621639724821,0.0105939507484436,-6.69700050354004,6.36996650695801,22.7970428466797,1.10786831378937,2.13127827644348,-0.404502093791962,2.13993409911918,1.66504660503193,3.94502807520227
131878,0.0166652,67.2788291722536,-0.112391889095306,-6.62558937072754,6.34616279602051,22.7454681396484,1.09596645832062,2.13860249519348,-0.404502093791962,1.87826623585452,1.62068826007107,3.96714098273878
131880,0.0166676,67.2954967729747,-0.112391889095306,-6.62558937072754,6.34616279602051,22.7454681396484,1.09596645832062,2.13860249519348,-0.404502093791962,1.87826623585452,1.62068826007107,3.96714098273878
131884,0.0166674,67.3121641725302,-0.0132097601890564,-6.67319679260254,6.32235908508301,22.8208465576172,1.10786831378937,2.13860249519348,-0.385276019573212,1.91731837718166,1.66728335456374,4.04313635364155
131888,0.0166707,67.3288348726928,-0.0132097601890564,-6.67319679260254,6.32235908508301,22.8208465576172,1.10786831378937,2.13860249519348,-0.385276019573212,1.91731837718166,1.66728335456374,4.04313635364155
131892,0.016663,67.3454978726804,-0.112391889095306,-6.64939308166504,6.24698066711426,22.8208465576172,1.09596645832062,2.12486958503723,-0.385276019573212,2.01120054834716,1.57284478432959,3.98334662261785
131894,0.0169246,67.362422471866,-0.112391889095306,-6.64939308166504,6.24698066711426,22.8208465576172,1.09596645832062,2.12486958503723,-0.385276019573212,2.01120054834716,1.57284478432959,3.98334662261785
131900,0.0166679,67.379090372473,-0.112391889095306,-6.79618263244629,6.29855537414551,22.9200286865234,1.09596645832062,2.16423726081848,-0.378867328166962,1.87868111620645,1.57550113556903,3.92509565160516
131902,0.0207756,67.3998659718782,-0.112391889095306,-6.79618263244629,6.29855537414551,22.9200286865234,1.09596645832062,2.16423726081848,-0.378867328166962,1.87868111620645,1.57550113556903,3.92509565160516
131906,0.016669,67.4165349714458,-0.112391889095306,-6.79618263244629,6.29855537414551,22.9200286865234,1.09596645832062,2.16423726081848,-0.378867328166962,1.87868111620645,1.57550113556903,3.92509565160516
131908,0.0171061,67.4336410723627,-0.0370134711265564,-6.42722511291504,6.27078437805176,22.3487396240234,1.09596645832062,2.06627583503723,-0.410910785198212,1.81708264977215,1.61140825360669,4.07103591882038
131912,0.0166697,67.4503107722849,-0.0370134711265564,-6.42722511291504,6.27078437805176,22.3487396240234,1.09596645832062,2.06627583503723,-0.410910785198212,1.81708264977215,1.61140825360669,4.07103591882038
131914,0.0166651,67.4669758714736,-0.0370134711265564,-6.42722511291504,6.27078437805176,22.3487396240234,1.09596645832062,2.06627583503723,-0.410910785198212,1.81708264977215,1.61140825360669,4.07103591882038
131920,0.0166687,67.4836445711553,-0.0370134711265564,-6.62558937072754,6.27078437805176,22.6700897216797,1.11427700519562,2.10564351081848,-0.398093402385712,2.01628292000905,1.56193553732757,3.97431214943269
131922,0.0166653,67.5003098715097,-0.0370134711265564,-6.62558937072754,6.27078437805176,22.6700897216797,1.11427700519562,2.10564351081848,-0.398093402385712,2.01628292000905,1.56193553732757,3.97431214943269
131924,0.0166676,67.5169774722308,-0.0370134711265564,-6.62558937072754,6.27078437805176,22.6700897216797,1.11427700519562,2.10564351081848,-0.398093402385712,2.01628292000905,1.56193553732757,3.97431214943269
131928,0.0166669,67.5336443725973,-0.112391889095306,-6.67319679260254,6.24698066711426,22.9438323974609,1.09596645832062,2.13860249519348,-0.404502093791962,1.95404337336024,1.6003260656633,4.09602703861872
131930,0.0166671,67.5503114722669,-0.112391889095306,-6.67319679260254,6.24698066711426,22.9438323974609,1.09596645832062,2.13860249519348,-0.404502093791962,1.95404337336024,1.6003260656633,4.09602703861872
131934,0.0166672,67.5669786725193,-0.112391889095306,-6.67319679260254,6.24698066711426,22.9438323974609,1.09596645832062,2.13860249519348,-0.404502093791962,1.95404337336024,1.6003260656633,4.09602703861872
131938,0.0166667,67.5836453717202,-0.0370134711265564,-6.59781837463379,6.34616279602051,22.6700897216797,1.11977016925812,2.08550190925598,-0.404502093791962,2.13486940015452,1.6542503007796,3.92581013671347
131942,0.0166663,67.600311672315,-0.0370134711265564,-6.59781837463379,6.34616279602051,22.6700897216797,1.11977016925812,2.08550190925598,-0.404502093791962,2.13486940015452,1.6542503007796,3.92581013671347
131946,0.0166686,67.6169802714139,-0.0370134711265564,-6.72477149963379,6.32235908508301,22.8208465576172,1.10786831378937,2.15782856941223,-0.359641253948212,1.82631835344788,1.54079623204564,4.13309930051951
131948,0.0173328,67.6343130711466,-0.0647844672203064,-6.79618263244629,6.27078437805176,22.9676361083984,1.11427700519562,2.15141987800598,-0.378867328166962,1.86044862058113,1.55102768922258,4.09184540148236
131952,0.0166689,67.650981971994,-0.0647844672203064,-6.69700050354004,6.27078437805176,23.0430145263672,1.11427700519562,2.17064595222473,-0.378867328166962,1.91936989778362,1.53997441854557,4.10111783072824
131954,0.0166657,67.6676476728171,-0.0647844672203064,-6.69700050354004,6.27078437805176,23.0430145263672,1.11427700519562,2.17064595222473,-0.378867328166962,1.91936989778362,1.53997441854557,4.10111783072824
131960,0.0166677,67.6843153722584,-0.0647844672203064,-6.69700050354004,6.27078437805176,23.0430145263672,1.11427700519562,2.17064595222473,-0.378867328166962,1.91936989778362,1.53997441854557,4.10111783072824
131962,0.0166658,67.7009811718017,-0.0647844672203064,-6.55021095275879,6.29855537414551,22.6700897216797,1.11427700519562,2.08550190925598,-0.398093402385712,2.06432032320262,1.61665792099114,3.95460552325586
131966,0.0166681,67.7176492717117,-0.0885881781578064,-6.72477149963379,6.27078437805176,22.9676361083984,1.10237514972687,2.17064595222473,-0.398093402385712,2.04695503615986,1.5872011701204,4.11940225255693
131968,0.0166654,67.7343146707863,-0.0885881781578064,-6.72477149963379,6.27078437805176,22.9676361083984,1.10237514972687,2.17064595222473,-0.398093402385712,2.04695503615986,1.5872011701204,4.11940225255693
131972,0.0166686,67.7509832698852,-0.0885881781578064,-6.64939308166504,6.32235908508301,22.7970428466797,1.10237514972687,2.13127827644348,-0.398093402385712,2.0342629637195,1.6054745707143,4.0379648086303
131974,0.0166651,67.7676483690739,-0.0885881781578064,-6.64939308166504,6.32235908508301,22.7970428466797,1.10237514972687,2.13127827644348,-0.398093402385712,2.0342629637195,1.6054745707143,4.0379648086303
131980,0.0166677,67.7843160685152,-0.0885881781578064,-6.64939308166504,6.32235908508301,22.7970428466797,1.10237514972687,2.13127827644348,-0.398093402385712,2.0342629637195,1.6054745707143,4.0379648086303
131982,0.0181067,67.8024227693677,-0.0132097601890564,-6.72477149963379,6.27078437805176,22.6978607177734,1.10237514972687,2.11846089363098,-0.404502093791962,2.06616656426556,1.55817448941248,3.98747396694043
131986,0.0166672,67.8190899696201,-0.0370134711265564,-6.82395362854004,6.32235908508301,23.1699676513672,1.08406460285187,2.19719624519348,-0.398093402385712,2.00744346576401,1.56213930441788,4.02189991755743
131988,0.0166808,67.8357707690448,-0.0370134711265564,-6.82395362854004,6.32235908508301,23.1699676513672,1.08406460285187,2.19719624519348,-0.398093402385712,2.00744346576401,1.56213930441788,4.02189991755743
131994,0.0166547,67.8524254690856,-0.0885881781578064,-6.74857521057129,6.24698066711426,22.8208465576172,1.11427700519562,2.09191060066223,-0.417319476604462,2.07659207966703,1.56617756803646,4.07095046864831
131996,0.0166691,67.869094569236,-0.0647844672203064,-6.62558937072754,6.29855537414551,22.6462860107422,1.09047329425812,2.13127827644348,-0.398093402385712,2.07128754585572,1.55578465745976,4.08387916804833
132000,0.0166643,67.88575886935,-0.0885881781578064,-6.67319679260254,6.29855537414551,22.6978607177734,1.10786831378937,2.12486958503723,-0.398093402385712,2.17097471105328,1.61979738883407,3.99934617373877
132002,0.0166659,67.9024247694761,-0.112391889095306,-6.57401466369629,6.27078437805176,22.6978607177734,1.10237514972687,2.11205220222473,-0.417319476604462,2.13837038334414,1.55884719509185,4.04645456994002
132006,0.0166664,67.9190911687911,-0.112391889095306,-6.57401466369629,6.27078437805176,22.6978607177734,1.10237514972687,2.11205220222473,-0.417319476604462,2.13837038334414,1.55884719509185,4.04645456994002
132008,0.0166665,67.9357576686889,-0.0370134711265564,-6.62558937072754,6.24698066711426,22.7970428466797,1.10237514972687,2.15141987800598,-0.410910785198212,2.13278034533272,1.55565188177716,4.04732377955806
132012,0.0166691,67.9524267688394,-0.0370134711265564,-6.77237892150879,6.27078437805176,22.8208465576172,1.10237514972687,2.15782856941223,-0.423728168010712,1.89941316260032,1.55221527510482,4.1587251974485
132014,0.018,67.9704267680645,-0.0370134711265564,-6.77237892150879,6.27078437805176,22.8208465576172,1.10237514972687,2.15782856941223,-0.423728168010712,1.89941316260032,1.55221527510482,4.1587251974485
132018,0.0166686,67.9870953671634,-0.0647844672203064,-6.57401466369629,6.29855537414551,22.6978607177734,1.10237514972687,2.11205220222473,-0.385276019573212,2.10946260467845,1.61515519886989,4.07548759289557
132022,0.0166674,68.0037627667189,-0.0647844672203064,-6.57401466369629,6.29855537414551,22.6978607177734,1.10237514972687,2.11205220222473,-0.385276019573212,2.10946260467845,1.61515519886989,4.07548759289557
132024,0.0166666,68.0204293671995,-0.0647844672203064,-6.57401466369629,6.29855537414551,22.6978607177734,1.10237514972687,2.11205220222473,-0.385276019573212,2.10946260467845,1.61515519886989,4.07548759289557
132028,0.0166664,68.0370957665145,-0.0647844672203064,-6.77237892150879,6.27078437805176,22.9954071044922,1.11427700519562,2.15782856941223,-0.391684710979462,2.0383057706935,1.56791605591573,4.09766830580774
132032,0.0166669,68.0537626668811,-0.0647844672203064,-6.77237892150879,6.27078437805176,22.9954071044922,1.11427700519562,2.15782856941223,-0.391684710979462,2.0383057706935,1.56791605591573,4.09766830580774
132038,0.0166669,68.0704295672476,-0.0647844672203064,-6.77237892150879,6.29855537414551,22.9200286865234,1.10237514972687,2.15782856941223,-0.366049945354462,2.16618359492661,1.54090778082781,4.05788734261728
132040,0.0169431,68.0873726680875,-0.0647844672203064,-6.77237892150879,6.29855537414551,22.9200286865234,1.10237514972687,2.15782856941223,-0.366049945354462,2.16618359492661,1.54090778082781,4.05788734261728
132042,0.0166686,68.1040412671864,-0.0647844672203064,-6.77237892150879,6.29855537414551,22.9200286865234,1.10237514972687,2.15782856941223,-0.366049945354462,2.16618359492661,1.54090778082781,4.05788734261728
132046,0.0166659,68.1207071673125,-0.0885881781578064,-6.69700050354004,6.24698066711426,22.8446502685547,1.09596645832062,2.13127827644348,-0.385276019573212,2.00850405327117,1.55180488008227,4.03638914602569
132048,0.016667,68.1373741663992,-0.0885881781578064,-6.69700050354004,6.24698066711426,22.8446502685547,1.09596645832062,2.13127827644348,-0.385276019573212,2.00850405327117,1.55180488008227,4.03638914602569
132054,0.0166677,68.1540418658406,-0.0370134711265564,-6.67319679260254,6.24698066711426,22.8208465576172,1.09047329425812,2.13860249519348,-0.404502093791962,2.13498477928015,1.57385759606667,4.04556855451218
132056,0.0166658,68.1707076653838,-0.0370134711265564,-6.67319679260254,6.24698066711426,22.8208465576172,1.09047329425812,2.13860249519348,-0.404502093791962,2.13498477928015,1.57385759606667,4.04556855451218
132060,0.0166676,68.1873752661049,-0.0370134711265564,-6.67319679260254,6.24698066711426,22.8208465576172,1.09047329425812,2.13860249519348,-0.404502093791962,2.13498477928015,1.57385759606667,4.04556855451218
132062,0.0166659,68.204041166231,-0.112391889095306,-6.72477149963379,6.27078437805176,22.8684539794922,1.10237514972687,2.15782856941223,-0.385276019573212,1.85798756884609,1.49852446021578,4.16228269323411
132066,0.0166674,68.2207085657865,-0.0370134711265564,-6.87156105041504,6.29855537414551,22.9954071044922,1.10786831378937,2.17705464363098,-0.391684710979462,1.92075085859655,1.49014972141035,4.08272465678799
132068,0.0166674,68.2373759653419,-0.0370134711265564,-6.87156105041504,6.29855537414551,22.9954071044922,1.10786831378937,2.17705464363098,-0.391684710979462,1.92075085859655,1.49014972141035,4.08272465678799
132074,0.0166665,68.2540424652398,-0.0370134711265564,-6.74857521057129,6.27078437805176,22.8962249755859,1.09596645832062,2.1578285694122