F,DT,T,HMDPositionX,HMDPositionY,HMDPositionZ,HMDRotationX,HMDRotationY,HMDRotationZ,HMDRotationW
76534,0.0238692,0.0238691996783018,0.839386,0.4836595,-0.6426075,0.08468046,0.08023255,-0.004913174,0.9931605
76540,0.016668,0.0405371990054846,0.8394802,0.4832395,-0.6427153,0.08647525,0.08085916,-0.00471697,0.992956
76542,0.0166678,0.0572049990296364,0.8395699,0.4831388,-0.6427804,0.08719502,0.08119742,-0.004614314,0.9928659
76546,0.0166664,0.073871398344636,0.8397291,0.4829746,-0.64272,0.08777163,0.08176748,-0.004323388,0.9927697
76548,0.016668,0.0905393976718187,0.8397638,0.4830465,-0.6427818,0.0876105,0.0820588,-0.004132034,0.9927607
76552,0.0166698,0.107209198176861,0.8398597,0.4831973,-0.6427961,0.08681723,0.08252446,-0.00379696,0.9927931
76554,0.0166635,0.123872697353363,0.8398876,0.4833091,-0.6427308,0.08631387,0.08276383,-0.003642405,0.9928176
76560,0.0166698,0.140542497858405,0.8399323,0.4835812,-0.6428062,0.08539134,0.08321022,-0.003349683,0.9928611
76562,0.0166645,0.157206997275352,0.8399489,0.4836848,-0.6428517,0.08504448,0.08341017,-0.00320197,0.9928746
76566,0.0166749,0.173881897702813,0.8399717,0.483844,-0.642952,0.08453504,0.0837237,-0.00291215,0.9928926
76568,0.0166585,0.190540397539735,0.8399692,0.4839202,-0.6429929,0.08436432,0.08385386,-0.002762622,0.9928966
76574,0.016675,0.207215396687388,0.8399618,0.4840594,-0.6430762,0.08405285,0.08401701,-0.002563102,0.9929097
76576,0.0166597,0.223875096067786,0.8399923,0.4841354,-0.6431691,0.08391535,0.08405959,-0.002506931,0.9929179
76578,0.0166666,0.240541696548462,0.8399796,0.4841628,-0.6432385,0.08380935,0.08408735,-0.002483628,0.9929246
76582,0.0166676,0.257209297269583,0.8399692,0.4841643,-0.6432738,0.08370656,0.08411309,-0.002525468,0.9929309
76586,0.0166717,0.273880997672677,0.8399518,0.4841327,-0.6434101,0.08369,0.08410582,-0.002567327,0.9929329
76588,0.0166643,0.290545297786593,0.8399451,0.4841127,-0.6434129,0.08374503,0.08407401,-0.002607661,0.9929308
76592,0.0166658,0.307211097329855,0.8399395,0.4840837,-0.6435208,0.08376183,0.08403517,-0.002611982,0.9929327
76594,0.0166676,0.323878698050976,0.839964,0.4840769,-0.6435279,0.08375387,0.08400945,-0.002574926,0.9929356
76600,0.0166655,0.340544197708368,0.8399388,0.4841399,-0.6435164,0.08377001,0.08398414,-0.002398868,0.9929368
76602,0.0166678,0.35721199773252,0.8399565,0.484127,-0.6435071,0.08374889,0.08397719,-0.002340241,0.9929394
76606,0.0166832,0.373895198106766,0.8399215,0.4841433,-0.6434419,0.08376943,0.08402459,-0.002192364,0.9929339
76608,0.016651,0.390546198934317,0.8399152,0.4841208,-0.643444,0.08379273,0.08405881,-0.002136442,0.9929292
76612,0.0166694,0.407215598970652,0.8398997,0.4840874,-0.6434069,0.08392745,0.084183,-0.002049753,0.9929075
76614,0.0166662,0.42388179898262,0.8398679,0.4840693,-0.6433931,0.08406737,0.08427321,-0.001996841,0.9928881
76620,0.0166651,0.440546898171306,0.839872,0.4839814,-0.6433454,0.08435943,0.084548,-0.001886951,0.9928402
76622,0.0166668,0.457213697955012,0.8398864,0.4839172,-0.6433321,0.08450517,0.08466341,-0.001847945,0.992818
76626,0.0166676,0.473881298676133,0.8399183,0.4838538,-0.6433159,0.08480565,0.08487307,-0.001761814,0.9927747
76628,0.0166666,0.490547899156809,0.8399696,0.483855,-0.6433184,0.08490627,0.08500875,-0.001712528,0.9927545
76632,0.016668,0.507215898483992,0.8399704,0.483807,-0.643236,0.08502267,0.08525343,-0.001604897,0.9927238
76636,0.0166665,0.523882398381829,0.8400102,0.4838051,-0.6432258,0.08502568,0.08539878,-0.001563487,0.9927111
76640,0.0166684,0.540550798177719,0.840066,0.4838094,-0.643139,0.08497383,0.08564252,-0.001419597,0.9926947
76642,0.0166688,0.557219598442316,0.840088,0.4838465,-0.6431391,0.08491366,0.08579702,-0.001350804,0.9926866
76646,0.0166641,0.573883699253201,0.8401684,0.4838453,-0.6430906,0.08477759,0.0860301,-0.001232475,0.9926783
76648,0.0166767,0.590560398995876,0.8401726,0.4838473,-0.643059,0.08467481,0.08614792,-0.001147245,0.9926769
76652,0.0166584,0.60721879824996,0.8401833,0.4838741,-0.6430766,0.08458044,0.08627329,-0.00104483,0.9926742
76656,0.0166665,0.623885298147798,0.8401794,0.4838536,-0.6429937,0.08450291,0.08643818,-0.0009011486,0.9926666
76658,0.0166711,0.640556398779154,0.8401498,0.4838861,-0.6429418,0.08453063,0.08654441,-0.0008159931,0.992655
76664,0.0166632,0.657219598069787,0.8401306,0.4838267,-0.6428957,0.08475408,0.086772,-0.0006110365,0.9926162
76666,0.0199403,0.677159897983074,0.8401269,0.4837736,-0.6428702,0.08488897,0.08682764,-0.0004989996,0.9925999
76670,0.0166686,0.693828497081995,0.8400729,0.4836699,-0.6428148,0.08511814,0.08689056,-0.0002849097,0.9925749
76672,0.016667,0.710495496168733,0.8400592,0.4836333,-0.6427836,0.08523633,0.08686941,-0.0001977046,0.9925666
76676,0.0166681,0.727163596078753,0.8400121,0.4835721,-0.6427458,0.08548594,0.08681618,-3.973006E-05,0.9925498
76680,0.0216579,0.748821496963501,0.840013,0.4835655,-0.6426863,0.08560295,0.08680966,8.137599E-07,0.9925403
76684,0.016668,0.765489496290684,0.8400023,0.4835113,-0.6426409,0.0857511,0.08675626,2.619019E-05,0.9925322
76688,0.0166702,0.782159695401788,0.8400286,0.483443,-0.6425732,0.08582379,0.08672785,3.477487E-05,0.9925284
76690,0.0166639,0.798823595046997,0.8400605,0.4834469,-0.6425984,0.08585037,0.08670162,5.842932E-05,0.9925284
76694,0.016667,0.815490594133735,0.8401365,0.483379,-0.6425599,0.08587178,0.08666147,7.1214E-05,0.99253
76696,0.0166668,0.832157393917441,0.8401285,0.4833947,-0.6425428,0.08587265,0.08662451,5.88832E-05,0.9925332
76700,0.0166669,0.848824294283986,0.8401658,0.4834128,-0.64255,0.08591583,0.0866207,7.067189E-05,0.9925298
76702,0.0166668,0.865491094067693,0.8401732,0.483443,-0.6425273,0.08592849,0.08662349,8.167934E-05,0.9925284
76708,0.0166885,0.882179593667388,0.8401904,0.4834512,-0.6425213,0.08594695,0.08666939,5.846718E-05,0.9925228
76710,0.0166634,0.898842994123697,0.8401991,0.4834664,-0.642525,0.08593696,0.08671057,4.794314E-05,0.9925201
76712,0.0166678,0.915510794147849,0.8401913,0.483477,-0.6425365,0.0858963,0.08677895,7.448385E-05,0.9925177
76716,0.0166692,0.932179994881153,0.8401821,0.4834832,-0.6425371,0.08574418,0.08683957,0.0001646728,0.9925255
76720,0.0166661,0.948846094310284,0.8401605,0.4835047,-0.6424986,0.08561545,0.08688097,0.0001934178,0.992533
76724,0.0166653,0.965511394664645,0.840149,0.4835376,-0.642471,0.08543158,0.08696005,0.0002006733,0.9925419
76728,0.0166666,0.982177995145321,0.8401262,0.4835591,-0.6424593,0.08531028,0.08701275,0.0001629868,0.9925477
76730,0.017174,0.999351995065808,0.8401012,0.4835075,-0.6424189,0.08528222,0.08705809,0.0001956353,0.9925461
76732,0.0166677,1.01601969450712,0.8401023,0.4835295,-0.6424018,0.08528811,0.08706344,0.0002544945,0.9925451
76736,0.0166683,1.03268799372017,0.8400736,0.4835648,-0.6424038,0.08531921,0.08704699,0.0003311399,0.9925439
76742,0.0166661,1.0493540931493,0.8400729,0.4835619,-0.6423504,0.08540276,0.08696695,0.0003567812,0.9925438
76744,0.0168544,1.06620849296451,0.8400659,0.4835588,-0.6423281,0.08546964,0.08693551,0.0003490773,0.9925407
76748,0.0166682,1.08287669345737,0.8400742,0.4835116,-0.6423268,0.08554059,0.08683782,0.0002940686,0.9925432
76750,0.0166663,1.09954299405217,0.840083,0.4834651,-0.6423308,0.08556247,0.08679038,0.0003043186,0.9925454
76754,0.016668,1.11621099337935,0.8401067,0.4834294,-0.6423312,0.08558417,0.08666205,0.0003989883,0.9925547
76756,0.0166661,1.13287709280849,0.8400881,0.4834114,-0.6423538,0.08558234,0.08661582,0.0004620697,0.9925589
76760,0.016667,1.14954409189522,0.8401047,0.4834301,-0.6423718,0.08562257,0.08657224,0.000512761,0.9925592
76764,0.0166669,1.16621099226177,0.8400818,0.4833846,-0.6424699,0.0856498,0.08649579,0.0005897981,0.9925635
76766,0.0166689,1.1828798931092,0.8400833,0.4833524,-0.6424366,0.08565959,0.08645104,0.0005945228,0.9925665
76770,0.0166649,1.19954479299486,0.8400611,0.4834178,-0.6424554,0.08563193,0.08638984,0.0006278238,0.9925743
76774,0.0166669,1.2162116933614,0.8400121,0.4833314,-0.6423603,0.08553975,0.08633579,0.0006496795,0.9925869
76776,0.016674,1.23288569413126,0.8400035,0.4833345,-0.6423638,0.08550254,0.08632489,0.0006371562,0.992591
76780,0.0166671,1.24955279380083,0.839991,0.4833931,-0.642527,0.0854509,0.08631321,0.0006115983,0.9925965
76784,0.0166675,1.26622029393911,0.8398886,0.483343,-0.6423416,0.08544367,0.08629892,0.0006029144,0.9925984
76786,0.0166664,1.28288669325411,0.8398525,0.4834011,-0.6423891,0.08541733,0.0863069,0.0006104073,0.9926
76790,0.0166668,1.29955349303782,0.8399047,0.483337,-0.6423327,0.08538788,0.08631071,0.0006931729,0.9926021
76792,0.0166672,1.31622069329023,0.8398945,0.4834035,-0.6423111,0.08534469,0.08630098,0.0007531446,0.9926066
76796,0.0166667,1.3328873924911,0.8399923,0.4833184,-0.6423253,0.08529443,0.08629284,0.0008269905,0.9926116
76802,0.0166666,1.34955399297178,0.8399259,0.4834426,-0.642335,0.08523579,0.08620825,0.0009553544,0.9926239
76804,0.0166666,1.36622059345245,0.8399761,0.4834273,-0.6422379,0.08525025,0.08618081,0.0009944789,0.9926249
76808,0.0166692,1.38288979418576,0.839995,0.4834704,-0.6423657,0.08516543,0.08610269,0.001106877,0.9926389
76810,0.016664,1.39955379441381,0.8399602,0.4834975,-0.6423419,0.08513911,0.08605726,0.001199549,0.992645
76814,0.0166697,1.41622349433601,0.8399466,0.4835688,-0.6422369,0.0850513,0.08593154,0.0014462,0.9926631
76816,0.0166649,1.43288839422166,0.8398783,0.4835684,-0.6422175,0.08500157,0.08587848,0.00158662,0.9926717
76820,0.0166678,1.44955619424582,0.8398017,0.4836076,-0.6422803,0.08486804,0.0857376,0.001851262,0.9926949
76824,0.0166661,1.46622229367495,0.8397577,0.4835647,-0.6422454,0.08485717,0.08563872,0.002035215,0.992704
76828,0.0166735,1.48289579339325,0.8396276,0.483572,-0.642263,0.08479933,0.0854168,0.002390282,0.9927272
76830,0.0166606,1.4995563942939,0.8394999,0.4836627,-0.6422431,0.08478309,0.08531458,0.002570783,0.9927369
76832,0.016668,1.51622439362109,0.8393297,0.4835682,-0.6420714,0.08484177,0.08514921,0.002830011,0.9927455
76838,0.0166666,1.53289099410176,0.8391607,0.4836811,-0.6421613,0.0848251,0.08490764,0.00319873,0.9927664
76840,0.0166701,1.54956109449267,0.8390924,0.4835473,-0.6420432,0.08487748,0.08474494,0.003388952,0.9927752
76844,0.0166643,1.56622539460659,0.838907,0.4835656,-0.6419755,0.08488184,0.08453028,0.00376189,0.9927918
76846,0.016667,1.58289239369333,0.8388329,0.483635,-0.6420628,0.08488318,0.08443503,0.003983641,0.9927989
76850,0.0166672,1.59955959394574,0.838747,0.4835661,-0.6419299,0.08488329,0.08427219,0.004403418,0.992811
76852,0.0166676,1.61622719466686,0.8386874,0.4835612,-0.6419232,0.08486421,0.08416735,0.004661206,0.9928203
76856,0.016669,1.63289619423449,0.8386211,0.4835501,-0.6419709,0.08481024,0.0840093,0.005155463,0.9928359
76860,0.0166685,1.64956469461322,0.8386053,0.4835388,-0.6419084,0.08480816,0.0839285,0.005371033,0.9928418
76864,0.0166631,1.66622779518366,0.8385949,0.4835517,-0.641946,0.0847462,0.08384024,0.005750615,0.9928524
76866,0.0166691,1.68289689533412,0.838527,0.4835568,-0.6419829,0.08472855,0.08381641,0.005985992,0.9928545
76870,0.0166659,1.69956279546022,0.838477,0.4835142,-0.641845,0.0847059,0.08381926,0.006374866,0.9928538
76872,0.0166687,1.71623149514198,0.8384421,0.483586,-0.6419062,0.08469527,0.08381122,0.006624319,0.9928538
76876,0.0166652,1.73289669491351,0.8383511,0.4835096,-0.6418753,0.0847338,0.0838173,0.007028377,0.9928472
76880,0.0166669,1.74956359528005,0.8383131,0.4835473,-0.6419131,0.08474664,0.08384046,0.007279121,0.9928423
76884,0.0166683,1.7662318944931,0.8382048,0.4834957,-0.64192,0.08480194,0.08391143,0.007658961,0.9928287
76886,0.0166659,1.7828977946192,0.8381613,0.4834933,-0.6419571,0.08482993,0.08393745,0.007835438,0.9928228
76890,0.0166679,1.79956569522619,0.8380963,0.4834745,-0.6419379,0.08490466,0.0840063,0.008081029,0.9928086
76892,0.0166665,1.81623219512403,0.8380383,0.4834719,-0.64196,0.08491082,0.08404054,0.008171908,0.9928044
76898,0.0166671,1.83289929479361,0.837952,0.4834937,-0.6419183,0.08488575,0.08408717,0.008396728,0.9928007
76900,0.016667,1.84956629388034,0.837911,0.483454,-0.6418657,0.08486877,0.08408315,0.008528564,0.9928014
76904,0.0166663,1.86623259447515,0.8378389,0.4834661,-0.6419271,0.08479765,0.08411948,0.008667177,0.9928032
76906,0.0166677,1.88290029391646,0.8378671,0.4834948,-0.6419123,0.08482502,0.08410922,0.008702317,0.9928014
76910,0.0166664,1.89956669323146,0.8378422,0.4834962,-0.6418893,0.08484657,0.08413737,0.008819344,0.9927962
76912,0.0166668,1.91623349301517,0.837886,0.4835769,-0.641974,0.08485298,0.08414937,0.008888778,0.992794
76916,0.0166727,1.93290619365871,0.8379486,0.4835692,-0.6419183,0.08487716,0.0841837,0.008968126,0.9927883
76920,0.016666,1.94957219436765,0.8380035,0.4835895,-0.6419712,0.08489685,0.08423659,0.008973839,0.9927821
76924,0.0166667,1.96623889356852,0.8380657,0.4835783,-0.6420329,0.08490007,0.08425982,0.008937924,0.9927801
76928,0.0166674,1.98290629312396,0.8381375,0.4835757,-0.6420171,0.08491725,0.08432662,0.00893225,0.9927731
76930,0.0166688,1.99957509338856,0.8381756,0.4835776,-0.6420233,0.08490038,0.08436554,0.008935864,0.9927711
76934,0.0166649,2.01623999327421,0.8382005,0.4835857,-0.642044,0.08491848,0.08441641,0.008999764,0.9927647
76936,0.0166663,2.03290629386902,0.8382196,0.4835692,-0.6420572,0.08490682,0.08442295,0.009028581,0.9927649
76940,0.0166678,2.04957409389317,0.8382168,0.4836226,-0.6421431,0.08488602,0.08454019,0.009081413,0.9927562
76944,0.0166693,2.06624339334667,0.8382256,0.4835985,-0.6421078,0.08491235,0.08460519,0.009112255,0.9927481
76948,0.016668,2.08291139267385,0.8382031,0.4835652,-0.6421211,0.08493377,0.08471517,0.009190413,0.9927362
76950,0.0166635,2.09957489185035,0.8381875,0.4835607,-0.6421034,0.08495151,0.08474612,0.009236026,0.9927316
76952,0.0166683,2.1162431910634,0.8381906,0.4835501,-0.6420957,0.08497804,0.08478598,0.009288213,0.9927254
76956,0.0166663,2.13290949165821,0.8381924,0.4835186,-0.6420822,0.08500074,0.08485537,0.009293803,0.9927176
76960,0.0166666,2.14957609213889,0.8382055,0.4834938,-0.6420493,0.08504009,0.08491007,0.009290425,0.9927095
76964,0.016667,2.16624309122562,0.8382744,0.4834735,-0.6420327,0.0851226,0.08504231,0.009310614,0.992691
76966,0.0166674,2.18291049078107,0.8382969,0.4834683,-0.641991,0.08519378,0.0851188,0.00935694,0.9926778
76970,0.0166664,2.19957689009607,0.8383196,0.4834779,-0.6420219,0.08534432,0.08524773,0.009489523,0.9926526
76972,0.0166673,2.21624419093132,0.8384036,0.4834418,-0.6419814,0.08542144,0.08531524,0.009557744,0.9926395
76978,0.0166666,2.232910791412,0.8384619,0.4834075,-0.6419632,0.08552997,0.08542569,0.00966562,0.9926196
76980,0.0166679,2.24957869201899,0.8384839,0.4833937,-0.6419442,0.08560043,0.08546768,0.009711589,0.9926095
76984,0.0166666,2.26624529249966,0.8385148,0.4833346,-0.6418815,0.08567934,0.08552776,0.009825849,0.9925963
76986,0.0166672,2.28291249275208,0.838503,0.4833514,-0.6418833,0.08568871,0.08558316,0.009942072,0.9925897
76990,0.0166663,2.29957879334688,0.8384858,0.4833375,-0.6418532,0.08572486,0.08561858,0.01015896,0.9925812
76992,0.0166687,2.31624749302864,0.838421,0.4833561,-0.6418321,0.08570747,0.08562549,0.01028118,0.9925809
76996,0.016666,2.33291349373758,0.8383553,0.4833495,-0.6418086,0.08570676,0.0856279,0.01043887,0.9925791
77000,0.0166681,2.3495815936476,0.8383334,0.4833599,-0.6417979,0.08571997,0.0856301,0.01053873,0.9925767
77004,0.0166653,2.36624689400196,0.8382517,0.4833835,-0.6417618,0.08574085,0.08561555,0.01070362,0.9925744
77006,0.0166672,2.38291409425437,0.8381718,0.4833698,-0.6417261,0.08579487,0.08561103,0.01082351,0.9925689
77010,0.0166667,2.39958079345524,0.8380321,0.483398,-0.6416824,0.08585688,0.08559743,0.01107786,0.9925618
77012,0.0166695,2.41625029407442,0.8379694,0.4833876,-0.6416515,0.08589844,0.08559074,0.01120134,0.9925575
77016,0.016665,2.43291529454291,0.8378806,0.4833773,-0.641617,0.08596782,0.08556391,0.01138867,0.9925516
77020,0.0166672,2.44958249479532,0.8378263,0.4833737,-0.6415958,0.08598141,0.08553994,0.01149339,0.9925513
77024,0.0166669,2.46624939516187,0.8378064,0.4833594,-0.6415747,0.08597819,0.08550991,0.01164029,0.9925525
77026,0.0166677,2.48291709460318,0.8377787,0.4833718,-0.6415698,0.08595966,0.08549187,0.01171396,0.9925547
77030,0.0166662,2.49958329461515,0.8377591,0.4833986,-0.6415812,0.08587808,0.08548333,0.01181407,0.9925613
77032,0.0166674,2.51625069417059,0.837761,0.4834237,-0.6415983,0.08583142,0.08550114,0.01188602,0.992563
77036,0.0166665,2.53291719406843,0.8377647,0.4834543,-0.6416503,0.0857496,0.08552141,0.01197593,0.9925672
77040,0.0166678,2.54958499409258,0.8377903,0.4834377,-0.6416693,0.08569589,0.0855072,0.01200322,0.9925728
77044,0.016666,2.56625099480152,0.8377961,0.4834657,-0.641725,0.08559518,0.08553842,0.01203654,0.9925784
77046,0.0166734,2.58292439393699,0.8377918,0.4834751,-0.641803,0.0855472,0.08555884,0.01203457,0.9925808
77050,0.0166677,2.59959209337831,0.8378128,0.483431,-0.6417861,0.08549064,0.08558386,0.01199845,0.9925839
77052,0.0166697,2.61626179330051,0.8377758,0.4834745,-0.6418398,0.08541614,0.0856239,0.01199793,0.9925869
77056,0.0166639,2.63292569294572,0.8377286,0.4834523,-0.6418766,0.08535859,0.08570253,0.01195303,0.9925856
77060,0.0166667,2.64959239214659,0.8376681,0.483488,-0.6419162,0.0853698,0.08573135,0.01196292,0.992582
77064,0.0166672,2.666259592399,0.8376058,0.4834685,-0.6419513,0.08541804,0.08577254,0.0120081,0.9925737
77066,0.0166667,2.68292629159987,0.8375763,0.4834789,-0.6419923,0.08542432,0.08577551,0.01204991,0.9925724
77070,0.0166687,2.69959499128163,0.8375171,0.4834707,-0.6420702,0.08533974,0.08573732,0.0120704,0.9925828
77072,0.0166661,2.71626109071076,0.837465,0.483458,-0.6420689,0.08530197,0.08575005,0.01205293,0.9925852
77076,0.016666,2.7329270914197,0.8374094,0.4834776,-0.6420959,0.08521081,0.08574367,0.01196943,0.9925945
77080,0.016668,2.74959509074688,0.837387,0.4835337,-0.6421283,0.08509275,0.0857049,0.01199317,0.9926077
77084,0.0166659,2.76626099087298,0.8373191,0.4835841,-0.6421188,0.08487344,0.08568745,0.01209267,0.9926268
77086,0.0166674,2.78292839042842,0.8373055,0.4835975,-0.6421129,0.08474413,0.085659,0.01214031,0.9926397
77090,0.0166666,2.7995949909091,0.8373597,0.4836144,-0.6421859,0.08456992,0.08567518,0.01215933,0.992653
77092,0.016668,2.81626299023628,0.8373537,0.4836446,-0.6422094,0.08453592,0.08572239,0.01218056,0.9926515
77098,0.0166663,2.83292929083109,0.8373377,0.4836808,-0.6422928,0.0845191,0.08581109,0.0122425,0.9926445
77100,0.0166673,2.84959659166634,0.8373483,0.4837155,-0.6423181,0.08448227,0.0858305,0.01229083,0.9926454
77104,0.0166658,2.8662623912096,0.8373911,0.4837392,-0.6423208,0.08441775,0.08587144,0.01232649,0.9926469
77106,0.0166682,2.88293059170246,0.8373795,0.4837563,-0.6423422,0.08438019,0.08586499,0.01229284,0.992651
77110,0.0166658,2.89959639124572,0.8373645,0.483773,-0.6424387,0.08428536,0.08590296,0.01222082,0.9926567
77112,0.0166671,2.9162634909153,0.8373604,0.483767,-0.6424717,0.08423481,0.08590595,0.01219306,0.9926611
77118,0.0166666,2.93293009139597,0.837312,0.4837429,-0.6425525,0.08413531,0.085885,0.0121843,0.9926714
77120,0.0166675,2.94959759153426,0.8372713,0.4837315,-0.6425557,0.08412173,0.08582994,0.01219092,0.9926773
77124,0.0166674,2.9662649910897,0.8372152,0.4837277,-0.642624,0.08412944,0.08576574,0.01215745,0.9926826
77126,0.016726,2.98299099132419,0.8371928,0.4837385,-0.6426572,0.08414015,0.08574802,0.01212693,0.9926836
77130,0.0166078,2.99959879182279,0.8371836,0.4837576,-0.6426567,0.08412803,0.08566602,0.0120762,0.9926923
77132,0.0166972,3.01629599183798,0.8371981,0.4837671,-0.6426618,0.0841249,0.08562476,0.01203472,0.9926966
77138,0.0166379,3.03293389268219,0.8372182,0.4838007,-0.6426544,0.08406781,0.08556981,0.01190666,0.9927078
77140,0.0166681,3.04960199259222,0.8372482,0.4838015,-0.6426305,0.08403765,0.08554117,0.01181667,0.9927139
77144,0.0166662,3.06626819260418,0.8372983,0.4837975,-0.6426242,0.08397844,0.08548805,0.01153575,0.9927267
77146,0.0166669,3.08293509297073,0.8373308,0.4837956,-0.6426236,0.08393288,0.08550072,0.01139026,0.9927312
77148,0.0166667,3.0996017921716,0.8374054,0.4837997,-0.6426104,0.08384907,0.08558857,0.01113146,0.9927336
77152,0.0166669,3.11626869253814,0.837499,0.483849,-0.6426059,0.08378433,0.08568726,0.01100021,0.992732
77156,0.016683,3.13295169174671,0.8376324,0.4838461,-0.6426113,0.08372622,0.0858662,0.01082006,0.9927235
77160,0.0167017,3.14965339191258,0.8377019,0.4838545,-0.6425854,0.08367156,0.08599672,0.01068955,0.9927182
77164,0.0166659,3.16631929203868,0.8378633,0.48389,-0.6425638,0.0836352,0.08616865,0.01049014,0.9927084
77166,0.0166669,3.18298619240522,0.8379518,0.4838875,-0.6425534,0.08360278,0.08626729,0.01038562,0.9927037
77170,0.0166669,3.19965309277177,0.8380746,0.4838987,-0.6425402,0.08356244,0.08642983,0.01023071,0.9926946
77172,0.0166686,3.21632169187069,0.8381349,0.4838953,-0.6425415,0.08348491,0.0864936,0.01015523,0.9926964
77176,0.0166656,3.23298729211092,0.838154,0.4839307,-0.6425476,0.08337199,0.08657043,0.0100647,0.9927
77180,0.0166739,3.24966119229794,0.8381937,0.4839452,-0.6425298,0.08331982,0.08660857,0.00998854,0.9927019
77184,0.0166604,3.26632159203291,0.8382537,0.4839335,-0.6425102,0.08331515,0.0866516,0.009831388,0.9927001
77186,0.0166683,3.28298989124596,0.8382268,0.4839323,-0.642452,0.08332615,0.08669375,0.009764131,0.9926962
77190,0.0166668,3.29965669102967,0.8382464,0.4838861,-0.6424243,0.08337831,0.08675301,0.009648858,0.9926877
77192,0.0166666,3.31632329151034,0.8382313,0.4838583,-0.6423894,0.08341139,0.08676741,0.009593022,0.9926842
77198,0.0166664,3.33298969082534,0.8382746,0.4838386,-0.6423314,0.0834991,0.08681104,0.009499864,0.9926739
77200,0.0166669,3.34965659119189,0.8382906,0.4838088,-0.6423087,0.08357318,0.08683427,0.009445554,0.9926662
77204,0.0166671,3.36632369086146,0.838353,0.4837552,-0.6422544,0.08379679,0.0868853,0.009360759,0.9926437
77206,0.0166675,3.38299119099975,0.8384051,0.4837468,-0.6422386,0.08394018,0.0869083,0.009326205,0.9926299
77210,0.0166663,3.39965749159455,0.8385213,0.4836174,-0.6421798,0.08430326,0.08693007,0.00917918,0.9925986
77212,0.0166679,3.41632539220154,0.8385645,0.4836201,-0.6421913,0.08449516,0.08694857,0.009109762,0.9925812
77216,0.0166665,3.43299189209938,0.8386643,0.4835246,-0.6421331,0.08488447,0.08698585,0.008929395,0.9925464
77220,0.0166757,3.44966759160161,0.8387061,0.4834833,-0.6421155,0.08507837,0.08700667,0.008816906,0.992529
77224,0.016659,3.46632659249008,0.8387775,0.483418,-0.642119,0.0853745,0.08701433,0.008612889,0.9925047
77226,0.016668,3.48299459181726,0.838798,0.4833581,-0.6421071,0.08547453,0.08703331,0.008486465,0.9924955
77230,0.0166673,3.49966189265251,0.8388675,0.4833114,-0.6420828,0.08560702,0.08706352,0.008259931,0.9924833
77232,0.0166681,3.51632999256253,0.8388899,0.4832791,-0.6420509,0.08569376,0.08709708,0.008130451,0.992474
77238,0.0166655,3.53299549221992,0.8389496,0.4832639,-0.6420357,0.08589982,0.0871949,0.007866234,0.9924498
77240,0.0166675,3.54966299235821,0.8389951,0.4832416,-0.6420434,0.08601397,0.08722603,0.007732864,0.9924381
77244,0.0166663,3.56632929295301,0.8390374,0.4832002,-0.6419691,0.0862379,0.08737522,0.007547748,0.992407
77246,0.0166678,3.58299709297717,0.8390708,0.4831574,-0.6419587,0.08629408,0.08745462,0.007465411,0.9923958
77250,0.016666,3.5996630936861,0.8391273,0.4831398,-0.6419622,0.08637914,0.08762806,0.007289681,0.9923744
77252,0.016669,3.61633209325373,0.8391455,0.483125,-0.6419449,0.08639493,0.08770721,0.007206409,0.9923666
77258,0.0166653,3.63299739360809,0.8391824,0.4831774,-0.6419739,0.08639385,0.08785682,0.007099136,0.9923542
77260,0.0166749,3.64967229403555,0.8392458,0.4831561,-0.6419199,0.08636422,0.08789773,0.007084277,0.9923533
77264,0.0166662,3.66633849404752,0.8393321,0.4831934,-0.6419041,0.08620723,0.08800456,0.007093621,0.9923574
77266,0.0166673,3.68300579488277,0.8393714,0.4831852,-0.6418889,0.08611182,0.08805082,0.007085064,0.9923617
77270,0.0166666,3.69967239536345,0.8394399,0.4832117,-0.6418701,0.08609622,0.08814139,0.006993232,0.9923556
77272,0.0166665,3.71633889526129,0.8394725,0.4832217,-0.6418603,0.08612694,0.08818433,0.006944385,0.9923495
77278,0.016667,3.73300589434803,0.8395312,0.4832343,-0.6417968,0.08618819,0.08819865,0.00695007,0.9923428
77280,0.0166668,3.74967269413173,0.8395674,0.4832551,-0.6418177,0.08622233,0.08822796,0.006959673,0.9923372
77284,0.0166671,3.76633979380131,0.8396537,0.4832249,-0.6418232,0.0862431,0.0882007,0.006871876,0.9923385
77286,0.0166669,3.78300669416785,0.8396452,0.4832679,-0.641822,0.08622874,0.08819551,0.006781733,0.9923408
77290,0.016667,3.79967369325459,0.8396929,0.48325,-0.6418417,0.08619869,0.08818161,0.006609288,0.9923458
77292,0.0166681,3.81634179316461,0.8396986,0.4832312,-0.6418591,0.08617418,0.08818483,0.006563731,0.992348
77296,0.016666,3.83300779387355,0.8397357,0.4832097,-0.6419226,0.08618798,0.08821071,0.006533097,0.9923446
77300,0.0166674,3.84967519342899,0.8397424,0.4831783,-0.641925,0.08618934,0.08821836,0.006521629,0.9923439
77304,0.0166668,3.8663419932127,0.8397824,0.4831955,-0.6419563,0.08617581,0.08826526,0.00646395,0.9923413
77306,0.016668,3.88300999253988,0.8398115,0.483205,-0.6419703,0.08614615,0.08831611,0.006430823,0.9923396
77310,0.0166657,3.89967569336295,0.8398455,0.4832526,-0.6419676,0.08613021,0.08844468,0.006362073,0.99233
77312,0.0166672,3.91634289361537,0.8398857,0.4832229,-0.6419929,0.08611447,0.08849668,0.006312109,0.992327
77316,0.0166666,3.93300949409604,0.8399798,0.4832361,-0.6420382,0.08608355,0.08863018,0.006172875,0.9923186
77320,0.0166692,3.94967869482934,0.8400075,0.4832338,-0.642056,0.08604851,0.08870687,0.006095013,0.9923153
77324,0.0166649,3.966343594715,0.840093,0.483228,-0.6420964,0.08597673,0.08886836,0.005882699,0.9923083
77326,0.0166673,3.98301089555025,0.8401763,0.4831911,-0.6420954,0.08595103,0.08898123,0.005766321,0.9923012
77330,0.016667,3.99967789463699,0.8402572,0.4831955,-0.6421083,0.08593608,0.08921418,0.005638166,0.9922823
77332,0.0166678,4.01634569466114,0.8402872,0.483209,-0.6421545,0.08591836,0.0893333,0.005597909,0.9922733
77338,0.0166659,4.03301159478724,0.8403683,0.4832084,-0.6421878,0.0859322,0.08949434,0.00555431,0.9922578
77340,0.0166667,4.04967829398811,0.8404011,0.4832189,-0.6421953,0.08591397,0.08956673,0.005532666,0.992253
77344,0.0166671,4.06634539365768,0.840443,0.4832479,-0.642212,0.08586867,0.08963739,0.005475284,0.9922509
77348,0.0166675,4.08301289379597,0.8404591,0.4832464,-0.6422172,0.08578912,0.08963121,0.00544246,0.9922585
77350,0.0166646,4.09967749379575,0.8404846,0.4832555,-0.642208,0.08576932,0.08959946,0.005420024,0.9922632
77352,0.0166681,4.11634559370577,0.8404868,0.4832743,-0.642217,0.08572136,0.08955712,0.005382285,0.9922714
77356,0.0166676,4.13301319442689,0.8404897,0.483247,-0.6421695,0.08571476,0.08946422,0.005344013,0.9922805
77360,0.0166669,4.14968009479344,0.8404993,0.4832349,-0.6421541,0.08570424,0.08938483,0.005318107,0.9922887
77364,0.0166668,4.16634689457715,0.8405055,0.4832491,-0.6421176,0.08574701,0.08931951,0.005287273,0.9922911
77366,0.0166675,4.18301439471543,0.8404994,0.4832278,-0.6421031,0.08579426,0.08929165,0.005274877,0.9922895
77370,0.0166669,4.19968129508197,0.8404984,0.4832156,-0.6420866,0.0858833,0.08930555,0.005236944,0.9922808
77372,0.0166676,4.21634889580309,0.8405344,0.4832292,-0.6420599,0.08591703,0.08931142,0.005222965,0.9922774
77376,0.0166658,4.23301469534636,0.840574,0.4831904,-0.6419939,0.08600999,0.0893774,0.005207592,0.9922635
77380,0.0166673,4.24968199618161,0.8406042,0.4831931,-0.6419911,0.08606824,0.08940225,0.005216551,0.9922562
77384,0.0166663,4.26634829677641,0.8406307,0.4831652,-0.6419486,0.08613406,0.08951742,0.005245478,0.99224
77386,0.0166702,4.28301849588752,0.8406621,0.4831597,-0.6419187,0.08618395,0.08956744,0.005267563,0.992231
77390,0.0166662,4.29968469589949,0.8407432,0.4831542,-0.6419174,0.08623157,0.08962861,0.005254306,0.9922214
77392,0.0166663,4.31635099649429,0.8407654,0.483146,-0.6418927,0.08628255,0.08961856,0.00524048,0.9922179
77398,0.0166671,4.33301809616387,0.8407836,0.4831557,-0.6418571,0.08635033,0.08960389,0.005237527,0.9922134
77400,0.0166667,4.34968479536474,0.8408018,0.4831476,-0.6418455,0.08636607,0.08960392,0.005212698,0.9922121
77404,0.0166678,4.36635259538889,0.8408275,0.4831453,-0.6418326,0.08635977,0.089591,0.005135654,0.9922143
77406,0.0166671,4.38301969505847,0.8408435,0.4831393,-0.6418168,0.08636903,0.08958846,0.005105853,0.9922138
77410,0.0166666,4.39968629553914,0.8408223,0.4831401,-0.641812,0.08641997,0.08959972,0.005093844,0.9922084
77412,0.0166666,4.41635289601982,0.8408183,0.4831201,-0.6418113,0.08645158,0.08961114,0.005104223,0.9922045
77416,0.0166677,4.43302059546113,0.8408188,0.483063,-0.6418209,0.08654472,0.08962703,0.005102722,0.9921951
77420,0.0166671,4.44968769513071,0.8408353,0.4830315,-0.6418115,0.08655883,0.08964575,0.005102322,0.9921921
77424,0.0166663,4.46635399572551,0.8408472,0.4830502,-0.6418119,0.08655366,0.08967885,0.005146313,0.9921893
77426,0.0166705,4.48302449658513,0.8408554,0.4830557,-0.6417831,0.08656763,0.08969911,0.005193618,0.9921861
77430,0.0166635,4.49968799576163,0.8408406,0.4830987,-0.6417653,0.08653707,0.08967694,0.005271241,0.9921903
77432,0.0166673,4.51635529659688,0.8408307,0.4831137,-0.641763,0.08650447,0.0896377,0.005335145,0.9921964
77436,0.0166663,4.53302159719169,0.8407927,0.4830851,-0.6417321,0.08644157,0.08952899,0.005449905,0.992211
77440,0.016667,4.54968859627843,0.8407846,0.4830716,-0.6417456,0.08639168,0.08943778,0.005459097,0.9922236
77444,0.016667,4.56635559536517,0.8408014,0.4830852,-0.6417083,0.08643815,0.0893671,0.005464518,0.9922259
77446,0.0166663,4.58302189595997,0.8408258,0.4830704,-0.6417137,0.08649969,0.08933364,0.005453162,0.9922236
77450,0.0166683,4.59969019517303,0.8408313,0.4830385,-0.6416897,0.08664703,0.08933059,0.005525696,0.9922106
77452,0.016667,4.61635719425976,0.8408324,0.4830399,-0.6416479,0.08670742,0.08935691,0.005573679,0.9922026
77458,0.0166667,4.63302389346063,0.8408237,0.4830399,-0.6416377,0.08677743,0.08947772,0.005626878,0.9921854
77460,0.0166675,4.64969139359891,0.8408241,0.4830367,-0.6416414,0.08679271,0.0895589,0.005610345,0.9921768
77464,0.0166664,4.66635779291391,0.8408728,0.4830542,-0.6416333,0.08681089,0.0897179,0.005570588,0.992161
77466,0.0166665,4.68302429281175,0.8409078,0.4830606,-0.6416817,0.08678409,0.08978727,0.005571737,0.9921571
77470,0.016667,4.69969129189849,0.840986,0.4830185,-0.6417013,0.0867776,0.08995143,0.005561251,0.9921429
77472,0.0166669,4.71635819226503,0.8410076,0.483021,-0.6417155,0.08679517,0.09004414,0.005543771,0.992133
77478,0.0166671,4.73302529193461,0.8410711,0.4830333,-0.6417584,0.08684967,0.09025901,0.005486036,0.9921091
77480,0.0166668,4.74969209171832,0.8410878,0.4830371,-0.6417989,0.086895,0.09037708,0.00545493,0.9920945
77484,0.0166673,4.76635939255357,0.8411589,0.4830567,-0.6418806,0.08696289,0.09063011,0.005342629,0.9920661
77486,0.0166672,4.78302659280598,0.8411971,0.4830599,-0.6419096,0.08700229,0.09073516,0.005270407,0.9920534
77490,0.0166809,4.79970749281347,0.8412489,0.4830464,-0.6418869,0.08711101,0.09094679,0.005130122,0.9920253
77492,0.0166677,4.81637519225478,0.8412928,0.4830426,-0.6419067,0.08718237,0.09108427,0.005030123,0.9920069
77498,0.0166654,4.83304059132934,0.8413641,0.483054,-0.6419113,0.08733904,0.09139095,0.004788854,0.9919661
77500,0.0166668,4.84970739111304,0.841408,0.4830524,-0.6419069,0.0874364,0.0915383,0.004679461,0.9919444
77504,0.0166673,4.86637469194829,0.8414927,0.4830129,-0.6418863,0.08766625,0.09193548,0.00454518,0.991888
77506,0.0166678,4.88304249197245,0.8415267,0.4829793,-0.6418971,0.08778377,0.09210092,0.004536948,0.9918624
77510,0.0166662,4.89970869198442,0.8416222,0.4828897,-0.6418959,0.08809393,0.0924182,0.004588157,0.9918051
77512,0.0166671,4.91637579165399,0.8416744,0.4828446,-0.6419022,0.08829278,0.09257808,0.00456429,0.9917726
77518,0.0166667,4.93304249085486,0.8418341,0.4826888,-0.6418798,0.08882797,0.09296872,0.004477021,0.9916887
77520,0.0166666,4.94970909133554,0.8419174,0.4826187,-0.6418511,0.08916479,0.09319367,0.004405449,0.9916376
77524,0.0166669,4.96637599170208,0.8421199,0.4824615,-0.6417976,0.08982105,0.09367772,0.004288782,0.9915333
77526,0.0166666,4.98304259218276,0.8422467,0.4823414,-0.6417482,0.09030415,0.09402047,0.004235676,0.9914572
77530,0.0166672,4.99970979243517,0.8425532,0.4821066,-0.6416264,0.09112839,0.09468,0.004146286,0.9913194
77532,0.0166673,5.01637709327042,0.8427293,0.4820088,-0.6415905,0.09162306,0.09506015,0.004052551,0.9912378
77538,0.0166666,5.0330436937511,0.8432174,0.4817238,-0.64145,0.09263187,0.09598748,0.00368475,0.9910561
77540,0.0166669,5.04971059411764,0.8434436,0.4816001,-0.6414195,0.09312586,0.09650376,0.003414873,0.9909607
77544,0.0166671,5.06637769378722,0.8440394,0.4813523,-0.6413379,0.09407102,0.09765592,0.002752124,0.9907605
77546,0.0166669,5.08304459415376,0.8443797,0.4812626,-0.6412855,0.0945318,0.09832895,0.002365824,0.9906511
77550,0.0166664,5.09971099346876,0.8451292,0.4810517,-0.6411996,0.09532695,0.1000268,0.001433982,0.9904067
77552,0.0166674,5.11637839302421,0.8455132,0.4809923,-0.6411628,0.09563872,0.1008471,0.001030227,0.9902939
77558,0.0166687,5.13304709270597,0.8463746,0.4808988,-0.6411138,0.09631628,0.1027165,0.0002276421,0.9900366
77560,0.0166651,5.14971219189465,0.8468412,0.4808179,-0.6411136,0.09669084,0.1037499,-0.0002056527,0.9898924
77564,0.0166669,5.1663790922612,0.8477817,0.4807114,-0.6410871,0.09744463,0.1058599,-0.0009778659,0.9895945
77566,0.0166673,5.18304639309645,0.8483027,0.4806736,-0.6410866,0.0977639,0.106847,-0.001313311,0.9894565
77570,0.0166668,5.19971319288015,0.8493437,0.4805115,-0.6411238,0.09847508,0.1092925,-0.002108955,0.9891175
77572,0.0166675,5.21638069301844,0.8498695,0.4804565,-0.6411411,0.098812,0.1104925,-0.002476888,0.9889497
77576,0.0166664,5.23304709233344,0.850894,0.4803753,-0.6411989,0.09944067,0.1127279,-0.003153705,0.9886324
77580,0.0166672,5.24971429258585,0.8514174,0.4802979,-0.6412324,0.09982377,0.1138479,-0.003487434,0.9884644
77584,0.0166666,5.26638089306653,0.8523602,0.4801601,-0.641289,0.1006356,0.1159,-0.004049161,0.9881414
77586,0.016667,5.28304789215326,0.8528516,0.4800168,-0.6413451,0.101129,0.1169844,-0.004323028,0.987962
77590,0.0166668,5.29971469193697,0.8537521,0.479829,-0.6414319,0.1019641,0.1187002,-0.004816999,0.9876692
77592,0.0166668,5.31638149172068,0.8542085,0.479753,-0.641466,0.1024619,0.1195835,-0.005073811,0.9875098
77596,0.0166671,5.33304859139025,0.8550138,0.4795695,-0.6415671,0.1032956,0.1209858,-0.005527202,0.9872497
77600,0.0166672,5.34971579164267,0.8554032,0.4794783,-0.6415865,0.103749,0.1216145,-0.005808212,0.9871233
77604,0.016667,5.3663827907294,0.8561063,0.479297,-0.6416449,0.1046165,0.1226052,-0.006301775,0.9869061
77606,0.0166666,5.38304939121008,0.8564519,0.4792002,-0.6416409,0.1050019,0.1229902,-0.006521657,0.9868159
77610,0.0166673,5.39971669204533,0.8570837,0.4790407,-0.6417239,0.105663,0.1236259,-0.006990717,0.9866626
77612,0.0166668,5.41638349182904,0.857419,0.4789725,-0.641745,0.1060041,0.1238817,-0.007305155,0.9865917
77618,0.0166664,5.43304989114404,0.8579785,0.4788763,-0.6417494,0.1065695,0.1241907,-0.007977317,0.9864867
77620,0.016667,5.44971689023077,0.8582415,0.4788263,-0.6417847,0.1068876,0.124327,-0.008375265,0.9864318
77624,0.0166666,5.46638349071145,0.8587139,0.4787629,-0.6418628,0.1074682,0.1244664,-0.009144112,0.9863443
77626,0.016667,5.48305048979819,0.8589725,0.4787606,-0.6419098,0.1077151,0.1245124,-0.009554359,0.9863077
77630,0.0166672,5.4997176900506,0.8593493,0.4787568,-0.641972,0.1080606,0.1245824,-0.01021164,0.9862545
77632,0.0166671,5.51638478972018,0.8594983,0.4787982,-0.6420204,0.1081941,0.1246373,-0.01050312,0.9862298
77636,0.0166668,5.53305158950388,0.8598387,0.4788155,-0.6421427,0.108463,0.1247769,-0.0110051,0.9861771
77640,0.0166674,5.54971898905933,0.8599786,0.478819,-0.6422069,0.1086038,0.124863,-0.01121916,0.9861484
77644,0.0166668,5.56638578884304,0.8602148,0.4788083,-0.6423337,0.1088971,0.12508,-0.01143377,0.9860861
77646,0.016667,5.58305278792977,0.8603379,0.4787642,-0.6423524,0.1090359,0.1252064,-0.01149008,0.986054
77650,0.0166669,5.59971968829632,0.8605303,0.4787226,-0.6424953,0.109362,0.125434,-0.011452,0.9859895
77652,0.0166669,5.61638658866286,0.8605956,0.4787086,-0.6425751,0.1096132,0.1255885,-0.01135119,0.985943
77658,0.0166664,5.63305298797786,0.860696,0.478635,-0.6427584,0.1102414,0.1259225,-0.0110948,0.9858333
77660,0.016667,5.6497199870646,0.8607532,0.4786008,-0.642846,0.1105782,0.1260941,-0.01093106,0.9857755
77664,0.0166733,5.66639328747988,0.86087,0.4784623,-0.6430322,0.1114151,0.126461,-0.01058624,0.985638
77666,0.016667,5.68306028656662,0.8609095,0.478422,-0.6431363,0.1118032,0.1265885,-0.01038719,0.9855798
77670,0.0166674,5.69972768612206,0.8610187,0.4782675,-0.6433586,0.1126833,0.1268656,-0.01004479,0.9854475
77672,0.0166667,5.71639438532293,0.8610529,0.4781855,-0.6435018,0.1131701,0.1269575,-0.009912058,0.9853812
77676,0.0166666,5.7330609858036,0.8611205,0.4780152,-0.6437967,0.1140531,0.1271618,-0.009865182,0.9852535
77680,0.0166669,5.74972788617015,0.8611442,0.477958,-0.6439539,0.1144418,0.1272465,-0.009852545,0.9851976
77684,0.0166674,5.76639528572559,0.8611908,0.4778176,-0.644316,0.1151842,0.127335,-0.009761428,0.9851006
77686,0.0166664,5.78306168504059,0.861222,0.4777354,-0.6445288,0.1156491,0.1273401,-0.009647282,0.9850466
77690,0.0166673,5.79972898587585,0.8612599,0.477612,-0.6448649,0.1164211,0.1273357,-0.009474905,0.9849579
77692,0.0166674,5.81639638543129,0.8613055,0.4775442,-0.6450998,0.116871,0.1273076,-0.009391283,0.9849091
77696,0.0166767,5.83307308517396,0.8613406,0.4773964,-0.6455105,0.117529,0.1272192,-0.009355182,0.9848425
77700,0.0166674,5.84974048472941,0.8613442,0.4773198,-0.645723,0.1178652,0.1271438,-0.009354536,0.9848121
77704,0.0166694,5.86640988476574,0.8614307,0.4772008,-0.646082,0.1183947,0.1269668,-0.00928179,0.9847721
77708,0.0166664,5.88307628408074,0.8614599,0.4770727,-0.6465332,0.119022,0.1266422,-0.009071222,0.9847402
77710,0.0166648,5.89974108338356,0.8614806,0.4769959,-0.6467565,0.1194327,0.126479,-0.008976509,0.9847123
77714,0.0166709,5.91641198284924,0.8615719,0.4768368,-0.647094,0.1203046,0.1261144,-0.008866141,0.9846539
77716,0.0166629,5.933074882254,0.8615898,0.4767616,-0.6472643,0.1207224,0.1258976,-0.008864341,0.9846306
77722,0.0166684,5.94974328204989,0.861585,0.4766277,-0.6475628,0.1215358,0.1253629,-0.00884481,0.9845989
77724,0.0166655,5.96640878170729,0.8615726,0.4765712,-0.6477628,0.1219202,0.1250613,-0.008801046,0.9845901
77728,0.0166679,5.98307668231428,0.8615649,0.4764257,-0.6480926,0.1227161,0.1243128,-0.008742614,0.9845865
77730,0.0166722,5.99974888190627,0.8615449,0.476363,-0.6482452,0.1230841,0.1239318,-0.008652627,0.9845895
77734,0.0166678,6.01641668193042,0.8614814,0.4762101,-0.648489,0.1238456,0.123062,-0.008315901,0.984606
77736,0.0166658,6.03308248147368,0.8614477,0.4761457,-0.6486157,0.1242024,0.1225835,-0.008090666,0.9846226
77742,0.016668,6.04975048080087,0.8613648,0.4759677,-0.6488876,0.1249631,0.1216476,-0.007610965,0.9846463
77744,0.0166664,6.06641688011587,0.8613287,0.475859,-0.6490304,0.1253327,0.1212228,-0.007376687,0.9846534
77748,0.0166676,6.08308448083699,0.8612459,0.475701,-0.6492785,0.126107,0.1204377,-0.006983883,0.9846538
77750,0.0166682,6.09975268132985,0.861215,0.4756194,-0.6493601,0.1264786,0.1200766,-0.006794987,0.9846515
77754,0.0166659,6.11641858145595,0.8611358,0.4754241,-0.6494763,0.1272112,0.1193342,-0.006354059,0.9846504
77756,0.0166658,6.13308438099921,0.8611076,0.4753538,-0.6495479,0.1275189,0.1189812,-0.006110884,0.9846548
77762,0.0166676,6.14975198172033,0.8610778,0.4751442,-0.6495739,0.1281929,0.1182793,-0.005637168,0.9846547
77764,0.0167796,6.16653158143163,0.8610622,0.4750502,-0.6495454,0.1285429,0.1179615,-0.005378631,0.9846486
77766,0.0166685,6.18320008181036,0.861083,0.474928,-0.6495407,0.1288859,0.1176528,-0.005107292,0.9846421
77770,0.0166666,6.19986668229103,0.8611034,0.4746829,-0.6494567,0.1295317,0.1172398,-0.004670826,0.9846088
77772,0.0166678,6.21653448231518,0.861132,0.4745299,-0.64938,0.1299351,0.116993,-0.004408628,0.9845862
77776,0.0166664,6.23320088163018,0.8612193,0.4742493,-0.6491744,0.1304742,0.1166271,-0.004072253,0.9845598
77780,0.0166666,6.24986748211086,0.8612857,0.474096,-0.6490502,0.1306854,0.1164681,-0.003945661,0.9845511
77784,0.0166669,6.2665343824774,0.861441,0.4738503,-0.6487457,0.1310377,0.1162248,-0.003870225,0.9845334
77786,0.0166669,6.28320128284395,0.8615434,0.4736724,-0.6484919,0.1313331,0.1160523,-0.003912438,0.9845142
77790,0.0166669,6.29986818321049,0.8617167,0.4733651,-0.6480154,0.1318689,0.1157825,-0.004031081,0.9844739
77792,0.0166678,6.31653598323464,0.8618296,0.4731881,-0.6477079,0.1322327,0.1155837,-0.004165064,0.9844478
77796,0.0166664,6.33320238254964,0.8620446,0.4728785,-0.6470858,0.1328175,0.1150647,-0.00456465,0.9844282
77800,0.0166673,6.3498696833849,0.8621955,0.4726981,-0.6466751,0.133175,0.1146582,-0.00493068,0.9844255
77804,0.0166663,6.3665359839797,0.8623832,0.472427,-0.6459917,0.1337323,0.1141163,-0.005537484,0.9844097
77806,0.0166678,6.38320378400385,0.8625036,0.4722814,-0.6455228,0.134173,0.1137269,-0.006007549,0.984392
77810,0.0166663,6.39987008459866,0.8626624,0.4720374,-0.6447715,0.1348213,0.1131444,-0.006628476,0.9843667
77814,0.0166683,6.41653838381171,0.862845,0.4718771,-0.6440143,0.1353852,0.1126428,-0.007109006,0.9843434
77816,0.0166646,6.4332029838115,0.862957,0.4717666,-0.6435742,0.1356398,0.1123757,-0.007362997,0.984337
77822,0.0166677,6.44987068325281,0.8631461,0.4716682,-0.6427596,0.1359989,0.111944,-0.00771511,0.9843339
77824,0.0190424,6.46891308389604,0.8632242,0.4716111,-0.642326,0.1361248,0.111784,-0.007825654,0.9843339
77828,0.016669,6.48558208346367,0.8633075,0.4715216,-0.6414927,0.1363083,0.1115056,-0.007939968,0.9843391
77830,0.0166665,6.50224858336151,0.8633555,0.4714841,-0.6409953,0.1363729,0.1114186,-0.007953112,0.98434
77834,0.0166664,6.51891498267651,0.8634632,0.4714018,-0.640121,0.1364386,0.1112331,-0.007902712,0.9843522
77836,0.0166668,6.53558178246021,0.8634927,0.4713673,-0.6396319,0.1364798,0.1111362,-0.007805525,0.9843583
77840,0.0166671,6.55224888212979,0.8635244,0.4712338,-0.6387118,0.1366008,0.1109317,-0.007532238,0.9843667
77842,0.0166679,6.56891678273678,0.8635389,0.4711658,-0.6382765,0.136724,0.1107899,-0.007360732,0.9843668
77848,0.0166669,6.58558368310332,0.8635479,0.4710167,-0.6373931,0.1371712,0.1104574,-0.007005604,0.9843445
77850,0.0166669,6.60225058346987,0.8635231,0.4709029,-0.636969,0.1374571,0.1102644,-0.00683976,0.9843275
77854,0.0166669,6.61891748383641,0.8635181,0.4707021,-0.6361464,0.1380632,0.1099066,-0.006587088,0.9842844
77856,0.0166669,6.63558438420296,0.8635654,0.4705647,-0.6357876,0.1383221,0.1097645,-0.006507426,0.9842644
77860,0.0166672,6.65225158445537,0.8635848,0.4703151,-0.6350573,0.1388744,0.1094623,-0.006380733,0.9842211
77864,0.0166668,6.66891838423908,0.863621,0.4702093,-0.6347096,0.1390542,0.1093286,-0.006394709,0.9842106
77868,0.0166681,6.6855864841491,0.8636385,0.4700156,-0.634156,0.1392398,0.1091331,-0.006435428,0.9842057
77870,0.0166659,6.7022523842752,0.8636743,0.4699552,-0.6338875,0.1392727,0.109027,-0.006514909,0.9842123
77874,0.016667,6.71891938336194,0.8637633,0.4698475,-0.6334693,0.1392842,0.1088507,-0.006683347,0.984229
77876,0.016667,6.73558638244867,0.8637688,0.4698391,-0.6333336,0.1392687,0.1088274,-0.006772136,0.9842332
77880,0.0166686,6.75225498154759,0.8638669,0.4697662,-0.6330969,0.1391606,0.1087618,-0.006914024,0.9842548
77882,0.0166651,6.76892008073628,0.8639356,0.4697786,-0.6329808,0.1390887,0.1087346,-0.006970911,0.9842675
77888,0.0166667,6.78558677993715,0.8640082,0.4697743,-0.6328645,0.1388233,0.1087917,-0.00707181,0.9842979
77890,0.0166672,6.80225398018956,0.8640884,0.4698016,-0.6328293,0.1386071,0.1088541,-0.007124634,0.9843212
77894,0.0166669,6.81892088055611,0.8642688,0.4698955,-0.6328251,0.1381101,0.1090319,-0.007241099,0.9843705
77896,0.0166669,6.83558778092265,0.8643383,0.4699317,-0.6327885,0.13785,0.1091855,-0.007295638,0.9843895
77900,0.0166672,6.85225498117507,0.864497,0.4700471,-0.6328749,0.1373857,0.1094394,-0.007357357,0.9844258
77904,0.0166669,6.86892188154161,0.8646167,0.4701031,-0.6329323,0.137106,0.1096047,-0.007396932,0.9844461
77908,0.0166669,6.88558878190815,0.8647417,0.4702271,-0.6330919,0.1366312,0.1099128,-0.007353466,0.9844781
77910,0.0166665,6.90225528180599,0.8648302,0.4702723,-0.6331792,0.136377,0.1100577,-0.007292304,0.9844976
77914,0.016667,6.91892228089273,0.8649837,0.4703978,-0.6334257,0.1359463,0.110279,-0.007192611,0.9845331
77916,0.0166667,6.9355889800936,0.8650488,0.4704542,-0.6335345,0.1357474,0.1103691,-0.007137033,0.9845509
77922,0.0166678,6.95225678011775,0.8651409,0.4705881,-0.6337851,0.1353292,0.1105394,-0.00705315,0.9845899
77924,0.0166661,6.96892287954688,0.865196,0.4706209,-0.6338523,0.1351684,0.1106244,-0.007008658,0.9846028
77928,0.0166672,6.98559007979929,0.8653232,0.4707209,-0.6341144,0.1348039,0.1107783,-0.006929392,0.984636
77930,0.0166674,7.00225747935474,0.8653929,0.4707577,-0.6342007,0.1346251,0.110831,-0.006891573,0.9846548
77934,0.0166668,7.01892427913845,0.8655629,0.4708901,-0.6344106,0.1342213,0.110942,-0.006870735,0.9846976
77936,0.0178045,7.03672877885401,0.8656519,0.4709485,-0.6344903,0.1340577,0.1109777,-0.006925392,0.9847155
77942,0.0166646,7.0533933788538,0.8657745,0.4710074,-0.6346465,0.1338553,0.111052,-0.007069916,0.9847336
77946,0.016668,7.07006137818098,0.8659744,0.4710801,-0.6347988,0.1337165,0.1111042,-0.007255054,0.9847453
77948,0.0178859,7.08794727735221,0.8660626,0.4711088,-0.6348552,0.133635,0.1111416,-0.007366197,0.9847512
77950,0.0166682,7.10461547784507,0.8661724,0.4711811,-0.6348609,0.1335628,0.1111939,-0.007547219,0.9847538
77954,0.0166794,7.12129487842321,0.8663304,0.4711971,-0.6349276,0.1334978,0.1113391,-0.007996131,0.9847426
77960,0.0166649,7.13795977830887,0.8664753,0.4712464,-0.6349338,0.1335396,0.1116085,-0.008501699,0.9847022
77962,0.0166653,7.15462507866323,0.8665541,0.4712072,-0.6348914,0.1335786,0.1117459,-0.008699059,0.9846796
77964,0.0166684,7.17129347845912,0.8666232,0.4711898,-0.6348737,0.133655,0.1118701,-0.008878979,0.9846536
77968,0.0166664,7.18795987777412,0.8666839,0.4711804,-0.6347895,0.1337327,0.1120665,-0.009128221,0.9846184
77972,0.0190501,7.2070099785924,0.8667909,0.471136,-0.634659,0.1337736,0.1122977,-0.009413614,0.9845838
77974,0.0166662,7.22367617860436,0.8668573,0.4711117,-0.6345491,0.1337806,0.112447,-0.009598506,0.984564
77980,0.0166678,7.24034397862852,0.8669698,0.4710262,-0.6343586,0.1337588,0.11275,-0.009932924,0.984529
77982,0.0166662,7.25701017864048,0.8670279,0.4709707,-0.6342348,0.1337906,0.1128996,-0.01006734,0.9845062
77984,0.0166672,7.2736773788929,0.86709,0.4709398,-0.6340743,0.133813,0.1130886,-0.01020883,0.98448
77988,0.0166666,7.29034397937357,0.8671505,0.470832,-0.633823,0.1338473,0.1133275,-0.01031974,0.9844467
77992,0.0166673,7.30701128020883,0.8672074,0.4707415,-0.6336001,0.1339787,0.1135137,-0.01038177,0.9844067
77994,0.0172548,7.32426607981324,0.8672326,0.4706631,-0.6334568,0.134157,0.1135824,-0.01042419,0.9843741
78000,0.016668,7.34093407914042,0.867292,0.4704904,-0.6331357,0.1346545,0.1136411,-0.01047881,0.9842988
78002,0.0166661,7.35760017856956,0.8672945,0.4704243,-0.632973,0.1350053,0.1136258,-0.01044345,0.9842529
78006,0.0166675,7.37426767870784,0.8672936,0.4701774,-0.6326494,0.13567,0.1135,-0.01029019,0.9841776
78008,0.0166667,7.39093437790871,0.8672899,0.4700885,-0.6324748,0.1360424,0.1133931,-0.01022302,0.9841392
78012,0.0166677,7.40760207735002,0.8672788,0.4699059,-0.6321169,0.1367961,0.1131267,-0.01007356,0.984067
78014,0.0166688,7.42427087761462,0.8672609,0.4697993,-0.6319136,0.1371657,0.1129753,-0.009975936,0.9840339
78020,0.0166653,7.44093617796898,0.8671574,0.4696022,-0.6315373,0.137938,0.1125795,-0.009724516,0.9839738
78022,0.0166668,7.45760297775269,0.8671088,0.4694815,-0.631321,0.1383635,0.112347,-0.009568327,0.9839422
78024,0.0166671,7.47427007742226,0.8670468,0.4693461,-0.6311154,0.1388352,0.1120646,-0.00933297,0.9839102
78028,0.0166664,7.49093647673726,0.8669754,0.4691857,-0.6308131,0.1394753,0.1116212,-0.009019755,0.983873
78030,0.0166669,7.50760337710381,0.8669385,0.4690634,-0.6306217,0.1398655,0.1113606,-0.008874836,0.9838485
78034,0.0166674,7.52427077665925,0.8669243,0.4689086,-0.630335,0.1404077,0.1109653,-0.008751763,0.983817
78038,0.0166663,7.54093707725406,0.86691,0.4687276,-0.6300308,0.1409512,0.1107063,-0.008701784,0.9837689
78042,0.0166674,7.5576044768095,0.8669121,0.4686407,-0.6299151,0.1412508,0.1106061,-0.008706474,0.9837371
78046,0.0166666,7.57427107729018,0.866918,0.4684582,-0.6296841,0.1418686,0.1105183,-0.008781512,0.9836574
78048,0.0166673,7.59093837812543,0.8669578,0.4683446,-0.6295629,0.1421294,0.1105377,-0.008851915,0.9836169
78052,0.0166667,7.6076050773263,0.8670804,0.4682294,-0.6294006,0.1427441,0.1107325,-0.009098959,0.9835038
78054,0.0166669,7.62427197769284,0.8671327,0.4681862,-0.6293144,0.1430038,0.1109363,-0.0091851,0.9834423
78058,0.0166738,7.64094577729702,0.8672873,0.4680491,-0.6292115,0.1434342,0.1113491,-0.009365334,0.9833313
78062,0.0166671,7.6576128769666,0.867362,0.4679821,-0.6291811,0.1436688,0.111626,-0.009413706,0.9832652
78066,0.0166666,7.67427947744727,0.867539,0.4678626,-0.6291372,0.1441564,0.1122399,-0.009476482,0.9831233
78068,0.0166672,7.69094667769969,0.867611,0.4677841,-0.62911,0.1444007,0.112621,-0.009446793,0.9830441
78072,0.0166674,7.70761407725513,0.8677839,0.4676,-0.6291201,0.1449086,0.1134451,-0.009356846,0.9828755
78074,0.0166655,7.72427957691252,0.8678692,0.4675348,-0.6291252,0.145183,0.113862,-0.009284902,0.9827874
78080,0.0166681,7.74094767682254,0.8680306,0.4673973,-0.629173,0.1456378,0.1146357,-0.00918517,0.9826311
78082,0.0166659,7.75761357694864,0.868095,0.4673153,-0.6292554,0.1457946,0.1149543,-0.009175034,0.9825708
78086,0.0166678,7.77428137697279,0.8683027,0.4672002,-0.629329,0.146228,0.1156427,-0.009245445,0.9824249
78088,0.0166661,7.79094747640193,0.8684266,0.4671383,-0.6293991,0.1464089,0.1159855,-0.00939199,0.9823562
78092,0.0166673,7.80761477723718,0.8687267,0.4670246,-0.6295994,0.1466765,0.1166152,-0.009786052,0.9822378
78094,0.0166669,7.82428167760372,0.8688775,0.466946,-0.6296622,0.1467869,0.1169242,-0.01001681,0.9821823
78100,0.016667,7.84094867669046,0.8691978,0.4668493,-0.6297885,0.1470073,0.1174825,-0.01047662,0.9820779
78102,0.017133,7.85808167606592,0.8693385,0.4668103,-0.6298543,0.1471751,0.1177355,-0.01074398,0.9820195
78106,0.0166695,7.87475117668509,0.8696889,0.4667076,-0.6300367,0.1475285,0.1181678,-0.01127465,0.9819087
78108,0.0166649,7.89141607657075,0.8698585,0.4666705,-0.6300857,0.1477224,0.1183939,-0.01158392,0.9818487
78112,0.0166673,7.908083377406,0.8701833,0.4665373,-0.6302561,0.1480085,0.1188064,-0.01216736,0.9817487
78114,0.0166658,7.92474917694926,0.87034,0.4665307,-0.6303532,0.1481175,0.118956,-0.01239376,0.9817113
78120,0.0166673,7.94141647778451,0.8706182,0.4664339,-0.6305236,0.1482744,0.1193469,-0.01292018,0.9816334
78122,0.0166662,7.95808267779648,0.8707495,0.4664226,-0.6305789,0.1483431,0.1195368,-0.01315396,0.9815968
78126,0.0166676,7.9747502785176,0.871053,0.4664283,-0.6306497,0.1483359,0.1199422,-0.01355388,0.981543
78128,0.0166665,7.99141677841544,0.87118,0.4664508,-0.630713,0.1482375,0.1201856,-0.01372554,0.9815257
78130,0.0166678,8.00808457843959,0.8713171,0.4665232,-0.6307301,0.1480182,0.1205711,-0.01389159,0.9815092
78134,0.016667,8.02475157752633,0.8715808,0.4666292,-0.630725,0.1476168,0.1211792,-0.01398292,0.9814935
78140,0.0166673,8.04141887836158,0.8719246,0.4667711,-0.6307601,0.1472226,0.1220462,-0.01414073,0.981443
78142,0.0166657,8.05808457918465,0.8721358,0.4668346,-0.630758,0.1470871,0.1224751,-0.0142502,0.9814082
78146,0.016668,8.07475257851183,0.8725392,0.466954,-0.6308096,0.1467889,0.1237309,-0.01453111,0.9812913
78148,0.0166664,8.09141897782683,0.8727856,0.4670175,-0.6308528,0.1466602,0.1242601,-0.01462147,0.9812423
78150,0.0166784,8.10809737816453,0.8731051,0.4671361,-0.6308842,0.1464567,0.125137,-0.01472979,0.9811596
78154,0.0166556,8.12475297786295,0.8736091,0.4672506,-0.6309735,0.1460769,0.1264821,-0.01493933,0.9810406
78158,0.0166679,8.14142087846994,0.8739325,0.4673266,-0.6310335,0.145832,0.1273343,-0.01512633,0.9809639
78162,0.0166658,8.15808667801321,0.8744781,0.4674277,-0.6311263,0.1454802,0.1286732,-0.01553193,0.9808351
78166,0.0166669,8.17475357837975,0.8750481,0.4674797,-0.631288,0.1450782,0.1302498,-0.01603288,0.9806785
78168,0.0166669,8.1914204787463,0.8753228,0.4675024,-0.631351,0.144929,0.1309235,-0.01623166,0.9806076
78172,0.0166676,8.20808807946742,0.8758544,0.467603,-0.6314752,0.1445952,0.1323686,-0.01673925,0.9804543
78174,0.0166668,8.22475487925112,0.8760875,0.4676349,-0.6315708,0.144432,0.1330003,-0.01696707,0.9803889
78180,0.0166674,8.24142227880657,0.8765075,0.4677293,-0.6317052,0.1441953,0.1341374,-0.01746146,0.9802602
78182,0.0166659,8.25808817893267,0.8766618,0.467781,-0.6317546,0.1440817,0.1345928,-0.01767889,0.9802106
78186,0.0166674,8.27475557848811,0.876955,0.4678322,-0.6318881,0.1438361,0.1354126,-0.0181498,0.9801251
78188,0.0166674,8.29142297804356,0.8770744,0.4678846,-0.6319178,0.1437255,0.1357571,-0.01837785,0.9800895
78192,0.016666,8.30808897875249,0.877288,0.4679646,-0.6320144,0.1434596,0.1362517,-0.01874387,0.9800528
78194,0.0166668,8.3247557785362,0.8773421,0.4680175,-0.6320899,0.1433349,0.1364465,-0.01888545,0.9800413
78198,0.0166683,8.34142407774925,0.8774227,0.4680735,-0.632175,0.1432209,0.1366119,-0.0189801,0.980033
78202,0.0166669,8.3580909781158,0.8774988,0.4682009,-0.6322883,0.1430934,0.136816,-0.01903938,0.980022
78204,0.0166673,8.37475827895105,0.8775117,0.4682467,-0.6323915,0.142966,0.1369053,-0.01901235,0.9800287
78208,0.0166671,8.39142537862062,0.8775475,0.468356,-0.6325463,0.1426573,0.1369672,-0.01888488,0.9800675
78212,0.0166654,8.40809077769518,0.8775318,0.4685174,-0.6327733,0.1421925,0.1369121,-0.01870784,0.9801462
78214,0.016668,8.42475877702236,0.8775448,0.468616,-0.6328698,0.1419227,0.1368792,-0.01861976,0.9801915
78220,0.0166663,8.44142507761717,0.8775062,0.4688139,-0.6330901,0.14135,0.1367844,-0.01848051,0.9802901
78222,0.0166668,8.45809187740088,0.8774848,0.4689196,-0.6331901,0.1410414,0.1367464,-0.01841139,0.9803411
78224,0.0166674,8.47475927695632,0.8774562,0.4690556,-0.6333468,0.1406814,0.1366891,-0.01835144,0.980402
78228,0.0166666,8.491425877437,0.8774174,0.4692429,-0.633562,0.1401321,0.1366325,-0.01829666,0.9804896
78232,0.0166677,8.50809357687831,0.8774093,0.4694546,-0.633836,0.1394656,0.1366977,-0.01830256,0.9805754
78234,0.0166658,8.52475937642157,0.8774259,0.4695695,-0.6339807,0.1391626,0.1367856,-0.0183384,0.9806055
78238,0.0166686,8.54142797552049,0.8774501,0.4696808,-0.6341569,0.1387898,0.1369504,-0.01844508,0.9806334
78242,0.0166661,8.55809407494962,0.8775324,0.4698501,-0.6344445,0.1382602,0.1373573,-0.01866477,0.9806471
78246,0.0166668,8.57476087473333,0.8776751,0.469966,-0.6347564,0.1377475,0.1380007,-0.01903945,0.9806218
78248,0.0166669,8.59142777509987,0.8777522,0.47004,-0.6348819,0.1375489,0.1383609,-0.01921246,0.9805955
78252,0.0166667,8.60809447430074,0.8779488,0.4701429,-0.6352375,0.1371554,0.1392082,-0.01963666,0.9805223
78254,0.0166665,8.62476097419858,0.8780714,0.4701719,-0.6354004,0.1369847,0.1396574,-0.01986638,0.9804776
78258,0.016667,8.64142797328532,0.8783448,0.4702271,-0.6356882,0.1367198,0.1406096,-0.02028259,0.98037
78262,0.0166671,8.65809507295489,0.8784745,0.4702587,-0.6358193,0.1366138,0.1410868,-0.02049119,0.9803119
78266,0.016668,8.67476307228208,0.8786792,0.4701955,-0.6361461,0.1364975,0.1419599,-0.02085213,0.9801944
78268,0.0166671,8.69143017195165,0.8787843,0.4701979,-0.6362855,0.1364839,0.1424073,-0.02103326,0.9801275
78272,0.0166686,8.70809877105057,0.8789378,0.4702296,-0.6365095,0.1364436,0.1431538,-0.02131584,0.9800183
78274,0.016665,8.72476377151906,0.8790007,0.4702354,-0.6365934,0.1364103,0.14345,-0.02140077,0.9799777
78278,0.0166688,8.74143257178366,0.8791024,0.4702934,-0.6367762,0.1363038,0.143692,-0.02149003,0.9799551
78280,0.0166659,8.75809847190976,0.8791616,0.4702739,-0.6367779,0.136256,0.1437424,-0.02151314,0.9799539
78286,0.0166672,8.77476567216218,0.8792166,0.4702347,-0.6368139,0.1361867,0.1436829,-0.02148458,0.9799729
78288,0.0166663,8.79143197275698,0.8792176,0.4702372,-0.6367891,0.1362093,0.1435557,-0.02144332,0.9799893
78292,0.0166662,8.80809817276895,0.8791946,0.470148,-0.6366526,0.1363662,0.1430848,-0.02127296,0.98004
78296,0.017945,8.82604317367077,0.8790732,0.4700796,-0.6364681,0.1366069,0.1423554,-0.02103668,0.9801179
78298,0.0170391,8.84308227337897,0.879001,0.4700485,-0.6363524,0.1367723,0.1419392,-0.02090186,0.980158
78304,0.0166681,8.85975037328899,0.8787819,0.4699551,-0.6360832,0.1371859,0.1410185,-0.02062055,0.9802391
78306,0.0189708,8.87872117385268,0.878679,0.4698875,-0.6359505,0.1374515,0.1405728,-0.02049883,0.9802684
78310,0.0166684,8.89538957364857,0.8784482,0.4697499,-0.6355749,0.1380286,0.1396628,-0.0202466,0.9803227
78312,0.0166657,8.91205527447164,0.878316,0.4696653,-0.6354032,0.1383195,0.1392101,-0.02011219,0.9803488
78316,0.0166693,8.92872457392514,0.8781098,0.4695413,-0.6350178,0.1388972,0.138416,-0.01985611,0.9803848
78318,0.0166661,8.94539067335427,0.8780549,0.4694756,-0.6348111,0.1391665,0.1380358,-0.01975291,0.9804023
78324,0.0166667,8.96205737255514,0.8779617,0.469267,-0.6343645,0.139619,0.1375392,-0.01960915,0.9804106
78326,0.0166665,8.97872387245297,0.8779553,0.4691923,-0.6341436,0.1398941,0.1374009,-0.01957664,0.9803914
78330,0.0188504,8.99757427163422,0.8780327,0.468991,-0.6336679,0.1404408,0.1373283,-0.01956578,0.9803237
78332,0.0166666,9.0142408721149,0.8781264,0.4688686,-0.6334642,0.1407318,0.1373872,-0.01957622,0.9802735
78336,0.0166673,9.03090817295015,0.8782966,0.4686683,-0.6330855,0.1412627,0.1375936,-0.01963954,0.9801669
78338,0.0166665,9.04757467284799,0.8784621,0.4685388,-0.6328848,0.1415754,0.1377564,-0.01970107,0.9800977
78344,0.0166668,9.06424147263169,0.8787128,0.468325,-0.6325414,0.142085,0.138146,-0.01989061,0.9799653
78346,0.0166675,9.08090897276998,0.8788587,0.4681701,-0.6323349,0.1424385,0.1384206,-0.02005029,0.979872
78350,0.0166667,9.09757567197084,0.8791254,0.4679122,-0.6319827,0.1430627,0.1388262,-0.02031989,0.9797181
78352,0.0166669,9.11424257233739,0.8792722,0.4677935,-0.6318516,0.1434209,0.139024,-0.02045412,0.9796349
78356,0.0166705,9.13091307319701,0.8794696,0.46757,-0.6315045,0.1441863,0.1394067,-0.0207471,0.979462
78358,0.0166633,9.14757637307048,0.8795601,0.4674458,-0.6312671,0.144596,0.139601,-0.02090674,0.9793705
78364,0.0166674,9.16424377262592,0.8797193,0.467256,-0.6309484,0.145275,0.1399475,-0.02115377,0.9792152
78366,0.0166677,9.18091147206724,0.879867,0.4671728,-0.630753,0.1456136,0.1401502,-0.02128821,0.979133
78370,0.0166658,9.1975772716105,0.8800787,0.4670233,-0.6304582,0.1459897,0.1403914,-0.02151622,0.9790375
78372,0.016667,9.21424427069724,0.8801861,0.4669471,-0.6303124,0.146153,0.1405046,-0.02164701,0.978994
78376,0.0166668,9.23091107048094,0.8804457,0.4667898,-0.6299884,0.1464783,0.1407934,-0.02194295,0.9788973
78378,0.016667,9.24757806956768,0.8805552,0.4667098,-0.629861,0.146614,0.1409475,-0.02207135,0.9788519
78384,0.0166669,9.26424496993423,0.8808494,0.4665954,-0.6295384,0.1468906,0.1411666,-0.0223267,0.9787731
78386,0.016667,9.28091196902096,0.8809723,0.4665394,-0.6293848,0.1470124,0.1412401,-0.02244445,0.9787415
78390,0.0166672,9.29757916927338,0.8812368,0.4664132,-0.6290899,0.1472171,0.1413608,-0.02266377,0.9786882
78392,0.0166682,9.31424736976624,0.8814252,0.4663846,-0.6290076,0.1473129,0.1414265,-0.0227796,0.9786617
78396,0.016666,9.33091337047517,0.8817925,0.4662226,-0.6287141,0.1475394,0.1415271,-0.02305952,0.9786064
78400,0.0166661,9.3475794699043,0.8822032,0.4660923,-0.6284792,0.1477341,0.1416076,-0.02338614,0.9785576
78404,0.0171576,9.36473706923425,0.8824098,0.4659789,-0.6283195,0.1478581,0.1416546,-0.0235988,0.978527
78408,0.0166705,9.38140757009387,0.8828382,0.4658171,-0.6280254,0.148036,0.1417881,-0.02413508,0.9784677
78410,0.017492,9.39889957010746,0.8830658,0.4657067,-0.6279013,0.1481474,0.141843,-0.02442663,0.9784356
78414,0.0166711,9.41557067073882,0.8834967,0.4655032,-0.6275631,0.1483743,0.1420041,-0.02496043,0.9783644
78416,0.0166631,9.43223377130926,0.8837075,0.465426,-0.6274144,0.148533,0.1421081,-0.02521368,0.9783188
78418,0.0166859,9.44891967065632,0.8839107,0.4653182,-0.6272737,0.1486855,0.1422542,-0.02543958,0.9782685
78424,0.0166651,9.46558476984501,0.8842884,0.4651421,-0.6269127,0.1490492,0.1425801,-0.02589303,0.9781538
78426,0.0166666,9.48225137032568,0.8844696,0.4651074,-0.6267534,0.1492325,0.1427606,-0.02607776,0.9780946
78430,0.016667,9.49891836941242,0.8848001,0.4649171,-0.6263961,0.1496415,0.1431078,-0.0264115,0.9779724
78432,0.0175249,9.51644326932728,0.8850157,0.4648281,-0.6261992,0.1498515,0.1432963,-0.02660435,0.9779074
78436,0.016667,9.53311026841402,0.8853484,0.464683,-0.6258848,0.1501138,0.1435706,-0.02692105,0.9778183
78440,0.0166665,9.54977676831186,0.8856546,0.4645164,-0.6255097,0.1503563,0.1437539,-0.02718544,0.9777468
78444,0.0168139,9.56659066863358,0.8857927,0.4644756,-0.6253619,0.1504786,0.1437873,-0.0273181,0.9777194
78446,0.0166679,9.58325856924057,0.8860006,0.4644085,-0.6251379,0.1505854,0.1437637,-0.02737661,0.9777048
78450,0.0166668,9.59992536902428,0.8862567,0.4643858,-0.6247709,0.1508138,0.1436074,-0.02741292,0.9776915
78452,0.0166675,9.61659286916256,0.8864247,0.4643466,-0.6245324,0.1509584,0.1433683,-0.02739113,0.9777049
78456,0.0166665,9.6332593690604,0.8866217,0.4643268,-0.6241621,0.1512115,0.1428749,-0.02734374,0.9777393
78458,0.0166669,9.64992626942694,0.8867133,0.4643193,-0.624001,0.1513594,0.1425119,-0.02731773,0.9777701
78462,0.0166778,9.6666040699929,0.8868068,0.4642144,-0.6236245,0.1516621,0.1418633,-0.02728045,0.9778186
78468,0.016668,9.68327206932008,0.8868237,0.4641587,-0.6233004,0.1521172,0.1410102,-0.02710041,0.9778763
78470,0.016665,9.69993706978858,0.8868095,0.464042,-0.6230741,0.1524301,0.1405271,-0.02697099,0.9779007
78474,0.0166687,9.71660576947033,0.8866742,0.463883,-0.6227814,0.1531086,0.1395197,-0.02675216,0.977945
78476,0.0166653,9.7332710698247,0.8865623,0.4637561,-0.6225933,0.1535111,0.1390395,-0.02660329,0.9779543
78480,0.0166679,9.74993897043169,0.8863038,0.4634916,-0.6222844,0.1543771,0.1379973,-0.02627358,0.9779745
78484,0.0166653,9.76660427078605,0.8861669,0.4633876,-0.6221139,0.1547986,0.1374477,-0.02610929,0.9779897
78488,0.0166684,9.78327267058194,0.8858324,0.463153,-0.6218209,0.1555551,0.136367,-0.02570987,0.9780315
78490,0.0166654,9.79993806965649,0.885648,0.4630187,-0.6216319,0.1559647,0.1357176,-0.0254732,0.9780629
78492,0.0166683,9.81660636886954,0.8854274,0.462914,-0.6214229,0.1564289,0.1349148,-0.02517032,0.9781076
78496,0.0166659,9.83327226899564,0.8851084,0.4626916,-0.621068,0.157019,0.1337518,-0.02479013,0.9781825
78500,0.0166677,9.84993996843696,0.8847595,0.4624611,-0.6207398,0.1577605,0.1324195,-0.02438402,0.9782547
78502,0.0166668,9.86660676822066,0.8845794,0.4623391,-0.6205657,0.1582048,0.1317093,-0.02420265,0.9782833
78508,0.0166668,9.88327356800437,0.8842884,0.4620447,-0.6201921,0.1590306,0.1303938,-0.02395399,0.9783317
78510,0.0166673,9.89994086883962,0.8841259,0.4619536,-0.6200327,0.1594132,0.1297708,-0.02383582,0.9783552
78514,0.0166672,9.91660806909204,0.8837938,0.4617252,-0.6197073,0.1601473,0.1284235,-0.02352676,0.9784206
78516,0.0166668,9.93327486887574,0.8836624,0.4616382,-0.6195703,0.1604638,0.1277842,-0.0233378,0.978457
78520,0.0166668,9.94994166865945,0.8832662,0.4614368,-0.6193248,0.1611176,0.1263174,-0.0228709,0.978551
78522,0.0166662,9.96660786867142,0.8830265,0.4613815,-0.6191999,0.16137,0.1256474,-0.02268283,0.9786
78528,0.0166672,9.98327506892383,0.8826392,0.4612521,-0.6189719,0.1617814,0.1242074,-0.02227513,0.9787253
78530,0.0166663,9.99994136951864,0.8823776,0.4611978,-0.6188427,0.1619462,0.1234799,-0.02202937,0.9787956
78534,0.0166674,10.0166087690741,0.8818532,0.4611516,-0.618705,0.1622608,0.121941,-0.02141568,0.9789501
78536,0.0166664,10.0332751683891,0.8815634,0.4611046,-0.6186126,0.1624301,0.1211579,-0.02109238,0.9790263
78540,0.0166663,10.0499414689839,0.8810158,0.4610771,-0.6185297,0.1626587,0.1196082,-0.02040661,0.9791934
78542,0.0166677,10.0666091684252,0.8807425,0.4610515,-0.6184769,0.1627936,0.1187845,-0.02002968,0.979279
78548,0.0166693,10.0832784678787,0.8801044,0.4610163,-0.6184105,0.1629742,0.1171775,-0.01928427,0.9794575
78550,0.0166646,10.0999430678785,0.8798388,0.4609811,-0.618381,0.1630624,0.1162448,-0.01889634,0.9795615
78554,0.0166674,10.1166104674339,0.8792723,0.4609413,-0.6183503,0.1631227,0.114617,-0.01826157,0.9797553
78556,0.0166666,10.1332770679146,0.8790044,0.4609123,-0.6182889,0.1631789,0.1139173,-0.01803332,0.9798318
78560,0.0166688,10.1499458681792,0.8785102,0.4608263,-0.6182392,0.1632874,0.1124996,-0.01760396,0.9799853
78562,0.0166651,10.1666109673679,0.8783261,0.4608011,-0.6182065,0.1633812,0.1119354,-0.01743411,0.9800373
78568,0.0166669,10.1832778677344,0.8780107,0.460756,-0.61822,0.1635781,0.1110613,-0.01713085,0.9801093
78570,0.016667,10.1999448668212,0.8778587,0.4607403,-0.6181913,0.1637064,0.1107684,-0.01698036,0.9801236
78574,0.0166671,10.2166119664907,0.8776704,0.4607134,-0.6182314,0.1638879,0.1103499,-0.01678309,0.9801438
78576,0.0166652,10.2332771662623,0.8775976,0.4606914,-0.6182571,0.1639915,0.1102419,-0.01671069,0.98014
78578,0.0166677,10.2499448657036,0.8775786,0.4606946,-0.6182808,0.1640528,0.1102335,-0.01665977,0.9801315
78584,0.0166678,10.2666126657277,0.8775731,0.4607436,-0.6183807,0.1641817,0.1104451,-0.01656863,0.9800876
78586,0.0166664,10.2832790650427,0.8775805,0.4607455,-0.6184492,0.1642363,0.1106318,-0.0165088,0.9800584
78590,0.0166669,10.2999459654093,0.8775662,0.4608162,-0.6185321,0.1642705,0.1109958,-0.01641514,0.9800131
78594,0.016666,10.3166119661182,0.8776045,0.4608933,-0.6185965,0.1642484,0.1113937,-0.01638525,0.9799722
78596,0.0166674,10.3332793656737,0.8776295,0.460922,-0.61861,0.1641916,0.111604,-0.01637985,0.9799579
78600,0.0166714,10.3499507661909,0.8776821,0.4609576,-0.6186043,0.1640624,0.1119951,-0.01637147,0.979935
78602,0.016663,10.3666137661785,0.8777019,0.4609667,-0.6186514,0.1639599,0.1122252,-0.01637351,0.9799258
78608,0.0166669,10.383280666545,0.8778102,0.4610351,-0.6187841,0.1638244,0.1126532,-0.01639031,0.979899
78610,0.0166662,10.399946866557,0.8778831,0.4610009,-0.6188055,0.1637832,0.1128943,-0.01641329,0.9798778
78614,0.0166676,10.4166144672781,0.8780311,0.4610019,-0.6189149,0.1637889,0.1133872,-0.01652759,0.979818
78616,0.0166665,10.433280967176,0.8781461,0.4609655,-0.6189712,0.1638403,0.1136273,-0.01663053,0.9797799
78620,0.0166673,10.4499482680112,0.8783218,0.4609505,-0.6190625,0.1639611,0.114148,-0.01680106,0.9796963
78622,0.0193844,10.4693326689303,0.8784051,0.46093,-0.6191158,0.1640061,0.1144003,-0.01688919,0.9796578
78628,0.0166688,10.4860014691949,0.8786597,0.4608763,-0.6192448,0.1640888,0.1149345,-0.01713818,0.9795771
78630,0.0166665,10.5026679690927,0.8787954,0.4608757,-0.6192963,0.1641415,0.1151956,-0.01727339,0.9795352
78634,0.0166673,10.519335269928,0.8790336,0.4608372,-0.6194754,0.1642435,0.1157536,-0.01754398,0.9794475
78636,0.0166665,10.5360017698258,0.8791422,0.4607978,-0.6194999,0.1643357,0.1160049,-0.01765634,0.9794003
78640,0.0166667,10.5526684690267,0.8793942,0.4607851,-0.6196204,0.164475,0.1164965,-0.01791444,0.9793139
78642,0.0166668,10.5693352688104,0.8795902,0.4607541,-0.6197227,0.1645112,0.1167363,-0.01807523,0.9792763
78648,0.0166672,10.5860024690628,0.8798584,0.4607572,-0.6198702,0.1646087,0.1172427,-0.01846403,0.9791921
78650,0.0166666,10.6026690695435,0.8799971,0.4607451,-0.6199134,0.1646602,0.1174687,-0.01865368,0.9791528
78654,0.0166683,10.6193373687565,0.8802338,0.4607078,-0.6199887,0.1647817,0.1179198,-0.01900829,0.9790713
78656,0.0166657,10.6360030695796,0.8803537,0.4606875,-0.6200191,0.1648945,0.118119,-0.01921277,0.9790243
78662,0.0166671,10.6526701692492,0.8805583,0.4605648,-0.6201075,0.1653115,0.1184796,-0.01955795,0.9789036
78664,0.0166668,10.6693369690329,0.8806335,0.46052,-0.6200948,0.1656449,0.1186209,-0.01970236,0.9788272
78668,0.0166672,10.6860041692853,0.8808083,0.4602652,-0.6201272,0.1665786,0.1189697,-0.01995557,0.9786213
78670,0.0166666,10.702670769766,0.8808755,0.4601066,-0.6201394,0.1672979,0.1191456,-0.02008506,0.9784745
78674,0.0166689,10.7193396706134,0.880999,0.4597829,-0.6201686,0.1689951,0.1194596,-0.02031263,0.9781398
78676,0.0166654,10.736005069688,0.8810334,0.4595693,-0.6201842,0.1700478,0.1196096,-0.020426,0.9779367
78680,0.0166844,10.7526894696057,0.8810399,0.4590933,-0.6201711,0.172175,0.1198078,-0.02056427,0.9775373
78684,0.0166506,10.7693400699645,0.8810246,0.4588535,-0.6201552,0.1732676,0.1198696,-0.02056766,0.9773365
78688,0.0166664,10.7860064692795,0.8809946,0.4583045,-0.6200358,0.1755221,0.1198792,-0.02044749,0.9769354
78690,0.0166668,10.8026732690632,0.8809409,0.4579814,-0.6199906,0.1770835,0.1198564,-0.02026867,0.9766602
78694,0.0166671,10.8193403687328,0.880809,0.4572429,-0.6198677,0.1801663,0.1197118,-0.01992799,0.9761209
78696,0.0166676,10.8360079694539,0.8807221,0.4568604,-0.6197972,0.1818976,0.1195822,-0.01969918,0.9758204
78700,0.0166671,10.8526750691235,0.8805324,0.4560753,-0.6196281,0.1847523,0.1190386,-0.01913397,0.9753616
78704,0.0166661,10.8693411685526,0.8804604,0.4557052,-0.6194459,0.1858225,0.1186622,-0.01886619,0.9752094
78708,0.0166673,10.8860084693879,0.8803412,0.4551329,-0.6191132,0.1873676,0.1178262,-0.01857679,0.9750206
78710,0.0166663,10.9026747699827,0.8802491,0.4548417,-0.6189578,0.1881565,0.1173637,-0.01853982,0.9749252
78714,0.0166675,10.919342270121,0.8801315,0.4543619,-0.6187528,0.1897266,0.1165666,-0.01876932,0.9747121
78716,0.0166672,10.9360094703734,0.8800711,0.454125,-0.6186665,0.1904935,0.1162367,-0.01895881,0.9745983
78722,0.0166664,10.9526758696884,0.8799746,0.4537558,-0.6185465,0.1917475,0.1157481,-0.01942867,0.9744012
78724,0.0166665,10.9693423695862,0.8799239,0.4536504,-0.6185083,0.1922075,0.1156316,-0.01963109,0.9743204
78728,0.0166674,10.9860097691417,0.8798763,0.4535688,-0.6184605,0.1928057,0.1156182,-0.01989396,0.9741985
78730,0.0166668,11.0026765689254,0.8798603,0.453586,-0.6184696,0.1929931,0.115688,-0.01993566,0.9741522
78734,0.0166675,11.0193440690637,0.8798382,0.4536862,-0.6184918,0.193196,0.1160072,-0.01980599,0.9740767
78736,0.0166657,11.0360097698867,0.8798035,0.4537641,-0.6185579,0.1931788,0.1161643,-0.01968231,0.9740639
78740,0.0166678,11.0526775699109,0.8797657,0.4538874,-0.6186097,0.1930129,0.1164,-0.01947991,0.9740727
78744,0.016667,11.0693445689976,0.8797161,0.4541332,-0.6186842,0.1925482,0.1167284,-0.01910044,0.9741329
78746,0.0166665,11.0860110688955,0.879679,0.4542768,-0.6187212,0.1921091,0.1168746,-0.01880679,0.9742078
78750,0.0166671,11.102678168565,0.8795667,0.454503,-0.6187741,0.1913799,0.1169112,-0.0182809,0.9743569
78754,0.0166669,11.1193450689316,0.8794106,0.4547083,-0.6188715,0.1906228,0.1165935,-0.01772978,0.9745535
78756,0.0166667,11.1360117681324,0.8793217,0.454805,-0.6188951,0.1903153,0.1163167,-0.01753995,0.9746501
78760,0.016667,11.1526787672192,0.8791513,0.4549525,-0.6189252,0.1898015,0.1156269,-0.01731662,0.9748364
78764,0.0166668,11.1693455670029,0.8790472,0.4549784,-0.6188723,0.1895808,0.1152245,-0.01726311,0.974928
78768,0.0166675,11.1860130671412,0.8788904,0.4551037,-0.6189051,0.1892884,0.1143092,-0.01721688,0.9750933
78770,0.0166663,11.202679367736,0.8788301,0.4551041,-0.6189056,0.1892197,0.1138225,-0.01725829,0.9751628
78774,0.0166672,11.2193465679884,0.8786699,0.4550722,-0.6189454,0.1892252,0.1129892,-0.01734569,0.9752571
78776,0.0166664,11.2360129673034,0.8786078,0.4550602,-0.6189999,0.1892676,0.1126363,-0.01740184,0.9752887
78780,0.0166679,11.2526808679104,0.878502,0.4549991,-0.6190646,0.189407,0.1120921,-0.01758355,0.9753211
78784,0.0166658,11.2693466674536,0.8784658,0.4549747,-0.6191325,0.1894406,0.1119158,-0.01772333,0.9753323
78788,0.0166678,11.2860144674778,0.87846,0.4549634,-0.6192365,0.1894407,0.1118024,-0.01800021,0.9753402
78790,0.0166673,11.3026817683131,0.8784782,0.4549623,-0.6192988,0.1893778,0.1118637,-0.01811795,0.9753432
78794,0.0166677,11.3193494677544,0.8785251,0.4550086,-0.6194118,0.1892571,0.1122108,-0.01829692,0.9753234
78796,0.0166661,11.3360155671835,0.8785717,0.4550563,-0.6195192,0.1891436,0.1124868,-0.01836953,0.9753123
78800,0.0166674,11.3526829667389,0.8786896,0.4551626,-0.6196535,0.1888131,0.1131105,-0.01844529,0.9753028
78804,0.0166666,11.3693495672196,0.8787236,0.4551776,-0.6197516,0.1885197,0.1134973,-0.01843225,0.9753148
78808,0.0166672,11.386016767472,0.8788608,0.4553709,-0.6198856,0.1878802,0.1142207,-0.01834322,0.9753554
78810,0.0166664,11.402683166787,0.8789111,0.4554495,-0.6199279,0.1875765,0.1145449,-0.01831177,0.9753765
78814,0.0166674,11.4193505663425,0.8790464,0.4556851,-0.620003,0.1870066,0.1151859,-0.01829607,0.9754107
78816,0.0166742,11.4360247664154,0.8791115,0.4557677,-0.6200737,0.1867323,0.1154743,-0.01827107,0.9754297
78822,0.0166676,11.4526923671365,0.8791872,0.4558639,-0.6200756,0.1862484,0.1158847,-0.01818506,0.9754751
78824,0.0166668,11.4693591669202,0.879248,0.4559736,-0.6201581,0.1860692,0.1160172,-0.0181312,0.9754945
78828,0.016667,11.4860261660069,0.879314,0.4560131,-0.620149,0.1857162,0.1162339,-0.01806069,0.9755373
78830,0.016667,11.5026931650937,0.8793373,0.4560474,-0.6201937,0.1855838,0.116315,-0.01805955,0.9755529
78834,0.0166674,11.5193605646491,0.8794161,0.4561679,-0.6202871,0.1853119,0.116407,-0.01816304,0.9755917
78836,0.0166655,11.5360260643065,0.8794422,0.4561357,-0.6202528,0.1851653,0.1164683,-0.01821904,0.9756111
78842,0.0166681,11.5526941642165,0.8794584,0.4562884,-0.6203198,0.1848464,0.116533,-0.01833927,0.9756616
78844,0.0166663,11.5693604648113,0.8795226,0.4562897,-0.6203272,0.18473,0.116549,-0.0183965,0.9756806
78848,0.0166675,11.5860279649496,0.8795421,0.4563833,-0.6203699,0.184489,0.116598,-0.01848184,0.9757188
78850,0.0166662,11.6026941649616,0.8795782,0.4564371,-0.6203629,0.1843942,0.1166134,-0.01851876,0.9757342
78854,0.0166682,11.6193623654544,0.8796214,0.4564923,-0.6204555,0.184258,0.1166592,-0.01858945,0.9757531
78856,0.0166654,11.636027764529,0.8796206,0.4565259,-0.6204497,0.1841775,0.1166948,-0.01862578,0.9757633
78862,0.016669,11.6526967640966,0.87971,0.4566472,-0.6205027,0.1839982,0.1167751,-0.01867472,0.9757866
78864,0.0166654,11.6693621631712,0.8796636,0.4566483,-0.6205014,0.1838565,0.1168076,-0.01868139,0.9758093
78868,0.0166673,11.6860294640064,0.8796435,0.4567574,-0.620551,0.1834498,0.1167972,-0.01864642,0.9758878
78870,0.016667,11.7026964630932,0.879672,0.4568632,-0.6205118,0.1831571,0.1168003,-0.01863466,0.9759426
78874,0.0166677,11.7193641625345,0.8796299,0.457045,-0.6205443,0.182463,0.1167378,-0.01862745,0.9760802
78876,0.0166648,11.7360289618373,0.8796471,0.4572277,-0.6206215,0.1821219,0.1166974,-0.01866372,0.9761481
78882,0.0166685,11.752697462216,0.8796315,0.4573392,-0.6205904,0.1815236,0.1165727,-0.01863263,0.976275
78884,0.0166662,11.769363662228,0.8795993,0.4575171,-0.6206546,0.1812275,0.1165046,-0.01857705,0.9763392
78888,0.0166691,11.7860327623785,0.8795899,0.4576482,-0.6207623,0.1806312,0.1163423,-0.01849283,0.9764706
78890,0.0166649,11.8026976622641,0.8795046,0.4578123,-0.62087,0.1802936,0.1162563,-0.01842677,0.9765445
78894,0.0166672,11.8193648625165,0.8794339,0.4579898,-0.6210154,0.179388,0.11606,-0.01839482,0.9767352
78896,0.0166673,11.8360321633518,0.8793887,0.4581545,-0.6210992,0.1788305,0.1159764,-0.01837857,0.9768477
78900,0.0166667,11.8526988625526,0.879274,0.458583,-0.6213021,0.1776564,0.1158724,-0.01821753,0.9770772
78904,0.0166667,11.8693655617535,0.8792505,0.4587901,-0.6214321,0.1769357,0.1158008,-0.01808627,0.977219
78908,0.0166675,11.8860330618918,0.8791236,0.4592147,-0.621762,0.1755296,0.1156275,-0.01765213,0.977501
78910,0.0166674,11.9027004614472,0.8790349,0.4594544,-0.6219733,0.1747429,0.1154506,-0.01733993,0.9776684
78914,0.016667,11.919367460534,0.8788214,0.4599801,-0.6223434,0.1729389,0.1149387,-0.01688687,0.9780573
78916,0.016666,11.9360334612429,0.8786756,0.4603176,-0.6225859,0.1719855,0.1146917,-0.01676632,0.9782565
78922,0.0166671,11.9527005609125,0.8784109,0.460952,-0.6230488,0.170028,0.1143051,-0.01660304,0.9786466
78924,0.0166667,11.9693672601134,0.878253,0.4612762,-0.6233019,0.1691236,0.114198,-0.01655063,0.9788167
78928,0.0166676,11.9860348608345,0.8778539,0.4619823,-0.6239703,0.1672148,0.1139991,-0.01634064,0.9791713
78930,0.0166659,12.0027007609606,0.8776364,0.4623252,-0.6243412,0.1663218,0.1138524,-0.01616943,0.9793433
78932,0.0166674,12.019368160516,0.877346,0.4626954,-0.6246545,0.1652023,0.1136439,-0.01586073,0.979562
78938,0.016667,12.0360351596028,0.8765757,0.4636733,-0.6256874,0.1623655,0.1126844,-0.01487895,0.9801624
78942,0.0203956,12.0564307589084,0.8762731,0.4640585,-0.626075,0.161354,0.1122868,-0.01459833,0.9803792
78944,0.0166708,12.0731015596539,0.875918,0.4644878,-0.6265041,0.1600851,0.1118163,-0.01427828,0.9806457
78948,0.0166652,12.0897667594254,0.8753016,0.4651266,-0.627226,0.1579625,0.1109328,-0.01374776,0.9810978
78950,0.01667,12.1064367592335,0.8749437,0.4655519,-0.6276545,0.1566697,0.1102857,-0.01344238,0.9813822
78954,0.0166648,12.1231015585363,0.8742076,0.4662906,-0.628474,0.1544751,0.1090583,-0.01283248,0.9818753
78956,0.0166667,12.1397682577372,0.8738384,0.4666971,-0.6289617,0.1534177,0.1084574,-0.01259416,0.9821107
78962,0.0166673,12.1564355585724,0.8731509,0.4674352,-0.6298345,0.1511304,0.1070521,-0.01211916,0.9826254
78964,0.0166672,12.1731027588248,0.8728041,0.4678371,-0.6303004,0.1499452,0.1063605,-0.01197722,0.9828838
78968,0.0166664,12.1897691581398,0.8720562,0.4686517,-0.6312458,0.1477625,0.1052502,-0.01186011,0.9833351
78970,0.0166668,12.2064359579235,0.8716777,0.4690375,-0.6317465,0.1467315,0.1047201,-0.01184452,0.9835463
78974,0.0166736,12.2231095582247,0.8708883,0.4697212,-0.6327921,0.1445547,0.1038185,-0.01180164,0.9839646
78976,0.0166604,12.2397699579597,0.8705025,0.4701353,-0.6333508,0.1435183,0.1034752,-0.01172286,0.9841534
78982,0.0166698,12.2564397584647,0.8697106,0.4708138,-0.6344408,0.1417545,0.1030005,-0.01141759,0.9844624
78984,0.0166642,12.2731039579958,0.86931,0.4711691,-0.6350039,0.1408611,0.1028153,-0.01118749,0.9846126
78988,0.0166681,12.2897720579058,0.8685126,0.4717713,-0.6361352,0.1390649,0.1026355,-0.01062108,0.984893
78990,0.0166679,12.3064399585128,0.8680194,0.4721566,-0.6368321,0.1381085,0.1025878,-0.01029376,0.985036
78994,0.0166656,12.323105558753,0.8673034,0.4727981,-0.637938,0.1362957,0.1025591,-0.009649432,0.985298
78996,0.0166693,12.3397748582065,0.8669297,0.4731149,-0.6385127,0.1354018,0.1024969,-0.009286797,0.9854311
79002,0.016665,12.356439858675,0.8661644,0.4737535,-0.6397572,0.1335299,0.1023927,-0.008597997,0.9857036
79004,0.0166682,12.3731080591679,0.8658034,0.4740996,-0.6403512,0.1323861,0.102328,-0.008240553,0.9858677
79008,0.0166705,12.3897785600275,0.8651447,0.4747387,-0.6414279,0.1302585,0.1021814,-0.007719092,0.9861705
79010,0.0166632,12.4064417593181,0.8647661,0.4751165,-0.6420394,0.1291331,0.1020485,-0.007504944,0.9863338
79014,0.0166666,12.4231083597988,0.8641465,0.4757268,-0.6431101,0.1271133,0.1017305,-0.007197807,0.9866313
79016,0.0166733,12.4397816602141,0.8638042,0.4760871,-0.643739,0.1260278,0.1015129,-0.007060316,0.986794
79020,0.0166716,12.4564532600343,0.8632361,0.4767366,-0.6448466,0.1240366,0.1010986,-0.006912072,0.9870898
79024,0.0166622,12.4731154609472,0.8629069,0.4771417,-0.6454186,0.1229552,0.100902,-0.006837894,0.9872457
79028,0.0166672,12.4897826611996,0.862435,0.4777675,-0.6463693,0.120986,0.1005299,-0.006644122,0.9875283
79032,0.0166624,12.5064450614154,0.8619525,0.4783641,-0.6474015,0.1190871,0.1001731,-0.006416481,0.9877968
79034,0.0166781,12.5231231618673,0.8617256,0.4786333,-0.6479257,0.1182401,0.09997824,-0.006345785,0.9879187
79038,0.0166663,12.5397894624621,0.8612978,0.479121,-0.648922,0.1166535,0.09959245,-0.006075016,0.988148
79040,0.0167402,12.5565296616405,0.8610785,0.4793908,-0.6494631,0.1159083,0.09939392,-0.005887183,0.9882568
79044,0.0166679,12.5731975622475,0.8608748,0.4796741,-0.6500068,0.1150781,0.09917327,-0.005617536,0.9883776
79048,0.0166673,12.5898648630828,0.8605859,0.4801168,-0.6509057,0.1138931,0.09876978,-0.00526885,0.9885571
79052,0.0166671,12.6065319627523,0.8602791,0.4805899,-0.651822,0.1124905,0.09835139,-0.005010945,0.9887608
79054,0.0166708,12.6232027634978,0.860153,0.480838,-0.6522123,0.111901,0.09817819,-0.004940427,0.9888452
79058,0.0166645,12.6398672629148,0.859959,0.4812362,-0.6530221,0.1107342,0.09781355,-0.004706448,0.9890139
79060,0.0166651,12.6565323621035,0.8598621,0.4814194,-0.6534321,0.1102634,0.09761512,-0.004576322,0.9890866
79066,0.0166686,12.6732009612024,0.8597207,0.4817272,-0.6540987,0.1095133,0.09723908,-0.004357161,0.989208
79068,0.0166666,12.6898675616831,0.8596767,0.4818963,-0.6544468,0.1091887,0.0970597,-0.004220623,0.9892621
79070,0.016671,12.7065385617316,0.8596113,0.4820477,-0.6547789,0.1089416,0.09690963,-0.004131312,0.9893044
79074,0.0166618,12.7232003621757,0.8594972,0.4822653,-0.6553871,0.1086653,0.09675165,-0.004241895,0.9893498
79076,0.0166676,12.7398679628968,0.85943,0.4823484,-0.655757,0.1086364,0.09675998,-0.004347835,0.9893517
79080,0.0166667,12.7565346620977,0.8593149,0.4824347,-0.6562708,0.1087334,0.09684284,-0.004447589,0.9893325
79084,0.0166671,12.7732017617673,0.8592539,0.4824935,-0.6565918,0.1087927,0.09694803,-0.00443702,0.9893157
79088,0.0166682,12.7898699622601,0.859135,0.4825537,-0.6570825,0.1089493,0.09715652,-0.004352755,0.9892784
79090,0.0166655,12.8065354619175,0.8590454,0.4825783,-0.6573763,0.1090716,0.0973044,-0.00424993,0.9892508
79094,0.0166666,12.8232020623982,0.8588676,0.4826103,-0.657952,0.1093563,0.09764357,-0.003896103,0.9891875
79096,0.0166703,12.8398723620921,0.858753,0.4826357,-0.65825,0.1095353,0.09785768,-0.003627066,0.9891475
79102,0.0166639,12.8565362617373,0.85853,0.4826129,-0.6587754,0.1096778,0.09814104,-0.003256252,0.9891049
79104,0.0166733,12.8732095621526,0.8583861,0.4826233,-0.6590712,0.1096808,0.098298,-0.003139237,0.9890894
79108,0.0166612,12.889870762825,0.8580825,0.4827143,-0.6595623,0.1096433,0.09864995,-0.002905429,0.9890592
79110,0.0166706,12.9065413624048,0.8578987,0.4827276,-0.6598576,0.1095495,0.09881032,-0.002654499,0.9890543
79114,0.0166646,12.9232059624046,0.8575765,0.4827969,-0.6603184,0.109199,0.09884883,-0.002286442,0.9890901
79116,0.0166668,12.9398727621883,0.8574039,0.4828637,-0.6605457,0.108895,0.09877469,-0.002141313,0.9891314
79122,0.0166681,12.9565408620983,0.8570138,0.4829746,-0.6608462,0.1081393,0.09841805,-0.001843513,0.9892504
79124,0.0166662,12.9732070621103,0.8567756,0.4830586,-0.6609688,0.1077985,0.09817389,-0.00169243,0.9893122
79128,0.0166669,12.9898739624769,0.8564817,0.4830861,-0.6610736,0.1074681,0.09757185,-0.001354966,0.9894082
79130,0.0166668,13.0065407622606,0.8562963,0.4830963,-0.6611258,0.1074425,0.09714905,-0.001173018,0.9894528
79134,0.0166667,13.0232074614614,0.8559807,0.4830152,-0.6611496,0.1076341,0.09630786,-0.0009075462,0.9895145
79136,0.016668,13.0398754607886,0.8558228,0.4829345,-0.6611103,0.1077936,0.09585249,-0.0008067038,0.9895414
79140,0.0166677,13.0565431602299,0.8555989,0.482863,-0.6609375,0.1082019,0.09496707,-0.0005861173,0.9895824
79144,0.0166691,13.0732122603804,0.8554779,0.4827933,-0.66083,0.1085033,0.09446412,-0.0004381156,0.9895976
79148,0.0166713,13.0898835603148,0.8553019,0.482603,-0.6605569,0.1091096,0.09383067,-0.0002227016,0.9895912
79150,0.0166614,13.1065449602902,0.8552058,0.4824785,-0.660407,0.1095026,0.09350816,-0.0001174324,0.9895784
79154,0.0166673,13.1232122611254,0.8551041,0.482287,-0.6600992,0.1101883,0.09322371,-4.55897E-05,0.9895291
79156,0.0166665,13.1398787610233,0.8550265,0.4821758,-0.6599407,0.1106167,0.09314962,3.464994E-05,0.9894883
79162,0.0166678,13.1565465610474,0.8549561,0.4819662,-0.6595683,0.1112926,0.09308852,0.0002056699,0.9894183
79164,0.0166667,13.1732132602483,0.8549466,0.4818645,-0.6593525,0.1116744,0.09309506,0.0003351958,0.9893746
79168,0.0166676,13.1898808609694,0.8549746,0.4816948,-0.6589608,0.1124702,0.09315536,0.0005975604,0.9892786
79170,0.016667,13.2065478600562,0.8550028,0.4815823,-0.6587377,0.1129033,0.09319283,0.0007111939,0.9892257
79174,0.0166727,13.2232205606997,0.8550516,0.4813664,-0.6583398,0.1137992,0.09328951,0.0008124681,0.9891139
79176,0.0166616,13.2398821599782,0.855099,0.4812341,-0.6581567,0.1143509,0.09341381,0.0008770529,0.9890384
79182,0.0166677,13.2565498594195,0.8552097,0.4809969,-0.6579492,0.1153194,0.09367701,0.0009354423,0.988901
79184,0.0166747,13.2732245586813,0.8553382,0.4808465,-0.6578169,0.1159587,0.09390111,0.0009269274,0.988805
79188,0.0166618,13.2898863591254,0.8554823,0.480664,-0.6575953,0.1168211,0.09436593,0.0007683444,0.9886594
79190,0.016667,13.3065533582121,0.8555582,0.480558,-0.6574947,0.1170892,0.09459666,0.00063664,0.9886057
79194,0.0166657,13.3232190590352,0.8557005,0.4804602,-0.6572889,0.1172744,0.0949543,0.0005406163,0.9885495
79196,0.0166665,13.339885558933,0.8557698,0.4804239,-0.65715,0.1173344,0.09509441,0.0005771742,0.9885289
79202,0.0166688,13.3565543591976,0.8558568,0.4803545,-0.6568951,0.1173968,0.09520488,0.0006337832,0.9885108
79204,0.0166654,13.3732197582722,0.8559292,0.4803424,-0.656769,0.1173635,0.09517823,0.0005980107,0.9885174
79208,0.0166685,13.3898882586509,0.8560025,0.480308,-0.6565266,0.1171879,0.09502585,0.0004198721,0.9885529
79210,0.0166657,13.406553959474,0.8560021,0.4803334,-0.6563768,0.1168983,0.09483566,0.0002685328,0.9886056
79214,0.0166695,13.4232234600931,0.8559958,0.4805146,-0.6560099,0.1158396,0.09424546,6.392333E-05,0.9887866
79216,0.0166647,13.4398881606758,0.8559963,0.4806627,-0.6557781,0.1150649,0.0938807,6.234532E-05,0.9889118
79222,0.0166718,13.4565599597991,0.855952,0.480996,-0.6553423,0.1136344,0.09307001,0.0001285454,0.9891538
79224,0.0166675,13.4732274599373,0.8558976,0.4811872,-0.6551085,0.1129362,0.09258466,0.000121613,0.9892793
79228,0.0166625,13.489889960736,0.8558546,0.4814592,-0.6547145,0.1118919,0.09169532,2.778492E-05,0.9894808
79230,0.0166671,13.5065570604056,0.8558223,0.4816223,-0.6544797,0.111241,0.09112519,-5.270981E-05,0.9896069
79234,0.0166677,13.5232247598469,0.8558447,0.481887,-0.6540438,0.1102497,0.09040453,-0.0001481738,0.9897838
79236,0.0166658,13.5398905593902,0.855884,0.4820434,-0.65377,0.1095537,0.09014046,-0.0001242312,0.9898852
79240,0.0166684,13.5565589591861,0.8560201,0.4822478,-0.6533252,0.1088236,0.08995029,-0.000112969,0.989983
79244,0.0166686,13.573227558285,0.8561333,0.4822747,-0.6531211,0.1087005,0.08998032,-0.0001746951,0.9899938
79248,0.0166651,13.5898926574737,0.8562878,0.482237,-0.6529511,0.1091542,0.09016645,-0.0003267913,0.9899269
79250,0.0166666,13.6065592579544,0.8563563,0.4821748,-0.6529032,0.1097255,0.09043068,-0.0004015605,0.9898396
79254,0.0166771,13.6232363581657,0.8564534,0.4820883,-0.6528795,0.1106853,0.09099463,-0.0003602242,0.9896811
79256,0.0166582,13.6398945581168,0.8565275,0.482061,-0.6529179,0.111172,0.09137722,-0.000185333,0.9895913
79260,0.0166707,13.6565652582794,0.8566319,0.4820042,-0.6530414,0.1117482,0.09196921,0.0001384463,0.9894716
79264,0.0166768,13.673242058605,0.8566847,0.4819871,-0.6531118,0.1119049,0.09230734,0.0003418632,0.9894223
79268,0.0166562,13.6898982580751,0.8567341,0.4820336,-0.6532724,0.1117771,0.09281224,0.0007003006,0.9893893
79272,0.0166661,13.7065643575042,0.8567123,0.4821164,-0.6535245,0.1116042,0.09317368,0.0009989867,0.9893746
79274,0.0166714,13.7232357580215,0.8566523,0.4821211,-0.6537439,0.1114709,0.09328459,0.001183306,0.989379
79278,0.0166636,13.7398993577808,0.8565173,0.482157,-0.654163,0.11124,0.09319496,0.001490132,0.9894131
79280,0.0166704,13.7565697580576,0.8564371,0.4822094,-0.6543884,0.1111038,0.0930893,0.001633864,0.9894381
79284,0.016667,13.7732367571443,0.8563453,0.4822437,-0.6547006,0.1109828,0.092926,0.001694659,0.9894669
79288,0.0166664,13.7899031564593,0.8561551,0.4823258,-0.6552076,0.1108669,0.09263624,0.001620779,0.9895072
79290,0.0166645,13.8065676558763,0.856032,0.4823571,-0.6555098,0.1108313,0.09247557,0.001532357,0.9895263
79294,0.0166712,13.8232388552278,0.8557882,0.4823559,-0.6560492,0.1112071,0.09220814,0.001298303,0.9895095
79298,0.0166626,13.8399014547467,0.8554955,0.4823688,-0.6565672,0.111582,0.09191777,0.001255916,0.9894943
79300,0.0166683,13.8565697539598,0.8553443,0.4824289,-0.6568175,0.1116811,0.09189413,0.001363495,0.9894852
79306,0.0166716,13.87324135378,0.8550066,0.4824941,-0.6572167,0.1116932,0.09193018,0.001750033,0.9894799
79308,0.0166613,13.8899026531726,0.8548055,0.4825444,-0.6574056,0.111677,0.09198064,0.001998577,0.9894766
79310,0.0166677,13.9065703526139,0.8545871,0.4825869,-0.657656,0.111697,0.09204426,0.002392668,0.9894675
79314,0.0166673,13.9232376534492,0.8541474,0.4826118,-0.6580079,0.1117242,0.09214457,0.003089311,0.9894532
79316,0.016667,13.9399046525359,0.8539009,0.4826423,-0.6582235,0.1116879,0.09215879,0.003593275,0.9894542
79320,0.0166675,13.9565721526742,0.8534337,0.4826948,-0.6585758,0.1116112,0.09220772,0.00440232,0.9894551
79324,0.0166699,13.9732420518994,0.8531581,0.4827237,-0.6587825,0.1115191,0.09224311,0.004899109,0.9894598
79328,0.0166648,13.9899068512023,0.8527301,0.4827408,-0.659137,0.1113872,0.09217652,0.005705769,0.9894766
79330,0.0166656,14.0065724514425,0.8524851,0.4827417,-0.6593277,0.1113029,0.09208656,0.006162014,0.9894917
79334,0.0166691,14.0232415515929,0.852118,0.482732,-0.6596165,0.1111951,0.09187549,0.006778322,0.9895194
79336,0.0166647,14.0399062521756,0.8518682,0.4827059,-0.6597731,0.1111404,0.09172992,0.007084226,0.9895369
79340,0.0166673,14.0565735530108,0.8515167,0.4826644,-0.6600674,0.1110672,0.09147447,0.007408213,0.9895664
79344,0.0166716,14.0732451528311,0.8513113,0.4826398,-0.6602251,0.1110093,0.09129255,0.00755573,0.9895886
79348,0.0166661,14.0899112522602,0.8510717,0.4826398,-0.6604519,0.1108622,0.09102441,0.007708219,0.9896286
79350,0.0166639,14.1065751519054,0.8509526,0.4826641,-0.6605784,0.1107669,0.09089798,0.007748684,0.9896505
79354,0.0166711,14.1232462525368,0.8507944,0.4827021,-0.6607963,0.1105805,0.09077833,0.007817977,0.9896818
79356,0.0166632,14.1399094518274,0.8506814,0.4827057,-0.6608782,0.1105015,0.09070686,0.007900717,0.9896966
79360,0.016674,14.1565834525973,0.8505398,0.4827516,-0.6610489,0.1103141,0.0905664,0.008030552,0.9897293
79364,0.016668,14.1732514519244,0.8505154,0.4827299,-0.6611305,0.1101718,0.09048866,0.008115981,0.9897516
79368,0.0166622,14.1899136528373,0.8504459,0.4828121,-0.6612223,0.1099936,0.09034108,0.008266588,0.9897836
79370,0.0166662,14.2065798528492,0.850408,0.4828081,-0.6612538,0.1098612,0.09026379,0.008380845,0.9898044
79374,0.0166765,14.2232563532889,0.8503445,0.4828024,-0.6612846,0.1096547,0.0901017,0.008578262,0.9898404
79376,0.0166587,14.2399150524288,0.8503357,0.4828399,-0.6612672,0.1095518,0.08999621,0.008674929,0.9898605
79382,0.0166675,14.2565825525671,0.8503079,0.482867,-0.6612227,0.1094297,0.08972795,0.008805227,0.9898973
79384,0.0166681,14.2732506524771,0.8503022,0.4828797,-0.661176,0.1093938,0.08957352,0.008839971,0.9899149
79388,0.0166653,14.2899159528315,0.850287,0.4829201,-0.6610606,0.1093553,0.08927143,0.008920426,0.9899457
79390,0.0166709,14.3065868522972,0.8502901,0.4829334,-0.6609811,0.1093227,0.08909174,0.00895502,0.9899652
79394,0.0166637,14.3232505526394,0.8503281,0.4829625,-0.6607769,0.1092703,0.08881494,0.009004631,0.9899954
79396,0.0166668,14.3399173524231,0.8503784,0.4829777,-0.6606342,0.1092712,0.08866989,0.00899849,0.9900084
79400,0.0166683,14.3565856516361,0.8504317,0.4829859,-0.660351,0.1093328,0.08854765,0.009000091,0.9900125
79404,0.0166653,14.3732509519905,0.8504727,0.4829556,-0.6601939,0.109449,0.08849201,0.008995977,0.9900047
79408,0.0166688,14.3899197522551,0.8505616,0.4829015,-0.659911,0.1096637,0.08855385,0.009035381,0.989975
79410,0.0166651,14.4065848514438,0.8506213,0.4828807,-0.659767,0.1098454,0.08862338,0.00907483,0.9899483
79414,0.0166671,14.4232519511133,0.8506847,0.4827637,-0.6594504,0.1101622,0.08881976,0.009151083,0.9898947
79416,0.0166675,14.4399194512516,0.8507445,0.4827761,-0.6592892,0.1103538,0.08897615,0.00917176,0.9898592
79420,0.0166663,14.4565857518464,0.8508045,0.4827079,-0.6589736,0.1106399,0.08925537,0.009170351,0.9898021
79424,0.0166677,14.4732534512877,0.8508445,0.4826772,-0.6588265,0.1107961,0.08939604,0.009139363,0.9897723
79428,0.0166675,14.489920951426,0.8509549,0.4826072,-0.6586031,0.1110003,0.08966877,0.009067909,0.9897254
79430,0.0166662,14.506587151438,0.8510212,0.4825559,-0.6584575,0.1111091,0.08976754,0.009058878,0.9897043
79434,0.0166676,14.5232547521591,0.8510475,0.4824757,-0.6582338,0.1112361,0.08988595,0.009083405,0.989679
79436,0.0166663,14.5399210527539,0.8510597,0.4824314,-0.65811,0.1113124,0.08990179,0.009060852,0.9896692
79440,0.0166666,14.5565876532346,0.8510394,0.482365,-0.6578915,0.1114429,0.08989518,0.008969574,0.989656
79446,0.0166671,14.5732547529042,0.8509907,0.4822935,-0.657675,0.1116408,0.08984903,0.008880031,0.9896387
79448,0.0166678,14.5899225529283,0.8509644,0.4822616,-0.6575729,0.111745,0.08981227,0.008879444,0.9896302
79452,0.0166665,14.6065890528262,0.850914,0.482197,-0.6574442,0.1119589,0.08967906,0.008863874,0.9896183
79454,0.0166673,14.6232563536614,0.8508673,0.4821588,-0.6573715,0.1120484,0.08960168,0.008843709,0.9896154
79458,0.0166665,14.6399228535593,0.850766,0.482096,-0.6572657,0.1122278,0.08939989,0.008824167,0.9896134
79460,0.016667,14.656589852646,0.8507113,0.4820328,-0.6572238,0.1123108,0.0892664,0.008813387,0.9896162
79464,0.0166668,14.6732566524297,0.8505348,0.4819565,-0.6571437,0.1124635,0.08905685,0.008891761,0.989617
79468,0.0166667,14.6899233516306,0.8504615,0.4819477,-0.6571024,0.1125465,0.08893323,0.00895978,0.9896181
79472,0.0166667,14.7065900508314,0.850324,0.4818572,-0.6570114,0.1126504,0.08870857,0.009165248,0.9896246
79474,0.0166671,14.723257150501,0.8502438,0.4818446,-0.6569763,0.1126797,0.08862079,0.009261083,0.9896281
79478,0.0166673,14.7399244513363,0.8501133,0.4818705,-0.6569691,0.112677,0.08842343,0.009469,0.9896442
79480,0.0166668,14.75659125112,0.8500675,0.4818884,-0.6569482,0.1126363,0.08831967,0.009595782,0.9896569
79486,0.0166668,14.7732580509037,0.8499415,0.4819163,-0.656939,0.1125301,0.08809786,0.009843416,0.9896863
79488,0.0166675,14.789925551042,0.8499027,0.4819174,-0.656882,0.1124869,0.08800396,0.009919281,0.9896988
79492,0.0166667,14.8065922502428,0.8497968,0.4819291,-0.6569028,0.1124133,0.08783426,0.009971195,0.9897217
79494,0.0166683,14.8232605494559,0.8497858,0.4819527,-0.6568615,0.1124079,0.08778396,0.009952012,0.989727
79496,0.0166682,14.8399287499487,0.849777,0.4818982,-0.6568158,0.112401,0.08773211,0.00992531,0.9897326
79500,0.016667,14.8565957490355,0.8497225,0.4818901,-0.6567595,0.1124108,0.08771836,0.009882952,0.9897332
79506,0.0173611,14.8739568497986,0.8497034,0.4818569,-0.6567062,0.1124928,0.08771269,0.009898977,0.9897242
79508,0.017914,14.8918708506972,0.8496728,0.4818232,-0.6566616,0.1124885,0.08771137,0.009935609,0.9897244
79512,0.0166684,14.9085392504931,0.8496472,0.4818368,-0.6566522,0.1125204,0.08769362,0.009950923,0.9897222
79514,0.0166667,14.9252059496939,0.8496336,0.481825,-0.6566098,0.1125258,0.08769861,0.009938396,0.9897212
79518,0.0166666,14.9418725501746,0.8496594,0.481823,-0.6565742,0.1125818,0.08773369,0.009851679,0.9897127
79520,0.0166672,14.958539750427,0.8496704,0.4818164,-0.656534,0.1126372,0.08776319,0.00981084,0.9897041
79526,0.0166668,14.9752065502107,0.8496873,0.4817123,-0.6564413,0.1127254,0.08772136,0.009785275,0.9896981
79528,0.0166671,14.9918736498803,0.8496928,0.4817035,-0.6564355,0.1127642,0.08770548,0.009770866,0.9896952
79532,0.0166669,15.0085405502468,0.8496824,0.4816407,-0.656319,0.1128808,0.08755143,0.009688129,0.9896963
79534,0.0166671,15.0252076499164,0.849683,0.4815921,-0.6562575,0.1129195,0.08748299,0.009611582,0.9896987
79538,0.0166672,15.0418748501688,0.8496659,0.4814956,-0.6560845,0.1131381,0.08732524,0.009468497,0.9896891
79540,0.0166694,15.0585442502052,0.8496739,0.4814605,-0.6559931,0.1132448,0.08726071,0.009381062,0.9896834
79546,0.0166664,15.0752106495202,0.849688,0.4813464,-0.6558437,0.1135537,0.08712766,0.009251158,0.9896609
79548,0.0166672,15.0918778497726,0.8496916,0.4812814,-0.6557564,0.1138037,0.08709218,0.009215668,0.9896357
79552,0.0166668,15.1085446495563,0.8497145,0.4811335,-0.6556416,0.1143114,0.08702735,0.009141056,0.9895836
79554,0.0166679,15.1252125501633,0.8497454,0.4810507,-0.6555671,0.1145825,0.08704134,0.009134721,0.989551
79558,0.0166708,15.1418833509088,0.8497762,0.4808768,-0.6554438,0.1151622,0.08715745,0.009169571,0.9894732
79560,0.0166712,15.1585545502603,0.8498082,0.4807977,-0.6553629,0.1154892,0.08724807,0.009196527,0.9894269
79566,0.0166637,15.1752182506025,0.8498363,0.4806466,-0.6552517,0.1161229,0.0874088,0.009208902,0.9893384
79568,0.0166661,15.1918843500316,0.8498495,0.4805622,-0.6551948,0.1164375,0.08752136,0.009216361,0.9892914
79572,0.01667,15.2085543498397,0.8498595,0.4803737,-0.6550999,0.1170174,0.08777551,0.009256539,0.9892001
79574,0.0166643,15.2252186499536,0.8498576,0.480297,-0.6550206,0.1172979,0.08787546,0.009279956,0.9891577
79578,0.0166674,15.241886049509,0.8498624,0.4801551,-0.6549594,0.1179097,0.08810013,0.009315331,0.9890647
79580,0.0166665,15.2585525494069,0.849865,0.4800653,-0.6549036,0.1181821,0.08821183,0.009326637,0.9890221
79586,0.0166674,15.2752199489623,0.8498537,0.4799149,-0.6547341,0.1187076,0.08833961,0.009341228,0.9889476
79588,0.0166664,15.2918863482773,0.8498519,0.4798348,-0.6546453,0.1189884,0.08835609,0.009321993,0.9889126
79592,0.0166671,15.3085534479469,0.8498147,0.4795979,-0.6543576,0.11953,0.08831786,0.009277048,0.9888511
79594,0.016666,15.3252194486558,0.8497961,0.4795071,-0.654266,0.1197726,0.08824391,0.009257867,0.9888285
79598,0.0166759,15.3418953493238,0.8497533,0.4792378,-0.6539317,0.1203075,0.08786858,0.009130364,0.9887982
79600,0.0166597,15.3585550487041,0.8497617,0.479188,-0.6537247,0.1205799,0.08760439,0.009019163,0.9887895
79606,0.0166663,15.375221349299,0.8497388,0.4790323,-0.6532622,0.1210186,0.08708283,0.008774778,0.9887841
79608,0.0166673,15.3918886501342,0.8497175,0.4789522,-0.6530018,0.1212297,0.08677889,0.008625606,0.9887863
79612,0.0166671,15.4085557498038,0.8497136,0.478835,-0.65238,0.121732,0.08615521,0.008293526,0.988782
79614,0.0166667,15.4252224490047,0.849694,0.478776,-0.6520273,0.1219491,0.08577915,0.008148056,0.9887891
79618,0.0166667,15.4418891482055,0.849641,0.478694,-0.6513054,0.1223814,0.08497602,0.007917165,0.988807
79620,0.0166669,15.4585560485721,0.8495671,0.4786498,-0.6509164,0.1225185,0.08462349,0.007815074,0.988821
79626,0.0166666,15.4752226490527,0.8494864,0.4786265,-0.6501078,0.1228918,0.08389445,0.007552565,0.9888389
79628,0.0166681,15.4918907489628,0.8494601,0.4785944,-0.6496162,0.1231312,0.0835607,0.007439777,0.9888382
79632,0.0166658,15.508556548506,0.8493211,0.4785537,-0.6486501,0.1235885,0.08301117,0.007243,0.9888289
79634,0.0166688,15.5252253487706,0.849262,0.4785159,-0.6481346,0.1238392,0.08271419,0.007166153,0.988823
79638,0.0166652,15.5418905485421,0.8491599,0.4784266,-0.6471189,0.1242497,0.08214635,0.00709129,0.9888194
79640,0.0166681,15.5585586484522,0.8490708,0.4783434,-0.6465728,0.1244713,0.08185866,0.007091035,0.9888154
79644,0.0166663,15.575224949047,0.8489453,0.4782427,-0.6454759,0.1248906,0.08129993,0.007141831,0.9888082
79648,0.0166672,15.5918921492994,0.8488932,0.4781479,-0.6448992,0.125159,0.08098598,0.007221541,0.9887995
79652,0.0166669,15.6085590496659,0.8487293,0.4779201,-0.6437683,0.1258401,0.08047596,0.007475531,0.9887528
79654,0.0166688,15.6252278499305,0.8486574,0.4777739,-0.6432074,0.12632,0.08018276,0.007689158,0.9887137
79658,0.0166646,15.6418924499303,0.8484907,0.4774509,-0.6421295,0.1274558,0.07961423,0.008130221,0.9886104
79660,0.0166689,15.6585613507777,0.8484602,0.4772957,-0.641697,0.1281205,0.07937557,0.008341919,0.9885419
79666,0.0166664,15.6752277500927,0.8483686,0.4769355,-0.6407959,0.1294486,0.07900836,0.008684893,0.9883953
79668,0.0166669,15.6918946504593,0.8483465,0.4768124,-0.6404388,0.1300666,0.07892082,0.008845653,0.9883198
79672,0.0166669,15.7085615508258,0.8483937,0.476473,-0.6397039,0.1311935,0.07891757,0.009074504,0.988169
79674,0.0171343,15.7256958503276,0.8483933,0.4763664,-0.6394262,0.1316554,0.0789777,0.009174317,0.9881018
79678,0.0166698,15.7423656508327,0.8484417,0.476057,-0.6389174,0.1325975,0.07936183,0.009328258,0.9879436
79680,0.0166681,15.7590337507427,0.8484941,0.4759264,-0.6387143,0.1329822,0.07962192,0.009370157,0.9878706
79686,0.0166644,15.7756981514394,0.8486423,0.4757316,-0.6384249,0.133572,0.08022303,0.00951146,0.9877411
79688,0.0166705,15.792368652299,0.8487265,0.4756287,-0.6383079,0.1337502,0.0805065,0.009602929,0.987693
79692,0.0166637,15.8090323526412,0.8488268,0.4755078,-0.638116,0.1339467,0.08100499,0.009895118,0.9876227
79694,0.0166673,15.8256996534765,0.8488998,0.4754624,-0.6380749,0.1340427,0.08119403,0.01003081,0.9875928
79698,0.0166666,15.8423662539572,0.8490349,0.4753866,-0.6380808,0.1341521,0.08138388,0.01014339,0.9875612
79700,0.0168566,15.8592228535563,0.8490904,0.4753472,-0.6381045,0.1342288,0.08139799,0.01013591,0.9875497
79706,0.0166644,15.875887254253,0.8492016,0.4752705,-0.6382909,0.1342648,0.08127961,0.01000962,0.9875558
79708,0.0166693,15.8925565537065,0.8492897,0.4752404,-0.6383458,0.1342908,0.08116917,0.009869851,0.9875628
79712,0.0166647,15.9092212542892,0.8494462,0.4752906,-0.6386102,0.1343313,0.08089057,0.009534357,0.9875834
79714,0.0166705,15.9258917551488,0.8495233,0.4752768,-0.6387655,0.1343132,0.08073726,0.009345172,0.9876002
79718,0.0166632,15.9425549544394,0.8496693,0.4752778,-0.639105,0.1342822,0.08050188,0.008986703,0.987627
79720,0.0166675,15.9592224545777,0.8497627,0.4752815,-0.6392993,0.1342531,0.08038501,0.008808026,0.987642
79726,0.016667,15.9758894536644,0.8498847,0.4753096,-0.6396801,0.1341439,0.08026461,0.008536594,0.9876691
79728,0.0166682,15.9925576541573,0.8499771,0.4753638,-0.6399303,0.1340795,0.08026544,0.0084126,0.9876788
79732,0.0166656,16.0092232543975,0.8500937,0.4754255,-0.6403248,0.1338949,0.08037689,0.008274364,0.9876959
79734,0.016667,16.0258902534842,0.8501395,0.4754659,-0.6405662,0.1337506,0.08043991,0.008193989,0.987711
79738,0.0166666,16.0425568539649,0.8502623,0.4755838,-0.6410118,0.1333119,0.08064229,0.00808929,0.9877547
79740,0.0166665,16.0592233538628,0.8503066,0.4756507,-0.6412079,0.1331071,0.08073544,0.008078326,0.9877748
79746,0.0171108,16.0763341542333,0.8503492,0.4757128,-0.6415889,0.1326784,0.08100808,0.008013534,0.9878107
79748,0.0166677,16.0930018536747,0.8503825,0.4757634,-0.6417961,0.1324598,0.08115258,0.007981436,0.9878284
79752,0.0166668,16.1096686534584,0.8504416,0.475878,-0.6421613,0.1321089,0.08141243,0.007933888,0.9878544
79754,0.0166667,16.1263353526592,0.8504564,0.4759338,-0.6423435,0.1319398,0.0815433,0.007911512,0.9878664
79758,0.0166673,16.1430026534945,0.850442,0.4760241,-0.6426622,0.1315786,0.08175291,0.007882435,0.9878975
79762,0.0166668,16.1596694532782,0.8504419,0.4760945,-0.6428438,0.1313923,0.08181426,0.007874385,0.9879172
79766,0.0166666,16.1763360537589,0.850373,0.4762097,-0.6431056,0.1310245,0.0819528,0.007911187,0.9879544
79768,0.0166683,16.1930043529719,0.8503488,0.4762588,-0.6432192,0.1308526,0.08201417,0.007953379,0.9879717
79772,0.0166652,16.2096695527434,0.8502886,0.4763811,-0.6434803,0.1305531,0.08218285,0.008008464,0.9879969
79774,0.0166686,16.2263381518424,0.8502506,0.4764486,-0.6436041,0.1304389,0.08225901,0.008063726,0.9880052
79778,0.0166656,16.2430037520826,0.8501227,0.4765942,-0.6438229,0.1301394,0.08243111,0.008240825,0.9880288
79780,0.0166676,16.2596713528037,0.8500518,0.476674,-0.643917,0.1299234,0.082516,0.008327764,0.9880494
79786,0.0166663,16.2763376533985,0.849898,0.4768257,-0.6440851,0.1295576,0.0826245,0.008494523,0.988087
79788,0.0166677,16.2930053528398,0.8498261,0.4769322,-0.6442144,0.12936,0.08265833,0.008627068,0.9881089
79792,0.0166665,16.3096718527377,0.8496591,0.4770371,-0.6443616,0.1289658,0.082734,0.008985009,0.9881509
79794,0.0166689,16.3263407535851,0.8495646,0.4770977,-0.6444289,0.1287255,0.08274163,0.009179226,0.9881798
79798,0.0166652,16.3430059533566,0.8493548,0.4772097,-0.6445743,0.1282837,0.0827588,0.009550916,0.9882323
79800,0.0166674,16.3596733529121,0.849256,0.4772485,-0.6446421,0.1281167,0.0827685,0.009685528,0.9882519
79806,0.0166662,16.376339552924,0.8490664,0.4772961,-0.6446983,0.1278882,0.08273514,0.00990896,0.988282
79808,0.0166753,16.3930148538202,0.8489625,0.477327,-0.644765,0.1277839,0.08266335,0.01005258,0.9883001
79812,0.0166593,16.4096741545945,0.848763,0.4773946,-0.6448649,0.1275886,0.08249334,0.01036657,0.9883363
79814,0.0166675,16.4263416547328,0.8486556,0.4773973,-0.6449156,0.1274604,0.08236263,0.01050434,0.9883623
79818,0.0166662,16.4430078547448,0.8484851,0.4773962,-0.6450292,0.1272474,0.08211946,0.01066959,0.9884081
79820,0.0166676,16.4596754554659,0.8483796,0.4773874,-0.6451072,0.1271589,0.08199237,0.01069853,0.9884298
79824,0.0166664,16.4763418547809,0.8482195,0.4774141,-0.6452141,0.126996,0.08170354,0.01079798,0.9884735
79828,0.0166679,16.4930097553879,0.8481546,0.4774265,-0.6452928,0.12691,0.0815789,0.0108693,0.9884942
79832,0.0166658,16.5096755549312,0.8480006,0.4774814,-0.6453893,0.1267093,0.08135726,0.01101625,0.9885365
79834,0.0166681,16.5263436548412,0.8479283,0.4775349,-0.6454106,0.1265035,0.08121364,0.0111066,0.9885737
79838,0.0166663,16.543009955436,0.8478289,0.4776504,-0.6455185,0.1260058,0.08094925,0.01123959,0.9886574
79840,0.0166673,16.5596772562712,0.8478389,0.4776865,-0.6455762,0.1256803,0.08075297,0.01131718,0.988714
79846,0.0166661,16.5763433557004,0.8477581,0.4778413,-0.6456454,0.1250044,0.0802617,0.01143561,0.9888383
79848,0.0166667,16.5930100549012,0.847762,0.4779262,-0.6456868,0.1246842,0.07997034,0.01149173,0.9889017
79852,0.016667,16.609677053988,0.8477368,0.4781467,-0.6456738,0.1240682,0.07946334,0.01153947,0.9890195
79854,0.0166718,16.6263488531113,0.8477286,0.4782405,-0.6456885,0.1237907,0.07925668,0.01154184,0.9890708
79858,0.0166626,16.6430114526302,0.8476511,0.4783868,-0.6456861,0.1232157,0.07875836,0.01152162,0.9891827
79860,0.0166678,16.6596792526543,0.8475963,0.4784531,-0.6456665,0.1229708,0.07853266,0.01158246,0.9892303
79866,0.0166662,16.6763454526663,0.8475341,0.4785808,-0.6455952,0.1225751,0.07806017,0.01173696,0.989315
79868,0.0166694,16.6930148527026,0.8474857,0.4786188,-0.6455639,0.1223786,0.07780865,0.01185812,0.9893577
79872,0.0166644,16.7096792533994,0.8474034,0.4786953,-0.645521,0.1220811,0.07731255,0.01208418,0.9894307
79874,0.0166685,16.7263477537781,0.8473792,0.4786944,-0.6454706,0.1219992,0.07709058,0.01218045,0.9894569
79878,0.0166651,16.7430128529668,0.8473024,0.4787265,-0.6454254,0.1217679,0.07667277,0.01228026,0.9895166
79880,0.016668,16.759680852294,0.8472548,0.4787005,-0.6453826,0.1216334,0.07648201,0.01232007,0.9895474
79886,0.0166665,16.7763473521918,0.8471591,0.4787044,-0.6453086,0.1214476,0.07604334,0.01238496,0.9896032
79888,0.0166663,16.7930136527866,0.8470912,0.4787478,-0.6452762,0.1213311,0.0757481,0.01244776,0.9896394
79892,0.016676,16.8096896521747,0.846983,0.4787321,-0.6451845,0.1212102,0.07504056,0.01261207,0.989706
79894,0.016667,16.8263566512614,0.8469036,0.4787314,-0.6451611,0.1212009,0.07455768,0.01273322,0.9897421
79898,0.0166669,16.843023551628,0.8466734,0.4787085,-0.6451132,0.1212285,0.0735682,0.0128831,0.9898108
79900,0.0166672,16.8596907518804,0.8465817,0.478682,-0.6451307,0.1212445,0.07301536,0.01296066,0.9898488
79906,0.0166666,16.8763573523611,0.846262,0.4786038,-0.6451418,0.1212916,0.07167728,0.01318724,0.9899378
79908,0.0166683,16.8930256515741,0.8461144,0.4786015,-0.6451504,0.121317,0.07088494,0.01334054,0.9899897
79912,0.0166659,16.9096915517002,0.8457416,0.4786172,-0.6452144,0.1212955,0.06937207,0.01369116,0.9900947
79914,0.0166674,16.9263589512557,0.8455485,0.478625,-0.645233,0.1212353,0.06855236,0.01386719,0.9901567
79918,0.0166662,16.9430251512676,0.8450872,0.4786897,-0.6453385,0.1209776,0.06680341,0.01425188,0.9903023
79920,0.0166679,16.9596930518746,0.8448334,0.4787139,-0.6453863,0.1207455,0.06580501,0.01447419,0.9903942
79926,0.0166661,16.9763591513038,0.8442373,0.4788302,-0.6455049,0.1202798,0.06380551,0.01488675,0.9905756
79928,0.0166679,16.9930270519108,0.8438919,0.4788782,-0.6455694,0.1200064,0.06271101,0.01512928,0.990675
79932,0.0166662,17.0096932519227,0.8431887,0.479028,-0.6455738,0.11944,0.0606256,0.01554729,0.9908668
79934,0.0166676,17.0263608526438,0.8428153,0.4791088,-0.6455788,0.1191252,0.05950701,0.01579647,0.9909685
79938,0.0166669,17.0430277530104,0.842042,0.4792488,-0.6455495,0.1184833,0.05731191,0.01631234,0.9911665
79940,0.0166689,17.0596966538578,0.8416651,0.4793159,-0.6455288,0.1181838,0.0562796,0.0165546,0.9912574
79946,0.0166647,17.0763613544405,0.8408118,0.4794513,-0.6454841,0.1175784,0.05397682,0.01700702,0.9914498
79948,0.016669,17.0930303540081,0.8403291,0.479495,-0.6454328,0.1173018,0.0528208,0.01726637,0.9915403
79952,0.0166651,17.1096954531968,0.8394232,0.4796185,-0.6452991,0.1168094,0.05059434,0.01775552,0.9917059
79954,0.0166671,17.1263625528663,0.8389442,0.479654,-0.6452167,0.1165744,0.04948371,0.01802557,0.9917847
79958,0.0166685,17.1430310532451,0.8379537,0.4797185,-0.6450146,0.1161899,0.04739826,0.01862591,0.9919206
79960,0.0166657,17.1596967540681,0.8373839,0.4797939,-0.6449561,0.1160115,0.04620194,0.01897809,0.9919912
79966,0.0166665,17.176363253966,0.836458,0.4797585,-0.6447821,0.1157716,0.0442793,0.01954548,0.9920959
79968,0.0166691,17.1930323541164,0.83595,0.4797653,-0.6446968,0.1156841,0.04335134,0.01980434,0.992142
79972,0.016665,17.2096973545849,0.834947,0.4797685,-0.6444492,0.1155194,0.04146683,0.0203916,0.9922298
79974,0.0166665,17.2263638544828,0.8344314,0.4797364,-0.6443135,0.1154303,0.0405348,0.02079941,0.9922702
79978,0.0166683,17.2430321536958,0.8333771,0.479799,-0.6439874,0.1152001,0.03859212,0.021724,0.9923546
79980,0.0166663,17.2596984542906,0.8328871,0.4797595,-0.6438697,0.1150902,0.03765368,0.02212735,0.9923945
79986,0.0166688,17.2763672545552,0.8318959,0.4797038,-0.6435853,0.1150564,0.03569049,0.02293164,0.9924527
79988,0.0166664,17.2930336538702,0.8313546,0.4796155,-0.6434305,0.1151122,0.03479844,0.02328088,0.9924698
79992,0.0166657,17.3096993546933,0.8303456,0.479514,-0.6431681,0.1150583,0.03283511,0.02404079,0.9925248
79994,0.0166679,17.3263672553003,0.8298162,0.4794926,-0.6430168,0.1149975,0.03175111,0.0244654,0.9925568
79998,0.0166679,17.3430351559073,0.8287607,0.4794505,-0.6427563,0.1148635,0.02962293,0.02531109,0.9926169
80000,0.0166661,17.3597012553364,0.8282491,0.4794208,-0.6426275,0.1148438,0.02850333,0.02565864,0.992643
80006,0.016666,17.3763672560453,0.8271882,0.4793738,-0.6423786,0.1149038,0.02616273,0.02631067,0.9926835
80008,0.0166687,17.3930359557271,0.8266742,0.479355,-0.6423016,0.1149277,0.02497047,0.02665536,0.9927022
80012,0.0166665,17.4097024556249,0.8256012,0.4792725,-0.6421791,0.1149866,0.02266656,0.02731059,0.9927328
80014,0.0166655,17.4263679552823,0.8251392,0.4792445,-0.6421139,0.1149773,0.02160979,0.02763947,0.9927484
80018,0.016671,17.4430389553308,0.8241117,0.4792336,-0.6420225,0.1148066,0.01921899,0.02843626,0.9927948
80020,0.016664,17.4597029555589,0.8235836,0.4792098,-0.6419805,0.1146652,0.01797187,0.02884672,0.9928226
80026,0.0166667,17.4763696547598,0.8226,0.4792386,-0.6418917,0.114386,0.0156736,0.02959833,0.9928717
80028,0.016667,17.4930366538465,0.8221121,0.4792452,-0.641852,0.1142049,0.01435074,0.02999503,0.9929006
80032,0.016693,17.5097296535969,0.8212103,0.4792123,-0.641754,0.1138928,0.01201278,0.03074887,0.9929444
80034,0.0166682,17.5263978540897,0.8207011,0.4792408,-0.641771,0.113727,0.01091063,0.03112914,0.9929643
80038,0.0166656,17.54306345433,0.8196644,0.4792891,-0.6417484,0.1133216,0.008433254,0.03182429,0.9930128
80040,0.016667,17.5597304534167,0.8191288,0.479302,-0.6417288,0.113126,0.007120202,0.03216064,0.9930345
80046,0.0166672,17.5763976536691,0.8181973,0.4792719,-0.6417725,0.1127476,0.004854526,0.0327723,0.9930712
80048,0.0166672,17.5930648539215,0.8176971,0.4792665,-0.6417602,0.1125912,0.003680894,0.03312045,0.9930825
80052,0.0166668,17.6097316537052,0.8166973,0.4792744,-0.6417416,0.1123561,0.001188869,0.03394327,0.9930874
80054,0.0166659,17.6263975538313,0.8161668,0.4792168,-0.6417452,0.1122504,-0.0001072203,0.03438605,0.9930848
80058,0.0166661,17.6430636532605,0.8152843,0.4791562,-0.6417313,0.1120965,-0.002072342,0.03500309,0.9930785
80062,0.0166677,17.6597313527018,0.8143218,0.4791907,-0.6417109,0.1119858,-0.004313557,0.03572312,0.9930581
80064,0.0166659,17.6763972528279,0.8138399,0.479141,-0.6416779,0.1119272,-0.005392093,0.03603981,0.993048
80070,0.0166681,17.6930653527379,0.8128442,0.4791779,-0.6416579,0.1118051,-0.007516523,0.03671832,0.9930232
80072,0.016668,17.7097333520651,0.8124035,0.4791741,-0.6416165,0.111759,-0.008604904,0.0370886,0.9930058
80074,0.0166653,17.7263986524194,0.8119339,0.4791467,-0.6415789,0.1117031,-0.009543899,0.03746328,0.9929894
80078,0.0166863,17.7430849522352,0.8111092,0.479133,-0.6415319,0.1116272,-0.01119214,0.03810031,0.9929565
80080,0.0166671,17.7597520519048,0.8106678,0.4791035,-0.6414689,0.111608,-0.01214072,0.03843811,0.9929344
80084,0.0166685,17.7764205522835,0.8099077,0.4791061,-0.6414297,0.1115634,-0.01347701,0.03894344,0.9929025
80086,0.0166649,17.7930854521692,0.8095291,0.4790988,-0.641385,0.1115303,-0.0141365,0.03924736,0.9928851
80092,0.0166677,17.8097531516105,0.8088887,0.4789537,-0.6413401,0.1114694,-0.01537249,0.03982902,0.9928504
80094,0.0166671,17.8264202512801,0.8085812,0.4789263,-0.6413055,0.1114707,-0.0159057,0.04007699,0.9928319
80098,0.0166687,17.8430889509618,0.8080071,0.4789337,-0.6412347,0.1114069,-0.01671522,0.0405661,0.9928059
80100,0.0166652,17.8597541507334,0.807767,0.4789328,-0.6412308,0.1113596,-0.01702981,0.04077539,0.9927973
80104,0.0166675,17.8764216508716,0.8072183,0.4789183,-0.6412134,0.1112832,-0.01764861,0.04129176,0.9927737
80110,0.0166664,17.8930880501866,0.806784,0.4789307,-0.6411478,0.1112164,-0.01804735,0.04181779,0.992752
80112,0.0174407,17.9105287510902,0.8065684,0.4789183,-0.6411493,0.111144,-0.01824989,0.04207762,0.9927454
80114,0.016668,17.9271967504174,0.806363,0.4789275,-0.6411204,0.1110356,-0.01847398,0.04234457,0.9927421
80118,0.016667,17.9438637495041,0.8059967,0.4789081,-0.6410973,0.1107265,-0.01882494,0.04282756,0.9927493
80120,0.0166661,17.9605298489332,0.8058037,0.478909,-0.6410398,0.1105363,-0.01900874,0.0431125,0.9927546
80124,0.0166676,17.9771974496543,0.8054929,0.4789949,-0.6409375,0.1102454,-0.01937663,0.04381531,0.9927491
80128,0.0166663,17.9938637502491,0.805416,0.4790029,-0.6409064,0.1101721,-0.01955678,0.04411257,0.9927405
80132,0.016668,18.0105317495763,0.8052564,0.4789807,-0.6409142,0.1103226,-0.01973505,0.04464262,0.9926966
80134,0.0166658,18.0271975491196,0.805216,0.4789324,-0.640931,0.1105367,-0.01972046,0.0447788,0.992667
80138,0.0166682,18.0438657496125,0.8051445,0.4788586,-0.6409627,0.1108208,-0.01940997,0.04487959,0.9926368
80140,0.0166679,18.0605336502194,0.8051598,0.4788694,-0.6410291,0.1108773,-0.01918293,0.04489352,0.9926343
80146,0.0166659,18.0771995503455,0.8051668,0.4788433,-0.6410482,0.1108032,-0.01875096,0.04497356,0.9926472
80148,0.0166666,18.0938661508262,0.8051853,0.4788634,-0.641095,0.1107084,-0.01852021,0.0450162,0.9926602
80152,0.0166692,18.1105353515595,0.8052362,0.4788238,-0.6411331,0.1105886,-0.01807564,0.04510052,0.9926779
80154,0.0166644,18.1271997522563,0.805217,0.4788593,-0.6411795,0.1106088,-0.01781796,0.04512476,0.9926792
80158,0.0166687,18.143868451938,0.8052988,0.4787919,-0.6412762,0.110775,-0.01736861,0.04506727,0.9926713
80160,0.0166656,18.1605340521783,0.8053503,0.4787667,-0.6413205,0.1108621,-0.01713434,0.04503701,0.992667
80166,0.0166672,18.1772012524307,0.8054546,0.4787175,-0.6414189,0.1109059,-0.01679887,0.04504864,0.9926673
80168,0.0166682,18.1938694529235,0.8055416,0.4786966,-0.6414451,0.1108784,-0.01666343,0.04511589,0.9926696
80172,0.0166686,18.2105380520225,0.8056988,0.4786894,-0.6414689,0.1108488,-0.0164368,0.04508839,0.9926779
80174,0.0166659,18.2272039521486,0.8057696,0.4787024,-0.6414616,0.1108627,-0.01625556,0.04498806,0.9926839
80178,0.0166665,18.2438704520464,0.8059221,0.4787188,-0.6415161,0.110999,-0.01581315,0.04471963,0.9926879
80180,0.0166652,18.2605356518179,0.8060104,0.478729,-0.6415388,0.1110816,-0.01557104,0.04457032,0.9926893
80184,0.0166677,18.2772033512592,0.8062065,0.4787643,-0.6415849,0.1111675,-0.01499635,0.04427899,0.9927015
80188,0.0166676,18.2938709519804,0.8063005,0.4787878,-0.6415743,0.1111455,-0.01472476,0.0441997,0.9927116
80192,0.0166676,18.3105385527015,0.8065022,0.4788361,-0.6416204,0.1110158,-0.0141481,0.04412226,0.9927379
80196,0.0166675,18.3272060528398,0.806711,0.4788788,-0.6416204,0.110837,-0.01358837,0.04398963,0.9927716
80198,0.0174304,18.3446364533156,0.8067648,0.4789406,-0.6416798,0.1107563,-0.0132641,0.04389432,0.9927892
80200,0.016668,18.3613044526428,0.8068676,0.4789459,-0.641686,0.110639,-0.01287201,0.04375228,0.9928137
80204,0.0166671,18.3779715523124,0.8070385,0.4789485,-0.6416885,0.110554,-0.01230791,0.04360688,0.9928368
80208,0.0166678,18.3946393523365,0.8071278,0.4790163,-0.6417598,0.1105233,-0.01198364,0.04352104,0.9928479
80212,0.0166659,18.4113052524626,0.807371,0.4790079,-0.6417439,0.1104644,-0.01147895,0.04333885,0.9928684
80214,0.0166668,18.4279720522463,0.8075229,0.47904,-0.6417463,0.1104815,-0.01118033,0.04322605,0.9928748
80218,0.0166674,18.4446394518018,0.8077707,0.4790754,-0.6417267,0.1105621,-0.01055125,0.04300382,0.9928824
80220,0.0166668,18.4613062515855,0.8079128,0.4790832,-0.6417073,0.1106456,-0.01019608,0.04283213,0.9928842
80226,0.0166679,18.4779741521925,0.8080954,0.4791466,-0.6416346,0.1108537,-0.009339631,0.04237411,0.992889
80228,0.016666,18.4946401529014,0.8082604,0.4791451,-0.641602,0.1110115,-0.008750589,0.04196889,0.992894
80232,0.0166673,18.5113074537367,0.8086451,0.4790552,-0.6414922,0.1112547,-0.007698256,0.04122141,0.9929068
80234,0.0166668,18.5279742535204,0.8088567,0.4790005,-0.6414304,0.1113823,-0.007073297,0.04087193,0.9929116
80238,0.0166676,18.5446418542415,0.8092903,0.4789673,-0.6413336,0.1117134,-0.00549164,0.04015353,0.9929137
80240,0.0166661,18.5613079536706,0.8095222,0.4789471,-0.6412795,0.1119483,-0.004536645,0.03980447,0.9929062
80244,0.0166676,18.5779755543917,0.8100016,0.4788886,-0.6411808,0.1125362,-0.002310192,0.0390324,0.992878
80248,0.0166666,18.5946421548724,0.8102776,0.4788634,-0.6411074,0.112794,-0.001054701,0.03864028,0.9928662
80252,0.0166667,18.6113088540733,0.8109136,0.478723,-0.641019,0.1132318,0.001604589,0.03784196,0.9928464
80254,0.0166668,18.627975653857,0.8112492,0.4786803,-0.6409468,0.1134145,0.003040507,0.03742547,0.992838
80258,0.0166667,18.6446423530579,0.8119684,0.4786381,-0.6408104,0.1136749,0.005826334,0.03665254,0.9928246
80260,0.0166668,18.6613091528416,0.8124058,0.478583,-0.6407052,0.1137798,0.007557706,0.03617184,0.9928185
80266,0.0166681,18.6779772527516,0.8132064,0.478572,-0.640569,0.1139307,0.010856,0.03529421,0.9928023
80268,0.0166817,18.6946589518338,0.8136863,0.4784998,-0.6404399,0.1140146,0.01238831,0.03489221,0.9927889
80272,0.0166649,18.7113238517195,0.814582,0.4784387,-0.6403062,0.1141846,0.01581217,0.03407567,0.9927491
80274,0.0166668,18.7279906515032,0.8151216,0.4783984,-0.6402151,0.1143052,0.01749144,0.03364334,0.9927218
80278,0.0166667,18.7446573507041,0.8162454,0.4782815,-0.6400424,0.114634,0.02099004,0.03258675,0.9926513
80280,0.0166669,18.7613242510706,0.8168169,0.4782574,-0.6400087,0.1147609,0.02259022,0.03204305,0.9926192
80286,0.0166673,18.7779915519059,0.8180928,0.478245,-0.6398767,0.1150612,0.02642425,0.03058038,0.9925359
80288,0.0166667,18.7946582511067,0.8187451,0.4782166,-0.6398211,0.1151575,0.02853548,0.02973648,0.992492
80292,0.0166669,18.8113251514733,0.8201857,0.4782476,-0.6396758,0.1151615,0.0323238,0.02823623,0.9924191
80294,0.0166672,18.8279923517257,0.8209548,0.4782737,-0.6396027,0.1151584,0.0342649,0.02749539,0.9923752
80298,0.0166671,18.8446594513953,0.822506,0.4783301,-0.6394909,0.1152261,0.03822849,0.02599107,0.9922631
80300,0.0166669,18.8613263517618,0.8233786,0.4783425,-0.6394441,0.1152853,0.0404432,0.02509891,0.9921914
80306,0.0166694,18.8779957517982,0.8250771,0.4783555,-0.639367,0.1154062,0.04429031,0.02355039,0.992051
80308,0.0166647,18.8946604523808,0.8260338,0.4783694,-0.6393443,0.1154275,0.04676261,0.02255246,0.9919583
80312,0.0166666,18.9113270528615,0.8278686,0.4784375,-0.6392633,0.1154107,0.05071279,0.02093498,0.9918016
80314,0.0166668,18.9279938526452,0.8289012,0.4784674,-0.6392311,0.1153867,0.05291221,0.02005115,0.9917077
80318,0.016667,18.9446608517319,0.8309039,0.4785036,-0.6391648,0.1154396,0.05674472,0.01839047,0.9915218
80320,0.0166674,18.9613282512873,0.831874,0.4785116,-0.6391499,0.1154698,0.05887602,0.01743045,0.9914114
80326,0.0166666,18.977994851768,0.8340261,0.4785207,-0.6391633,0.1155598,0.06273996,0.01574401,0.9911921
80328,0.0166672,18.9946620520204,0.8351295,0.478496,-0.6391774,0.1155951,0.06478974,0.01490319,0.9910691
80332,0.016667,19.0113290511072,0.8373225,0.4785453,-0.6392204,0.1157101,0.06898957,0.01308408,0.9907979
80334,0.0166669,19.0279959514737,0.83841,0.478578,-0.6392617,0.1157565,0.07078175,0.01230777,0.990676
80338,0.0166669,19.0446628518403,0.8405762,0.478626,-0.6393859,0.1158507,0.07468319,0.01059557,0.9903983
80340,0.016667,19.061329850927,0.8417763,0.4786867,-0.6394555,0.1159148,0.07655106,0.009778868,0.9902566
80346,0.0166664,19.077996250242,0.8438902,0.4787866,-0.6395185,0.1158778,0.08007369,0.008344558,0.9899954
80348,0.0166672,19.0946634504944,0.8449832,0.4788577,-0.6395507,0.1158762,0.08158642,0.007775667,0.9898767
80352,0.0166666,19.1113300509751,0.8470375,0.4790011,-0.6396823,0.1158237,0.08493359,0.006510766,0.9896104
80354,0.0166677,19.1279977504164,0.8480626,0.4790452,-0.6397341,0.1158285,0.08637196,0.005911536,0.9894891
80358,0.0166666,19.1446643508971,0.8500143,0.4791712,-0.6398523,0.1159382,0.08909638,0.004740725,0.989241
80360,0.0166671,19.1613314505666,0.8509318,0.4791836,-0.6399474,0.1160471,0.09046467,0.004085348,0.989107
80366,0.0169112,19.178242649883,0.8528031,0.479206,-0.6400995,0.1162567,0.09273795,0.002983535,0.9888757
80368,0.0166669,19.1949095502496,0.853684,0.4792106,-0.640172,0.1163321,0.09374989,0.002499,0.9887727
80372,0.0166673,19.2115768510848,0.8552989,0.4791616,-0.6402856,0.1164233,0.09554898,0.001519815,0.9885918
80374,0.0166667,19.2282435502857,0.8561332,0.4791444,-0.6403796,0.1165022,0.09657094,0.0008799714,0.988484
80378,0.0166669,19.2449104506522,0.8576711,0.4790716,-0.6405482,0.116829,0.09812968,-0.0003496309,0.9882922
80380,0.0166667,19.2615771498531,0.8584033,0.4790404,-0.6406384,0.1170305,0.09872846,-0.0009364397,0.9882084
80386,0.0166687,19.2782458495349,0.859727,0.4789038,-0.6408746,0.117524,0.09992865,-0.002306557,0.9880269
80388,0.0166659,19.294911749661,0.8603046,0.4788291,-0.6409298,0.1177871,0.100446,-0.003002112,0.9879412
80392,0.0166674,19.3115791492164,0.8613786,0.4786802,-0.6410858,0.1181121,0.1011392,-0.004032034,0.987828
80394,0.016666,19.3282451499254,0.8619178,0.4786286,-0.6411698,0.1183329,0.1015275,-0.004645222,0.9877591
80398,0.0166692,19.3449143506587,0.8627368,0.4785036,-0.6412482,0.1186926,0.1019056,-0.005409662,0.9876731
80400,0.0166653,19.361579651013,0.8631407,0.4784278,-0.6412299,0.118907,0.1020545,-0.005766492,0.9876299
80404,0.016667,19.3782466500998,0.8637676,0.4784031,-0.641203,0.1191519,0.1022593,-0.00616123,0.9875768
80408,0.0166667,19.3949133493006,0.8640659,0.4783952,-0.6411887,0.1192608,0.1023734,-0.006247602,0.9875513
80412,0.016667,19.4115803483874,0.8645461,0.4783628,-0.6411389,0.1195298,0.102617,-0.006218055,0.9874937
80416,0.0166674,19.4282477479428,0.8649238,0.4783458,-0.6410665,0.1197694,0.102915,-0.006022064,0.9874349
80418,0.016665,19.4449127484113,0.8650644,0.4783725,-0.6409925,0.1197402,0.1030697,-0.00582775,0.9874234
80420,0.0166682,19.4615809489042,0.8651711,0.4783664,-0.6408414,0.1196918,0.1031936,-0.005576241,0.9874178
80424,0.0166667,19.478247648105,0.8652812,0.478435,-0.6406773,0.1195771,0.103376,-0.005025199,0.9874156
80428,0.0166669,19.4949145484716,0.8653176,0.4784225,-0.6405732,0.1195649,0.1034512,-0.004711088,0.9874107
80432,0.0166671,19.5115816481411,0.8653153,0.4784473,-0.6402726,0.1195487,0.1036092,-0.004144349,0.9873987
80434,0.016667,19.5282486472279,0.8653201,0.4784845,-0.640149,0.1194474,0.1037325,-0.003852974,0.9873992
80438,0.016669,19.5449176467955,0.8652373,0.4784898,-0.6398597,0.1191191,0.103943,-0.003162749,0.9874191
80440,0.016665,19.561582647264,0.8651621,0.478539,-0.6397138,0.1189658,0.1039964,-0.002815618,0.987433
80444,0.0166674,19.5782500468194,0.8649961,0.4785415,-0.6394051,0.1187838,0.1040409,-0.002261178,0.9874517
80448,0.0166666,19.5949166473001,0.8648641,0.4785956,-0.6392333,0.1186938,0.1040747,-0.001983944,0.9874595
80452,0.0166672,19.6115838475525,0.8647265,0.4786003,-0.6390071,0.1185618,0.1042497,-0.001599734,0.9874576
80456,0.0166669,19.6282507479191,0.8645093,0.4786154,-0.6387175,0.1184707,0.1045746,-0.001229574,0.9874347
80458,0.0166656,19.6449163481593,0.864413,0.4786137,-0.6385972,0.1184263,0.1047659,-0.001059964,0.98742
80462,0.0166677,19.6615840476006,0.8641807,0.4786392,-0.6383148,0.1183353,0.1051051,-0.0006525841,0.9873952
80464,0.0166666,19.6782506480813,0.8640856,0.4786434,-0.6381598,0.1182771,0.1052453,-0.0004074499,0.9873874
80470,0.016667,19.694917647168,0.863848,0.4786107,-0.6379331,0.1181875,0.105463,7.682097E-05,0.987375
80472,0.0166659,19.7115835472941,0.8637453,0.4785852,-0.637825,0.1181313,0.1055099,0.0003372271,0.9873766
80476,0.0166681,19.7282516472042,0.86351,0.4785244,-0.637623,0.1180696,0.1056845,0.0009460377,0.9873649
80478,0.0166666,19.7449182476848,0.8633577,0.4784586,-0.6374874,0.118075,0.1057158,0.001275018,0.9873605
80480,0.0166673,19.7615855485201,0.8632349,0.4784327,-0.6373932,0.1180325,0.1057084,0.001637294,0.9873659
80484,0.0166753,19.7782608494163,0.863013,0.4784594,-0.6372133,0.1178096,0.105656,0.002336696,0.9873967
80488,0.0166604,19.7949212491512,0.8629097,0.4784591,-0.6370928,0.117615,0.1056469,0.002776549,0.9874198
80492,0.0166657,19.8115869499743,0.8626921,0.4785282,-0.6369395,0.1171664,0.1056905,0.00355876,0.9874659
80496,0.0166673,19.8282542508096,0.8624924,0.4785519,-0.6368372,0.1168049,0.1057462,0.004312667,0.9874998
80498,0.0167172,19.8449714500457,0.8624075,0.4785564,-0.6367739,0.1166191,0.1057959,0.004777655,0.9875143
80500,0.0166679,19.8616393506527,0.8623327,0.4785862,-0.636728,0.1164021,0.1058845,0.005306905,0.9875277
80506,0.0166662,19.8783055506647,0.8622194,0.4787022,-0.6366569,0.1159547,0.1061296,0.006489279,0.9875469
80508,0.0166695,19.8949750512838,0.8621644,0.478796,-0.6366077,0.1156236,0.1063014,0.007250992,0.9875619
80512,0.0166651,19.9116401504725,0.862027,0.4789818,-0.6365265,0.1148755,0.1066214,0.008997358,0.9876004
80514,0.0166664,19.9283065497875,0.8619629,0.4790702,-0.6365076,0.1145316,0.1067719,0.009964384,0.9876148
80518,0.016668,19.9449745491147,0.8617164,0.4792819,-0.6364477,0.1137344,0.1071313,0.01267656,0.9876369
80520,0.0166658,19.961640348658,0.8615324,0.4794232,-0.6363888,0.1132397,0.1072916,0.0145481,0.9876506
80524,0.0166669,19.9783072490245,0.8611524,0.4797202,-0.6362942,0.1121224,0.1074206,0.01863074,0.9876955
80528,0.0166671,19.9949743486941,0.8608441,0.4799441,-0.6362119,0.1113932,0.1074047,0.02127496,0.9877263
80532,0.0166679,20.0116422493011,0.8602582,0.4803167,-0.6360565,0.1101082,0.1073357,0.02643128,0.9877533
80534,0.0166661,20.0283083487302,0.8598846,0.4805077,-0.6359707,0.1094599,0.1072522,0.02947483,0.9877483
80538,0.0166672,20.0449755489826,0.8591744,0.4808249,-0.635786,0.1083655,0.1069071,0.03559267,0.9877049
80540,0.0166667,20.0616422481835,0.8586789,0.4809797,-0.6356288,0.1078572,0.1066161,0.03889509,0.9876675
80544,0.0166673,20.0783095490187,0.8578523,0.4812034,-0.6353382,0.1068266,0.1058895,0.04493812,0.9876012
80548,0.0166663,20.0949758496135,0.8573409,0.4813691,-0.6351404,0.1062708,0.1053969,0.04808385,0.9875657
80552,0.0166668,20.1116426493973,0.8564404,0.48164,-0.6347545,0.1053162,0.1044275,0.05294918,0.9875221
80554,0.0166669,20.1283095497638,0.8559711,0.4818029,-0.6345719,0.1047909,0.1038329,0.05543882,0.987504
80558,0.0166671,20.1449766494334,0.8550852,0.4820188,-0.6342568,0.1038773,0.1026792,0.05976409,0.9874689
80560,0.0166666,20.1616432499141,0.8546295,0.4821479,-0.6341393,0.1033971,0.1020593,0.06187697,0.9874534
80564,0.0166672,20.1783104501665,0.8538578,0.4823364,-0.6339045,0.1025942,0.1008462,0.06553859,0.9874256
80570,0.0166673,20.1949777510017,0.8530858,0.4825189,-0.6336557,0.1017559,0.09951052,0.06916063,0.9874008
80572,0.0184449,20.2134226504713,0.8527287,0.4826284,-0.633557,0.1014949,0.09889983,0.07052927,0.9873922
80576,0.0166682,20.2300908509642,0.8520769,0.4826814,-0.6334399,0.1011912,0.09767271,0.07301874,0.9873645
80578,0.0166672,20.2467580512166,0.8517647,0.482671,-0.6333863,0.1011439,0.09704751,0.07415833,0.9873461
80582,0.0166666,20.2634246516973,0.8511698,0.4826208,-0.6332942,0.10112,0.09585163,0.07599371,0.9873258
80584,0.0166671,20.2800917513669,0.8509197,0.4826004,-0.6332732,0.1011644,0.09530753,0.0766831,0.9873206
80590,0.0166666,20.2967583518475,0.8504401,0.4825608,-0.6331347,0.1013342,0.09413238,0.07773305,0.9873338
80592,0.016673,20.3134313523769,0.8501917,0.4825253,-0.6330891,0.1014428,0.09361172,0.07802454,0.9873492
80596,0.016661,20.3300923518837,0.8498603,0.4824342,-0.6329948,0.1017516,0.09272959,0.07837345,0.9873731
80598,0.0166673,20.3467596527189,0.849713,0.4823751,-0.6329204,0.1018759,0.09235206,0.07849024,0.9873863
80602,0.0166666,20.3634262531996,0.8494489,0.4822576,-0.6328055,0.1022817,0.09180973,0.07854452,0.9873906
80604,0.016689,20.3801152538508,0.8493379,0.4822107,-0.6327729,0.1025699,0.0916962,0.07848612,0.9873759
80608,0.016646,20.3967612534761,0.8492225,0.4820237,-0.6327281,0.1031534,0.09170365,0.07829237,0.9873298
80612,0.0166667,20.413427952677,0.8491783,0.4819182,-0.6327283,0.103544,0.09183157,0.07822108,0.9872827
80616,0.0166669,20.4300948530436,0.8491556,0.4816981,-0.6327337,0.1044203,0.09229613,0.07804876,0.9871607
80618,0.0166681,20.4467629529536,0.849173,0.4815797,-0.632758,0.1049155,0.0925475,0.07796282,0.9870914
80622,0.0166659,20.4634288530797,0.849257,0.4813532,-0.6328001,0.1058779,0.09315411,0.07775404,0.9869481
80624,0.0166683,20.4800971522927,0.849306,0.4812733,-0.6327842,0.1061952,0.09342419,0.07766061,0.9868958
80628,0.0166657,20.4967628531158,0.8494152,0.4811746,-0.6327471,0.1065742,0.09398953,0.07749208,0.9868146
80632,0.0166703,20.5134331528097,0.8494617,0.4811374,-0.632711,0.1067713,0.09425931,0.07746496,0.9867696
80636,0.0166638,20.5300969537348,0.8495826,0.4809955,-0.6326694,0.1072548,0.09477951,0.07751151,0.9866637
80638,0.0166677,20.5467646531761,0.849655,0.480905,-0.6326364,0.1075623,0.09501369,0.07751413,0.9866075
80642,0.0166664,20.5634310524911,0.8498861,0.4807387,-0.6325954,0.1082812,0.09555602,0.07755426,0.9864733
80644,0.0170151,20.5804461520165,0.849998,0.4806402,-0.6325589,0.1086895,0.09582172,0.0776173,0.9863977
80648,0.0166691,20.597115252167,0.8502343,0.4804316,-0.6324343,0.109579,0.09633544,0.07776048,0.9862379
80652,0.0166668,20.6137820519507,0.8503521,0.4802763,-0.6323436,0.110121,0.0965251,0.07786619,0.9861507
80656,0.0166659,20.6304479520768,0.8505828,0.4799731,-0.6321751,0.1112619,0.0967306,0.07812779,0.9859818
80658,0.0166904,20.6471383515745,0.8506882,0.479789,-0.6320802,0.1119298,0.09680987,0.07832955,0.9858824
80662,0.0166651,20.6638034507632,0.8509656,0.4794225,-0.6318516,0.1132159,0.09684864,0.07862429,0.9857083
80664,0.0166672,20.6804706510156,0.8510834,0.4792802,-0.6317206,0.1137782,0.09683078,0.07873152,0.9856367
80668,0.0166673,20.6971379518509,0.851311,0.4790239,-0.6314376,0.1148739,0.09682966,0.07893061,0.9854938
80672,0.016666,20.7138039525598,0.8514269,0.478889,-0.6312732,0.1153531,0.09684537,0.07903837,0.9854276
80676,0.0166688,20.7304727528244,0.8516435,0.4786278,-0.6309035,0.1161164,0.09701791,0.07916315,0.985311
80678,0.0166671,20.747139852494,0.8517459,0.4785079,-0.6307355,0.1165903,0.09714094,0.07912842,0.9852457
80682,0.0166666,20.7638064529747,0.8519325,0.4781716,-0.6303076,0.1176484,0.09727896,0.07901454,0.9851155
80684,0.0166672,20.7804736532271,0.8519997,0.4780791,-0.630125,0.11807,0.09735557,0.07901426,0.9850574
80688,0.0166664,20.7971400525421,0.8522117,0.4778177,-0.629687,0.1189863,0.09760299,0.07898442,0.9849251
80692,0.0166667,20.813806751743,0.8523052,0.4776964,-0.6294976,0.1194279,0.09778085,0.07891545,0.9848595
80696,0.0166674,20.8304741512984,0.8525295,0.4774373,-0.6290204,0.1205419,0.09829677,0.0787077,0.9846891
80698,0.0166725,20.8471466507763,0.8526309,0.4772696,-0.6287577,0.121052,0.09857506,0.07853727,0.9846123
80702,0.0166619,20.8638085499406,0.8528951,0.4769707,-0.6282775,0.1218954,0.0990101,0.07815681,0.9844949
80704,0.017189,20.8809975497425,0.853027,0.4767499,-0.6280257,0.122382,0.0992033,0.07795198,0.9844313
80708,0.0166703,20.8976678494364,0.8533068,0.4763845,-0.6275809,0.1235596,0.09958392,0.07742514,0.9842873
80710,0.0166655,20.9143333490938,0.8534476,0.4761536,-0.6273378,0.1242682,0.09980564,0.07698756,0.98421
80716,0.0166664,20.9309997484088,0.8537802,0.4757361,-0.6268145,0.1254601,0.1002058,0.07605743,0.9840904
80718,0.0166713,20.9476710483432,0.8539619,0.475536,-0.6265644,0.1261193,0.1004529,0.07546744,0.9840264
80722,0.0166631,20.9643341489136,0.8542765,0.4751576,-0.626027,0.1271478,0.1008853,0.07453889,0.9839205
80724,0.0166694,20.98100354895,0.85443,0.4750367,-0.6257513,0.1276273,0.1011052,0.07407366,0.983871
80728,0.0166646,20.9976681489497,0.8547071,0.4747013,-0.6252579,0.1285468,0.1015386,0.07323326,0.9837695
80732,0.0166661,21.0143342483789,0.8548456,0.4745456,-0.6250089,0.129122,0.1017811,0.072709,0.9837081
80736,0.0166671,21.0310013480484,0.8551028,0.4742241,-0.6245849,0.1302385,0.1022455,0.07179197,0.9835801
80738,0.0166672,21.0476685483009,0.8552126,0.4740793,-0.6243505,0.1307549,0.102543,0.071434,0.9835066
80742,0.0166669,21.0643354486674,0.8554556,0.4738319,-0.6239112,0.1316233,0.1032237,0.07086401,0.9833608
80744,0.0166668,21.0810022484511,0.8555778,0.4736938,-0.6236975,0.1320148,0.1035442,0.07055774,0.9832967
80748,0.0166673,21.0976695492864,0.8557697,0.4733816,-0.6233355,0.1330768,0.1040629,0.06982606,0.983151
80752,0.0166671,21.1143366489559,0.8558639,0.4732108,-0.6231793,0.1336014,0.1042554,0.06948834,0.9830834
80756,0.0166666,21.1310032494366,0.8560293,0.4729881,-0.6228728,0.1345832,0.1045621,0.06881315,0.9829644
80758,0.0166671,21.1476703491062,0.8561323,0.4728949,-0.6227482,0.1350027,0.1046839,0.06846263,0.9829183
80762,0.0166667,21.1643370483071,0.8563288,0.4726702,-0.6225063,0.1358466,0.1049894,0.06775143,0.9828188
80764,0.0166703,21.181007348001,0.8564599,0.4725886,-0.6224275,0.1362861,0.1051511,0.06727283,0.9827735
80770,0.0166636,21.1976709477603,0.8567837,0.4724281,-0.6223046,0.1371489,0.1054566,0.06626981,0.9826889
80772,0.016666,21.2143369484693,0.8569737,0.4723026,-0.6221882,0.1376849,0.1055872,0.0656562,0.9826411
80776,0.0166673,21.2310042493045,0.8573676,0.4721112,-0.6221902,0.138501,0.105782,0.06452029,0.9825807
80778,0.0166689,21.247673150152,0.8575894,0.4720039,-0.6221784,0.1389275,0.1058992,0.06381629,0.9825538
80782,0.0166661,21.2643392495811,0.8580714,0.4717878,-0.6221443,0.1397788,0.1061207,0.06225135,0.9825096
80784,0.0166668,21.2810060493648,0.8583689,0.4716669,-0.6221783,0.1402228,0.1062388,0.0613532,0.9824901
80788,0.0166675,21.2976735495031,0.8588867,0.4714926,-0.6222326,0.1410284,0.1064045,0.05969476,0.982459
80792,0.0166663,21.3143398500979,0.8592229,0.4713926,-0.6222878,0.1415403,0.1064785,0.05869699,0.9824375
80796,0.0166672,21.3310070503503,0.8598045,0.4710865,-0.6224289,0.1426441,0.1065306,0.0569645,0.9823741
80798,0.0166671,21.3476741500199,0.8601044,0.4708817,-0.6225449,0.1435387,0.1064838,0.05577513,0.9823171
80802,0.0166677,21.3643418494612,0.8605605,0.4704634,-0.6228402,0.1454273,0.1061666,0.05357664,0.9821961
80804,0.0166663,21.381008150056,0.8608533,0.470141,-0.6230381,0.1470937,0.105785,0.05187257,0.9820806
80808,0.0166667,21.3976748492569,0.8613501,0.4694795,-0.6233521,0.1499251,0.1050658,0.04920059,0.9818671
80810,0.0166672,21.4143420495093,0.8615757,0.4691773,-0.6235343,0.1513116,0.1046926,0.04785153,0.9817609
80816,0.0166688,21.4310108497739,0.8620774,0.4686284,-0.6238647,0.15371,0.1039402,0.04528015,0.9815903
80818,0.0166657,21.447676550597,0.8623137,0.46841,-0.6239866,0.1546307,0.1036389,0.04417259,0.981528
80822,0.0166667,21.4643432497978,0.8628153,0.4680792,-0.624279,0.1563182,0.1030912,0.04196297,0.9814153
80824,0.0166663,21.4810095503926,0.8630924,0.4679169,-0.624419,0.1570822,0.1029131,0.0408306,0.9813598
80828,0.0166674,21.4976769499481,0.8636745,0.4677216,-0.6247971,0.1585035,0.1028781,0.03871957,0.9812205
80830,0.0166663,21.5143432505429,0.8640119,0.4675791,-0.6249994,0.1592631,0.1030572,0.03767693,0.9811193
80836,0.0166714,21.5310146510601,0.8646957,0.4674242,-0.625402,0.1604247,0.1036728,0.03607184,0.9809254
80838,0.0166678,21.5476824510843,0.8650811,0.4673183,-0.6255758,0.1608276,0.1040656,0.03546372,0.98084
80842,0.0166669,21.5643493514508,0.8658149,0.4673081,-0.6259028,0.1612511,0.1049938,0.03444371,0.9807079
80844,0.0166662,21.5810155514628,0.866232,0.4673152,-0.6261063,0.1613533,0.1056488,0.03395215,0.9806379
80848,0.0166672,21.5976827517152,0.8670699,0.4673315,-0.626523,0.161933,0.1072133,0.03300757,0.9804048
80852,0.0166672,21.6143499519676,0.8674996,0.4673134,-0.6267269,0.1623796,0.10801,0.03255778,0.9802585
80856,0.0166667,21.6310166511685,0.8683512,0.4671408,-0.6271714,0.1635197,0.1096438,0.03153086,0.9799211
80858,0.0166665,21.6476831510663,0.8687626,0.4670165,-0.6273759,0.1642364,0.1106275,0.03093055,0.9797098
80862,0.0166674,21.6643505506217,0.8696249,0.4667146,-0.6278194,0.1657502,0.1124938,0.02985268,0.9792757
80864,0.0166663,21.6810168512166,0.8700816,0.4665003,-0.6280595,0.1668561,0.1136023,0.02924796,0.9789781
80868,0.0166698,21.6976866517216,0.8709111,0.4659881,-0.6285195,0.1696272,0.1157612,0.02803138,0.9782843
80874,0.0166652,21.7143518514931,0.8717192,0.4652906,-0.62894,0.1727564,0.1174749,0.02679021,0.977567
80876,0.017164,21.7315158508718,0.8720565,0.4649329,-0.6291,0.1746148,0.1182007,0.02608479,0.9771683
80878,0.0166705,21.7481863517314,0.8723831,0.4645147,-0.629223,0.1763055,0.1187404,0.02542541,0.9768166
80882,0.0166652,21.7648515515029,0.8729907,0.4638255,-0.6293533,0.179215,0.1194604,0.0243456,0.9762267
80884,0.0166693,21.7815208509564,0.8732747,0.4635309,-0.6293291,0.180439,0.119707,0.0238907,0.9759822
80888,0.0166674,21.7981882505119,0.8738161,0.4630447,-0.6292411,0.1824501,0.1199243,0.023028,0.9756023
80892,0.0166696,21.8148578498513,0.8740631,0.4628998,-0.6291446,0.1829787,0.1199173,0.02262642,0.9755136
80896,0.0166616,21.8315194491297,0.8745385,0.4628471,-0.6289296,0.1831179,0.1198063,0.02174391,0.9755211
80898,0.0166693,21.8481887485832,0.8747873,0.4629034,-0.628767,0.1828521,0.119805,0.02136708,0.9755795
80902,0.0166655,21.8648542482406,0.8753196,0.4631098,-0.6285567,0.1818109,0.1198353,0.02052167,0.9757885
80904,0.0166685,21.8815227486193,0.8756019,0.4632378,-0.6284736,0.1811736,0.1199049,0.02002091,0.9759089
80908,0.0166651,21.898187847808,0.8761073,0.4635225,-0.6283823,0.1798094,0.1201661,0.01894829,0.9761505
80912,0.0166712,21.9148590471596,0.876392,0.46371,-0.6283662,0.1789488,0.1204638,0.01824744,0.9762853
80916,0.0166636,21.9315226469189,0.8769611,0.4641103,-0.6284126,0.177453,0.1211234,0.01682363,0.9765022
80918,0.0166683,21.9481909461319,0.8772501,0.4643012,-0.6284665,0.1767448,0.1214657,0.01613483,0.9765998
80922,0.0166656,21.9648565463722,0.8778849,0.4647237,-0.6285689,0.1751075,0.1220883,0.01457267,0.9768416
80924,0.0166677,21.9815242458135,0.8781148,0.4649607,-0.6286148,0.1741,0.1223646,0.01372663,0.9769993
80930,0.0166661,21.9981903452426,0.878618,0.4655147,-0.6287016,0.1718051,0.1226599,0.01208265,0.9773902
80932,0.0166672,22.014857545495,0.8788679,0.4657874,-0.6287069,0.1702625,0.1227384,0.01115857,0.9776613
80936,0.0166665,22.0315240453929,0.8792943,0.4664001,-0.6287055,0.1672856,0.1227004,0.009488193,0.9781974
80938,0.0172176,22.048741646111,0.8795042,0.4667101,-0.6286585,0.1658609,0.1225834,0.008718387,0.9784618
80942,0.0166693,22.0654109455645,0.8798801,0.4672133,-0.6285821,0.1633687,0.1222585,0.007383262,0.9789326
80944,0.0166664,22.0820773448795,0.880073,0.4674793,-0.6285338,0.162057,0.1219792,0.006553932,0.9791914
80948,0.0166668,22.0987441446632,0.8803191,0.4677884,-0.6285267,0.160394,0.1214429,0.005269967,0.9795395
80952,0.0166685,22.1154126450419,0.8804311,0.4679517,-0.6284906,0.1596641,0.1210674,0.004562615,0.9797088
80956,0.0166654,22.1320780441165,0.8806185,0.4681723,-0.6285484,0.1585292,0.1202453,0.0035506,0.9799985
80958,0.0166666,22.1487446445972,0.8807477,0.4682505,-0.6285942,0.1581081,0.1197196,0.003040614,0.9801326
80962,0.016667,22.1654116436839,0.8808622,0.4683765,-0.6287155,0.1575443,0.1187082,0.002074115,0.9803489
80964,0.0166677,22.1820793431252,0.8809607,0.4684352,-0.6288074,0.1573248,0.1180864,0.001445007,0.9804603
80968,0.0166666,22.1987459436059,0.8810737,0.4684687,-0.6289671,0.157033,0.1170715,0.0002544847,0.9806299
80972,0.0166678,22.2154137436301,0.8811293,0.4684783,-0.6290956,0.1569191,0.1164449,-0.000515242,0.9807226
80976,0.0166669,22.2320806439966,0.8811744,0.4684027,-0.6292797,0.1568064,0.1155092,-0.00173424,0.9808498
80978,0.0166672,22.248747844249,0.8811444,0.4683838,-0.6293862,0.1568514,0.1148892,-0.002622039,0.9809135
80982,0.0166692,22.2654170449823,0.8811238,0.4682351,-0.6296132,0.1571902,0.114068,-0.003940113,0.9809507
80984,0.0166714,22.2820884454995,0.8810965,0.4681412,-0.6297141,0.1575529,0.1137387,-0.004516117,0.9809282
80988,0.0166672,22.298755645752,0.8810526,0.4679035,-0.6298514,0.1585388,0.1131989,-0.005592832,0.9808263
80992,0.0166729,22.3154285456985,0.8810315,0.4677693,-0.629912,0.1591053,0.1130297,-0.006009259,0.9807516
80996,0.0166647,22.3320932462811,0.881026,0.4674917,-0.6300356,0.1604773,0.1128675,-0.006699009,0.9805423
80998,0.0166644,22.3487576469779,0.8810468,0.4673287,-0.6300494,0.1612356,0.1129052,-0.006929935,0.9804119
81002,0.0166671,22.3654247466475,0.8810605,0.467022,-0.6302062,0.1627017,0.1131749,-0.007197862,0.9801366
81004,0.0166673,22.3820920474827,0.8811041,0.4668971,-0.6302456,0.163395,0.1134038,-0.00722659,0.9799946
81010,0.0166657,22.3987577483058,0.881155,0.4666287,-0.630308,0.1648037,0.1140891,-0.007048471,0.9796804
81012,0.0166686,22.4154263474047,0.8812276,0.4665196,-0.630345,0.1654138,0.1144591,-0.006953076,0.9795352
81016,0.0166657,22.4320920482278,0.8814132,0.466273,-0.6303893,0.1667241,0.1153242,-0.006769988,0.9792128
81018,0.0166677,22.4487597476691,0.8815151,0.4661464,-0.6304702,0.1673657,0.1157653,-0.006694486,0.9790518
81022,0.0166685,22.4654282480478,0.881863,0.4658971,-0.6306389,0.1688047,0.1168195,-0.006688238,0.9786795
81024,0.0166666,22.4820948485285,0.8820612,0.4657286,-0.6306813,0.1695172,0.1173023,-0.006783754,0.9784979
81030,0.0166678,22.4987626485527,0.8825479,0.4653749,-0.6309106,0.1709549,0.1182999,-0.007179819,0.9781247
81032,0.0166677,22.515430347994,0.8827531,0.46525,-0.6309837,0.1715302,0.1186799,-0.007401982,0.9779763
81036,0.0166649,22.5320952478796,0.8832464,0.4649847,-0.6311577,0.1726148,0.1195331,-0.007980734,0.977677
81038,0.0166669,22.5487621482462,0.8835058,0.464884,-0.6312561,0.173049,0.1199505,-0.00832527,0.9775463
81042,0.0166671,22.5654292479157,0.8840142,0.464705,-0.6313247,0.1735987,0.1207588,-0.008958924,0.9773437
81044,0.0166713,22.5821005478501,0.8842995,0.4646951,-0.6314006,0.1737879,0.1212048,-0.009246641,0.9772521
81048,0.0166621,22.5987626481801,0.8848469,0.4646281,-0.63153,0.1741311,0.1220163,-0.009680719,0.9770858
81052,0.016674,22.61543664895,0.8851291,0.4646116,-0.6316583,0.1743098,0.1223854,-0.009893564,0.9770057
81056,0.0166618,22.6320984493941,0.8856282,0.4645619,-0.6317593,0.174735,0.1229771,-0.01035494,0.9768506
81058,0.0166686,22.648767048493,0.8858434,0.4645373,-0.631817,0.1749047,0.1232008,-0.01060409,0.9767894
81062,0.0166657,22.6654327493161,0.8862599,0.4645184,-0.631923,0.1750676,0.1234387,-0.01100087,0.9767258
81064,0.0166669,22.6820996496826,0.8864009,0.4644683,-0.6318957,0.1750754,0.1235423,-0.01116688,0.9767094
81068,0.0166668,22.6987664494663,0.8866875,0.464604,-0.6319007,0.1748909,0.1236583,-0.01144747,0.9767245
81072,0.0166691,22.7154355496168,0.8867764,0.4646546,-0.6319168,0.1747127,0.1237239,-0.01156263,0.9767467
81076,0.0166677,22.7321032490581,0.8869715,0.4647872,-0.6318467,0.1744048,0.1237902,-0.01163455,0.9767925
81078,0.0166677,22.7487709484994,0.8870468,0.4648417,-0.6318147,0.174211,0.1237684,-0.01160783,0.9768302
81082,0.0166641,22.7654350493103,0.8871565,0.4649238,-0.6316612,0.173804,0.123699,-0.01153194,0.9769124
81084,0.0166679,22.7821029499173,0.8871838,0.4649434,-0.6316062,0.1736537,0.123654,-0.0114281,0.976946
81090,0.0166656,22.7987685501575,0.8872649,0.4649704,-0.6314877,0.17355,0.123538,-0.01121633,0.9769816
81092,0.0166697,22.8154382500798,0.8873038,0.4649259,-0.6313812,0.1736199,0.1234468,-0.01109596,0.9769821
81096,0.0166653,22.8321035504341,0.8873465,0.4648564,-0.631246,0.1740207,0.1231519,-0.01088377,0.9769503
81098,0.0166671,22.8487706501037,0.8873523,0.4647453,-0.6311566,0.1742951,0.1230311,-0.01080685,0.9769175
81102,0.016666,22.8654366508126,0.8874065,0.46452,-0.6310073,0.1750558,0.1228027,-0.01073327,0.976811
81104,0.0166678,22.8821044508368,0.8874301,0.4643884,-0.6309019,0.1754902,0.1227267,-0.01071479,0.9767429
81108,0.0166667,22.8987711500376,0.8874861,0.4640641,-0.6306527,0.1765304,0.1226878,-0.01066051,0.9765609
81110,0.0166679,22.9154390506446,0.8875173,0.4638987,-0.6305379,0.1770376,0.1227434,-0.01061494,0.9764625
81116,0.0166657,22.9321047514677,0.8875718,0.4636656,-0.6303054,0.178016,0.122872,-0.01048453,0.9762699
81118,0.0166681,22.9487728513777,0.8875678,0.4635492,-0.6301579,0.1784876,0.1229587,-0.01037745,0.976174
81122,0.0166675,22.965440351516,0.8875313,0.4633398,-0.6298271,0.1793851,0.1230117,-0.01016523,0.976005
81124,0.016666,22.9821063522249,0.887498,0.4632301,-0.6296717,0.1797564,0.1230063,-0.01008419,0.9759382
81128,0.0166697,22.9987760521472,0.8873459,0.4631112,-0.6293679,0.1803384,0.1229121,-0.009879222,0.9758448
81132,0.0166709,23.0154469516128,0.8872274,0.4630711,-0.629203,0.1805403,0.1228428,-0.009735398,0.9758177
81136,0.0166633,23.0321102514863,0.8870388,0.4629562,-0.6288801,0.1807858,0.1226427,-0.009366864,0.975801
81138,0.0166678,23.0487780515105,0.8869457,0.4629229,-0.6287192,0.1808655,0.1225254,-0.009150337,0.975803
81142,0.0166662,23.0654442515224,0.8866598,0.4628858,-0.6283756,0.1809565,0.1220828,-0.008654064,0.9758461
81144,0.016668,23.0821122508496,0.8864904,0.4628612,-0.6282197,0.1809725,0.1217852,-0.008396339,0.9758826
81148,0.0166657,23.0987779516727,0.8861303,0.4628221,-0.6278526,0.1810983,0.1210656,-0.007795444,0.9759538
81152,0.0166675,23.115445451811,0.8859177,0.4627729,-0.6276399,0.1811861,0.1205847,-0.007414383,0.976
81156,0.0166663,23.1321117524058,0.8854728,0.4627289,-0.6272832,0.1813511,0.1195275,-0.006705543,0.9761046
81158,0.0166679,23.1487796530128,0.8851925,0.4626413,-0.6270375,0.1814507,0.118738,-0.006222098,0.9761856
81162,0.0166667,23.1654463522136,0.8846421,0.4625237,-0.626713,0.1815973,0.117062,-0.005342678,0.9763659
81164,0.016667,23.1821133513004,0.884315,0.4624811,-0.6265146,0.1816669,0.1160922,-0.004896013,0.9764711
81170,0.0166671,23.1987804509699,0.8835597,0.4623758,-0.6260616,0.1816968,0.1136444,-0.003839827,0.9767582
81172,0.016671,23.2154514510185,0.8831995,0.4623422,-0.6258638,0.181689,0.1123521,-0.003272742,0.9769112
81176,0.0166633,23.2321147508919,0.8823556,0.4622502,-0.6255063,0.1816873,0.1097822,-0.002228019,0.9772066
81178,0.0166667,23.2487814500928,0.8818826,0.4622291,-0.6253508,0.1817036,0.1082688,-0.001734218,0.9773734
81182,0.0166669,23.2654483504593,0.8809471,0.462175,-0.6250615,0.1818132,0.1052178,-0.0008197812,0.9776873
81184,0.0166681,23.2821164503694,0.880477,0.4621389,-0.6249087,0.1818451,0.1037529,-0.00042412,0.9778382
81188,0.0166672,23.2987836506218,0.8795042,0.4621129,-0.6246434,0.1818733,0.1007527,0.0003681972,0.9781467
81190,0.0166672,23.3154508508742,0.8789951,0.4620961,-0.6245295,0.1818657,0.09924304,0.0007322285,0.9783022
81196,0.0166661,23.3321169503033,0.8779979,0.462121,-0.624312,0.1818073,0.0962205,0.001444012,0.9786142
81198,0.0166669,23.3487838506699,0.8775281,0.4621212,-0.6242052,0.1817547,0.09493022,0.001711634,0.9787495
81202,0.0166685,23.3654523510486,0.8766629,0.462131,-0.6240327,0.1816239,0.0926088,0.002224809,0.9789951
81204,0.0166664,23.3821187503636,0.876214,0.4621864,-0.6239771,0.1815448,0.09153441,0.002493367,0.9791102
81208,0.0166659,23.3987846504897,0.8755577,0.4621802,-0.6238289,0.1815498,0.08995437,0.00288789,0.9792546
81212,0.0166669,23.4154515508562,0.8752663,0.4621651,-0.6237741,0.1816142,0.08934444,0.003071948,0.9792979
81216,0.0166665,23.4321180507541,0.874849,0.4621351,-0.6237007,0.1818409,0.08859946,0.003397577,0.9793225
81218,0.0166675,23.4487855508924,0.8746715,0.4621005,-0.6236832,0.1819504,0.088486,0.003520986,0.979312
81222,0.0166701,23.4654556512833,0.8745065,0.4620512,-0.6236942,0.182158,0.0886822,0.003736946,0.9792548
81226,0.0166642,23.4821198508143,0.8744581,0.4619622,-0.6237351,0.1823394,0.08932843,0.003871341,0.9791618
81228,0.0190452,23.5011650510132,0.8744705,0.4619032,-0.6237735,0.1824419,0.08983464,0.003920769,0.9790962
81232,0.016668,23.5178330503404,0.8745366,0.4618183,-0.6238214,0.1825167,0.09038393,0.003969544,0.9790315
81236,0.0166669,23.534499950707,0.8746607,0.4616961,-0.6239375,0.1826619,0.091437,0.004005198,0.9789065
81238,0.0166672,23.5511671509594,0.8747788,0.4616194,-0.6240196,0.1827385,0.09203206,0.003986871,0.9788365
81242,0.0166668,23.5678339507431,0.8750455,0.4615238,-0.6241844,0.182868,0.09317084,0.003936075,0.9787048
81244,0.0166671,23.5845010504127,0.8752512,0.4615032,-0.6242549,0.1828957,0.09384965,0.00386264,0.978635
81248,0.0166671,23.6011681500822,0.8756124,0.4615049,-0.6243442,0.1827879,0.09506883,0.003709031,0.9785381
81252,0.0166674,23.6178355496377,0.8758104,0.4615192,-0.6243278,0.1826699,0.09579253,0.003597574,0.9784899
81256,0.0166661,23.6345016490668,0.8762403,0.4615547,-0.6244443,0.1823726,0.09704795,0.00340429,0.9784224
81258,0.0166682,23.6511698495597,0.8764734,0.4615737,-0.6244839,0.1822055,0.09776829,0.003290532,0.9783822
81262,0.0166658,23.6678356491029,0.8769157,0.4616125,-0.6245603,0.1819488,0.09895238,0.003083028,0.9783116
81264,0.0166677,23.6845033485442,0.8771975,0.4616752,-0.6245772,0.1817752,0.09965836,0.002985699,0.9782726
81270,0.0166661,23.7011694479734,0.8776498,0.4617867,-0.6245943,0.1814421,0.1007764,0.002840101,0.9782203
81274,0.0166682,23.7178376484662,0.8781543,0.4619094,-0.6246486,0.1810492,0.1018703,0.002679498,0.9781802
81276,0.0166649,23.7345025483519,0.8784131,0.4619165,-0.6246101,0.1808202,0.1024688,0.002587478,0.9781603
81278,0.0166678,23.751170348376,0.8786578,0.4619842,-0.6246493,0.1805437,0.1031451,0.002472938,0.9781406
81282,0.0166671,23.7678374480456,0.8791881,0.4621361,-0.6246174,0.1800607,0.1042037,0.002296406,0.9781179
81284,0.0166673,23.7845047488809,0.8794765,0.4622366,-0.6246098,0.1797151,0.1048545,0.002189858,0.9781121
81288,0.0166664,23.8011711481959,0.8799791,0.4624619,-0.6245653,0.179161,0.1058928,0.002023376,0.9781023
81292,0.0166671,23.8178382478654,0.8802779,0.4625897,-0.6245428,0.178826,0.106524,0.001918735,0.9780952
81296,0.0166698,23.8345080483705,0.8808237,0.4627363,-0.6246052,0.178246,0.1076438,0.001680462,0.9780789
81300,0.0166643,23.8511723484844,0.8814112,0.46288,-0.6246175,0.177602,0.109095,0.001344373,0.9780358
81302,0.0166659,23.8678382486105,0.8816985,0.462984,-0.6246259,0.1773063,0.1098081,0.00114492,0.9780099
81306,0.0166678,23.8845060486346,0.8822614,0.4631325,-0.6246487,0.1767045,0.1113463,0.0007566696,0.9779453
81308,0.0166663,23.9011723492295,0.8825581,0.4632068,-0.6247206,0.1763766,0.1121039,0.0005351115,0.9779181
81314,0.0166676,23.9178399499506,0.8831931,0.463347,-0.6247551,0.1758026,0.1136243,0.0001657358,0.9778461
81316,0.0166667,23.9345066491514,0.8835052,0.4634164,-0.6247848,0.1755304,0.1144796,-5.515765E-05,0.9777952
81320,0.016667,23.9511736482382,0.8841122,0.463563,-0.6248438,0.1750337,0.1162625,-0.0004278607,0.9776738
81322,0.016666,23.9678396489471,0.8844503,0.4636171,-0.6248757,0.174789,0.1172304,-0.0006405688,0.9776019
81326,0.0166685,23.9845081493258,0.8850215,0.4637896,-0.6250386,0.1742474,0.1190098,-0.0009948467,0.9774833
81328,0.0166654,24.0011735484004,0.8853264,0.4638822,-0.6251037,0.1738981,0.12003,-0.001151735,0.9774206
81332,0.0166674,24.0178409479558,0.8856245,0.4639643,-0.6251731,0.1735253,0.1210336,-0.001321627,0.9773629
81336,0.0166672,24.0345081482083,0.8861547,0.4641834,-0.6252974,0.1729298,0.1224695,-0.001595888,0.9772891
81340,0.0166722,24.0511803478003,0.8866713,0.4644015,-0.6254314,0.1723367,0.1241045,-0.001964418,0.977187
81342,0.0166615,24.0678418483585,0.8869138,0.4645029,-0.625525,0.1720614,0.1248733,-0.002147143,0.9771371
81346,0.0166675,24.0845093484968,0.8873661,0.4646578,-0.6257581,0.1715788,0.126383,-0.002486998,0.9770271
81348,0.0166668,24.1011761482805,0.8875406,0.4647205,-0.6258364,0.1713777,0.127008,-0.00259194,0.976981
81354,0.0166671,24.1178432479501,0.8878905,0.464893,-0.6259996,0.1709933,0.1280383,-0.002735978,0.9769136
81356,0.0166659,24.1345091480762,0.8880377,0.4649519,-0.6260756,0.1708205,0.1284661,-0.002769944,0.9768875
81360,0.016668,24.1511771474034,0.8883519,0.4650093,-0.626173,0.1705516,0.1292891,-0.002869221,0.9768257
81362,0.0166657,24.1678428482264,0.8884825,0.4650412,-0.6262251,0.1704535,0.1295869,-0.002929284,0.9768031
81366,0.0166675,24.1845103483647,0.8887498,0.4651096,-0.6262935,0.1702435,0.1301993,-0.003068662,0.9767578
81368,0.0166672,24.2011775486171,0.8888941,0.4651355,-0.6263521,0.1701062,0.1304263,-0.003158238,0.9767512
81372,0.0166671,24.2178446482867,0.8890623,0.4651224,-0.6263871,0.1700018,0.1307197,-0.003279946,0.9767298
81376,0.0166674,24.2345120478421,0.8892311,0.4651449,-0.6264661,0.1699471,0.1310689,-0.003445877,0.9766919
81378,0.0166671,24.2511791475117,0.8893454,0.4651284,-0.6265063,0.1699923,0.1312143,-0.003520678,0.9766642
81382,0.0166666,24.2678457479924,0.8895321,0.4650802,-0.6265805,0.1702137,0.1314465,-0.003688849,0.9765939
81384,0.0166671,24.284512847662,0.8896353,0.4650339,-0.6266341,0.1703433,0.1315979,-0.003795028,0.9765505
81388,0.0166661,24.3011789470911,0.8897919,0.4649514,-0.6267163,0.1704883,0.1318152,-0.004031171,0.9764949
81392,0.016667,24.3178459461778,0.8899209,0.4649252,-0.6267151,0.170549,0.1319171,-0.004212921,0.9764698
81396,0.016667,24.3345129452646,0.8900994,0.4648883,-0.6267632,0.1705847,0.1319699,-0.004485954,0.9764552
81400,0.016667,24.3511799443513,0.8902655,0.4648007,-0.6267766,0.170663,0.1319393,-0.004824782,0.976444
81402,0.0166667,24.3678466435522,0.8903499,0.4647528,-0.6267622,0.170719,0.1319023,-0.004976907,0.9764385
81406,0.0166682,24.384514844045,0.8904986,0.4646596,-0.6267795,0.1708295,0.1317539,-0.005246122,0.9764377
81408,0.0166658,24.4011806435883,0.8905453,0.4645924,-0.6266916,0.170929,0.1316175,-0.00537085,0.9764381
81412,0.0166673,24.4178479444236,0.8906592,0.4645519,-0.6266027,0.1710492,0.1312806,-0.005500159,0.9764616
81416,0.0166669,24.4345148447901,0.8907406,0.4645108,-0.6264514,0.1711095,0.1310412,-0.005489401,0.9764833
81420,0.0166688,24.4511836450547,0.8908198,0.4644278,-0.6262102,0.1711381,0.1303813,-0.005453229,0.9765668
81422,0.0166671,24.4678507447243,0.8908436,0.4643628,-0.626044,0.1711655,0.1300564,-0.005492659,0.9766051
81426,0.0166665,24.4845172446221,0.8908731,0.4641759,-0.6256251,0.1713211,0.1291787,-0.005669877,0.9766933
81428,0.0166667,24.501183943823,0.8908933,0.4640849,-0.625451,0.1715011,0.1285309,-0.005826183,0.9767463
81434,0.0166667,24.5178506430238,0.8909252,0.4638296,-0.6249931,0.1719713,0.1274128,-0.006146825,0.9768081
81436,0.0167337,24.5345843434334,0.8908836,0.4637398,-0.6248335,0.1722275,0.1269353,-0.006316919,0.9768241
81440,0.0166687,24.5512530431151,0.8909201,0.4634688,-0.6243762,0.1728099,0.1261549,-0.006751881,0.9768194
81442,0.0166664,24.5679194424301,0.8909672,0.4633716,-0.6241114,0.1731206,0.1259049,-0.00697026,0.9767951
81446,0.0166673,24.5845867432654,0.8911031,0.4631927,-0.6236233,0.1736081,0.125674,-0.007385102,0.9767352
81448,0.0166665,24.6012532431632,0.8912089,0.4630961,-0.6233626,0.1738413,0.1256425,-0.007642704,0.9766959
81454,0.0166672,24.6179204434156,0.8914816,0.4629663,-0.6229334,0.174183,0.1258371,-0.00819289,0.9766055
81456,0.0166664,24.6345868427306,0.8916554,0.4628724,-0.6226934,0.174347,0.1260375,-0.00847089,0.976548
81458,0.0166678,24.6512546427548,0.891876,0.4627587,-0.6224329,0.174559,0.1264733,-0.008914322,0.9764498
81462,0.0166663,24.6679209433496,0.892297,0.4625399,-0.6220376,0.1749363,0.1272638,-0.009628341,0.9762728
81466,0.0166676,24.6845885440707,0.8927633,0.4622831,-0.6216115,0.1753909,0.1284831,-0.01040763,0.9760235
81468,0.0166661,24.7012546434999,0.8930285,0.4622125,-0.6213877,0.1756438,0.1291186,-0.01078857,0.97589
81474,0.0166673,24.7179219443351,0.8936036,0.4619561,-0.6209941,0.1760798,0.1304547,-0.01162802,0.9756241
81476,0.0166667,24.734588643536,0.8939068,0.4618323,-0.620786,0.1762832,0.1311283,-0.0120303,0.9754922
81480,0.0166692,24.7512578442693,0.8944823,0.4615731,-0.6204612,0.1767845,0.1324172,-0.01288938,0.9752163
81482,0.0166643,24.7679221443832,0.8947773,0.4614623,-0.6203238,0.1770782,0.13303,-0.01332259,0.9750738
81486,0.0166682,24.7845903448761,0.8953958,0.461168,-0.6200373,0.1777554,0.1342229,-0.01419631,0.9747747
81488,0.0166659,24.8012562450022,0.8956875,0.4610509,-0.6198878,0.1780944,0.1348073,-0.0145466,0.974627
81494,0.0166695,24.8179257456213,0.8962325,0.460789,-0.6196338,0.1786683,0.1358338,-0.01508377,0.9743713
81496,0.0166632,24.834588944912,0.8964891,0.4606853,-0.6195269,0.1789564,0.1363103,-0.01533558,0.9742479
81500,0.0166704,24.8512593451887,0.8970096,0.4605036,-0.6193222,0.1793875,0.1371446,-0.01573939,0.9740451
81502,0.0166641,24.8679234459996,0.897278,0.4604356,-0.6192779,0.1795436,0.1375137,-0.01589402,0.9739617
81506,0.0166677,24.8845911454409,0.8977726,0.4603388,-0.6191598,0.179786,0.1382033,-0.01616516,0.973815
81508,0.0166674,24.9012585449964,0.8980243,0.4602832,-0.6191435,0.1798522,0.1384728,-0.01629409,0.9737623
81514,0.0166675,24.9179260451347,0.8985128,0.4601844,-0.6191428,0.1799587,0.1390937,-0.01656592,0.9736496
81516,0.0166659,24.9345919452608,0.8987496,0.4601603,-0.6191494,0.1799806,0.1393643,-0.01675814,0.9736035
81520,0.0166668,24.9512587450445,0.8992094,0.4601491,-0.6192013,0.1799007,0.1398399,-0.01716302,0.973543
81522,0.0166654,24.967924144119,0.8994391,0.4601762,-0.6192442,0.1798002,0.1400556,-0.01732228,0.9735278
81526,0.0166687,24.9845928438008,0.8999065,0.4602776,-0.6193281,0.1794868,0.1404629,-0.01765423,0.9735209
81528,0.0166657,25.0012585446239,0.9001332,0.4603737,-0.6193864,0.1793103,0.1406358,-0.01779516,0.9735259
81532,0.016668,25.017926543951,0.9003935,0.4604454,-0.6194511,0.179051,0.1408436,-0.01799722,0.9735399
81536,0.0166665,25.0345930438489,0.9007877,0.4605519,-0.6195537,0.1786361,0.1410982,-0.01827221,0.9735742
81538,0.0166671,25.0512601435184,0.9010382,0.4606255,-0.6196289,0.1783129,0.141308,-0.01854055,0.9735979
81542,0.0166673,25.0679274443537,0.9014655,0.4607514,-0.6197848,0.1778011,0.1416059,-0.0189575,0.9736402
81544,0.016667,25.0845944434404,0.9016973,0.4608161,-0.6198713,0.1774724,0.141744,-0.01918854,0.9736755
81548,0.0166683,25.1012627426535,0.9020822,0.4609241,-0.6200006,0.1769239,0.141943,-0.01965615,0.973737
81554,0.0166656,25.1179283428937,0.9024994,0.4610305,-0.6202043,0.1764146,0.1422463,-0.02021795,0.9737737
81556,0.0166658,25.134594142437,0.9026819,0.4610606,-0.620313,0.1761922,0.1424289,-0.02050108,0.9737813
81558,0.0166679,25.151262043044,0.9029157,0.4611417,-0.6204148,0.1759916,0.1426253,-0.02081917,0.9737821
81562,0.0166666,25.1679286435246,0.9032568,0.4612471,-0.6205352,0.1755607,0.1429877,-0.02141527,0.9737938
81566,0.0166667,25.1845953427255,0.9036586,0.461315,-0.6207049,0.175077,0.1433591,-0.02199943,0.9738133
81568,0.0166665,25.2012618426234,0.9038313,0.4613514,-0.6208222,0.1748991,0.1435425,-0.02227832,0.9738119
81574,0.0166694,25.2179312426597,0.904136,0.4614011,-0.6209834,0.1746127,0.1439587,-0.02287566,0.973788
81576,0.0166649,25.2345961425453,0.9042792,0.4614129,-0.6210787,0.1744835,0.1441867,-0.02309179,0.9737723
81580,0.0166677,25.2512638419867,0.9045383,0.4615197,-0.6212053,0.1742375,0.1445016,-0.02334457,0.9737636
81582,0.0166698,25.2679336424917,0.9046429,0.4615984,-0.6212721,0.174021,0.1446264,-0.02342495,0.9737819
81586,0.0166645,25.2845981419086,0.9048373,0.4617753,-0.6213881,0.1735694,0.1448026,-0.02341725,0.9738365
81588,0.0166699,25.3012680411339,0.9049231,0.4618872,-0.6214195,0.1733354,0.1448497,-0.02335322,0.9738727
81594,0.0166637,25.3179317414761,0.9049804,0.4620893,-0.6215125,0.1728801,0.144814,-0.02322185,0.9739621
81596,0.0166663,25.3345980420709,0.9050022,0.4621899,-0.6215637,0.1726309,0.1447389,-0.02311607,0.97402
81600,0.0166697,25.3512677419931,0.905003,0.4623165,-0.6216334,0.1722195,0.1444496,-0.02280241,0.9741431
81602,0.0168392,25.3681069426239,0.9049944,0.4623857,-0.6216379,0.1719522,0.1441608,-0.02252423,0.9742396
81606,0.0166684,25.3847753424197,0.9048929,0.4625432,-0.6216156,0.1714659,0.1433955,-0.02195504,0.9744512
81608,0.0166663,25.4014416430146,0.9048355,0.4625908,-0.6216063,0.1712682,0.1428919,-0.02167484,0.9745662
81614,0.0166675,25.4181091431528,0.9046704,0.4626656,-0.6215291,0.1709582,0.1418062,-0.02117916,0.9747901
81616,0.016669,25.4347781427205,0.9045678,0.4626957,-0.6214837,0.1708358,0.1411524,-0.02095045,0.9749114
81620,0.0166656,25.4514437429607,0.9042771,0.4627513,-0.6213504,0.1706542,0.1397979,-0.02054958,0.9751469
81622,0.0166684,25.4681121427566,0.9041231,0.4627528,-0.6212716,0.170598,0.1391295,-0.02040992,0.9752553
81626,0.0166653,25.4847774431109,0.9037793,0.4627716,-0.6210999,0.1704765,0.1376372,-0.02011234,0.9754944
81628,0.0166675,25.5014449432492,0.9036148,0.46281,-0.6210254,0.1704404,0.1368168,-0.01991351,0.9756202
81634,0.0166662,25.5181111432612,0.9031959,0.4627831,-0.6208251,0.1703985,0.1351187,-0.0194988,0.9758725
81636,0.0167615,25.5348726436496,0.9029728,0.4627878,-0.6207125,0.1704318,0.134188,-0.01929238,0.9759992
81640,0.0166709,25.5515435431153,0.9024841,0.462762,-0.6205133,0.1705643,0.1322468,-0.01888586,0.9762489
81642,0.0166648,25.5682083424181,0.9022289,0.4627494,-0.620404,0.1706643,0.1312812,-0.01866517,0.976366
81646,0.0166658,25.5848741419613,0.9016649,0.4626876,-0.6201949,0.1709274,0.1292957,-0.01820634,0.9765936
81648,0.016666,25.6015401426703,0.9013629,0.4626579,-0.6200633,0.1710438,0.1281981,-0.01796648,0.9767223
81654,0.0166683,25.6182084418833,0.9007288,0.462593,-0.6197684,0.171235,0.1261532,-0.01749779,0.9769636
81656,0.0166656,25.6348740421236,0.9004272,0.4625873,-0.6196137,0.1713003,0.1251515,-0.01724288,0.9770855
81660,0.0166739,25.6515479423106,0.8997471,0.4625718,-0.6192874,0.1714445,0.1231555,-0.01673844,0.9773225
81662,0.0166643,25.6682122424245,0.8993901,0.4625401,-0.6191263,0.1715171,0.1221092,-0.01649503,0.9774452
81666,0.0166642,25.6848764419556,0.8987641,0.462485,-0.6188599,0.1716577,0.1201265,-0.01608202,0.9776731
81668,0.0166669,25.7015433423221,0.8984246,0.4624285,-0.6186927,0.1717023,0.1193211,-0.01591793,0.9777666
81674,0.0166672,25.7182105425745,0.8978485,0.4623747,-0.6184118,0.1717632,0.1178225,-0.01557173,0.9779432
81676,0.0166668,25.7348773423582,0.8975649,0.4623596,-0.6182483,0.1717988,0.1171047,-0.01539133,0.978026
81680,0.0166669,25.7515442427248,0.8971031,0.4623327,-0.6179835,0.1718357,0.1159435,-0.01506134,0.9781629
81682,0.0166664,25.7682106420398,0.8968958,0.4623142,-0.6178611,0.1718429,0.1154887,-0.01488005,0.9782183
81686,0.0166678,25.7848784420639,0.896507,0.4622666,-0.6175703,0.1718034,0.1146665,-0.01450455,0.9783276
81688,0.016665,25.8015434425324,0.8963391,0.462292,-0.6174864,0.1717484,0.1143012,-0.01427269,0.9783834
81694,0.0166681,25.8182115424424,0.8960226,0.4622529,-0.6172323,0.1716265,0.1136799,-0.01389751,0.9784825
81696,0.0166666,25.8348781429231,0.8958918,0.462254,-0.6171076,0.1715373,0.1134171,-0.01365421,0.9785321
81698,0.016667,25.8515451420099,0.8957789,0.4622751,-0.6169947,0.1713908,0.113113,-0.01335325,0.9785972
81702,0.0166675,25.8682126421481,0.8956167,0.4622862,-0.6167943,0.1710712,0.1125633,-0.01284552,0.9787232
81704,0.0166665,25.884879142046,0.8955123,0.4622966,-0.6166744,0.1708591,0.1121672,-0.01249089,0.9788104
81708,0.0166675,25.9015466421843,0.8953611,0.4623315,-0.6164047,0.1705582,0.1115112,-0.01202963,0.9789435
81714,0.0166665,25.9182131420821,0.8952613,0.4623505,-0.6161161,0.1702011,0.1107273,-0.0116975,0.9790987
81716,0.0166685,25.9348816424608,0.8952076,0.4623581,-0.6159444,0.1700346,0.110331,-0.01157822,0.9791738
81720,0.0166656,25.9515472427011,0.8951091,0.4623603,-0.6156228,0.1697299,0.1095956,-0.0113316,0.9793121
81722,0.0166666,25.9682138431817,0.8950734,0.4623604,-0.6154697,0.1696167,0.1092325,-0.01121444,0.9793736
81726,0.0166669,25.9848807435483,0.8949983,0.4623671,-0.6150974,0.169486,0.1085272,-0.01094919,0.9794777
81728,0.0166656,26.0015463437885,0.8949845,0.4623567,-0.6149203,0.1694692,0.1081929,-0.01082916,0.9795189
81734,0.0166693,26.018215643242,0.8949804,0.4623688,-0.6145856,0.1694533,0.1076443,-0.0106539,0.979584
81736,0.0166654,26.0348810423166,0.8950207,0.4623435,-0.6143507,0.1694341,0.1074175,-0.01059183,0.9796129
81740,0.0166674,26.051548441872,0.8950855,0.462348,-0.6139798,0.1694197,0.1071015,-0.01048799,0.9796511
81742,0.0166672,26.0682156421244,0.895161,0.4623021,-0.6138166,0.1694205,0.1069876,-0.01046286,0.9796637
81746,0.0166674,26.0848830416799,0.8952949,0.4622333,-0.6134532,0.1694957,0.1068427,-0.01045031,0.9796667
81748,0.0166662,26.1015492416918,0.8953763,0.4621711,-0.6132433,0.1695663,0.1067644,-0.01044155,0.979663
81752,0.0166671,26.1182163413614,0.8954509,0.462112,-0.6130533,0.1696101,0.1066734,-0.01044745,0.9796653
81756,0.0166676,26.1348839420825,0.8955804,0.4619975,-0.612701,0.1696744,0.1064864,-0.0105243,0.9796737
81760,0.0166661,26.1515500415117,0.8956708,0.4618848,-0.6124003,0.1697922,0.1063067,-0.01066354,0.9796713
81762,0.0175728,26.1691228412092,0.8957406,0.4617544,-0.6121982,0.1698793,0.1062119,-0.01080239,0.9796649
81766,0.0166679,26.1857907418162,0.8958885,0.4615835,-0.6118053,0.1700848,0.1060342,-0.01109701,0.9796453
81768,0.0170614,26.2028521411121,0.8959686,0.4615105,-0.6116147,0.1701732,0.1059675,-0.01122789,0.9796356
81774,0.016668,26.2195201404393,0.8961002,0.4613639,-0.6112245,0.1703789,0.105982,-0.01147271,0.9795955
81776,0.0166694,26.2361895404756,0.896164,0.4612919,-0.6110396,0.1704895,0.1060199,-0.01155633,0.9795711
81780,0.0166651,26.2528546396643,0.8962728,0.4611665,-0.6106738,0.170632,0.1060403,-0.01161546,0.9795434
81782,0.0166664,26.2695210389793,0.8963118,0.4611088,-0.6104578,0.1706733,0.1059643,-0.01157974,0.9795449
81786,0.0166679,26.2861889395863,0.8963625,0.4610136,-0.6101077,0.170728,0.1056552,-0.01146663,0.97957
81788,0.0166692,26.3028581403196,0.8963918,0.4609504,-0.6099132,0.1707355,0.1054246,-0.0114002,0.9795943
81794,0.0166643,26.3195224404335,0.8963634,0.4608558,-0.6095472,0.1706615,0.1047609,-0.01120374,0.9796807
81796,0.0166662,26.3361886404455,0.8962985,0.4608571,-0.6093249,0.170569,0.1043149,-0.011065,0.979746
81800,0.016667,26.3528556395322,0.8961446,0.4608847,-0.6089566,0.1702555,0.1031187,-0.01077617,0.9799303
81802,0.0166668,26.3695224393159,0.8960347,0.4609069,-0.6087646,0.1700223,0.1023477,-0.01059133,0.9800537
81806,0.0166967,26.3862191401422,0.8957839,0.4609497,-0.6084224,0.1696116,0.1008167,-0.01016167,0.9802881
81808,0.016667,26.4028861392289,0.8956539,0.4609812,-0.6082541,0.1694172,0.1000246,-0.009926148,0.9804052
81814,0.016666,26.4195521399379,0.8953481,0.4610891,-0.6078691,0.1689058,0.09834366,-0.009420971,0.9806685
81816,0.0166672,26.4362193401903,0.8951637,0.4611463,-0.6076611,0.1685797,0.09733572,-0.009128313,0.9808279
81820,0.0166667,26.4528860393912,0.89481,0.4612495,-0.6073023,0.1679316,0.09544607,-0.008641864,0.9811291
81822,0.0166678,26.4695538394153,0.8945783,0.461334,-0.607108,0.1675692,0.09439175,-0.008430954,0.9812949
81826,0.0166665,26.4862203393131,0.8941386,0.4614989,-0.6067849,0.1667737,0.09214579,-0.008093818,0.9816467
81830,0.0166664,26.5028867386281,0.8938889,0.4615493,-0.6065964,0.1664438,0.09115027,-0.0079477,0.9817968
81834,0.0166684,26.519555138424,0.8934074,0.461654,-0.6062417,0.1658339,0.08887011,-0.007681511,0.9821112
81836,0.0166657,26.5362208392471,0.8931521,0.4616882,-0.606078,0.1655903,0.08762415,-0.0075526,0.9822652
81840,0.016667,26.5528878383338,0.8926103,0.4617789,-0.605769,0.1652291,0.08538274,-0.007353816,0.9825249
81842,0.0166682,26.5695560388267,0.8923589,0.4617977,-0.6056102,0.1651096,0.08435465,-0.007257785,0.9826345
81846,0.0166665,26.5862225387245,0.8919267,0.4618636,-0.6052503,0.1649475,0.08248836,-0.007049443,0.9828216
81848,0.0166685,26.6028910391033,0.8916927,0.4619005,-0.6050964,0.1648989,0.08161312,-0.00693331,0.9829037
81854,0.0166649,26.6195559389889,0.8912699,0.4619394,-0.6047868,0.1647646,0.08010742,-0.006816852,0.9830508
81856,0.0166664,26.6362223383039,0.8910976,0.4619412,-0.6046269,0.1647425,0.07946233,-0.006769251,0.9831073
81860,0.0166673,26.6528896391392,0.8907738,0.4618799,-0.6043319,0.1647726,0.07840323,-0.006644463,0.9831881
81862,0.0166679,26.6695575397462,0.8906024,0.4618182,-0.6041927,0.1648706,0.0779358,-0.006552616,0.9832094
81866,0.0166664,26.6862239390612,0.8903303,0.4616895,-0.6038983,0.1652065,0.07723017,-0.006321669,0.9832103
81868,0.0166672,26.7028911393136,0.8902212,0.4616199,-0.603801,0.1654234,0.07696918,-0.006187129,0.9831951
81872,0.0166669,26.7195580396801,0.8900082,0.4613963,-0.6035393,0.1659316,0.07665578,-0.005910359,0.9831356
81876,0.0166668,26.7362248394638,0.8899016,0.4613144,-0.6034474,0.1662229,0.07651745,-0.005762142,0.9830981
81880,0.0166679,26.7528927400708,0.8897083,0.4610968,-0.6032215,0.1667341,0.07630249,-0.005500427,0.9830297
81882,0.0166664,26.7695591393858,0.8896076,0.4609745,-0.6031067,0.1670283,0.07617766,-0.005347464,0.9829903
81886,0.0166691,26.7862282395363,0.8894351,0.4607819,-0.6029022,0.1676181,0.07592008,-0.005131336,0.982911
81888,0.0166652,26.8028934393078,0.8893362,0.4606637,-0.6027994,0.1678928,0.07576332,-0.0050344,0.9828767
81892,0.0166709,26.8195643387735,0.8891098,0.4604626,-0.6025627,0.1683818,0.07546608,-0.004863647,0.9828168
81896,0.0166614,26.8362257387489,0.8890177,0.4603536,-0.6024744,0.1685681,0.07531269,-0.004775139,0.982797
81900,0.0166678,26.8528935387731,0.8888037,0.4601986,-0.6023448,0.1689302,0.07498989,-0.004548856,0.9827606
81902,0.016669,26.8695625383407,0.888734,0.4601261,-0.6023025,0.1690635,0.07480526,-0.004443848,0.9827523
81906,0.0166658,26.8862283378839,0.8885254,0.4600343,-0.6021693,0.1693142,0.07433529,-0.004227775,0.9827457
81908,0.0166668,26.9028951376677,0.8883986,0.4599911,-0.6020972,0.1693899,0.07411346,-0.004153177,0.9827498
81914,0.0166666,26.9195617381483,0.8881465,0.4599991,-0.6020203,0.1694503,0.07365896,-0.003973228,0.9827743
81916,0.0166669,26.9362286385149,0.8880506,0.4599637,-0.6019997,0.1694354,0.07339103,-0.003828704,0.9827974
81920,0.0166669,26.9528955388814,0.8878115,0.4599683,-0.6019098,0.1693494,0.07280035,-0.003572322,0.9828572
81922,0.0166681,26.9695636387914,0.887703,0.4599862,-0.6018608,0.1692698,0.07245101,-0.00346068,0.982897
81926,0.0175597,26.9871233385056,0.8874005,0.4600104,-0.6018167,0.1691038,0.07166309,-0.003270895,0.9829841
81928,0.0166669,27.0037902388722,0.8872275,0.4600326,-0.601801,0.1689975,0.0712815,-0.003187976,0.9830304
81934,0.0166658,27.0204560384154,0.88691,0.4600361,-0.6017109,0.168829,0.0704973,-0.002948849,0.9831166
81936,0.0166669,27.037122938782,0.8867283,0.4600407,-0.6017102,0.168748,0.07011488,-0.002804554,0.9831583
81940,0.0166676,27.0537905395031,0.8863391,0.4600494,-0.6017296,0.1687004,0.0693053,-0.002531202,0.9832246
81942,0.0166654,27.0704559385777,0.8861938,0.4600431,-0.6016925,0.1687602,0.0689465,-0.002432393,0.9832398
81946,0.0166677,27.087123638019,0.8858423,0.4599693,-0.6017398,0.168934,0.06824611,-0.002293992,0.9832591
81946,0.0166673,27.1037909388542,0.8856502,0.4599437,-0.6017625,0.1690829,0.06785756,-0.002250028,0.9832606
81954,0.0166672,27.1204581391066,0.8853588,0.4599081,-0.6017796,0.1693422,0.06731697,-0.002189118,0.9832532
81956,0.0166674,27.1371255386621,0.8852072,0.459877,-0.6018067,0.1695365,0.06707704,-0.002165125,0.9832362
81960,0.0166681,27.1537936385721,0.8849241,0.4598098,-0.6018635,0.1699623,0.0667759,-0.002125258,0.9831833
81962,0.0166664,27.1704600378871,0.8848177,0.459751,-0.6018803,0.1701848,0.0667315,-0.002138624,0.9831477
81966,0.0166684,27.187128437683,0.8846274,0.4596267,-0.6019292,0.1707922,0.06686848,-0.002195997,0.983033
81968,0.0166674,27.2037958372384,0.8845889,0.4595551,-0.6019678,0.1711328,0.0670977,-0.002230837,0.982958
81972,0.0166651,27.2204609364271,0.8846218,0.459389,-0.6020364,0.1717234,0.06776013,-0.002373264,0.9828092
81976,0.016668,27.2371289357543,0.8846756,0.4593113,-0.6020746,0.1720238,0.06825544,-0.002470288,0.9827222
81980,0.016667,27.253795934841,0.8848743,0.4591981,-0.6021898,0.1726444,0.06948736,-0.002734809,0.9825263
81982,0.0166665,27.2704624347389,0.8850239,0.459071,-0.6021805,0.1730109,0.07032961,-0.002932924,0.9824014
81986,0.0166685,27.2871309351176,0.8853357,0.4589069,-0.6023565,0.1736568,0.07193543,-0.003314784,0.9821699
81988,0.0166655,27.303796434775,0.8855206,0.4588299,-0.6024056,0.173999,0.07282116,-0.003538718,0.9820433
81992,0.0166668,27.3204632345587,0.8859314,0.4586847,-0.6025388,0.1746359,0.07484731,-0.004012003,0.981776
81996,0.0166688,27.3371320348233,0.8861534,0.4586165,-0.6026151,0.1748673,0.07582674,-0.004234078,0.9816587
82000,0.0166648,27.3537968341261,0.8865983,0.4584714,-0.6028077,0.1751602,0.07768495,-0.004603073,0.9814596
82002,0.0166685,27.3704653345048,0.8868227,0.4584324,-0.6029082,0.1752824,0.07858161,-0.004728289,0.9813657
82006,0.0166662,27.3871315345168,0.8872472,0.4583249,-0.6030406,0.1755034,0.08018091,-0.004944537,0.9811958
82008,0.0166731,27.4038046337664,0.8874494,0.4582849,-0.6031337,0.1756252,0.08089229,-0.005036747,0.9811152
82014,0.0166615,27.4204661343247,0.8878827,0.4582104,-0.603337,0.1759147,0.08230154,-0.005235999,0.980945
82016,0.0166686,27.4371347334236,0.8880577,0.4581828,-0.6033877,0.1760428,0.08299585,-0.005343088,0.9808629
82020,0.0166665,27.4538012333214,0.8884403,0.4581435,-0.6035252,0.1761107,0.08401424,-0.005547305,0.9807629
82022,0.0166685,27.4704697337002,0.8886048,0.4581409,-0.6035849,0.1761457,0.08451933,-0.005649087,0.9807127
82026,0.0166634,27.4871331341565,0.8889366,0.4581065,-0.6036831,0.1762055,0.0852717,-0.005899367,0.9806353
82028,0.0166669,27.503800034523,0.8890887,0.4580693,-0.6037207,0.1762636,0.0855709,-0.006028488,0.980598
82032,0.0166672,27.5204672347754,0.8893492,0.4580007,-0.603719,0.1764323,0.08606964,-0.006389171,0.9805217
82036,0.016667,27.5371342338622,0.889476,0.4580097,-0.6037259,0.1765236,0.08624243,-0.006578204,0.9804889
82040,0.0166673,27.5538015346974,0.8896679,0.4579588,-0.6037345,0.1766163,0.08636928,-0.00686438,0.980459
82042,0.0166678,27.5704693347216,0.8897845,0.4579675,-0.6037433,0.17662,0.08636232,-0.007017739,0.9804579
82046,0.0166682,27.5871375352144,0.8899915,0.4579152,-0.6036903,0.1766791,0.08628992,-0.007274591,0.9804518
82048,0.0166652,27.6038027349859,0.8900905,0.4579238,-0.6036608,0.1767104,0.08623619,-0.007397047,0.9804499
82052,0.0178707,27.6216734349728,0.8902825,0.4578738,-0.6035781,0.1767981,0.08623023,-0.007638325,0.9804328
82056,0.0166667,27.6383401341736,0.8903855,0.4578553,-0.6035495,0.1768923,0.08625849,-0.007803432,0.980412
82060,0.0166679,27.6550080347806,0.8906128,0.4578198,-0.6034701,0.176995,0.08640732,-0.008064599,0.9803783
82062,0.0166677,27.6716757342219,0.8907213,0.4577938,-0.6034321,0.1770452,0.08652735,-0.008172981,0.9803577
82066,0.0166676,27.6883433349431,0.8909433,0.4577631,-0.6033543,0.1771529,0.08686523,-0.008402737,0.9803064
82068,0.0166682,27.7050115354359,0.8910607,0.4577239,-0.6033165,0.1772187,0.0871187,-0.008502088,0.9802712
82074,0.0166643,27.7216758355498,0.8912738,0.457628,-0.6032246,0.1773771,0.08752092,-0.008654219,0.9802054
82076,0.0166672,27.7383430358022,0.8913739,0.457567,-0.6031764,0.1774519,0.08776612,-0.008748047,0.9801691
82078,0.0166661,27.7550091352314,0.8915916,0.4574683,-0.6031061,0.1776333,0.08819956,-0.009007425,0.980095
82082,0.0166729,27.7716820351779,0.8916586,0.4574391,-0.6030345,0.1776877,0.08841261,-0.009118847,0.9800649
82086,0.0166636,27.7883456349373,0.8918453,0.4574034,-0.6029902,0.1777598,0.08875848,-0.009430511,0.9800176
82088,0.0166653,27.8050109352916,0.8919196,0.4573797,-0.6029581,0.1777611,0.08891215,-0.009537329,0.9800024
82094,0.0166667,27.8216776344925,0.8920637,0.4573097,-0.6028275,0.1778211,0.08910972,-0.009777579,0.9799712
82096,0.016668,27.8383456338197,0.8921099,0.457294,-0.6027829,0.1778368,0.08917587,-0.00989028,0.9799612
82100,0.0166663,27.8550119344145,0.892208,0.4572266,-0.6026831,0.1778851,0.089304,-0.01008944,0.9799387
82102,0.0166677,27.8716796338558,0.8922085,0.4571675,-0.602612,0.1779197,0.08937441,-0.01020581,0.9799249
82106,0.0166658,27.8883454333991,0.8923045,0.4571103,-0.602535,0.1779549,0.08956155,-0.01044654,0.9798988
82108,0.0166675,27.9050129335374,0.8923445,0.4570782,-0.602487,0.1779772,0.08968653,-0.01057372,0.979882
82112,0.0166665,27.9216794334352,0.8924563,0.45702,-0.6023242,0.1780716,0.09004504,-0.01080249,0.9798294
82116,0.0166709,27.9383503329009,0.8925364,0.4570167,-0.6022807,0.178112,0.09024232,-0.01088308,0.9798031
82120,0.0166629,27.9550132323056,0.8926471,0.4569421,-0.6021705,0.1781983,0.09061263,-0.01104492,0.9797514
82122,0.0166692,27.971682433039,0.8927366,0.4568994,-0.6021724,0.1782234,0.09080464,-0.01115429,0.9797278
82126,0.0166649,27.9883473329246,0.8929031,0.4568041,-0.6020157,0.1783368,0.09120168,-0.01135524,0.979668
82128,0.0166677,28.0050150323659,0.8929966,0.4567502,-0.6019107,0.1783955,0.09141708,-0.01148926,0.9796357
82132,0.0166663,28.0216813329607,0.8931506,0.4566524,-0.6017818,0.1785691,0.09176505,-0.01170213,0.979569
82136,0.0166695,28.0383508335799,0.8932484,0.4566066,-0.6016751,0.1786796,0.09196179,-0.01181002,0.9795291
82140,0.0166649,28.0550157334656,0.8934266,0.4565349,-0.6014546,0.1788629,0.09229887,-0.01192317,0.9794626
82142,0.016669,28.0716847330332,0.8935301,0.4564568,-0.6013185,0.1789664,0.09251609,-0.01197507,0.9794225
82146,0.0166695,28.0883542336524,0.8937569,0.4563408,-0.6010806,0.1791549,0.09295666,-0.01201109,0.9793459
82148,0.0166632,28.105017432943,0.8938834,0.4562716,-0.6009326,0.1792845,0.09321761,-0.01204654,0.9792969
82154,0.0166662,28.121683632955,0.8940827,0.4561495,-0.6006588,0.1795624,0.09368832,-0.01202549,0.9792013
82156,0.0166671,28.1383507326245,0.8941778,0.4560729,-0.600513,0.1797112,0.09392127,-0.01197751,0.9791523
82160,0.0166672,28.1550179328769,0.8943789,0.4559233,-0.6001786,0.1799891,0.09431037,-0.01190467,0.9790648
82162,0.0166676,28.1716855335981,0.8944745,0.4558455,-0.600013,0.1801518,0.09451688,-0.01189266,0.9790151
82166,0.0166667,28.1883522327989,0.8946615,0.4556414,-0.5996848,0.180532,0.09489027,-0.01193377,0.9789084
82168,0.0166667,28.2050189319998,0.8947506,0.4555279,-0.5994899,0.1808189,0.09508395,-0.01201619,0.9788356
82172,0.0166667,28.2216856312007,0.8949067,0.4553362,-0.5991573,0.1813831,0.09537148,-0.01214487,0.9787017
82176,0.0166677,28.238353330642,0.8949785,0.4552123,-0.5989659,0.1816804,0.09548643,-0.01222682,0.9786343
82180,0.0166664,28.255019729957,0.8950903,0.4550321,-0.5986435,0.1820815,0.09553014,-0.01243312,0.9785529
82182,0.0166668,28.2716865297407,0.8951362,0.4549444,-0.5985011,0.1822054,0.09553276,-0.01258637,0.9785277
82186,0.0166667,28.2883532289416,0.8951913,0.454802,-0.5981681,0.182468,0.09553605,-0.01287097,0.9784747
82188,0.0166679,28.3050211295486,0.8952399,0.4547711,-0.5979774,0.1826526,0.09554357,-0.01302559,0.9784375
82192,0.016666,28.3216871302575,0.895281,0.4546673,-0.5977226,0.1829178,0.09543969,-0.0131412,0.9783965
82196,0.0166699,28.3383570294827,0.8952597,0.4545862,-0.597598,0.1830666,0.09537811,-0.01314018,0.9783747
82200,0.0166649,28.3550219293684,0.8952495,0.454467,-0.5973669,0.1832642,0.09518601,-0.0130619,0.9783574
82202,0.0166675,28.3716894295067,0.895225,0.4543875,-0.5972569,0.1833577,0.09506388,-0.01301338,0.9783525
82206,0.0166661,28.3883555289358,0.8951907,0.4542804,-0.5970814,0.1836017,0.09476329,-0.01293402,0.9783369
82208,0.0166671,28.4050226286054,0.8951709,0.4542328,-0.5969166,0.1837568,0.09457257,-0.01284358,0.9783275
82212,0.0166668,28.4216894283891,0.8950736,0.4541225,-0.5966797,0.1840757,0.09415574,-0.01263482,0.9783104
82216,0.0166679,28.4383573289961,0.8950057,0.4540642,-0.596575,0.1842261,0.09392223,-0.01251425,0.9783061
82220,0.016666,28.455023329705,0.8948699,0.4539489,-0.5963529,0.184548,0.09345961,-0.01226766,0.9782928
82222,0.0166677,28.4716910291463,0.8947944,0.4538894,-0.5962412,0.1847101,0.09321135,-0.01213358,0.9782876
82226,0.0166664,28.4883574284613,0.894621,0.4537536,-0.5960386,0.1850493,0.09269311,-0.01188803,0.9782758
82228,0.0166671,28.5050245281309,0.89456,0.4536793,-0.595928,0.1852682,0.09245348,-0.01178597,0.9782583
82232,0.0166664,28.5216909274459,0.8944271,0.4534798,-0.5956722,0.1856696,0.09209619,-0.01164974,0.9782175
82236,0.0166673,28.5383582282811,0.8943846,0.4533794,-0.5955284,0.1858997,0.09195235,-0.01155999,0.9781883
82240,0.0166669,28.5550251286477,0.8943782,0.4531935,-0.5953144,0.1862904,0.09179265,-0.01144806,0.9781303
82242,0.0166694,28.571694528684,0.8943907,0.4531289,-0.5952344,0.1864764,0.0918235,-0.01142764,0.9780923
82246,0.0166645,28.588359028101,0.8944973,0.4529723,-0.5950616,0.1869177,0.09204467,-0.01147436,0.9779867
82248,0.0166684,28.6050274278969,0.8945947,0.4528861,-0.5949611,0.187174,0.09226746,-0.01155382,0.9779157
82252,0.0166662,28.6216936279088,0.8947551,0.4527373,-0.5947959,0.1875297,0.09278472,-0.01170367,0.9777969
82256,0.0166669,28.6383605282754,0.8948737,0.4526564,-0.5947087,0.1877186,0.09311295,-0.01184263,0.9777278
82260,0.0166667,28.6550272274762,0.8951474,0.4524874,-0.5944706,0.1880476,0.09380683,-0.01208482,0.9775952
82262,0.0166671,28.6716943271458,0.895323,0.4524186,-0.594365,0.1881963,0.09424924,-0.01221114,0.9775224
82266,0.0166678,28.68836212717,0.8956344,0.4523203,-0.5944031,0.188344,0.09496406,-0.01235052,0.9774231
82268,0.0166663,28.7050284277648,0.8958504,0.4522231,-0.5943091,0.1884862,0.09543025,-0.01245443,0.9773489
82272,0.0166668,28.7216952275485,0.8961205,0.4520907,-0.5941297,0.1887692,0.09625333,-0.01271876,0.9772102
82276,0.0166672,28.7383624278009,0.8962851,0.451986,-0.5941042,0.1889091,0.09666876,-0.01285748,0.9771403
82280,0.0166694,28.7550318278372,0.8965904,0.4517067,-0.5937943,0.1892513,0.09735751,-0.01312545,0.9770022
82282,0.0166644,28.771696228534,0.8966919,0.4516899,-0.5938339,0.1894081,0.09772375,-0.01327006,0.9769332
82286,0.0166671,28.7883633282036,0.8970561,0.451486,-0.5936424,0.189733,0.09837258,-0.01349339,0.976802
82288,0.0166677,28.8050310276449,0.8971992,0.4514025,-0.593556,0.189891,0.09867077,-0.01358016,0.9767401
82292,0.0166662,28.8216972276568,0.8975225,0.4513555,-0.5935429,0.1900813,0.09929906,-0.01373174,0.9766372
82296,0.016668,28.838365226984,0.8977575,0.4514023,-0.5934755,0.1902283,0.09959254,-0.01381942,0.9765775
82300,0.0166658,28.8550310265273,0.8980995,0.4511424,-0.5931095,0.1905109,0.1002007,-0.01398382,0.9764578
82304,0.0166673,28.8716983273625,0.898568,0.4511476,-0.5932728,0.1906981,0.100925,-0.01423675,0.976343
82306,0.0167321,28.8884304277599,0.8987582,0.4510371,-0.5929924,0.1908613,0.1012598,-0.01432757,0.9762751
82308,0.0166705,28.9051009286195,0.899043,0.4510866,-0.5931221,0.1909072,0.1017094,-0.01450158,0.9762169
82312,0.0166676,28.9217685293406,0.8995307,0.4509623,-0.5929819,0.191118,0.1025862,-0.01487817,0.9760782
82316,0.0166675,28.9384360294789,0.8997601,0.4509177,-0.5929498,0.1912101,0.1031045,-0.01511938,0.9760019
82320,0.0166637,28.9550997298211,0.9002421,0.4509192,-0.5929716,0.1913584,0.1041062,-0.01552538,0.9758601
82322,0.016668,28.9717677291483,0.9005073,0.4507848,-0.5930345,0.1914217,0.1046422,-0.01574999,0.9757867
82326,0.0166658,28.9884335286915,0.9009948,0.4507448,-0.5930342,0.1915585,0.1057938,-0.01619087,0.9756285
82328,0.0166687,29.0051022283733,0.9013115,0.4506467,-0.5930117,0.1916358,0.1064066,-0.01640325,0.9755431
82332,0.0166658,29.0217680279166,0.901722,0.4506664,-0.5930886,0.1916796,0.1076045,-0.01675286,0.9753972
82336,0.016668,29.0384360272437,0.9019763,0.450624,-0.5930915,0.1917547,0.1082964,-0.01697241,0.975302
82340,0.016666,29.0551020279527,0.9024165,0.4505553,-0.5931082,0.1917592,0.1094405,-0.01734429,0.9751669
82342,0.0166686,29.0717706270516,0.9026574,0.4505613,-0.593186,0.1917508,0.1100205,-0.01752523,0.9751
82346,0.0166658,29.0884364265949,0.9031599,0.4504259,-0.5931366,0.1917422,0.1110026,-0.01772372,0.9749868
82348,0.0166664,29.1051028259099,0.9034194,0.4504075,-0.5931481,0.191708,0.1115578,-0.01777763,0.9749292
82352,0.0166729,29.1217757258564,0.9038532,0.4504074,-0.5932104,0.1916816,0.1123793,-0.01784777,0.9748387
82356,0.0166619,29.1384376250207,0.9041491,0.4503528,-0.5931574,0.1917229,0.1128694,-0.01794254,0.9747722
82360,0.0166698,29.1551074255258,0.9045154,0.4503405,-0.5932227,0.1917077,0.1135873,-0.01816645,0.9746877
82362,0.0166639,29.171771325171,0.9047852,0.4504324,-0.5933385,0.1916082,0.1139193,-0.01831349,0.9746658
82366,0.0166666,29.1884379256517,0.9051885,0.4503703,-0.5932593,0.1915799,0.1143483,-0.01864434,0.9746148
82368,0.0166676,29.2051055263728,0.9053515,0.4504593,-0.5934512,0.1914743,0.1145855,-0.01889118,0.974603
82372,0.0166667,29.2217722255737,0.9057199,0.4504021,-0.5934494,0.1913677,0.1149417,-0.01936373,0.9745727
82376,0.0166675,29.2384397257119,0.9059092,0.4504862,-0.5935835,0.1911907,0.1151087,-0.01957951,0.9745834
82380,0.016666,29.2551057264209,0.9061783,0.4505229,-0.593684,0.1909684,0.1154737,-0.01983472,0.9745786
82382,0.0166674,29.2717731259763,0.9062996,0.4505564,-0.5937471,0.1908782,0.115647,-0.01994869,0.9745734
82386,0.0166668,29.28843992576,0.906553,0.4506215,-0.5938814,0.1907526,0.1160054,-0.02012841,0.9745517
82388,0.0166678,29.3051077257842,0.9066898,0.4506622,-0.5939501,0.190683,0.1161957,-0.02018576,0.9745415
82392,0.0166715,29.3217792250216,0.9069033,0.4507499,-0.5940381,0.1905855,0.1166335,-0.02030176,0.9745058
82396,0.0166625,29.3384417258203,0.9070774,0.4508077,-0.5941367,0.1905116,0.1168775,-0.02034998,0.97449
82400,0.0166658,29.3551075253636,0.9073378,0.4508513,-0.5941597,0.1903614,0.1173963,-0.02045718,0.9744548
82402,0.0166678,29.3717753253877,0.9074776,0.4508837,-0.5941944,0.1902898,0.1176749,-0.02056685,0.9744329
82406,0.0166675,29.388442825526,0.90775,0.4509001,-0.5942477,0.1901595,0.1182714,-0.02079801,0.9743812
82408,0.0166669,29.4051097258925,0.9078854,0.4509328,-0.5942827,0.190121,0.1185857,-0.02090079,0.9743483
82414,0.0166666,29.4217763263732,0.9081751,0.4509268,-0.5943418,0.1900982,0.1192284,-0.02109578,0.9742702
82416,0.0166684,29.4384447261691,0.9083805,0.450933,-0.5944073,0.1901084,0.1195666,-0.02123352,0.9742237
82420,0.0166658,29.4551105257124,0.9086986,0.4508999,-0.5944847,0.1901663,0.1202646,-0.02144115,0.9741219
82422,0.0166705,29.471781026572,0.9088835,0.4508458,-0.5944979,0.1902118,0.1206689,-0.02159422,0.9740597
82426,0.0166634,29.4884444270283,0.9092287,0.4508322,-0.5945762,0.1902866,0.121319,-0.02192971,0.9739568
82428,0.016667,29.505111426115,0.9093881,0.4508269,-0.5946058,0.1902944,0.1216999,-0.02212363,0.9739034
82434,0.0166671,29.5217785257846,0.9097314,0.4507791,-0.5946204,0.19033,0.1224434,-0.02249127,0.9737948
82436,0.0166672,29.538445726037,0.9099088,0.4507559,-0.5946466,0.190327,0.1229011,-0.02270148,0.9737328
82440,0.0166671,29.5551128257066,0.9102536,0.450711,-0.594663,0.1903626,0.1238105,-0.02302533,0.9736031
82442,0.0166668,29.5717796254903,0.9103925,0.450656,-0.5946922,0.1903815,0.1243231,-0.02316384,0.9735308
82446,0.0166666,29.588446225971,0.9106895,0.4505932,-0.5947457,0.1904532,0.1252905,-0.02343835,0.9733862
82448,0.0166675,29.6051137261093,0.9108472,0.4505669,-0.5947568,0.1905049,0.1257155,-0.02356354,0.9733182
82454,0.0166666,29.6217803265899,0.9110581,0.4505663,-0.5947913,0.1905628,0.1265417,-0.02374667,0.9731953
82456,0.0166679,29.6384482271969,0.9111484,0.4505266,-0.5948027,0.1905881,0.126869,-0.02381039,0.9731462
82460,0.0166667,29.6551149263978,0.9113445,0.4504845,-0.594775,0.1906523,0.1274298,-0.0240127,0.9730554
82462,0.0166674,29.6717823259532,0.9114526,0.4504439,-0.5948179,0.1906826,0.127656,-0.02414082,0.9730166
82466,0.0166656,29.6884479261935,0.9115868,0.4503369,-0.5947598,0.1908396,0.1280417,-0.024329,0.9729304
82468,0.0166683,29.7051162254065,0.911633,0.4503028,-0.5947387,0.1909395,0.128234,-0.02441238,0.9728835
82472,0.0166666,29.7217828258872,0.9117441,0.4502061,-0.5946954,0.1910847,0.1284777,-0.02452052,0.9728201
82476,0.0166663,29.738449126482,0.9117734,0.4501647,-0.5946925,0.191188,0.1285571,-0.02457093,0.972788
82480,0.0166676,29.7551167272031,0.911871,0.4500987,-0.5946386,0.1913881,0.1286599,-0.02472197,0.9727313
82482,0.0166663,29.7717830277979,0.9119006,0.4500421,-0.5945974,0.1915045,0.1287099,-0.02480672,0.9726996
82486,0.0166675,29.7884505279362,0.9119717,0.4499953,-0.5945141,0.1916644,0.1287238,-0.02497184,0.972662
82490,0.0166665,29.8051170278341,0.91202,0.449995,-0.5944175,0.1917736,0.1286935,-0.02507413,0.9726419
82492,0.0185331,29.8236501272768,0.9120337,0.4499941,-0.5943722,0.1917653,0.1286571,-0.02509347,0.9726478
82498,0.0166721,29.8403222281486,0.9120697,0.4499793,-0.5942535,0.1917564,0.1285494,-0.02513577,0.9726627
82500,0.0166633,29.8569855280221,0.9120067,0.4500002,-0.5942252,0.1917486,0.1284833,-0.02512268,0.9726734
82504,0.0166678,29.8736533280462,0.912032,0.4499857,-0.5941927,0.1917881,0.1283628,-0.02506555,0.9726829
82506,0.0166662,29.8903195280582,0.9120281,0.4499761,-0.5941432,0.1918073,0.1282932,-0.02501193,0.9726897
82510,0.0166672,29.9069867283106,0.9119627,0.4499082,-0.5940477,0.1918429,0.1281125,-0.02493178,0.9727085
82512,0.0166756,29.9236623290926,0.9119175,0.4499142,-0.5939766,0.1918437,0.1279833,-0.02485393,0.9727274
82516,0.0166588,29.9403211288154,0.9118832,0.4499044,-0.5938992,0.1918073,0.1278711,-0.0248027,0.9727506
82520,0.0166665,29.9569876287133,0.9118113,0.4499498,-0.5937844,0.1916746,0.1276956,-0.02471684,0.972802
82522,0.0166675,29.9736551288515,0.9117692,0.4499889,-0.5937008,0.19154,0.1275833,-0.02461711,0.9728458
82526,0.0166669,29.9903220292181,0.9116377,0.4500465,-0.59356,0.1912931,0.1274287,-0.02436827,0.972921
82528,0.0166663,30.0069883298129,0.9116304,0.4501021,-0.593506,0.1911084,0.127323,-0.02424507,0.9729741
82534,0.016667,30.0236553288996,0.9115507,0.4501445,-0.5933107,0.1908421,0.1272511,-0.02405603,0.9730405
82536,0.0166669,30.0403222292662,0.9114998,0.450206,-0.5932909,0.1907116,0.1271808,-0.02395532,0.9730778
82540,0.0173489,30.0576711297035,0.9114335,0.4502286,-0.5931857,0.1905161,0.1271491,-0.02381142,0.9731237
82544,0.0166661,30.0743372291327,0.9113762,0.4502989,-0.5931252,0.1902956,0.1271638,-0.02365772,0.9731687
82546,0.016668,30.0910052284598,0.9113817,0.4502844,-0.5930612,0.1901714,0.1271916,-0.02360702,0.9731905
82550,0.0166679,30.1076731290668,0.9113766,0.4503194,-0.5929354,0.1898731,0.1272469,-0.02353122,0.9732434
82554,0.0166661,30.124339228496,0.9113766,0.4503254,-0.5929222,0.1897149,0.1273006,-0.02351552,0.9732677
82558,0.0166673,30.1410065293312,0.911454,0.4503205,-0.5928005,0.1894661,0.1273759,-0.02350605,0.9733065
82560,0.0166661,30.1576726287603,0.9114429,0.4502902,-0.5927547,0.1893645,0.1273919,-0.02350927,0.9733241
82562,0.0166671,30.1743397284299,0.9114737,0.45028,-0.5927043,0.1892706,0.1274406,-0.02351092,0.9733359
82566,0.0166671,30.1910068280995,0.9115291,0.4502478,-0.592589,0.1891437,0.1275038,-0.0234967,0.9733527
82570,0.016667,30.2076738271862,0.9116078,0.4502418,-0.5924318,0.1890141,0.1276075,-0.0234769,0.9733647
82574,0.0166653,30.2243391275406,0.9116598,0.4502275,-0.5923443,0.18895,0.1276737,-0.02346609,0.9733687
82578,0.0166688,30.2410079278052,0.9117668,0.4502003,-0.5921535,0.1888468,0.1278028,-0.02341514,0.9733731
82580,0.0166679,30.2576758284122,0.9118327,0.4502122,-0.5920694,0.188797,0.1278695,-0.02337699,0.9733749
82582,0.0166679,30.2743437290192,0.9118927,0.4501886,-0.5919405,0.1887785,0.1279005,-0.02334961,0.973375
82586,0.0166661,30.2910098284483,0.9119791,0.4501714,-0.5917379,0.1887479,0.1279537,-0.02336233,0.9733737
82590,0.0166661,30.3076759278774,0.9120966,0.4500995,-0.5915113,0.1886685,0.1280064,-0.02342489,0.9733807
82594,0.016667,30.3243429269642,0.9121804,0.4500694,-0.5913824,0.1886608,0.1280452,-0.02344883,0.9733765
82596,0.0166667,30.341009626165,0.9122721,0.4500327,-0.591259,0.188656,0.1281119,-0.02346252,0.9733683
82598,0.0166677,30.3576773256063,0.9123936,0.4499433,-0.5909793,0.1887651,0.1282287,-0.02343163,0.9733325
82602,0.0166663,30.3743436262012,0.9124617,0.4498919,-0.5908086,0.1888547,0.1282954,-0.02335297,0.9733083
82606,0.0166679,30.3910115268081,0.9125877,0.449815,-0.5905194,0.1890243,0.12837,-0.02322905,0.9732684
82608,0.0166666,30.4076781272888,0.9126446,0.4497704,-0.5903608,0.1891575,0.128408,-0.02318053,0.9732387
82614,0.0166734,30.4243515264243,0.9127527,0.4497319,-0.5900749,0.1893265,0.1284256,-0.02316641,0.9732038
82618,0.0166608,30.441012326628,0.9128812,0.44964,-0.5897387,0.1894362,0.1284977,-0.02318041,0.9731726
82620,0.0166689,30.4576812274754,0.9129428,0.4496027,-0.589564,0.1894618,0.128491,-0.02318705,0.9731684
82622,0.0166647,30.474345928058,0.9130164,0.4495528,-0.5893635,0.1894997,0.1284537,-0.02318286,0.973166
82626,0.0166677,30.4910136274993,0.9131379,0.4494331,-0.5890303,0.1895676,0.1283529,-0.02324734,0.9731646
82630,0.0166674,30.5076810270548,0.9132022,0.4493852,-0.5888694,0.1896279,0.1282828,-0.02331615,0.9731604
82632,0.0166662,30.5243472270668,0.9133066,0.449287,-0.5885866,0.189773,0.1282133,-0.02342249,0.9731387
82638,0.0166668,30.5410140268505,0.9134001,0.449157,-0.5882809,0.189977,0.1281403,-0.02353526,0.9731058
82640,0.0166672,30.5576812271029,0.913451,0.4490885,-0.5881328,0.1900955,0.1281486,-0.02360287,0.97308
82644,0.0166663,30.5743475276977,0.9135028,0.4489646,-0.5878353,0.1903901,0.1281993,-0.02374829,0.9730121
82646,0.0166675,30.591015027836,0.9135637,0.4489085,-0.5876758,0.1905336,0.1282305,-0.02378879,0.9729789
82650,0.0166673,30.6076823286712,0.9136648,0.4487523,-0.5874068,0.1908281,0.1283455,-0.02387235,0.972904
82652,0.0166683,30.6243506278843,0.913708,0.4487048,-0.5872627,0.1909559,0.1284551,-0.02388377,0.9728642
82658,0.0166662,30.6410168278962,0.913841,0.4485792,-0.5869814,0.1912064,0.1286018,-0.02393702,0.9727943
82660,0.0166666,30.6576834283769,0.9139052,0.4485215,-0.5868409,0.1913209,0.1287261,-0.02393648,0.9727554
82664,0.0166667,30.6743501275778,0.9139971,0.4483881,-0.5866256,0.1915699,0.1288381,-0.02393407,0.9726915
82666,0.0166669,30.6910170279443,0.9140339,0.4483029,-0.5864664,0.1917079,0.1288664,-0.02395176,0.9726602
82670,0.0166673,30.7076843287796,0.9141439,0.4481942,-0.5861841,0.1919331,0.128852,-0.02398916,0.9726168
82674,0.0166671,30.7243514284492,0.9141923,0.4481508,-0.5860769,0.1920108,0.1288036,-0.02400875,0.9726074
82678,0.0166664,30.7410178277642,0.9142427,0.4480757,-0.5858943,0.1921563,0.1287093,-0.02401762,0.9725909
82680,0.0166663,30.757684128359,0.9142455,0.44804,-0.5858028,0.1922408,0.1286424,-0.02403781,0.9725826
82682,0.0166672,30.7743513286114,0.9142754,0.4479847,-0.5857195,0.1924002,0.1285684,-0.0240528,0.9725605
82686,0.0166679,30.7910192292184,0.914312,0.4478298,-0.5855641,0.1926543,0.1284473,-0.02409569,0.9725251
82688,0.0166662,30.8076854292303,0.9143509,0.4477896,-0.5854946,0.1927967,0.1284136,-0.0241441,0.9725001
82694,0.016669,30.824354428798,0.9143946,0.4476725,-0.5853432,0.1930285,0.1283305,-0.02416904,0.9724645
82696,0.0166648,30.8410192281008,0.9143921,0.4476459,-0.5852923,0.1931081,0.1283151,-0.02417465,0.9724506
82700,0.0166682,30.8576874285936,0.9143869,0.4475547,-0.5852019,0.1932994,0.1283307,-0.02414259,0.9724113
82704,0.0166659,30.8743533287197,0.9143721,0.44746,-0.5851159,0.1934336,0.1283373,-0.0240177,0.9723868
82706,0.016667,30.8910203278065,0.9143807,0.4474157,-0.5850544,0.1934915,0.1283374,-0.02395357,0.9723769
82710,0.0166666,30.9076869282871,0.9143654,0.447385,-0.5849383,0.1935209,0.1282696,-0.02380384,0.9723837
82712,0.0166671,30.9243540279567,0.914369,0.4473603,-0.5848858,0.193574,0.1282208,-0.02377871,0.9723802
82718,0.0166665,30.9410205278546,0.9143928,0.4472682,-0.5848006,0.1937758,0.1281552,-0.02379221,0.9723483
82720,0.0166679,30.9576884284616,0.9143857,0.447231,-0.5847536,0.1939337,0.1281177,-0.02381993,0.972321
82724,0.016666,30.9743544291705,0.9143953,0.4471028,-0.5847211,0.1942995,0.1280596,-0.02382869,0.9722555
82726,0.0166681,30.9910225290805,0.9143834,0.4470412,-0.5847221,0.1944814,0.1280183,-0.02381944,0.9722248
82730,0.0166659,31.0076884292066,0.9143638,0.4469487,-0.5847077,0.1947783,0.1280033,-0.0238104,0.9721676
82732,0.0166694,31.0243578292429,0.9143283,0.4469061,-0.5847068,0.1949489,0.1280071,-0.02380922,0.9721329
82738,0.0166654,31.0410232283175,0.9142491,0.4468318,-0.5847088,0.1952647,0.1280053,-0.02378035,0.9720705
82740,0.016667,31.0576902274042,0.914211,0.4468017,-0.5847455,0.1953549,0.1279797,-0.02374972,0.9720564
82744,0.0166667,31.0743569266051,0.9140782,0.4467361,-0.58477,0.1955231,0.1279597,-0.02362773,0.9720282
82746,0.0166679,31.0910248272121,0.9139842,0.4467358,-0.5848643,0.1955342,0.1279213,-0.02353074,0.9720333
82750,0.0166703,31.107695126906,0.9137964,0.4467447,-0.5849082,0.1954482,0.1277119,-0.02326209,0.9720846
82752,0.0166682,31.1243633273989,0.9137001,0.4467655,-0.5849344,0.1953533,0.1275416,-0.0231328,0.9721292
82758,0.016668,31.1410313267261,0.9134758,0.4467905,-0.5850457,0.1951528,0.127136,-0.02291916,0.9722276
82760,0.0166641,31.157695427537,0.9133357,0.4468144,-0.5851038,0.1950625,0.1268608,-0.02283473,0.9722837
82764,0.0166685,31.1743639279157,0.9131141,0.4468425,-0.5851785,0.1949906,0.126378,-0.02280028,0.9723618
82766,0.0166661,31.1910300273448,0.9129841,0.4468578,-0.585215,0.1949713,0.1261388,-0.02277564,0.9723973
82770,0.0166663,31.2076963279396,0.9127778,0.4468857,-0.5852444,0.1949604,0.1256912,-0.02270537,0.9724591
82772,0.0166679,31.2243642285466,0.9126962,0.4468792,-0.5852752,0.1949537,0.1255371,-0.02265903,0.9724814
82776,0.0166673,31.2410315293819,0.9125826,0.4468769,-0.5853025,0.1949195,0.1253777,-0.02252352,0.9725119
82780,0.016666,31.2576975300908,0.9124312,0.4468782,-0.5853685,0.1949298,0.1252406,-0.02227348,0.9725333
82782,0.0166677,31.2743652295321,0.9123398,0.446865,-0.5854278,0.1949492,0.1252232,-0.02213037,0.972535
82786,0.0166673,31.2910325303674,0.9122631,0.446876,-0.5855131,0.1949652,0.1251915,-0.02198463,0.9725391
82790,0.0166665,31.3076990302652,0.912188,0.4468928,-0.5855528,0.1949559,0.1252028,-0.02188925,0.9725417
82792,0.0171101,31.3248091302812,0.9121419,0.4469115,-0.5855995,0.1948873,0.1251799,-0.02183481,0.9725596
82798,0.0166687,31.341477829963,0.9120675,0.4469246,-0.5856251,0.1947722,0.1250803,-0.02176251,0.9725971
82800,0.016666,31.3581438306719,0.9120099,0.4469487,-0.5856413,0.1947363,0.1249952,-0.02170837,0.9726164
82804,0.0166674,31.3748112302274,0.9119471,0.4469452,-0.5856254,0.1946721,0.1247889,-0.02164004,0.9726573
82806,0.0166657,31.3914769310504,0.9119327,0.4469618,-0.5856304,0.1946554,0.1246509,-0.02162243,0.9726788
82810,0.0166717,31.4081486314535,0.9118825,0.4469614,-0.5855697,0.1946732,0.1244242,-0.02158013,0.9727051
82812,0.0166628,31.4248114321381,0.9118568,0.4469767,-0.5855663,0.1946844,0.1243469,-0.02157059,0.972713
82818,0.0166693,31.4414807315916,0.911826,0.44696,-0.5855618,0.1946998,0.1242219,-0.02152379,0.9727269
82820,0.0166655,31.458146231249,0.9118339,0.4469426,-0.5855457,0.1947379,0.1242046,-0.02149276,0.9727222
82824,0.0166666,31.4748128317297,0.9118563,0.4469053,-0.5855209,0.1948177,0.1242066,-0.02138529,0.9727083
82826,0.0166662,31.4914790317416,0.9118621,0.446879,-0.5854629,0.1948846,0.1242346,-0.02133383,0.9726925
82830,0.0166697,31.5081487316638,0.9119006,0.4468356,-0.5854141,0.194998,0.1242417,-0.02122596,0.9726712
82832,0.016666,31.5248147323728,0.9119094,0.4468001,-0.5853824,0.1950617,0.1242566,-0.0212078,0.9726569
82838,0.016667,31.5414817314595,0.9118899,0.4467818,-0.585327,0.1951599,0.1242072,-0.02120891,0.9726435
82840,0.0166675,31.5581492315978,0.9118912,0.4467681,-0.5852923,0.1952141,0.1241623,-0.0211791,0.972639
82844,0.0166666,31.5748158320785,0.9118633,0.4466965,-0.5852255,0.1953115,0.1240875,-0.0210839,0.9726311
82846,0.0166677,31.5914835315198,0.9118598,0.4466787,-0.5851598,0.1953799,0.124031,-0.02103071,0.9726257
82850,0.0166659,31.6081494316459,0.9118485,0.4466531,-0.5850705,0.1954939,0.1238961,-0.02096383,0.9726214
82852,0.0166668,31.6248162314296,0.9118367,0.446664,-0.5851168,0.195493,0.1238188,-0.02088893,0.9726331
82858,0.0166673,31.6414835322648,0.9118459,0.4466606,-0.5851359,0.1955072,0.1236501,-0.02077326,0.9726542
82860,0.0166719,31.658155431971,0.9118223,0.4466718,-0.5851427,0.1955057,0.1236266,-0.02076132,0.9726577
82864,0.0166622,31.6748176328838,0.9118105,0.4466565,-0.585131,0.1954777,0.1235852,-0.02074338,0.972669
82866,0.0166673,31.691484933719,0.9118018,0.4466568,-0.5851424,0.1954692,0.123594,-0.02073117,0.9726698
82870,0.0166667,31.7081516329199,0.9117674,0.4466698,-0.5852125,0.195437,0.1236806,-0.02074446,0.972665
82872,0.0166666,31.7248182334006,0.9117588,0.446677,-0.5852442,0.1954252,0.1237442,-0.02070539,0.9726601
82878,0.0166674,31.741485632956,0.911719,0.4467228,-0.5853301,0.1953569,0.1238795,-0.0205767,0.9726593
82880,0.0166669,31.7581525333226,0.9117203,0.446744,-0.5853601,0.195264,0.1239472,-0.020506,0.9726709
82884,0.0166666,31.7748191338032,0.9116786,0.4468354,-0.5854342,0.1951042,0.1240619,-0.02040352,0.9726905
82886,0.0166663,31.7914854343981,0.9116739,0.4468755,-0.5854998,0.1949975,0.1240923,-0.02037652,0.9727086
82890,0.0166696,31.8081550337374,0.9115945,0.4469504,-0.5856148,0.1947738,0.12412,-0.02034246,0.9727505
82892,0.016665,31.8248200342059,0.9115511,0.4469847,-0.5856691,0.1946254,0.1240944,-0.02029951,0.9727844
82898,0.0166667,31.8414867334068,0.9114355,0.4470669,-0.5857623,0.1943816,0.1239575,-0.0202195,0.9728523
82900,0.0166673,31.858154034242,0.9113818,0.4471065,-0.5858099,0.1942552,0.1238708,-0.0202088,0.9728888
82904,0.0166669,31.8748209346086,0.9112664,0.4472403,-0.5859029,0.1940343,0.1237129,-0.02015118,0.9729542
82906,0.0166673,31.8914882354438,0.9111871,0.4473105,-0.5859527,0.1939181,0.1236251,-0.02010396,0.9729894
82910,0.0166682,31.9081564359367,0.911003,0.447455,-0.5861116,0.1935905,0.1233832,-0.01984599,0.9730907
82912,0.0166667,31.9248231351376,0.9109029,0.4475311,-0.5861716,0.1933926,0.1232442,-0.01962941,0.973152
82918,0.0166667,31.9414898343384,0.9106946,0.4476784,-0.586305,0.1930563,0.122973,-0.01910936,0.9732634
82920,0.0166678,31.9581576343626,0.910569,0.4477578,-0.5864536,0.1928831,0.122834,-0.01881075,0.9733212
82924,0.0166666,31.9748242348433,0.9103328,0.4478655,-0.5866328,0.192624,0.122713,-0.01835402,0.9733965
82926,0.0166661,31.9914903342724,0.9102121,0.4479488,-0.5867196,0.192461,0.1226605,-0.01816641,0.9734389
82930,0.0166672,32.0081575345248,0.9099133,0.4481353,-0.5868297,0.1919479,0.1224545,-0.01756321,0.9735771
82932,0.0166665,32.0248240344226,0.909761,0.4482623,-0.5868445,0.1916641,0.1222762,-0.01725411,0.973661
82938,0.016667,32.0414910335094,0.9095163,0.4484583,-0.5868407,0.1910995,0.1217209,-0.01656703,0.9738535
82940,0.0166666,32.05815763399,0.9093858,0.4485171,-0.586862,0.1908994,0.1213911,-0.01624807,0.9739392
82944,0.0166674,32.0748250335455,0.9090971,0.4486457,-0.5868947,0.1906654,0.1207594,-0.01578301,0.9740713
82946,0.0166673,32.0914923343807,0.908978,0.4487155,-0.5869094,0.1905894,0.1204279,-0.01560908,0.97413
82950,0.0166665,32.1081588342786,0.9087304,0.448827,-0.5869191,0.1903857,0.1198141,-0.01533868,0.9742498
82952,0.0166672,32.124826034531,0.9086447,0.4488648,-0.5869498,0.1902189,0.1194917,-0.01522529,0.9743237
82958,0.0166663,32.1414923351258,0.9084382,0.4489208,-0.5869539,0.1898884,0.1189531,-0.01510511,0.974456
82960,0.016667,32.1581593342125,0.9083565,0.4489634,-0.5869527,0.189721,0.1186793,-0.01503519,0.974523
82964,0.0166669,32.1748262345791,0.9082112,0.4489883,-0.5869101,0.1894963,0.1182129,-0.01489452,0.9746256
82966,0.0166668,32.1914930343628,0.9081529,0.4490074,-0.5868598,0.1894548,0.1179787,-0.01484243,0.9746628
82970,0.016672,32.2081650346518,0.9079947,0.4490491,-0.5868333,0.1893941,0.1175864,-0.01470995,0.9747241
82972,0.0166623,32.2248273342848,0.9079099,0.4490384,-0.5867429,0.1893775,0.117382,-0.01464012,0.974753
82978,0.016667,32.2414943333715,0.9077325,0.4490625,-0.5866998,0.1893445,0.1169686,-0.01447344,0.9748116
82980,0.0166672,32.2581615336239,0.907641,0.4490723,-0.5866568,0.1893306,0.1167509,-0.01438707,0.9748417
82984,0.0166671,32.2748286332935,0.9073807,0.4491131,-0.5865228,0.1892751,0.1162252,-0.01409474,0.9749195
82986,0.0171932,32.2920218333602,0.9072205,0.4491519,-0.5865148,0.1892333,0.1159,-0.01388509,0.9749693
82990,0.0166688,32.3086906336248,0.906876,0.4492128,-0.5864133,0.1890465,0.1150175,-0.01333357,0.9751177
82992,0.0166663,32.3253569342196,0.9066031,0.4493053,-0.5863603,0.1889171,0.1144858,-0.01299772,0.97521
82996,0.0166667,32.3420236334205,0.9060363,0.4494425,-0.5862972,0.188587,0.1131002,-0.01220601,0.9754457
83000,0.0166654,32.358689032495,0.9057522,0.4495239,-0.5862567,0.1883889,0.1124214,-0.01184045,0.9755669
83004,0.0166682,32.3753572329879,0.9050665,0.4496913,-0.586181,0.1878719,0.1108061,-0.01089141,0.9758625
83006,0.016667,32.3920242320746,0.9046239,0.4498246,-0.5861297,0.1874826,0.1096564,-0.01021138,0.9760746
83010,0.0166668,32.4086910318583,0.9039534,0.4500356,-0.5860378,0.186875,0.1078175,-0.009197593,0.9764059
83014,0.016667,32.4253580309451,0.9031379,0.4503063,-0.5859314,0.1861657,0.1056904,-0.008051353,0.9767841
83016,0.0166653,32.4420233312994,0.9026984,0.450409,-0.5858698,0.1858063,0.1046507,-0.00745697,0.9769691
83020,0.0166691,32.4586924314499,0.9021422,0.4505737,-0.5858774,0.1853835,0.103271,-0.006650016,0.9772021
83024,0.0166661,32.475358530879,0.9010804,0.4508167,-0.585824,0.1847427,0.1006416,-0.005042328,0.9776073
83026,0.0166672,32.4920257311314,0.9005011,0.4509608,-0.5858033,0.1843801,0.09900592,-0.004030263,0.9778474
83030,0.0166667,32.5086924303323,0.8992191,0.4512173,-0.5857882,0.1836591,0.0956189,-0.001996199,0.9783263
83032,0.0166674,32.5253598298877,0.8984289,0.4513673,-0.5857536,0.1832532,0.09359035,-0.0008408016,0.9786003
83038,0.0166677,32.5420275293291,0.8970335,0.4516375,-0.5857362,0.182506,0.09002061,0.00108607,0.9790744
83040,0.016665,32.5586925297976,0.8962507,0.4517294,-0.5856872,0.1821789,0.0883929,0.001970578,0.9792823
83044,0.0166675,32.5753600299358,0.8947725,0.4520201,-0.5856593,0.1814229,0.08480065,0.003938225,0.9797342
83046,0.0166669,32.5920269303024,0.8940312,0.4521221,-0.5856423,0.1810543,0.08305437,0.004947674,0.9799474
83050,0.0166691,32.6086960304528,0.8925907,0.4523692,-0.5856452,0.1803656,0.07952154,0.006957293,0.9803551
83054,0.0166644,32.6253604311496,0.8912795,0.4525363,-0.585727,0.1797361,0.07666767,0.008661791,0.9806845
83058,0.0175036,32.6428640317172,0.8905651,0.4526379,-0.5857469,0.1794854,0.0753905,0.009477207,0.9808218
83060,0.0166755,32.6595395319164,0.8893086,0.4527709,-0.5857878,0.1789459,0.0729438,0.01113055,0.981088
83064,0.0166612,32.6762007325888,0.8886968,0.4528679,-0.5858206,0.1786585,0.07181371,0.01200582,0.9812135
83066,0.0166691,32.6928698327392,0.8880745,0.452965,-0.5858633,0.1783265,0.07068345,0.01293734,0.981344
83070,0.0166664,32.7095362320542,0.8869225,0.4530957,-0.5858532,0.1777277,0.06867023,0.01466214,0.9815714
83072,0.0166668,32.7262030318379,0.8863979,0.4531691,-0.5858179,0.1774445,0.06774628,0.01550117,0.9816739
83078,0.0166665,32.7428695317358,0.8853782,0.4532309,-0.5857528,0.1769804,0.06617575,0.01699697,0.98184
83080,0.0166716,32.759541131556,0.8848953,0.4532473,-0.5857152,0.1767801,0.06543851,0.01779201,0.9819115
83084,0.0166628,32.7762039322406,0.8841038,0.4532093,-0.5856185,0.1766223,0.06426429,0.01898168,0.9819951
83088,0.0166718,32.7928757313639,0.8833108,0.4531886,-0.5855069,0.1765921,0.06316715,0.02015936,0.9820483
83090,0.0176035,32.8104792311788,0.8829865,0.4531578,-0.5853984,0.1766519,0.06268999,0.02068327,0.9820572
83094,0.0166686,32.8271478302777,0.8824484,0.4530544,-0.5852618,0.1768074,0.062001,0.02146355,0.9820562
83098,0.0167287,32.843876529485,0.8822253,0.452987,-0.5851687,0.1769387,0.0617597,0.02173355,0.9820418
83102,0.0166691,32.8605456296355,0.8819584,0.4528463,-0.5849628,0.1772036,0.06152759,0.02200533,0.9820026
83104,0.0166645,32.8772101290524,0.8818406,0.4527523,-0.5848715,0.1773386,0.0615512,0.0220435,0.9819759
83108,0.0166687,32.8938788287342,0.8817201,0.4525635,-0.584654,0.1776677,0.06178085,0.02204883,0.9819018
83110,0.01712,32.9109988287091,0.8817174,0.4524445,-0.5845683,0.1778217,0.06195469,0.02200176,0.9818641
83114,0.0166692,32.9276680294424,0.8817925,0.4521877,-0.5843468,0.1782465,0.06254805,0.02188218,0.9817521
83118,0.0195369,32.9472049288452,0.8819045,0.4521434,-0.5842521,0.1784537,0.06289556,0.02179909,0.9816941
83122,0.0166696,32.9638745281845,0.8822364,0.4519572,-0.5839654,0.1789181,0.06380721,0.02156631,0.9815559
83124,0.0166649,32.9805394280702,0.8824092,0.4518471,-0.5838478,0.1791114,0.06432174,0.02140037,0.9814907
83128,0.0166674,32.9972068276256,0.8828619,0.4516147,-0.5835338,0.1794943,0.06534328,0.02101712,0.9813615
83130,0.0166671,33.0138739272952,0.8831083,0.4514815,-0.5833686,0.1796765,0.06587243,0.02078265,0.9812977
83134,0.0166666,33.0305405277759,0.8836368,0.4511935,-0.5829927,0.1800712,0.06693343,0.02021429,0.9811655
83136,0.0166668,33.0472073275596,0.8839446,0.4510663,-0.5827867,0.1802994,0.06744467,0.01991631,0.9810947
83142,0.0166675,33.0638748276979,0.8845622,0.4507627,-0.582356,0.1807952,0.06841193,0.01926661,0.9809494
83144,0.0166659,33.080540727824,0.8848965,0.4506209,-0.5821549,0.1810392,0.06883563,0.01893385,0.9808812
83148,0.0166676,33.0972083285451,0.8855579,0.4502201,-0.5817055,0.1817688,0.06976698,0.01819106,0.9806945
83150,0.0166665,33.1138748284429,0.8859157,0.4500297,-0.5814525,0.1821121,0.07016707,0.01782008,0.9806091
83154,0.0166668,33.1305416282266,0.8866191,0.4496582,-0.5809654,0.1829392,0.07103391,0.01702016,0.9804069
83158,0.0166667,33.1472083274275,0.8870059,0.4494411,-0.5807022,0.1834157,0.07148973,0.01657448,0.9802924
83162,0.0166674,33.163875726983,0.8876651,0.4491332,-0.5802511,0.1842806,0.07228143,0.01579271,0.980085
83164,0.0166657,33.180541427806,0.8880312,0.4489562,-0.5799621,0.184742,0.07267123,0.01539214,0.9799757
83168,0.016668,33.1972094271332,0.8887172,0.4486117,-0.579486,0.1856256,0.07345033,0.01457537,0.9797632
83170,0.0166677,33.2138771265745,0.8890924,0.4484518,-0.5792645,0.1860337,0.07386504,0.01419963,0.9796601
83176,0.0166663,33.2305434271693,0.8897603,0.4481241,-0.5787901,0.1867069,0.0746429,0.01355115,0.9794822
83178,0.0166665,33.2472099270672,0.8901068,0.4479588,-0.578549,0.1871281,0.07513487,0.01317855,0.9793693
83182,0.0166674,33.2638773266226,0.8907639,0.4476867,-0.5781611,0.1877782,0.07595668,0.01259367,0.9791892
83184,0.0166663,33.2805436272174,0.8910815,0.4475015,-0.5779325,0.1881212,0.07636106,0.01228298,0.9790958
83188,0.0166671,33.297210726887,0.891715,0.4471023,-0.5775378,0.1888585,0.07715482,0.01164601,0.9788994
83190,0.016667,33.3138777259737,0.8920298,0.4469264,-0.5773464,0.1892592,0.07758872,0.01130837,0.9787917
83194,0.0166668,33.3305445257574,0.8926744,0.4466042,-0.5770413,0.1900069,0.07843307,0.0106795,0.9785866
83198,0.0166674,33.3472119253129,0.8929682,0.4464467,-0.5768942,0.1903836,0.07884424,0.01037497,0.9784836
83202,0.0166664,33.3638783246279,0.8936004,0.4460748,-0.5765505,0.1911998,0.07984626,0.009628283,0.9782507
83204,0.0166674,33.3805457241833,0.8939057,0.4459157,-0.5764132,0.1915492,0.08030886,0.009282138,0.9781479
83208,0.0166668,33.397212523967,0.8944862,0.4455812,-0.5762019,0.1921601,0.08121069,0.008619776,0.9779596
83210,0.0166668,33.4138793237507,0.8947636,0.4454629,-0.5761357,0.1924901,0.08171579,0.008261295,0.9778557
83214,0.0166669,33.4305462241173,0.8953521,0.445177,-0.5758941,0.1930976,0.08272116,0.007509352,0.9776575
83216,0.0166664,33.4472126234323,0.8956233,0.4450489,-0.5758013,0.1933398,0.08314255,0.007183595,0.9775763
83222,0.0166673,33.4638799242675,0.896116,0.4448597,-0.5756562,0.1937814,0.0840705,0.006558358,0.9774139
83224,0.0166665,33.4805464241654,0.8963509,0.4447778,-0.5755759,0.1939747,0.08449478,0.006266448,0.9773409
83228,0.016668,33.4972144234926,0.8968037,0.4446497,-0.5754297,0.1942287,0.08509739,0.005802868,0.977241
83230,0.016666,33.5138804242015,0.8970034,0.4445587,-0.5753906,0.1943849,0.08541333,0.005551906,0.9771839
83234,0.016667,33.5305474232882,0.8973355,0.4444003,-0.5753299,0.1946872,0.08588587,0.00502634,0.9770851
83238,0.0166669,33.5472143236548,0.8974928,0.4443308,-0.5753095,0.1948275,0.0860952,0.004776857,0.97704
83242,0.0166675,33.5638818237931,0.8978302,0.4441917,-0.5752629,0.1951223,0.08648203,0.004199662,0.9769496
83244,0.0166661,33.5805479232222,0.8979362,0.4441115,-0.5752605,0.1951983,0.08666856,0.003962223,0.9769189
83248,0.0166672,33.5972151234746,0.8981721,0.4440529,-0.575254,0.1952964,0.08699664,0.003555587,0.9768717
83250,0.0166669,33.6138820238411,0.8982801,0.4440192,-0.5752614,0.1952797,0.08715256,0.00340099,0.9768617
83254,0.0166666,33.6305486243218,0.8984556,0.4439938,-0.5752956,0.1952836,0.08744351,0.00309563,0.9768359
83258,0.0166671,33.6472157239914,0.898553,0.4439847,-0.5753244,0.1952383,0.08760559,0.002959286,0.9768309
83262,0.0166668,33.6638825237751,0.898711,0.4439391,-0.5753557,0.1951581,0.08781518,0.002769254,0.9768286
83264,0.0166666,33.6805491242558,0.8988054,0.4439391,-0.5753856,0.1950978,0.08790035,0.002672844,0.9768333
83268,0.0166677,33.6972168236971,0.8989528,0.4439067,-0.5754001,0.1950857,0.08799466,0.002444051,0.9768278
83270,0.0166666,33.7138834241778,0.8990082,0.4438833,-0.5754229,0.195118,0.08803932,0.002319801,0.9768177
83274,0.0166667,33.7305501233786,0.8991031,0.4438274,-0.5754299,0.1952179,0.08811634,0.002035348,0.9767914
83278,0.0166672,33.747217323631,0.899148,0.4438182,-0.5754485,0.1952417,0.08816114,0.001916593,0.9767828
83282,0.0166671,33.7638844233006,0.8992389,0.4437585,-0.5754262,0.1952288,0.08821435,0.001724639,0.976781
83284,0.0167253,33.7806097231805,0.8992784,0.4437425,-0.5754447,0.1951905,0.08826226,0.001597586,0.9767845
83288,0.0166711,33.7972808238119,0.8994002,0.4437687,-0.5754869,0.1950843,0.08835957,0.001297814,0.9767973
83290,0.0166639,33.8139447234571,0.8994426,0.4437636,-0.5755075,0.1950292,0.08839545,0.001151522,0.9768053
83294,0.0166667,33.830611422658,0.8995058,0.443756,-0.5755653,0.1948908,0.08846195,0.0009128768,0.9768271
83298,0.0166681,33.847279522568,0.8995489,0.4437481,-0.5755872,0.1947975,0.0884813,0.0007968655,0.9768441
83302,0.0166676,33.8639471232891,0.8996073,0.4437673,-0.5756226,0.1945751,0.08848604,0.0006164564,0.9768881
83304,0.0166646,33.8806117232889,0.8996392,0.4437968,-0.5756455,0.1944598,0.08846708,0.000536932,0.9769129
83308,0.0166677,33.8972794227302,0.8996859,0.4438727,-0.5756443,0.1941878,0.08848117,0.0003299628,0.9769658
83310,0.0166664,33.9139458220452,0.8997089,0.4439128,-0.5756586,0.1940499,0.08848711,0.0002408216,0.9769927
83314,0.0166682,33.9306140225381,0.8997816,0.4440195,-0.575689,0.1937902,0.08848604,6.382749E-05,0.9770443
83318,0.0166654,33.9472794216126,0.8998156,0.4440627,-0.5756826,0.1936813,0.08844566,-1.361236E-05,0.9770696
83322,0.0166685,33.9639479219913,0.899844,0.4441378,-0.57569,0.1934495,0.08836816,-0.0002126161,0.9771225
83324,0.0166673,33.9806152228266,0.8998519,0.4441797,-0.5756951,0.1933607,0.08836659,-0.0002856443,0.9771402
83328,0.0166667,33.9972819220275,0.8998432,0.4442476,-0.5757231,0.1931888,0.08838093,-0.0004465355,0.9771729
83330,0.0166652,34.013947121799,0.8998417,0.444302,-0.5757279,0.1931206,0.08839218,-0.0004705604,0.9771853
83334,0.0166677,34.0306148212403,0.8998223,0.4443904,-0.5757775,0.1929979,0.08843822,-0.0004608621,0.9772054
83338,0.0166667,34.0472815204412,0.8997979,0.4444312,-0.5758163,0.1929374,0.08843996,-0.0004364607,0.9772172
83342,0.0166685,34.0639500208199,0.8997133,0.444544,-0.5759099,0.1928239,0.08844386,-0.0003149558,0.9772393
83344,0.0166652,34.0806152205914,0.8996717,0.4445861,-0.5759392,0.1927461,0.08843876,-0.0002432271,0.9772551
83348,0.0166674,34.0972826201469,0.8995567,0.4447415,-0.5760655,0.1925006,0.08845937,-9.060583E-05,0.9773017
83350,0.0166661,34.113948719576,0.8995023,0.4448181,-0.5761194,0.1923322,0.08845621,-4.280138E-05,0.9773351
83354,0.0166692,34.1306179203093,0.8993591,0.4450186,-0.576202,0.1919903,0.08843999,2.624635E-05,0.9774038
83358,0.0166674,34.1472853198648,0.8993089,0.4451116,-0.5762681,0.1917728,0.08841994,3.781989E-05,0.9774483
83362,0.0166654,34.1639507189393,0.8991875,0.4452716,-0.5763698,0.1913503,0.08839218,7.478335E-05,0.9775336
83364,0.0166662,34.1806169189513,0.8991134,0.4453295,-0.5764496,0.1910989,0.08834854,0.0001004653,0.9775867
83368,0.0166687,34.197285618633,0.8989971,0.4454598,-0.5765586,0.1906615,0.08835961,0.0001374058,0.9776711
83370,0.0171324,34.2144180182368,0.8989637,0.4455132,-0.5766127,0.1905011,0.08839896,0.0001340251,0.9776988
83374,0.0166682,34.2310862187296,0.8988917,0.4455998,-0.5767426,0.1902265,0.08856441,7.658519E-05,0.9777373
83378,0.0166665,34.2477527186275,0.8988787,0.4456381,-0.5768138,0.1901108,0.08866999,4.76277E-05,0.9777502
83382,0.0166675,34.2644202187657,0.8988385,0.4457254,-0.5768794,0.1898484,0.08886259,2.490553E-05,0.9777837
83384,0.0166665,34.2810867186636,0.8987991,0.4457594,-0.5769438,0.1896603,0.08896933,8.049215E-06,0.9778105
83388,0.0166671,34.2977538183331,0.8987761,0.4458022,-0.5770215,0.1893717,0.08912642,-1.136995E-05,0.9778522
83392,0.0166669,34.3144207186997,0.8987341,0.4458935,-0.5770489,0.1891273,0.08926009,-8.434489E-05,0.9778873
83394,0.017987,34.3324077185243,0.8987321,0.4458907,-0.5770703,0.189017,0.08932219,-0.0001406437,0.9779029
83398,0.0166683,34.3490760177374,0.8987226,0.4459113,-0.5770997,0.1889414,0.08935252,-0.0001862998,0.9779148
83402,0.0166672,34.3657432179898,0.8986966,0.4459189,-0.5771505,0.1887925,0.08938819,-0.0002718314,0.9779403
83404,0.016667,34.3824102170765,0.8986936,0.4459344,-0.5771597,0.1887643,0.08935399,-0.0003188223,0.9779488
83408,0.0166673,34.3990775179118,0.8986346,0.4459238,-0.5772054,0.1887543,0.08926367,-0.0004008141,0.9779589
83410,0.0166664,34.4157439172268,0.8985875,0.4459138,-0.5772354,0.1887738,0.08915494,-0.0004490678,0.9779651
83414,0.0166667,34.4324106164277,0.8985338,0.4459166,-0.5772348,0.1887957,0.08900653,-0.0004968956,0.9779744
83418,0.0166701,34.4490807168186,0.8984598,0.4458775,-0.5772331,0.1888308,0.0888506,-0.0005173452,0.9779817
83422,0.0166633,34.465744016692,0.8984461,0.4458641,-0.5772256,0.18883,0.08878903,-0.0005079592,0.9779875
83424,0.016669,34.4824130162597,0.8984254,0.4458632,-0.5772139,0.1888606,0.08874915,-0.0004776805,0.9779852
83428,0.016666,34.4990790169686,0.8984105,0.4458549,-0.5772061,0.1889219,0.0887229,-0.0003996092,0.9779758
83430,0.0166704,34.5157494172454,0.8984053,0.445839,-0.577196,0.188962,0.08873627,-0.0003109485,0.9779668
83434,0.0166634,34.5324128177017,0.8983861,0.4458436,-0.5771505,0.1890173,0.08876011,-0.000131894,0.977954
83438,0.0166693,34.5490821171552,0.8983736,0.4458449,-0.5771275,0.1890583,0.08877575,0.000120255,0.9779447
83440,0.0166645,34.5657466165721,0.8983555,0.4458297,-0.5770856,0.1890972,0.08877739,0.000240949,0.977937
83446,0.0166705,34.5824171174318,0.898343,0.4458229,-0.5770352,0.1892055,0.08878393,0.0003977472,0.9779154
83448,0.0166755,34.599092617631,0.8983436,0.4458079,-0.5770214,0.1892846,0.08876994,0.0004770138,0.9779013
83450,0.0166686,34.6157612167299,0.8983585,0.4457694,-0.5769702,0.1893507,0.08874332,0.0005558968,0.9778909
83454,0.0166657,34.6324269175529,0.8983611,0.4457579,-0.5769215,0.1894203,0.08874284,0.00066112,0.9778774
83456,0.0166695,34.6490964181721,0.8983475,0.445706,-0.5768901,0.1894218,0.08876881,0.0006485502,0.9778748
83462,0.0166643,34.665760718286,0.8984047,0.4456336,-0.5768152,0.1895392,0.08884474,0.0005953741,0.9778452
83464,0.0166695,34.6824302189052,0.8984359,0.4456027,-0.576807,0.1896493,0.08890329,0.0005568504,0.9778185
83468,0.0166662,34.6990964189172,0.8985307,0.4456046,-0.5768593,0.1898656,0.08897428,0.0004473095,0.9777701
83470,0.0166711,34.7157675195485,0.8985715,0.4456113,-0.5768488,0.1899274,0.08902778,0.000372403,0.9777533
83474,0.0166618,34.7324293199927,0.8986234,0.4455783,-0.5768371,0.18996,0.08918848,0.0002275478,0.9777324
83476,0.0166671,34.7490964196622,0.8986645,0.4455633,-0.5768327,0.1899346,0.08923415,0.000108141,0.9777332
83482,0.0166676,34.7657640203834,0.898719,0.4455844,-0.5768304,0.1898579,0.08931912,-8.777713E-05,0.9777403
83484,0.0166661,34.7824301198125,0.8987474,0.4455486,-0.576812,0.1898424,0.0893581,-0.0001770136,0.9777398
83488,0.0166679,34.7990980204195,0.8987654,0.4455462,-0.5768298,0.1898761,0.08934706,-0.0002360401,0.9777342
83490,0.0166663,34.8157643210143,0.898769,0.445527,-0.5768422,0.1899268,0.08932743,-0.0002346828,0.9777261
83494,0.0166671,34.8324314206839,0.898756,0.4454926,-0.5768821,0.1900111,0.08921518,-0.0002209819,0.97772
83498,0.016666,34.8490974213928,0.8987572,0.445483,-0.5768948,0.1900526,0.08913916,-0.0002247114,0.9777189
83502,0.016668,34.86576542072,0.898738,0.4454752,-0.5768681,0.1900794,0.08907282,-0.0002085865,0.9777197
83504,0.0166663,34.8824317213148,0.8987373,0.4455258,-0.5769377,0.1900327,0.08901012,-0.0002299601,0.9777345
83508,0.0166679,34.8990996219218,0.8986948,0.4454985,-0.5769961,0.1899228,0.08888866,-0.0002765706,0.9777669
83510,0.0166659,34.9157655220479,0.8986769,0.4455194,-0.5770333,0.1898758,0.08884401,-0.0003120185,0.97778
83514,0.0166676,34.932433122769,0.8986604,0.4455135,-0.577103,0.1898535,0.08873632,-0.0004125132,0.9777941
83520,0.0166664,34.949099522084,0.8986316,0.4455657,-0.5771585,0.1898226,0.08870914,-0.0004547944,0.9778026
83522,0.0166663,34.9657658226788,0.8986295,0.4455714,-0.5771984,0.1898043,0.08871002,-0.0004425812,0.9778061
83526,0.0166677,34.9824335221201,0.8986117,0.4456236,-0.5772796,0.1896521,0.08872041,-0.0003108486,0.9778347
83528,0.0166658,34.9990993216634,0.8986294,0.445691,-0.5773017,0.1895835,0.08875867,-0.0002476112,0.9778445
83532,0.0166676,35.0157669223845,0.8986318,0.445826,-0.5774642,0.1893921,0.08881494,-0.0001818127,0.9778765
83534,0.0175215,35.033288422972,0.8986196,0.4458993,-0.5775697,0.1892443,0.08883232,-0.0001549291,0.9779036
83538,0.0166675,35.0499559231102,0.898611,0.4461652,-0.5777777,0.1888013,0.08896407,-0.000163988,0.9779773
83542,0.0166675,35.0666234232485,0.8985997,0.4462897,-0.5778551,0.1885226,0.08903997,-0.0001548109,0.9780241
83546,0.016667,35.0832904223353,0.8985426,0.4466709,-0.5781878,0.1877445,0.08926047,-9.520087E-05,0.9781536
83548,0.0166669,35.0999573227018,0.8984963,0.4468717,-0.5783679,0.1873366,0.08935148,-3.491186E-05,0.9782236
83552,0.0166667,35.1166240219027,0.8984115,0.4473303,-0.5787271,0.1863961,0.08957406,0.0001434485,0.9783828
83554,0.0166666,35.1332906223834,0.8983349,0.447604,-0.5789714,0.1859261,0.0896574,0.000238017,0.9784646
83560,0.0166681,35.1499587222934,0.8981522,0.4481663,-0.5794793,0.1846929,0.08975185,0.000597194,0.9786893
83562,0.0166694,35.1666281223297,0.8980335,0.4484869,-0.5797366,0.1840957,0.08977008,0.0007757066,0.9788001
83566,0.0166644,35.1832925230265,0.8977846,0.4490957,-0.580359,0.1827329,0.08981038,0.001178785,0.9790513
83568,0.016666,35.1999585237354,0.8976304,0.4494233,-0.580715,0.1820811,0.08985653,0.001397637,0.9791682
83570,0.0166677,35.2166262231767,0.8974583,0.4498506,-0.5811665,0.1813511,0.0898871,0.001670372,0.9793004
83574,0.0166665,35.2332927230746,0.8971836,0.4505025,-0.5819012,0.1800975,0.08991119,0.002207549,0.9795285
83578,0.016667,35.2499597221613,0.8969759,0.4509496,-0.5824362,0.1793291,0.08990663,0.002508446,0.9796692
83582,0.0166664,35.2666261214763,0.8966886,0.4516135,-0.5831998,0.1780469,0.08995601,0.002927438,0.9798973
83586,0.0166675,35.2832936216146,0.8963066,0.4524247,-0.584251,0.1763407,0.09013943,0.003442603,0.9801872
83588,0.0166667,35.2999603208154,0.8960918,0.4528442,-0.5848064,0.1754392,0.09025412,0.003702454,0.9803375
83592,0.0166673,35.3166276216507,0.8956568,0.4536586,-0.5859538,0.1735918,0.09040892,0.004183312,0.9806501
83594,0.016668,35.3332956209779,0.8953972,0.4540998,-0.5865852,0.1727295,0.09043527,0.004400251,0.980799
83598,0.016666,35.3499616216868,0.894902,0.4549834,-0.5878375,0.1708522,0.09049284,0.004799737,0.9811206
83602,0.016675,35.3666366208345,0.894587,0.4554391,-0.5885015,0.1699729,0.09049644,0.00495176,0.9812722
83606,0.016667,35.3833036199212,0.8940433,0.4562803,-0.5897967,0.1681723,0.0905252,0.005236474,0.9815782
83608,0.016666,35.3999696206301,0.8937123,0.456734,-0.5905205,0.1670888,0.09056087,0.005416054,0.981759
83612,0.0166695,35.4166391212493,0.8931283,0.4575739,-0.5918516,0.1651706,0.09051608,0.005756896,0.9820858
83614,0.0166642,35.4333033207804,0.8927545,0.4580418,-0.5926413,0.1641175,0.09045489,0.005972246,0.9822666
83618,0.0166676,35.4499709215015,0.8923492,0.4584915,-0.5934543,0.1630076,0.09035093,0.006213033,0.9824595
83622,0.0166668,35.4666377212852,0.8917252,0.4592746,-0.5947135,0.1612927,0.09015522,0.00660801,0.9827579
83624,0.0166668,35.4833045210689,0.8913813,0.4597092,-0.5954285,0.1602036,0.08998628,0.006838374,0.9829499
83628,0.0166676,35.4999721217901,0.890651,0.4605091,-0.5967575,0.1584254,0.08974347,0.007235609,0.9832574
83630,0.0166666,35.5166387222707,0.8902572,0.4609242,-0.5974703,0.1573631,0.08958045,0.007448376,0.9834413
83634,0.0166672,35.5333059225231,0.8895426,0.4617096,-0.5987729,0.1556204,0.08924887,0.007871736,0.9837454
83638,0.0166668,35.5499727223068,0.889092,0.4621314,-0.5995424,0.1546537,0.08905257,0.008131711,0.9839135
83642,0.0166669,35.5666396226734,0.8883575,0.4628815,-0.6008054,0.1529601,0.08863119,0.008636733,0.984212
83644,0.0166665,35.5833061225712,0.8879315,0.4632663,-0.6015248,0.152088,0.0883902,0.008898455,0.9843664
83648,0.0166669,35.5999730229378,0.8871426,0.4639747,-0.6028289,0.1503357,0.08786427,0.009319283,0.9846787
83652,0.0166669,35.6166399233043,0.8863649,0.4647292,-0.6040518,0.148554,0.087359,0.009724522,0.9849902
83654,0.0166659,35.6333058234304,0.8859693,0.4650974,-0.6046582,0.147657,0.08705246,0.00994227,0.98515
83658,0.0166679,35.6499737240374,0.8855152,0.4655615,-0.6053631,0.146582,0.08667414,0.01023303,0.9853409
83662,0.016667,35.6666407231241,0.8847462,0.4662292,-0.6064711,0.1450019,0.08606412,0.01068161,0.9856233
83664,0.0166665,35.683307223022,0.8843279,0.4666047,-0.6070871,0.1440748,0.08563627,0.01094037,0.9857937
83668,0.0166779,35.6999851223081,0.883526,0.4672022,-0.6082185,0.1426653,0.08497486,0.01128115,0.9860521
83670,0.016667,35.7166521213949,0.8830774,0.4675651,-0.6088529,0.1417788,0.08454115,0.01146299,0.9862151
83674,0.0166672,35.7333193216473,0.8823673,0.4681994,-0.6099097,0.1401668,0.08376128,0.01184666,0.9865075
83678,0.0166666,35.749985922128,0.8819166,0.4685744,-0.6105251,0.1392867,0.0833291,0.01208768,0.9866658
83682,0.0166673,35.7666532229632,0.881141,0.4692383,-0.6115784,0.1377668,0.08259728,0.01253082,0.9869351
83684,0.016666,35.7833192236722,0.8807532,0.469579,-0.6121298,0.1369359,0.08221516,0.01279026,0.9870794
83688,0.016669,35.7999882232398,0.8800358,0.4701637,-0.6131588,0.1355388,0.08161724,0.01322787,0.987316
83692,0.0166652,35.8166534230113,0.8792954,0.4707951,-0.6141698,0.1338811,0.08104882,0.0137261,0.9875822
83694,0.0166658,35.8333192225546,0.8789346,0.4711277,-0.6146551,0.1329826,0.0807539,0.01407955,0.9877228
83700,0.0166677,35.8499869219959,0.8782437,0.4717183,-0.6155906,0.1314412,0.08029843,0.01473118,0.9879567
83702,0.0166661,35.866653021425,0.8779264,0.4719539,-0.6160403,0.1306874,0.08008325,0.01501892,0.9880698
83706,0.0166699,35.8833229206502,0.8772461,0.4724756,-0.6169356,0.1294258,0.07973345,0.01560572,0.9882551
83708,0.0166639,35.8999868202955,0.8769366,0.4727179,-0.6173313,0.1287553,0.07951599,0.01593621,0.9883549
83712,0.0166679,35.9166547209024,0.8762749,0.4731338,-0.6181345,0.1275794,0.07898946,0.01663324,0.9885381
83714,0.0166661,35.9333208203316,0.8759616,0.4733539,-0.6185219,0.1269782,0.07869422,0.01704789,0.988632
83720,0.0166681,35.9499889202416,0.8752636,0.4736592,-0.6193074,0.1260143,0.07794967,0.01793054,0.9887987
83722,0.016666,35.9666549209505,0.8749379,0.4738103,-0.6196483,0.125625,0.07750323,0.01839201,0.9888748
83724,0.0166678,35.9833227209747,0.8744872,0.4739531,-0.6200751,0.1252636,0.07691091,0.01893718,0.9889566
83728,0.0166668,35.9999895207584,0.8737892,0.474125,-0.6206661,0.1248542,0.075754,0.01979172,0.9890809
83732,0.016667,36.0166565198451,0.8729736,0.4742806,-0.6212837,0.1244449,0.0740928,0.02080873,0.9892375
83734,0.0166659,36.0333224199712,0.8725011,0.4743232,-0.6215791,0.1242831,0.0730934,0.02134373,0.9893208
83738,0.0166675,36.0499899201095,0.8720109,0.4744155,-0.6219295,0.1240902,0.07202146,0.02184189,0.9894127
83742,0.0166684,36.0666583199054,0.8710724,0.4745117,-0.6224571,0.1238542,0.06962842,0.02286933,0.9895903
83744,0.016667,36.0833253189921,0.870458,0.4745872,-0.622803,0.1237177,0.06813556,0.02342075,0.9896985
83748,0.0166656,36.0999909192324,0.8695056,0.4746748,-0.6233423,0.1235103,0.0656293,0.02421938,0.9898745
83750,0.0166671,36.1166580189019,0.8688515,0.4747578,-0.6236997,0.123362,0.06404366,0.02471442,0.9899846
83754,0.016667,36.1333250179887,0.8677965,0.4748529,-0.624248,0.1230482,0.06123454,0.0255029,0.9901813
83758,0.0166678,36.1499928180128,0.8670952,0.4749394,-0.6245527,0.1228617,0.05954321,0.02591913,0.9902968
83762,0.0166655,36.1666583176702,0.8659675,0.4751069,-0.6249802,0.1224932,0.05639207,0.02659329,0.990509
83764,0.0166671,36.1833254173398,0.865294,0.4752237,-0.6252202,0.1222765,0.05461457,0.02687439,0.9906278
83768,0.0166666,36.1999920178205,0.8641381,0.4754225,-0.6256516,0.1218829,0.05164776,0.02721921,0.990826
83770,0.0166679,36.2166599184275,0.8633991,0.475544,-0.6258792,0.1216586,0.04985756,0.0273549,0.9909416
83774,0.0166663,36.2333262190223,0.8622611,0.4756887,-0.6261712,0.1212591,0.04712703,0.02748633,0.9911205
83780,0.0166673,36.2499935198575,0.8610784,0.4758972,-0.6264375,0.1208507,0.04451457,0.02753752,0.9912897
83782,0.0166654,36.2666589189321,0.8604178,0.4759662,-0.6265207,0.1205335,0.04295638,0.02755839,0.9913965
83784,0.0166685,36.2833274193108,0.8596978,0.4760747,-0.6266215,0.1202413,0.04153233,0.02755493,0.9914927
83788,0.0166664,36.2999938186258,0.8586003,0.4762159,-0.6267391,0.1199413,0.03959443,0.02750243,0.9916098
83792,0.0166671,36.3166609182954,0.8574362,0.4763308,-0.6267996,0.1196481,0.0377074,0.0274486,0.9917203
83794,0.0166659,36.3333268184215,0.8568618,0.47637,-0.6268271,0.1195185,0.03682515,0.02746392,0.9917686
83798,0.0166702,36.3499970175326,0.8556989,0.4764362,-0.6267446,0.1193012,0.03529767,0.02762542,0.9918458
83802,0.0166642,36.3666612170637,0.8551115,0.4764557,-0.6267159,0.1192487,0.0346416,0.02774097,0.9918721
83806,0.0166684,36.3833296168596,0.85402,0.4764176,-0.6265993,0.1191939,0.03327995,0.02809306,0.9919153
83808,0.0166656,36.3999952170998,0.8534331,0.4764459,-0.6265811,0.119179,0.03269546,0.02831057,0.9919304
83812,0.0166677,36.4166629165411,0.8523611,0.4764335,-0.6264024,0.119189,0.03164094,0.02873528,0.9919512
83814,0.0166661,36.4333290159702,0.8518046,0.4764141,-0.6263077,0.1191861,0.03113222,0.02895018,0.9919614
83818,0.0166685,36.449997516349,0.8507422,0.4763915,-0.6261529,0.1191789,0.03019512,0.02942587,0.9919772
83822,0.0166654,36.4666629154235,0.8501811,0.4763845,-0.6260754,0.1191401,0.02962612,0.02975784,0.9919891
83826,0.0166674,36.483330314979,0.8490765,0.4764167,-0.6258948,0.1190078,0.02852539,0.03036845,0.9920188
83828,0.0166661,36.4999964144081,0.8484928,0.4763922,-0.6257944,0.1188998,0.02795447,0.03065778,0.9920391
83832,0.0166684,36.516664814204,0.8473659,0.4764025,-0.6256412,0.1186397,0.02666271,0.0312623,0.9920869
83834,0.0167533,36.5334181133658,0.8467796,0.4764026,-0.6255563,0.1184968,0.02592914,0.03153443,0.9921148
83838,0.0166683,36.5500864125788,0.8456516,0.4764199,-0.6254249,0.1182881,0.02440222,0.03196888,0.9921646
83842,0.0166657,36.5667521134019,0.8450754,0.476431,-0.6253644,0.1181916,0.02357787,0.03212957,0.9921908
83846,0.0166675,36.5834196135402,0.8440033,0.4764424,-0.6253217,0.1178974,0.02195862,0.03242836,0.9922532
83848,0.0166664,36.6000860128552,0.8434133,0.4764704,-0.6252788,0.1176695,0.02105505,0.03260221,0.9922942
83852,0.0166676,36.6167536135763,0.8422224,0.4765259,-0.6252416,0.1171743,0.01914327,0.03283512,0.9923838
83854,0.0166657,36.6334193143994,0.8416609,0.476569,-0.6251813,0.1169425,0.01824128,0.03292395,0.9924252
83858,0.0166678,36.6500871144235,0.840473,0.4766511,-0.6251227,0.1163531,0.01621983,0.03307757,0.9925244
83862,0.0166657,36.6667528152466,0.8398691,0.4766877,-0.6251079,0.1160034,0.01514855,0.03316813,0.9925793
83866,0.0166697,36.6834225151688,0.8387564,0.4767566,-0.6250754,0.1153868,0.01305576,0.03333676,0.9926752
83868,0.0166645,36.7000870145857,0.8381841,0.4768134,-0.6250743,0.1150141,0.01194933,0.0334314,0.9927292
83872,0.0166675,36.716754514724,0.8370758,0.4769598,-0.6250918,0.1141872,0.009783922,0.03357597,0.9928435
83874,0.016666,36.733420515433,0.8365022,0.4770387,-0.6250973,0.1137081,0.008647096,0.03362387,0.9929074
83878,0.0166685,36.7500890158117,0.8354398,0.4772297,-0.6250992,0.1126976,0.006493475,0.03364184,0.9930385
83882,0.0166662,36.7667552158237,0.8349116,0.4773421,-0.6250867,0.1121762,0.005452524,0.03366376,0.993103
83886,0.016667,36.7834222149104,0.8338431,0.4775832,-0.625124,0.1109753,0.00333548,0.03366438,0.9932473
83888,0.0166664,36.8000886142254,0.8333093,0.4777168,-0.6251307,0.1103263,0.002327797,0.0336643,0.9933224
83892,0.0166677,36.8167563136667,0.8323587,0.4780008,-0.625206,0.109099,0.0005148975,0.03365324,0.993461
83894,0.0166655,36.8334218133241,0.8319029,0.4781457,-0.6252154,0.1084446,-0.0003196056,0.03368479,0.9935316
83898,0.0166676,36.8500894140452,0.8309812,0.4784579,-0.6252317,0.1070546,-0.001851641,0.03377874,0.9936775
83902,0.0166665,36.8667559139431,0.8305219,0.478607,-0.625243,0.1063247,-0.002504743,0.03380683,0.9937534
83906,0.0166702,36.8834261130542,0.8296942,0.4789815,-0.6252562,0.1045831,-0.003775368,0.03381098,0.9939341
83908,0.0166645,36.9000906124711,0.8292636,0.4791902,-0.6252486,0.1036161,-0.004395341,0.03380291,0.9940331
83912,0.0166688,36.9167594127357,0.8284901,0.4796377,-0.6251701,0.1014977,-0.005607376,0.03384107,0.9942443
83914,0.0173198,36.9340792130679,0.8281667,0.479734,-0.6250778,0.1004038,-0.006204371,0.03386796,0.9943509
83920,0.0166683,36.9507475122809,0.8274744,0.4801455,-0.6250112,0.09837022,-0.007307257,0.03404271,0.9945406
83922,0.0166658,36.9674133118242,0.8271676,0.4803116,-0.6249486,0.09742235,-0.00781555,0.03398731,0.9946319
83926,0.0167025,36.9841158110648,0.8265929,0.4806398,-0.6249331,0.09579855,-0.008647355,0.0337763,0.99479
83928,0.0166649,37.0007807109505,0.8263233,0.4807899,-0.6249002,0.0950027,-0.00904148,0.03363045,0.9948677
83932,0.016667,37.0174477100372,0.8257757,0.4811663,-0.6247609,0.09312212,-0.009775431,0.03341705,0.9950458
83934,0.0166668,37.0341145098209,0.8255166,0.4813277,-0.6247026,0.09234368,-0.01009934,0.03336873,0.9951167
83938,0.0166695,37.0507840104401,0.8250142,0.4816188,-0.62455,0.09083563,-0.01071632,0.03336564,0.9952491
83942,0.0166649,37.0674489103258,0.8247927,0.4817391,-0.6244285,0.09031156,-0.01093083,0.0334053,0.9952931
83946,0.0166681,37.0841170102358,0.8244228,0.4818846,-0.6242146,0.08944724,-0.01138227,0.03365143,0.9953579
83948,0.0166655,37.1007825098932,0.8242656,0.4819257,-0.6241125,0.08910423,-0.01158903,0.03387512,0.9953787
83952,0.0166671,37.1174496095628,0.8240414,0.4819212,-0.6239039,0.08877872,-0.0119282,0.03429987,0.9953892
83954,0.0166669,37.1341165099293,0.8239563,0.4818834,-0.6238101,0.08870694,-0.0120331,0.0345007,0.9953874
83958,0.0166685,37.150785010308,0.8237821,0.4818183,-0.6236144,0.08886611,-0.01210672,0.0347494,0.9953637
83962,0.0166662,37.16745121032,0.8237827,0.4817725,-0.6234735,0.08898669,-0.01208051,0.03487059,0.9953489
83966,0.0166667,37.1841179095209,0.8238022,0.4815887,-0.6232167,0.08937531,-0.01195744,0.03506093,0.9953089
83968,0.0166668,37.2007847093046,0.8238299,0.4815237,-0.6230971,0.08960688,-0.01183617,0.03512076,0.9952874
83972,0.016667,37.2174517083913,0.8239437,0.4813353,-0.6228597,0.09029589,-0.01141754,0.03517512,0.9952282
83974,0.0166658,37.2341175079346,0.8240423,0.4812189,-0.6227438,0.09065013,-0.01118313,0.03512625,0.9952003
83978,0.0166675,37.2507850080729,0.8242785,0.4809955,-0.6224833,0.09150837,-0.01056572,0.03501829,0.9951323
83982,0.0166667,37.2674517072737,0.824428,0.4808993,-0.6223404,0.09188783,-0.01027067,0.03496256,0.9951024
83986,0.0166692,37.284120908007,0.8247536,0.480728,-0.6221165,0.09269023,-0.009527203,0.03480356,0.995041
83988,0.0166644,37.3007853087038,0.8248992,0.480647,-0.6219649,0.09306017,-0.009185065,0.0347219,0.9950125
83992,0.0166687,37.3174540083855,0.8252664,0.4805024,-0.6218069,0.0936333,-0.008505729,0.03451087,0.9949721
83994,0.0170626,37.3345166090876,0.825419,0.4804663,-0.6216985,0.09387842,-0.008210761,0.03439867,0.9949554
83998,0.0166694,37.3511860091239,0.8257771,0.4804478,-0.6215451,0.09422832,-0.007568189,0.0341377,0.9949364
84002,0.0166663,37.3678523097187,0.8259756,0.4804249,-0.6214561,0.09437838,-0.007277479,0.03398408,0.9949296
84006,0.0166671,37.3845194093883,0.82641,0.4803404,-0.6212734,0.09465579,-0.00665022,0.03366468,0.9949185
84008,0.0166735,37.4011929091066,0.8266178,0.480337,-0.6212298,0.09472495,-0.006380138,0.03357469,0.9949167
84012,0.0166665,37.4178594090045,0.826982,0.4802693,-0.6210887,0.09482834,-0.005816433,0.03339396,0.9949164
84014,0.0166671,37.434526508674,0.8271672,0.4802405,-0.6210175,0.09486548,-0.005545913,0.03326156,0.9949188
84018,0.0166669,37.4511934090406,0.8275843,0.4802299,-0.6208236,0.09503479,-0.004921376,0.03288881,0.9949183
84022,0.0166666,37.4678600095212,0.8277267,0.4802312,-0.6207501,0.09516324,-0.004604063,0.03271499,0.9949133
84026,0.0166676,37.4845276102424,0.8281168,0.4801839,-0.6205573,0.09540658,-0.004007621,0.03235723,0.9949043
84028,0.0166659,37.5011935103685,0.8282824,0.4801771,-0.6204824,0.09551465,-0.003711665,0.0321798,0.9949008
84032,0.0166683,37.5178618095815,0.8286837,0.4801025,-0.6203098,0.09588348,-0.003014761,0.03183067,0.9948789
84034,0.0166669,37.5345287099481,0.8288589,0.4800583,-0.620206,0.09612344,-0.002630592,0.03162201,0.9948635
84038,0.0166668,37.5511955097318,0.8291912,0.4799395,-0.6199857,0.09662922,-0.001788593,0.03113568,0.9948317
84042,0.0166656,37.567861109972,0.8293172,0.479888,-0.6199012,0.09692539,-0.001245363,0.03081407,0.9948138
84046,0.0166675,37.5845286101103,0.8296703,0.4796838,-0.6197222,0.09742483,-0.0001843549,0.03028201,0.9947821
84048,0.0166673,37.6011959109455,0.8298609,0.4795844,-0.619617,0.09762437,0.0003286124,0.03010458,0.9947679
84052,0.0166682,37.6178641114384,0.8302534,0.4794377,-0.6194295,0.09812942,0.001618246,0.02978722,0.9947265
84054,0.016665,37.6345291119069,0.8304853,0.4793537,-0.6193263,0.09842812,0.002293827,0.029589,0.9947016
84058,0.016669,37.6511981114745,0.8311788,0.4790959,-0.6191873,0.0990755,0.003985377,0.02892983,0.9946514
84062,0.0166651,37.6678632106632,0.8314742,0.4790029,-0.619108,0.09940502,0.004880538,0.0285046,0.9946268
84066,0.0166675,37.6845307108015,0.8321012,0.4788803,-0.6189159,0.09991578,0.00667425,0.0276583,0.994589
84068,0.0166665,37.7011972106993,0.832433,0.478787,-0.6188419,0.1001218,0.007659904,0.02724222,0.9945727
84072,0.0166672,37.7178644109517,0.8332257,0.4786804,-0.6186169,0.1003589,0.009588019,0.02635035,0.9945561
84074,0.0166664,37.7345308102667,0.8336353,0.4786538,-0.6185408,0.10044,0.01053195,0.02585696,0.9945513
84078,0.0166674,37.7511982098222,0.8345907,0.478617,-0.6184181,0.1006099,0.01265702,0.02463444,0.9945404
84080,0.0166654,37.7678636088967,0.8350765,0.4786086,-0.6183755,0.1007037,0.01371958,0.02394873,0.9945336
84086,0.016669,37.7845326084644,0.8361976,0.4786501,-0.6182731,0.10077,0.01617018,0.02233092,0.9945277
84088,0.0166669,37.8011995088309,0.8368402,0.4786521,-0.6182466,0.1007615,0.01729699,0.02160273,0.9945257
84092,0.0166664,37.8178659081459,0.8381073,0.4787181,-0.6181557,0.1007481,0.01970741,0.02008787,0.9945139
84094,0.0166677,37.8345336075872,0.838805,0.4787601,-0.6181214,0.1007171,0.02104963,0.01933401,0.9945045
84098,0.0166664,37.8512000069022,0.8402354,0.4788422,-0.6181164,0.1007135,0.02373228,0.01789345,0.9944714
84100,0.0166664,37.8678664062172,0.8410474,0.4788708,-0.6181211,0.1007581,0.02532028,0.01705122,0.9944425
84106,0.0166676,37.8845340069383,0.8426429,0.4789014,-0.6181322,0.1008688,0.02850878,0.01531379,0.9943733
84108,0.0166661,37.9012001063675,0.8434778,0.4788986,-0.6181187,0.1009454,0.03021303,0.01438612,0.994329
84112,0.0166672,37.9178673066199,0.8452613,0.4789136,-0.6181337,0.1010922,0.03370818,0.01255091,0.9942266
84114,0.0166668,37.9345341064036,0.8461692,0.4789172,-0.6181303,0.1011521,0.03523454,0.01178669,0.994177
84118,0.0166674,37.951201505959,0.8480729,0.4788229,-0.6181669,0.1014648,0.03897336,0.009992281,0.9940252
84122,0.0166663,37.9678678065538,0.8490654,0.4787464,-0.6181724,0.1017146,0.04091871,0.009079329,0.9939303
84126,0.0166674,37.9845352061093,0.8511791,0.4785658,-0.6181646,0.10242,0.04490205,0.007239231,0.9937009
84128,0.0166659,38.0012011062354,0.8521597,0.4784758,-0.6181349,0.1028498,0.04701197,0.006294835,0.9935654
84132,0.016668,38.0178691055626,0.8542041,0.4782519,-0.6180625,0.1036329,0.05095654,0.004593429,0.9932989
84134,0.0166655,38.03453460522,0.85528,0.4781304,-0.618028,0.1040208,0.05288272,0.003785762,0.993161
84138,0.0166686,38.0512032043189,0.8573688,0.4778815,-0.617963,0.1048119,0.0566837,0.002225238,0.9928728
84140,0.0166653,38.0678685046732,0.8583888,0.4777211,-0.6179264,0.1052214,0.05860401,0.00142289,0.9927195
84146,0.016669,38.0845375042409,0.8605531,0.4774333,-0.6178401,0.1060708,0.06249582,-0.0002261062,0.9923927
84148,0.0166653,38.1012028045952,0.8615541,0.4772812,-0.6177552,0.1064615,0.06430989,-0.0009962847,0.9922345
84152,0.0166673,38.1178701054305,0.8635899,0.4769746,-0.6175962,0.1072755,0.06793664,-0.002486996,0.9919024
84154,0.016667,38.1345371045172,0.8645721,0.476851,-0.6175187,0.1076224,0.06953748,-0.003150233,0.991752
84158,0.0166671,38.1512042041868,0.8664533,0.4765837,-0.6173429,0.1083127,0.07242599,-0.0044139,0.9914653
84162,0.0166664,38.1678706035018,0.8674394,0.4764618,-0.6172081,0.1086258,0.07368543,-0.004947307,0.9913357
84166,0.0166678,38.1845384035259,0.8691578,0.4761958,-0.6169416,0.1092316,0.07599855,-0.005978508,0.9910888
84168,0.0166659,38.201204303652,0.8700017,0.4760743,-0.6167915,0.1096004,0.077021,-0.006473365,0.990966
84172,0.016668,38.2178723029792,0.8715273,0.4757926,-0.6164144,0.1103298,0.07871601,-0.007319758,0.990746
84174,0.0166658,38.2345381025225,0.8721835,0.4756304,-0.6161711,0.1107119,0.07937221,-0.007660495,0.9906484
84178,0.0166686,38.2512067016214,0.8734251,0.4753163,-0.6156528,0.1113899,0.08029407,-0.008148126,0.9904942
84182,0.0166655,38.2678722012788,0.8740102,0.4751439,-0.6153632,0.111745,0.08055027,-0.008368189,0.9904316
84186,0.016667,38.2845392003655,0.8750531,0.4747256,-0.6147296,0.1125329,0.08084385,-0.008875907,0.990314
84188,0.0166668,38.3012060001493,0.8754554,0.4745854,-0.6143885,0.1129428,0.08086927,-0.009144414,0.9902629
84192,0.0166721,38.3178781010211,0.8763061,0.4741817,-0.6136754,0.11396,0.08073201,-0.009671851,0.9901525
84194,0.0186854,38.336563501507,0.8766689,0.4739417,-0.613282,0.1144078,0.0805944,-0.009830514,0.9901105
84198,0.0166684,38.3532319013029,0.8774081,0.4734985,-0.6125066,0.1153558,0.08022363,-0.01013966,0.9900275
84200,0.0166673,38.3698992021382,0.8777455,0.4732786,-0.6121027,0.1158681,0.08002634,-0.01033963,0.9899815
84206,0.0166665,38.386565702036,0.8784122,0.472852,-0.6111996,0.1167828,0.07975398,-0.01076344,0.9898916
84208,0.0166666,38.4032323025167,0.8787764,0.4726534,-0.6107067,0.1172699,0.07968941,-0.0110037,0.9898365
84212,0.0166675,38.419899802655,0.8794381,0.4722389,-0.6098304,0.1181543,0.07961165,-0.0114837,0.9897321
84214,0.0166675,38.4365673027933,0.8797625,0.4720739,-0.6093751,0.1186333,0.07964825,-0.01174568,0.9896688
84218,0.0166664,38.4532337021083,0.8804547,0.4716492,-0.6084359,0.1193173,0.07984288,-0.01215993,0.9895659
84220,0.0166669,38.4699006024748,0.8807799,0.4714921,-0.6079746,0.1196873,0.08004271,-0.01241645,0.9895019
84226,0.016667,38.4865676015615,0.8814898,0.4711838,-0.6070324,0.1202813,0.08058799,-0.01283734,0.9893802
84228,0.0168963,38.5034639015794,0.88187,0.470996,-0.6065148,0.1205567,0.08089688,-0.01300863,0.9893193
84232,0.0166669,38.5201308019459,0.8825908,0.4706602,-0.6055502,0.1211008,0.08156253,-0.01333465,0.9891938
84234,0.0166673,38.5367981027812,0.8829677,0.4704551,-0.6049737,0.12137,0.0819454,-0.01351283,0.9891267
84238,0.0166652,38.5534633025527,0.8836808,0.470085,-0.6039321,0.1219166,0.08262593,-0.0138699,0.9889979
84240,0.0166669,38.5701302029192,0.8840832,0.46987,-0.6033245,0.1222683,0.08299143,-0.01408091,0.9889209
84246,0.016667,38.586797202006,0.8848475,0.469403,-0.6021497,0.1230414,0.08372738,-0.01451125,0.9887568
84248,0.0166666,38.6034638024867,0.8852124,0.469195,-0.6015468,0.12346,0.08409552,-0.01471487,0.9886703
84252,0.0166681,38.6201319023967,0.885982,0.4686901,-0.600278,0.1242779,0.08478345,-0.01507543,0.9885037
84254,0.0166659,38.6367978025228,0.8864035,0.4684502,-0.5996318,0.1247362,0.08515488,-0.01526392,0.9884111
84258,0.0166673,38.653465103358,0.887174,0.467978,-0.5983714,0.125691,0.08588667,-0.01560863,0.9882215
84260,0.0166664,38.670131502673,0.8875692,0.4677092,-0.5977494,0.126148,0.08622719,-0.01578137,0.9881308
84266,0.016668,38.6867995020002,0.8883545,0.4671886,-0.5965356,0.1271288,0.08699296,-0.01610913,0.9879327
84268,0.0166661,38.7034656014293,0.8887933,0.4669305,-0.5958995,0.1276167,0.08743797,-0.01624718,0.9878283
84272,0.0166667,38.7201323006302,0.8896444,0.4664602,-0.5947205,0.1284904,0.08829094,-0.0164528,0.9876357
84274,0.016668,38.7368002999574,0.8901482,0.4661787,-0.5940327,0.1289587,0.08874503,-0.01651807,0.9875329
84278,0.016666,38.7534663006663,0.8910034,0.4656659,-0.5928692,0.1300634,0.08963129,-0.01656477,0.9873071
84280,0.0166678,38.7701341006905,0.8914679,0.4653837,-0.5922035,0.1307155,0.09011373,-0.01656147,0.9871771
84286,0.016667,38.7868010997772,0.8922521,0.4648488,-0.5910506,0.1319157,0.09073807,-0.01637892,0.9869633
84288,0.0166672,38.8034683000296,0.8926799,0.4645221,-0.5903714,0.1326635,0.09099277,-0.01618338,0.9868429
84292,0.0166663,38.8201346006244,0.8933265,0.4639675,-0.5892509,0.1340606,0.09129369,-0.01582487,0.986632
84294,0.0166671,38.836801700294,0.8936814,0.4636713,-0.5886075,0.1347228,0.09135641,-0.01569984,0.9865381
84298,0.0166664,38.853468099609,0.894268,0.4631854,-0.5874742,0.1360006,0.09144221,-0.01546229,0.9863585
84300,0.0166664,38.870134498924,0.894532,0.4629237,-0.5868704,0.1365799,0.09143443,-0.01533938,0.9862811
84306,0.0166674,38.8868018984795,0.8950061,0.4625061,-0.5857796,0.1376219,0.09128274,-0.01510891,0.9861538
84308,0.0166673,38.9034691993147,0.8952145,0.4623005,-0.5852505,0.1380548,0.09113598,-0.01499636,0.9861086
84312,0.0166663,38.9201354999095,0.8956071,0.4619956,-0.5842825,0.138778,0.09073977,-0.0147818,0.9860469
84314,0.0166682,38.9368037004024,0.8957689,0.4618776,-0.5838153,0.1390259,0.09050595,-0.01469311,0.9860348
84318,0.0166657,38.9534694012254,0.8960198,0.4616495,-0.5829422,0.139424,0.08994953,-0.01455644,0.9860315
84320,0.0166676,38.9701370019466,0.8960974,0.4615445,-0.5825756,0.1396344,0.08953558,-0.01450199,0.9860402
84326,0.0168013,38.9869383014739,0.8962361,0.4612999,-0.5818226,0.1399338,0.08871117,-0.01451736,0.9860721
84328,0.0166675,39.0036058016121,0.896259,0.4612032,-0.5814673,0.1400261,0.08825245,-0.01467171,0.9860979
84332,0.016667,39.0202728006989,0.8963217,0.4611081,-0.5807233,0.1399839,0.08730455,-0.01529664,0.9861788
84334,0.016667,39.0369397997856,0.8962601,0.4610579,-0.5803936,0.1398834,0.08678013,-0.01557663,0.9862349
84338,0.0166663,39.0536061003804,0.8961527,0.4609898,-0.5798216,0.1397409,0.085738,-0.01592061,0.9863408
84342,0.0166671,39.07027320005,0.8959826,0.4609549,-0.5795414,0.139647,0.08501636,-0.01602858,0.9864148
84346,0.0166713,39.0869444999844,0.8956643,0.4608938,-0.5790518,0.139447,0.0834398,-0.01610611,0.9865764
84348,0.0166667,39.1036111991853,0.8954839,0.4608805,-0.5788347,0.1393457,0.08260384,-0.01606156,0.9866618
84352,0.0166664,39.1202775985003,0.8950524,0.4608266,-0.5783674,0.1391034,0.08099995,-0.0158166,0.9868329
84354,0.0166666,39.1369441989809,0.8948063,0.4608227,-0.5782005,0.1389766,0.08016203,-0.01563664,0.986922
84358,0.0166673,39.1536114998162,0.894322,0.4607857,-0.5778797,0.1388642,0.07853016,-0.01520882,0.9870757
84360,0.0166677,39.1702791992575,0.8940082,0.4607594,-0.5777085,0.13884,0.07777867,-0.01497373,0.9871422
84366,0.0166657,39.1869449000806,0.8934403,0.4606666,-0.5774875,0.1389026,0.07596087,-0.01441574,0.9872832
84368,0.0166669,39.2036118004471,0.8931243,0.4606366,-0.5774221,0.1389389,0.07516663,-0.01416064,0.9873427
84372,0.0166707,39.2202825006098,0.8924606,0.4606629,-0.5773186,0.1389368,0.07369059,-0.0135567,0.9874626
84374,0.0166651,39.2369475997984,0.8921227,0.4606613,-0.577243,0.1389284,0.07296889,-0.01325265,0.9875216
84378,0.0166683,39.2536158990115,0.891497,0.4606067,-0.5772316,0.1388853,0.07161485,-0.01271609,0.9876338
84380,0.0166655,39.2702813986689,0.8911839,0.4605743,-0.5772552,0.138829,0.07092432,-0.01243907,0.9876951
84386,0.0166677,39.2869490981102,0.8905801,0.4605542,-0.5773097,0.13877,0.06985352,-0.01181738,0.9877873
84388,0.0166666,39.3036156985909,0.8902843,0.4605497,-0.5773632,0.1387351,0.06937415,-0.01146052,0.9878302
84392,0.0166682,39.3202838990837,0.8897664,0.4605437,-0.5775215,0.1386474,0.06855105,-0.01070987,0.9879084
84396,0.016666,39.3369498997927,0.889324,0.4605232,-0.5777051,0.1385831,0.06789761,-0.01003046,0.9879697
84398,0.0167256,39.3536754995584,0.8891351,0.4605304,-0.5777943,0.1385538,0.0676339,-0.009759475,0.9879946
84400,0.0166683,39.3703437987715,0.8889843,0.4605022,-0.5778995,0.1384883,0.06743445,-0.00953856,0.9880196
84406,0.0166673,39.3870110996068,0.8886695,0.4605042,-0.5780371,0.1384209,0.06714115,-0.009067597,0.9880534
84408,0.0166668,39.4036778993905,0.8885347,0.4605118,-0.5781507,0.1383669,0.06703826,-0.008894506,0.9880695
84412,0.0166685,39.4203463997692,0.8883598,0.4605187,-0.5783175,0.1381989,0.06693163,-0.008650281,0.9881024
84414,0.0166654,39.4370117988437,0.8882751,0.4605326,-0.5784159,0.1381117,0.06689233,-0.008565037,0.9881181
84418,0.0166928,39.4537045992911,0.888151,0.4605925,-0.5785758,0.1379622,0.06687309,-0.008478323,0.9881409
84420,0.016667,39.4703715983778,0.8881024,0.4606339,-0.5786489,0.1378524,0.06686009,-0.008444264,0.9881575
84424,0.0166658,39.4870373979211,0.888068,0.4607255,-0.5788571,0.1376072,0.06688555,-0.008415127,0.9881902
84428,0.0166671,39.5037044975907,0.8880492,0.4607895,-0.5789157,0.1374929,0.06691281,-0.008396023,0.9882044
84432,0.0166668,39.5203712973744,0.8880121,0.4609345,-0.5790341,0.1372635,0.06701169,-0.008392359,0.9882296
84434,0.0166672,39.5370384976268,0.887996,0.4610021,-0.5790957,0.1371565,0.06707893,-0.008360242,0.9882402
84438,0.0166685,39.5537069980055,0.8879572,0.4611123,-0.5792035,0.1369595,0.06722542,-0.008283966,0.9882582
84440,0.0166666,39.5703735984862,0.8879544,0.4611585,-0.5792519,0.1368928,0.06731658,-0.008256919,0.9882615
84446,0.0166664,39.5870399978012,0.8879744,0.461249,-0.5793108,0.1367448,0.06748768,-0.008239415,0.9882704
84448,0.0166666,39.6037065982819,0.8879737,0.461311,-0.5793293,0.1366651,0.06762496,-0.008232148,0.9882721
84452,0.0166686,39.6203751973808,0.8879782,0.4613927,-0.5793501,0.1365157,0.06791111,-0.008312248,0.9882725
84456,0.0166667,39.6370418965817,0.8880236,0.461425,-0.5794037,0.1363549,0.06821565,-0.008441985,0.9882726
84458,0.0195695,39.6566113959998,0.8880608,0.4614385,-0.5794052,0.1363081,0.06834859,-0.008481371,0.9882696
84464,0.0166729,39.6732842959464,0.8881456,0.4614287,-0.5794131,0.1362705,0.068642,-0.008591672,0.9882534
84466,0.0166775,39.6899617966264,0.8882009,0.461401,-0.5794313,0.1362668,0.06879729,-0.008657722,0.9882426
84470,0.0166674,39.7066291961819,0.8883238,0.4613097,-0.5794929,0.1363127,0.06924447,-0.008815977,0.9882036
84472,0.0166694,39.7232985962182,0.8884174,0.461275,-0.5795575,0.1363617,0.06948395,-0.008906727,0.9881792
84476,0.0166644,39.739962996915,0.888712,0.4611609,-0.5796338,0.1364829,0.07001838,-0.009080087,0.9881232
84478,0.0166704,39.7566333971918,0.8888538,0.461126,-0.5797067,0.1365486,0.07035376,-0.009183475,0.9880893
84482,0.0166734,39.7733067963272,0.8890294,0.4610914,-0.5797675,0.1366406,0.0707088,-0.009253379,0.9880506
84486,0.0166629,39.789969695732,0.8893382,0.4610535,-0.5798849,0.13669,0.07128382,-0.009378249,0.9880013
84488,0.0166672,39.8066368959844,0.8895465,0.4610335,-0.5799399,0.1366731,0.07167482,-0.009495224,0.9879742
84492,0.0166673,39.8233041968197,0.8899042,0.4610436,-0.5800532,0.1365652,0.07240786,-0.009675562,0.9879339
84494,0.016668,39.8399721961468,0.8900852,0.4610199,-0.5800882,0.1364737,0.0728336,-0.009794221,0.9879141
84498,0.0166661,39.856638295576,0.8904597,0.4611199,-0.5801847,0.1362835,0.07337843,-0.009964401,0.9878983
84502,0.0166665,39.8733047954738,0.8906686,0.4611386,-0.5802157,0.136191,0.07364793,-0.0100527,0.9878902
84506,0.0166669,39.8899716958404,0.8909643,0.4612456,-0.5803019,0.1359951,0.07404169,-0.01022893,0.9878859
84510,0.0166672,39.9066388960928,0.891277,0.4613451,-0.5803056,0.1357361,0.07431413,-0.01045946,0.9878986
84512,0.0166663,39.9233051966876,0.8914372,0.4614017,-0.580313,0.1355713,0.07440695,-0.01060333,0.9879128
84516,0.0166681,39.9399732965976,0.8917326,0.46155,-0.5803255,0.1352334,0.07455728,-0.01088604,0.9879447
84518,0.0166664,39.9566396959126,0.8919219,0.461612,-0.5802965,0.1350847,0.07457224,-0.01103099,0.9879623
84524,0.0166673,39.9733069967479,0.8922381,0.4616812,-0.580231,0.1348235,0.07452935,-0.01130117,0.9879981
84526,0.0166667,39.9899736959487,0.8923758,0.4616983,-0.5801846,0.1347332,0.0744873,-0.01143312,0.9880121
84530,0.0166665,40.0066401958466,0.8926804,0.4616953,-0.5800626,0.1345358,0.07441202,-0.01180416,0.9880403
84532,0.0166688,40.0233089961112,0.8928318,0.4616939,-0.5800075,0.1345415,0.07439772,-0.01200705,0.9880382
84536,0.0166654,40.0399743951857,0.8931426,0.4616922,-0.5799142,0.1346305,0.07436068,-0.01242103,0.9880238
84538,0.0166666,40.0566409956664,0.8932808,0.4616432,-0.5798209,0.1347017,0.07436655,-0.01264182,0.9880108
84542,0.0166674,40.0733083952218,0.8934342,0.4616529,-0.5797657,0.1347869,0.07440754,-0.01286181,0.9879932
84546,0.0166667,40.0899750944227,0.8936918,0.4615692,-0.5796068,0.1349982,0.07459462,-0.01326016,0.987945
84548,0.0166669,40.1066419947892,0.8938367,0.4615184,-0.5795477,0.1351684,0.0747635,-0.0135173,0.9879055
84552,0.016667,40.123308993876,0.8940828,0.4614224,-0.5794568,0.135458,0.07513857,-0.01390194,0.987832
84556,0.0166684,40.1399773936719,0.89434,0.4612804,-0.579345,0.1358436,0.07568737,-0.01424594,0.9877323
84558,0.0166654,40.1566427927464,0.8944527,0.4612117,-0.5793215,0.1360132,0.07600631,-0.01436677,0.9876827
84564,0.0166665,40.1733092926443,0.8946719,0.4611132,-0.5793117,0.1362881,0.07658873,-0.01458112,0.9875966
84566,0.0166666,40.1899758931249,0.8947591,0.4610124,-0.579317,0.1364473,0.07689971,-0.01466635,0.9875492
84570,0.0166673,40.2066431939602,0.8949706,0.4609277,-0.5793641,0.1366479,0.0775429,-0.01490986,0.9874676
84572,0.0166672,40.2233103942126,0.8950415,0.4609092,-0.5793685,0.1367176,0.07780745,-0.01499352,0.9874358
84576,0.0166672,40.239977594465,0.8951368,0.4608684,-0.5794376,0.1367083,0.07826118,-0.01519632,0.9873981
84578,0.01669,40.2566675953567,0.8952115,0.4608882,-0.5794541,0.1366547,0.07843325,-0.01533509,0.9873898
84582,0.0166671,40.2733346950263,0.8952879,0.4608537,-0.5794989,0.1365159,0.07869181,-0.01566624,0.9873832
84586,0.0179844,40.2913190945983,0.8953609,0.4608676,-0.57956,0.1364376,0.07878558,-0.01584206,0.9873838
84590,0.0166681,40.3079871945083,0.8954806,0.4608093,-0.5795746,0.1363508,0.07898568,-0.01617422,0.9873744
84592,0.0166669,40.3246540948749,0.8955485,0.4608057,-0.5796027,0.1363082,0.07908911,-0.01635011,0.9873691
84596,0.0166667,40.3413207940757,0.8956925,0.4607411,-0.5796367,0.1363071,0.07925952,-0.01658271,0.9873517
84598,0.0166671,40.3579878937453,0.8957661,0.4607198,-0.5796546,0.1362961,0.07934619,-0.01668116,0.9873446
84604,0.0166667,40.3746545929462,0.8959776,0.4606661,-0.5796642,0.1362487,0.07955966,-0.01687165,0.9873307
84606,0.0166673,40.3913218937814,0.8960821,0.460641,-0.5796533,0.1362503,0.07966881,-0.01698403,0.9873198
84610,0.0166669,40.407988794148,0.8963198,0.4606334,-0.5796534,0.1362054,0.07995092,-0.01712149,0.9873008
84612,0.0166692,40.4246579948813,0.8964739,0.4606165,-0.5796235,0.136191,0.08012503,-0.01718767,0.9872875
84616,0.0166657,40.4413236957043,0.8967599,0.4606418,-0.5795667,0.1361495,0.08049411,-0.01726484,0.9872618
84618,0.0166672,40.4579908959568,0.8969104,0.4606448,-0.579549,0.1361438,0.08065024,-0.01730443,0.9872492
84622,0.0166666,40.4746574964374,0.8971938,0.460637,-0.5794764,0.1362051,0.08106776,-0.01740609,0.9872047
84626,0.0166674,40.4913248959929,0.8973795,0.4606446,-0.5794561,0.1362417,0.08125792,-0.01746423,0.9871831
84630,0.0166673,40.5079921968281,0.8977244,0.4606156,-0.579382,0.1363096,0.08168622,-0.01752062,0.9871373
84632,0.0166664,40.5246585961431,0.897863,0.4605801,-0.5793522,0.1363096,0.08182845,-0.01755174,0.987125
84636,0.0166688,40.5413273964077,0.8981891,0.460498,-0.5792965,0.1363039,0.08210165,-0.01760192,0.9871022
84638,0.0166639,40.5579912960529,0.8983601,0.4604474,-0.5792328,0.136298,0.08218975,-0.01761596,0.9870954
84644,0.0166676,40.5746588967741,0.8986467,0.4603694,-0.5790413,0.1363607,0.08214408,-0.01768243,0.9870894
84646,0.0166676,40.5913264974952,0.898801,0.4603012,-0.5789679,0.1364532,0.08209245,-0.01775955,0.9870795
84650,0.0166665,40.607992997393,0.8991283,0.4601421,-0.5786867,0.1368055,0.08197993,-0.01801149,0.9870356
84652,0.0166669,40.6246598977596,0.8993106,0.4600359,-0.5785796,0.1370239,0.08194917,-0.01819263,0.9870045
84656,0.0166676,40.6413274984807,0.899699,0.4598105,-0.5783181,0.1374499,0.08194014,-0.01855989,0.9869392
84658,0.0166663,40.6579937990755,0.899882,0.4597202,-0.5782039,0.1376168,0.08197916,-0.01872704,0.9869095
84664,0.0166677,40.6746614985168,0.9002858,0.4595877,-0.5779381,0.1378726,0.08215429,-0.0191191,0.9868518
84666,0.0166661,40.6913275979459,0.9004875,0.459511,-0.5778061,0.1380251,0.08229508,-0.01931474,0.9868149
84670,0.017228,40.7085555978119,0.9008637,0.4593518,-0.5776227,0.138283,0.08256612,-0.01968709,0.9867488
84674,0.0166658,40.7252213973552,0.9012375,0.4591377,-0.5773116,0.1386327,0.08284703,-0.01997464,0.9866704
84676,0.0187713,40.7439926974475,0.9014117,0.4590507,-0.5771878,0.1387685,0.08298492,-0.02009577,0.9866372
84680,0.016668,40.7606606967747,0.9016745,0.4588602,-0.576976,0.1391334,0.08326034,-0.02030772,0.9865583
84682,0.0166662,40.7773268967867,0.9017983,0.4587665,-0.5768346,0.1393047,0.08333852,-0.02042751,0.9865251
84688,0.0166681,40.7939949966967,0.901997,0.4586018,-0.5765337,0.1396976,0.08348036,-0.0206486,0.9864529
84690,0.0166654,40.8106603957713,0.902082,0.4585266,-0.5764083,0.1398817,0.08350512,-0.02072721,0.986423
84694,0.0166687,40.827329095453,0.9022167,0.4584336,-0.5761586,0.1402538,0.08341328,-0.02086119,0.9863752
84696,0.0166653,40.8439943958074,0.9022567,0.4583666,-0.576058,0.1404276,0.08329872,-0.02090488,0.9863592
84700,0.016667,40.8606613948941,0.9022508,0.4582363,-0.575814,0.1407322,0.08297525,-0.02082148,0.9863448
84702,0.0166677,40.8773290943354,0.9022102,0.4581527,-0.5756946,0.1408769,0.08273552,-0.02071438,0.9863465
84708,0.0166671,40.893996194005,0.9020808,0.4579434,-0.5754138,0.1411742,0.08213491,-0.02048858,0.9863589
84710,0.016668,40.9106641933322,0.9020059,0.4578587,-0.5752689,0.1413485,0.08176864,-0.02040418,0.9863662
84714,0.0166653,40.9273294936866,0.9018492,0.4577004,-0.5750076,0.1416438,0.08112343,-0.02023296,0.9863806
84716,0.0166668,40.9439962934703,0.9017714,0.4575862,-0.5748986,0.1418055,0.08074342,-0.02012791,0.9863907
84720,0.0166668,40.960663093254,0.9015476,0.4574333,-0.5746301,0.1421032,0.07998666,-0.0198606,0.9864149
84722,0.0166663,40.9773293938488,0.9014561,0.4573874,-0.5744934,0.1422494,0.07959935,-0.01974988,0.9864274
84728,0.0166684,40.9939977936447,0.9011402,0.4572776,-0.5742418,0.142488,0.07875471,-0.0194611,0.9864665
84730,0.0166658,41.0106635931879,0.900962,0.4572208,-0.5741425,0.142607,0.07832634,-0.01931947,0.9864862
84734,0.0166675,41.0273310933262,0.9006512,0.457117,-0.5739331,0.1427773,0.07751136,-0.01897181,0.9865327
84736,0.016666,41.0439970940351,0.9004899,0.4571188,-0.5738323,0.1428624,0.07707905,-0.01874779,0.9865586
84740,0.016668,41.0606650933623,0.9001634,0.4570253,-0.5736647,0.1429752,0.07626916,-0.01838284,0.986612
84742,0.0166662,41.0773312933743,0.8999811,0.4569922,-0.5735788,0.1429889,0.07590803,-0.01824168,0.9866405
84748,0.0166685,41.093999793753,0.8996611,0.4569446,-0.5734531,0.1429718,0.0751592,-0.01797846,0.9867051
84750,0.0166664,41.110666193068,0.899518,0.4569272,-0.5733777,0.14295,0.07479426,-0.01786702,0.986738
84754,0.016667,41.1273331921548,0.8992242,0.456919,-0.5731991,0.1428571,0.07402767,-0.01766382,0.9868129
84756,0.016667,41.1440001912415,0.8990856,0.4569122,-0.5731066,0.1428402,0.07373198,-0.01758611,0.9868389
84760,0.0166663,41.1606664918363,0.8988365,0.4568671,-0.5729558,0.1428043,0.07319912,-0.01747292,0.9868858
84762,0.0166674,41.1773338913918,0.8987395,0.4568322,-0.5728908,0.1427637,0.07298444,-0.01739969,0.9869089
84768,0.0166687,41.1940025910735,0.89858,0.4567983,-0.5727589,0.1426959,0.07255583,-0.01726422,0.9869527
84770,0.0166641,41.2106666918844,0.8985126,0.4567846,-0.572688,0.1426552,0.07238571,-0.01720199,0.9869721
84774,0.0166729,41.227339591831,0.8983384,0.4567136,-0.5724936,0.1426485,0.07200728,-0.01707559,0.987003
84776,0.0166607,41.2440002914518,0.8982645,0.4566646,-0.572383,0.1426765,0.07186105,-0.01706268,0.9870098
84780,0.0166678,41.260668091476,0.8981475,0.4565701,-0.572226,0.1427597,0.07161009,-0.01707769,0.9870157
84782,0.0166668,41.2773348912597,0.8981168,0.4565138,-0.5721371,0.1428144,0.07151332,-0.01706869,0.987015
84788,0.0166671,41.2940019909292,0.8980313,0.4564222,-0.5719095,0.1429417,0.07136267,-0.01704502,0.9870079
84790,0.0166665,41.3106684908271,0.8980291,0.4563933,-0.5717925,0.1430225,0.07126236,-0.01706277,0.9870031
84794,0.0166672,41.3273356910795,0.8980417,0.4562939,-0.5716056,0.1430963,0.07111801,-0.01712663,0.9870017
84796,0.0166659,41.3440015912056,0.8980455,0.4562389,-0.5715021,0.1431664,0.07106607,-0.01718956,0.9869942
84800,0.0166704,41.3606719914824,0.8980807,0.4561069,-0.5712767,0.1433704,0.07097808,-0.01739887,0.9869673
84802,0.0166646,41.3773365914822,0.8980995,0.4560089,-0.571097,0.1434717,0.07097653,-0.01747443,0.9869513
84808,0.0166691,41.3940056916326,0.8981753,0.4558505,-0.5708149,0.1437114,0.07098962,-0.0175432,0.9869143
84810,0.0166645,41.4106701910496,0.8982294,0.4557618,-0.5706774,0.1438343,0.07099177,-0.01756084,0.9868959
84814,0.0166679,41.4273380916566,0.8983321,0.4556583,-0.570396,0.1440761,0.0709621,-0.01762892,0.9868615
84816,0.0168235,41.4441615920514,0.8983705,0.455563,-0.5702384,0.1441571,0.07094415,-0.01769946,0.9868497
84820,0.0166676,41.4608291927725,0.8984132,0.4553915,-0.5699366,0.1442663,0.07079697,-0.01777427,0.986843
84822,0.0166666,41.4774957932532,0.8984181,0.4553508,-0.5697843,0.1443034,0.07069255,-0.01780967,0.9868444
84826,0.0166676,41.4941633939743,0.8984641,0.4552722,-0.5696117,0.1443298,0.07057469,-0.01785815,0.9868481
84830,0.0166673,41.5108306948096,0.8985382,0.4551447,-0.5693275,0.1443995,0.07036505,-0.01792738,0.9868517
84834,0.0166661,41.5274967942387,0.8986067,0.4550879,-0.5690449,0.1444318,0.07011307,-0.01797366,0.986864
84836,0.0176285,41.5451252944767,0.8986425,0.4550648,-0.5688812,0.1443991,0.06994699,-0.01800299,0.9868801
84840,0.0166683,41.5617935936898,0.8986756,0.4550108,-0.5685415,0.1442523,0.06952891,-0.01807587,0.9869297
84842,0.0166671,41.5784606933594,0.8986918,0.4550088,-0.5683994,0.1441514,0.06931547,-0.01810248,0.986959
84848,0.0166666,41.5951272938401,0.8987229,0.4549387,-0.5680748,0.1439728,0.06894028,-0.01814573,0.9870105
84850,0.0166665,41.6117937937379,0.8987247,0.4549464,-0.5679057,0.1438684,0.06876982,-0.01813229,0.9870379
84854,0.0166679,41.6284616943449,0.8987591,0.4549128,-0.5675078,0.1436269,0.06846963,-0.01808757,0.9870948
84856,0.0166661,41.645127793774,0.8987695,0.4549091,-0.5673395,0.143516,0.0683453,-0.01805487,0.9871202
84860,0.0166668,41.6617945935577,0.8987553,0.4548657,-0.5669793,0.143375,0.06803066,-0.01789732,0.9871652
84862,0.0166672,41.6784617938101,0.8987679,0.4548314,-0.5667878,0.1433855,0.06790823,-0.01784115,0.9871731
84868,0.0166668,41.6951285935938,0.8987529,0.4547443,-0.5664256,0.1435342,0.06776305,-0.01776092,0.9871629
84870,0.0166675,41.7117960937321,0.8987621,0.4546914,-0.5662395,0.1436122,0.06777348,-0.01773944,0.9871513
84874,0.0166664,41.7284624930471,0.8987879,0.4546146,-0.5658991,0.1437133,0.06779225,-0.01767213,0.9871365
84876,0.0166671,41.7451295927167,0.898819,0.4545707,-0.5657393,0.1437525,0.06779613,-0.01766891,0.9871306
84880,0.0166667,41.7617962919176,0.8988758,0.4544419,-0.5653706,0.1438699,0.06784084,-0.01770226,0.9871098
84882,0.0166669,41.7784631922841,0.8988838,0.4543735,-0.5652202,0.1439577,0.06792805,-0.01772845,0.9870905
84888,0.0166667,41.795129891485,0.8989275,0.4542499,-0.5648939,0.1442028,0.0681009,-0.01774815,0.9870425
84890,0.0166664,41.8117962908,0.8989699,0.4541631,-0.564713,0.1443402,0.06820588,-0.01777086,0.9870148
84894,0.0166671,41.8284633904696,0.8990862,0.454048,-0.5644206,0.1445756,0.06848913,-0.01787915,0.9869587
84896,0.0166663,41.8451296910644,0.8991601,0.4539514,-0.5642507,0.1447179,0.06866539,-0.01791985,0.9869249
84900,0.0166679,41.8617975916713,0.8993257,0.4537947,-0.5639722,0.145059,0.06902716,-0.01802137,0.9868477
84904,0.0166666,41.878464192152,0.8994266,0.4536807,-0.5637948,0.1453875,0.06925716,-0.01811468,0.9867815
84908,0.0166671,41.8951312918216,0.8996048,0.4534898,-0.5634834,0.1459376,0.06967514,-0.01834998,0.9866666
84910,0.0166897,41.9118209909648,0.8997056,0.453376,-0.5633852,0.1462543,0.06994126,-0.01849588,0.9865981
84914,0.0166655,41.9284864906222,0.8999009,0.453113,-0.5631464,0.1468983,0.07055432,-0.01872076,0.9864545
84916,0.0166659,41.9451523907483,0.9000109,0.4530078,-0.5630412,0.1471555,0.07082123,-0.01879278,0.9863957
84920,0.0166684,41.9618207905442,0.900272,0.4528262,-0.5628243,0.1477096,0.07152284,-0.01890018,0.9862602
84924,0.0166657,41.9784864913672,0.9003674,0.4527163,-0.5627067,0.1479121,0.07182191,-0.01895027,0.9862071
84928,0.0166676,41.9951540920883,0.9005975,0.4525294,-0.5625213,0.1483339,0.07250531,-0.01906645,0.9860916
84930,0.0172659,42.0124199911952,0.9006861,0.4524104,-0.5624595,0.1485188,0.0727656,-0.01913318,0.9860433
84934,0.0166681,42.0290880911052,0.9008929,0.4522207,-0.5622788,0.1487682,0.07331069,-0.01925751,0.9859629
84936,0.016666,42.0457540918142,0.9009772,0.4521847,-0.5622324,0.1488162,0.0735445,-0.01927958,0.9859378
84940,0.0166679,42.0624219924212,0.9012073,0.4520618,-0.5620476,0.1489431,0.07398969,-0.01934346,0.9858841
84944,0.016666,42.0790879931301,0.9012922,0.4520081,-0.5619292,0.149008,0.0741569,-0.01938025,0.9858609
84948,0.0166676,42.0957555938512,0.9014618,0.451888,-0.5617151,0.1491715,0.07431786,-0.01946573,0.9858224
84950,0.0166673,42.1124228946865,0.9015397,0.4518104,-0.5616221,0.1492737,0.07432649,-0.01952948,0.985805
84954,0.0180338,42.1304566953331,0.9016455,0.4516172,-0.5614423,0.1495561,0.07423202,-0.0196853,0.9857663
84956,0.0166711,42.1471277959645,0.9016879,0.451537,-0.5613488,0.1497497,0.07412648,-0.01977818,0.9857429
84960,0.0166629,42.1637906953692,0.9017804,0.45139,-0.5611275,0.1501257,0.07385844,-0.01987274,0.985704
84964,0.0166674,42.1804580949247,0.9018546,0.4513229,-0.5610338,0.1502992,0.07373233,-0.01988623,0.9856867
84968,0.0166666,42.1971246954054,0.9019062,0.45119,-0.5608267,0.1506222,0.07345178,-0.01986486,0.9856588
84970,0.0166677,42.2137923948467,0.9018934,0.4511417,-0.560721,0.1507674,0.07329381,-0.01983963,0.9856489
84974,0.0166663,42.2304586954415,0.9019538,0.451013,-0.5605086,0.1509612,0.07301089,-0.01988172,0.9856393
84976,0.0166662,42.2471248954535,0.9019676,0.4509462,-0.5604016,0.1510449,0.07286158,-0.0198959,0.9856373
84982,0.0166673,42.2637921962887,0.9019855,0.4508058,-0.5602126,0.1511693,0.07260925,-0.01988814,0.9856369
84984,0.0166677,42.28045989573,0.9019877,0.4507223,-0.5600803,0.1512481,0.07249879,-0.01989325,0.9856329
84988,0.0173966,42.297856496647,0.9020374,0.4506041,-0.5598655,0.1515103,0.07229977,-0.01996459,0.9856058
84990,0.0166666,42.3145230971277,0.9020743,0.4505078,-0.5597465,0.1516393,0.07225562,-0.01998237,0.9855888
84994,0.016668,42.3311910964549,0.9021438,0.4503655,-0.5595012,0.1519572,0.07225442,-0.02006295,0.9855384
84996,0.0166664,42.3478574957699,0.9022019,0.4502684,-0.5593756,0.1521274,0.07231212,-0.02010627,0.985507
85002,0.0166669,42.3645243961364,0.9023139,0.4500517,-0.5591611,0.1525304,0.07252847,-0.02016281,0.9854276
85004,0.016667,42.3811913952231,0.9023886,0.4499374,-0.5590502,0.1527351,0.07263387,-0.02021211,0.9853871
85008,0.0166666,42.3978579957038,0.9025608,0.449756,-0.5587703,0.153227,0.07289416,-0.02032547,0.9852892
85010,0.0166667,42.4145246949047,0.9026495,0.4496436,-0.558575,0.1534926,0.07309055,-0.02039757,0.9852318
85014,0.016667,42.4311916939914,0.902842,0.449456,-0.5582738,0.1540369,0.07349561,-0.02056964,0.9851131
85016,0.0166678,42.4478594940156,0.9029369,0.4493503,-0.5581477,0.1542957,0.07368174,-0.02062929,0.9850575
85020,0.0166664,42.4645258933306,0.9031271,0.4491421,-0.5578761,0.1548611,0.07409782,-0.02077119,0.9849346
85024,0.016667,42.4811928924173,0.9032231,0.4490224,-0.5577428,0.1551466,0.07428975,-0.02083276,0.9848739
85028,0.0166668,42.497859692201,0.9034525,0.4487561,-0.5574383,0.1557215,0.07469904,-0.02096071,0.9847495
85030,0.0166668,42.5145264919847,0.903578,0.4486241,-0.5573431,0.1560285,0.07487088,-0.02104425,0.9846861
85034,0.0166669,42.5311933923513,0.9037495,0.448312,-0.5570647,0.1566177,0.07521731,-0.02121186,0.9845625
85036,0.0166671,42.5478604920208,0.9038252,0.4481857,-0.5569202,0.1569132,0.0753508,-0.02131903,0.984503
85042,0.0166666,42.5645270925015,0.9040278,0.4479104,-0.5566725,0.1574657,0.07560114,-0.02146649,0.9843923
85044,0.0172707,42.5817977916449,0.9041138,0.4477927,-0.5565457,0.1576865,0.07574327,-0.02147304,0.9843459
85048,0.0166717,42.598469492048,0.9042733,0.447553,-0.5562541,0.1581824,0.0760225,-0.02138513,0.9842467
85050,0.0166642,42.6151336915791,0.9043607,0.4474224,-0.5561129,0.1583968,0.07616446,-0.02133907,0.9842023
85054,0.0166664,42.6318000908941,0.9045397,0.4472132,-0.5557813,0.158824,0.07642738,-0.02123782,0.9841152
85056,0.0166676,42.6484676916152,0.9046339,0.4471013,-0.5556073,0.1589762,0.07650876,-0.02120466,0.9840851
85060,0.0166676,42.6651352923363,0.9047885,0.4469379,-0.5552267,0.1593187,0.07655293,-0.02115761,0.9840272
85064,0.0166657,42.6818009931594,0.9048663,0.4468391,-0.5550445,0.1595067,0.07652992,-0.02122526,0.9839971
85068,0.0166671,42.698468092829,0.9049948,0.4466335,-0.5546966,0.1598395,0.07634732,-0.02135174,0.9839545
85070,0.0166678,42.7151358928531,0.905051,0.4465273,-0.554511,0.1600178,0.07621258,-0.02144692,0.9839339
85074,0.0166676,42.7318034935743,0.9051489,0.4463669,-0.5541816,0.160266,0.07587023,-0.0216513,0.9839156
85076,0.0166686,42.7484720926732,0.9052222,0.4462572,-0.5540075,0.1603504,0.07570007,-0.02176792,0.9839123
85082,0.0166654,42.7651374917477,0.9053202,0.4460957,-0.5536484,0.1604967,0.07539339,-0.02195035,0.9839079
85084,0.0166662,42.7818036917597,0.9053717,0.4460371,-0.5534832,0.1605725,0.07522519,-0.02202451,0.9839068
85084,0.0166673,42.798470992595,0.9054507,0.4459062,-0.5531158,0.1607557,0.07495608,-0.02217492,0.9838941
85090,0.0166675,42.8151384927332,0.9054947,0.4458478,-0.5529439,0.1608147,0.07484361,-0.02222335,0.9838919
85094,0.0166661,42.8318045921624,0.9055572,0.4457154,-0.5526374,0.1609453,0.07473918,-0.02229712,0.9838768
85096,0.0166702,42.8484747912735,0.9056218,0.4456886,-0.5524576,0.1609949,0.07471436,-0.02231541,0.9838701
85100,0.0166647,42.8651394918561,0.9057236,0.4455523,-0.5521512,0.1611288,0.07469625,-0.02231893,0.9838495
85104,0.0166695,42.8818089924753,0.9057606,0.4454596,-0.5520214,0.1612076,0.07469695,-0.02230042,0.9838369
85108,0.0166641,42.8984730932862,0.9058208,0.4453166,-0.551805,0.1614872,0.07473938,-0.0222442,0.9837891
85110,0.01667,42.9151430930942,0.9058722,0.4452151,-0.5516773,0.1616794,0.07477874,-0.02222194,0.9837551
85114,0.0166649,42.9318079929799,0.9059197,0.444995,-0.5514269,0.1621361,0.07490973,-0.02226062,0.9836692
85116,0.0166679,42.9484758935869,0.9059538,0.4449241,-0.5513073,0.162364,0.07495422,-0.02232637,0.9836267
85120,0.0166658,42.9651416931301,0.9060612,0.4447694,-0.5510975,0.1627368,0.07509262,-0.02243264,0.983552
85124,0.0166677,42.9818093925714,0.9060919,0.4447204,-0.5510153,0.16286,0.07518486,-0.02245777,0.9835241
85128,0.0166665,42.9984758924693,0.9062,0.4445641,-0.5509312,0.1630767,0.07537666,-0.02254396,0.9834715
85130,0.0166667,43.0151425916702,0.9062492,0.4445148,-0.5508869,0.163178,0.07548071,-0.02257007,0.9834461
85134,0.016667,43.0318095907569,0.9063107,0.444449,-0.5508682,0.1633336,0.07573109,-0.02264197,0.9833993
85136,0.0166684,43.0484779905528,0.9063477,0.4444269,-0.550859,0.1633692,0.07586284,-0.02266879,0.9833826
85140,0.0166652,43.0651431903243,0.9063944,0.4444259,-0.5509125,0.1633141,0.07616007,-0.02265536,0.9833692
85144,0.0166678,43.0818109903485,0.9064113,0.4444349,-0.5509402,0.163173,0.07628433,-0.02261482,0.9833839
85148,0.0166665,43.0984774902463,0.906443,0.4445519,-0.5510004,0.1628618,0.07637598,-0.02245841,0.983432
85150,0.0166682,43.1151456907392,0.9064371,0.444618,-0.551065,0.162694,0.07639289,-0.02239987,0.9834598
85154,0.0166663,43.131811991334,0.9064355,0.4447294,-0.5511464,0.162426,0.07638948,-0.02238682,0.9835046
85156,0.0166671,43.1484790910035,0.9064295,0.444781,-0.5512047,0.1622882,0.07636804,-0.0224159,0.9835284
85160,0.0166675,43.1651465911418,0.9063976,0.4449443,-0.5513083,0.1619557,0.07630618,-0.02251848,0.9835857
85164,0.0166665,43.1818130910397,0.9064005,0.4449876,-0.5514052,0.1617381,0.07626834,-0.02254725,0.9836237
85168,0.0166675,43.1984805911779,0.9063562,0.4451871,-0.5515116,0.1613576,0.07618041,-0.02254925,0.983693
85170,0.0171374,43.2156179919839,0.9063469,0.4452562,-0.5515693,0.1612101,0.07616584,-0.0225812,0.9837176
85174,0.016668,43.2322859913111,0.9063361,0.4453794,-0.5517266,0.1609192,0.07619088,-0.02263969,0.9837619
85178,0.0166688,43.2489547915757,0.9063457,0.4454662,-0.5518985,0.160631,0.07621655,-0.0226901,0.9838058
85180,0.0166639,43.2656186912209,0.9063682,0.4455048,-0.5519589,0.160449,0.076216,-0.02269085,0.9838355
85184,0.0166705,43.2822891920805,0.906368,0.4455576,-0.5520145,0.1602421,0.07619969,-0.02267821,0.9838708
85188,0.0166654,43.2989545911551,0.9063547,0.4456492,-0.5521181,0.1598076,0.07617847,-0.02264484,0.9839439
85190,0.0166668,43.3156213909388,0.9063513,0.4456669,-0.5521862,0.159641,0.076137,-0.02264843,0.9839741
85194,0.0166666,43.3322879914194,0.906368,0.4457435,-0.5522565,0.1594899,0.0760905,-0.02275,0.9839998
85196,0.0166678,43.3489557914436,0.9063846,0.4457476,-0.5523033,0.1593953,0.07609708,-0.0228059,0.9840134
85200,0.0166658,43.3656215909868,0.9063959,0.4457801,-0.5523667,0.159272,0.07607622,-0.02291005,0.9840325
85204,0.0166698,43.3822913914919,0.9064242,0.4458136,-0.552407,0.1592452,0.07604079,-0.02295737,0.9840385
85208,0.0166643,43.3989556916058,0.9064516,0.4458053,-0.5523937,0.1591668,0.07600977,-0.02301338,0.9840522
85210,0.0166675,43.4156231917441,0.9064583,0.445789,-0.5524125,0.1591567,0.07600537,-0.02301781,0.9840541
85214,0.016667,43.4322901908308,0.9064977,0.4457462,-0.5523739,0.1591675,0.07603443,-0.02300513,0.9840505
85216,0.0166686,43.4489587899297,0.9064984,0.4457506,-0.5523696,0.1592005,0.07605226,-0.02296723,0.9840446
85220,0.0166648,43.4656235892326,0.9065581,0.4457411,-0.5523395,0.1592593,0.0761212,-0.02296092,0.9840299
85222,0.0166681,43.4822916891426,0.9065766,0.4457333,-0.5523253,0.1592974,0.07617524,-0.02295264,0.9840198
85228,0.0166668,43.4989584889263,0.9066607,0.4457347,-0.5523036,0.1593076,0.07625318,-0.02294243,0.9840123
85230,0.0166666,43.515625089407,0.9066779,0.4457147,-0.5522509,0.1593036,0.07626773,-0.02294206,0.9840119
85234,0.0166667,43.5322917886078,0.9067484,0.4457134,-0.5522165,0.1592771,0.07635104,-0.0229647,0.9840091
85236,0.0166668,43.5489585883915,0.9067843,0.4457155,-0.5521783,0.1592735,0.07639905,-0.02299509,0.9840053
85240,0.0166667,43.5656252875924,0.9068318,0.4457206,-0.5520694,0.1592796,0.07645357,-0.02302904,0.9839993
85242,0.0166674,43.5822926871479,0.9068913,0.4456843,-0.5520455,0.1593135,0.07645974,-0.02302588,0.9839934
85248,0.0166666,43.5989592876285,0.9069446,0.4456983,-0.5519831,0.1593446,0.07648795,-0.02301189,0.9839865
85250,0.0166666,43.6156258881092,0.9069818,0.445697,-0.5519637,0.1593664,0.07651414,-0.02303438,0.9839804
85254,0.0166677,43.6322935875505,0.9070677,0.4456684,-0.5519125,0.1593951,0.07658609,-0.02309673,0.9839687
85256,0.0166692,43.6489627882838,0.9071214,0.4457025,-0.5518624,0.1594078,0.07665041,-0.02312907,0.9839609
85260,0.0166643,43.6656270883977,0.9071831,0.4457946,-0.5518688,0.1593657,0.07680418,-0.02319627,0.9839541
85262,0.0166692,43.682296289131,0.9072031,0.4458587,-0.5518636,0.159343,0.07691047,-0.02320444,0.9839493
85268,0.0166645,43.698960788548,0.9072302,0.4460025,-0.5519735,0.1591848,0.0771221,-0.02319521,0.9839585
85270,0.0166685,43.7156292889267,0.9072071,0.446081,-0.5520668,0.1590654,0.077288,-0.02313651,0.9839662
85274,0.0166666,43.7322958894074,0.907135,0.4463202,-0.5522376,0.1587729,0.07754084,-0.02300961,0.9839965
85276,0.0166659,43.7489617895335,0.9070914,0.4464902,-0.5524213,0.1585303,0.07772118,-0.02288928,0.9840242
85280,0.0166671,43.7656288892031,0.9069538,0.4467365,-0.5527571,0.1580686,0.07795029,-0.02264664,0.984086
85284,0.0166704,43.7822992894799,0.9068214,0.4469711,-0.5529949,0.1577235,0.07807039,-0.02249554,0.9841353
85288,0.0166644,43.7989636901766,0.9065239,0.4473538,-0.5535583,0.1570488,0.07822325,-0.02225166,0.9842366
85290,0.0166662,43.8156298901886,0.9063229,0.4476408,-0.5538751,0.1566409,0.07825623,-0.02207108,0.9843031
85294,0.0166695,43.8322993908077,0.9059287,0.4482479,-0.5545761,0.1556171,0.0782059,-0.02164298,0.9844789
85298,0.0166694,43.8489687908441,0.9053774,0.449039,-0.5554515,0.1543372,0.07803019,-0.02109929,0.9847062
85300,0.0166837,43.8656524904072,0.9051031,0.4494664,-0.5559515,0.1536396,0.07790196,-0.02079909,0.9848318
85306,0.0166683,43.8823207896203,0.904538,0.4503947,-0.5570882,0.1520592,0.07767599,-0.02018165,0.9851077
85308,0.0166654,43.8989861886948,0.90421,0.4509449,-0.55773,0.1511336,0.07756681,-0.01981971,0.9852661
85310,0.0166707,43.9156568888575,0.9039143,0.4514369,-0.5584334,0.1502022,0.07748055,-0.01948009,0.9854221
85314,0.016665,43.932321889326,0.9031807,0.4525423,-0.5599226,0.1480744,0.07733089,-0.01862097,0.9857724
85316,0.0166701,43.9489919897169,0.9027567,0.4531999,-0.5608751,0.1467808,0.07722969,-0.01811069,0.9859833
85320,0.0166639,43.9656558893621,0.9020795,0.4542495,-0.5624063,0.1446569,0.07711063,-0.01727522,0.9863214
85326,0.0166674,43.9823232889175,0.901362,0.4554364,-0.5641931,0.1422984,0.07699375,-0.0163784,0.9866889
85328,0.0168712,43.999194489792,0.9009506,0.4560397,-0.5651835,0.1412368,0.07696365,-0.01599305,0.9868501
85330,0.0166684,44.0158628895879,0.9005395,0.4566922,-0.5663041,0.1399476,0.07690496,-0.01556654,0.9870451
85334,0.0166671,44.0325299892575,0.8998346,0.4578372,-0.5681641,0.1376609,0.07689823,-0.01491557,0.9873772
85336,0.0166692,44.0491991899908,0.8993966,0.458474,-0.5693183,0.1363398,0.07690413,-0.01458569,0.9875649
85342,0.0166651,44.0658642891794,0.8986048,0.4597244,-0.5715033,0.1336567,0.07693724,-0.01402329,0.9879372
85344,0.0166667,44.0825309883803,0.8981951,0.46036,-0.5726187,0.1324002,0.07698099,-0.01377143,0.9881065
85348,0.0166683,44.0991992875934,0.897368,0.4616463,-0.5749031,0.1297743,0.07712775,-0.01331169,0.9884497
85350,0.0166678,44.1158670876175,0.8969552,0.4623242,-0.5761318,0.1286116,0.07718998,-0.01313507,0.9885991
85354,0.016665,44.132532088086,0.8960958,0.4635836,-0.5784313,0.1259266,0.07731939,-0.01273384,0.9889399
85356,0.0166689,44.1492009889334,0.8956266,0.464339,-0.5797647,0.1241742,0.07732677,-0.01243042,0.9891647
85360,0.0166651,44.1658660881221,0.8948278,0.4655392,-0.5819452,0.1213236,0.07721563,-0.01185988,0.9895341
85364,0.0166686,44.1825346872211,0.8943287,0.4662944,-0.5832728,0.119591,0.07708887,-0.01147998,0.9897593
85368,0.0166653,44.1991999875754,0.8935695,0.4675103,-0.5853888,0.1168811,0.07677308,-0.01091292,0.990114
85372,0.0166684,44.2158683873713,0.8927207,0.4688151,-0.5877383,0.1141686,0.0762999,-0.01047549,0.9904717
85374,0.0166882,44.2325565870851,0.892279,0.4695248,-0.5889781,0.1125896,0.07596298,-0.01028072,0.9906803
85378,0.0166709,44.2492274865508,0.8914943,0.4707228,-0.5912085,0.1096204,0.07526693,-0.009967525,0.9910696
85380,0.0166632,44.2658906858414,0.8910901,0.4713345,-0.5923296,0.1083382,0.07494014,-0.009844457,0.9912366
85382,0.0166701,44.2825607862324,0.8907071,0.4718913,-0.5934018,0.1068855,0.07457151,-0.009683735,0.9914237
85388,0.0166654,44.2992261853069,0.8899803,0.4730208,-0.5955426,0.1042302,0.07384676,-0.009333369,0.9917639
85390,0.0166682,44.3158943857998,0.8896523,0.4735412,-0.5965348,0.1030329,0.07349839,-0.009173865,0.9919164
85394,0.016666,44.3325603865087,0.8889689,0.4745329,-0.5986512,0.1008782,0.0729614,-0.008861801,0.9921803
85398,0.0166664,44.3492267858237,0.8883932,0.4753982,-0.6005479,0.09905661,0.07255908,-0.008529423,0.9923962
85400,0.0166661,44.3658928852528,0.8880881,0.4757856,-0.6015908,0.09813648,0.07238126,-0.008351076,0.9925022
85406,0.01667,44.3825628850609,0.8875555,0.476531,-0.6034024,0.0967303,0.07215914,-0.008064623,0.9926587
85408,0.0166638,44.3992266859859,0.8872967,0.4769073,-0.6042882,0.09607431,0.07209075,-0.007830828,0.9927292
85412,0.0166689,44.4158955868334,0.8866816,0.477434,-0.6060568,0.0950042,0.07194871,-0.007308105,0.9928465
85414,0.0166677,44.4325632862747,0.8863921,0.4776953,-0.6068907,0.09460431,0.07183909,-0.006973774,0.9928951
85418,0.0166755,44.4492387864739,0.8857943,0.4781472,-0.6083848,0.09406391,0.07158289,-0.00635139,0.9929691
85420,0.0180636,44.4673023857176,0.8855045,0.4783437,-0.6091107,0.09385356,0.07134134,-0.006026858,0.9930084
85426,0.0166684,44.4839707855135,0.8849423,0.4786738,-0.6103853,0.09343768,0.07094366,-0.005379712,0.9930798
85428,0.0166668,44.5006375852972,0.8846524,0.4788113,-0.6109568,0.09320436,0.07071196,-0.005041401,0.99312
85432,0.0174445,44.5180820859969,0.883981,0.4791448,-0.6120991,0.09261641,0.0702536,-0.00418612,0.9932115
85434,0.0166663,44.5347483865917,0.8836798,0.4792942,-0.6125435,0.09234836,0.06998951,-0.003686129,0.9932571
85436,0.0166673,44.5514156874269,0.883278,0.4794579,-0.6130849,0.09205101,0.06964204,-0.003074423,0.9933112
85440,0.0166666,44.5680822879076,0.8826212,0.4796872,-0.6139046,0.09165232,0.06905401,-0.002132982,0.9933916
85446,0.0166679,44.5847501885146,0.8818845,0.4799134,-0.614646,0.09132184,0.06815324,-0.0008750124,0.9934862
85448,0.0166652,44.6014153882861,0.881518,0.4800217,-0.6149852,0.091185,0.06763812,-0.0003010658,0.9935343
85452,0.0166681,44.6180834881961,0.8807085,0.4801401,-0.6156127,0.09102095,0.06649986,0.0008005325,0.9936259
85454,0.016667,44.6347504872829,0.8802845,0.4802131,-0.6158732,0.09092227,0.06583901,0.001334374,0.9936783
85458,0.0166667,44.6514171864837,0.8794495,0.4804155,-0.6163406,0.09067458,0.06448743,0.002375338,0.9937876
85460,0.0181129,44.6695300862193,0.8790361,0.480537,-0.6165569,0.09052701,0.06388487,0.0028063,0.9938389
85466,0.016668,44.6861980855465,0.8781865,0.4807265,-0.6169129,0.09017973,0.06247526,0.003735647,0.993957
85468,0.0166671,44.7028651852161,0.8777559,0.4808411,-0.6170864,0.09006085,0.06181322,0.004140167,0.9940076
85472,0.0166683,44.7195334844291,0.8768719,0.4810788,-0.6174251,0.08982484,0.06041295,0.00493175,0.9941114
85474,0.0166666,44.7362000849098,0.8765079,0.4811859,-0.6175553,0.08974528,0.05978208,0.005291127,0.9941549
85478,0.0166669,44.7528669852763,0.8756298,0.4814151,-0.6177945,0.08958228,0.05860383,0.006005557,0.9942357
85480,0.0166671,44.7695340849459,0.8752357,0.4814717,-0.617907,0.08949549,0.05796729,0.006370499,0.9942786
85486,0.0166666,44.7862006854266,0.8743508,0.4815787,-0.6181503,0.08938868,0.05689663,0.006911917,0.9943464
85488,0.0166668,44.8028674852103,0.873873,0.4816141,-0.6182455,0.08936623,0.05624333,0.007243796,0.9943832
85492,0.0166688,44.8195362854749,0.8729347,0.4817194,-0.6185012,0.08936756,0.0550117,0.00782897,0.9944475
85494,0.018138,44.8376742862165,0.8724212,0.4817471,-0.6186193,0.08936711,0.05431705,0.008162891,0.9944831
85498,0.0166666,44.8543408866972,0.8713953,0.4817611,-0.6187438,0.08935369,0.05291425,0.00889686,0.9945536
85502,0.0166697,44.8710105866194,0.870355,0.4818084,-0.6188953,0.08922656,0.0514604,0.009698218,0.9946338
85506,0.0200282,44.8910387866199,0.869833,0.4818298,-0.6189551,0.08921664,0.0507298,0.01006842,0.9946685
85510,0.016668,44.9077067859471,0.8686438,0.4818336,-0.619085,0.08941749,0.04897488,0.01092209,0.9947295
85512,0.016668,44.9243747852743,0.8680226,0.4818065,-0.619167,0.08962405,0.04804733,0.01142162,0.9947505
85516,0.0166669,44.9410416856408,0.8667308,0.4817706,-0.619314,0.09031265,0.04611035,0.01256595,0.9947661
85518,0.0166665,44.9577081855387,0.8660483,0.4816944,-0.6194258,0.09070841,0.04506411,0.01322304,0.9947695
85522,0.0166666,44.9743747860193,0.8645743,0.4815413,-0.6195977,0.09144203,0.0429015,0.0145348,0.9947797
85526,0.016667,44.9910417851061,0.8638194,0.4815054,-0.6196986,0.09184848,0.04148322,0.01531133,0.9947907
85530,0.0173737,45.0084154848009,0.8622139,0.4813842,-0.6198758,0.09246103,0.03882587,0.0172751,0.9948091
85532,0.0166659,45.025081384927,0.8614196,0.4813425,-0.6199232,0.09265012,0.03748255,0.01848183,0.9948213
85536,0.0166672,45.0417485851794,0.8596501,0.4812362,-0.6200234,0.09270146,0.03476141,0.02072247,0.9948712
85538,0.0166659,45.0584144853055,0.8586777,0.4811883,-0.6200634,0.09279443,0.03324042,0.02191532,0.994889
85544,0.0166678,45.0750822853297,0.8568987,0.4809778,-0.6201496,0.0933184,0.03033647,0.02401152,0.9948844
85546,0.0166658,45.091748084873,0.8558927,0.4808133,-0.6202072,0.09375464,0.02866968,0.02504916,0.9948671
85550,0.016672,45.1084200851619,0.8539362,0.4804744,-0.6203241,0.09483289,0.0253536,0.02694258,0.9948055
85552,0.0166642,45.125084284693,0.8529656,0.4803067,-0.620369,0.09538515,0.02376819,0.02785817,0.9947667
85556,0.0166666,45.1417508851737,0.8510355,0.4800085,-0.6204636,0.09638318,0.02055779,0.02979783,0.9946858
85558,0.0166669,45.1584177855402,0.8499815,0.4798833,-0.6205097,0.09683119,0.01887492,0.03084074,0.9946438
85562,0.016668,45.1750857848674,0.848109,0.4797046,-0.6206036,0.09746321,0.01602757,0.03256643,0.9945771
85566,0.0166656,45.1917513851076,0.8472188,0.4796288,-0.6206217,0.09771986,0.01473535,0.03332777,0.9945467
85570,0.0166674,45.2084187846631,0.8454205,0.4794989,-0.6206712,0.0982826,0.01211041,0.03491823,0.994472
85572,0.0166667,45.225085483864,0.8445274,0.479361,-0.6207032,0.09855603,0.01091857,0.03570376,0.9944309
85576,0.0166672,45.2417526841164,0.8427281,0.4792274,-0.6207205,0.09887884,0.008734154,0.03710689,0.994369
85578,0.0166667,45.2584193833172,0.8419748,0.4791856,-0.6206937,0.09896343,0.007753014,0.03760576,0.99435
85584,0.016667,45.275086382404,0.8403471,0.4791063,-0.6206319,0.09898597,0.00555829,0.03807879,0.9943445
85586,0.0166661,45.2917524818331,0.8395554,0.479076,-0.6205777,0.09885158,0.004457666,0.0379497,0.9943683
85590,0.0166675,45.3084199819714,0.8381806,0.4791004,-0.6204686,0.09829944,0.002328066,0.03736984,0.9944523
85592,0.0166666,45.3250865824521,0.8375368,0.4791183,-0.6203854,0.0979719,0.001442149,0.03709649,0.9944965
85596,0.0166682,45.3417547829449,0.8363204,0.4792435,-0.6202369,0.09714412,-0.0003840201,0.03655379,0.9945988
85598,0.0166652,45.3584199827164,0.8357927,0.4792423,-0.6201417,0.09679724,-0.001128521,0.03624639,0.9946433
85602,0.0166703,45.3750902824104,0.8347295,0.4792538,-0.6200389,0.09643981,-0.002549666,0.03549533,0.9947025
85606,0.0166646,45.3917548824102,0.8342795,0.4791918,-0.6199718,0.09661018,-0.003229632,0.0351745,0.9946954
85610,0.0166681,45.4084229823202,0.8333897,0.4789012,-0.6199055,0.0972643,-0.004489013,0.03479568,0.9946401
85612,0.0166661,45.4250890817493,0.8330267,0.478857,-0.619923,0.09747619,-0.004895416,0.03472501,0.9946198
85616,0.0166678,45.4417568817735,0.8323771,0.4787414,-0.6198495,0.09758909,-0.005557506,0.03468044,0.9946069
85618,0.0166661,45.4584229812026,0.8320552,0.4787072,-0.6197936,0.09765998,-0.005704062,0.03467558,0.9945992
85622,0.0166673,45.4750902820379,0.831454,0.4785745,-0.6196992,0.09788075,-0.006128198,0.03466351,0.9945754
85626,0.0166655,45.4917557816952,0.8311591,0.4785559,-0.6196748,0.09794848,-0.00638743,0.03466369,0.9945671
85630,0.016668,45.5084237810224,0.8306351,0.4785703,-0.6196016,0.09773739,-0.006844261,0.03474825,0.9945819
85632,0.0166666,45.5250903815031,0.8303469,0.4785827,-0.6195501,0.09753653,-0.007105872,0.03485416,0.9945961
85636,0.0166668,45.5417571812868,0.8298084,0.4785831,-0.6194933,0.09714505,-0.00762058,0.03517495,0.9946193
85638,0.0166671,45.5584242809564,0.8295916,0.4786215,-0.6194665,0.0969217,-0.007959086,0.03545051,0.9946287
85642,0.0166681,45.5750923808664,0.829128,0.4786693,-0.6194409,0.09655356,-0.008601789,0.03591309,0.9946425
85644,0.0166662,45.5917585808784,0.8289084,0.4786819,-0.6194102,0.09638028,-0.009036547,0.03610022,0.9946487
85650,0.0166667,45.6084252800792,0.8284321,0.4787417,-0.6194326,0.09589648,-0.009995331,0.03639494,0.9946755
85652,0.0166672,45.6250924803317,0.8282135,0.4787975,-0.6193948,0.09551217,-0.01051809,0.03665685,0.9946975
85656,0.0166669,45.6417593806982,0.8277744,0.4789743,-0.6193656,0.09481616,-0.0115803,0.03710439,0.9947357
85658,0.0166663,45.658425681293,0.8275596,0.4790384,-0.6193161,0.09441175,-0.01221086,0.03725732,0.9947609
85662,0.0166671,45.6750927809626,0.8271765,0.4791558,-0.6193269,0.09383415,-0.0134478,0.03737347,0.9947953
85666,0.0166676,45.6917603816837,0.8270052,0.4791724,-0.6193666,0.09368118,-0.0139912,0.0374211,0.9948004
85670,0.0166671,45.7084274813533,0.8266865,0.4791348,-0.6194158,0.0938471,-0.01515615,0.03745954,0.9947662
85672,0.0166663,45.7250937819481,0.8265474,0.4791134,-0.6194425,0.0939583,-0.01561192,0.03749947,0.9947472
85676,0.0166673,45.7417610827833,0.8263589,0.4790263,-0.6194286,0.09425025,-0.01641171,0.03755739,0.9947045
85678,0.0166669,45.7584279831499,0.8262796,0.4790011,-0.619396,0.09436215,-0.0167669,0.03758251,0.994687
85682,0.0166678,45.775095783174,0.8261549,0.4790062,-0.6193593,0.09441513,-0.01738087,0.03765114,0.9946688
85686,0.0166671,45.7917628828436,0.8261468,0.4789993,-0.6193402,0.09438381,-0.01759203,0.03765498,0.9946679
85690,0.0166669,45.8084297832102,0.8260438,0.4790457,-0.6192667,0.09434353,-0.01791122,0.03763126,0.994667
85692,0.0166662,45.8250959832221,0.8260211,0.4790954,-0.6192473,0.09426749,-0.01796287,0.03759453,0.9946747
85696,0.016667,45.8417629823089,0.8260441,0.4791523,-0.6191463,0.09392471,-0.01789951,0.03753563,0.9947104
85698,0.0166668,45.8584297820926,0.8260604,0.479183,-0.619073,0.09360877,-0.01780819,0.03756377,0.9947408
85702,0.016667,45.8750967811793,0.8260619,0.4792266,-0.6190374,0.09308093,-0.01764444,0.03753488,0.9947943
85706,0.0166666,45.89176338166,0.8260789,0.4792277,-0.6189812,0.09294362,-0.01759153,0.03751714,0.9948088
85710,0.0166699,45.9084332808852,0.826092,0.4791844,-0.6189212,0.09300733,-0.017437,0.03757091,0.9948035
85712,0.0166642,45.9250974804163,0.8260855,0.4791276,-0.6189139,0.09312301,-0.01737816,0.03756047,0.9947941
85716,0.0176856,45.9427830800414,0.8261194,0.4790348,-0.6188617,0.09318136,-0.01740852,0.03762967,0.9947855
85718,0.0166678,45.9594508800656,0.8261232,0.4790257,-0.6188245,0.09324957,-0.0175041,0.0376722,0.9947758
85724,0.016666,45.9761168807745,0.8261278,0.4790477,-0.6187891,0.09326199,-0.01771769,0.03776165,0.9947675
85726,0.0166678,45.9927846807987,0.8261515,0.4790539,-0.6187846,0.09331334,-0.0178134,0.03776827,0.9947607
85730,0.0166668,46.0094514805824,0.826158,0.4790197,-0.6187329,0.09352031,-0.01810571,0.03772205,0.9947377
85732,0.0166673,46.0261187814176,0.8261575,0.478985,-0.6186824,0.09362746,-0.01827415,0.0376545,0.9947272
85736,0.0166663,46.0427850820124,0.8261745,0.4789666,-0.6186572,0.09386162,-0.01862124,0.03744141,0.9947067
85738,0.0166673,46.0594523828477,0.8261784,0.4789256,-0.6186594,0.09402296,-0.01871646,0.03735395,0.994693
85744,0.0166875,46.0761398822069,0.8261979,0.4788507,-0.6186581,0.09449894,-0.01892859,0.03718094,0.9946504
85746,0.0166676,46.092807482928,0.8261427,0.4788404,-0.6186451,0.09474277,-0.01906439,0.03709971,0.9946276
85750,0.0166664,46.109473882243,0.826087,0.4788688,-0.6186035,0.09497907,-0.0191951,0.03693763,0.9946085
85752,0.016669,46.1261428818107,0.8261165,0.4788325,-0.6186224,0.09501267,-0.01924356,0.03684666,0.9946078
85756,0.016665,46.1428078822792,0.8261638,0.4788075,-0.6185646,0.09495762,-0.01932572,0.03668322,0.9946175
85758,0.0166674,46.1594752818346,0.8261785,0.4787994,-0.6185603,0.09478725,-0.01932966,0.03661212,0.9946363
85764,0.0166669,46.1761421822011,0.8261821,0.4788154,-0.6185186,0.09456849,-0.01936368,0.03633998,0.9946664
85766,0.0166674,46.1928095817566,0.8261716,0.4788072,-0.6184999,0.09454649,-0.0194542,0.03614695,0.9946738
85770,0.0166667,46.2094762809575,0.8261456,0.478785,-0.6184759,0.09449637,-0.01965277,0.03572127,0.99469
85772,0.0166667,46.2261429801583,0.8261449,0.4787865,-0.6184471,0.09442658,-0.01969729,0.03560428,0.9947
85776,0.0166667,46.2428096793592,0.82609,0.4787458,-0.6183543,0.09438323,-0.01980325,0.03546065,0.9947071
85778,0.016667,46.2594766784459,0.8260576,0.478731,-0.6183264,0.09445037,-0.0198544,0.03542973,0.9947008
85782,0.0166669,46.2761435788125,0.8260592,0.4786386,-0.6182593,0.09472062,-0.02000853,0.03551598,0.994669
85786,0.0166678,46.2928113788366,0.8260875,0.4785764,-0.6182223,0.094937,-0.02003407,0.03555373,0.9946464
85790,0.0166659,46.3094772789627,0.8261639,0.4784389,-0.618197,0.09553085,-0.01986393,0.03546876,0.9945961
85792,0.0166677,46.326144978404,0.826229,0.4783623,-0.6181543,0.09579382,-0.01968972,0.03542371,0.9945758
85796,0.0166683,46.3428132776171,0.8263383,0.4782278,-0.6180455,0.09633351,-0.0190676,0.03534805,0.9945385
85798,0.0166669,46.3594801779836,0.8264215,0.4781606,-0.6180394,0.0965462,-0.01874284,0.03526188,0.9945271
85802,0.0166654,46.3761455770582,0.8265698,0.4780366,-0.617943,0.09694057,-0.01816563,0.03519939,0.9945017
85806,0.0166671,46.3928126767278,0.826677,0.4779751,-0.6178951,0.09718026,-0.01779033,0.03518389,0.9944856
85810,0.0166678,46.4094804767519,0.826839,0.477944,-0.6177968,0.09747703,-0.01715138,0.03507911,0.9944715
85812,0.0166658,46.4261462762952,0.8269701,0.4779395,-0.6177384,0.09751216,-0.01673294,0.03498271,0.9944786
85816,0.016667,46.4428132753819,0.8271859,0.4779743,-0.6176546,0.09750704,-0.01601107,0.03481004,0.994497
85818,0.0166669,46.4594801757485,0.8273155,0.4779555,-0.6176199,0.09744876,-0.01571074,0.03469411,0.9945116
85822,0.0166673,46.4761474765837,0.8275849,0.4779779,-0.6175417,0.09730325,-0.01511259,0.03445771,0.9945433
85826,0.0166666,46.4928140770644,0.8277147,0.4779918,-0.617496,0.09724355,-0.01481296,0.03431636,0.9945585
85830,0.0166673,46.5094813778996,0.8280271,0.478028,-0.6173872,0.09715562,-0.01416571,0.03394088,0.9945894
85832,0.0166669,46.5261482782662,0.8282138,0.4780303,-0.6173102,0.09711646,-0.01379853,0.03368966,0.994607
85836,0.0166667,46.5428149774671,0.8285449,0.478019,-0.6171838,0.09707415,-0.01314261,0.0331619,0.9946377
85838,0.0166659,46.5594808775932,0.8287503,0.4780215,-0.6171801,0.09705605,-0.01283482,0.03286156,0.9946535
85842,0.0166687,46.5761495772749,0.8291008,0.4779681,-0.617064,0.09704121,-0.01231445,0.03234845,0.9946783
85844,0.0166663,46.5928158778697,0.8292771,0.4779537,-0.6170194,0.09709486,-0.01207551,0.03207771,0.9946848
85850,0.0166678,46.6094836778939,0.8296201,0.4778819,-0.6169566,0.09723137,-0.01161229,0.0314297,0.9946976
85852,0.016669,46.6261526774615,0.8298025,0.4778341,-0.6169171,0.09738839,-0.011433,0.03115178,0.9946932
85856,0.0166663,46.6428189780563,0.830168,0.4777453,-0.616871,0.09761082,-0.01117492,0.03067476,0.9946891
85858,0.0166678,46.6594867780805,0.8303513,0.4777541,-0.6168606,0.0976126,-0.01113039,0.03045,0.9946963
85862,0.0166666,46.6761533785611,0.8306934,0.4777412,-0.6168171,0.09753482,-0.01116915,0.02995731,0.9947184
85864,0.0166672,46.6928205788136,0.8308474,0.4777619,-0.6168225,0.09749695,-0.01124043,0.02967676,0.9947298
85870,0.0166675,46.7094880789518,0.8312078,0.4777662,-0.6167756,0.09749592,-0.01144383,0.0288905,0.9947507
85872,0.016666,46.7261540796608,0.831399,0.4777615,-0.6167693,0.09753398,-0.01147674,0.02840053,0.9947607
85876,0.0166673,46.742821380496,0.8317857,0.4777523,-0.6167451,0.09757758,-0.01152425,0.02737081,0.9947848
85878,0.0166787,46.7595000807196,0.8320097,0.4777474,-0.6167206,0.09763411,-0.01147,0.02691517,0.9947923
85882,0.0166686,46.7761686798185,0.8324352,0.4777436,-0.6166531,0.09775269,-0.01122538,0.02612429,0.9948045
85888,0.0166653,46.7928339801729,0.8329056,0.4777262,-0.6166077,0.09790684,-0.01075446,0.02541919,0.9948128
85890,0.0183854,46.8112193793058,0.8331648,0.4777049,-0.6165072,0.09802781,-0.01037119,0.02500529,0.9948155
85892,0.0166685,46.8278878796846,0.8335095,0.4776613,-0.6164163,0.09818039,-0.009790123,0.02452568,0.9948182
85896,0.0166665,46.8445543795824,0.8341457,0.4776118,-0.6162149,0.09849317,-0.008424643,0.02365947,0.9948208
85898,0.0166668,46.8612211793661,0.8345559,0.4775568,-0.6160769,0.09874001,-0.007453874,0.02310821,0.994817
85902,0.016667,46.8778881784528,0.8354114,0.4774117,-0.6158608,0.09924295,-0.005590126,0.02205877,0.994803
85906,0.0166681,46.8945562783629,0.8359321,0.4773412,-0.6156974,0.0996184,-0.004182149,0.02123603,0.9947903
85910,0.016666,46.9112222790718,0.8368886,0.4771958,-0.6154352,0.1002904,-0.00167369,0.01980403,0.9947597
85914,0.0166675,46.9278897792101,0.8379786,0.4770322,-0.6150777,0.1009553,0.001210538,0.01830628,0.9947218
85916,0.0166661,46.9445558786392,0.8385938,0.4769406,-0.6148883,0.1012964,0.002950854,0.01747695,0.9946984
85918,0.016667,46.961222877726,0.8392953,0.476823,-0.6146779,0.1017383,0.005116168,0.01649588,0.9946613
85922,0.0166678,46.9778906777501,0.8406516,0.4766359,-0.6142429,0.1024608,0.008795814,0.01500283,0.994585
85926,0.0166756,46.9945662785321,0.8413734,0.4765098,-0.6140518,0.1029005,0.01107844,0.01411381,0.9945298
85930,0.0166686,47.0112348776311,0.84288,0.4762733,-0.6136519,0.1037547,0.01538797,0.01241863,0.9944063
85932,0.0166661,47.0279009770602,0.8437536,0.4761334,-0.6134381,0.1041769,0.01756789,0.01155573,0.9943365
85936,0.0166668,47.0445677768439,0.8454393,0.4758519,-0.6130874,0.1049648,0.02225437,0.009891777,0.9941777
85938,0.0166666,47.0612343773246,0.8462914,0.4757106,-0.6128829,0.1053372,0.02460618,0.009164691,0.9940898
85942,0.0166685,47.0779028777033,0.8482652,0.4754591,-0.6124461,0.1060568,0.02974436,0.007745564,0.9938849
85946,0.0166656,47.0945684779435,0.8491894,0.4753071,-0.6122512,0.1064654,0.03256452,0.007079098,0.9937578
85950,0.0166733,47.1112417783588,0.8512491,0.47508,-0.6118281,0.1071995,0.03762272,0.006118355,0.9935066
85952,0.016661,47.1279027778655,0.8522138,0.4749659,-0.6116346,0.1075716,0.04029821,0.005789475,0.9933634
85956,0.0166672,47.1445699781179,0.854363,0.4747248,-0.6112036,0.1080568,0.04526911,0.005612227,0.9930977
85958,0.0166667,47.1612366773188,0.8554461,0.4746565,-0.6110032,0.1082359,0.04795343,0.005692378,0.9929518
85964,0.0166672,47.1779038775712,0.8577147,0.4744781,-0.6106031,0.1084427,0.0537571,0.006129105,0.9926293
85966,0.0166676,47.1945714782923,0.8588116,0.4743851,-0.6104101,0.1084755,0.05639708,0.006369432,0.9924777
85970,0.016666,47.2112374790013,0.8610733,0.4742413,-0.6099966,0.1085476,0.06143721,0.006817004,0.9921676
85972,0.0166668,47.227904278785,0.8623097,0.4741592,-0.6097727,0.1086009,0.06395436,0.006945152,0.9920018
85976,0.0166668,47.2445710785687,0.8646279,0.4740301,-0.609355,0.1087176,0.06862334,0.006875204,0.9916774
85978,0.0166665,47.2612375784665,0.8658895,0.4739586,-0.6091004,0.1087413,0.07065779,0.006701218,0.9915331
85982,0.0166672,47.2779047787189,0.8683138,0.4738396,-0.6086657,0.1088051,0.07478943,0.006108077,0.9912269
85986,0.0166668,47.2945715785027,0.8695177,0.473763,-0.6084125,0.1088736,0.07678734,0.005659761,0.9910693
85990,0.0166673,47.3112388793379,0.8719955,0.4736283,-0.6079055,0.1091533,0.08026931,0.00469632,0.9907676
85992,0.016667,47.3279058784246,0.8733447,0.4735323,-0.6075959,0.1093931,0.0819167,0.004075813,0.990609
85996,0.0166672,47.3445730786771,0.8756404,0.4733037,-0.6070912,0.110049,0.08474185,0.002689162,0.9903034
85998,0.0166667,47.3612397778779,0.8769099,0.4731407,-0.6068101,0.1105358,0.08618493,0.001809748,0.9901266
86004,0.016667,47.3779067769647,0.8791385,0.4728088,-0.6062842,0.1114058,0.0883674,0.0002178103,0.9898384
86006,0.0166665,47.3945732768625,0.880387,0.4725999,-0.6059923,0.1119895,0.0897174,-0.0008319359,0.9896507
86010,0.0166675,47.4112407770008,0.882552,0.4722179,-0.6054499,0.1128409,0.09164105,-0.002232276,0.9893755
86012,0.0166665,47.4279072768986,0.8837196,0.4720053,-0.6051131,0.11327,0.09254373,-0.002846523,0.9892409
86016,0.0166677,47.4445749763399,0.8858139,0.4715538,-0.6045363,0.1142867,0.09433118,-0.004111161,0.9889506
86018,0.0166658,47.4612407758832,0.8869083,0.4713095,-0.6042203,0.1148671,0.0951717,-0.00471928,0.9888001
86022,0.016669,47.4779097754508,0.8888275,0.4708914,-0.603675,0.1159692,0.09658533,-0.005817876,0.9885285
86026,0.0166659,47.4945756755769,0.8897923,0.470677,-0.6033216,0.1166342,0.09728247,-0.006437165,0.988378
86030,0.0166681,47.5112437754869,0.8914299,0.470269,-0.6027308,0.1178162,0.09845541,-0.007610872,0.9881133
86034,0.0166673,47.5279110763222,0.8929772,0.4698761,-0.6020995,0.1188146,0.09928526,-0.008517256,0.9879034
86036,0.0174708,47.5453818757087,0.8936791,0.4697299,-0.6018459,0.1192372,0.09956133,-0.008910541,0.9878212
86040,0.0166689,47.5620507765561,0.8950803,0.4694538,-0.6012334,0.1200684,0.09998088,-0.009614319,0.9876715
86042,0.0166659,47.5787166766822,0.8957571,0.4693411,-0.6009065,0.1204067,0.1000744,-0.009910245,0.9876179
86048,0.0166675,47.5953841768205,0.8969237,0.46909,-0.6003734,0.1209497,0.100014,-0.01050038,0.9875516
86050,0.0166659,47.6120500769466,0.8974849,0.4689831,-0.6000863,0.1211282,0.09991671,-0.01072298,0.9875372
86054,0.0166702,47.6287202760577,0.8985161,0.4688001,-0.599562,0.1215643,0.09962411,-0.01119525,0.9875079
86056,0.0166636,47.6453838758171,0.8989948,0.4686643,-0.5993003,0.1218713,0.09944922,-0.01142822,0.9874851
86060,0.0166726,47.6620564758778,0.8998929,0.4684803,-0.5988109,0.1223346,0.09901728,-0.01187189,0.9874659
86062,0.0166622,47.6787186767906,0.9003556,0.4684185,-0.5985438,0.1223608,0.09882304,-0.01206821,0.9874797
86066,0.0166669,47.6953855771571,0.9012803,0.4683659,-0.5980427,0.1222536,0.09862857,-0.01248175,0.9875073
86070,0.0166993,47.7120848763734,0.9017478,0.4683385,-0.597818,0.1222425,0.09857905,-0.01279768,0.9875096
86074,0.0166643,47.7287491764873,0.9025991,0.4683147,-0.5974426,0.1224005,0.09850946,-0.01348561,0.9874878
86076,0.0166696,47.7454187758267,0.9030169,0.4683037,-0.5972803,0.1224753,0.09852094,-0.01379783,0.9874731
86080,0.0166654,47.7620841749012,0.9038255,0.4682348,-0.5969445,0.1225348,0.09864661,-0.01443287,0.9874441
86082,0.0166661,47.7787502743304,0.9041994,0.4682476,-0.5968028,0.1224707,0.09869093,-0.01465738,0.9874443
86086,0.0166679,47.7954181749374,0.9049549,0.4682086,-0.596499,0.1221666,0.09878722,-0.0149538,0.9874679
86090,0.0166654,47.8120835740119,0.9052684,0.4682007,-0.5963804,0.1220243,0.09882302,-0.01504458,0.9874805
86094,0.0166682,47.8287517745048,0.9059441,0.4681488,-0.5960845,0.1216373,0.09885746,-0.01523396,0.9875219
86096,0.0166735,47.8454252742231,0.9062551,0.4681127,-0.5959757,0.1215234,0.09888457,-0.01532527,0.9875318
86100,0.0166693,47.8620945736766,0.9067943,0.4680333,-0.5957525,0.1213231,0.09884858,-0.0154699,0.9875578
86102,0.0166675,47.8787620738149,0.9070206,0.4680165,-0.5956138,0.1212489,0.09875713,-0.01550293,0.9875755
86106,0.016667,47.8954290729016,0.9074236,0.4680138,-0.5953665,0.1209876,0.09843933,-0.01544761,0.9876402
86110,0.0166658,47.9120948724449,0.9076049,0.4680373,-0.5952227,0.1208359,0.09822437,-0.01544648,0.9876801
86114,0.0166678,47.928762672469,0.9078951,0.468068,-0.5950083,0.1206126,0.09759936,-0.01549727,0.9877687
86116,0.0166678,47.9454304724932,0.9080297,0.4680781,-0.5949056,0.1205069,0.09722641,-0.0155986,0.9878167
86120,0.016666,47.9620964732021,0.9082313,0.4680481,-0.594658,0.1204196,0.09653661,-0.01594565,0.9878895
86122,0.0166663,47.9787627737969,0.908325,0.4680369,-0.5945529,0.1203784,0.0961979,-0.01615791,0.987924
86126,0.0166673,47.9954300746322,0.9084089,0.4680153,-0.5944149,0.1203435,0.09581636,-0.01640374,0.9879614
86130,0.0166666,48.0120966751128,0.9085473,0.4679716,-0.5941918,0.1203214,0.09526843,-0.01666539,0.9880127
86132,0.016667,48.0287636741996,0.9086197,0.4679537,-0.5940526,0.1203678,0.0950493,-0.01673122,0.988027
86136,0.0166693,48.0454329736531,0.9086593,0.4678558,-0.5937846,0.1205835,0.09461299,-0.01683645,0.9880407
86138,0.0166653,48.0620982740074,0.9086611,0.4677989,-0.5936515,0.1207228,0.09438539,-0.01687428,0.9880449
86142,0.0166676,48.0787658747286,0.9086015,0.4676816,-0.5933911,0.1211819,0.09397435,-0.01678372,0.9880294
86146,0.0166659,48.0954317748547,0.9085692,0.467587,-0.5932204,0.1215116,0.09371723,-0.01667153,0.9880152
86150,0.0166712,48.1121029742062,0.9084045,0.4674297,-0.5929186,0.1223739,0.09313548,-0.01629921,0.9879701
86152,0.0166632,48.1287661734968,0.9082957,0.4673103,-0.5927336,0.1229562,0.09274112,-0.0160443,0.987939
86156,0.0166673,48.1454334743321,0.9080197,0.4670781,-0.5924476,0.1241145,0.09197061,-0.01564081,0.9878727
86158,0.0166662,48.1620996743441,0.9078487,0.4669288,-0.5922098,0.1248613,0.09148569,-0.01541111,0.9878272
86162,0.0166672,48.1787668745965,0.9075106,0.4666923,-0.5919453,0.1260715,0.090631,-0.01506439,0.9877576
86166,0.0166664,48.1954332739115,0.9073207,0.4665433,-0.5917987,0.1267394,0.09016287,-0.01485727,0.9877181
86170,0.016667,48.2121002729982,0.9069567,0.4662842,-0.5915762,0.1279668,0.08935113,-0.01445411,0.9876396
86172,0.0166667,48.2287669721991,0.9067986,0.466155,-0.5914886,0.1286186,0.08899048,-0.01426392,0.9875903
86176,0.0166686,48.245435571298,0.9064913,0.4658156,-0.5913649,0.1300755,0.08836992,-0.01378025,0.987462
86178,0.0166655,48.2621010709554,0.9062951,0.4655491,-0.591368,0.130785,0.08816919,-0.01350159,0.9873901
86182,0.0166671,48.278768170625,0.9060268,0.465164,-0.591295,0.1322211,0.08788892,-0.01295947,0.9872311
86186,0.0166671,48.2954352702945,0.9058613,0.4648475,-0.5912472,0.1330529,0.08781969,-0.01272973,0.9871284
86190,0.0166689,48.312104171142,0.9056944,0.4645204,-0.591292,0.1341983,0.08777929,-0.0125002,0.98698
86194,0.0166649,48.3287690710276,0.9055259,0.4641823,-0.5913284,0.1352153,0.08790475,-0.01234298,0.9868319
86196,0.0166659,48.3454349711537,0.9054707,0.4640693,-0.5913448,0.135649,0.08801433,-0.01226309,0.9867637
86198,0.0166673,48.362102271989,0.9054523,0.463945,-0.5913531,0.1362233,0.08817805,-0.01219306,0.9866708
86202,0.0166679,48.378770172596,0.9054038,0.4637613,-0.5914237,0.1370038,0.08847027,-0.01211027,0.9865376
86206,0.0166666,48.3954367730767,0.9054233,0.4636787,-0.5915439,0.1375323,0.08876216,-0.0121006,0.9864379
86210,0.0166676,48.4121043737978,0.9054965,0.4634592,-0.5916322,0.1383085,0.08936135,-0.01204838,0.9862759
86212,0.016666,48.4287703745067,0.9055371,0.4633955,-0.5917554,0.1386247,0.0897364,-0.0120191,0.9861978
86216,0.0166671,48.4454374741763,0.9056588,0.4632491,-0.5918454,0.1390532,0.09043287,-0.01202733,0.9860738
86218,0.0166669,48.4621043745428,0.9057364,0.4631937,-0.5919086,0.1392629,0.09088029,-0.01209349,0.9860022
86222,0.0166668,48.4787711743265,0.9058874,0.4631244,-0.5920135,0.1396376,0.091613,-0.01224694,0.9858795
86226,0.016667,48.4954381734133,0.905972,0.4630814,-0.5920671,0.1397642,0.09189587,-0.01231162,0.9858344
86230,0.0166687,48.512106873095,0.9061068,0.4630139,-0.5921335,0.1400377,0.09236433,-0.01235928,0.9857513
86232,0.0166648,48.5287716723979,0.9062182,0.4629761,-0.5921566,0.1401702,0.09252881,-0.01239704,0.9857166
86236,0.0166669,48.5454385727644,0.9063362,0.4628973,-0.5921735,0.1404273,0.09266046,-0.01243507,0.9856671
86238,0.0166672,48.5621057730168,0.9063948,0.4628426,-0.5922267,0.1405612,0.09268929,-0.01249529,0.9856446
86242,0.0166671,48.5787728726864,0.9064848,0.462738,-0.5922875,0.1409956,0.09277138,-0.01253529,0.9855742
86246,0.0166665,48.5954393725842,0.9065829,0.4626762,-0.5923223,0.1412365,0.09280381,-0.01255713,0.9855365
86250,0.0166672,48.6121065728366,0.9067748,0.4625509,-0.5923951,0.1415291,0.09284536,-0.01258753,0.9854901
86252,0.0166668,48.6287733726203,0.9068858,0.4625215,-0.5924188,0.1416928,0.09288387,-0.01258982,0.985463
86256,0.0166691,48.6454424727708,0.9071457,0.4624939,-0.5925347,0.1419735,0.09301636,-0.01260464,0.9854099
86260,0.016665,48.6621074732393,0.9074124,0.462436,-0.5926506,0.1423108,0.09323688,-0.01267597,0.9853395
86262,0.0170292,48.6791366729885,0.907553,0.4624151,-0.5927157,0.1424639,0.09341991,-0.01278138,0.9852986
86268,0.0166681,48.6958047728986,0.9079077,0.462364,-0.5928496,0.1426464,0.09375062,-0.0130182,0.9852377
86270,0.0166657,48.7124704737216,0.9080719,0.4623608,-0.5929357,0.1426688,0.09395312,-0.01315207,0.9852134
86272,0.0166699,48.7291403729469,0.9084374,0.4623395,-0.5930722,0.1426339,0.0944267,-0.01348091,0.9851688
86276,0.0166638,48.7458041738719,0.9085957,0.4623317,-0.5930837,0.1426353,0.09466957,-0.01365155,0.9851429
86280,0.0166683,48.7624724730849,0.9089827,0.4623552,-0.5932646,0.1426309,0.09518933,-0.01395564,0.9850892
86282,0.0166661,48.7791385725141,0.9091973,0.4623163,-0.5933099,0.1426861,0.09541988,-0.01409959,0.9850568
86286,0.0166676,48.7958061732352,0.9095584,0.4622965,-0.5934595,0.1428302,0.09599409,-0.01447492,0.9849747
86290,0.0166663,48.81247247383,0.9097646,0.4622668,-0.5935175,0.1429219,0.09626196,-0.01467108,0.9849324
86294,0.0166691,48.8291415739805,0.9100652,0.4622541,-0.5936286,0.1431339,0.0966882,-0.01496217,0.9848555
86296,0.0166649,48.8458064738661,0.9102147,0.462237,-0.5936649,0.1432458,0.09691595,-0.01512576,0.9848143
86300,0.0166668,48.8624732736498,0.9103982,0.4621772,-0.5937029,0.1435093,0.09726317,-0.01538787,0.9847376
86304,0.016667,48.8791402727365,0.9104665,0.4621209,-0.593702,0.1437011,0.09737434,-0.01550831,0.9846968
86308,0.0166677,48.8958079721779,0.9105104,0.4620375,-0.5937209,0.1441325,0.09744529,-0.01559928,0.9846253
86310,0.0166664,48.9124743714929,0.9104784,0.4619527,-0.5936679,0.1444513,0.09737132,-0.01555698,0.9845865
86314,0.0166676,48.929141972214,0.9103823,0.4617426,-0.5936037,0.145174,0.09703965,-0.01533118,0.9845166
86316,0.0166659,48.9458078723401,0.9103026,0.4616276,-0.5935273,0.1455764,0.09680241,-0.01516908,0.9844829
86320,0.0166671,48.9624749720097,0.9100541,0.4613215,-0.5933267,0.1465951,0.09602723,-0.01470487,0.9844148
86322,0.0166667,48.9791416712105,0.9098993,0.4611784,-0.5932341,0.1471018,0.09562957,-0.01445261,0.9843816
86328,0.0166681,48.9958097711205,0.9095032,0.4608043,-0.5929328,0.1482483,0.09455255,-0.01376724,0.9843235
86330,0.0166671,49.0124768707901,0.9093314,0.4606681,-0.5928491,0.14877,0.09394763,-0.01338335,0.984308
86334,0.0166673,49.0291441716254,0.9088609,0.4602895,-0.5925646,0.1497018,0.09268788,-0.01267477,0.9842955
86336,0.0166667,49.0458108708262,0.9086034,0.4601754,-0.5924564,0.1501143,0.09207895,-0.01237327,0.9842938
86340,0.016667,49.062477869913,0.9080729,0.4598977,-0.592224,0.1509897,0.09072757,-0.01180133,0.9842923
86342,0.017036,49.0795138701797,0.9078111,0.4597949,-0.5921249,0.1512994,0.09010614,-0.01155515,0.9843048
86348,0.0166684,49.0961822699755,0.9073193,0.4596743,-0.5919478,0.1517598,0.08897325,-0.01107342,0.9843425
86350,0.016666,49.1128482706845,0.9070864,0.4596364,-0.5918563,0.1519219,0.08838674,-0.01081424,0.9843732
86354,0.0166742,49.1295224707574,0.9066167,0.4595743,-0.5917106,0.1521229,0.08748296,-0.01036677,0.9844278
86356,0.0166657,49.1461881715804,0.9064097,0.4595556,-0.5916676,0.1522253,0.0871198,-0.01014518,0.9844464
86360,0.0166674,49.1628555711359,0.9059576,0.4595636,-0.5915518,0.1524756,0.08648746,-0.009701033,0.9844679
86362,0.0166662,49.1795217711478,0.905768,0.459563,-0.591511,0.1525562,0.08620488,-0.009518969,0.984482
86368,0.0166675,49.1961892712861,0.9053612,0.4596165,-0.5914772,0.1525947,0.08567254,-0.009185076,0.9845257
86370,0.0166667,49.212855970487,0.9052088,0.4596574,-0.5914457,0.1525627,0.08548714,-0.009058292,0.9845479
86374,0.016667,49.2295229695737,0.9048616,0.4596847,-0.5913985,0.1524613,0.08513484,-0.008737591,0.984597
86376,0.0166659,49.2461888696998,0.9046987,0.4596718,-0.5914021,0.1524435,0.08497927,-0.008568944,0.9846147
86380,0.0166682,49.2628570701927,0.9043773,0.4596353,-0.5913826,0.1524556,0.0845769,-0.008246609,0.9846503
86382,0.0166656,49.2795226704329,0.9041669,0.4596177,-0.5913758,0.1524755,0.08437214,-0.008030029,0.9846665
86388,0.0166684,49.2961910702288,0.9037531,0.4595542,-0.5913759,0.1525972,0.08382348,-0.007562837,0.9846982
86390,0.0166658,49.3128568697721,0.9035355,0.4595333,-0.5913752,0.152687,0.08351455,-0.007316348,0.9847124
86394,0.0166679,49.3295247703791,0.9031105,0.4594798,-0.591368,0.1528803,0.0827835,-0.00671101,0.9847485
86396,0.0166666,49.3461913708597,0.9028386,0.4594584,-0.5913329,0.152976,0.08229007,-0.006387589,0.9847771
86400,0.016667,49.3628583699465,0.902301,0.4594297,-0.5912558,0.1531369,0.08106785,-0.005618151,0.9848582
86402,0.0166671,49.3795254696161,0.9019445,0.4594635,-0.591244,0.1531969,0.08033071,-0.005148444,0.9849118
86408,0.0166672,49.3961926698685,0.9011973,0.4594333,-0.5911577,0.1533598,0.07845587,-0.004117825,0.9850424
86410,0.0166668,49.4128594696522,0.9007323,0.4594418,-0.5911058,0.1534207,0.07718462,-0.003486701,0.9851358
86414,0.0166671,49.4295265693218,0.8997634,0.4594371,-0.5910593,0.1534817,0.0743342,-0.002161262,0.9853492
86416,0.0166679,49.4461944699287,0.8992341,0.4594056,-0.5910105,0.1535136,0.072809,-0.001506987,0.9854594
86420,0.0166664,49.4628608692437,0.8980642,0.4593804,-0.5909209,0.153579,0.06959112,-9.240635E-05,0.9856828
86422,0.0166664,49.4795272685587,0.897446,0.4593455,-0.5908358,0.153604,0.06794029,0.0006744299,0.9857938
86428,0.0166674,49.4961946681142,0.8961424,0.4593317,-0.5907014,0.1537542,0.06469076,0.002194676,0.9859868
86430,0.0166661,49.5128607675433,0.8955442,0.4593189,-0.5906195,0.15382,0.06306287,0.002961978,0.98608
86434,0.0166689,49.5295296683908,0.8942083,0.4592823,-0.5904697,0.1540203,0.05963543,0.004575552,0.9862558
86436,0.0166648,49.5461944676936,0.8936251,0.4592601,-0.5903701,0.1541509,0.05794396,0.005414704,0.9863319
86440,0.0166674,49.562861867249,0.8923993,0.4591631,-0.5902099,0.1544132,0.05494265,0.0069748,0.9864529
86442,0.0166667,49.5795285664499,0.8918048,0.4591319,-0.5901735,0.1545325,0.05354547,0.007710197,0.9865056
86448,0.0166673,49.5961958672851,0.8906795,0.459039,-0.5900334,0.1548975,0.05078293,0.009223834,0.9865814
86450,0.0166666,49.6128624677658,0.8901343,0.4589906,-0.5899675,0.1550508,0.0496546,0.009835596,0.9866088
86454,0.0166672,49.6295296680182,0.8891041,0.4588795,-0.5898229,0.1554418,0.04716502,0.01107424,0.9866563
86456,0.0166675,49.6461971681565,0.8885562,0.458824,-0.5897554,0.155624,0.04592881,0.01163782,0.9866794
86460,0.0166663,49.6628634687513,0.8876283,0.4587093,-0.5895891,0.1559306,0.04373519,0.01255599,0.9867194
86462,0.0166679,49.6795313693583,0.8871608,0.4586418,-0.5895467,0.1560696,0.04272737,0.01295977,0.9867364
86468,0.0166655,49.6961968690157,0.8862211,0.4584873,-0.589445,0.1563401,0.04086314,0.01372727,0.9867622
86470,0.0169132,49.713110068813,0.8857989,0.4584454,-0.5893918,0.1564944,0.04002325,0.01408013,0.9867672
86474,0.0166685,49.7297785691917,0.8850555,0.4583601,-0.5892446,0.1566837,0.03862897,0.01469767,0.9867837
86476,0.0166667,49.7464452683926,0.8846529,0.4583086,-0.5891743,0.1568164,0.03782123,0.01507939,0.9867882
86480,0.0166687,49.7631139680743,0.8839094,0.4581772,-0.5891019,0.1570646,0.03642244,0.01580273,0.9867899
86482,0.0166657,49.7797796688974,0.8835425,0.4580955,-0.5890066,0.1571758,0.03577562,0.01620349,0.9867894
86486,0.0166668,49.7964464686811,0.8828342,0.4579955,-0.5888125,0.1572494,0.0344982,0.01694254,0.9868108
86490,0.0166716,49.8131180685014,0.8824842,0.457968,-0.5887387,0.1572724,0.03390855,0.01725,0.9868222
86494,0.0166624,49.8297804687172,0.8817696,0.4578936,-0.5885376,0.1573572,0.03263732,0.01792479,0.9868395
86496,0.0166668,49.8464472685009,0.8814522,0.4578399,-0.5884425,0.1574099,0.03205388,0.01821694,0.9868449
86500,0.0166667,49.8631139677018,0.8807455,0.4577718,-0.5882883,0.1576172,0.03087504,0.01892792,0.986836
86502,0.0166673,49.879781268537,0.8804235,0.4577458,-0.5881783,0.157764,0.03022807,0.01933737,0.9868246
86506,0.0166668,49.8964480683208,0.8797583,0.4576614,-0.5880151,0.1580655,0.02902124,0.02009088,0.9867976
86510,0.0166672,49.9131152685732,0.8794278,0.4575998,-0.5879144,0.1582145,0.02850739,0.02038202,0.9867827
86514,0.0166668,49.9297820683569,0.8787726,0.4574874,-0.587733,0.1585859,0.02752597,0.0209936,0.9867381
86516,0.0166669,49.9464489687234,0.8784811,0.4574021,-0.587642,0.1587763,0.02708616,0.02128418,0.9867135
86520,0.0166672,49.9631161689758,0.8778799,0.4572956,-0.5874577,0.159143,0.02625718,0.02188745,0.9866636
86522,0.0166668,49.9797829687595,0.8775757,0.4572605,-0.5873654,0.1593632,0.02579777,0.02225064,0.986632
86526,0.0166668,49.9964497685432,0.8769728,0.4570964,-0.5871958,0.1597831,0.0250576,0.02279354,0.9865708
86530,0.0166664,50.0131161678582,0.8766812,0.4570002,-0.5871116,0.1599727,0.02473171,0.02301668,0.9865431
86534,0.0166672,50.0297833681107,0.8761647,0.4568228,-0.5869564,0.160412,0.02411009,0.02344163,0.9864772
86536,0.0166669,50.0464502684772,0.8758956,0.456732,-0.5868014,0.1606664,0.02380336,0.0236332,0.9864386
86540,0.016667,50.0631172675639,0.8753767,0.4565215,-0.586583,0.1611901,0.0232274,0.02394389,0.9863594
86542,0.0166696,50.0797868669033,0.8751267,0.4564076,-0.586462,0.1615031,0.02293342,0.02405447,0.9863124
86546,0.0166646,50.0964514669031,0.8746815,0.4561926,-0.5862546,0.1620602,0.02246853,0.02410694,0.9862305
86550,0.0166759,50.113127367571,0.8744478,0.4561037,-0.5861083,0.1623931,0.02229503,0.02414491,0.9861787
86554,0.0166585,50.1297858674079,0.8740721,0.4558973,-0.5859205,0.1629265,0.02209031,0.0241948,0.9860941
86556,0.0166676,50.146453468129,0.8739339,0.4558037,-0.5858164,0.1631775,0.02204381,0.02423516,0.9860527
86560,0.0166671,50.1631205677986,0.8736584,0.4556005,-0.5855426,0.1636715,0.02212012,0.02435653,0.9859661
86562,0.0166672,50.179787768051,0.8735725,0.4555202,-0.5854554,0.1639256,0.02225553,0.02440953,0.9859195
86566,0.0166659,50.1964536681771,0.8734525,0.4553407,-0.5852553,0.1645386,0.02278037,0.0244153,0.9858053
86570,0.0166666,50.2131202686578,0.873434,0.4552538,-0.585153,0.1648018,0.02312569,0.02440329,0.9857535
86574,0.016667,50.2297872677445,0.8734555,0.4550513,-0.5849924,0.1653537,0.02401979,0.02434346,0.9856412
86576,0.0166699,50.2464571669698,0.8735015,0.4549713,-0.5848911,0.1656209,0.02451172,0.02427944,0.9855858
86580,0.0166643,50.2631214670837,0.8736405,0.4547942,-0.5847155,0.166163,0.02565029,0.0242025,0.9854675
86582,0.0166674,50.2797888666391,0.8737566,0.4546666,-0.5846293,0.166445,0.02617425,0.02416784,0.985407
86588,0.0166668,50.2964556664228,0.8739757,0.4544731,-0.5844518,0.1671466,0.02739982,0.02399185,0.9852592
86590,0.0166661,50.313121765852,0.8740974,0.4543637,-0.5843707,0.1674494,0.02795092,0.02385189,0.9851957
86594,0.0166679,50.329789666459,0.8743772,0.454124,-0.5842251,0.1680539,0.0290192,0.0235121,0.98507
86596,0.0166688,50.3464584667236,0.8745319,0.4540164,-0.5841435,0.1683174,0.02947731,0.02332312,0.9850159
86600,0.0166646,50.3631230667233,0.8748631,0.453798,-0.5839844,0.1688824,0.03044803,0.02287793,0.9849002
86602,0.0166829,50.3798059672117,0.8750392,0.4537005,-0.5839121,0.1691394,0.03092815,0.02263278,0.9848468
86608,0.0166511,50.3964570667595,0.8754091,0.4535191,-0.583778,0.1696371,0.0317936,0.02205347,0.9847468
86610,0.0166707,50.4131277669221,0.8755975,0.4534466,-0.5837223,0.1698815,0.0322489,0.0217588,0.9846963
86614,0.0166635,50.4297912660986,0.8760206,0.4532738,-0.5836378,0.1703234,0.03306369,0.02117339,0.9846058
86616,0.0166673,50.4464585669339,0.876256,0.4532049,-0.5835875,0.1705561,0.03346585,0.0209184,0.9845573
86620,0.0166667,50.4631252661347,0.8767446,0.4530501,-0.5835353,0.1709703,0.03432273,0.02034208,0.984468
86622,0.0166675,50.479792766273,0.8770102,0.4529959,-0.5835072,0.1710964,0.03479119,0.02001643,0.9844364
86628,0.0166669,50.4964596666396,0.8775784,0.4528846,-0.5834605,0.1713707,0.03573642,0.01939279,0.9843673
86630,0.0166666,50.5131262671202,0.8778586,0.45285,-0.5834352,0.171499,0.03628788,0.01905816,0.9843313
86634,0.0166666,50.5297928676009,0.8784157,0.4527396,-0.5834143,0.1717329,0.03723768,0.01846038,0.9842665
86636,0.0166663,50.5464591681957,0.8787099,0.4526798,-0.5833896,0.171832,0.03774905,0.01819166,0.9842346
86640,0.0166679,50.5631270688027,0.8793105,0.4526148,-0.5833287,0.1720834,0.0388207,0.01766207,0.9841587
86642,0.016668,50.5797950681299,0.879615,0.4525798,-0.5833178,0.172204,0.03929119,0.01739138,0.9841238
86648,0.0166655,50.5964605677873,0.8802439,0.4524828,-0.5832621,0.1724481,0.04049877,0.01678889,0.9840425
86650,0.016667,50.613127566874,0.8805696,0.4524781,-0.5832558,0.172577,0.04107771,0.01652317,0.9840004
86654,0.0166672,50.6297947671264,0.8811787,0.4524417,-0.5832606,0.1727597,0.04226499,0.01592952,0.9839278
86656,0.0166669,50.646461667493,0.8814797,0.4524018,-0.5833202,0.1728244,0.04286208,0.0156005,0.983896
86660,0.016667,50.6631286665797,0.8821033,0.4524132,-0.583325,0.1729341,0.0441646,0.01487505,0.9838303
86662,0.0166668,50.6797954663634,0.8824114,0.4523951,-0.5833474,0.1729959,0.04481098,0.01449442,0.9837959
86668,0.0166676,50.6964630670846,0.8830262,0.4523644,-0.5834289,0.1731255,0.04620129,0.01379267,0.9837189
86670,0.0166658,50.7131288666278,0.8833594,0.4523532,-0.5835047,0.173205,0.04692085,0.01343674,0.9836757
86674,0.0166673,50.7297961674631,0.8839647,0.4523021,-0.5835612,0.1733761,0.04843688,0.01275266,0.9835812
86676,0.0166664,50.7464625667781,0.8842896,0.4523027,-0.583626,0.1734291,0.04911747,0.01243749,0.9835421
86680,0.0166673,50.7631298676133,0.8848907,0.4522836,-0.5836989,0.1734784,0.05052712,0.01176493,0.9834703
86682,0.0166664,50.7797962669283,0.8851634,0.4522858,-0.5837508,0.1734609,0.05123601,0.01142867,0.9834407
86686,0.0166676,50.7964638676494,0.8857583,0.4522765,-0.5838487,0.1733316,0.05259678,0.01083322,0.9833984
86690,0.0166708,50.8131346683949,0.8860337,0.4522811,-0.5838813,0.1732694,0.0531921,0.01054575,0.9833805
86694,0.0166643,50.8297989685088,0.8865646,0.4522994,-0.5839703,0.1731758,0.05433246,0.0099549,0.9833407
86696,0.0166665,50.8464654684067,0.8868096,0.4522901,-0.5840061,0.1731508,0.05488011,0.00968078,0.9833175
86700,0.0166668,50.8631322681904,0.8872843,0.4522903,-0.5840451,0.1731539,0.05595491,0.009156253,0.9832614
86702,0.0166666,50.8797988686711,0.8875192,0.4523123,-0.584103,0.1731468,0.05645186,0.008882326,0.9832367
86706,0.0166672,50.8964660689235,0.8879127,0.4523505,-0.5841242,0.1731412,0.05729838,0.008373042,0.9831932
86708,0.0166679,50.9131339695305,0.8881416,0.4523814,-0.5841167,0.1731346,0.05773067,0.008112037,0.9831713
86714,0.0166663,50.9298002701253,0.8885303,0.4524768,-0.5840935,0.17303,0.05849772,0.00766598,0.983148
86716,0.0166679,50.9464681707323,0.8887132,0.4524958,-0.5840828,0.1729327,0.05886295,0.007411853,0.9831452
86720,0.0166653,50.9631334710866,0.8890643,0.4525883,-0.584142,0.1727511,0.05939954,0.006991068,0.983148
86722,0.0166674,50.9798008706421,0.8892769,0.4526561,-0.5841483,0.1726351,0.05976412,0.00671311,0.9831482
86726,0.0166671,50.9964679703116,0.8896469,0.4527565,-0.5841854,0.1723802,0.06047815,0.006186399,0.9831527
86728,0.0166673,51.0131352711469,0.8898575,0.4528137,-0.5842151,0.1721939,0.06088259,0.00586142,0.9831624
86732,0.0166665,51.0298017710447,0.8902541,0.4529727,-0.5842444,0.171847,0.06175778,0.005309946,0.9831716
86736,0.0166671,51.0464688707143,0.8904701,0.453045,-0.5843318,0.1715688,0.06230129,0.005019438,0.9831874
86740,0.0166664,51.0631352700293,0.8909109,0.4531804,-0.5843844,0.1711498,0.063278,0.004544239,0.9832004
86742,0.0166669,51.0798021703959,0.8911192,0.453266,-0.5844095,0.1709462,0.06384964,0.004269985,0.9832001
86746,0.0166675,51.0964696705341,0.8914971,0.4533644,-0.584498,0.1706121,0.06487132,0.003749196,0.9831934
86748,0.0166664,51.1131360698491,0.8916867,0.4534151,-0.5845255,0.170479,0.06544212,0.003460589,0.9831797
86754,0.016668,51.1298040691763,0.8920826,0.4535039,-0.5846052,0.1701954,0.06648916,0.002910989,0.9831604
86756,0.016666,51.1464700698853,0.8922571,0.4535418,-0.5846408,0.1700742,0.06692177,0.00263874,0.9831527
86760,0.016667,51.163137068972,0.8926328,0.4536045,-0.5846883,0.1698732,0.06778384,0.002114634,0.9831297
86762,0.0166664,51.179803468287,0.8928,0.4536215,-0.5847245,0.1698161,0.06812791,0.001933382,0.9831161
86766,0.0166672,51.1964706685394,0.8931358,0.4536523,-0.5847477,0.1697801,0.06900842,0.001572302,0.9830616
86770,0.0166674,51.2131380680949,0.8933117,0.4536324,-0.5848168,0.1697947,0.06940882,0.001419903,0.9830312
86774,0.0166661,51.229804167524,0.8936364,0.4535634,-0.5848622,0.1698269,0.07021886,0.001157152,0.9829684
86776,0.016667,51.2464711666107,0.8937948,0.453548,-0.5848616,0.1698468,0.07058015,0.001032857,0.9829392
86780,0.016668,51.2631391659379,0.8941463,0.4534954,-0.5848441,0.1697777,0.07154277,0.0007884328,0.9828818
86782,0.0166655,51.2798046655953,0.8943172,0.4534655,-0.5848035,0.1697813,0.07197498,0.000690326,0.9828497
86786,0.0166682,51.2964728660882,0.8946832,0.4533815,-0.5847535,0.1697783,0.07289393,0.0004274887,0.9827827
86790,0.0166664,51.3131392654032,0.8948485,0.4533606,-0.5846875,0.1697761,0.07332674,0.0003013583,0.9827509
86794,0.0166671,51.3298063650727,0.8952054,0.4532466,-0.5845959,0.1698536,0.07418779,1.933778E-05,0.9826729
86796,0.01828,51.3480863645673,0.8954125,0.4531926,-0.5845225,0.1698944,0.07466251,-9.250389E-05,0.9826298
86800,0.0166678,51.3647541645914,0.895813,0.4530835,-0.5843616,0.1700006,0.07570868,-0.0002933743,0.9825314
86802,0.0166676,51.3814217653126,0.8960258,0.4530374,-0.5842732,0.1700469,0.07625814,-0.0004180511,0.9824808
86806,0.0166661,51.3980878647417,0.8965088,0.4529352,-0.5840383,0.1701325,0.0771898,-0.0007100935,0.9823931
86810,0.0166681,51.4147559646517,0.8967328,0.4528701,-0.583927,0.1701545,0.07762475,-0.0008859154,0.9823549
86814,0.0166654,51.4314213637263,0.8972483,0.4527645,-0.5836386,0.1702492,0.07841229,-0.00137099,0.9822754
86816,0.0166667,51.4480880629271,0.8974703,0.4527193,-0.5835194,0.1703001,0.07872342,-0.001603654,0.9822413
86820,0.0166674,51.4647554624826,0.8979734,0.4525463,-0.583203,0.170412,0.07941276,-0.00216662,0.9821653
86822,0.0166667,51.4814221616834,0.8981864,0.4524723,-0.5830554,0.1704836,0.07969516,-0.002406205,0.9821295
86826,0.0166673,51.4980894625187,0.8987103,0.4523267,-0.5826879,0.170713,0.08018105,-0.002892783,0.9820487
86830,0.016667,51.5147564616054,0.8989667,0.4522221,-0.5824871,0.1708793,0.08038155,-0.00313171,0.9820027
86834,0.0166683,51.5314247608185,0.8994191,0.4520104,-0.5821399,0.1713483,0.08073838,-0.003674027,0.9818898
86836,0.0166668,51.5480915606022,0.8996404,0.451899,-0.5819459,0.1716664,0.08091599,-0.003974942,0.9818184
86840,0.0166673,51.5647588614374,0.9000444,0.451669,-0.5815675,0.1722664,0.08121913,-0.004521569,0.981686
86842,0.0166661,51.5814249608666,0.9002207,0.4515588,-0.5813898,0.1725527,0.08133964,-0.004728954,0.9816247
86846,0.0166672,51.598092161119,0.900539,0.4513282,-0.5809844,0.1731146,0.0814123,-0.005062037,0.9815181
86848,0.0166668,51.6147589609027,0.9006988,0.4511992,-0.5807602,0.1733833,0.08142354,-0.005233111,0.9814689
86854,0.0166685,51.6314274612814,0.9009718,0.4509922,-0.5803624,0.1738622,0.08150201,-0.005496758,0.9813762
86856,0.0166657,51.6480931621045,0.9011154,0.4508248,-0.5801181,0.1741462,0.08156119,-0.00559528,0.9813203
86860,0.0166673,51.6647604629397,0.9013799,0.4505925,-0.5797544,0.1746768,0.08175547,-0.00574963,0.981209
86862,0.0166673,51.681427763775,0.9015118,0.4504102,-0.579551,0.1749296,0.08189275,-0.005815459,0.9811521
86866,0.0166671,51.6980948634446,0.9018086,0.4501581,-0.5791898,0.1753735,0.08224437,-0.00596449,0.9810425
86868,0.0166665,51.7147613633424,0.9019689,0.4500237,-0.5789978,0.1755572,0.08239131,-0.006072082,0.9809967
86874,0.0166674,51.7314287628978,0.9023649,0.4497091,-0.5785944,0.1760369,0.0827803,-0.006609437,0.9808745
86876,0.0166664,51.7480951622128,0.9025762,0.449541,-0.5784048,0.1762728,0.08308299,-0.007062232,0.9808034
86880,0.0166671,51.7647622618824,0.9031576,0.4492478,-0.5780749,0.1768486,0.08415463,-0.008260838,0.980599
86882,0.0166675,51.7814297620207,0.9034578,0.4491279,-0.5778797,0.177093,0.08483295,-0.008800318,0.9804917
86888,0.016669,51.7980987615883,0.9041156,0.4489098,-0.5775384,0.1774127,0.08616839,-0.009669303,0.9803093
86890,0.0167433,51.814842062071,0.9044174,0.4488065,-0.577361,0.1775844,0.08682193,-0.0100491,0.9802167
86894,0.016668,51.8315100613981,0.9050444,0.4485546,-0.5769719,0.1779885,0.08804863,-0.01071317,0.980027
86896,0.0166669,51.8481769617647,0.905362,0.4484267,-0.5767645,0.1782558,0.08865666,-0.01101307,0.9799202
86900,0.0166673,51.8648442625999,0.9059761,0.4480993,-0.5763211,0.1788972,0.08970428,-0.01147453,0.9797027
86902,0.0166666,51.8815108630806,0.9062616,0.4479161,-0.5761285,0.1793332,0.09025229,-0.01170045,0.97957
86906,0.0166691,51.8981799632311,0.9067855,0.4475735,-0.5756887,0.1802517,0.09104741,-0.01194054,0.9793248
86908,0.0166657,51.9148456640542,0.9069911,0.447313,-0.575458,0.1807647,0.09133708,-0.01201488,0.9792024
86914,0.0166686,51.9315142631531,0.9073666,0.446906,-0.5749829,0.1818013,0.09157558,-0.01223485,0.9789855
86916,0.0166657,51.9481799639761,0.9075354,0.4466889,-0.5747263,0.182358,0.09160721,-0.01241045,0.9788768
86920,0.0166691,51.9648490641266,0.9078053,0.4462365,-0.5742652,0.1833974,0.09157112,-0.01283957,0.9786804
86922,0.0166641,51.9815131649375,0.9079161,0.4459649,-0.5739905,0.1841145,0.09151044,-0.01317578,0.978547
86926,0.0166676,51.9981807656586,0.9081413,0.4454678,-0.5735418,0.1854521,0.09148239,-0.01386154,0.9782875
86928,0.0166663,52.0148470662534,0.9082888,0.4451524,-0.5733102,0.1862378,0.09149689,-0.01423203,0.9781315
86934,0.0166667,52.0315137654543,0.9085077,0.4446183,-0.5728962,0.1878586,0.09166243,-0.01487707,0.9777964
86936,0.0166671,52.0481808651239,0.9086429,0.4443342,-0.5727003,0.1886365,0.09178069,-0.01519266,0.9776307
86940,0.0166669,52.0648477654904,0.9089479,0.443774,-0.5723252,0.1902006,0.09221785,-0.01581313,0.9772766
86942,0.0166669,52.081514665857,0.9091125,0.4435145,-0.5721785,0.1908494,0.09244046,-0.0160771,0.9771248
86946,0.0166669,52.0981815662235,0.9095091,0.4429868,-0.571836,0.1923556,0.0932685,-0.01667023,0.9767407
86950,0.0166673,52.1148488670588,0.9096866,0.4427507,-0.5717013,0.1930494,0.09375099,-0.01693141,0.9765531
86954,0.0166717,52.1315205674618,0.9101146,0.4422751,-0.571415,0.1943822,0.09484747,-0.01740648,0.9761745
86956,0.0166625,52.1481830682606,0.9103456,0.4420492,-0.5712877,0.1949169,0.09531356,-0.01762992,0.9760184
86960,0.0166666,52.1648496687412,0.9107327,0.4416571,-0.5710224,0.196015,0.0963714,-0.01818845,0.9756843
86962,0.0166668,52.1815164685249,0.9109561,0.4414535,-0.5709147,0.1964655,0.09689806,-0.01851876,0.9755353
86966,0.0166669,52.1981833688915,0.9114398,0.4410343,-0.5706995,0.1972787,0.09801847,-0.01931387,0.9752438
86970,0.0166668,52.2148501686752,0.9116898,0.4409375,-0.5707133,0.1975856,0.09855893,-0.01969846,0.9751195
86974,0.0166702,52.2315203677863,0.9121769,0.440668,-0.5706381,0.1981955,0.09970023,-0.02055823,0.9748619
86976,0.0166641,52.2481844685972,0.9124129,0.4405876,-0.5706129,0.198487,0.1002528,-0.02099495,0.9747366
86980,0.016668,52.2648524679244,0.9129394,0.4403544,-0.5706086,0.1989453,0.1013049,-0.02180247,0.9745167
86982,0.0166657,52.2815181687474,0.9131888,0.4402571,-0.5706326,0.19919,0.1019068,-0.02222516,0.9743944
86986,0.0166673,52.2981854695827,0.9137158,0.4400565,-0.5707089,0.1996018,0.1030281,-0.02290862,0.9741763
86990,0.0166666,52.3148520700634,0.9140242,0.4399472,-0.5707521,0.1998006,0.1036511,-0.02327348,0.9740609
86994,0.0166671,52.3315191697329,0.914533,0.4398299,-0.5708625,0.2000592,0.1048389,-0.02386833,0.9738662
86996,0.0166662,52.3481853697449,0.9148158,0.4397849,-0.5709336,0.2001217,0.1053916,-0.02414148,0.973787
87000,0.0166677,52.3648530691862,0.9153807,0.4397945,-0.5711197,0.2001637,0.1065338,-0.02461945,0.9736421
87002,0.0166665,52.381519569084,0.9156494,0.4398261,-0.5712028,0.200141,0.1070799,-0.02484412,0.9735812
87006,0.0166695,52.3981890697032,0.9161623,0.4398907,-0.571356,0.1999902,0.1081158,-0.0252615,0.973487
87010,0.0166651,52.4148541688919,0.9164338,0.4399334,-0.5715281,0.1998863,0.1085581,-0.0254515,0.9734541
87014,0.0166696,52.4315237682313,0.9169649,0.4400197,-0.5717036,0.1996451,0.1095141,-0.025838,0.9733863
87016,0.0169352,52.4484589677304,0.9172018,0.4400674,-0.5718023,0.1995106,0.1099651,-0.02603642,0.9733577
87020,0.0166692,52.4651281684637,0.917689,0.4402282,-0.5719577,0.1991915,0.1109568,-0.02642776,0.9733
87022,0.0166656,52.4817937687039,0.9179416,0.4402976,-0.5720667,0.1990364,0.1113813,-0.0265992,0.9732786
87026,0.0166676,52.4984613694251,0.9184342,0.4404055,-0.572317,0.1987389,0.1122207,-0.0268297,0.9732367
87030,0.0166662,52.515127569437,0.918668,0.4404621,-0.5724308,0.1986385,0.1125703,-0.02690572,0.9732147
87034,0.0166668,52.5317943692207,0.9191494,0.4405869,-0.5726613,0.1984699,0.1132228,-0.02710046,0.973168
87036,0.0166676,52.5484619699419,0.9193694,0.4406337,-0.5727739,0.1984169,0.1135407,-0.02721098,0.9731387
87040,0.0166665,52.5651284698397,0.9197305,0.4406945,-0.572938,0.1982629,0.1141655,-0.0274273,0.9730909
87044,0.0166671,52.5817955695093,0.9201155,0.4407209,-0.5730618,0.1981204,0.1146338,-0.02768248,0.9730576
87046,0.0170307,52.5988262686878,0.9202924,0.4407424,-0.5731156,0.1980851,0.1148203,-0.02781259,0.9730391
87050,0.0166695,52.615495769307,0.9204977,0.4407601,-0.5731639,0.1980634,0.114978,-0.02795563,0.9730208
87054,0.0166677,52.6321634687483,0.9209028,0.4407467,-0.5732347,0.198088,0.1152338,-0.02824359,0.9729772
87056,0.0174923,52.6496557686478,0.9210939,0.4407141,-0.5732018,0.1981205,0.1153896,-0.0284022,0.9729475
87060,0.0166709,52.6663266681135,0.9214162,0.4406835,-0.5732967,0.1981959,0.1156574,-0.02867277,0.9728924
87062,0.0166644,52.6829910688102,0.9215943,0.4406438,-0.573284,0.1982922,0.1158057,-0.02886382,0.9728495
87066,0.0166669,52.6996579691768,0.9217967,0.440553,-0.5732554,0.1984067,0.115944,-0.02911353,0.9728022
87070,0.0166669,52.7163248695433,0.9219372,0.4404847,-0.5732148,0.1984769,0.1159642,-0.02930117,0.9727799
87074,0.0166668,52.732991669327,0.9220814,0.4403884,-0.5731407,0.1985998,0.1158563,-0.02956261,0.9727598
87076,0.0166672,52.7496588695794,0.922148,0.4403237,-0.5731232,0.19871,0.1157573,-0.02973604,0.9727437
87080,0.0166691,52.7663279697299,0.9222243,0.4401836,-0.5730211,0.1989155,0.1155694,-0.02995938,0.9727172
87082,0.0166655,52.7829934693873,0.9222301,0.4401121,-0.5729207,0.1990797,0.1154345,-0.03007038,0.9726962
87086,0.0166663,52.7996597699821,0.9222662,0.4400007,-0.5727807,0.1992631,0.1151839,-0.03018179,0.9726849
87090,0.016667,52.8163267690688,0.9222397,0.4399446,-0.5726929,0.1993277,0.1149984,-0.03021191,0.9726927
87094,0.0166665,52.8329932689667,0.9222196,0.4398463,-0.5724956,0.1994192,0.1146722,-0.03019034,0.9727132
87096,0.0166675,52.849660769105,0.9221909,0.4398093,-0.5723836,0.199469,0.1145206,-0.03010981,0.9727232
87100,0.016669,52.8663297686726,0.922129,0.4397724,-0.5721479,0.1996014,0.1142123,-0.02997136,0.9727367
87102,0.0166686,52.8829983677715,0.9220764,0.439761,-0.5720674,0.1996716,0.114061,-0.02987509,0.972743
87108,0.016663,52.8996613677591,0.9219866,0.4396834,-0.5718201,0.1997813,0.1137629,-0.02967108,0.9727616
87110,0.0166674,52.9163287673146,0.9219652,0.4396697,-0.5717015,0.1998369,0.1136285,-0.02958696,0.9727684
87114,0.0166664,52.9329951666296,0.9219236,0.43958,-0.5714685,0.1998833,0.1133106,-0.02950735,0.9727984
87116,0.0166691,52.94966426678,0.9219034,0.4395524,-0.5713311,0.1999296,0.1131733,-0.02950902,0.9728048
87120,0.0166655,52.9663297664374,0.9218745,0.4394478,-0.5710874,0.200078,0.1128023,-0.02946462,0.9728187
87124,0.0169954,52.9833251666278,0.9218268,0.4393014,-0.5708106,0.200267,0.1124717,-0.02944391,0.9728187
87126,0.0166654,52.9999905657023,0.9218205,0.4392185,-0.5707065,0.2003843,0.1123009,-0.02944913,0.9728141
87130,0.0166678,53.0166583657265,0.9218076,0.4391464,-0.5705057,0.2005703,0.1121314,-0.02947244,0.9727947
87134,0.0166688,53.0333271659911,0.9218516,0.4390282,-0.5701867,0.2009687,0.1119556,-0.02955398,0.9727302
87136,0.0166646,53.0499917659909,0.9218839,0.4389249,-0.5700266,0.2011963,0.1118914,-0.02959326,0.9726894
87140,0.0166677,53.0666594654322,0.9219122,0.4387469,-0.5697182,0.2016333,0.1118256,-0.02962102,0.9726056
87144,0.016667,53.0833264645189,0.9219971,0.4384848,-0.5694137,0.2020569,0.1118014,-0.02964919,0.9725196
87146,0.0166656,53.0999920647591,0.9220628,0.4383897,-0.5692493,0.2023207,0.111796,-0.0296837,0.9724643
87150,0.0166684,53.116660464555,0.9221145,0.4382793,-0.5690759,0.202611,0.111774,-0.02973301,0.972405
87154,0.0166668,53.1333272643387,0.9221777,0.4380536,-0.5688409,0.2030363,0.1117748,-0.02984812,0.9723126
87158,0.0166682,53.1499954648316,0.9222527,0.4378361,-0.5685767,0.2034299,0.1117725,-0.03001396,0.9722255
87160,0.0166654,53.1666608639061,0.9222878,0.4377281,-0.5684394,0.203614,0.1117374,-0.03006469,0.9721894
87162,0.0166673,53.1833281647414,0.9223256,0.4376394,-0.5682902,0.2037618,0.1116829,-0.03010815,0.9721634
87166,0.0166674,53.1999955642968,0.9223637,0.4375331,-0.5680917,0.2039251,0.1114868,-0.03010032,0.9721519
87170,0.0166673,53.2166628651321,0.9223745,0.4374279,-0.5679713,0.2039556,0.1112691,-0.03006113,0.9721716
87174,0.0166666,53.2333294656128,0.9223673,0.4373668,-0.5677006,0.2038938,0.1108357,-0.03005102,0.9722344
87176,0.0166671,53.2499965652823,0.9223377,0.4373636,-0.5675555,0.2037794,0.1105004,-0.03005842,0.9722963
87180,0.0166666,53.266663165763,0.9222656,0.4373218,-0.5672944,0.2036158,0.1097904,-0.03017762,0.9724073
87184,0.0166673,53.2833304665983,0.922186,0.4372685,-0.5670084,0.2034994,0.1089913,-0.030317,0.9725173
87186,0.0184861,53.3018165659159,0.922111,0.4372609,-0.5668319,0.2034697,0.108551,-0.03038971,0.9725704
87190,0.0166683,53.318484865129,0.922004,0.4372708,-0.566609,0.2034399,0.1078101,-0.03048603,0.9726561
87194,0.0166667,53.3351515643299,0.9219526,0.4372553,-0.5664648,0.2034505,0.1074637,-0.03048969,0.9726921
87198,0.0166668,53.3518183641136,0.9218603,0.4371931,-0.5661433,0.2035048,0.1067217,-0.03044458,0.9727638
87200,0.0166672,53.368485564366,0.9217981,0.437196,-0.566022,0.2035298,0.1063408,-0.03037862,0.9728023
87204,0.0166668,53.3851523641497,0.9217324,0.4370739,-0.5657815,0.203668,0.1057519,-0.03030463,0.97284
87206,0.0166671,53.4018194638193,0.9216856,0.4370362,-0.5656824,0.20379,0.1054733,-0.0302781,0.9728455
87210,0.0166668,53.418486263603,0.9216177,0.436906,-0.5654747,0.2040352,0.1051076,-0.03024197,0.9728348
87214,0.0166667,53.4351529628038,0.9215648,0.436847,-0.5653862,0.2041711,0.1049271,-0.03020506,0.9728269
87218,0.0166676,53.451820563525,0.9213867,0.4367099,-0.5652446,0.2043991,0.1046243,-0.03004518,0.9728166
87220,0.0166661,53.4684866629541,0.9213083,0.436646,-0.5651883,0.2045027,0.1044938,-0.02992358,0.9728126
87224,0.0166673,53.4851539637893,0.9210771,0.4365169,-0.5650767,0.2047825,0.1042536,-0.02965563,0.9727877
87226,0.0166658,53.5018197633326,0.9209615,0.4365194,-0.5650918,0.2048832,0.1041744,-0.02952646,0.9727789
87230,0.0166676,53.5184873640537,0.9206949,0.4364101,-0.5650319,0.2051588,0.1038767,-0.02920895,0.9727622
87234,0.0166671,53.5351544637233,0.9205549,0.43639,-0.565048,0.2052784,0.1036731,-0.02902425,0.9727643
87238,0.0166688,53.5518232639879,0.9202415,0.4363002,-0.5650486,0.2054597,0.1032181,-0.02867322,0.9727848
87240,0.0166663,53.5684895645827,0.9200651,0.4362697,-0.5650644,0.2055534,0.1029124,-0.0284788,0.9728031
87244,0.0166674,53.5851569641382,0.919732,0.4362825,-0.5650931,0.2056244,0.1023071,-0.02811026,0.9728627
87246,0.0166665,53.601823464036,0.9195762,0.4362769,-0.565101,0.2056112,0.1020185,-0.02794453,0.9729005
87252,0.0166686,53.6184920631349,0.9192442,0.4363545,-0.5651588,0.205565,0.1013941,-0.02758274,0.9729859
87254,0.016667,53.6351590622216,0.9190888,0.436349,-0.5651575,0.2055292,0.1010883,-0.02742271,0.9730298
87258,0.016667,53.6518260613084,0.918784,0.4363962,-0.5651845,0.2053571,0.10051,-0.02708291,0.9731355
87260,0.0166693,53.6684953607619,0.9186462,0.4364296,-0.5652512,0.2052532,0.1002409,-0.02692848,0.9731895
87264,0.0166671,53.6851624604315,0.9184001,0.4364944,-0.5653165,0.2051056,0.09983314,-0.0266727,0.9732695
87266,0.0166669,53.701829360798,0.9183159,0.4365353,-0.5653483,0.2050495,0.09967598,-0.02654373,0.9733011
87272,0.0166675,53.7184968609363,0.9181199,0.4365996,-0.5654183,0.204929,0.09944514,-0.02625549,0.9733578
87274,0.0170551,53.7355519607663,0.918044,0.4366471,-0.5654812,0.2048483,0.09937765,-0.02612147,0.9733853
87278,0.0166685,53.752220461145,0.9178724,0.4366983,-0.5655762,0.2046486,0.09918216,-0.02583176,0.973455
87280,0.0166669,53.7688873615116,0.9177942,0.4367525,-0.5656206,0.2045182,0.0990624,-0.02570445,0.9734979
87284,0.0166665,53.7855538614094,0.9176601,0.4369169,-0.5656896,0.2042159,0.09883657,-0.02546645,0.9735906
87286,0.0166673,53.8022211622447,0.9175996,0.436984,-0.5657076,0.2040285,0.09869406,-0.02531629,0.9736483
87292,0.0166665,53.8188876621425,0.9174947,0.4371016,-0.5657386,0.2037578,0.09843005,-0.02507672,0.9737379
87294,0.0166678,53.8355554621667,0.91744,0.437159,-0.5657722,0.2036355,0.09828465,-0.02497753,0.9737807
87298,0.0166664,53.8522218614817,0.9173469,0.4372057,-0.5658274,0.2034543,0.09803979,-0.02486566,0.9738461
87300,0.0166667,53.8688885606825,0.9172854,0.4372703,-0.5658751,0.2033432,0.09792674,-0.02480152,0.9738824
87304,0.0166674,53.885555960238,0.9172217,0.4373615,-0.5659053,0.2031214,0.09775776,-0.02466172,0.9739491
87308,0.0166669,53.9022228606045,0.9171486,0.4374735,-0.5659845,0.2028499,0.09766245,-0.02456813,0.9740177
87310,0.0174815,53.9197043608874,0.9171222,0.4374908,-0.5660483,0.2027353,0.09765618,-0.02454016,0.9740429
87316,0.0166681,53.9363724607974,0.9170886,0.43766,-0.5661608,0.2024525,0.09766629,-0.02448789,0.974102
87318,0.0166707,53.9530431609601,0.9170644,0.4377165,-0.5662167,0.2023071,0.09768224,-0.0244076,0.9741326
87320,0.0166691,53.9697122611105,0.9170362,0.4377803,-0.5662866,0.202134,0.0976513,-0.02429113,0.9741746
87324,0.0166657,53.9863779619336,0.916957,0.4379245,-0.5664667,0.2017823,0.09757704,-0.02405536,0.9742607
87328,0.0166672,54.003045162186,0.9168593,0.4380426,-0.5666407,0.2014726,0.0974508,-0.02381525,0.9743434
87330,0.0166653,54.0197104625404,0.9167845,0.4381322,-0.5667311,0.2013131,0.09735845,-0.02374114,0.9743874
87336,0.016669,54.036379462108,0.9166239,0.4383544,-0.5668936,0.2009089,0.09715633,-0.02355549,0.9744955
87338,0.0168136,54.0531930625439,0.9165465,0.4384307,-0.5669803,0.2007327,0.09703275,-0.02342841,0.9745472
87342,0.016668,54.0698610618711,0.9163733,0.4386433,-0.5671712,0.2003665,0.09679694,-0.023165,0.9746522
87344,0.016869,54.0867300610989,0.9163046,0.4387385,-0.5672656,0.2001941,0.09671234,-0.02307233,0.9746983
87348,0.0166683,54.103398360312,0.9161785,0.4389914,-0.5675148,0.1998202,0.09662473,-0.02290988,0.9747875
87350,0.0170889,54.1204872597009,0.9160967,0.4391342,-0.5676752,0.1995932,0.09661178,-0.02284454,0.9748368
87356,0.0166676,54.137154860422,0.9159237,0.4394567,-0.5679783,0.1990018,0.09658767,-0.02263666,0.974965
87358,0.0166657,54.1538205612451,0.9158222,0.4396397,-0.5681556,0.1986248,0.09656829,-0.02253376,0.9750462
87360,0.0166753,54.1704958621413,0.9157386,0.439853,-0.5683539,0.1981437,0.0965601,-0.02241604,0.9751476
87364,0.0166683,54.1871641613543,0.9155204,0.4403459,-0.568772,0.1969384,0.09655127,-0.02210597,0.9753997
87368,0.0166655,54.2038296610117,0.9152296,0.4410181,-0.5693165,0.1954054,0.09646506,-0.02174823,0.9757245
87370,0.0166658,54.220495460555,0.9150932,0.4413813,-0.5695671,0.194501,0.09639566,-0.02155637,0.9759163
87376,0.0166679,54.2371633611619,0.9147415,0.4422632,-0.5701587,0.1922852,0.09618803,-0.02108594,0.9763861
87378,0.0172936,54.2544569615275,0.9145517,0.4427148,-0.570456,0.1910892,0.09606222,-0.02082311,0.9766389
87382,0.0166708,54.271127762273,0.9141359,0.4437947,-0.5711809,0.1887601,0.09573533,-0.02032499,0.9771342
87384,0.0166633,54.2877910621464,0.9139528,0.4442851,-0.5714898,0.1875519,0.09557513,-0.02004354,0.9773884
87388,0.016668,54.3044590614736,0.9134637,0.4453805,-0.5722808,0.1850272,0.09527248,-0.01942137,0.9779115
87392,0.0166655,54.321124561131,0.913222,0.4459321,-0.5727025,0.1838949,0.09512167,-0.01911405,0.9781458
87396,0.0169571,54.3380816616118,0.9126414,0.4470492,-0.5735079,0.1813773,0.09473285,-0.01826775,0.9786696
87398,0.0166795,54.3547611609101,0.9123645,0.447569,-0.5739444,0.1802307,0.0945438,-0.01784799,0.9789075
87400,0.0166684,54.371429560706,0.9120287,0.4481664,-0.5744471,0.1789448,0.09429939,-0.01732484,0.9791763
87404,0.0166663,54.3880958613008,0.9114318,0.4491633,-0.5753199,0.1767833,0.09386449,-0.0163824,0.9796268
87408,0.0166682,54.4047640617937,0.9107049,0.450133,-0.5763133,0.174735,0.09322373,-0.01552066,0.9800695
87412,0.0182275,54.4229915626347,0.9102957,0.450594,-0.5768309,0.1737177,0.09282926,-0.0151115,0.9802941
87416,0.0166685,54.4396600630134,0.9094648,0.451492,-0.5778775,0.1718865,0.09194954,-0.01435062,0.9807112
87418,0.0166663,54.4563263636082,0.90904,0.4519089,-0.5784159,0.1709707,0.09143684,-0.01397798,0.9809245
87422,0.0166736,54.4729999639094,0.9081355,0.4527057,-0.5795003,0.1693151,0.09040386,-0.01323015,0.9813178
87424,0.0166604,54.4896603636444,0.9076995,0.4530911,-0.5800155,0.1685309,0.0898633,-0.01284444,0.9815075
87430,0.0166738,54.5063341632485,0.9067543,0.4538861,-0.5811014,0.166814,0.08860902,-0.01193039,0.9819263
87432,0.0166596,54.5229937639087,0.9062445,0.4543249,-0.5816792,0.1660424,0.08807141,-0.01152226,0.9821103
87436,0.0166678,54.5396615639329,0.9053693,0.4550559,-0.5827085,0.1645265,0.08701022,-0.01079801,0.9824682
87438,0.016667,54.5563285630196,0.9049012,0.4554529,-0.5832833,0.1636848,0.08647053,-0.01044068,0.9826602
87440,0.016668,54.5729965623468,0.9043726,0.4559129,-0.5839323,0.1627343,0.08583584,-0.01003764,0.9828779
87444,0.0166682,54.5896647628397,0.9034945,0.4566067,-0.5850489,0.1613761,0.08496004,-0.00950481,0.9831832
87448,0.0166658,54.6063305623829,0.9025882,0.4573823,-0.5862312,0.1599646,0.08416287,-0.008986023,0.9834872
87450,0.0166694,54.6229999624193,0.9021276,0.4577687,-0.5868198,0.1591785,0.08375186,-0.008681375,0.9836527
87456,0.0166647,54.6396646630019,0.9012244,0.4585778,-0.5879859,0.1575076,0.08289929,-0.008055096,0.9839991
87458,0.0166715,54.6563361622393,0.9007815,0.4589552,-0.5885569,0.156707,0.08252919,-0.0077447,0.9841605
87464,0.0227803,54.679116461426,0.8996121,0.4599138,-0.5900447,0.1544136,0.08155072,-0.006998201,0.98461
87466,0.0187156,54.6978320609778,0.8992537,0.460228,-0.5905027,0.1537315,0.08130605,-0.006796649,0.9847384
87470,0.0166669,54.7144989613444,0.898414,0.4609555,-0.5916048,0.1520831,0.08077163,-0.006251076,0.985042
87472,0.0166683,54.7311672605574,0.8980272,0.461283,-0.5920959,0.1512624,0.08056658,-0.005950542,0.9851869
87476,0.0166657,54.7478329613805,0.8972586,0.4619101,-0.593143,0.1497416,0.08027633,-0.005407589,0.985446
87478,0.0166749,54.7645078618079,0.8968796,0.462231,-0.5936445,0.1489677,0.08017443,-0.005121385,0.9855732
87482,0.0166669,54.7811747621745,0.8961522,0.4627751,-0.5945947,0.1476317,0.0801038,-0.00459044,0.9857826
87486,0.0166728,54.7978475615382,0.8957441,0.4630471,-0.5951359,0.1468805,0.08004177,-0.004247806,0.9859014
87490,0.0166617,54.8145092613995,0.8950422,0.4634713,-0.5959094,0.1457097,0.08000817,-0.003570891,0.9860805
87492,0.0166694,54.8311786614358,0.8946995,0.4636312,-0.5963351,0.145165,0.07993554,-0.003182939,0.986168
87498,0.0166652,54.8478438612074,0.8939908,0.4637904,-0.5969718,0.1443496,0.07964843,-0.002476456,0.986313
87500,0.0166658,54.8645096607506,0.8937481,0.4638419,-0.597213,0.1441365,0.07947747,-0.002212854,0.9863585
87504,0.0166668,54.8811764605343,0.8932895,0.4636981,-0.5974626,0.1440219,0.07903709,-0.00178134,0.9864115
87506,0.0166671,54.8978435602039,0.893083,0.4636701,-0.5976517,0.1440279,0.07875394,-0.001580041,0.9864336
87510,0.0166671,54.9145106598735,0.892773,0.4634352,-0.5977563,0.1443592,0.07823122,-0.001353799,0.9864271
87512,0.0166667,54.9311773590744,0.8926492,0.4633535,-0.5978016,0.1445908,0.07799014,-0.00130322,0.9864124
87518,0.0166674,54.9478447586298,0.8925396,0.4630756,-0.5977895,0.1451188,0.07764416,-0.001456675,0.9863619
87520,0.0166665,54.9645112585276,0.8925289,0.4629563,-0.5977532,0.1454088,0.07751937,-0.001582754,0.9863288
87524,0.0166674,54.9811786580831,0.8926084,0.4627552,-0.5976529,0.1458979,0.07745097,-0.00189537,0.9862614
87526,0.016668,54.9978466574103,0.8927504,0.4626262,-0.5975105,0.1461513,0.07748557,-0.002107323,0.9862208
87530,0.0166666,55.0145132578909,0.8930498,0.4624935,-0.5972605,0.1466441,0.07780822,-0.002531235,0.9861212
87534,0.0166666,55.0311798583716,0.893247,0.4623378,-0.5970791,0.1468817,0.07812271,-0.002746654,0.9860604
87538,0.0166671,55.0478469580412,0.8937006,0.4621704,-0.5967321,0.1474606,0.07889429,-0.003119246,0.9859114
87540,0.0166668,55.0645137578249,0.8939422,0.4620928,-0.5965694,0.1477801,0.07933891,-0.003321903,0.9858273
87544,0.0166665,55.0811802577227,0.8945568,0.4619356,-0.596155,0.1482675,0.08023078,-0.00372995,0.9856804
87546,0.0166673,55.097847558558,0.8948205,0.4618677,-0.5959719,0.1484478,0.08065949,-0.003938552,0.9856175
87548,0.0166666,55.1145141590387,0.8954435,0.4617532,-0.5955877,0.1487238,0.08156584,-0.004405339,0.9854993
87552,0.0166662,55.1311803590506,0.8957209,0.4617301,-0.5953773,0.1488534,0.08192897,-0.004635859,0.9854486
87558,0.0166678,55.1478481590748,0.896243,0.4616052,-0.5949827,0.1491431,0.08268597,-0.005137761,0.985339
87560,0.0166658,55.164513958618,0.8965111,0.4615445,-0.5948012,0.1493351,0.08299546,-0.00539204,0.9852826
87564,0.016668,55.1811819579452,0.8969732,0.4613112,-0.5945004,0.1497805,0.08358487,-0.005970196,0.9851618
87566,0.0183082,55.1994901578873,0.8971862,0.4612343,-0.5943383,0.1500394,0.08382113,-0.006240661,0.9851007
87570,0.016668,55.2161581572145,0.897643,0.4611028,-0.5939508,0.1504163,0.08416276,-0.00665837,0.9850113
87572,0.016667,55.2328251563013,0.8978645,0.4610453,-0.5937509,0.1506546,0.08427333,-0.006898145,0.9849638
87578,0.0166673,55.2494924571365,0.8982478,0.4608471,-0.593419,0.1511098,0.08446209,-0.007378491,0.9848744
87580,0.0166666,55.2661590576172,0.8984437,0.4607632,-0.5932707,0.1513405,0.08454339,-0.007623489,0.9848301
87584,0.0166671,55.2828261572868,0.8988321,0.4605695,-0.5930005,0.1518407,0.08477557,-0.00816616,0.9847288
87586,0.0166669,55.2994930576533,0.8990364,0.4604487,-0.5928633,0.1521136,0.08493987,-0.00848807,0.9846699
87590,0.0166675,55.3161605577916,0.8994821,0.460208,-0.5925821,0.1526487,0.08540118,-0.009188979,0.9845408
87592,0.0166657,55.3328262586147,0.8997501,0.4600545,-0.5924399,0.1528599,0.08567217,-0.009521894,0.9844813
87598,0.0166701,55.3494963590056,0.9002492,0.4598593,-0.5921692,0.1532931,0.08647085,-0.01026205,0.9843367
87600,0.0166632,55.3661595582962,0.9005538,0.4597683,-0.5920289,0.1535419,0.08699273,-0.01066371,0.9842477
87604,0.0166683,55.3828278575093,0.9011467,0.4595449,-0.5918015,0.1539956,0.08817752,-0.01148228,0.9840621
87606,0.016667,55.399494856596,0.901446,0.4594615,-0.5916963,0.1542156,0.08887429,-0.0119455,0.9839595
87610,0.0166688,55.4161636568606,0.9021059,0.4592723,-0.5915105,0.1545996,0.09028441,-0.01280974,0.9837599
87612,0.0166652,55.4328288566321,0.9024366,0.459142,-0.5913914,0.1547907,0.09102269,-0.01322896,0.9836563
87618,0.0166688,55.4494976568967,0.9031158,0.4588979,-0.5912565,0.1551662,0.09249119,-0.0140057,0.9834494
87620,0.0166652,55.4661628566682,0.9034521,0.4587603,-0.5911522,0.1553989,0.09324554,-0.01438568,0.9833359
87624,0.0166676,55.4828304573894,0.9041877,0.4585333,-0.5909976,0.155828,0.09484068,-0.01510474,0.9831046
87626,0.0173657,55.5001961570233,0.9045444,0.4584047,-0.5909292,0.1560229,0.09563105,-0.01544756,0.9829919
87630,0.0166675,55.5168636571616,0.9052972,0.4581834,-0.5907875,0.1564001,0.09716407,-0.01612972,0.9827706
87632,0.0166659,55.5335295572877,0.9057043,0.4580912,-0.5907382,0.1565835,0.09794443,-0.01652913,0.9826573
87638,0.0166687,55.5501982569695,0.9064931,0.4579259,-0.5906095,0.1569424,0.09932669,-0.01727475,0.9824485
87640,0.0166656,55.5668638572097,0.9069344,0.457896,-0.5905573,0.1571166,0.1001248,-0.01772905,0.9823315
87644,0.0166684,55.5835322570056,0.9077568,0.4577692,-0.5904591,0.1574058,0.1016797,-0.01861338,0.9821091
87646,0.0166656,55.6001978572458,0.9081749,0.4577201,-0.590429,0.1574975,0.1023832,-0.01901722,0.9820135
87650,0.0166668,55.6168646570295,0.9089105,0.457673,-0.5904186,0.1576787,0.1038623,-0.01983798,0.9818129
87652,0.0166667,55.6335313562304,0.9093086,0.4576506,-0.5904348,0.1577317,0.1045226,-0.02022435,0.9817264
87658,0.0166753,55.6502066571265,0.9100277,0.4575979,-0.5904397,0.1577635,0.1056195,-0.02078326,0.9815922
87660,0.0166588,55.6668654568493,0.9103643,0.457569,-0.5904363,0.1577738,0.1060472,-0.02095309,0.9815409
87664,0.0166672,55.6835326571018,0.9110166,0.4575001,-0.5903942,0.1578787,0.1066953,-0.02118776,0.9814487
87666,0.0166662,55.7001988571137,0.9113312,0.4574375,-0.5904011,0.1580326,0.1069716,-0.02138172,0.9813896
87670,0.0166688,55.7168676573783,0.911868,0.4573277,-0.5904004,0.1584055,0.1073428,-0.02177502,0.9812803
87672,0.0166656,55.7335332576185,0.9121543,0.4572757,-0.5903596,0.1586118,0.1074561,-0.02195862,0.9812305
87678,0.0166698,55.7502030581236,0.912674,0.4571601,-0.5903724,0.1589765,0.1075432,-0.02233255,0.9811535
87680,0.0166644,55.7668674588203,0.9129268,0.4571137,-0.590353,0.159116,0.1075004,-0.02250721,0.9811316
87684,0.016667,55.7835344579071,0.9134004,0.4570054,-0.5902458,0.159409,0.1074165,-0.02284519,0.9810854
87686,0.0166673,55.8002017587423,0.9136273,0.4569542,-0.5902154,0.1595839,0.1074122,-0.02307608,0.981052
87690,0.0166662,55.8168679587543,0.914156,0.4568267,-0.5901456,0.1599985,0.1075058,-0.02365551,0.9809605
87692,0.0166663,55.8335342593491,0.9144439,0.4567189,-0.5901548,0.1602288,0.1076037,-0.02398336,0.9809042
87698,0.0166674,55.8502016589046,0.9150274,0.4565559,-0.5901008,0.1607393,0.1079735,-0.02462116,0.9807642
87700,0.0166666,55.8668682593852,0.9153107,0.4565039,-0.5900816,0.160943,0.1082588,-0.02495253,0.980691
87704,0.0166685,55.883536759764,0.9159411,0.4563912,-0.5900394,0.1612836,0.1089656,-0.02558364,0.9805405
87706,0.0166667,55.9002034589648,0.9162421,0.4563432,-0.5900005,0.1614296,0.1093825,-0.02586094,0.9804627
87710,0.0166696,55.9168730583042,0.9169194,0.456212,-0.5899529,0.1616968,0.1104876,-0.02656709,0.9802759
87712,0.0166634,55.9335364587605,0.9172652,0.4561577,-0.5899248,0.1617941,0.1110309,-0.02688211,0.9801899
87718,0.0166676,55.9502040594816,0.9179291,0.456002,-0.5899124,0.1619789,0.1122908,-0.02754058,0.9799975
87720,0.0166662,55.9668702594936,0.9182782,0.4559377,-0.5898942,0.1620836,0.1129514,-0.02786527,0.9798951
87724,0.0166672,55.983537459746,0.9189445,0.4558203,-0.5898227,0.1623157,0.1142223,-0.02849644,0.9796912
87726,0.0166675,56.0002049598843,0.919279,0.4557619,-0.5897923,0.1624611,0.1149423,-0.02885869,0.9795723
87730,0.0166667,56.0168716590852,0.9199285,0.4556495,-0.5897222,0.1627123,0.1162885,-0.02954522,0.9793512
87732,0.0166661,56.0335377585143,0.9202013,0.4556099,-0.5896934,0.1628221,0.1168126,-0.02987438,0.9792606
87738,0.016668,56.0502057578415,0.9207048,0.4555086,-0.5896268,0.1629163,0.1178326,-0.03067751,0.9790979
87740,0.016666,56.0668717585504,0.9209273,0.4554852,-0.5896019,0.1629029,0.118239,-0.03105919,0.9790391
87744,0.0166677,56.0835394579917,0.921367,0.4554777,-0.5895174,0.1627234,0.1188972,-0.03174311,0.9789673
87746,0.0166659,56.1002053581178,0.9215626,0.4554628,-0.5894596,0.1626053,0.1191342,-0.03199962,0.9789497
87750,0.0166705,56.1168758589774,0.9219432,0.4554695,-0.5893934,0.1622791,0.1195591,-0.03247681,0.9789364
87752,0.0166631,56.1335389595479,0.9221316,0.4555163,-0.5893491,0.1620636,0.1197702,-0.03278193,0.9789361
87758,0.016671,56.1502099595964,0.9224817,0.4556063,-0.5892507,0.1616479,0.1200738,-0.03319054,0.9789539
87760,0.0166662,56.1668761596084,0.9226544,0.4556729,-0.589197,0.1614574,0.1201607,-0.03333861,0.9789696
87764,0.0166677,56.1835438590497,0.9229503,0.4557367,-0.5891754,0.1610744,0.120215,-0.03365647,0.9790152
87766,0.0166655,56.2002093587071,0.9230865,0.455752,-0.5891569,0.1609794,0.1201636,-0.03376085,0.9790335
87770,0.0166677,56.2168770581484,0.9233502,0.4558039,-0.5891379,0.1606804,0.1199714,-0.03402881,0.9790969
87772,0.0166669,56.2335439585149,0.9235082,0.4558113,-0.5891008,0.1605202,0.1198652,-0.03413118,0.9791326
87778,0.0166674,56.2502113580704,0.9237912,0.455914,-0.589044,0.1601723,0.1197208,-0.03425922,0.9792028
87780,0.0166659,56.2668772581965,0.9239305,0.4559465,-0.5890256,0.1600099,0.119698,-0.03429737,0.9792308
87784,0.0166681,56.2835453581065,0.9242333,0.4559816,-0.5889675,0.1596827,0.1197251,-0.03438012,0.979278
87786,0.0166659,56.3002112582326,0.9244022,0.4560064,-0.5889333,0.1595094,0.1198066,-0.03444287,0.9792941
87790,0.0166901,56.3169013578445,0.9248244,0.4560535,-0.5888802,0.159114,0.1200666,-0.03462976,0.9793199
87792,0.016663,56.3335643578321,0.925042,0.4560572,-0.5888559,0.1589334,0.1202705,-0.03476292,0.9793196
87798,0.0166673,56.3502316586673,0.9255247,0.4561119,-0.5887998,0.158683,0.1207288,-0.03507668,0.9792926
87800,0.0166668,56.366898458451,0.9257517,0.4561177,-0.5887413,0.1586192,0.1210004,-0.03525573,0.9792629
87804,0.0166672,56.3835656587034,0.9263021,0.4561621,-0.5886719,0.1584361,0.1216124,-0.03566865,0.9792019
87806,0.0166657,56.4002313595265,0.9265429,0.4561585,-0.5886817,0.1583467,0.121932,-0.03589525,0.9791682
87810,0.0166678,56.4168991595507,0.9271049,0.4561572,-0.5886438,0.1582055,0.1226292,-0.03644136,0.9790838
87812,0.0166666,56.4335657600313,0.9273674,0.4561447,-0.5886574,0.1581308,0.122942,-0.03671157,0.9790466
87818,0.016667,56.4502327591181,0.9279461,0.4561034,-0.5886321,0.157974,0.123536,-0.03736394,0.9789724
87820,0.0166675,56.4669002592564,0.9281802,0.4561045,-0.5886319,0.1579417,0.1237726,-0.03766073,0.9789364
87824,0.01667,56.4835702590644,0.9286919,0.4560872,-0.5886009,0.1578968,0.124181,-0.03825222,0.978869
87826,0.0166635,56.5002337582409,0.9289591,0.4560476,-0.588569,0.1579214,0.1243665,-0.03853322,0.9788305
87830,0.0166695,56.5169032588601,0.929422,0.4559044,-0.5884918,0.1581027,0.1246535,-0.03897082,0.9787474
87832,0.0166647,56.5335679594427,0.9296149,0.4558424,-0.5884539,0.1582132,0.1247358,-0.03913107,0.9787126
87838,0.0166671,56.5502350591123,0.9299697,0.45569,-0.5883454,0.1585341,0.1248578,-0.03939866,0.9786344
87840,0.0166666,56.566901659593,0.9301564,0.4556106,-0.5882618,0.1587095,0.1248583,-0.03949704,0.9786019
87844,0.0166685,56.5835701599717,0.9303758,0.4554627,-0.5881402,0.1590647,0.1247336,-0.03956525,0.9785574
87846,0.0166647,56.6002348605543,0.9304498,0.4553432,-0.5880814,0.1592957,0.1246028,-0.03957263,0.9785362
87850,0.0166676,56.6169024612755,0.9305735,0.4551752,-0.5878872,0.1598599,0.1242397,-0.03956216,0.9784908
87852,0.016667,56.6335694603622,0.9306371,0.4550624,-0.5877857,0.1600959,0.1240531,-0.03953702,0.9784769
87858,0.0166668,56.6502362601459,0.9307307,0.4548739,-0.5876648,0.1604539,0.1237066,-0.03945839,0.9784653
87860,0.0166663,56.6669025607407,0.9307914,0.4548171,-0.5875629,0.1606071,0.1235131,-0.03943119,0.9784657
87864,0.0166695,56.6835720613599,0.93089,0.4546972,-0.587426,0.1607397,0.1232764,-0.039426,0.978474
87866,0.0166652,56.7002372611314,0.930955,0.4546454,-0.587312,0.1607994,0.1231855,-0.03945642,0.9784744
87870,0.01667,56.7169072609395,0.9311619,0.4545992,-0.587136,0.160897,0.1231292,-0.03964165,0.9784579
87872,0.0166638,56.7335710618645,0.9312735,0.4545317,-0.5870764,0.160942,0.1231483,-0.03976965,0.9784429
87878,0.016668,56.7502390611917,0.9315688,0.4545426,-0.5869853,0.1609232,0.1234673,-0.04013117,0.9783911
87880,0.0166668,56.7669058609754,0.9317347,0.4545512,-0.5869228,0.1608846,0.1236886,-0.04031436,0.978362
87884,0.0166667,56.7835725601763,0.9320665,0.4545726,-0.5868149,0.1607564,0.1242608,-0.04071492,0.9782939
87886,0.0166665,56.8002390600741,0.93221,0.4545897,-0.5867971,0.1606778,0.1245481,-0.04093884,0.9782609
87890,0.0166672,56.8169062603265,0.9325328,0.4545982,-0.586742,0.1604914,0.1251888,-0.04137655,0.9781913
87892,0.0166662,56.8335724603385,0.9326802,0.4546148,-0.5867141,0.1604033,0.1255777,-0.04159496,0.9781467
87898,0.0166671,56.850239560008,0.93296,0.4546382,-0.5866662,0.1601784,0.1263242,-0.04197241,0.9780713
87900,0.016667,56.8669065590948,0.9331206,0.4546362,-0.5866443,0.1600572,0.1267261,-0.04217426,0.9780304
87904,0.0166671,56.8835736587644,0.9334007,0.4546774,-0.5865602,0.1597757,0.1276314,-0.04251941,0.9779438
87906,0.0166666,56.900240259245,0.9335479,0.4547083,-0.5865704,0.1596351,0.1280465,-0.04262986,0.9779077
87910,0.0166688,56.9169090595096,0.9338791,0.4547123,-0.5865251,0.159312,0.1289944,-0.0428776,0.977825
87912,0.0166655,56.933574559167,0.9340448,0.4547857,-0.586555,0.1591321,0.1295428,-0.04301127,0.9777759
87918,0.0166684,56.9502429589629,0.9343851,0.4548393,-0.5865229,0.1588112,0.1306095,-0.04326991,0.9776748
87920,0.0166673,56.9669102597982,0.9345537,0.4548993,-0.586543,0.1586262,0.131135,-0.04342291,0.9776276
87924,0.0166663,56.983576560393,0.9348996,0.4549721,-0.5866083,0.158224,0.1323113,-0.04373925,0.9775202
87926,0.0166666,57.0002431608737,0.9350585,0.4550233,-0.5866663,0.1580137,0.1328489,-0.0438493,0.9774764
87930,0.0166682,57.0169113613665,0.9353804,0.4551194,-0.5867638,0.1576325,0.1337453,-0.04405247,0.9774066
87932,0.0166659,57.0335772614926,0.935553,0.4551448,-0.5868313,0.1574409,0.1341631,-0.04412998,0.9773767
87938,0.016668,57.0502452608198,0.9358851,0.45527,-0.5869941,0.1570364,0.1349819,-0.04426784,0.9773228
87940,0.0166662,57.0669114608318,0.936085,0.4553062,-0.5870924,0.1568019,0.1353623,-0.04431684,0.9773057
87944,0.0166684,57.0835798606277,0.936463,0.4554633,-0.5872927,0.156256,0.1360844,-0.04443756,0.9772873
87946,0.0166664,57.1002462599427,0.9366609,0.4555303,-0.5873848,0.155969,0.1364707,-0.04449623,0.9772766
87950,0.0166689,57.1169151607901,0.9370671,0.455625,-0.5875877,0.155471,0.1370357,-0.04468009,0.9772685
87952,0.0166646,57.1335797607899,0.9372823,0.4556954,-0.5877094,0.1552764,0.1372505,-0.0447694,0.9772652
87958,0.0166685,57.1502482611686,0.9377276,0.4558124,-0.5879838,0.1548622,0.1376446,-0.04501711,0.9772642
87960,0.0166664,57.1669146604836,0.9379148,0.4558888,-0.5880771,0.1546067,0.1377937,-0.04517476,0.9772763
87964,0.0166666,57.1835812609643,0.9383524,0.4560965,-0.5884376,0.1539863,0.1380372,-0.04552158,0.9773238
87966,0.016679,57.2002602610737,0.9385369,0.4561553,-0.588614,0.1536661,0.1381238,-0.04569326,0.9773539
87970,0.0166669,57.2169271614403,0.9389092,0.4563495,-0.5889917,0.1529749,0.1381759,-0.04605953,0.9774378
87972,0.0166657,57.2335928622633,0.9391292,0.4564748,-0.5891913,0.1526172,0.1381853,-0.04621666,0.9774849
87978,0.0166679,57.2502607628703,0.9395234,0.4567426,-0.5896083,0.1516819,0.1382292,-0.0465005,0.9776109
87980,0.0166667,57.2669274620712,0.9397172,0.4569617,-0.5898616,0.1511476,0.1382597,-0.04666485,0.9776815
87984,0.0166668,57.2835942618549,0.940142,0.4573639,-0.5903904,0.1499131,0.1383902,-0.04701461,0.9778364
87986,0.0166674,57.3002616614103,0.940365,0.4576493,-0.5906826,0.1491848,0.1385108,-0.04723564,0.97792
87990,0.0166668,57.316928461194,0.9408026,0.4581177,-0.5911853,0.1477175,0.1387378,-0.04760066,0.9780928
87992,0.0166668,57.3335952609777,0.9410315,0.4583829,-0.5914725,0.146949,0.13886,-0.04772035,0.9781854
87998,0.0166671,57.3502623606473,0.9414303,0.4589461,-0.5920711,0.1453476,0.1389509,-0.04793201,0.9784014
88000,0.0166674,57.3669297602028,0.9416616,0.4592795,-0.5923849,0.1443321,0.1389449,-0.04807171,0.9785457
88004,0.0166676,57.3835973609239,0.9420602,0.4599414,-0.5929567,0.1422525,0.1388225,-0.04833404,0.9788546
88006,0.0177211,57.4013184607029,0.9422273,0.4602735,-0.5932224,0.1412509,0.138747,-0.04852088,0.9790011
88010,0.0166671,57.4179855603725,0.9424987,0.46097,-0.5938205,0.1391488,0.1385503,-0.04892571,0.9793099
88012,0.0166666,57.4346521608531,0.9426091,0.4612778,-0.594146,0.1382673,0.1384443,-0.04910037,0.9794409
88018,0.0166671,57.4513192605227,0.9428122,0.4618496,-0.5947484,0.136687,0.1382346,-0.04934449,0.9796801
88020,0.0166666,57.4679858610034,0.9429173,0.4621601,-0.595072,0.1359565,0.1381174,-0.04942591,0.9797941
88024,0.016667,57.4846528600901,0.9430947,0.4626933,-0.5956849,0.1343908,0.1379375,-0.04953527,0.9800299
88026,0.0166663,57.5013191606849,0.9431492,0.4629488,-0.5959604,0.1336127,0.1378727,-0.04958043,0.9801431
88030,0.0166673,57.5179864615202,0.9432905,0.4634033,-0.5964679,0.132313,0.1376822,-0.04966313,0.980342
88032,0.0166664,57.5346528608352,0.943341,0.4635721,-0.5967107,0.1317262,0.1375799,-0.04964541,0.9804363
88038,0.0166673,57.5513201616704,0.943405,0.4638424,-0.5971252,0.1310688,0.1374335,-0.04961228,0.9805467
88040,0.0166675,57.5679876618087,0.9434399,0.4639211,-0.5973606,0.1309481,0.1374525,-0.04962512,0.9805595
88044,0.016669,57.5846566613764,0.9435362,0.4639594,-0.5977404,0.1309546,0.1375844,-0.04964235,0.9805392
88046,0.0166663,57.6013229619712,0.9435985,0.4639595,-0.5979192,0.1310056,0.1376969,-0.0496611,0.9805157
88050,0.0166678,57.6179907619953,0.9437583,0.4638868,-0.598182,0.1312422,0.1380932,-0.04954072,0.9804344
88052,0.016667,57.6346577610821,0.943857,0.4638297,-0.5983194,0.1313671,0.1382822,-0.04949737,0.9803932
88058,0.0166668,57.6513245608658,0.9440786,0.4636671,-0.5984957,0.1317401,0.1387388,-0.04938926,0.980284
88060,0.0166701,57.6679946612567,0.9442021,0.4635654,-0.5985711,0.1319659,0.1389219,-0.04938733,0.9802278
88064,0.0166641,57.6846587620676,0.9444918,0.4632834,-0.5986673,0.1324679,0.1392362,-0.04946463,0.9801117
88066,0.0166671,57.7013258617371,0.9446657,0.4631833,-0.5986472,0.1327389,0.1393752,-0.04951052,0.9800529
88070,0.0166666,57.7179924622178,0.9450468,0.4628631,-0.5986594,0.1333243,0.1396021,-0.04976122,0.9799284
88072,0.0166671,57.7346595618874,0.9452205,0.4627244,-0.598653,0.1335549,0.1397017,-0.04990622,0.9798754
88078,0.0166692,57.7513287626207,0.9457167,0.4624515,-0.598589,0.134165,0.1399122,-0.05039272,0.9797372
88080,0.0166645,57.7679932620376,0.9459587,0.4623139,-0.5985537,0.1343835,0.1400351,-0.0506498,0.9796764
88084,0.0166671,57.7846603617072,0.9464656,0.462095,-0.5984365,0.1348312,0.1401585,-0.05119429,0.979569
88086,0.0166671,57.8013274613768,0.9467404,0.4619949,-0.5983484,0.1349959,0.1401876,-0.05144122,0.9795291
88090,0.0166672,57.8179946616292,0.9472532,0.4618246,-0.5981256,0.1353112,0.1401342,-0.05195175,0.9794664
88092,0.0166672,57.8346618618816,0.9474869,0.4617154,-0.5980062,0.1354626,0.1400666,-0.0521994,0.9794419
88098,0.0166665,57.8513283617795,0.9479298,0.4614878,-0.5977072,0.1358349,0.13989,-0.05259321,0.9793946
88100,0.016667,57.8679953608662,0.9481606,0.4613703,-0.5974791,0.1360456,0.1398166,-0.05271238,0.9793693
88104,0.0166687,57.8846640605479,0.9486129,0.4611596,-0.5969891,0.1364172,0.1396019,-0.05284393,0.9793412
88106,0.0166651,57.9013291597366,0.9488147,0.4610391,-0.5967522,0.1366489,0.1394441,-0.05286955,0.9793301
88110,0.0166686,57.9179977588356,0.9492134,0.4607162,-0.5962321,0.1372058,0.1390958,-0.05288276,0.979301
88112,0.0166652,57.9346629586071,0.9493958,0.4605753,-0.5959016,0.1375326,0.1388775,-0.05289921,0.9792852
88118,0.0166676,57.9513305593282,0.9497663,0.46023,-0.5951838,0.1383382,0.1384267,-0.0529772,0.9792314
88120,0.0166667,57.9679972585291,0.949951,0.4600451,-0.5948527,0.138757,0.1382022,-0.05298444,0.9792034
88124,0.0166674,57.9846646580845,0.9503521,0.4596632,-0.5942076,0.1395217,0.137796,-0.05295194,0.9791538
88126,0.0170569,58.0017215572298,0.9505079,0.4594898,-0.5938749,0.139911,0.1375694,-0.05292523,0.9791315
88132,0.0166681,58.0183896571398,0.9508591,0.4589988,-0.5929322,0.1409985,0.1368048,-0.0526886,0.9790954
88134,0.0166656,58.03505525738,0.9509879,0.4587865,-0.5925494,0.1415325,0.1363696,-0.05256623,0.9790856
88136,0.0166677,58.0517229568213,0.9511077,0.4585644,-0.5920953,0.142134,0.1358849,-0.05241625,0.9790739
88140,0.0166681,58.0683910567313,0.9512625,0.4581875,-0.5913862,0.1431677,0.1348232,-0.05220596,0.9790813
88142,0.0175517,58.0859427563846,0.9513366,0.4579512,-0.5909503,0.1437839,0.1341437,-0.05210827,0.9790896
88148,0.016667,58.1026097554713,0.9514208,0.4576099,-0.5902575,0.1446638,0.133084,-0.05197377,0.9791117
88150,0.016667,58.1192767545581,0.9514768,0.4574163,-0.5898538,0.145145,0.1324705,-0.05187105,0.9791291
88154,0.0166671,58.1359438542277,0.9515401,0.4570997,-0.5891515,0.1458504,0.1314996,-0.05169881,0.9791644
88156,0.0166666,58.1526104547083,0.9515684,0.4569357,-0.5887806,0.1462197,0.1309074,-0.05162961,0.9791923
88160,0.016667,58.1692774537951,0.9516587,0.4565915,-0.5881128,0.146915,0.1298693,-0.05161144,0.9792274
88162,0.0166666,58.1859440542758,0.9516983,0.4563963,-0.5877226,0.1472737,0.1293564,-0.051671,0.9792382
88168,0.0166675,58.202611554414,0.9517993,0.456112,-0.5870631,0.1478678,0.1285439,-0.05188311,0.9792445
88170,0.0166663,58.2192778550088,0.9518641,0.455971,-0.5867341,0.1481134,0.1282057,-0.05199731,0.9792457
88174,0.016667,58.2359448540956,0.9520372,0.455738,-0.5860912,0.1485429,0.1276268,-0.05215241,0.979248
88176,0.016667,58.2526118531823,0.9520981,0.4556099,-0.5857728,0.1487652,0.1273486,-0.05222324,0.9792467
88180,0.016667,58.2692788522691,0.9521803,0.4553826,-0.5852143,0.1491744,0.1267674,-0.05236178,0.9792525
88182,0.0166672,58.2859460525215,0.9522268,0.4552769,-0.5849311,0.1493999,0.1264517,-0.05243478,0.979255
88188,0.016667,58.3026130516082,0.9523505,0.4551625,-0.5843499,0.1497191,0.1258979,-0.05262961,0.9792671
88190,0.0166666,58.3192796520889,0.9523809,0.4551053,-0.5840793,0.1498234,0.1257165,-0.05271256,0.97927
88194,0.0166672,58.3359468523413,0.9524869,0.4549283,-0.5835645,0.1500442,0.1253728,-0.05278846,0.9792762
88196,0.016667,58.352613851428,0.9525457,0.4548407,-0.5833367,0.1501599,0.1251977,-0.05277925,0.9792814
88200,0.0166666,58.3692804519087,0.952629,0.4546869,-0.5828452,0.1503798,0.1249652,-0.05269928,0.9792816
88202,0.0166668,58.3859472516924,0.9526882,0.4546223,-0.5826021,0.150519,0.124822,-0.05263631,0.9792819
88208,0.0166669,58.402614152059,0.952741,0.4545107,-0.5821519,0.1507719,0.1244362,-0.05254981,0.9792967
88210,0.0166667,58.4192808512598,0.9527646,0.4544484,-0.5819869,0.1508584,0.1242635,-0.05252936,0.9793064
88214,0.0166672,58.4359480515122,0.9528072,0.454275,-0.5815373,0.1511128,0.1238134,-0.0524101,0.9793306
88216,0.0166669,58.4526149518788,0.9528036,0.4541727,-0.5813545,0.1512492,0.1235575,-0.05232118,0.9793466
88220,0.0166677,58.4692826513201,0.9527888,0.4539704,-0.5809344,0.1517338,0.1229225,-0.05212054,0.9793622
88222,0.0166663,58.4859489519149,0.9527323,0.4538276,-0.580706,0.1520603,0.1225706,-0.05201882,0.9793611
88228,0.0166669,58.5026158522815,0.9526285,0.4535431,-0.5803239,0.1527703,0.1218408,-0.05178916,0.9793538
88230,0.0166677,58.5192835517228,0.9525924,0.4533924,-0.5801223,0.1531542,0.1214759,-0.05169889,0.979344
88234,0.0166663,58.5359498523176,0.9525051,0.4531096,-0.5797261,0.1539335,0.1207745,-0.05151702,0.9793181
88236,0.0166673,58.5526171531528,0.9524891,0.4529751,-0.5795278,0.1543613,0.1204688,-0.05139912,0.9792947
88240,0.0166663,58.5692834537476,0.9524511,0.4525795,-0.5791447,0.155254,0.1199663,-0.05121592,0.9792248
88242,0.0166669,58.5859503541142,0.9524719,0.4524054,-0.5789902,0.1556613,0.1198062,-0.05116954,0.9791822
88248,0.0166682,58.602618554607,0.9525494,0.4521101,-0.5786524,0.1564553,0.1196705,-0.05116788,0.9790723
88250,0.0166659,58.6192844547331,0.9526182,0.4519545,-0.5784822,0.1568347,0.1196966,-0.05121288,0.9790061
88254,0.0166669,58.6359513550997,0.9527926,0.4516732,-0.5781913,0.15754,0.1199104,-0.0513063,0.9788617
88256,0.0166662,58.6526175551116,0.9529142,0.4515359,-0.5780547,0.1578452,0.1201035,-0.05137504,0.9787853
88260,0.0166675,58.6692850552499,0.9531735,0.4512578,-0.5777849,0.1584091,0.1205959,-0.0515686,0.9786235
88264,0.016667,58.6859520543367,0.9533334,0.4511398,-0.5776707,0.1586434,0.1209,-0.05172506,0.9785398
88268,0.0166668,58.7026188541204,0.9536624,0.4509428,-0.5774827,0.1589694,0.121557,-0.05201508,0.97839
88270,0.0166696,58.7192884534597,0.9538437,0.4508506,-0.5774143,0.1591087,0.1219227,-0.05215299,0.9783146
88274,0.0166642,58.7359526529908,0.9542585,0.4506468,-0.5772184,0.159396,0.1227788,-0.05253183,0.9781405
88276,0.0166663,58.7526189535856,0.9544789,0.4505592,-0.5771437,0.1595247,0.123191,-0.05268098,0.9780596
88280,0.0166676,58.7692865543067,0.9549508,0.4503669,-0.5770406,0.1598828,0.1242414,-0.05292858,0.9778548
88284,0.0166667,58.7859532535076,0.9551743,0.4502846,-0.5769988,0.1600734,0.1248895,-0.05306708,0.9777336
88288,0.0166677,58.8026209529489,0.9557063,0.4501049,-0.5768792,0.1604229,0.1262108,-0.05332421,0.9774926
88290,0.0166662,58.8192871529609,0.9559488,0.4500379,-0.576831,0.1605376,0.1267775,-0.05339936,0.9773964
88294,0.0166674,58.8359545525163,0.956463,0.4499142,-0.5767447,0.1607953,0.1280636,-0.05358842,0.977176
88296,0.0166661,58.8526206519455,0.956691,0.4498753,-0.5767004,0.160917,0.1286783,-0.05370414,0.9770688
88300,0.0166677,58.8692883513868,0.9571635,0.4497664,-0.5766871,0.1610648,0.129798,-0.05389231,0.976886
88306,0.0186438,58.887932151556,0.9575621,0.4496759,-0.5766854,0.161166,0.130632,-0.05407361,0.9767481
88308,0.0166665,58.9045986514539,0.9577611,0.4496093,-0.5766943,0.1612431,0.1309734,-0.0541578,0.976685
88312,0.0166681,58.9212667513639,0.958078,0.4495319,-0.5767145,0.1614129,0.1313402,-0.05427241,0.9766014
88314,0.018947,58.9402137510479,0.958212,0.4495055,-0.5767196,0.161523,0.131459,-0.05435972,0.9765623
88318,0.016668,58.956881750375,0.958459,0.4494988,-0.5766918,0.1616794,0.1315417,-0.05450575,0.9765171
88320,0.0166663,58.9735480509698,0.9585729,0.4495007,-0.5766355,0.1617201,0.1315104,-0.05455233,0.976512
88326,0.0166687,58.9902167506516,0.9587848,0.4495179,-0.5766761,0.161639,0.1314119,-0.05470504,0.9765302
88328,0.0166704,59.0068871509284,0.9589262,0.4495015,-0.5766544,0.1615991,0.131392,-0.05482588,0.9765327
88332,0.0166679,59.0235550515354,0.9591759,0.4495699,-0.5766892,0.1615134,0.1313559,-0.05512723,0.9765347
88334,0.0166681,59.0402231514454,0.9592963,0.4495843,-0.5767202,0.1614814,0.1313872,-0.05526068,0.9765283
88336,0.0166633,59.0568864513189,0.9594933,0.4495743,-0.5767693,0.1614433,0.1314665,-0.05544247,0.9765136
88340,0.0166739,59.0735603515059,0.9597164,0.4496452,-0.5769,0.1613059,0.1316784,-0.05568883,0.9764937
88346,0.0171176,59.0906779523939,0.9599898,0.4497107,-0.5770527,0.1611565,0.1319229,-0.05591914,0.9764723
88348,0.0166743,59.1073522530496,0.9600964,0.4497371,-0.5771684,0.1610516,0.1320789,-0.05604286,0.9764614
88352,0.0166624,59.1240146532655,0.9603876,0.44988,-0.5774311,0.1608681,0.1324422,-0.05632711,0.976426
88354,0.0166662,59.1406808532774,0.9605414,0.4499334,-0.5775858,0.1607536,0.1326923,-0.05650466,0.9764007
88358,0.0166664,59.1573472525924,0.9608413,0.4500372,-0.5779077,0.1604292,0.1331976,-0.05688764,0.976363
88360,0.0166672,59.1740144528449,0.9609835,0.4501219,-0.5781217,0.1601994,0.1335036,-0.05711512,0.9763457
88366,0.016667,59.1906814519316,0.9612756,0.4503448,-0.5785411,0.1596525,0.1341952,-0.05764537,0.9763093
88368,0.0166731,59.2073545511812,0.9614093,0.4504788,-0.5787666,0.1593174,0.1345398,-0.05784512,0.9763048
88372,0.0166621,59.2240166515112,0.9616422,0.450762,-0.5792368,0.1585872,0.1352607,-0.05824431,0.9763003
88374,0.0166707,59.2406873516738,0.9617594,0.4509228,-0.5795207,0.1582152,0.1356318,-0.05838667,0.9763007
88378,0.0166642,59.2573515512049,0.9619607,0.451282,-0.5801647,0.1573705,0.1363884,-0.05871561,0.976312
88382,0.0166658,59.2740173507482,0.9620425,0.4514544,-0.5804505,0.156864,0.1367603,-0.05886307,0.9763327
88386,0.0166669,59.2906842511147,0.9621801,0.4518478,-0.5810258,0.1559812,0.1373727,-0.05904757,0.976377
88388,0.0176605,59.3083447515965,0.9622273,0.4520219,-0.5813365,0.1554782,0.1376443,-0.05914948,0.9764128
88392,0.0166681,59.3250128515065,0.96229,0.4523839,-0.5819455,0.1544989,0.1381142,-0.05935775,0.9764892
88394,0.0166674,59.3416802510619,0.9623194,0.4525733,-0.5822699,0.1539975,0.1383272,-0.05949984,0.9765297
88398,0.0166662,59.3583464510739,0.9623549,0.4529307,-0.582867,0.1531203,0.1386801,-0.05972754,0.9766036
88400,0.016668,59.3750144504011,0.9624043,0.453064,-0.5831528,0.1527043,0.1388346,-0.05986216,0.9766386
88406,0.0166663,59.3916807509959,0.9624429,0.4533233,-0.5837463,0.1519406,0.1390366,-0.06012321,0.9767129
88408,0.0166682,59.4083489514887,0.9624308,0.4534458,-0.584027,0.1516054,0.139078,-0.06021233,0.9767536
88412,0.0166653,59.4250142518431,0.9623806,0.4536766,-0.5844511,0.1511451,0.1390795,-0.06030119,0.9768193
88414,0.0166667,59.441680951044,0.9623433,0.4537597,-0.5846576,0.1510138,0.1390536,-0.06030331,0.9768431
88418,0.0166686,59.4583495501429,0.9622638,0.4538727,-0.5850133,0.1509193,0.1390218,-0.0602405,0.9768661
88422,0.0166673,59.4750168509781,0.9622238,0.4539022,-0.5851594,0.1509461,0.1390268,-0.06015547,0.9768665
88424,0.0166661,59.4916829504073,0.9621869,0.4538821,-0.5852968,0.1510238,0.1390234,-0.06005988,0.9768609
88428,0.0166669,59.5083498507738,0.9620897,0.4538326,-0.5854303,0.1512921,0.1390037,-0.05984379,0.9768354
88432,0.0166669,59.5250167511404,0.96197,0.4537493,-0.5854854,0.1516462,0.1389167,-0.05962649,0.9768062
88434,0.0166654,59.5416821502149,0.9618751,0.4536631,-0.5854654,0.1518367,0.1387892,-0.05947211,0.9768041
88438,0.0166676,59.558349750936,0.9617401,0.4534793,-0.5853456,0.1523171,0.1384907,-0.05915051,0.9767913
88442,0.0167739,59.5751236509532,0.9616859,0.453371,-0.5852836,0.1526302,0.1383054,-0.05904184,0.9767752
88446,0.0166633,59.5917869508266,0.9615937,0.4531232,-0.5851085,0.1533509,0.1380194,-0.05891207,0.9767106
88448,0.016667,59.6084539499134,0.961586,0.4529707,-0.5850331,0.1537953,0.1378762,-0.05891645,0.9766607
88452,0.0166672,59.6251211501658,0.9616048,0.4527281,-0.5848377,0.154439,0.1377703,-0.05901751,0.9765679
88454,0.0166702,59.6417913492769,0.9616876,0.452625,-0.5847138,0.1547546,0.1377927,-0.05914195,0.9765072
88458,0.0166682,59.6584595497698,0.9618851,0.4523855,-0.5845346,0.1552263,0.1379681,-0.05945352,0.9763888
88462,0.0166681,59.6751276496798,0.9620088,0.4522707,-0.5844463,0.1554364,0.1381501,-0.05967066,0.9763163
88466,0.0166651,59.6917927488685,0.9622877,0.4520525,-0.5842688,0.1559389,0.1386217,-0.06016087,0.9761392
88468,0.016667,59.7084597479552,0.9624618,0.4519318,-0.5841543,0.1561786,0.1388846,-0.06037247,0.9760504
88472,0.016667,59.7251267470419,0.96283,0.4516719,-0.5839763,0.1566524,0.1395799,-0.0608431,0.9758461
88474,0.0166664,59.7417931463569,0.9630259,0.451584,-0.5838674,0.1569237,0.1399325,-0.06110725,0.9757355
88478,0.0166672,59.7584603466094,0.9633537,0.4514208,-0.5836697,0.1574355,0.1406219,-0.06151863,0.9755281
88482,0.016667,59.7751273456961,0.9634989,0.451338,-0.5835814,0.1576677,0.1409296,-0.06168738,0.9754355
88486,0.016667,59.7917943447828,0.9637941,0.4511575,-0.5833831,0.1581395,0.1415506,-0.06199078,0.97525
88488,0.0166674,59.8084617443383,0.9639146,0.4510576,-0.5832868,0.1583723,0.1417509,-0.06209477,0.9751765
88492,0.0166663,59.8251280449331,0.9640962,0.4509046,-0.5830734,0.1588003,0.1419601,-0.06222375,0.9750682
88494,0.0166672,59.8417952451855,0.9641655,0.4507602,-0.5829409,0.1590585,0.1419653,-0.06223464,0.9750247
88500,0.0166665,59.8584617450833,0.9642885,0.4504679,-0.5827189,0.1595823,0.1418864,-0.0620989,0.9749593
88502,0.0166659,59.8751276452094,0.9643345,0.4503467,-0.5826182,0.1598144,0.1418157,-0.06199591,0.974938
88504,0.0166677,59.8917953446507,0.9643973,0.4502179,-0.582505,0.1601479,0.1417444,-0.06187206,0.9749016
88508,0.0166669,59.9084622450173,0.9644789,0.4499808,-0.5823328,0.160865,0.1416287,-0.06159099,0.9748181
88512,0.0166672,59.9251294452697,0.9645891,0.4496655,-0.5821664,0.1616178,0.1415525,-0.06140376,0.9747165
88514,0.0166663,59.9417957458645,0.9646571,0.449511,-0.5820909,0.1620263,0.1415414,-0.06136538,0.9746527
88518,0.0166674,59.95846314542,0.9647495,0.4493343,-0.5820013,0.1624657,0.141548,-0.06133966,0.9745802
88522,0.0166672,59.9751303456724,0.9649491,0.4490142,-0.5818552,0.1632411,0.1416418,-0.06134716,0.9744365
88524,0.0166666,59.991796946153,0.965089,0.4488665,-0.5817845,0.163633,0.1417459,-0.06135987,0.9743549
88528,0.0166681,60.0084650460631,0.9653617,0.4486322,-0.5816852,0.1641901,0.1419961,-0.06147581,0.9742174
88532,0.0166657,60.0251307468861,0.9656594,0.4483964,-0.5816368,0.1647393,0.1424233,-0.06170436,0.9740478
88534,0.0167332,60.0418639462441,0.9658331,0.448287,-0.5815977,0.1649955,0.1426845,-0.06185676,0.9739566
88538,0.0166935,60.058557447046,0.9661708,0.4481451,-0.5816181,0.1653673,0.1432901,-0.06218961,0.9737834
88542,0.016641,60.0751984473318,0.9663536,0.4480955,-0.5816274,0.1654951,0.1436494,-0.06237407,0.9736969
88544,0.0166693,60.0918677467853,0.9665589,0.4480394,-0.5816084,0.1655672,0.1440311,-0.06254765,0.9736171
88548,0.0166659,60.1085336469114,0.9668833,0.4480202,-0.5816676,0.1656102,0.144705,-0.06282118,0.9734923
88550,0.0166679,60.1252015475184,0.9670777,0.4479714,-0.581683,0.1656176,0.1451679,-0.06298575,0.9734115
88554,0.0166655,60.1418670471758,0.9674059,0.4479388,-0.5817953,0.1656517,0.1458748,-0.06324728,0.973283
88558,0.0166687,60.1585357468575,0.9676288,0.4479337,-0.5818717,0.1656758,0.1462452,-0.06341857,0.9732122
88562,0.0166663,60.1752020474523,0.967961,0.4479108,-0.581935,0.1657396,0.1469354,-0.06373205,0.9730769
88564,0.016668,60.1918700467795,0.9681384,0.447904,-0.5820045,0.1657215,0.1472856,-0.06388687,0.9730169
88568,0.0166653,60.2085353471339,0.9684265,0.4478501,-0.582121,0.1657528,0.1477968,-0.06420403,0.9729131
88572,0.0166689,60.2252042479813,0.9685796,0.447825,-0.5821919,0.1657832,0.1480002,-0.06439334,0.9728645
88574,0.0166656,60.2418698482215,0.9688004,0.4478014,-0.5823222,0.1658843,0.1482269,-0.06472716,0.9727906
88580,0.016669,60.2585388477892,0.9690263,0.4477188,-0.5824063,0.1660853,0.1483373,-0.06505261,0.9727178
88582,0.0166642,60.2752030473202,0.9691142,0.4476773,-0.5824893,0.1661683,0.1483665,-0.06519857,0.9726894
88584,0.0166709,60.2918739467859,0.9692223,0.4476393,-0.5825376,0.1662837,0.1483568,-0.06535192,0.9726608
88588,0.0166642,60.308538146317,0.9693202,0.4476462,-0.582625,0.1664402,0.1483345,-0.06567958,0.9726154
88592,0.0166676,60.3252057470381,0.9695016,0.4476445,-0.5827483,0.1665853,0.1483893,-0.06600162,0.9725604
88594,0.0166651,60.3418708462268,0.9695751,0.4476583,-0.5828413,0.1666743,0.1484634,-0.06617904,0.9725218
88600,0.0166701,60.3585409466177,0.9697348,0.4477682,-0.5830542,0.1667117,0.1487077,-0.0664986,0.9724563
88602,0.0168764,60.3754173461348,0.9698207,0.4478532,-0.5832362,0.1666086,0.1488649,-0.06661821,0.9724417
88606,0.0166704,60.3920877464116,0.9699281,0.4480757,-0.5835387,0.1662737,0.1493312,-0.06673317,0.9724197
88608,0.0169017,60.4089894462377,0.9700246,0.4482113,-0.5837618,0.1659881,0.1496525,-0.06677195,0.9724164
88610,0.0166682,60.4256576467305,0.9700794,0.4483544,-0.5840182,0.1656336,0.1500482,-0.06681141,0.9724132
88614,0.016667,60.4423246458173,0.9701858,0.4486926,-0.5844151,0.165009,0.150816,-0.06689467,0.9723948
88620,0.0166673,60.4589919466525,0.9703333,0.4491132,-0.5850207,0.164175,0.1516207,-0.06695338,0.9724068
88622,0.0166653,60.4756572470069,0.9703953,0.4493448,-0.5853395,0.1636468,0.1520278,-0.06698397,0.9724302
88624,0.0166689,60.4923261478543,0.9704555,0.4496867,-0.5857942,0.1630386,0.1524637,-0.06703658,0.9724604
88628,0.0166659,60.5089920479804,0.9705423,0.4501313,-0.5864406,0.1620144,0.1531323,-0.06715948,0.9725181
88630,0.0166668,60.5256588477641,0.9705899,0.450406,-0.5868791,0.1613933,0.1535178,-0.06724478,0.9725547
88634,0.0166675,60.5423263479024,0.9706687,0.4509863,-0.5878043,0.1601824,0.1541601,-0.06743665,0.97264
88638,0.0166691,60.5589954480529,0.9706849,0.4512377,-0.5882717,0.1594625,0.1544106,-0.06754515,0.972711
88642,0.0166679,60.5756633486599,0.9706805,0.4518653,-0.5892009,0.1582619,0.1548019,-0.06775878,0.9728301
88644,0.0166661,60.592329448089,0.970738,0.4521353,-0.5897058,0.1575854,0.1549624,-0.06794253,0.9729015
88648,0.0166666,60.6089960485697,0.9708074,0.4528085,-0.5908033,0.1561873,0.1552788,-0.06824492,0.9730553
88650,0.0166667,60.6256627477705,0.9708334,0.4531341,-0.5913268,0.1554624,0.1554437,-0.06837818,0.9731358
88654,0.016667,60.6423297468573,0.9708473,0.4537626,-0.5924056,0.1539335,0.1556942,-0.06862893,0.9733211
88658,0.0166678,60.6589975468814,0.9708422,0.4541282,-0.593014,0.153127,0.1557887,-0.06873741,0.9734255
88662,0.0166661,60.6756636463106,0.9708364,0.4547509,-0.5940846,0.1516536,0.1559928,-0.0689971,0.9736051
88664,0.0166663,60.6923299469054,0.9708338,0.4551407,-0.5946897,0.1507394,0.1561005,-0.06912583,0.9737207
88668,0.0166675,60.7089974470437,0.9707941,0.455744,-0.5955924,0.1494413,0.1562084,-0.0692317,0.973896
88670,0.0166657,60.7256631478667,0.970735,0.4560555,-0.5960945,0.1489166,0.1561911,-0.06923243,0.973979
88676,0.0166682,60.7423313483596,0.9706249,0.4565962,-0.597055,0.1478383,0.1560544,-0.0691653,0.9741699
88678,0.0166671,60.7589984480292,0.9705555,0.4568312,-0.5974888,0.1473918,0.15598,-0.06908625,0.9742551
88682,0.0166671,60.7756655476987,0.9703741,0.4572569,-0.5983153,0.1465382,0.1557817,-0.06895889,0.9744246
88686,0.0166667,60.7923322468996,0.9701505,0.4576987,-0.599061,0.1457081,0.1555863,-0.06876835,0.9745938
88688,0.0196073,60.8119395468384,0.9700261,0.4579021,-0.5994435,0.1453427,0.1554923,-0.06864177,0.9746723
88692,0.0166773,60.8286168463528,0.9698121,0.4582945,-0.6001632,0.1446982,0.1552476,-0.06835914,0.974827
88694,0.0166588,60.8452756460756,0.9696519,0.458432,-0.6004541,0.1444258,0.155084,-0.0682031,0.9749044
88700,0.0166672,60.861942846328,0.9693676,0.4587586,-0.6010586,0.1438877,0.1547519,-0.06792394,0.9750562
88702,0.0166684,60.8786112461239,0.9691745,0.4588245,-0.6012875,0.1436573,0.1545982,-0.06772071,0.9751287
88706,0.0166654,60.8952766451985,0.9688079,0.4590743,-0.601751,0.1432699,0.1542197,-0.06732542,0.975273
88708,0.0166673,60.9119439460337,0.968625,0.4591302,-0.6019071,0.143165,0.1540294,-0.0671324,0.9753317
88712,0.0166672,60.9286111462861,0.9682544,0.4592312,-0.6021081,0.1430804,0.1535923,-0.06670272,0.9754426
88714,0.0166663,60.9452774468809,0.9680299,0.4592037,-0.6021888,0.1430803,0.1533706,-0.06646178,0.9754939
88720,0.0166674,60.9619448464364,0.9676635,0.4590768,-0.6022414,0.1433518,0.152745,-0.0658467,0.9755939
88722,0.0166907,60.97863554582,0.9674806,0.4590032,-0.6022144,0.143583,0.1523985,-0.06557977,0.9756321
88726,0.0166706,60.9953061453998,0.9671145,0.4588021,-0.6020823,0.1441924,0.1517884,-0.06514882,0.9756662
88728,0.0166687,61.0119748450816,0.9669143,0.4587316,-0.6019764,0.1445586,0.1515007,-0.06495221,0.9756698
88732,0.0166646,61.0286394450814,0.966601,0.4584873,-0.6017452,0.1452497,0.1509849,-0.06461605,0.9756694
88736,0.0166663,61.0453057456762,0.9664544,0.4583658,-0.6015759,0.1456039,0.1507526,-0.06447087,0.9756622
88740,0.0166671,61.0619728453457,0.9661658,0.4581094,-0.601127,0.1462224,0.1503519,-0.06429974,0.9756429
88742,0.016667,61.0786398444325,0.9660311,0.4579989,-0.6009039,0.146532,0.1502035,-0.06424704,0.9756227
88746,0.0166666,61.0953064449131,0.9658271,0.4576889,-0.6003066,0.1472146,0.1499498,-0.06406477,0.975571
88748,0.0166938,61.1120002456009,0.9657441,0.4575595,-0.6000121,0.1475361,0.1498404,-0.06400248,0.9755433
88752,0.0166693,61.1286695450544,0.9656295,0.4572111,-0.5994489,0.1482682,0.1497043,-0.06385422,0.9754629
88754,0.0166652,61.145334744826,0.9656004,0.4570189,-0.5990992,0.1486599,0.149687,-0.06377459,0.9754111
88760,0.016667,61.1620017439127,0.965607,0.4565907,-0.5984554,0.1495324,0.1496968,-0.06363372,0.9752855
88762,0.0166666,61.1786683443934,0.9656169,0.4563378,-0.5980585,0.1500836,0.1497735,-0.06359186,0.9751917
88766,0.0166679,61.1953362450004,0.9657081,0.4559254,-0.5973607,0.1512184,0.1499889,-0.06356246,0.9749852
88768,0.0166665,61.2120027448982,0.9657733,0.4556882,-0.5970201,0.1517846,0.1501251,-0.06353558,0.974878
88772,0.0166684,61.2286711446941,0.9658836,0.4552284,-0.5962604,0.1528264,0.1503953,-0.06346223,0.9746784
88774,0.0166652,61.2453363444656,0.965964,0.4550141,-0.5958822,0.1533541,0.1505071,-0.06343612,0.9745799
88780,0.016673,61.262009344995,0.9661769,0.4545584,-0.5951309,0.1544201,0.1506934,-0.06342432,0.9743836
88782,0.0168805,61.2788898441941,0.9662687,0.4543365,-0.5947618,0.1550135,0.1507875,-0.06343444,0.9742741
88786,0.0166712,61.2955610435456,0.966461,0.4538096,-0.5939515,0.1562481,0.1509721,-0.06340544,0.9740502
88790,0.0186083,61.3141693435609,0.9666044,0.4533858,-0.5933303,0.1573693,0.1510829,-0.06339002,0.9738535
88794,0.0233416,61.3375109434128,0.9667899,0.4529118,-0.5926882,0.1585096,0.1510993,-0.06333078,0.9736698
88796,0.0166673,61.354178244248,0.9669074,0.4526841,-0.5922881,0.1590956,0.1510558,-0.06327384,0.9735847
88800,0.0166663,61.3708445448428,0.9670627,0.4522418,-0.5916318,0.1602755,0.1509368,-0.06323732,0.973412
88802,0.0166672,61.3875117450953,0.9671407,0.4519675,-0.5913449,0.1608702,0.1508479,-0.06321838,0.9733289
88808,0.0166668,61.404178544879,0.9673149,0.4515424,-0.5907936,0.1618813,0.150649,-0.06325769,0.9731895
88810,0.0166682,61.4208467453718,0.967376,0.4512838,-0.5905099,0.162483,0.1505315,-0.06331564,0.9731036
88814,0.0166669,61.4375136457384,0.9675295,0.4510025,-0.5900998,0.1632018,0.1503177,-0.06342847,0.9730091
88816,0.0166663,61.4541799463332,0.9676113,0.4508888,-0.5899259,0.1634236,0.150242,-0.06348525,0.9729798
88820,0.0166668,61.4708467461169,0.9677425,0.4507517,-0.5897158,0.1637971,0.1500462,-0.06360803,0.9729392
88824,0.0166668,61.4875135459006,0.9678307,0.4507369,-0.5896185,0.1639053,0.1499866,-0.06367703,0.9729257
88828,0.0166698,61.5041833464056,0.9680384,0.4507706,-0.589589,0.1639623,0.1500328,-0.06387559,0.9728959
88830,0.0197607,61.5239440463483,0.9681994,0.4507838,-0.5895755,0.1639758,0.1501543,-0.0640145,0.9728658
88834,0.0166679,61.5406119469553,0.9684284,0.4508702,-0.5896756,0.1638426,0.1504967,-0.06425288,0.9728196
88836,0.0166771,61.5572890471667,0.9685572,0.4509345,-0.5898116,0.1636651,0.150754,-0.06439044,0.9728006
88842,0.0166589,61.5739479474723,0.9687828,0.4511318,-0.590084,0.1631667,0.1513013,-0.06459577,0.9727857
88844,0.0166673,61.5906152483076,0.9689097,0.4512779,-0.5902741,0.1628409,0.151603,-0.06469562,0.9727867
88848,0.0166655,61.607280747965,0.9691311,0.4515303,-0.5907343,0.1621393,0.1521749,-0.06491133,0.9728002
88850,0.0166672,61.6239479482174,0.9692253,0.4517075,-0.5910411,0.1617914,0.1524425,-0.06501567,0.9728093
88854,0.0166669,61.6406148485839,0.9694101,0.452087,-0.5917021,0.1609835,0.1529502,-0.06520683,0.9728508
88856,0.0172978,61.6579126492143,0.9694624,0.4522819,-0.5920164,0.1605176,0.1531802,-0.06531681,0.9728842
88862,0.0166631,61.6745757497847,0.9695856,0.4527722,-0.5928324,0.1594587,0.1535086,-0.06551573,0.9729932
88864,0.0166704,61.6912461500615,0.9696443,0.4530644,-0.5933015,0.1587835,0.1536533,-0.06563511,0.9730727
88868,0.0166636,61.7079097498208,0.9696325,0.4536768,-0.5941324,0.157441,0.1538379,-0.06578729,0.9732514
88870,0.0166678,61.724577549845,0.9696302,0.4539603,-0.5945635,0.1568203,0.1538705,-0.06586935,0.9733409
88874,0.0166661,61.7412436492741,0.9695979,0.4546352,-0.5955664,0.1553821,0.1538798,-0.06609102,0.9735551
88878,0.0166668,61.7579104490578,0.9695535,0.4549262,-0.5961096,0.1547417,0.1538559,-0.06616148,0.9736561
88882,0.0166689,61.7745793499053,0.9695201,0.4555938,-0.5971803,0.1531568,0.1538218,-0.0663535,0.9738989
88884,0.0166719,61.7912512496114,0.9694869,0.4559179,-0.5977178,0.1524132,0.1537972,-0.06640806,0.9740157
88888,0.0166606,61.807911850512,0.9693519,0.4566188,-0.5988103,0.1508755,0.1536955,-0.06643627,0.9742692
88890,0.0166727,61.8245845511556,0.9692975,0.4569692,-0.5993653,0.1500616,0.1536937,-0.06644796,0.9743944
88894,0.0166644,61.8412489518523,0.969179,0.4576465,-0.6004518,0.1484956,0.1537515,-0.06657995,0.9746162
88896,0.0166714,61.8579203523695,0.9691332,0.4580365,-0.6010892,0.147682,0.1537913,-0.06667092,0.9747273
88902,0.0166607,61.8745810519904,0.9690332,0.4586392,-0.6021769,0.1462157,0.1539043,-0.06680738,0.9749212
88904,0.0166686,61.8912496510893,0.9689753,0.4589799,-0.6027282,0.1454241,0.1539823,-0.06688618,0.9750218
88908,0.0166662,61.9079158511013,0.9688478,0.4595874,-0.6038077,0.1439666,0.1541543,-0.066965,0.9752055
88910,0.016667,61.924582850188,0.9687858,0.4598921,-0.6043284,0.1432603,0.1542698,-0.066952,0.9752921
88914,0.0166663,61.9412491507828,0.96864,0.4604575,-0.6052958,0.1418605,0.1544633,-0.06692822,0.9754677
88916,0.0166683,61.9579174499959,0.9685768,0.4607577,-0.6058072,0.1412355,0.1545716,-0.06690082,0.9755432
88922,0.0166773,61.9745947495103,0.9684552,0.4611482,-0.6066769,0.1402062,0.1547795,-0.06685817,0.9756616
88924,0.0166683,61.9912630487233,0.9683659,0.4613214,-0.6071332,0.1397889,0.1548935,-0.06679048,0.9757081
88928,0.0170064,62.0082694478333,0.968248,0.4616321,-0.6079754,0.1391201,0.1551497,-0.06674142,0.9757662
88930,0.0166684,62.0249378476292,0.9681984,0.4617613,-0.6083929,0.1388528,0.1553306,-0.06672549,0.9757767
88934,0.0166658,62.0416036471725,0.9681712,0.4619889,-0.6091416,0.1385158,0.1557089,-0.06686059,0.975755
88938,0.0166685,62.0582721475512,0.9681646,0.4620809,-0.6095085,0.1383669,0.1559182,-0.06696693,0.9757354
88942,0.0166655,62.0749376472086,0.9682017,0.4622951,-0.6100972,0.137922,0.1563642,-0.06708719,0.9757187
88944,0.0166665,62.0916041471064,0.9682571,0.462428,-0.6103646,0.1375256,0.1566323,-0.06708089,0.9757321
88948,0.0166668,62.1082709468901,0.9683884,0.4626466,-0.610798,0.1369249,0.1572613,-0.0671396,0.9757114
88950,0.0166679,62.1249388474971,0.9684538,0.4627305,-0.610993,0.1368035,0.1575904,-0.06729928,0.9756644
88956,0.0166662,62.1416050475091,0.9686956,0.4627584,-0.6112704,0.1368519,0.1582083,-0.06755832,0.9755397
88958,0.0166672,62.1582722477615,0.9688249,0.4627624,-0.6114036,0.1369368,0.158488,-0.06766133,0.9754752
88962,0.0166672,62.1749394480139,0.9691417,0.4627138,-0.6115764,0.1370362,0.1590663,-0.0678679,0.9753528
88964,0.016667,62.1916064471006,0.969319,0.4626855,-0.6117338,0.1370697,0.1593156,-0.06799114,0.9752988
88968,0.0166669,62.2082733474672,0.9696625,0.4625661,-0.6118494,0.1373601,0.159822,-0.06833053,0.9751513
88970,0.0166681,62.2249414473772,0.9698298,0.4625111,-0.6119033,0.1375471,0.1600466,-0.06850317,0.975076
88976,0.0166652,62.2416066471487,0.9702646,0.4623214,-0.6120291,0.1379518,0.1604886,-0.06890786,0.9749177
88978,0.0166683,62.2582749463618,0.9704967,0.4622428,-0.6120325,0.1381192,0.1607102,-0.06907612,0.9748455
88982,0.0166663,62.2749412469566,0.9710028,0.4620781,-0.6119744,0.1384505,0.1612325,-0.0693724,0.9746913
88984,0.0166678,62.2916090469807,0.9712878,0.4619736,-0.6119233,0.1385811,0.1614547,-0.06950855,0.9746262
88988,0.0166665,62.3082755468786,0.9718748,0.4617858,-0.6117511,0.1388584,0.1619892,-0.06988762,0.9744709
88990,0.0166661,62.3249416463077,0.9722418,0.4616298,-0.6116933,0.139099,0.1622678,-0.07013089,0.9743728
88996,0.0166679,62.3416095469147,0.9728564,0.4613494,-0.6115322,0.1398839,0.1627518,-0.07058643,0.9741468
88998,0.0166675,62.358277047053,0.9732053,0.4611593,-0.6114303,0.1404426,0.1629716,-0.07089406,0.9740073
89002,0.016667,62.3749440461397,0.9738587,0.4608072,-0.6112901,0.1414593,0.1633964,-0.07140309,0.9737518
89004,0.0166665,62.3916105460376,0.9742135,0.4606098,-0.6112155,0.141975,0.163712,-0.07170762,0.9736013
89008,0.0166673,62.4082778468728,0.975085,0.4602152,-0.6110645,0.1427874,0.1643072,-0.07242438,0.9733292
89010,0.0166684,62.4249462466687,0.975501,0.4600309,-0.6109803,0.1431424,0.1646565,-0.07279216,0.9731905
89016,0.0166671,62.4416133463383,0.9764116,0.4596612,-0.6107702,0.1438083,0.1653638,-0.07359335,0.9729122
89018,0.0166761,62.4582894463092,0.9768845,0.4595029,-0.6106398,0.1441419,0.1657348,-0.07400817,0.9727681
89022,0.0166566,62.4749460462481,0.9778451,0.45924,-0.6104649,0.1446176,0.1664148,-0.07485075,0.972517
89024,0.0166658,62.4916118457913,0.9783012,0.4590908,-0.6103904,0.144785,0.1667053,-0.07524272,0.972412
89028,0.0166679,62.5082797463983,0.9793063,0.4587631,-0.6102237,0.1452834,0.1673155,-0.07624243,0.972155
89030,0.0166687,62.5249484460801,0.9797751,0.4585603,-0.6101934,0.145601,0.1675436,-0.07671928,0.9720307
89034,0.0166654,62.5416138451546,0.980828,0.4581682,-0.6100289,0.1464362,0.1679954,-0.07780617,0.9717408
89038,0.0166675,62.5582813452929,0.9813563,0.4580018,-0.6100051,0.1468155,0.1682057,-0.07835782,0.9716029
89042,0.0166666,62.5749479457736,0.9824381,0.4576556,-0.6099144,0.1474771,0.1686848,-0.07937548,0.971337
89044,0.0166685,62.5916164461523,0.9829458,0.4575073,-0.6098904,0.1477183,0.1689248,-0.07985888,0.971219
89048,0.0166667,62.6082831453532,0.9840178,0.4572586,-0.6098177,0.1482821,0.1694204,-0.08089821,0.9709607
89050,0.0166675,62.6249506454915,0.9845418,0.4571118,-0.6097968,0.1484923,0.1696377,-0.08132147,0.9708552
89054,0.0166666,62.6416172459722,0.9855153,0.4568497,-0.6097474,0.1488838,0.1699197,-0.08199319,0.9706895
89058,0.0166675,62.6582847461104,0.9859842,0.4567277,-0.6096788,0.1490808,0.1700253,-0.08226263,0.9706179
89062,0.0167748,62.6750595457852,0.986881,0.4565234,-0.6095951,0.1493719,0.1701229,-0.08265838,0.9705225
89064,0.0166669,62.6917264461517,0.9873145,0.456383,-0.6095387,0.1495476,0.1701517,-0.08281048,0.9704774
89068,0.0166667,62.7083931453526,0.9880753,0.4561325,-0.6094273,0.1500024,0.1700914,-0.08301957,0.9703999
89070,0.0166675,62.7250606454909,0.9884684,0.4559696,-0.6093799,0.1503086,0.1700101,-0.08310599,0.9703594
89074,0.0166674,62.7417280450463,0.9891267,0.4556395,-0.6093035,0.1510582,0.1697199,-0.08340663,0.970268
89078,0.0166667,62.7583947442472,0.9895021,0.4554965,-0.6092637,0.1514194,0.1695801,-0.08357845,0.9702213
89082,0.0166673,62.7750620450825,0.9902118,0.4552403,-0.6092085,0.1520233,0.1693898,-0.08390392,0.9701321
89084,0.016666,62.7917280457914,0.990556,0.4551343,-0.6091785,0.1523028,0.1693116,-0.084117,0.9700834
89088,0.0166669,62.8083949461579,0.9913492,0.4548287,-0.6091098,0.1528209,0.1692058,-0.08466314,0.9699729
89090,0.0166672,62.8250621464103,0.9917651,0.454693,-0.6090926,0.1530239,0.1692065,-0.08495749,0.969915
89094,0.0166665,62.8417286463082,0.9925575,0.4544136,-0.6090721,0.1534531,0.1692487,-0.08556541,0.9697864
89098,0.0166674,62.8583960458636,0.9929283,0.4543018,-0.6090471,0.1536304,0.1692796,-0.08585416,0.9697274
89102,0.0166669,62.8750629462302,0.9937153,0.4540398,-0.6089851,0.1541392,0.1692962,-0.08652151,0.9695845
89104,0.0166667,62.891729645431,0.9940618,0.453936,-0.6089953,0.154404,0.1692547,-0.08683503,0.9695215
89108,0.0166671,62.9083967451006,0.9947096,0.4536561,-0.6089665,0.1549383,0.1691397,-0.08747885,0.9693984
89110,0.0166678,62.9250645451248,0.9950326,0.4535169,-0.6089718,0.1552317,0.1690714,-0.08782709,0.9693319
89114,0.016666,62.9417305458337,0.9956226,0.4532645,-0.6088883,0.1557607,0.1689415,-0.08839636,0.969218
89118,0.0166675,62.958398045972,0.9959043,0.4531336,-0.6088613,0.155926,0.1688903,-0.08860128,0.9691817
89122,0.0166674,62.9750654455274,0.9964573,0.4529239,-0.60876,0.1563333,0.1687563,-0.08901872,0.9691011
89124,0.016666,62.9917314462364,0.996676,0.4527764,-0.6086742,0.1566342,0.1686341,-0.08922272,0.969055
89128,0.0166667,63.0083981454372,0.9971048,0.4525394,-0.6085088,0.1572104,0.1684462,-0.08959971,0.9689596
89130,0.0166671,63.0250652451068,0.9973187,0.4524132,-0.6084283,0.1575207,0.1683793,-0.08973861,0.968908
89134,0.0166668,63.0417320448905,0.9977555,0.4521579,-0.6082808,0.158165,0.168329,-0.08990955,0.9687959
89138,0.0166672,63.0583992451429,0.9979696,0.452029,-0.6082059,0.1584299,0.1683611,-0.08993248,0.9687449
89142,0.0166675,63.0750667452812,0.9983408,0.4518198,-0.6080278,0.1590362,0.1684243,-0.09001192,0.9686272
89144,0.0166663,63.091733045876,0.9984965,0.4516832,-0.6079403,0.1593973,0.1683707,-0.09000269,0.968578
89148,0.0166672,63.1084002461284,0.9986907,0.4514287,-0.6077716,0.1601422,0.1679298,-0.08987137,0.9685439
89150,0.0166673,63.1250675469637,0.9987133,0.4513448,-0.6076552,0.1604732,0.1675963,-0.08974998,0.9685581
89156,0.0166668,63.1417343467474,0.9986954,0.4511303,-0.607428,0.161167,0.16638,-0.0894258,0.9686826
89158,0.0166662,63.1584005467594,0.9986061,0.4510422,-0.6072896,0.1614056,0.1656972,-0.08926593,0.9687747
89162,0.0166672,63.1750677470118,0.9983752,0.4508901,-0.6069905,0.1619276,0.1639863,-0.08882145,0.9690195
89164,0.0166668,63.1917345467955,0.9982094,0.4508138,-0.606826,0.1621666,0.1631445,-0.08857253,0.9691444
89168,0.0166685,63.2084030471742,0.9977601,0.4506476,-0.6064972,0.1627768,0.1610622,-0.08793446,0.9694484
89170,0.0166659,63.2250689473003,0.9975367,0.4505388,-0.6063288,0.1630809,0.1599713,-0.08761707,0.9696066
89176,0.0166667,63.2417356465012,0.9969954,0.4503628,-0.6059416,0.1636314,0.1577192,-0.08702112,0.9699365
89178,0.0166672,63.2584028467536,0.9967154,0.4503092,-0.6057296,0.1639327,0.1564415,-0.08667187,0.9701238
89182,0.0166669,63.2750697471201,0.9962188,0.4501614,-0.6052855,0.164373,0.1544935,-0.08606847,0.9704151
89184,0.0166674,63.2917371466756,0.99595,0.4500945,-0.6050404,0.164608,0.1535765,-0.0857523,0.9705488
89188,0.0166663,63.3084034472704,0.9954793,0.4499155,-0.6046545,0.1650633,0.1521378,-0.0851581,0.9707504
89190,0.0166674,63.3250708468258,0.9952534,0.4497951,-0.6044855,0.1652943,0.15153,-0.08488018,0.9708305
89194,0.0166661,63.341736946255,0.9948824,0.4496327,-0.6040778,0.1657897,0.1504191,-0.08432419,0.9709672
89198,0.0166671,63.3584040459245,0.9947174,0.4495909,-0.603827,0.1660666,0.1499423,-0.08407975,0.9710149
89202,0.0166683,63.3750723451376,0.9944539,0.4494762,-0.6034517,0.1664791,0.1492599,-0.08371864,0.9710805
89204,0.0166655,63.391737844795,0.9943257,0.4493927,-0.6032546,0.1666895,0.1490081,-0.08357182,0.9710957
89208,0.016668,63.4084058441222,0.9941217,0.4491729,-0.6028768,0.1671088,0.1486754,-0.08338686,0.9710906
89210,0.0175928,63.4259986449033,0.9940323,0.4490989,-0.6027399,0.1673394,0.148545,-0.08332383,0.9710763
89214,0.0166666,63.442665245384,0.993878,0.4488771,-0.6024125,0.1679004,0.1484419,-0.08325339,0.9710012
89220,0.0166701,63.4593353457749,0.9937755,0.4486473,-0.6020638,0.1684691,0.1485595,-0.08321641,0.9708879
89222,0.0179055,63.477240845561,0.9937435,0.4485135,-0.6018915,0.1687561,0.1486734,-0.08319032,0.9708229
89224,0.0166689,63.4939097464085,0.9937196,0.4483567,-0.6017317,0.1690646,0.1487918,-0.08318772,0.9707513
89228,0.0166717,63.5105814468116,0.9937407,0.4481002,-0.6014592,0.1697019,0.1491144,-0.08321674,0.9705881
89230,0.0166623,63.5272437464446,0.9937482,0.4479568,-0.6013268,0.1699659,0.14931,-0.08322778,0.9705108
89236,0.0166664,63.5439101457596,0.9938136,0.4476906,-0.6010493,0.1705831,0.1496925,-0.08324626,0.970342
89238,0.0166678,63.5605779457837,0.9938503,0.4475416,-0.600927,0.1708949,0.1498931,-0.08324798,0.9702561
89242,0.016666,63.5772439464927,0.9938418,0.4473122,-0.6006731,0.171378,0.1502612,-0.08319844,0.9701182
89244,0.0166768,63.5939207468182,0.993857,0.4472251,-0.6005618,0.1715599,0.1504182,-0.08314769,0.970066
89248,0.0166664,63.6105871461332,0.9938279,0.4471036,-0.6003218,0.1717907,0.1505353,-0.08299407,0.9700202
89250,0.0166861,63.6272732466459,0.9937961,0.4470755,-0.6002147,0.1718343,0.1504916,-0.08289368,0.9700278
89256,0.0166622,63.6439354475588,0.9937074,0.4470113,-0.6000168,0.1718172,0.1502404,-0.08272082,0.9700845
89258,0.0166673,63.660602748394,0.9936373,0.4470123,-0.5999099,0.1717939,0.1500347,-0.0825791,0.9701326
89262,0.0166666,63.6772693488747,0.9934759,0.4470517,-0.5997293,0.1716326,0.1493532,-0.08232328,0.970288
89264,0.0166671,63.6939364485443,0.9933952,0.4470838,-0.5995836,0.1714994,0.1488462,-0.0821895,0.9704008
89268,0.0166663,63.7106027491391,0.9931669,0.4471954,-0.5993899,0.171132,0.1478306,-0.08197886,0.9706387
89270,0.0166688,63.7272715494037,0.9930571,0.4472488,-0.5992953,0.1709247,0.147288,-0.08186579,0.9707672
89274,0.0166651,63.7439366485924,0.9928808,0.4473725,-0.599167,0.1706019,0.1463163,-0.081691,0.9709857
89278,0.0166673,63.7606039494276,0.9927912,0.4474302,-0.5990872,0.1704035,0.1458921,-0.08161687,0.9710906
89282,0.016667,63.7772709485143,0.9926659,0.4475611,-0.598968,0.1700206,0.1451913,-0.08150468,0.9712721
89284,0.0166681,63.7939390484244,0.9926172,0.44762,-0.5989423,0.1697855,0.1448655,-0.08146501,0.9713652
89288,0.0166663,63.8106053490192,0.992527,0.4477366,-0.598829,0.1693037,0.1444341,-0.08122983,0.9715332
89290,0.0166687,63.8272740487009,0.9924916,0.4477928,-0.5987618,0.1690875,0.1442779,-0.08108231,0.9716064
89296,0.0166654,63.8439394477755,0.9923816,0.4478665,-0.5986613,0.1686706,0.1439718,-0.08078881,0.9717487
89298,0.0166672,63.8606066480279,0.992322,0.4478779,-0.5985882,0.1684944,0.1438651,-0.08070306,0.9718022
89302,0.0166666,63.8772732485086,0.9921884,0.4480138,-0.5984297,0.1681601,0.1435654,-0.08063195,0.9719104
89304,0.0174361,63.8947093486786,0.9921269,0.4480559,-0.598353,0.167991,0.1433878,-0.0806023,0.9719683
89308,0.0166679,63.9113772492856,0.9920033,0.4481252,-0.5982388,0.1676799,0.1429951,-0.08054091,0.9720849
89310,0.0166665,63.9280437491834,0.9919137,0.4481737,-0.5981558,0.1675936,0.1427408,-0.08053195,0.9721379
89316,0.0166667,63.9447104483843,0.9917358,0.4482204,-0.59806,0.167565,0.1422705,-0.08054613,0.9722106
89318,0.0166668,63.961377248168,0.9916483,0.4482321,-0.5980306,0.167599,0.1420429,-0.08057741,0.9722354
89322,0.0166678,63.9780450481921,0.9914745,0.4482709,-0.5980226,0.167668,0.1417135,-0.08059728,0.97227
89324,0.0166664,63.9947114475071,0.9913768,0.4482822,-0.598029,0.1676509,0.1415765,-0.08056071,0.9722959
89328,0.0166665,64.011377947405,0.9911927,0.448335,-0.5980331,0.1675302,0.1414576,-0.08040436,0.972347
89330,0.016667,64.0280449464917,0.991075,0.4483817,-0.598031,0.1674784,0.1414559,-0.08030806,0.972364
89336,0.0166669,64.0447118468583,0.9908267,0.4484658,-0.5980935,0.1673945,0.1415993,-0.08006278,0.9723779
89338,0.016667,64.061378845945,0.9907377,0.4485174,-0.5980874,0.1673851,0.1416922,-0.07989988,0.9723794
89342,0.0166666,64.0780454464257,0.9904896,0.4486074,-0.5981228,0.1673938,0.1418852,-0.0795275,0.9723802
89344,0.0166676,64.0947130471468,0.9903461,0.4486224,-0.5981548,0.1673912,0.1419698,-0.07930864,0.9723862
89348,0.0166663,64.1113793477416,0.9900308,0.448678,-0.5982167,0.1674158,0.1420693,-0.07888785,0.9724017
89350,0.0166678,64.1280471477658,0.9898453,0.4487548,-0.5982774,0.1674028,0.142084,-0.07862687,0.9724229
89356,0.0166664,64.1447135470808,0.9895287,0.4488266,-0.598353,0.1672833,0.1419827,-0.07819819,0.9724928
89358,0.0166663,64.1613798476756,0.9893364,0.4489019,-0.5983937,0.1671865,0.1418516,-0.07796142,0.9725476
89362,0.0166684,64.1780482474715,0.988895,0.4490736,-0.5984545,0.1669201,0.1415114,-0.07743365,0.9726851
89364,0.0166658,64.1947140470147,0.9886397,0.4491481,-0.5984968,0.166799,0.1412816,-0.07717305,0.97276
89368,0.0166669,64.2113809473813,0.9881331,0.4492916,-0.598578,0.1666207,0.1407201,-0.07665649,0.9729127
89370,0.0166667,64.2280476465821,0.9878614,0.4493726,-0.5986096,0.1665182,0.1403329,-0.07634831,0.9730105
89374,0.0166675,64.2447151467204,0.9873338,0.4495406,-0.5986816,0.1662153,0.1396345,-0.07592366,0.9731959
89378,0.0166672,64.2613823469728,0.9870759,0.4496643,-0.5987242,0.1660302,0.1393007,-0.07572756,0.9732906
89382,0.0166664,64.2780487462878,0.9866041,0.4498362,-0.5987527,0.1656059,0.138733,-0.07525545,0.9734806
89384,0.0166678,64.294716546312,0.9863632,0.4499249,-0.5987836,0.1654344,0.1384788,-0.07498094,0.9735671
89388,0.0166667,64.3113832455128,0.9859343,0.4501348,-0.5988845,0.1652015,0.1380382,-0.07446065,0.9737092
89390,0.0166665,64.3280497454107,0.9856735,0.4502352,-0.5989221,0.1650261,0.1377614,-0.07414268,0.9738024
89394,0.0166668,64.3447165451944,0.9852523,0.4504113,-0.5990371,0.1646731,0.1372981,-0.07363915,0.9739658
89398,0.0166666,64.3613831456751,0.9850582,0.4505019,-0.5990304,0.1644927,0.1371057,-0.07341666,0.9740402
89402,0.0166675,64.3780506458133,0.9846599,0.4506594,-0.5991006,0.1641675,0.1367784,-0.07301653,0.9741711
89404,0.016668,64.3947186451405,0.9844568,0.4507645,-0.599133,0.1639741,0.1366372,-0.07281539,0.9742386
89408,0.0166653,64.4113839454949,0.9841182,0.4509451,-0.5991971,0.1635232,0.1363324,-0.0724054,0.9743876
89410,0.0166677,64.4280516449362,0.9839607,0.451038,-0.5992227,0.1633052,0.1362046,-0.07223325,0.9744548
89414,0.016667,64.4447186440229,0.9836081,0.451295,-0.599318,0.1626898,0.1358335,-0.07182005,0.97464
89418,0.0166662,64.4613848440349,0.9834332,0.4514157,-0.5993516,0.1623321,0.1355918,-0.07158945,0.9747503
89422,0.0166671,64.4780519437045,0.9830343,0.4517128,-0.5994215,0.1616183,0.1349471,-0.07111552,0.9749931
89424,0.0166672,64.4947191439569,0.982828,0.4519108,-0.5994573,0.1611718,0.1344797,-0.07083301,0.9751521
89428,0.0166666,64.5113857444376,0.9823575,0.4522323,-0.5995952,0.160224,0.1333819,-0.07032796,0.9754956
89430,0.0166668,64.5280525442213,0.9821036,0.4523882,-0.599622,0.1597317,0.1326853,-0.07009885,0.9756877
89434,0.0166674,64.5447199437767,0.9815562,0.4527182,-0.5996981,0.1588284,0.1311413,-0.06973682,0.9760699
89438,0.0166665,64.5613864436746,0.9812589,0.4528852,-0.5997363,0.1583719,0.1302825,-0.06957925,0.9762703
89442,0.016667,64.5780534427613,0.9806992,0.4532152,-0.5998124,0.1575357,0.128686,-0.06926202,0.9766398
89444,0.0166677,64.5947211422026,0.9803454,0.4534513,-0.5998686,0.1569972,0.1276885,-0.06905749,0.9768718
89448,0.0166668,64.6113879419863,0.979718,0.4539131,-0.5999109,0.1558223,0.1256799,-0.06855687,0.9773556
89450,0.0166671,64.6280550416559,0.9792534,0.454232,-0.5999719,0.1549452,0.1242715,-0.06818216,0.9777013
89454,0.016667,64.6447220407426,0.9783884,0.454845,-0.6000022,0.1531351,0.1214325,-0.06746195,0.9783929
89458,0.0166666,64.6613886412233,0.9778159,0.455262,-0.600017,0.1519883,0.1196306,-0.06704157,0.9788225
89462,0.016667,64.67805564031,0.9767241,0.4560297,-0.6001018,0.1493274,0.1155639,-0.06595763,0.9797938
89464,0.0166668,64.6947224400938,0.9759928,0.4565969,-0.600152,0.1477184,0.1129971,-0.06513979,0.9803916
89468,0.0166671,64.7113895397633,0.9745408,0.4577356,-0.6002013,0.1441046,0.107471,-0.06347191,0.9816594
89470,0.0167931,64.7281826399267,0.9736336,0.4584741,-0.6003039,0.1417816,0.1040074,-0.06258578,0.9824274
89476,0.016667,64.7448496390134,0.9717524,0.4599086,-0.6004851,0.1374077,0.09710887,-0.06102882,0.9838519
89478,0.0166671,64.761516738683,0.97073,0.4606622,-0.6005896,0.1354688,0.09382892,-0.06030579,0.9844834
89482,0.0166671,64.7781838383526,0.9685138,0.4622963,-0.6008691,0.1309749,0.08571817,-0.05866491,0.9859292
89484,0.016668,64.7948518376797,0.9672987,0.4631252,-0.6010449,0.1287217,0.08130392,-0.05785016,0.9866478
89488,0.0166657,64.8115175385028,0.9646088,0.4648821,-0.6015794,0.1240074,0.07177748,-0.05623926,0.9880826
89492,0.0166786,64.8281961381435,0.9618336,0.4665596,-0.602212,0.1194109,0.0622125,-0.05462173,0.9893873
89494,0.0183322,64.8465283382684,0.9605364,0.4673414,-0.6025684,0.1173258,0.05785437,-0.05385286,0.9899431
89500,0.0166683,64.8631966374815,0.9575658,0.4690746,-0.6034789,0.1125481,0.04812394,-0.05189411,0.9911226
89502,0.0166662,64.8798628374934,0.9561169,0.4699255,-0.603963,0.1101743,0.04357505,-0.05086488,0.991653
89506,0.0166677,64.8965305369347,0.9532781,0.4716763,-0.6050113,0.1051039,0.03489344,-0.04873961,0.9926531
89508,0.0166662,64.9131967369467,0.9518034,0.4725848,-0.6056241,0.1023784,0.03067749,-0.04758095,0.9931332
89512,0.0166672,64.9298639371991,0.9490548,0.4743045,-0.6069149,0.09681591,0.02314303,-0.04527575,0.9940026
89514,0.0166672,64.9465311374515,0.9477906,0.4751684,-0.6075616,0.09404747,0.01978293,-0.04410047,0.9943938
89520,0.0166667,64.9631978366524,0.9451617,0.4769511,-0.6090389,0.08802745,0.01314794,-0.04164841,0.9951602
89522,0.0166668,64.9798646364361,0.9439285,0.4778447,-0.6097782,0.08458512,0.009822855,-0.04033225,0.9955512
89526,0.016669,64.9965336360037,0.9413338,0.4797625,-0.6115872,0.07850575,0.004592758,-0.03809096,0.9961751
89528,0.0166645,65.0131981354207,0.9402839,0.4805677,-0.6123763,0.07583044,0.002470861,-0.03716759,0.9964247
89532,0.0166681,65.0298662353307,0.9380413,0.4823101,-0.6142516,0.07011346,-0.001581783,-0.03507517,0.9969209
89534,0.0166661,65.0465323347598,0.9370329,0.483116,-0.615153,0.06759147,-0.00314817,-0.03412019,0.9971246
89540,0.0166676,65.063199935481,0.9350299,0.4847305,-0.6171371,0.06246171,-0.00595182,-0.03207564,0.9975141
89542,0.016669,65.0798689350486,0.9341313,0.485434,-0.6180243,0.06022834,-0.006850662,-0.03106878,0.9976775
89546,0.0166645,65.0965334344655,0.9323971,0.4869248,-0.6199933,0.05591336,-0.008295286,-0.0290308,0.997979
89548,0.016667,65.1132004335523,0.9315412,0.4876191,-0.6209983,0.0538273,-0.008678725,-0.02793079,0.9981219
89552,0.0166669,65.1298673339188,0.930002,0.4889209,-0.6229641,0.05030263,-0.008866909,-0.02600124,0.9983562
89554,0.0166666,65.1465339343995,0.9293255,0.4894466,-0.6238726,0.04884274,-0.008774182,-0.02516094,0.998451
89560,0.0166671,65.1632010340691,0.9279868,0.4904254,-0.6257757,0.04596008,-0.00817554,-0.02350055,0.9986334
89562,0.0167275,65.1799285337329,0.9273189,0.4908877,-0.6267316,0.04451253,-0.007717952,-0.02265223,0.9987222
89566,0.0166683,65.1965968329459,0.9261708,0.4916942,-0.6285955,0.04182582,-0.006463462,-0.02096432,0.9988841
89568,0.0166666,65.2132634334266,0.9256761,0.4920324,-0.6294177,0.04078713,-0.005808463,-0.02026312,0.9989455
89572,0.0166672,65.229930633679,0.9248067,0.4926421,-0.6310557,0.03893311,-0.004139011,-0.01866352,0.999059
89574,0.0166665,65.2465971335769,0.9244204,0.4928604,-0.631857,0.03828152,-0.003197607,-0.01784127,0.9991026
89580,0.016668,65.2632651329041,0.9238544,0.4931245,-0.6332536,0.03780098,-0.001246925,-0.01622981,0.9991527
89582,0.0166658,65.2799309324473,0.9236622,0.4931885,-0.633975,0.03784648,-0.000186011,-0.01539782,0.9991649
89586,0.0166672,65.2965981326997,0.9234362,0.4931024,-0.6352419,0.03853258,0.001938904,-0.01370591,0.9991615
89588,0.0166664,65.3132645320147,0.9234093,0.4929759,-0.6358936,0.03909366,0.002957048,-0.01294453,0.9991474
89592,0.0166683,65.3299328312278,0.9235721,0.4926919,-0.636993,0.04048302,0.004879187,-0.01170768,0.9990997
89594,0.0166659,65.3465987313539,0.9237401,0.4924357,-0.637501,0.04140319,0.005919909,-0.0111918,0.9990623
89600,0.0166673,65.3632660321891,0.9242792,0.4918586,-0.6382603,0.04358971,0.007931272,-0.01036116,0.9989643
89602,0.0166669,65.3799329325557,0.9246576,0.4914394,-0.6386551,0.04505841,0.00898178,-0.009932202,0.9988946
89606,0.0166674,65.3966003321111,0.9253866,0.490369,-0.6393866,0.04837023,0.01081462,-0.00933016,0.9987274
89608,0.016666,65.4132663328201,0.9258745,0.4898167,-0.6397108,0.05066299,0.01175796,-0.009045827,0.9986057
89612,0.0166669,65.4299332331866,0.9270421,0.4884402,-0.6402354,0.05528354,0.01344546,-0.008781662,0.9983416
89614,0.0166666,65.4465998336673,0.9276401,0.4877048,-0.6403833,0.05783764,0.01428414,-0.008651152,0.9981863
89620,0.0166671,65.4632669333369,0.929056,0.4861549,-0.6405839,0.06295708,0.01574744,-0.008262031,0.9978578
89624,0.0166671,65.4799340330064,0.9306681,0.4846795,-0.64052,0.06737503,0.01668566,-0.007893598,0.997557
89626,0.0184277,65.4983617328107,0.9315195,0.4839664,-0.6404474,0.06900379,0.01699716,-0.007802319,0.9974411
89630,0.016667,65.5150287318975,0.9332872,0.4826443,-0.6401533,0.0722011,0.01719883,-0.007816192,0.9972112
89632,0.0166664,65.5316951312125,0.9343036,0.4819376,-0.6399723,0.07380915,0.01713056,-0.007948359,0.9970936
89636,0.0166688,65.5483639314771,0.9363533,0.480514,-0.6396102,0.0769523,0.01650478,-0.008451643,0.9968624
89638,0.0173356,65.5656995307654,0.9374866,0.4797949,-0.63938,0.07876727,0.01594911,-0.008863533,0.996726
89644,0.0166681,65.5823676306754,0.939674,0.4783879,-0.6388562,0.08216126,0.01447124,-0.009924364,0.9964646
89646,0.0166659,65.5990335308015,0.9408891,0.4776178,-0.6385339,0.08403911,0.0134592,-0.01059705,0.9963152
89650,0.0166713,65.6157048307359,0.9433454,0.4760872,-0.6377569,0.08782402,0.01115351,-0.01197585,0.9960016
89652,0.0166753,65.6323801316321,0.944558,0.4753602,-0.6373571,0.08979798,0.009795689,-0.01270285,0.9958308
89656,0.0166696,65.6490497309715,0.9472549,0.4738583,-0.6364015,0.09312043,0.007002783,-0.01404209,0.9955312
89658,0.0188149,65.6678646318614,0.9486346,0.4731461,-0.6358696,0.09476155,0.005423222,-0.01483036,0.9953748
89664,0.0166698,65.6845344323665,0.9516638,0.4716493,-0.6346558,0.09828255,0.002086955,-0.0166719,0.9950167
89666,0.0166668,65.7012012321502,0.9531864,0.4709291,-0.6341019,0.1001605,0.0005484732,-0.01765825,0.9948145
89670,0.016673,65.7178742326796,0.9561906,0.4695026,-0.6330321,0.1041366,-0.002034191,-0.01958388,0.9943681
89672,0.0166598,65.7345340326428,0.9577263,0.4688124,-0.6325304,0.1066487,-0.003252446,-0.02069364,0.9940761
89676,0.0166675,65.7512015327811,0.960928,0.4674155,-0.6314524,0.111292,-0.005102928,-0.02254877,0.9935188
89680,0.0166661,65.7678676322103,0.9626203,0.4667312,-0.6308896,0.1132885,-0.005821347,-0.02328903,0.9932721
89684,0.0166676,65.7845352329314,0.9658735,0.4655356,-0.6296639,0.1174292,-0.007081067,-0.02467394,0.9927495
89686,0.0166667,65.8012019321322,0.9674478,0.4650076,-0.629025,0.1191354,-0.007681746,-0.02520478,0.9925283
89690,0.0166678,65.8178697321564,0.9706295,0.4640433,-0.6275874,0.1219932,-0.00897643,-0.02599198,0.9921499
89692,0.0166661,65.8345358315855,0.9723053,0.4635448,-0.6267658,0.1231998,-0.009728875,-0.02633969,0.9919846
89696,0.0166671,65.8512029312551,0.9753799,0.4626646,-0.6251612,0.1253248,-0.01149316,-0.02694433,0.9916832
89700,0.0166675,65.8678704313934,0.9769577,0.462206,-0.6243538,0.1263813,-0.01249755,-0.0272178,0.9915295
89704,0.0166664,65.8845368307084,0.9800647,0.4611968,-0.6226611,0.1285553,-0.01476619,-0.02769919,0.9912055
89706,0.0166714,65.9012082312256,0.9816522,0.4607246,-0.6217641,0.1297565,-0.01630775,-0.02806328,0.9910145
89710,0.0166636,65.917871830985,0.9844602,0.4599628,-0.6201156,0.1317315,-0.01944361,-0.02897594,0.9906711
89712,0.0166678,65.9345396310091,0.9858221,0.4596153,-0.6192301,0.1326319,-0.02114156,-0.02957562,0.9904984
89716,0.0166658,65.9512054305524,0.9885021,0.4590717,-0.6173436,0.134239,-0.02521291,-0.03111724,0.9901394
89718,0.0173125,65.9685179311782,0.9897135,0.4588537,-0.6164349,0.1347951,-0.02719967,-0.03184251,0.9899881
89724,0.0166688,65.9851867314428,0.9921073,0.4585515,-0.6144375,0.1358102,-0.03159764,-0.03343442,0.9896663
89726,0.0166678,66.001854531467,0.9931366,0.4584701,-0.6135125,0.1361449,-0.03377964,-0.03420057,0.989522
89730,0.0166655,66.0185200311244,0.9952657,0.4583422,-0.6114911,0.1366892,-0.03882976,-0.03598432,0.9891984
89732,0.016667,66.0351870302111,0.9961928,0.4583655,-0.6105062,0.1368192,-0.04128982,-0.03688166,0.9890478
89736,0.0166671,66.0518541298807,0.9981312,0.4584535,-0.608454,0.1368084,-0.04677644,-0.0390141,0.9887231
89738,0.0166674,66.0685215294361,0.9989896,0.4585029,-0.60748,0.1366717,-0.04967228,-0.04025106,0.9885511
89744,0.0166674,66.0851889289916,1.000622,0.4587718,-0.6054886,0.1361453,-0.05490173,-0.04261685,0.988248
89746,0.0166664,66.1018553283066,1.001364,0.4589121,-0.6045592,0.1357612,-0.05755809,-0.04382291,0.988097
89750,0.0166671,66.1185224279761,1.002829,0.4593124,-0.6027093,0.1348011,-0.06243919,-0.0459675,0.9878345
89752,0.0166669,66.1351893283427,1.003535,0.4595386,-0.6017802,0.1340944,-0.06492065,-0.04705013,0.9877198
89756,0.0166668,66.1518561281264,1.004854,0.4600686,-0.6000287,0.132226,-0.06959984,-0.04909849,0.9875533
89758,0.0166659,66.1685220282525,1.005471,0.4603601,-0.5992354,0.1311218,-0.07205611,-0.05037509,0.9874601
89764,0.0166675,66.1851895283908,1.006615,0.4608958,-0.5977699,0.1292142,-0.07604907,-0.05291102,0.9872794
89766,0.0166673,66.201856829226,1.007192,0.4611388,-0.5971247,0.1284501,-0.07780178,-0.05423212,0.9871709
89770,0.0166665,66.2185233291239,1.008275,0.4615116,-0.5960203,0.1273051,-0.08074953,-0.05659233,0.98695
89772,0.0166679,66.2351912297308,1.008886,0.4617289,-0.5954993,0.1267078,-0.08223096,-0.05787957,0.9868299
89776,0.0166671,66.2518583294004,1.010064,0.4621114,-0.5946538,0.1256709,-0.08432432,-0.06010866,0.9866526
89778,0.0166677,66.2685260288417,1.010689,0.4622722,-0.5942991,0.1252465,-0.08504298,-0.06116144,0.9865801
89784,0.0166666,66.2851926293224,1.012031,0.462571,-0.5937564,0.1245212,-0.08577771,-0.06326354,0.9864758
89786,0.0166672,66.3018598295748,1.012635,0.4626739,-0.5935954,0.1242741,-0.08573166,-0.06415682,0.9864532
89790,0.0166671,66.3185269292444,1.014152,0.4629072,-0.5933812,0.1237589,-0.08489025,-0.06585886,0.9864786
89792,0.016668,66.3351949285716,1.014892,0.4629591,-0.5933332,0.1235,-0.08413441,-0.06657888,0.9865275
89796,0.0166656,66.3518605288118,1.01659,0.4630762,-0.5934414,0.1228148,-0.08150288,-0.06829457,0.9867166
89798,0.0166664,66.3685269281268,1.017406,0.4631142,-0.5935411,0.1224706,-0.07995677,-0.0690794,0.9868313
89804,0.0166671,66.3851940277964,1.019182,0.4631637,-0.5939157,0.1216156,-0.07563515,-0.07088742,0.9871494
89806,0.0166672,66.4018612280488,1.020031,0.4631499,-0.5941728,0.1212391,-0.07315954,-0.07174078,0.9873207
89810,0.0166666,66.4185278285295,1.021926,0.4630022,-0.5949728,0.1205771,-0.06791256,-0.07322185,0.9876678
89812,0.0166669,66.435194728896,1.022769,0.4628856,-0.5953978,0.1202549,-0.06495338,-0.07386711,0.9878581
89816,0.0166671,66.4518618285656,1.024503,0.4626476,-0.5964373,0.1196761,-0.05966117,-0.07473025,0.9881971
89820,0.0166671,66.4685289282352,1.02539,0.4624965,-0.5970361,0.1193881,-0.05676442,-0.0750838,0.9883758
89824,0.0166667,66.485195627436,1.027121,0.462133,-0.5983765,0.1189569,-0.05049113,-0.07566153,0.9887241
89826,0.0166677,66.5018633268774,1.027954,0.4620081,-0.5991436,0.1188742,-0.04783819,-0.07586011,0.9888507
89830,0.0166667,66.5185300260782,1.029627,0.4616044,-0.6007432,0.1187614,-0.04160579,-0.07636709,0.9891071
89832,0.0166662,66.5351962260902,1.030511,0.4613325,-0.6016207,0.1187629,-0.03887942,-0.07660862,0.9891991
89836,0.0166671,66.5518633257598,1.032013,0.4609401,-0.6032935,0.118834,-0.0328653,-0.0772643,0.9893577
89838,0.0166668,66.5685301255435,1.032835,0.4607169,-0.6043158,0.1189068,-0.02944085,-0.0776678,0.9894252
89844,0.0166669,66.58519702591,1.034296,0.4602289,-0.6063177,0.119081,-0.02271059,-0.07847275,0.989518
89846,0.0166667,66.6018637251109,1.034958,0.4600092,-0.6073674,0.1191977,-0.01931441,-0.078771,0.9895524
89850,0.0166681,66.6185318250209,1.036319,0.4595754,-0.6096219,0.1194697,-0.0123797,-0.07914095,0.9896012
89852,0.0166663,66.6351981256157,1.036969,0.4593068,-0.6108328,0.1195971,-0.008886514,-0.07923702,0.9896156
89856,0.0166667,66.6518648248166,1.038184,0.4588255,-0.6133392,0.1199251,-0.001804047,-0.07940257,0.989601
89860,0.0166693,66.6685341242701,1.038781,0.4585657,-0.614657,0.120169,0.001366376,-0.07944194,0.9895689
89864,0.0166666,66.6852007247508,1.039776,0.4580658,-0.6174338,0.120729,0.008463211,-0.07948457,0.989462
89866,0.0166667,66.7018674239516,1.040247,0.4578252,-0.6188598,0.1209598,0.0120175,-0.07948018,0.9893975
89870,0.016667,66.7185344230384,1.041085,0.4572983,-0.6215991,0.1212483,0.01918114,-0.07940583,0.9892551
89872,0.0166671,66.7352015227079,1.041512,0.4570662,-0.6231298,0.121309,0.02250664,-0.07928382,0.9891874
89876,0.0166664,66.7518679220229,1.042222,0.4566421,-0.6259535,0.1213925,0.0297098,-0.07886144,0.9890208
89878,0.0166673,66.7685352228582,1.042501,0.4564762,-0.6273972,0.1214374,0.03315372,-0.07858066,0.9889281
89884,0.0166687,66.7852039225399,1.04301,0.4561422,-0.6303163,0.1215422,0.03914268,-0.07796691,0.9887449
89886,0.0166666,66.8018705230206,1.04322,0.4559917,-0.6318583,0.1216902,0.04243701,-0.07758626,0.9886208
89890,0.0166657,66.8185362238437,1.043549,0.4556803,-0.6346189,0.1221452,0.0484237,-0.07693317,0.9883406
89892,0.0166669,66.8352031242102,1.043662,0.4555409,-0.6359669,0.12251,0.05121882,-0.07668409,0.9881738
89896,0.0166671,66.8518702238798,1.043851,0.4551319,-0.6387299,0.1235872,0.05659996,-0.07633581,0.987773
89898,0.0166669,66.8685371242464,1.043907,0.454864,-0.6400597,0.1242982,0.05916812,-0.07627011,0.9875383
89904,0.0166672,66.8852043244988,1.04403,0.4542283,-0.6428685,0.1259562,0.06425318,-0.07637418,0.9870023
89906,0.0166661,66.9018704239279,1.044072,0.4539368,-0.6440735,0.1268109,0.06645696,-0.07653927,0.9867342
89910,0.0166673,66.9185377247632,1.044095,0.4532289,-0.6465894,0.1288624,0.07151707,-0.07704095,0.9860753
89912,0.0166669,66.9352046251297,1.044115,0.4529092,-0.6477805,0.129827,0.07407667,-0.07745533,0.9857273
89916,0.0166668,66.9518714249134,1.044209,0.4520535,-0.6501581,0.1318444,0.07929294,-0.07829186,0.9849874
89918,0.0166668,66.9685382246971,1.044279,0.4516177,-0.6512838,0.1330535,0.08232312,-0.07887739,0.9845294
89924,0.0166676,66.9852058254182,1.044451,0.4506584,-0.6536077,0.1355666,0.08854556,-0.08013369,0.9835446
89926,0.0166665,67.0018723253161,1.044555,0.450136,-0.65475,0.1368087,0.09165386,-0.0808461,0.9830294
89930,0.0166674,67.0185397248715,1.044818,0.4492506,-0.6568561,0.1388734,0.09838042,-0.08268628,0.9819361
89932,0.0166664,67.0352061241865,1.04497,0.4488285,-0.6578639,0.1397958,0.1023494,-0.08384265,0.9813012
89936,0.0166682,67.0