F,DT,T,tau1,tau2,tau3,tau4,tau5,tau6,tau7,con_x,con_y,con_z
0,0.1168897,0.116889700293541,0.0105939507484436,-22.1813144683838,0.934786021709442,16.5366668701172,0.565876126289368,1.97472298145294,0.360878765583038,0.0633556748809295,2.25003062125899,1.1856483290064
0,0.1091945,0.226084202528,0.0859723687171936,-22.1575107574463,0.982393443584442,16.4374847412109,0.559467434883118,1.93535530567169,0.354470074176788,0.0115342966222074,2.25607388906925,1.06681511719682
0,0.1114396,0.337523803114891,0.0343976616859436,-22.0067539215088,0.958589732646942,16.1637420654297,0.571369290351868,1.92162239551544,0.386513531208038,-0.483993634339765,2.23873872711002,1.22495703104384
0,0.1065036,0.444027401506901,0.161350786685944,-22.105936050415,1.01016449928284,16.4374847412109,0.571369290351868,1.99394905567169,0.316017925739288,-0.521331431388919,2.17583088741231,1.05635875230541
0,0.1107651,0.554792501032352,0.109776079654694,-21.7607822418213,0.982393443584442,15.9891805648804,0.553974270820618,1.96831429004669,0.289467632770538,-0.700781329963565,2.01537614109619,0.375229638000623
0,0.1061608,0.660953298211098,0.0105939507484436,-21.6377964019775,1.01016449928284,15.9177694320679,0.559467434883118,1.96831429004669,0.309609234333038,-0.944904566313979,2.06638927099024,0.737329165995659
0,0.1060179,0.766971200704575,0.0621686577796936,-21.883768081665,0.982393443584442,15.8185873031616,0.559467434883118,1.98113167285919,0.405739605426788,-0.901642158058728,2.13994973669848,0.535196719120187
0,0.1074199,0.874391101300716,0.260532915592194,-21.8123569488525,1.23629975318909,15.8661947250366,0.559467434883118,2.05345845222473,0.405739605426788,-0.580815218264532,2.29942251188915,0.219737773973574
0,0.1057199,0.980111002922058,0.236729204654694,-21.9075717926025,1.20852875709534,15.7432088851929,0.571369290351868,2.11846089363098,0.380104839801788,-0.411683122557622,2.2457394353181,-0.109162007782578
0,0.1096118,1.08972280472517,-0.239345014095306,-23.0699863433838,0.684847056865692,16.3621063232422,0.630878567695618,2.26311421394348,0.380104839801788,-0.26049335528968,2.2283215759612,0.114523881080757
0,0.108207,1.19792980700731,0.161350786685944,-22.5542392730713,0.934786021709442,15.9653768539429,0.601581692695618,2.20360493659973,0.341652691364288,0.232313143904014,2.29841350102802,0.0207849836445039
0,0.1063572,1.30428700894117,-0.0370134711265564,-22.1337070465088,0.883211314678192,15.8185873031616,0.607074856758118,2.18437886238098,0.283058941364288,0.343292592874386,2.03284945453536,0.0268480930145703
0,0.1079063,1.41219330579042,-0.0132097601890564,-22.9747714996338,0.859407603740692,15.9653768539429,0.595173001289368,2.27593159675598,0.2381981164217,1.01735365307624,2.00620799313789,-0.240125043548399
0,0.1055094,1.51770270615816,0.0343976616859436,-24.0856113433838,0.831636607646942,16.2153167724609,0.595173001289368,2.32170796394348,0.19333727657795,0.990187924235336,1.88435167583459,0.206222747245811
0,0.1059915,1.623694203794,-0.263148725032806,-23.8396396636963,0.633272349834442,16.3621063232422,0.625385403633118,2.28234028816223,0.16770251095295,1.2006997645546,1.55118666972948,-0.10092588936958
0,0.1060955,1.7297897040844,-0.290919721126556,-24.1609897613525,0.581697642803192,16.0407562255859,0.684894680976868,2.15141987800598,0.0386131554841995,0.690207369360209,0.637673064332326,0.950910779364205
0,0.1059257,1.83571540564299,-0.489283978939056,-24.1094150543213,0.355562388896942,16.2153167724609,0.727008938789368,2.03972554206848,-0.0126563757658005,0.501433575810891,0.1731013345756,2.125210064843
0,0.1067624,1.94247780740261,-0.390101850032806,-23.9864292144775,0.506319224834442,16.4374847412109,0.732502102851868,2.05345845222473,-0.13442151248455,0.656743983831762,-0.234252754761096,2.3837227761792
0,0.1095045,2.05198230594397,-0.588466107845306,-22.8002109527588,0.280183970928192,16.0883636474609,0.738910794258118,1.92162239551544,-0.13442151248455,-0.0281124074829372,-0.446968375437156,2.92153655142503
0,0.1075669,2.15954920649529,-0.513087689876556,-22.9985752105713,0.407137095928192,16.2391204833984,0.750812649726868,1.92162239551544,-0.13442151248455,-0.0863154981989396,-0.26232250750538,2.64027684739616
0,0.1092069,2.26875610649586,-0.413905560970306,-23.1969394683838,0.557893931865692,16.3383026123047,0.738910794258118,1.96099007129669,-0.0959693640470505,-0.346709071376073,-0.0166750043531835,2.81710344771018
0,0.1074241,2.37618020921946,-0.362330853939056,-23.1969394683838,0.482515513896942,16.3144989013672,0.732502102851868,1.98754036426544,-0.0895606726408005,-0.465447063013214,0.0754536832230989,2.76753256962092
0,0.1057368,2.48191700875759,-0.338527143001556,-23.1969394683838,0.557893931865692,16.3621063232422,0.750812649726868,1.98754036426544,-0.0575172156095505,-0.610427991053964,0.291827440919157,2.70445525244359
0,0.1075471,2.58946410566568,-0.263148725032806,-23.4191074371338,0.581697642803192,16.4890594482422,0.744403958320618,2.00676655769348,-0.0831519812345505,-0.531104674666009,0.580721825594313,2.64444554328112
0,0.1061712,2.69563530385494,0.0621686577796936,-23.4905185699463,0.907015025615692,16.4612884521484,0.720600247383118,2.03972554206848,-0.0959693640470505,-0.649058564155064,0.690037603047933,2.88520316289955
0,0.1058144,2.80144970118999,0.236729204654694,-23.3199253082275,1.10934662818909,16.4374847412109,0.690387845039368,2.07268452644348,-0.1792823523283,-0.618001651058371,0.859447264039956,2.79504849036963
0,0.1053361,2.90678580105305,0.0859723687171936,-23.29612159729,0.958589732646942,16.3383026123047,0.672992825508118,2.26311421394348,-0.2122413367033,-0.680285066600756,0.699168273595359,2.34646390951322
0,0.1079752,3.01476100087166,-0.215541303157806,-23.2445468902588,0.732454478740692,16.0169525146484,0.649189114570618,2.32170796394348,-0.269919574260712,-1.54350641666124,0.419005893048626,1.99958105932535
0,0.1086351,3.12339609861374,-0.0132097601890564,-23.4191074371338,0.760225474834442,15.5924520492554,0.642780423164368,2.37389302253723,-0.276328265666962,-2.22170764177418,0.0755493888460455,2.02413504171031
0,0.1085796,3.23197569698095,-0.564662396907806,-23.2445468902588,0.355562388896942,15.9415731430054,0.661090970039368,2.38671040534973,-0.269919574260712,-1.93025434533077,-0.41104382905538,1.71204005465362
0,0.1056355,3.33761119842529,-0.663844525814056,-22.50266456604,0.307954967021942,15.5686483383179,0.684894680976868,2.47917866706848,-0.250693500041962,-1.42162424923058,-0.876882139944737,1.01810244352708
0,0.1082226,3.44583379477263,-0.489283978939056,-21.3164463043213,0.581697642803192,15.2472982406616,0.696796536445618,2.43981099128723,-0.2378761023283,-1.65280868388019,-1.37646400516553,1.92863816639714
0,0.1064179,3.55225169658661,-0.763026654720306,-21.7607822418213,0.256380259990692,15.5448446273804,0.696796536445618,2.53136372566223,-0.289145648479462,-1.55130491721642,-1.79920819800119,1.10541371597675
0,0.1053742,3.65762589871883,-0.687648236751556,-20.772928237915,0.256380259990692,15.1957235336304,0.702289700508118,2.48558735847473,-0.301963031291962,-1.37082025758694,-1.57315918319302,0.488166857065702
0,0.1057932,3.76341909915209,-0.612269818782806,-21.5862216949463,0.331758677959442,15.8899984359741,0.684894680976868,2.66228413581848,-0.334006488323212,-0.924246201908808,-1.46938230861172,0.237679896954556
0,0.1070376,3.87045669555664,-0.640040814876556,-21.7369785308838,0.482515513896942,15.7194051742554,0.678485989570618,2.62291646003723,-0.359641253948212,-0.197021811845799,-1.14440133496671,0.124421660025457
0,0.1077841,3.97824079543352,-0.465480268001556,-21.5624179840088,0.609468638896942,15.8423910140991,0.678485989570618,2.62932515144348,-0.340415179729462,0.773233604072664,-0.298468048278003,-0.0271880656765805
0,0.1063958,4.08463659882545,-0.390101850032806,-21.3402500152588,0.708650767803192,15.7194051742554,0.672992825508118,2.57714009284973,-0.334006488323212,0.699856423056363,-0.0907293199202484,-0.49164566691502
0,0.1068417,4.19147829711437,-0.362330853939056,-21.5862216949463,0.657076060771942,15.9653768539429,0.672992825508118,2.64305806159973,-0.269919574260712,0.937965279214705,-0.0192262454451983,-0.0451041132190339
0,0.1061399,4.29761819541454,-0.390101850032806,-21.5862216949463,0.458711802959442,15.2711019515991,0.702289700508118,2.57073140144348,-0.0831519812345505,1.13015119851233,0.157602003123108,-0.74316965567849
0,0.1062495,4.40386769175529,-0.663844525814056,-21.8599643707275,0.355562388896942,15.5924520492554,0.756305813789368,2.53136372566223,0.0257957726716995,0.514617607092277,0.00553403183478762,0.210617029154038
0,0.1074893,4.5113569945097,-0.763026654720306,-22.4272861480713,0.208772838115692,15.5448446273804,0.839618802070618,2.65587544441223,0.1484764367342,0.959835309522641,0.0436498293200947,-0.556885597982817
0,0.1056986,4.61705559492111,-0.687648236751556,-23.0223789215088,0.307954967021942,15.2711019515991,0.970539212226868,2.55058979988098,0.21897204220295,0.770859461093389,-0.263001920123089,0.177995770221316
0,0.1050997,4.7221552953124,-0.663844525814056,-23.5897006988525,0.280183970928192,15.9415731430054,0.995258450508118,2.71446919441223,0.21897204220295,1.06535543659262,-0.10886751627109,-0.23879686532019
0,0.1062403,4.8283955976367,-0.663844525814056,-23.8634433746338,0.280183970928192,15.3940877914429,1.06666958332062,2.61650776863098,0.24460680782795,0.979267416687236,-0.0714528940411591,-0.149416587355275
0,0.1061495,4.93454509973526,-0.687648236751556,-23.343729019165,0.331758677959442,15.1719198226929,1.02455532550812,2.59636616706848,0.2253807336092,1.23338249681313,0.0215113712979298,-0.418158159010641
0,0.1059403,5.04048539698124,-0.362330853939056,-22.8240146636963,0.784029185771942,14.6760091781616,0.958637356758118,2.53777241706848,0.2381981164217,0.92424020758845,0.364570418520785,-0.34292707277806
0,0.1063909,5.14687629789114,-0.564662396907806,-22.7764072418213,0.609468638896942,14.6760091781616,0.976947903633118,2.53777241706848,0.270241558551788,0.749249430357589,1.09868365450365,-0.260109185451971
0,0.1079733,5.2548495978117,0.0621686577796936,-23.4191074371338,1.23629975318909,14.5014486312866,0.995258450508118,2.54418110847473,0.263832867145538,0.416973060770855,0.99689238281004,0.471469000894442
0,0.1068912,5.3617407977581,-0.140162885189056,-23.788064956665,0.934786021709442,14.6482381820679,0.953144192695618,2.61650776863098,0.23178942501545,0.797397244037428,1.4691714969329,-0.107645902884072
0,0.1088148,5.4705555960536,-0.0885881781578064,-24.5299472808838,0.982393443584442,14.3506917953491,0.934833645820618,2.55699849128723,0.2381981164217,1.01031826163712,1.45232430673469,-0.51602493452955
0,0.106379,5.57693459838629,-0.413905560970306,-25.3234043121338,0.633272349834442,14.2277059555054,1.01265347003937,2.59636616706848,0.270241558551788,0.826864840622533,1.58364377061674,0.358973234288476
0,0.1081183,5.68505290150642,-0.112391889095306,-25.0020542144775,0.907015025615692,13.8785848617554,0.941242337226868,2.57073140144348,0.316017925739288,1.23493948449394,1.36526274115811,-0.39497632979647
0,0.1059056,5.79095850139856,-0.362330853939056,-24.6053256988525,0.633272349834442,13.5334310531616,0.988849759101868,2.53136372566223,0.328835308551788,0.853897228135899,0.95311118675377,-0.257198759170498
0,0.1073382,5.89829669892788,-0.588466107845306,-25.025857925415,0.534090220928192,13.5572347640991,1.02455532550812,2.53777241706848,0.335243999958038,0.755118625976994,0.685789837018193,-0.187032285683667
0,0.1056046,6.0039012953639,-1.1161150932312,-25.2242221832275,-0.0173624083399773,13.2596883773804,1.02455532550812,2.57073140144348,0.348061382770538,0.830327671978828,-0.17194000436605,-0.20777198497458
0,0.1082532,6.11215449869633,-0.465480268001556,-24.8274936676025,0.534090220928192,12.8351888656616,0.899128079414368,2.55699849128723,0.270241558551788,0.326350078136213,-0.435477412906995,-0.238869894546902
0,0.1053458,6.21750029921532,-0.663844525814056,-24.4823398590088,0.307954967021942,12.6883993148804,0.917438626289368,2.56432271003723,0.322426617145538,0.0353492036410306,-0.784086629324216,-0.412748056698105
0,0.1073553,6.3248555958271,-0.687648236751556,-24.9266757965088,0.280183970928192,12.9383382797241,0.911029934883118,2.65587544441223,0.302285015583038,-0.287665047251656,-0.582067333343674,-0.30125692157279
0,0.1058354,6.43069099634886,-0.739222943782806,-25.0496616363525,0.232576549053192,12.6368246078491,0.899128079414368,2.59636616706848,0.309609234333038,-0.347626456479942,-0.94341072578303,0.0771884650427878
0,0.1089166,6.53960759937763,-0.640040814876556,-25.248025894165,0.430940806865692,12.1171102523804,0.875324368476868,2.64305806159973,0.316017925739288,-0.459247641909225,-0.989574436258346,0.191441081783096
0,0.1062233,6.64583089947701,-0.663844525814056,-25.5455722808838,0.458711802959442,12.6368246078491,0.881733059883118,2.64946675300598,0.348061382770538,-0.153902214099865,-0.798843412513669,0.219584987479922
0,0.1081523,6.75398319959641,-0.640040814876556,-25.7915439605713,0.430940806865692,12.4900350570679,0.893634915351868,2.62291646003723,0.360878765583038,0.0937292905234776,-0.620773173177523,0.273016692160451
0,0.1064393,6.86042249947786,-0.739222943782806,-25.914529800415,0.280183970928192,12.6130208969116,0.983356595039368,2.30889058113098,0.373696148395538,0.510705324992427,-0.68529850336698,1.22223546218746
0,0.1077273,6.96814979612827,-0.989161908626556,-27.0055332183838,-0.0173624083399773,13.3588705062866,1.01906216144562,2.21001362800598,0.380104839801788,0.884330541348933,-0.661771393977015,2.43912988816628
0,0.1063584,7.07450819760561,-0.965358197689056,-26.707986831665,0.0818197205662727,13.6564168930054,0.934833645820618,2.17705464363098,0.341652691364288,0.680165505947287,-0.490163221903118,4.12336126958124
0,0.1077921,7.18230029940605,-0.663844525814056,-25.20041847229,0.355562388896942,14.3506917953491,0.899128079414368,2.23015522956848,0.316017925739288,0.803741281073199,-0.0995908718932879,2.68335565931665
0,0.1058551,7.28815539926291,-1.1399188041687,-23.8396396636963,-0.195890247821808,14.0293416976929,0.917438626289368,1.93535530567169,0.295876324176788,0.640967774711528,-0.196049465586948,2.91302042140988
0,0.1086075,7.39676290005445,-0.687648236751556,-24.2085971832275,0.232576549053192,14.8981771469116,0.934833645820618,1.88225471973419,0.1741112023592,0.115979648117332,0.0255472366845753,3.42616101895617
0,0.1056933,7.50245620310307,-1.1399188041687,-24.97825050354,-0.267301380634308,15.7194051742554,1.03096401691437,1.92894661426544,0.1100242882967,0.58468256051564,-0.412916867494667,3.31128470033375
0,0.1075092,7.60996540635824,-2.2666277885437,-25.819314956665,-1.44558501243591,15.5448446273804,1.11427700519562,1.76506721973419,-0.17287366092205,1.09556670482274,-1.25744587141585,3.06384428859752
0,0.1058811,7.71584650874138,-2.86568784713745,-26.3866367340088,-1.99703764915466,15.8661947250366,1.02455532550812,1.85021126270294,-0.23146741092205,0.592825774010706,-1.14937821202108,3.38003515849067
0,0.1105857,7.82643220573664,-2.36580991744995,-25.6209506988525,-1.62411284446716,15.3187093734741,0.887226223945618,1.64696419239044,-0.2378761023283,0.826275722479893,-0.342963680072385,2.9573143156992
0,0.1058343,7.93226650357246,-1.23910093307495,-24.1609897613525,-0.318876087665558,16.8857879638672,0.744403958320618,1.85021126270294,-0.295554339885712,1.12008763239889,-1.57954385623691,2.58431379092088
0,0.1079712,8.04023770242929,-0.140162885189056,-23.8872470855713,0.708650767803192,16.1399383544922,0.630878567695618,1.62682259082794,-0.21865002810955,1.12692648883138,-1.49718940555126,2.75930230766995
0,0.1060273,8.1462650001049,0.312107622623444,-23.8634433746338,1.16092133522034,16.3144989013672,0.488056302070618,1.66619026660919,-0.301963031291962,2.22159584823402,-1.89542351129976,1.37266701732987
0,0.1083886,8.25465360283852,-0.290919721126556,-24.97825050354,0.557893931865692,16.7866058349609,0.499958157539368,1.91521370410919,-0.366049945354462,1.96788591619878,-1.83511555871999,0.801146763394244
0,0.1069277,8.36158130317926,-0.263148725032806,-24.7521152496338,0.534090220928192,15.6202230453491,0.321430325508118,2.19078755378723,-0.340415179729462,1.70339994005898,-1.87058466796513,-0.31164606092158
0,0.1083092,8.46989050507545,0.185154497623444,-25.9661045074463,0.883211314678192,15.6440267562866,0.333332180976868,2.24297261238098,-0.372458636760712,0.498769125829938,-1.87824776423615,0.553431006726854
0,0.1056721,8.57556260377169,0.538242876529694,-27.32688331604,1.16092133522034,15.8899984359741,0.315021634101868,2.31529927253723,-0.308371722698212,-0.473751404947087,-0.877382909180511,-0.553477633300391
0,0.1079595,8.68352210521698,0.109776079654694,-26.08909034729,0.708650767803192,14.9735555648804,0.118183247745037,2.26952290534973,-0.372458636760712,-0.598144259757885,0.0681297527424964,-0.0731435755049823
0,0.1064117,8.78993380814791,-0.0132097601890564,-26.88254737854,0.633272349834442,14.9735555648804,0.189594373106956,2.31529927253723,-0.0767432898283005,-0.970065166124366,0.469040346498547,1.22663303717755
0,0.1078652,8.89779900759459,0.859592974185944,-26.1882724761963,1.56161713600159,15.1719198226929,0.148395642638206,2.32811665534973,0.21897204220295,-1.43950205159345,1.47698455866404,0.537804565104567
0,0.1062785,9.0040775090456,0.387486040592194,-24.5061435699463,1.30771088600159,14.5014486312866,0.219806775450706,2.28874897956848,0.263832867145538,-1.55024598446214,0.82292795058477,0.948299641245113
0,0.108592,9.11266951262951,-0.290919721126556,-23.7166538238525,0.784029185771942,14.6244344711304,0.279316067695618,2.29515767097473,0.24460680782795,-2.36271772659277,1.54788427979098,1.27250929568904
0,0.1065418,9.21921131014824,-0.390101850032806,-22.328104019165,0.581697642803192,14.6760091781616,0.374530911445618,2.23656392097473,0.251015484333038,-2.65413736061499,2.18078286396191,2.07919712432586
0,0.1083469,9.32755821198225,-0.715419232845306,-23.16916847229,0.430940806865692,14.7751913070679,0.422138333320618,2.26952290534973,0.302285015583038,-2.3681369837342,1.53299541110621,1.59377897258444
0,0.1056922,9.43325041234493,-0.564662396907806,-22.72483253479,0.458711802959442,14.7236166000366,0.530170559883118,2.27593159675598,0.295876324176788,-1.38849429314521,2.18304781696813,0.467814799843011
0,0.1079037,9.54115410894156,-0.564662396907806,-23.4191074371338,0.355562388896942,14.7236166000366,0.672992825508118,2.24297261238098,0.335243999958038,-0.654648726191992,1.94846168365726,0.0970083741017183
0,0.1059525,9.64710661023855,-0.362330853939056,-22.9985752105713,0.684847056865692,14.6760091781616,0.720600247383118,2.23656392097473,0.316017925739288,-0.0880461571171723,2.16508962181823,-0.0295439029215209
0,0.1075897,9.7546963095665,-0.0370134711265564,-23.0223789215088,0.907015025615692,14.6760091781616,0.750812649726868,2.21001362800598,0.341652691364288,-0.0295073975059177,2.14847486525117,-0.158458557449258
0,0.1062092,9.86090551316738,0.0343976616859436,-23.2683506011963,0.907015025615692,14.8505697250366,0.851520657539368,2.21642231941223,0.302285015583038,0.303409723387777,2.29311773806865,0.275975963523448
0,0.1079093,9.96881481260061,0.0343976616859436,-23.3675327301025,1.03396821022034,14.6998128890991,0.946735501289368,2.17705464363098,0.380104839801788,0.483607619000933,2.08835928321897,-0.194085094238207
0,0.1057282,10.0745430141687,-0.290919721126556,-23.2207431793213,0.684847056865692,14.3268880844116,0.875324368476868,2.19078755378723,0.328835308551788,0.55561680891866,2.58730648869691,-0.398954539745428
0,0.1081315,10.1826745122671,0.0105939507484436,-23.2683506011963,1.01016449928284,14.3506917953491,0.905536770820618,2.21642231941223,0.335243999958038,0.31704778248572,2.264141071209,-0.149628503059033
0,0.1064303,10.2891048118472,0.312107622623444,-23.74045753479,1.30771088600159,14.0293416976929,0.869831204414368,2.25578999519348,0.335243999958038,-0.309585504946915,2.39955944505021,-0.0226734396439738
0,0.110464,10.399568811059,0.260532915592194,-24.18479347229,1.08554291725159,14.4260702133179,0.851520657539368,2.30156636238098,0.380104839801788,-1.12762484197207,2.31949003993912,0.206237414074567
0,0.1059099,10.5054787099361,0.109776079654694,-23.51828956604,1.01016449928284,13.6326131820679,0.810321927070618,2.28874897956848,0.392922222614288,-1.92138493044534,1.91749997629737,0.232469817234808
0,0.11023,10.6157087087631,-0.215541303157806,-23.565896987915,0.760225474834442,13.5810384750366,0.727008938789368,2.35466694831848,0.0843895226716995,-2.17821952371486,1.38127813402799,0.936201285450135
0,0.1066997,10.7224084064364,-0.390101850032806,-23.4191074371338,0.581697642803192,13.4580526351929,0.696796536445618,2.39403462409973,-0.1023780554533,-2.21141375444576,0.793823213973417,0.971629304499991
0,0.1084184,10.8308268040419,-0.263148725032806,-23.3675327301025,0.581697642803192,13.0375204086304,0.470661282539368,2.38671040534973,-0.24428479373455,-1.6815868745466,0.194296174384769,1.08828883583305
0,0.1080485,10.9388753026724,-0.989161908626556,-23.3199253082275,-0.0451334044337273,12.9105672836304,0.410236477851868,2.45903706550598,-0.282736957073212,-1.65879548649903,-1.29239543545095,1.34486239978856
0,0.1078753,11.0467506051064,-0.640040814876556,-23.29612159729,0.355562388896942,13.0613241195679,0.357135891914368,2.58354878425598,-0.250693500041962,-1.37330866543981,-1.94244243455836,1.03799557231412
0,0.1056852,11.1524358019233,-0.413905560970306,-22.6534214019775,0.506319224834442,12.5376424789429,0.273822903633118,2.51854634284973,-0.334006488323212,-1.90214203549637,-2.41897316115089,1.66243985327988
0,0.1074012,11.2598370015621,-1.0129656791687,-22.50266456604,0.00644130259752274,13.0613241195679,0.321430325508118,2.65587544441223,-0.346823871135712,-1.74851867842293,-2.47648309008427,1.48573865770393
0,0.1060735,11.365910500288,-0.663844525814056,-22.3796787261963,0.355562388896942,12.3908529281616,0.291217923164368,2.59636616706848,-0.359641253948212,-1.86303504597926,-2.45287880891838,1.71741935260453
0,0.1079753,11.4738857969642,-0.814601361751556,-21.7607822418213,0.208772838115692,12.1647176742554,0.285724759101868,2.58995747566223,-0.321189105510712,-1.43025972333054,-2.59774195052818,1.09564560087579
0,0.1087273,11.5826130956411,-1.6159930229187,-22.2051181793213,-0.568815052509308,13.0375204086304,0.362629055976868,2.73461079597473,-0.372458636760712,-1.48730967463709,-2.62977280399948,0.984965449244864
0,0.1078812,11.6904942989349,-0.889979779720306,-22.5264682769775,0.0302450135350227,12.5654134750366,0.219806775450706,2.78679585456848,-0.366049945354462,-1.26797357105344,-2.82439158799436,0.648082165782452
0,0.1064615,11.7969558015466,-0.564662396907806,-21.9591464996338,0.383333384990692,12.0655355453491,0.172199353575706,2.67510151863098,-0.314780414104462,-1.01842007348058,-2.73178905733853,-0.146110591033182
0,0.1106397,11.90759550035,-0.588466107845306,-21.7607822418213,0.280183970928192,11.5934286117554,0.130085095763206,2.63573384284973,-0.340415179729462,-1.13382155172207,-2.82341968371696,-0.0102387736299957
0,0.1061652,12.0137607008219,-0.564662396907806,-21.61399269104,0.383333384990692,12.1171102523804,0.184101209044456,2.69524312019348,-0.417319476604462,-0.933214291779597,-3.20046246189303,-0.203851654473519
0,0.1086469,12.1224076002836,-0.739222943782806,-21.39182472229,0.355562388896942,11.7441854476929,0.177692517638206,2.71446919441223,-0.391684710979462,-0.604728638623146,-2.95454653688468,-0.22751810143092
0,0.1067383,12.229145899415,-0.215541303157806,-21.9829502105713,0.934786021709442,12.0179281234741,0.136493787169456,2.69524312019348,-0.353232562541962,0.498397251615781,-2.39310203755224,-0.314548589142342
0,0.1079234,12.3370693027973,-0.263148725032806,-21.9829502105713,0.784029185771942,11.6688070297241,0.172199353575706,2.64305806159973,-0.353232562541962,1.16591985497383,-2.37348777492534,-0.0494661548642952
0,0.1051966,12.4422659054399,-0.215541303157806,-22.72483253479,0.684847056865692,11.6965780258179,0.153888806700706,2.72820210456848,-0.359641253948212,1.6398368723689,-2.46444484145452,0.601931535956229
0,0.1087341,12.5510000064969,-0.263148725032806,-23.1453647613525,0.534090220928192,11.7957601547241,0.177692517638206,2.78038716316223,-0.385276019573212,1.81234913581338,-2.79326525026844,-0.171777104185417
0,0.1067484,12.6577484086156,-0.489283978939056,-23.9110507965088,0.430940806865692,11.6688070297241,0.207904919981956,2.74101948738098,-0.378867328166962,1.9701659804494,-3.81293191125848,0.0933599104008762
0,0.1079136,12.7656620070338,-0.588466107845306,-23.6650791168213,0.383333384990692,11.7203817367554,0.201496228575706,2.76665425300598,-0.404502093791962,2.05663219532797,-4.0711183313542,0.835037368350967
0,0.1079231,12.8735851049423,-0.663844525814056,-23.788064956665,0.355562388896942,11.8671712875366,0.207904919981956,2.52495503425598,-0.372458636760712,2.00143359014182,-4.40371101264538,2.24209309528546
0,0.1097,12.9832851067185,-0.763026654720306,-23.29612159729,0.280183970928192,11.7679891586304,0.250019192695618,2.19078755378723,-0.250693500041962,2.033343536147,-4.31934221084286,3.09752735358013
0,0.1062436,13.08952870965,-0.989161908626556,-23.1969394683838,0.0580160096287727,11.9187459945679,0.291217923164368,2.28234028816223,-0.2122413367033,1.39745904914553,-3.86957659931921,4.19801723400019
0,0.1085297,13.198058411479,-0.790797650814056,-22.455057144165,0.256380259990692,12.3908529281616,0.250019192695618,2.22374653816223,-0.2250587195158,1.53983333197255,-3.21388955145435,3.53976015213496
0,0.106147,13.3042054101825,-0.687648236751556,-22.6256504058838,0.355562388896942,12.8113851547241,0.261921048164368,2.33452534675598,-0.14723889529705,1.32219019836114,-2.69390407350851,3.82130876726228
0,0.1077935,13.4119989126921,-0.790797650814056,-22.5780429840088,0.482515513896942,12.8867635726929,0.326923489570618,2.24938130378723,-0.0639259070158005,1.35817050695045,-2.17290573013025,3.32151342669178
0,0.1053338,13.5173327103257,-1.38985776901245,-23.4905185699463,-0.370450794696808,13.2081136703491,0.428547024726868,2.27593159675598,-0.0767432898283005,1.12959225409779,-1.52075427479929,3.4327084124979
0,0.1086536,13.6259863078594,-2.3142352104187,-24.3315830230713,-1.47335600852966,13.7317953109741,0.565876126289368,2.24938130378723,-0.378867328166962,1.22958077451295,-2.35426079635968,3.44056516293908
0,0.1056476,13.7316339090467,-0.814601361751556,-23.5420932769775,0.00644130259752274,14.3784627914429,0.362629055976868,2.23015522956848,-0.359641253948212,1.15976570120074,-2.53658553705782,4.00599545487862
0,0.109919,13.8415529057384,-1.38985776901245,-22.6534214019775,-0.493436634540558,14.4776449203491,0.452350735664368,2.09923481941223,-0.301963031291962,1.00017740080952,-2.21710162648849,2.48690089191388
0,0.1067588,13.9483117088676,-1.36605405807495,-21.1656894683838,-0.469632923603058,14.1047201156616,0.160297498106956,2.07268452644348,-0.340415179729462,0.885868760073328,-1.94639551998717,2.54707639429405
0,0.1076646,14.0559763088822,-0.989161908626556,-22.0345249176025,-0.144315540790558,14.6760091781616,-0.00632847286760807,2.18437886238098,-0.378867328166962,0.467010743408087,-1.13491737937803,3.36474564066063
0,0.1062353,14.162211611867,1.73636293411255,-21.217264175415,2.71212983131409,14.4498739242554,-0.0127371642738581,1.73851692676544,-0.19301526248455,0.894522845316389,-2.64023021242082,2.04769305865807
0,0.1080679,14.2702795118093,2.58536195755005,-22.8240146636963,3.66427826881409,13.9301595687866,-0.346904635429382,2.26952290534973,-0.353232562541962,1.19036893046653,-3.10348213242487,0.301928557418405
0,0.1054483,14.3757278099656,-2.6633563041687,-22.5542392730713,-1.94943022727966,14.8743734359741,-0.257182955741882,2.80602192878723,-0.456687152385712,0.527808438684948,-0.0276445882439118,-0.294734814145958
0,0.1079335,14.4836613088846,-0.390101850032806,-23.0223789215088,0.407137095928192,13.8071737289429,-0.245281115174294,2.47917866706848,-0.385276019573212,0.138664835199594,-2.22767272815376,-0.52798220885307
0,0.1068629,14.5905242115259,-0.0370134711265564,-23.4191074371338,0.684847056865692,14.3506917953491,-0.209575548768044,2.62932515144348,-0.308371722698212,-0.745657973064727,-0.872087324329502,0.235630859188073
0,0.108079,14.6986032128334,-0.338527143001556,-23.121561050415,0.383333384990692,13.7555990219116,-0.143657580018044,2.49840474128723,-0.0959693640470505,-0.746383937210418,0.199969088429056,-0.178523816088832
0,0.1065845,14.8051877096295,-0.0885881781578064,-23.74045753479,0.581697642803192,14.1523275375366,-0.0841482952237129,2.45903706550598,0.0587547570466995,-0.726932486848411,0.815127300941715,0.134225329586564
0,0.1080738,14.9132615104318,1.4626202583313,-23.4667148590088,2.08529877662659,14.0293416976929,-0.161968126893044,2.29515767097473,0.257424175739288,-0.665630967257445,1.70291165927757,1.03180087524898
0,0.105835,15.0190965086222,1.03812074661255,-24.3077793121338,1.91073822975159,15.1719198226929,-0.0301321838051081,2.15782856941223,0.2381981164217,0.127063425383522,1.70555335724719,1.93325023620283
0,0.1071573,15.1262538060546,0.0343976616859436,-24.581521987915,1.05777192115784,16.0407562255859,0.273822903633118,2.17705464363098,0.309609234333038,0.0940843459973967,1.7777201806939,2.50725318795124
0,0.1064934,15.2327472046018,1.23648500442505,-23.96262550354,2.31143403053284,15.5448446273804,0.445942044258118,1.91521370410919,0.367287456989288,0.0292188943132067,1.36254294763706,2.35793323899183
0,0.1100438,15.342791005969,0.137547075748444,-23.9388217926025,1.20852875709534,16.0645599365234,0.714191555976868,2.01409077644348,0.276650249958038,0.811429037609075,0.823073188419741,1.9347446933296
0,0.1057469,15.4485379084945,0.212925493717194,-23.0461826324463,1.18472504615784,15.1203451156616,0.887226223945618,1.77147591114044,0.322426617145538,1.03109219306105,1.47098086418135,1.76181046388596
0,0.1083403,15.5568782091141,0.811985552310944,-25.4463901519775,1.75998139381409,16.7112274169922,0.786518216133118,2.02690815925598,0.309609234333038,1.11038816673056,1.9393796634203,1.59909123416874
0,0.1065113,15.6633895114064,2.8353009223938,-27.723611831665,3.91421723365784,16.4612884521484,1.09596645832062,1.75865852832794,0.335243999958038,1.13454834849653,0.618587183088822,1.97818420888988
0,0.1078945,15.7712840139866,0.637425005435944,-29.1558017730713,1.56161713600159,15.8423910140991,1.09047329425812,1.80443489551544,0.348061382770538,1.94914824859295,1.22381558192435,0.961335466995042
0,0.1058278,15.8771118149161,-1.3382830619812,-28.5369052886963,-0.545011341571808,16.3621063232422,1.04286587238312,1.90239632129669,0.283058941364288,1.83668074573553,2.23099606850897,0.907458677457819
0,0.1077421,15.9848539158702,0.236729204654694,-28.1441440582275,1.10934662818909,16.4890594482422,0.976947903633118,1.93535530567169,0.309609234333038,1.96809933714985,1.91557683669504,0.820695856824691
0,0.1061849,16.0910388156772,0.510471880435944,-28.2393589019775,1.41086030006409,16.4374847412109,0.922931790351868,1.96099007129669,0.295876324176788,1.7425456266494,1.86052172532841,0.897444088346579
0,0.109725,16.2007638141513,-0.0132097601890564,-28.21555519104,0.859407603740692,16.3621063232422,0.941242337226868,1.95458137989044,0.354470074176788,1.70476930666476,1.80095537662739,0.987665534346176
0,0.106205,16.3069688156247,0.0859723687171936,-28.2909336090088,1.08554291725159,16.3898773193359,0.941242337226868,2.02049946784973,0.316017925739288,0.984194997920539,2.24472829767814,0.893518018607461
0,0.1099414,16.4169102162123,0.284336626529694,-28.21555519104,1.20852875709534,16.0883636474609,0.946735501289368,2.16423726081848,0.367287456989288,-0.0395794583565254,1.84514624011668,0.927731982434548
0,0.1058842,16.5227944180369,0.387486040592194,-28.834451675415,1.23629975318909,16.4136810302734,0.922931790351868,2.37389302253723,0.316017925739288,-0.558359957825452,1.12995374266801,0.879157208924878
0,0.1101354,16.6329298168421,-0.112391889095306,-28.4654941558838,0.883211314678192,15.6202230453491,0.899128079414368,2.30889058113098,0.360878765583038,-1.41211259698646,1.06532231986581,0.966224095863111
0,0.106246,16.7391758188605,-0.0647844672203064,-28.612283706665,0.859407603740692,15.7432088851929,0.851520657539368,2.36748433113098,0.16770251095295,-2.2196371636156,1.09670550130767,1.41488748989575
0,0.1081581,16.8473339155316,-0.913783490657806,-28.1163730621338,0.157198131084442,15.3702840805054,0.875324368476868,2.32811665534973,-0.1023780554533,-2.45119237737276,0.0872856839360101,1.83612499121669
0,0.105927,16.9532609134912,-0.314723432064056,-26.8547763824463,0.609468638896942,15.1719198226929,0.810321927070618,2.29515767097473,-0.24428479373455,-2.1088250892578,-0.488044470863062,1.71356758800455
0,0.1085612,17.061822116375,-0.715419232845306,-27.1761264801025,0.256380259990692,14.8227987289429,0.851520657539368,2.20360493659973,-0.263510882854462,-1.5049717051109,-1.24958829381655,1.53155550054558
0,0.1056438,17.1674659177661,-1.0129656791687,-26.9539585113525,0.0302450135350227,15.2472982406616,0.839618802070618,2.40044331550598,-0.301963031291962,-1.25241076823074,-1.95790781052471,1.38018412580695
0,0.1082367,17.2757026180625,-0.362330853939056,-26.75559425354,0.708650767803192,15.4178915023804,0.762714505195618,2.44621968269348,-0.353232562541962,-0.584392613635641,-1.82075890745446,1.09319355085756
0,0.1063407,17.3820433169603,-0.413905560970306,-27.4260654449463,0.732454478740692,15.3464803695679,0.744403958320618,2.50481343269348,-0.340415179729462,-0.690256615226326,-1.96343444565742,1.4933230404963
0,0.1077356,17.4897789135575,0.137547075748444,-27.0769443511963,1.23629975318909,14.7236166000366,0.678485989570618,2.51854634284973,-0.327597796916962,-0.524741219020604,-1.83353808879475,0.77499136078063
0,0.1087341,17.5985130146146,0.161350786685944,-26.6326084136963,1.35928559303284,14.6760091781616,0.440448880195618,2.55699849128723,-0.366049945354462,-0.369446499649083,-1.2125881235924,0.314806382657053
0,0.107663,17.7061760127544,-0.465480268001556,-26.8547763824463,0.557893931865692,14.5768270492554,0.214313611388206,2.60369038581848,-0.417319476604462,-0.513014639037449,-0.753895849568879,0.524566305540573
0,0.1065268,17.8127028122544,0.0105939507484436,-26.8547763824463,0.907015025615692,14.5768270492554,-0.221477404236794,2.66228413581848,-0.410910785198212,-0.486186389620158,-0.237750090685661,-0.10425430456324
0,0.107736,17.920438811183,-0.239345014095306,-26.5611972808838,0.557893931865692,14.2515096664429,-0.226970568299294,2.64946675300598,-0.372458636760712,-0.660543814545437,-0.794681892034872,-0.349666685022353
0,0.1059508,18.0263896137476,-0.889979779720306,-26.263650894165,-0.144315540790558,14.0293416976929,-0.197673693299294,2.54418110847473,-0.372458636760712,-0.659548897421409,-1.50884577307234,-0.579293732553567
0,0.110191,18.1365806162357,-0.390101850032806,-27.0293369293213,0.355562388896942,13.8547811508179,-0.323100924491882,2.62932515144348,-0.378867328166962,-0.685865084484891,-1.92437159538619,-0.458256788590258
0,0.1060271,18.2426077127457,-0.362330853939056,-26.8547763824463,0.280183970928192,13.8785848617554,-0.215068712830544,2.66228413581848,-0.334006488323212,-0.731656165966752,-1.70601847688349,-0.495969584427253
0,0.1103314,18.3529391139746,-0.540858685970306,-26.6326084136963,0.208772838115692,13.7317953109741,-0.167461290955544,2.62291646003723,-0.327597796916962,-0.744045417295714,-1.98781302772757,-0.46916823423695
0,0.1056608,18.4585999175906,-0.437709271907806,-26.485818862915,0.506319224834442,13.7555990219116,-0.143657580018044,2.64946675300598,-0.334006488323212,-0.56022889223983,-1.81920393806722,-0.48924781109205
0,0.1080218,18.5666217207909,-0.338527143001556,-26.9539585113525,0.557893931865692,13.9063558578491,-0.114360697567463,2.68151021003723,-0.372458636760712,-0.637150598658113,-1.82330293773654,-0.312468529758349
0,0.1060876,18.6727093234658,-0.715419232845306,-27.10471534729,0.105623431503773,13.7794027328491,-0.0484427288174629,2.72087788581848,-0.378867328166962,-0.728965273807996,-2.37758025322444,-0.220740289729872
0,0.1089447,18.781654022634,-0.513087689876556,-27.2277011871338,0.307954967021942,13.3588705062866,-0.0484427288174629,2.73461079597473,-0.372458636760712,-0.422207919318492,-2.77207323280942,0.132587923640595
0,0.106305,18.8879590258002,-0.763026654720306,-27.0293369293213,0.105623431503773,13.3072957992554,0.100788228213787,2.81975483894348,-0.346823871135712,-0.09536398848947,-2.91202802109519,-0.0655876913224703
0,0.108245,18.9962040260434,-1.04073667526245,-26.9817295074463,-0.0927408263087273,13.1089315414429,0.250019192695618,2.74101948738098,-0.24428479373455,0.0307516685189358,-3.22150153564589,-0.143897002712242
0,0.1063749,19.1025789231062,-0.663844525814056,-27.0293369293213,0.383333384990692,12.9383382797241,0.315021634101868,2.73461079597473,-0.12160412967205,0.0507547726681567,-3.24798042645169,-0.223537012724054
0,0.1079638,19.2105427235365,-0.790797650814056,-27.2753086090088,0.458711802959442,13.0097494125366,0.445942044258118,2.77397847175598,0.00656969845294952,0.399884089543633,-2.83180898461677,0.301451564403388
0,0.1067987,19.3173414245248,-0.513087689876556,-27.4022617340088,0.708650767803192,13.0613241195679,0.518268704414368,2.76024556159973,0.11643297970295,0.606345351317593,-2.2466915901109,0.155352183876418
0,0.1073872,19.4247286245227,-0.0370134711265564,-27.3030796051025,1.13315033912659,13.3072957992554,0.565876126289368,2.72087788581848,0.1741112023592,0.873309241679428,-1.22489329899355,0.301588421473409
0,0.1059354,19.5306640267372,-0.413905560970306,-27.2753086090088,0.684847056865692,13.2834920883179,0.654682278633118,2.68151021003723,0.21897204220295,1.11593225498033,-0.734254295848637,0.0338368457931373
0,0.1077803,19.638444326818,-0.338527143001556,-27.152322769165,0.684847056865692,13.1089315414429,0.690387845039368,2.68883442878723,0.2253807336092,1.34989526972274,-0.560005535050647,-0.22045028845221
0,0.10582,19.7442643269897,-0.663844525814056,-27.3506870269775,0.458711802959442,13.3350667953491,0.762714505195618,2.74742817878723,0.2381981164217,1.49163461635889,-0.792831157473785,-0.31463909654647
0,0.1077499,19.8520142287016,-0.687648236751556,-26.2120761871338,0.430940806865692,12.7637777328491,0.702289700508118,2.38030171394348,0.12925036251545,1.99672705342256,-1.49812610638629,-2.27219636543032
0,0.1062065,19.9582207277417,-0.937587201595306,-25.1726474761963,0.280183970928192,11.5458211898804,0.678485989570618,2.13127827644348,0.0386131554841995,2.12327425949184,-1.94574695715831,-3.95394403058978
0,0.1078132,20.0660339295864,-0.588466107845306,-24.4823398590088,0.534090220928192,10.7761678695679,0.630878567695618,1.84380257129669,-0.0254737585783005,1.88020219683975,-2.64818741526803,-5.77972157053599
0,0.1055719,20.1716058328748,-0.489283978939056,-24.85129737854,0.732454478740692,10.7007894515991,0.565876126289368,1.86943733692169,-0.12160412967205,1.3707395355381,-3.10533259708408,-4.49984815508486
0,0.1080373,20.2796431332827,-0.989161908626556,-23.5420932769775,0.157198131084442,9.63358974456787,0.577777981758118,1.71196663379669,-0.1536475867033,1.45222387849136,-3.12823003115784,-8.22040970350231
0,0.1059281,20.3855712339282,-0.739222943782806,-27.4736728668213,0.280183970928192,12.4900350570679,0.702289700508118,2.74101948738098,-0.12160412967205,1.02450470216707,-4.05966989266122,-0.241711227408644
0,0.1079077,20.4934789314866,-0.687648236751556,-28.2393589019775,0.307954967021942,12.1409139633179,0.708698391914368,2.78679585456848,-0.0318824499845505,0.597784690292679,-4.03814638433145,0.547472025223753
0,0.1062774,20.5997563302517,-0.465480268001556,-28.0449619293213,0.557893931865692,11.5696249008179,0.666584134101868,2.55699849128723,0.1100242882967,0.456554340289462,-3.18309846918553,0.563976924915733
0,0.1079802,20.7077365294099,-0.0370134711265564,-28.0449619293213,0.883211314678192,12.1647176742554,0.642780423164368,2.26952290534973,0.2253807336092,0.449223496154858,-2.05180422978321,1.65464055370074
0,0.1058672,20.8136037290096,-0.263148725032806,-28.9336338043213,0.609468638896942,13.0375204086304,0.672992825508118,2.31529927253723,0.270241558551788,1.02791694160915,-0.592939915953838,3.01266250790169
0,0.1082225,20.9218262284994,-0.437709271907806,-28.65989112854,0.208772838115692,12.6883993148804,0.666584134101868,2.28234028816223,0.257424175739288,0.737188444083149,-0.0822195739005812,2.93251622170143
0,0.1064936,21.0283198282123,-0.437709271907806,-28.167947769165,0.0580160096287727,12.5376424789429,0.661090970039368,2.09191060066223,0.263832867145538,0.525140028090261,0.209764607288959,2.36772542513463
0,0.1082879,21.1366077288985,-0.862208783626556,-29.1081943511963,-0.267301380634308,14.0293416976929,0.696796536445618,2.04613423347473,0.257424175739288,0.589703478464093,0.058033683066621,3.04882139951975
0,0.1055767,21.2421844303608,-1.6636004447937,-29.1796054840088,-0.846525013446808,14.1761312484741,0.666584134101868,2.04613423347473,0.0193870812654495,1.28000546170668,-0.627824430936246,2.3206275533376
0,0.1082957,21.3504801318049,-0.687648236751556,-28.0171909332275,0.133394420146942,14.1047201156616,0.416645169258118,1.86302864551544,-0.16005627810955,1.57128642645326,-0.643729251854446,1.46284219416758
0,0.1067144,21.4571945294738,-0.739222943782806,-26.31125831604,0.256380259990692,14.1285238265991,0.261921048164368,1.87584602832794,-0.250693500041962,1.61283001511015,-2.60371881110741,2.13582020599486
0,0.1078853,21.5650798305869,-2.38961362838745,-26.8547763824463,-1.72329497337341,14.5014486312866,0.106281392276287,1.99394905567169,-0.301963031291962,0.128629228184797,-2.03868994323256,3.02051773263964
0,0.1066701,21.6717499271035,-1.1875262260437,-26.8071689605713,-0.370450794696808,14.0531454086304,-0.107952006161213,1.81725227832794,-0.276328265666962,-0.741013747249879,-2.3897903137883,3.26579975321471
0,0.1094978,21.7812477275729,-0.112391889095306,-25.7439365386963,0.430940806865692,14.4260702133179,-0.262676119804382,1.83006966114044,-0.301963031291962,-1.16089224656919,-1.8682501955442,3.23116156187975
0,0.1062432,21.8874909281731,0.236729204654694,-24.85129737854,0.907015025615692,14.1761312484741,-0.126262560486794,1.75865852832794,-0.2378761023283,-1.59527547433885,-2.31329356010118,3.14298167511786
0,0.1080368,21.9955277293921,0.538242876529694,-25.5931797027588,1.08554291725159,15.0489339828491,-0.370708346366882,2.14501118659973,-0.340415179729462,-0.442708395254943,-1.27199254346439,1.4691727798731
0,0.1060234,22.101551130414,-2.2904314994812,-24.7045078277588,-1.99703764915466,15.8185873031616,-0.400005221366882,2.38030171394348,-0.488730609416962,0.40786976482062,1.04319605877648,0.723484197656824
0,0.1080186,22.2095697298646,-1.9889178276062,-25.5693759918213,-1.84628081321716,15.3702840805054,-0.459514498710632,2.56432271003723,-0.507956683635712,0.193437920787538,-0.820737477771997,0.499902060911424
0,0.1061941,22.3157638311386,-0.437709271907806,-27.0293369293213,-0.445829212665558,14.8981771469116,-0.155559435486794,2.52495503425598,-0.346823871135712,0.74770062169641,-1.69354142076346,-0.467947137636276
0,0.1091944,22.4249582290649,-1.1875262260437,-27.723611831665,-1.27102446556091,14.9497518539429,-0.155559435486794,2.54418110847473,-0.391684710979462,-0.101638121624988,-1.8206896253352,-0.0936401013327573
0,0.106089,22.5310472324491,-0.263148725032806,-26.75559425354,-0.0689371153712273,14.2277059555054,-0.102458842098713,2.45262837409973,-0.321189105510712,-1.00010538812498,-1.38652682269156,0.244241654903358
0,0.1081069,22.6391541287303,0.161350786685944,-27.0531406402588,0.256380259990692,14.4260702133179,-0.155559435486794,2.48558735847473,-0.372458636760712,-1.20134383708767,-0.64206285850273,0.816121470731277
0,0.1061937,22.745347827673,-0.413905560970306,-27.1761264801025,-0.267301380634308,14.1285238265991,-0.126262560486794,2.42607808113098,-0.391684710979462,-1.2648095629618,-0.447537216080094,0.937644874407452
0,0.1089675,22.8543153256178,-0.263148725032806,-26.5850009918213,-0.0927408263087273,13.8309774398804,-0.173869982361794,2.40044331550598,-0.378867328166962,-1.7969496210876,-0.238171255884319,1.34374130542845
0,0.1060766,22.9603919237852,0.185154497623444,-26.2874546051025,0.430940806865692,13.4580526351929,-0.150066271424294,2.34825825691223,0.0193870812654495,-1.92287875962303,0.740926714728829,1.35625873174141
0,0.1081364,23.0685283243656,1.43484926223755,-25.86692237854,1.88693451881409,13.7555990219116,-0.131755724549294,2.36107563972473,0.21897204220295,-2.36958863636589,1.24063362903001,1.89364430992976
0,0.1059245,23.1744528263807,0.411289751529694,-25.8907260894775,1.03396821022034,14.1523275375366,-0.0182303283363581,2.28234028816223,0.251015484333038,-1.81544038130106,1.66726819294394,1.70615842682587
0,0.1079812,23.2824340239167,-0.0132097601890564,-24.803689956665,0.760225474834442,13.6564168930054,0.153888806700706,2.05986714363098,0.263832867145538,-2.48181984563274,1.51683648737605,3.12709936183861
0,0.1054138,23.3878478258848,0.387486040592194,-24.3077793121338,1.08554291725159,13.4342489242554,0.273822903633118,1.92162239551544,0.257424175739288,-2.30931758772743,1.44259494087217,2.99212528744992
0,0.1084437,23.4962915256619,-1.1399188041687,-25.3710117340088,-0.493436634540558,14.6482381820679,0.666584134101868,1.98754036426544,0.276650249958038,-0.390232038590291,1.37397281173291,2.79406934141666
0,0.1059509,23.6022424250841,0.962742388248444,-25.0496616363525,1.96231293678284,14.3268880844116,1.03645718097687,1.81725227832794,0.373696148395538,0.540374970820509,1.65378103795932,2.68131176938995
0,0.1109838,23.7132262215018,-1.76278257369995,-25.64475440979,-1.04488921165466,14.6760091781616,0.917438626289368,1.89598762989044,0.24460680782795,0.428915155009676,2.88341831625384,2.99795800041841
0,0.1058266,23.8190528228879,-0.513087689876556,-25.1250400543213,0.208772838115692,14.4260702133179,0.988849759101868,1.80443489551544,0.295876324176788,0.430268664360044,2.91940641538753,2.84000053418612
0,0.1075321,23.9265849217772,-0.112391889095306,-25.1250400543213,0.760225474834442,14.3784627914429,0.970539212226868,1.75133430957794,0.316017925739288,0.73776185264011,2.12839681738613,2.8292426864137
0,0.1058416,24.0324265211821,0.109776079654694,-25.470193862915,0.958589732646942,14.8227987289429,0.958637356758118,1.85021126270294,0.322426617145538,0.825657167276149,2.55417791195661,2.21576225116445
0,0.1081278,24.1405543237925,0.637425005435944,-25.5217685699463,1.48623871803284,14.8981771469116,0.946735501289368,1.92894661426544,0.302285015583038,0.761352468421497,2.51896140520304,2.0605603961592
0,0.1060375,24.2465918213129,0.0621686577796936,-25.5455722808838,0.982393443584442,14.7989950180054,1.04286587238312,1.92162239551544,0.354470074176788,0.633679223775353,2.11384931428624,1.89390255366836
0,0.1083656,24.3549574241042,0.109776079654694,-25.5693759918213,1.10934662818909,14.7474203109741,1.04835903644562,2.02690815925598,0.354470074176788,0.441524802374282,2.17232985137996,2.03260527001353
0,0.1061246,24.4610820263624,-0.140162885189056,-25.819314956665,0.784029185771942,14.8981771469116,1.09047329425812,2.24297261238098,0.360878765583038,0.0133824693385486,2.36957975346933,1.80644422606135
0,0.1088595,24.5699415281415,0.137547075748444,-26.0652866363525,1.01016449928284,14.9219808578491,0.983356595039368,2.37389302253723,0.1997459679842,-0.461171658954916,1.52930522688296,1.99698532805111
0,0.1060411,24.675982631743,-0.163966596126556,-25.819314956665,0.760225474834442,14.5014486312866,0.822223782539368,2.31529927253723,-0.1023780554533,-0.664978246581177,0.921126730403214,2.27910429749494
0,0.1076559,24.7836385294795,-0.0885881781578064,-26.041482925415,0.934786021709442,14.8505697250366,0.666584134101868,2.40685200691223,-0.269919574260712,-1.14219906180286,0.596550373009635,2.94994692406258
0,0.1062878,24.8899263292551,0.284336626529694,-25.6209506988525,1.26010346412659,14.3030843734741,0.547565579414368,2.44621968269348,-0.250693500041962,-1.41685601713951,-0.100515504504418,3.00757776169501
0,0.1085887,24.9985150322318,-0.215541303157806,-25.7439365386963,0.760225474834442,14.5252523422241,0.380939602851868,2.40685200691223,-0.250693500041962,-1.71014678871118,-0.219944407162004,2.73077106844504
0,0.1059284,25.1044434309006,-0.0647844672203064,-25.07346534729,0.807832896709442,13.4580526351929,0.321430325508118,2.25578999519348,-0.2250587195158,-1.64769613112773,-0.203918409221877,2.3398491814627
0,0.1082593,25.2127027288079,-0.338527143001556,-25.0496616363525,0.557893931865692,14.3030843734741,0.369037747383118,2.52495503425598,-0.321189105510712,-0.956057527991862,-1.42495694114285,1.95041775828459
0,0.106592,25.3192947283387,-0.362330853939056,-24.3831577301025,0.482515513896942,13.4818563461304,0.350727200508118,2.52495503425598,-0.372458636760712,-0.690918902747001,-1.91331138289257,1.30002232292302
0,0.1080947,25.4273894280195,-0.465480268001556,-24.7521152496338,0.506319224834442,13.3350667953491,0.362629055976868,2.64305806159973,-0.378867328166962,-0.359173055034978,-2.01969611961764,1.55287353590748
0,0.106782,25.5341714248061,-0.640040814876556,-24.97825050354,0.355562388896942,13.7555990219116,0.362629055976868,2.78038716316223,-0.340415179729462,-0.418750555237304,-2.33227097125494,1.75435834377
0,0.1089673,25.6431387215853,-0.338527143001556,-25.025857925415,0.684847056865692,13.1367025375366,0.422138333320618,2.70165181159973,-0.366049945354462,0.142307691534009,-2.83872587601886,1.85211709526701
0,0.1060192,25.7491579204798,-1.1161150932312,-25.3710117340088,-0.0173624083399773,12.9859457015991,0.577777981758118,2.66869282722473,-0.340415179729462,0.231242689028679,-3.29781435069119,2.91246542758196
0,0.1077258,25.8568837195635,-0.862208783626556,-24.6529331207275,0.133394420146942,12.0655355453491,0.618976712226868,2.72087788581848,-0.366049945354462,1.21677594180307,-3.74865942442525,2.51095649059444
0,0.105956,25.9628397226334,-0.763026654720306,-24.803689956665,0.383333384990692,12.3908529281616,0.601581692695618,2.74742817878723,-0.391684710979462,1.79470406834583,-4.81086203980398,3.80403084253244
0,0.1092495,26.0720892250538,-0.965358197689056,-25.2996006011963,0.232576549053192,11.9663534164429,0.630878567695618,2.72087788581848,-0.378867328166962,1.97949754215013,-5.21520574626265,4.68846031292672
0,0.1082036,26.1802928224206,-0.540858685970306,-24.7798862457275,0.831636607646942,11.3474569320679,0.542072415351868,2.81975483894348,-0.398093402385712,2.90209690714516,-5.51294575134353,4.95918559016067
0,0.107693,26.2879858240485,-0.612269818782806,-25.2996006011963,0.760225474834442,11.0737142562866,0.613483548164368,2.78038716316223,-0.340415179729462,0,0,0
0,0.1085009,26.3964867219329,-0.640040814876556,-25.5693759918213,0.859407603740692,11.7441854476929,0.666584134101868,2.89849019050598,-0.276328265666962,0,0,0
0,0.1081808,26.5046675205231,-0.663844525814056,-24.97825050354,1.03396821022034,11.2244710922241,0.708698391914368,2.80602192878723,-0.1792823523283,0,0,0
0,0.1062895,26.610957019031,-0.862208783626556,-24.4823398590088,0.784029185771942,10.9983358383179,0.768207669258118,2.76665425300598,-0.21865002810955,0,0,0
0,0.1080314,26.7189884185791,-1.6636004447937,-23.6650791168213,-0.267301380634308,10.1295003890991,0.857929348945618,2.37389302253723,-0.398093402385712,0,0,0
0,0.1056457,26.8246341198683,-0.862208783626556,-25.0496616363525,0.256380259990692,10.8515462875366,0.756305813789368,2.87834858894348,-0.410910785198212,0,0,0
0,0.1076371,26.93227121979,-0.0132097601890564,-25.1726474761963,1.10934662818909,10.7245931625366,0.684894680976868,2.83257222175598,-0.398093402385712,0,0,0
0,0.1061377,27.0384089201689,-0.413905560970306,-25.5693759918213,0.982393443584442,10.6254110336304,0.672992825508118,2.96349263191223,-0.372458636760712,2.09766916801175,-4.83967152729311,3.35286916128863
0,0.1085351,27.1469440236688,-0.913783490657806,-25.470193862915,0.482515513896942,10.0541219711304,0.684894680976868,2.91130757331848,-0.423728168010712,1.73934097506886,-5.01380878320123,2.99010327666593
0,0.1066779,27.2536219209433,-0.338527143001556,-25.20041847229,0.958589732646942,9.68119716644287,0.625385403633118,2.84538960456848,-0.430136859416962,1.3892641731072,-4.54052352096851,2.43388290282415
0,0.1082586,27.361880518496,-0.663844525814056,-25.5693759918213,0.807832896709442,10.3040609359741,0.672992825508118,2.57714009284973,-0.314780414104462,1.77586257933856,-4.2923850644588,3.68494131225179
0,0.1059553,27.4678358212113,-0.140162885189056,-26.31125831604,1.38308930397034,10.7523641586304,0.708698391914368,2.45262837409973,-0.0382911413908005,2.73911768821218,-3.05451639966288,6.26514611580485
0,0.1080846,27.5759204179049,-0.239345014095306,-26.0137119293213,1.41086030006409,11.2244710922241,0.815815091133118,2.42607808113098,0.19333727657795,3.37226318363847,-2.53620135948271,7.40947472374119
0,0.1068424,27.6827628165483,-0.612269818782806,-26.041482925415,0.831636607646942,11.1252889633179,0.881733059883118,2.32811665534973,0.20615465939045,3.81752841374032,-1.91086839057216,6.72968539710076
0,0.1088731,27.791635915637,-0.513087689876556,-25.692361831665,0.831636607646942,11.7203817367554,1.00075161457062,2.12486958503723,0.23178942501545,3.80623189274796,-1.42828654262059,7.17196273396757
0,0.1059995,27.8976354151964,-1.6159930229187,-26.6326084136963,-0.469632923603058,12.9105672836304,1.09047329425812,2.30889058113098,0.0907982140779495,2.95619864764859,-1.34723326920701,7.17972490241445
0,0.1075721,28.005207516253,-2.1634783744812,-24.5577182769775,-1.19564604759216,11.6450033187866,1.01265347003937,1.72569954395294,-0.282736957073212,3.47009312404666,-2.36663104600778,4.77976659826083
0,0.1061461,28.1113536134362,-2.23885679244995,-24.97825050354,-1.29482817649841,13.6088094711304,1.00716030597687,2.17705464363098,-0.340415179729462,2.9144840175611,-3.04186611403408,4.09947039403915
0,0.1089329,28.2202865108848,-2.1158709526062,-22.8478183746338,-1.27102446556091,13.6564168930054,0.953144192695618,2.01409077644348,-0.359641253948212,1.65395588507619,-2.73749687330707,5.839639551487
0,0.106585,28.3268715143204,-0.390101850032806,-22.328104019165,0.430940806865692,14.3030843734741,0.774616360664368,1.92894661426544,-0.334006488323212,1.62534241753691,-0.416849229325136,3.87621029560696
0,0.1083494,28.4352209120989,0.212925493717194,-22.50266456604,1.16092133522034,14.3030843734741,0.642780423164368,1.95458137989044,-0.359641253948212,1.35365851702066,-0.743616811180453,3.5052640588893
0,0.1064627,28.541683614254,0.486668169498444,-22.899393081665,1.16092133522034,14.6998128890991,0.661090970039368,1.94817268848419,-0.346823871135712,1.7465075058699,-1.44441407979308,2.93567838959465
0,0.10894,28.6506236121058,-0.215541303157806,-24.2085971832275,0.557893931865692,15.2472982406616,0.589679837226868,2.08550190925598,-0.346823871135712,1.46997933914808,-2.17767198953572,3.36453227863574
0,0.1061875,28.7568111121655,0.335911333560944,-25.025857925415,0.958589732646942,14.2039022445679,0.380939602851868,2.20360493659973,-0.372458636760712,1.85910489013729,-2.55199807543089,2.35695567857816
0,0.1081537,28.864964812994,0.585850298404694,-27.2515048980713,1.16092133522034,14.2515096664429,0.0110665466636419,2.49840474128723,-0.353232562541962,1.56595997352581,-3.46706768400289,-0.152632218165843
0,0.1056252,28.9705900102854,0.260532915592194,-27.2515048980713,0.907015025615692,14.1285238265991,-0.0722464397549629,2.47917866706848,-0.378867328166962,0.801248818264092,-2.52851747512975,0.138228787773587
0,0.1078066,29.0783966109157,-0.239345014095306,-26.8309726715088,0.256380259990692,13.4580526351929,-0.161968126893044,2.43340229988098,-0.359641253948212,-0.109343097820895,-2.19526891521034,-0.644408053262371
0,0.1060283,29.1844249144197,1.10953187942505,-26.5850009918213,1.41086030006409,13.3588705062866,-0.262676119804382,2.52495503425598,-0.366049945354462,-0.722145309296172,-0.91011115664665,-0.0558548821765991
0,0.108647,29.2930719107389,-0.0370134711265564,-26.485818862915,0.280183970928192,13.0851278305054,-0.238872423768044,2.46544575691223,-0.423728168010712,-0.529285751991355,-0.412251482221786,0.184815436709444
0,0.1060894,29.3991613090038,0.538242876529694,-27.1761264801025,0.883211314678192,12.7360067367554,-0.197673693299294,2.48558735847473,-0.269919574260712,-1.55562938318395,-0.0626567980235168,1.52557712103052
0,0.107235,29.5063963085413,0.934971392154694,-26.8071689605713,1.51004242897034,12.8629598617554,0.0110665466636419,2.64946675300598,0.322426617145538,-2.36245566939932,0.769392444891331,2.0792283352414
0,0.1071805,29.6135768070817,-0.290919721126556,-24.581521987915,0.407137095928192,13.2081136703491,0.362629055976868,2.39403462409973,0.257424175739288,-1.33528630676969,1.04887756724233,1.60141553790324
0,0.1081334,29.7217102050781,-0.739222943782806,-23.9110507965088,0.355562388896942,14.4260702133179,0.654682278633118,2.49840474128723,0.21897204220295,-1.6455430868966,1.20634465452238,3.86296026805103
0,0.1064194,29.8281296044588,4.0889630317688,-22.1813144683838,5.16787910461426,13.0375204086304,0.309528470039368,2.26952290534973,0.302285015583038,-1.06461848164676,-1.37760907070113,3.62369073905278
0,0.1085885,29.9367181062698,-2.86568784713745,-22.50266456604,-1.97323393821716,14.5768270492554,0.988849759101868,2.24297261238098,0.19333727657795,-1.5341897246631,1.85717238224292,4.63522278533463
0,0.1056852,30.0424033030868,-3.3139910697937,-22.455057144165,-2.27474761009216,15.5448446273804,0.922931790351868,2.26952290534973,0.19333727657795,-1.00858575267918,2.67647750681591,4.20214176702397
0,0.1083656,30.1507689058781,-1.9413104057312,-22.677225112915,-1.07266020774841,15.1481161117554,0.684894680976868,2.12486958503723,0.1100242882967,-0.462538442474344,3.42426742663549,3.99566938799786
0,0.1060222,30.2567911073565,1.9863018989563,-22.72483253479,2.93826508522034,14.5768270492554,0.941242337226868,1.92162239551544,0.482643902301788,0.494864773884844,0.793372322700633,3.04712930161977
0,0.1085368,30.3653279095888,-0.763026654720306,-23.1969394683838,0.208772838115692,15.7432088851929,1.00716030597687,1.99394905567169,0.322426617145538,0.138235700799279,2.44722746537373,2.7955764256721
0,0.1078582,30.4731861129403,-0.338527143001556,-22.0821323394775,0.534090220928192,14.2039022445679,0.899128079414368,1.67992317676544,0.276650249958038,-0.0502311241295327,2.96855774090551,2.43672845309726
0,0.1098261,30.5830122157931,-0.0370134711265564,-23.4905185699463,0.907015025615692,14.7989950180054,0.875324368476868,1.72569954395294,0.335243999958038,0.302067940263618,2.44294539002035,2.18566353750119
0,0.1061571,30.6891693174839,0.811985552310944,-23.51828956604,1.88693451881409,14.3784627914429,0.798420071601868,1.83647835254669,0.283058941364288,0.0118414355839706,2.15671487220972,2.04695986694355
0,0.1090031,30.7981724143028,0.284336626529694,-23.7642612457275,1.30771088600159,14.5252523422241,0.786518216133118,1.94176399707794,0.316017925739288,-1.78973696966663,2.22622984464352,2.29782228698794
0,0.1057163,30.9038887172937,0.411289751529694,-23.9864292144775,1.48623871803284,14.0293416976929,0.786518216133118,2.13127827644348,0.322426617145538,-2.46289191021546,1.60540688579652,1.99943148405324
0,0.1073019,31.0111906155944,0.212925493717194,-23.16916847229,1.28390717506409,14.6244344711304,0.810321927070618,2.29515767097473,0.341652691364288,-3.09139221332303,1.69116823694395,2.9866074548755
0,0.1061158,31.1173064187169,-0.913783490657806,-21.83616065979,0.0302450135350227,13.8785848617554,0.863422513008118,2.18437886238098,0.322426617145538,-3.49680459955999,0.203582194094676,2.61420662064796
0,0.1081405,31.2254469171166,-0.663844525814056,-21.883768081665,0.208772838115692,13.5810384750366,0.768207669258118,2.28234028816223,0.0193870812654495,-3.14919024208073,0.547026382740915,2.52326802092388
0,0.1068094,31.3322563171387,-0.239345014095306,-21.2410678863525,0.633272349834442,13.2358846664429,0.696796536445618,2.21642231941223,-0.250693500041962,-2.31950086292063,0.433517215192069,2.58525954654633
0,0.1073739,31.4396302178502,-1.26290464401245,-21.1418857574463,-0.267301380634308,13.3588705062866,0.762714505195618,2.18437886238098,-0.23146741092205,-1.26735364887237,-0.975135173940506,2.6563135952512
0,0.1063879,31.5460181161761,-1.4890398979187,-21.6377964019775,-0.394254505634308,13.0851278305054,0.756305813789368,2.27593159675598,-0.20583264529705,-0.773095875371425,-1.51849537321975,2.18397998747299
0,0.1083927,31.6544108167291,-0.0132097601890564,-22.0345249176025,1.13315033912659,13.0613241195679,0.494464993476868,2.31529927253723,-0.24428479373455,-0.221495456885684,-1.96982089062701,1.55927008090811
0,0.1079795,31.7623903155327,-0.513087689876556,-21.883768081665,0.633272349834442,13.8309774398804,0.422138333320618,2.34093403816223,-0.2250587195158,0.785712901899477,-2.4414788247531,1.33221673348333
0,0.1082458,31.870636112988,-1.4652361869812,-21.9591464996338,-0.370450794696808,13.8309774398804,0.0412789508700371,2.30889058113098,-0.346823871135712,0.443633093534318,-1.58902055912536,1.5840870276586
0,0.1058404,31.9764765128493,-1.1161150932312,-21.7607822418213,-0.0689371153712273,13.7555990219116,-0.221477404236794,2.21642231941223,-0.353232562541962,1.18623188345544,-1.57776974565119,0.506246845711737
0,0.1076634,32.0841399133205,-2.3380389213562,-21.8599643707275,-1.34640288352966,13.4342489242554,-0.388103365898132,2.20360493659973,-0.469504535198212,0.632301479299854,-0.883824779535631,0.336048312248872
0,0.1059713,32.1901112124324,-2.3142352104187,-21.39182472229,-1.29482817649841,13.5056600570679,0.219806775450706,2.13860249519348,-0.269919574260712,0.783719136810132,-1.09389217885881,0.277373192359433
0,0.1089153,32.2990265116096,-2.41341733932495,-22.1813144683838,-1.39797759056091,15.0965414047241,0.470661282539368,2.30156636238098,-0.18569104373455,1.20634279952003,-0.993950320295767,-0.523138567298818
0,0.106117,32.4051435142756,-0.163966596126556,-21.9829502105713,1.20852875709534,12.7875814437866,-0.603252291679382,2.29515767097473,-0.520774066448212,1.38313762014654,-1.16737916163855,-0.396315470562194
0,0.1081514,32.5132949128747,-0.112391889095306,-22.328104019165,1.01016449928284,12.3392782211304,-0.311199069023132,2.24938130378723,-0.378867328166962,1.2106596699383,-0.609322054153782,-0.5213078287184
0,0.105963,32.6192579120398,-1.1161150932312,-22.50266456604,-0.0927408263087273,13.3826742172241,-0.519023776054382,2.36107563972473,-0.495139300823212,0.934068335840968,-0.366794419534202,-0.659468062652108
0,0.1088786,32.7281365096569,-0.739222943782806,-22.7010288238525,0.331758677959442,13.8547811508179,-0.233379259705544,2.38671040534973,-0.327597796916962,1.23978989327539,-1.63739084539452,-0.742799320895632
0,0.1064251,32.8345616087317,-0.862208783626556,-23.2445468902588,0.157198131084442,12.8113851547241,-0.316692233085632,2.27593159675598,-0.391684710979462,1.35973790004499,-1.47588520245779,-1.28618674482199
0,0.1081038,32.9426654055715,-0.715419232845306,-23.6412754058838,0.407137095928192,13.4580526351929,-0.262676119804382,2.38671040534973,-0.423728168010712,1.18381248661865,-1.80510644237377,-0.669530265624143
0,0.1056092,33.0482746064663,-0.814601361751556,-23.8396396636963,0.232576549053192,13.1843099594116,-0.250774264335632,2.40685200691223,-0.378867328166962,1.29856808079078,-1.46767947914183,-0.584435986196165
0,0.1081622,33.1564368084073,-1.0129656791687,-23.8872470855713,0.0302450135350227,13.1089315414429,-0.226970568299294,2.42607808113098,-0.423728168010712,1.02345417765064,-1.74485346243623,0.0271675567842631
0,0.1071694,33.2636062055826,-0.913783490657806,-23.96262550354,0.280183970928192,12.5654134750366,-0.215068712830544,2.41966938972473,-0.391684710979462,0.749153063096071,-2.403852226601,-0.0541311931465156
0,0.1081284,33.3717346042395,-0.465480268001556,-24.2363681793213,0.581697642803192,12.3154745101929,-0.203166857361794,2.58354878425598,-0.385276019573212,0.0928539345887774,-2.54127514857989,-0.0730366007693314
0,0.1065844,33.478319004178,-0.362330853939056,-24.1094150543213,0.708650767803192,12.4662313461304,-0.119853861629963,2.53777241706848,-0.1994239538908,-0.196537165552463,-2.32863623955904,-0.0423985281234
0,0.1078771,33.5861961022019,-0.263148725032806,-23.9110507965088,0.708650767803192,11.9941244125366,-0.00083530880510807,2.45262837409973,0.0129783898591995,-0.802904748654033,-1.29435808790413,-0.524017689257528
0,0.1055375,33.6917335987091,-0.239345014095306,-23.788064956665,0.831636607646942,12.0179281234741,-0.00632847286760807,2.50481343269348,0.1484764367342,-1.4490475909751,-0.395931118633058,-0.79304884161904
0,0.1078623,33.7995958998799,-0.112391889095306,-23.8158359527588,0.831636607646942,12.0179281234741,0.0412789508700371,2.47917866706848,0.23178942501545,-1.51609121278678,0.179258128349507,-0.711032938722256
0,0.1064309,33.9060268029571,0.0621686577796936,-23.788064956665,1.03396821022034,12.0655355453491,0.0229684021323919,2.39403462409973,0.276650249958038,-1.17681399628112,0.35879159600304,-0.536094559889819
0,0.108666,34.0146928057075,0.0105939507484436,-24.0618076324463,0.958589732646942,12.3154745101929,0.0586739704012871,2.34093403816223,0.283058941364288,-1.04126282563723,0.898242056937124,-0.360189248763796
0,0.1062029,34.1208957061172,-0.112391889095306,-24.359354019165,0.907015025615692,12.3392782211304,0.165790662169456,2.10564351081848,0.302285015583038,-0.388110974688351,1.44874706761829,0.167547343635501
0,0.1081734,34.2290691062808,3.1368145942688,-24.2839756011963,4.01736640930176,13.2358846664429,-0.155559435486794,2.75383687019348,0.289467632770538,-1.69315983987403,8.98584712952781,-0.538869610896137
0,0.1062032,34.3352723047137,2.51395082473755,-24.9028720855713,3.73965668678284,13.4064779281616,-0.107952006161213,2.82616353034973,0.257424175739288,-1.42578566728982,7.91160721356564,0.606172666659611
0,0.1076088,34.4428811073303,0.637425005435944,-25.2242221832275,1.71237397193909,12.8867635726929,0.118183247745037,2.23656392097473,0.2381981164217,-1.21484964500534,5.94093470902291,0.694915252232754
0,0.1058596,34.5487407073379,-0.889979779720306,-27.1761264801025,0.105623431503773,13.9777669906616,0.285724759101868,2.07909321784973,0.2253807336092,-0.176071150795076,1.28750952079241,2.47352874295695
0,0.1081596,34.6569003090262,-1.36605405807495,-26.9063510894775,-0.243497669696808,14.3784627914429,0.279316067695618,2.12486958503723,-0.0959693640470505,-0.229992390754386,-0.691655810388583,3.6485627322421
0,0.1063023,34.7632026076317,-0.564662396907806,-23.6174716949463,0.383333384990692,12.0933065414429,0.148395642638206,1.68633186817169,-0.2122413367033,-0.195180325956651,-1.0277992120584,1.4343709065559
0,0.1101995,34.8734021112323,-1.1875262260437,-21.6854038238525,-0.168119251728058,14.9497518539429,0.291217923164368,1.82366096973419,-0.314780414104462,-1.07916335691028,-1.97318424140066,2.14872610691388
0,0.1069805,34.9803826138377,-2.19124937057495,-19.13840675354,-1.29482817649841,14.6006307601929,0.338825345039368,1.76506721973419,-0.334006488323212,-1.69858212643188,-2.30150882043463,2.91644007332421
0,0.1077859,35.0881685167551,-1.73897886276245,-18.3489170074463,-0.747342884540558,14.7236166000366,0.285724759101868,1.64696419239044,-0.321189105510712,-1.56457088306956,-2.2981850681802,2.31173906430446
0,0.1062859,35.1944544166327,-0.663844525814056,-18.2259311676025,0.355562388896942,16.2153167724609,0.0943795368075371,2.06627583503723,-0.340415179729462,-2.69114419313998,-1.42100775193131,3.0977567264293
0,0.1086674,35.3031218200922,1.03812074661255,-18.075174331665,2.08529877662659,15.5210409164429,-0.0365408733487129,2.32170796394348,-0.353232562541962,-1.20917607419197,-1.61417388221597,0.503729178160658
0,0.1055363,35.4086581170559,0.0859723687171936,-17.853006362915,1.41086030006409,16.6120452880859,0.0531808063387871,2.41966938972473,-0.269919574260712,0.016234826383651,-1.31813510376842,-0.509284227283007
0,0.1074289,35.5160870179534,-0.513087689876556,-17.7300205230713,0.807832896709442,16.5128631591797,0.177692517638206,2.34093403816223,-0.334006488323212,0.304415533388936,-2.10938140620509,-0.19527858642228
0,0.1060763,35.6221633180976,-0.239345014095306,-20.4991855621338,1.05777192115784,16.2391204833984,0.0888863727450371,2.43340229988098,-0.372458636760712,0.366431473516929,-1.49220265395607,1.45242754971821
0,0.1091134,35.7312767207623,-0.540858685970306,-22.5542392730713,0.506319224834442,15.2711019515991,0.106281392276287,2.32811665534973,-0.340415179729462,0.81775270242477,-1.64202114991471,-1.42059246983214
0,0.1058803,35.8371570184827,-0.790797650814056,-24.6807041168213,0.232576549053192,15.6916341781616,0.160297498106956,2.47185444831848,-0.372458636760712,-0.186493000170481,-2.25115162600315,0.170880168848142
0,0.1083058,35.9454628154635,0.212925493717194,-24.85129737854,1.16092133522034,15.4932699203491,0.141986951231956,2.47185444831848,-0.417319476604462,1.14740181049724,-2.05816409781033,-0.400830005462284
0,0.1067261,36.0521889179945,-0.465480268001556,-23.29612159729,0.883211314678192,15.0489339828491,0.196003064513206,2.37389302253723,-0.257102191448212,-0.109949775901596,-1.97446727839989,-0.562831490212825
0,0.108099,36.1602879166603,-0.163966596126556,-23.74045753479,0.859407603740692,15.3702840805054,0.255512356758118,2.38030171394348,-0.19301526248455,-0.616137043301576,-0.742806102895012,-0.17771489484923
0,0.1061548,36.2664427161217,-0.112391889095306,-23.8396396636963,0.958589732646942,14.8505697250366,0.267414212226868,2.37389302253723,-0.0575172156095505,-1.05907211978641,0.445195834461242,0.0364488186291433
0,0.1077763,36.3742190152407,0.284336626529694,-24.1609897613525,1.30771088600159,14.6998128890991,0.250019192695618,2.41326069831848,0.0715721398591995,-1.3213432117264,0.78903115136202,0.553676404443914
0,0.1063841,36.4806031137705,1.08572816848755,-23.6174716949463,2.00992035865784,15.0489339828491,0.196003064513206,2.42607808113098,0.2381981164217,-1.98018386095964,1.41533932819975,0.273049280856981
0,0.1074173,36.588020414114,0.609654009342194,-22.50266456604,1.68460297584534,14.8227987289429,0.457843899726868,2.36107563972473,0.251015484333038,-2.22423978130166,1.31589362581186,0.881894555566448
0,0.106394,36.6944144144654,-0.140162885189056,-22.2051181793213,0.958589732646942,14.4260702133179,0.786518216133118,2.02690815925598,0.322426617145538,-1.81874697137852,1.56946178131717,1.97110052467398
0,0.1073618,36.8017762154341,-0.889979779720306,-22.3043003082275,0.355562388896942,14.2039022445679,0.499958157539368,1.92162239551544,0.0843895226716995,-1.35775762134146,1.51427838246535,2.48398914349308
0,0.1058846,36.9076608121395,0.284336626529694,-22.1813144683838,1.45846772193909,14.5252523422241,1.30470669269562,1.88225471973419,0.514687359333038,-1.45939793092922,0.576069100108238,2.93210675597773
0,0.1080164,37.0156772136688,-10.0940809249878,-22.455057144165,-8.93978691101074,16.6120452880859,1.83571255207062,1.69914925098419,0.469826519489288,-1.37216105842487,5.23060285920094,3.0732208944232
0,0.1058323,37.1215095147491,2.4385724067688,-22.1575107574463,3.51352143287659,14.7751913070679,1.13167202472687,2.15782856941223,0.469826519489288,-0.830937128402696,0.857443369788278,2.55277445678735
0,0.10817,37.2296795174479,-4.04000425338745,-21.9591464996338,-3.02456450462341,15.3464803695679,1.31660854816437,1.89598762989044,0.399330914020538,-1.55181881000633,3.49725980235366,2.22091622829367
0,0.1071961,37.3368756175041,1.6371808052063,-22.05832862854,2.76370453834534,14.2277059555054,0.738910794258118,2.35466694831848,0.0843895226716995,-1.26798778088597,2.04748095189919,0.775214756008273
0,0.1079287,37.4448043182492,3.51370668411255,-22.9231967926025,4.44186592102051,14.3268880844116,1.12617886066437,2.11205220222473,0.367287456989288,-0.808341402359097,-0.191860267094675,0.897586002736998
0,0.1059674,37.5507717207074,0.934971392154694,-22.2566928863525,1.93454194068909,14.7751913070679,0.857929348945618,2.43981099128723,0.12925036251545,-0.551046684737604,0.609612164456126,0.741320721208451
0,0.1088559,37.6596276238561,-0.215541303157806,-23.2445468902588,0.807832896709442,14.4260702133179,0.727008938789368,2.43340229988098,-0.21865002810955,-1.51814315321043,0.0993621671087898,2.25792030220722
0,0.1061033,37.7657309249043,-0.663844525814056,-23.121561050415,0.307954967021942,14.5252523422241,0.494464993476868,2.53777241706848,-0.24428479373455,-2.28078580359242,0.0325009403396099,2.63498380175202
0,0.1079733,37.8737042248249,-1.2906756401062,-21.3164463043213,-0.394254505634308,14.1285238265991,0.440448880195618,2.40044331550598,-0.1994239538908,-1.99618858741885,-0.510377171140214,1.45839921620877
0,0.1071758,37.980880022049,-0.937587201595306,-20.0310459136963,-0.120511822402477,14.2792806625366,0.0412789508700371,2.53136372566223,-0.295554339885712,-2.22272935494879,-0.688205191403861,0.882010630234438
0,0.1112769,38.0921569243073,-1.3382830619812,-20.0548496246338,-0.469632923603058,13.9063558578491,0.0943795368075371,2.65587544441223,-0.327597796916962,-2.06918200620261,-1.77804176348955,0.110788016821736
0,0.1055332,38.1976901218295,-0.513087689876556,-20.7967319488525,0.430940806865692,14.0531454086304,-0.0429495647549629,2.60369038581848,-0.314780414104462,-2.03016514064096,-1.74223520315848,0.373665893435402
0,0.1078245,38.3055146187544,-1.1161150932312,-21.9075717926025,-0.243497669696808,14.0055379867554,0.0705758258700371,2.85179829597473,-0.321189105510712,-1.60685844137788,-1.72603372630189,0.733409033293369
0,0.1071169,38.4126315191388,-1.23910093307495,-21.883768081665,-0.418058216571808,12.9621419906616,0.0531808063387871,2.81975483894348,-0.340415179729462,0,0,0
0,0.1075641,38.5201956182718,-0.338527143001556,-21.9075717926025,0.633272349834442,12.8351888656616,-0.0182303283363581,2.93053364753723,-0.378867328166962,0,0,0
0,0.1056774,38.6258730217814,-0.0647844672203064,-21.48703956604,0.883211314678192,11.7957601547241,-0.0301321838051081,2.85912251472473,-0.372458636760712,0,0,0
0,0.1082149,38.734087921679,-0.663844525814056,-22.3043003082275,0.383333384990692,12.3154745101929,0.0531808063387871,2.85912251472473,-0.372458636760712,0,0,0
0,0.1077117,38.8417996242642,-0.612269818782806,-22.28049659729,0.506319224834442,12.4662313461304,0.177692517638206,2.79961323738098,-0.0575172156095505,0,0,0
0,0.1091792,38.9509788230062,-0.140162885189056,-22.8755893707275,1.01016449928284,11.8949422836304,0.148395642638206,2.72820210456848,0.1228416711092,0,0,0
0,0.1063563,39.0573351234198,-0.215541303157806,-23.8396396636963,0.859407603740692,11.9187459945679,0.303119778633118,2.64946675300598,0.251015484333038,0,0,0
0,0.1080835,39.1654186248779,-0.0132097601890564,-23.565896987915,1.03396821022034,11.1967000961304,0.267414212226868,2.47917866706848,0.257424175739288,0,0,0
0,0.107624,39.2730426266789,0.0105939507484436,-23.6888828277588,1.05777192115784,11.1728963851929,0.285724759101868,2.43981099128723,0.24460680782795,0,0,0
0,0.1101874,39.3832300230861,0.161350786685944,-23.8396396636963,1.26010346412659,11.2482748031616,0.350727200508118,2.32170796394348,0.270241558551788,2.50335201659259,-0.352945884899955,2.92874790988527
0,0.1061828,39.4894128218293,-0.263148725032806,-23.9110507965088,0.859407603740692,11.4466390609741,0.511860013008118,2.23656392097473,0.23178942501545,2.88896632444185,-0.189912142000857,3.69402940247558
0,0.1107452,39.600158020854,0.0621686577796936,-23.9388217926025,1.08554291725159,11.6211996078491,0.452350735664368,2.26311421394348,0.257424175739288,2.80736639479328,0.0487897596230866,3.72113396211651
0,0.1063796,39.7065376192331,0.387486040592194,-23.9388217926025,1.58542084693909,11.6688070297241,0.530170559883118,2.17064595222473,0.309609234333038,3.0599184620961,0.212027022219695,3.73621376997095
0,0.1098957,39.8164333179593,-0.465480268001556,-24.137186050415,0.784029185771942,11.8671712875366,0.708698391914368,2.19078755378723,0.302285015583038,2.98813689532102,0.384899948018922,3.77182342819022
0,0.1062245,39.9226578176022,-0.0132097601890564,-23.9388217926025,1.18472504615784,11.9187459945679,0.720600247383118,2.20360493659973,0.322426617145538,2.98707248524889,0.443429231670133,3.9249784703969
0,0.1077998,40.0304576158524,0.236729204654694,-23.8634433746338,1.45846772193909,11.2958822250366,0.684894680976868,2.13127827644348,0.316017925739288,3.2994917861834,0.559765972705148,3.80549271108536
0,0.1056688,40.1361264139414,0.462864458560944,-24.2363681793213,1.66079926490784,11.1967000961304,0.822223782539368,2.08550190925598,0.386513531208038,2.89807289780328,0.609492864223815,3.9763365264027
0,0.1081645,40.2442909106612,0.0105939507484436,-24.5577182769775,1.20852875709534,11.2720785140991,0.827716946601868,2.15141987800598,0.328835308551788,2.87583408819681,0.877838901937919,4.11897576019775
0,0.106214,40.350504912436,0.185154497623444,-23.7166538238525,1.60922455787659,10.7523641586304,0.798420071601868,1.86302864551544,0.386513531208038,2.79760432762356,1.17889974843887,1.35300334786779
0,0.1092148,40.459719710052,1.38724184036255,-22.5780429840088,3.29135346412659,10.8753499984741,0.565876126289368,2.05986714363098,0.418556988239288,2.24847215306715,4.28722417441376,-2.32418579806303
0,0.1067166,40.5664363130927,3.06143617630005,-22.9985752105713,5.01712226867676,11.2720785140991,0.434040188789368,2.24938130378723,0.392922222614288,2.26385709878219,8.07464065438149,-1.83874699468955
0,0.1080435,40.6744798123837,2.6131329536438,-23.4667148590088,4.44186592102051,11.9941244125366,0.416645169258118,2.53136372566223,0.367287456989288,1.80567828754593,8.89946987656204,-0.968985581389254
0,0.1067763,40.7812561094761,3.03763246536255,-24.18479347229,4.86636543273926,12.6130208969116,0.542072415351868,2.55699849128723,0.399330914020538,1.65920026633833,9.03736258377957,0.467810430074278
0,0.1076771,40.888933211565,2.21243715286255,-25.2718296051025,3.86660981178284,12.9383382797241,0.625385403633118,2.57073140144348,0.392922222614288,1.41775813881952,8.07686614768273,2.50677538581023
0,0.1084268,40.9973600134254,-0.913783490657806,-24.9504795074463,0.557893931865692,11.0737142562866,0.958637356758118,1.67351448535919,0.24460680782795,0.281947236598733,2.1159434241055,3.03700944117473
0,0.1078768,41.105236813426,0.835789263248444,-23.8396396636963,2.21225190162659,11.5696249008179,0.929340481758118,1.76506721973419,0.399330914020538,0.317901034607689,2.64139096870711,-0.189701264486712
0,0.1061075,41.2113443166018,-0.187770307064056,-25.1488437652588,1.26010346412659,12.9383382797241,1.01906216144562,1.88957893848419,0.335243999958038,0.0676466574722678,2.38392984394507,3.38453582130091
0,0.1081317,41.3194760158658,0.0621686577796936,-26.1644687652588,1.38308930397034,12.9859457015991,1.00075161457062,1.74492561817169,0.386513531208038,0.329294380255641,2.55875643059672,3.59806771756117
0,0.106,41.4254760146141,0.0621686577796936,-26.31125831604,1.18472504615784,13.5810384750366,1.05476772785187,1.85021126270294,0.367287456989288,0.359259654523547,1.92660789692386,3.99150838645231
0,0.1079538,41.5334298163652,-0.338527143001556,-26.9817295074463,0.859407603740692,13.6802206039429,1.12617886066437,1.74492561817169,0.360878765583038,0.0233628535693464,1.51129154257518,3.64859254942024
0,0.1062568,41.639686614275,-1.23910093307495,-28.3663120269775,-0.0451334044337273,14.1523275375366,1.13167202472687,1.83647835254669,0.10361559689045,0.292675748218147,1.22835575164105,3.60106661028422
0,0.1081568,41.7478434145451,-1.8143572807312,-28.1163730621338,-0.545011341571808,13.5334310531616,1.07857143878937,1.65978157520294,-0.1792823523283,1.13276185638024,-0.347511139632141,2.83778027271422
0,0.1061606,41.8540040180087,-0.937587201595306,-26.6564121246338,0.157198131084442,14.5014486312866,1.04286587238312,1.80443489551544,-0.20583264529705,-0.661293612313963,-0.967169533764573,4.839548041068
0,0.1103654,41.9643694162369,-1.08834409713745,-25.248025894165,-0.0689371153712273,13.8309774398804,1.04835903644562,1.62682259082794,-0.2250587195158,-1.32395820228111,-1.22040235602988,4.87395417251575
0,0.1072601,42.0716295167804,-0.965358197689056,-24.3315830230713,0.0580160096287727,14.6482381820679,1.03645718097687,1.59477913379669,-0.1994239538908,-1.50564051133227,-0.903991817890782,3.1607069334797
0,0.1084599,42.1800894141197,-0.540858685970306,-24.4585361480713,0.458711802959442,15.5210409164429,1.02455532550812,1.65978157520294,-0.282736957073212,-1.70341901986524,-1.08875356450512,3.8754450404228
0,0.1054333,42.2855227142572,-1.43746519088745,-23.2207431793213,-0.493436634540558,14.8743734359741,1.00075161457062,1.56182014942169,-0.276328265666962,-1.34083968651108,-1.98672812499838,3.55826510206058
0,0.1077252,42.3932479172945,-1.56441831588745,-23.2683506011963,-0.644193470478058,15.6440267562866,0.946735501289368,1.73210823535919,-0.269919574260712,-1.51820285541287,-1.53759142544983,3.36979338811181
0,0.1063553,42.4996032193303,-0.588466107845306,-23.6412754058838,0.307954967021942,15.5210409164429,0.780109524726868,1.77147591114044,-0.2378761023283,-0.800356047927466,-1.42801043853998,2.44221701388495
0,0.1075299,42.6071331202984,-1.38985776901245,-23.3199253082275,-0.521207630634308,15.9415731430054,0.661090970039368,1.81725227832794,-0.276328265666962,0.0168886571211038,-1.67137787648423,1.92214161123095
0,0.1056408,42.7127739191055,-0.187770307064056,-22.899393081665,0.760225474834442,15.9177694320679,0.452350735664368,1.88957893848419,-0.269919574260712,1.30608836276146,-1.65621472036972,0.788481924092654
0,0.1072648,42.8200387209654,0.109776079654694,-24.2839756011963,0.883211314678192,16.1161346435547,0.321430325508118,2.14501118659973,-0.334006488323212,0.947439087856908,-1.03731681300806,0.566774593535776
0,0.1058645,42.925903223455,0.335911333560944,-24.0856113433838,1.23629975318909,15.4456624984741,0.273822903633118,2.15782856941223,-0.314780414104462,0.758787722263573,-1.85333676198018,-0.379517166000316
0,0.1080342,43.0339374244213,-0.437709271907806,-23.9864292144775,0.482515513896942,14.9497518539429,0.141986951231956,2.23015522956848,-0.372458636760712,0.56004605246846,-1.74572450903485,-0.578475875373342
0,0.1081556,43.1420930251479,-0.0370134711265564,-24.9504795074463,0.760225474834442,15.1481161117554,0.130085095763206,2.15141987800598,-0.301963031291962,-0.65318288337619,-1.02465424753892,-0.200842622304772
0,0.1077418,43.2498348280787,0.835789263248444,-24.1094150543213,1.66079926490784,14.1285238265991,-0.150066271424294,2.20360493659973,-0.13442151248455,-1.20854318364702,0.214771409146416,0.434146907001735
0,0.1055177,43.3553525283933,0.185154497623444,-24.1609897613525,1.01016449928284,14.4498739242554,-0.0301321838051081,2.26311421394348,0.270241558551788,-1.9006864296889,0.896455925201442,1.07153979160099
0,0.1084382,43.4637907296419,0.137547075748444,-24.0856113433838,1.13315033912659,14.7989950180054,-0.00632847286760807,2.37389302253723,0.251015484333038,-2.28738298284171,1.50297033262521,0.976453419118522
0,0.1061446,43.5699353292584,-0.215541303157806,-23.6888828277588,0.859407603740692,14.8227987289429,0.0586739704012871,2.38671040534973,0.276650249958038,-2.58509627669125,1.23855257871428,2.01425148010628
0,0.1076541,43.6775894314051,-0.413905560970306,-22.50266456604,0.732454478740692,14.3030843734741,0.0769845172762871,2.15141987800598,0.295876324176788,-2.69949283737366,1.23395578151569,1.5973246056926
0,0.1057728,43.7833622321486,-0.612269818782806,-22.5542392730713,0.482515513896942,14.6482381820679,0.100788228213787,2.05345845222473,0.335243999958038,-2.60847404911886,1.39623162910175,2.8912048192173
0,0.1078103,43.8911725357175,-0.437709271907806,-22.1575107574463,0.708650767803192,14.2277059555054,0.0943795368075371,1.98754036426544,0.328835308551788,-2.92276309707829,1.54019088118351,3.13690221370325
0,0.1059964,43.9971689358354,0.0343976616859436,-22.4034824371338,1.16092133522034,14.2039022445679,0.0705758258700371,1.93535530567169,0.360878765583038,-2.53904945256058,1.66048883955125,2.45219062230642
0,0.1072183,44.1043872386217,0.411289751529694,-22.2566928863525,1.51004242897034,14.5014486312866,0.0348702594637871,2.02049946784973,0.360878765583038,-2.19434607105015,1.94944936737332,1.77411110729902
0,0.1061812,44.2105684354901,-0.314723432064056,-21.8599643707275,0.859407603740692,14.2039022445679,0.0769845172762871,1.90880501270294,0.328835308551788,-1.93890459020254,1.81645423127731,1.56051183102418
0,0.1083348,44.3189032375813,0.359715044498444,-22.5542392730713,1.48623871803284,14.8743734359741,0.0705758258700371,2.01409077644348,0.348061382770538,-0.859772891477854,1.59337242320268,1.25650895756415
0,0.1060209,44.4249241352081,0.911167681217194,-22.28049659729,1.98611664772034,14.6482381820679,-0.00083530880510807,1.93535530567169,0.380104839801788,-0.49977200119179,2.36533008147874,1.26995656583408
0,0.1099323,44.5348564386368,-0.612269818782806,-22.232889175415,0.458711802959442,14.6482381820679,0.0586739704012871,1.92894661426544,0.405739605426788,-0.339584452158277,2.00686676590873,1.6485413418466
0,0.1060283,44.6408847421408,0.335911333560944,-22.8478183746338,1.43466401100159,14.6760091781616,0.0229684021323919,1.94817268848419,0.316017925739288,-0.809465860378041,2.53140997743046,1.71872267924362
0,0.1082966,44.7491813451052,0.0859723687171936,-22.9985752105713,1.01016449928284,14.8227987289429,0.112690083682537,1.93535530567169,0.360878765583038,-0.985635062758009,1.11893433866198,2.24915721997495
0,0.1055983,44.8547796458006,-0.513087689876556,-22.5780429840088,0.482515513896942,14.6760091781616,0.153888806700706,1.90880501270294,0.380104839801788,-1.63873135063423,1.21973655940618,2.49557349892748
0,0.1075097,44.9622893482447,-0.739222943782806,-22.328104019165,0.307954967021942,15.1719198226929,0.130085095763206,2.04613423347473,-0.0575172156095505,-2.13772780574421,0.970763860168683,2.87979825426626
0,0.1064181,45.0687074512243,-0.687648236751556,-20.59836769104,0.280183970928192,14.2277059555054,0.106281392276287,2.13860249519348,-0.2250587195158,-2.9240095348592,0.160202254711364,2.06326840241272
0,0.1083344,45.1770418509841,-0.338527143001556,-20.3246250152588,0.557893931865692,13.7079916000366,0.0467721149325371,2.22374653816223,-0.21865002810955,-2.82518476768728,-0.210870996310599,2.41249328719425
0,0.1064486,45.2834904491901,0.0859723687171936,-20.6975498199463,0.807832896709442,14.7989950180054,0.0467721149325371,2.43340229988098,-0.250693500041962,-2.27879057294485,0.192745733892605,1.09520237178151
0,0.1077557,45.3912461474538,-0.0885881781578064,-19.6343173980713,0.784029185771942,14.0055379867554,0.100788228213787,2.23656392097473,-0.276328265666962,-1.97088807790868,-0.214115477440897,-0.0621042648956614
0,0.1055147,45.4967608451843,-0.0647844672203064,-20.772928237915,0.784029185771942,14.2515096664429,0.141986951231956,2.54418110847473,-0.340415179729462,-1.74868312334901,-0.354879281228769,0.90090402701196
0,0.1076047,45.604365542531,-0.0647844672203064,-21.4632358551025,0.657076060771942,13.6802206039429,0.464252591133118,2.45262837409973,-0.0639259070158005,-0.912065469489161,0.10327328669932,-0.220791558951937
0,0.106966,45.711331538856,-0.362330853939056,-22.1337070465088,0.430940806865692,14.0055379867554,0.839618802070618,2.54418110847473,0.1356590539217,-0.448373846388844,0.542444743806076,2.13327005748922
0,0.1097372,45.8210687413812,-0.390101850032806,-22.9985752105713,0.506319224834442,13.2834920883179,0.893634915351868,2.50481343269348,0.24460680782795,0.0906906871434038,0.653367562214887,1.80207515579038
0,0.1073223,45.9283910393715,-0.0370134711265564,-23.7166538238525,0.934786021709442,12.7875814437866,0.922931790351868,2.49199604988098,0.276650249958038,0.429237584616848,1.02895328610336,0.399512189177231
0,0.1100902,46.0384812429547,0.411289751529694,-23.4667148590088,1.48623871803284,11.6450033187866,0.839618802070618,2.42607808113098,0.2381981164217,-0.690945710108619,1.26353906053382,0.34116395679851
0,0.106924,46.1454052403569,0.284336626529694,-23.8396396636963,1.45846772193909,12.0655355453491,0.834125638008118,2.54418110847473,0.257424175739288,-1.27699791838068,1.37528980853115,1.03385433682527
0,0.1080769,46.2534821406007,0.0105939507484436,-23.3953037261963,1.18472504615784,11.7679891586304,0.899128079414368,2.57714009284973,0.21897204220295,-2.62095556556206,0.936134290098288,2.78774682872009
0,0.1067755,46.360257640481,0.435093462467194,-22.72483253479,1.53384613990784,12.2916707992554,0.976947903633118,2.57714009284973,0.270241558551788,-2.63848417954941,0.71082274736742,3.30695023804538
0,0.1072991,46.4675567373633,-0.314723432064056,-20.7451572418213,0.657076060771942,11.5934286117554,1.01265347003937,2.48558735847473,0.20615465939045,-3.40112758942269,0.581735432465903,4.14872168702676
0,0.1058889,46.5734456405044,0.0105939507484436,-20.1778354644775,0.883211314678192,12.3908529281616,0.893634915351868,2.57714009284973,-0.1023780554533,-2.71816399216107,-0.123806788581673,4.284951107289
0,0.1073474,46.6807930395007,-0.437709271907806,-20.2294101715088,0.407137095928192,11.9663534164429,0.965046048164368,2.58354878425598,-0.18569104373455,-2.19473837417094,-1.22983045120726,4.31373223331978
0,0.1053846,46.7861776426435,-0.413905560970306,-19.979471206665,0.557893931865692,11.5220174789429,0.922931790351868,2.56432271003723,-0.2378761023283,-1.43005440525297,-1.9930351247555,3.10351540954985
0,0.1082141,46.8943917453289,-0.437709271907806,-20.4515781402588,0.557893931865692,11.5458211898804,0.869831204414368,2.59636616706848,-0.2378761023283,-0.352803502592829,-2.04947982985672,2.61247462769704
0,0.1062613,47.0006530433893,-0.465480268001556,-20.9197177886963,0.807832896709442,11.3474569320679,0.827716946601868,2.63573384284973,-0.282736957073212,0.162923396874575,-2.03795919364026,3.61884343430605
0,0.1083691,47.1090221405029,-0.290919721126556,-20.7967319488525,0.934786021709442,10.3794393539429,0.792011380195618,2.53136372566223,-0.282736957073212,-0.251178299686153,-2.24382556800229,3.66123391514611
0,0.106178,47.2152001410723,-0.314723432064056,-21.3402500152588,0.831636607646942,10.5539999008179,0.803913235664368,2.59636616706848,-0.263510882854462,-0.643206646417056,-2.64882273142007,4.14565505263444
0,0.1078857,47.3230858445168,-0.814601361751556,-20.8959140777588,0.407137095928192,10.5262289047241,0.839618802070618,2.64305806159973,-0.269919574260712,-0.0589968158205099,-3.48193933042257,4.19654149608697
0,0.1061228,47.4292086437345,-1.54061460494995,-17.853006362915,-0.342679798603058,7.24925136566162,0.934833645820618,1.22765266895294,-0.334006488323212,0.694805526924731,-6.18979962631274,-1.20297085673739
0,0.1082751,47.5374837443233,-2.3380389213562,-16.7659702301025,-1.02108550071716,6.20585536956787,0.988849759101868,1.21483528614044,-0.257102191448212,2.06040033158718,-8.3573833617303,-8.56408225195758
0,0.1063509,47.6438346430659,-2.0127215385437,-15.6273593902588,-0.818754017353058,5.48777675628662,1.10237514972687,0.677420735359192,-0.1536475867033,0,0,0
0,0.1077779,47.7516125440598,-1.6159930229187,-17.8292026519775,-0.318876087665558,7.24925136566162,1.15547573566437,1.28624641895294,0.000161007046699524,0,0,0
0,0.1080216,47.8596341460943,-1.0129656791687,-21.0942783355713,0.383333384990692,10.9229574203491,1.09596645832062,1.81084358692169,0.12925036251545,1.95864649467721,-4.64816443108787,1.16004683861567
0,0.107722,47.9673561453819,-1.3382830619812,-22.28049659729,0.0302450135350227,11.1490926742554,1.03096401691437,2.19719624519348,0.1869285851717,2.71791936977357,-2.95157390626953,4.62573356716387
0,0.1059192,48.0732753425837,-1.38985776901245,-23.0461826324463,-0.144315540790558,10.7007894515991,0.970539212226868,2.07268452644348,0.0907982140779495,1.94239765951526,-1.7543808928692,5.52844425276064
0,0.1082039,48.1814792454243,-1.86593198776245,-23.121561050415,-0.794950306415558,11.5696249008179,0.970539212226868,2.01409077644348,-0.1280128210783,1.68295311144289,-1.78582320825531,4.85585965555504
0,0.1075797,48.2890589460731,-1.9651141166687,-24.4585361480713,-1.07266020774841,13.4818563461304,0.929340481758118,2.30156636238098,-0.314780414104462,1.27383464485621,-1.79252368782774,4.30285219435755
0,0.1085082,48.3975671455264,-1.1161150932312,-19.3883457183838,-0.342679798603058,12.6130208969116,0.792011380195618,1.65337288379669,-0.327597796916962,1.24106647320858,-0.8466938953812,1.39736457771357
0,0.1069516,48.5045187473297,-0.465480268001556,-17.2579135894775,0.383333384990692,13.3072957992554,0.756305813789368,1.71196663379669,-0.289145648479462,0.518369179543331,-1.30722589048389,3.98204187528863
0,0.1083309,48.6128496453166,1.0103497505188,-16.5438022613525,1.88693451881409,13.8309774398804,0.350727200508118,1.71196663379669,-0.263510882854462,0.40972766282822,-1.56545171726552,3.14604425844257
0,0.1062109,48.7190605476499,-1.2906756401062,-16.5914096832275,-0.144315540790558,14.8981771469116,-0.304790377616882,1.88957893848419,-0.514365375041962,-0.680131658840362,-0.592443452330647,4.0113915662219
0,0.1075197,48.8265802487731,-6.1148943901062,-18.3965244293213,-4.63131523132324,15.9415731430054,-0.0960501506924629,2.23015522956848,-0.378867328166962,0.680957209097015,1.75656362955251,3.49710045619818
0,0.1059883,48.9325685501099,0.685032427310944,-20.15403175354,1.85916352272034,12.9105672836304,-0.584941744804382,2.10564351081848,-0.475913226604462,2.11287066849415,-1.53657004128162,-0.108960278550863
0,0.1075617,49.0401302501559,1.9863018989563,-23.3675327301025,3.18820405006409,12.5892171859741,-0.471416354179382,2.30889058113098,-0.353232562541962,0.661659261853155,-2.91031873782135,-1.51804997794697
0,0.1060914,49.146221652627,-0.0885881781578064,-23.96262550354,0.831636607646942,14.4776449203491,-0.185771837830544,2.35466694831848,-0.334006488323212,0.500051140650008,-1.53752030754649,0.158755172308516
0,0.1087832,49.2550048530102,0.260532915592194,-23.4905185699463,1.03396821022034,14.6482381820679,-0.185771837830544,2.45903706550598,-0.0190650671720505,-1.03264731037563,1.05681938364612,0.59427109495434
0,0.1060652,49.3610700517893,0.0621686577796936,-23.3675327301025,1.01016449928284,13.9301595687866,-0.150066271424294,2.36748433113098,0.1741112023592,-2.0215413231644,0.91240657768871,1.44797376577788
0,0.1100112,49.4710812494159,-0.239345014095306,-23.0461826324463,0.883211314678192,14.2277059555054,-0.0548514202237129,2.32170796394348,0.251015484333038,-2.38608154459422,1.51218823431282,1.4694559715034
0,0.1057666,49.5768478512764,0.109776079654694,-22.899393081665,1.23629975318909,14.5490560531616,-0.0841482952237129,2.11205220222473,0.23178942501545,-2.04260300943173,1.8372710541836,1.73854043827651
0,0.1078733,49.6847211495042,0.137547075748444,-21.9353427886963,1.28390717506409,15.7670125961304,0.0412789508700371,2.13127827644348,0.2381981164217,-0.866901013617204,1.91337560610914,2.54702568045238
0,0.1063028,49.7910239472985,-0.390101850032806,-22.328104019165,0.760225474834442,16.7866058349609,0.374530911445618,2.13127827644348,0.270241558551788,-0.316236386500053,2.37483426042617,2.54771394081516
0,0.1086934,49.8997173458338,-0.413905560970306,-20.6737461090088,0.807832896709442,15.5924520492554,0.768207669258118,1.68633186817169,0.341652691364288,1.08471693681269,1.21639656770669,1.17371620992751
0,0.1055959,50.0053132474422,0.0105939507484436,-23.5420932769775,1.26010346412659,16.1399383544922,1.02455532550812,1.88225471973419,0.412148296833038,0.780773504266803,1.26824554171684,3.0058849741176
0,0.1112159,50.1165291443467,-0.913783490657806,-26.4104404449463,0.0302450135350227,15.4456624984741,0.881733059883118,1.81084358692169,0.316017925739288,1.80019450686901,2.37952303030272,-0.243473458282717
0,0.1050433,50.2215724438429,-0.814601361751556,-27.6958408355713,0.0302450135350227,15.6916341781616,1.05476772785187,1.86943733692169,0.360878765583038,1.20851323325359,2.10077337130367,2.7285568776153
0,0.1080401,50.3296125456691,-0.163966596126556,-27.723611831665,0.760225474834442,15.6678304672241,0.946735501289368,1.77147591114044,0.309609234333038,1.30345623703168,2.20813044065672,1.42267457096359
0,0.1060228,50.435635343194,0.788181841373444,-27.818826675415,1.78378510475159,15.2472982406616,0.899128079414368,1.73210823535919,0.322426617145538,1.99117667586268,2.09241544041916,0.706572592450732
0,0.1075648,50.5432001426816,0.137547075748444,-28.78684425354,1.03396821022034,16.3383026123047,0.857929348945618,1.92894661426544,0.263832867145538,1.66237538826757,2.14149623165876,1.04866742878282
0,0.1056863,50.6488864421844,-0.437709271907806,-27.9180088043213,0.430940806865692,15.7670125961304,1.19758999347687,1.77147591114044,0.463417828083038,1.9293130517297,1.66484771782166,0.815117363003081
0,0.1086015,50.7574879452586,-0.0132097601890564,-27.2038974761963,1.01016449928284,15.7670125961304,0.946735501289368,1.88225471973419,0.437783062458038,1.77086428299595,2.25566480680458,0.534146063869643
0,0.1065888,50.8640767484903,-0.338527143001556,-27.6720371246338,0.907015025615692,15.3464803695679,1.00716030597687,2.03331685066223,0.328835308551788,1.66228493750919,1.9140433707301,-0.330557276126728
0,0.1083246,50.9724013507366,-0.437709271907806,-30.6157627105713,0.708650767803192,16.5604705810547,1.00716030597687,2.44621968269348,0.0587547570466995,1.14857074268497,0.94135122606808,-0.739690941845164
0,0.1065827,51.0789840519428,0.284336626529694,-30.072244644165,1.41086030006409,15.4932699203491,0.887226223945618,2.27593159675598,-0.16005627810955,1.02051790312102,0.325094534616706,-0.41092981544376
0,0.1082615,51.187245555222,0.661228716373444,-30.4173984527588,1.91073822975159,16.0407562255859,1.03645718097687,2.32170796394348,-0.2250587195158,1.12057980897506,0.222457138455568,-1.4155638558365
0,0.1084437,51.2956892549992,-0.314723432064056,-31.1592807769775,0.784029185771942,16.1161346435547,0.988849759101868,2.39403462409973,-0.289145648479462,1.12145405357017,-0.371015353318203,-1.0449917707003
0,0.1081588,51.4038480520248,-0.540858685970306,-30.91330909729,0.807832896709442,16.4136810302734,0.976947903633118,2.38030171394348,-0.250693500041962,0.599268451552866,-0.0566255507502784,-1.23588802641671
0,0.1054968,51.5093448534608,-0.215541303157806,-31.183084487915,1.28390717506409,15.8423910140991,0.875324368476868,2.33452534675598,-0.263510882854462,0.811981961288668,-0.652136142259046,-1.03152678978145
0,0.1084966,51.6178414523602,-0.390101850032806,-31.310037612915,1.05777192115784,15.6202230453491,0.976947903633118,2.33452534675598,-0.2122413367033,0.192758910745372,-0.735534278357223,-1.60461166411697
0,0.1059242,51.7237656489015,-0.763026654720306,-33.1151542663574,0.831636607646942,15.6440267562866,0.970539212226868,2.34825825691223,-0.2378761023283,-1.33496682565137,-1.40804600676237,-0.99039744024193
0,0.1081152,51.8318808525801,-0.314723432064056,-32.8652153015137,1.43466401100159,14.6244344711304,0.983356595039368,2.43340229988098,-0.24428479373455,-1.65958450767519,-1.74057085770432,-1.49433916304298
0,0.1055741,51.9374549537897,-0.513087689876556,-32.7422294616699,1.13315033912659,15.0965414047241,1.04286587238312,2.54418110847473,-0.23146741092205,-2.7980563229862,-2.11669515081863,-0.496692883847037
0,0.1080637,52.0455186516047,-0.612269818782806,-31.5044345855713,1.10934662818909,14.3268880844116,0.995258450508118,2.48558735847473,-0.24428479373455,-3.79775842568005,-2.41316200151282,-0.727384822830944
0,0.1058089,52.1513275504112,-0.187770307064056,-31.4330234527588,1.51004242897034,14.7474203109741,0.887226223945618,2.62291646003723,-0.250693500041962,-3.02799909571332,-2.29970663091238,-0.718335120992499
0,0.1077827,52.259110249579,-0.390101850032806,-30.1952304840088,1.20852875709534,14.3784627914429,0.905536770820618,2.60369038581848,-0.0831519812345505,-3.54822975656472,-1.99766722074775,-0.585688940126282
0,0.1056663,52.3647765517235,-0.314723432064056,-30.69114112854,1.33548188209534,14.3506917953491,0.875324368476868,2.59636616706848,-0.0318824499845505,-3.58528195232767,-1.92034399074676,-0.628226063514005
0,0.1073358,52.4721123501658,-0.489283978939056,-29.3541660308838,1.10934662818909,13.1843099594116,0.857929348945618,2.43981099128723,-0.0575172156095505,-3.26109508158928,-1.84197921360056,-1.99106916185844
0,0.105778,52.5778903514147,-0.338527143001556,-29.3303623199463,1.30771088600159,13.4064779281616,0.839618802070618,2.53777241706848,-0.0511085242033005,-3.01062661823474,-1.82006556103025,-2.77305062992522
0,0.1088731,52.6867634505033,-0.465480268001556,-29.6993198394775,1.20852875709534,13.9777669906616,0.810321927070618,2.62291646003723,-0.0639259070158005,-2.29467074643349,-1.78452470395598,-2.61483146831967
0,0.1075084,52.7942718490958,-0.0370134711265564,-30.7625522613525,1.68460297584534,14.5252523422241,0.786518216133118,2.68883442878723,-0.0190650671720505,-1.56732543421901,-1.59059781287664,-2.42624941660746
0,0.107574,52.9018458500504,-0.338527143001556,-31.1592807769775,1.41086030006409,14.2515096664429,0.792011380195618,2.66869282722473,0.0129783898591995,-1.09800491680742,-1.41080855774126,-2.39835352971053
0,0.1064753,53.0083211511374,-0.239345014095306,-30.8141269683838,1.48623871803284,14.7989950180054,0.798420071601868,2.73461079597473,0.0972069054841995,-1.15432459282158,-1.35195925687458,-2.05688587500776
0,0.1073422,53.1156633496284,0.887363970279694,-30.7149448394775,2.56137299537659,14.3030843734741,0.750812649726868,2.63573384284973,0.12925036251545,-1.33547223366031,-1.21606325782323,-1.45440817553194
0,0.1077823,53.2234456464648,-0.140162885189056,-30.5919589996338,1.63699555397034,14.3784627914429,0.851520657539368,2.62932515144348,0.1869285851717,-1.08295922093391,-0.691098800130991,-1.45986615516346
0,0.1077083,53.3311539441347,-1.1399188041687,-30.46897315979,0.609468638896942,14.5490560531616,0.965046048164368,2.60369038581848,0.251015484333038,-0.551830758468866,-0.957138554463912,-1.56100806718242
0,0.1066359,53.4377898424864,-0.862208783626556,-30.7903232574463,0.907015025615692,14.3784627914429,0.911029934883118,2.61650776863098,0.0386131554841995,-0.463637151824269,-1.44096853765855,-2.03774170866485
0,0.108077,53.5458668395877,-0.0132097601890564,-31.310037612915,1.78378510475159,14.6998128890991,0.822223782539368,2.72820210456848,-0.0639259070158005,-0.316330268319386,-2.52226559911176,-2.10691875368838
0,0.1060592,53.6519260406494,-0.663844525814056,-31.2584629058838,1.35928559303284,14.7236166000366,0.815815091133118,2.72087788581848,0.0972069054841995,-0.484733873914607,-2.26958067967834,-1.84152731230843
0,0.1080228,53.7599488422275,0.986546099185944,-30.7149448394775,2.93826508522034,14.3506917953491,0.666584134101868,2.55699849128723,0.2381981164217,-0.604349873913381,-1.31262756872688,-1.92334508506674
0,0.1052226,53.8651714399457,-0.0132097601890564,-30.7625522613525,1.78378510475159,14.4776449203491,0.589679837226868,2.53777241706848,0.24460680782795,-0.702636578362182,-0.608334507202843,-1.3446278542095
0,0.107592,53.972763441503,-0.687648236751556,-30.8617343902588,1.05777192115784,14.3268880844116,0.470661282539368,2.50481343269348,0.0972069054841995,-0.858767012599427,-0.861751368524618,-0.977054455779664
0,0.106035,54.078798443079,-0.465480268001556,-29.850076675415,1.10934662818909,13.6564168930054,0.148395642638206,2.23656392097473,-0.1994239538908,-0.984975838728566,-0.523873516078639,-1.42634126965266
0,0.1080037,54.1868021413684,-0.362330853939056,-29.89768409729,0.934786021709442,13.7555990219116,-0.00083530880510807,2.40044331550598,-0.2250587195158,-0.508014463847455,-0.975093709675594,-1.68582871766258
0,0.1059133,54.2927154377103,-0.640040814876556,-31.6551914215088,0.430940806865692,15.2711019515991,-0.238872423768044,2.79320454597473,-0.295554339885712,0.473464444464802,-1.07205188237207,-0.188993226464886
0,0.1078323,54.400547735393,0.986546099185944,-30.3697910308838,1.78378510475159,13.5572347640991,-0.280986666679382,2.38030171394348,-0.2378761023283,0.582140986866055,-0.753435686681176,-2.37389751980925
0,0.1060237,54.5065714344382,0.609654009342194,-31.0362949371338,1.38308930397034,13.5334310531616,-0.477825045585632,2.68151021003723,-0.359641253948212,0.375990857894516,-0.246374482509276,-2.29163203502708
0,0.1082065,54.6147779375315,1.43484926223755,-32.4446830749512,2.36300873756409,14.5252523422241,-0.495220065116882,2.78038716316223,-0.340415179729462,0.668727331765562,-0.474279994725186,-0.794786073056189
0,0.1059164,54.7206943407655,-0.465480268001556,-32.5200614929199,0.708650767803192,14.5490560531616,-0.203166857361794,2.83257222175598,-0.353232562541962,0.781478714781373,-0.529385607386879,-0.552718860112063
0,0.1078161,54.828510440886,-0.0370134711265564,-31.5044345855713,0.883211314678192,14.1047201156616,-0.238872423768044,2.73461079597473,-0.334006488323212,0.930843915310955,-0.51438680303578,-0.568156469406036
0,0.1059527,54.9344631433487,2.41080141067505,-31.0124912261963,3.36276459693909,13.9301595687866,-0.459514498710632,2.57073140144348,-0.372458636760712,1.13862223983137,4.15426536329489,-2.28956811143924
0,0.1089702,55.0434333458543,0.712803423404694,-31.80198097229,1.53384613990784,13.9063558578491,-0.370708346366882,2.71446919441223,-0.385276019573212,0.178134706730107,2.63785909530974,-2.18446373924788
0,0.1059415,55.1493748426437,1.53799867630005,-31.532205581665,2.33523774147034,13.8071737289429,-0.542827486991882,2.41966938972473,-0.436545550823212,0.2593074415036,2.2270966551916,-2.46292377098981
0,0.1075286,55.2569034397602,-0.489283978939056,-28.3663120269775,0.256380259990692,12.4384603500366,-0.340495944023132,2.05986714363098,-0.398093402385712,3.17968493326327,0.386165350114127,-9.46271267793934
0,0.1064014,55.3633048385382,0.585850298404694,-28.0171909332275,1.58542084693909,13.1089315414429,-0.501628756523132,2.33452534675598,-0.488730609416962,3.90601562925051,1.86657427653715,-9.50590222911198
0,0.1078321,55.4711369350553,-1.41366147994995,-26.5096225738525,-1.04488921165466,12.3908529281616,-0.245281115174294,1.92162239551544,-0.430136859416962,6.29686661698205,-0.449399954346566,-12.714247658539
0,0.1068394,55.5779763385654,-1.69137144088745,-26.7833652496338,-0.969510853290558,11.3474569320679,-0.191265001893044,1.82366096973419,-0.378867328166962,5.94668296991081,-2.29948086760984,-14.1348497089857
0,0.107383,55.6853593364358,-0.140162885189056,-26.8547763824463,0.581697642803192,10.0303182601929,-0.423808932304382,1.31920540332794,-0.423728168010712,2.5701358295982,-2.63426639951827,-11.0920765810172
0,0.1060277,55.7913870364428,-1.69137144088745,-26.9817295074463,-1.12026762962341,8.86393642425537,-0.323100924491882,0.795523762702942,-0.514365375041962,-0.935001856843836,-4.35143498722983,-9.91425104391771
0,0.1077583,55.899145334959,-4.56368589401245,-30.2190341949463,-4.55593681335449,9.08610439300537,-0.0722464397549629,0.959403157234192,-0.572043597698212,-3.06284885619354,-8.74239603402862,-3.43001570177727
0,0.1058283,56.0049736350775,-7.99142026901245,-31.976541519165,-7.83688163757324,9.78434658050537,0.189594373106956,1.10314095020294,-0.661765277385712,-1.90828306402222,-15.6326507334123,-1.51549009374959
0,0.1086642,56.1136378347874,-9.36806774139404,-30.6395664215088,-9.46743583679199,8.43943691253662,0.392841458320618,0.480582356452942,-0.739585101604462,-1.02192623194106,-19.8399129187949,-3.68441528522146
0,0.1062617,56.2198995351791,-11.2683973312378,-23.16916847229,-11.3201580047607,6.57878017425537,0.464252591133118,-0.508187174797058,-0.668173968791962,-2.66128147592141,-25.1139742330083,-5.91655188271048
0,0.1074601,56.3273596316576,-12.2919569015503,-17.8292026519775,-12.2246990203857,4.04765224456787,0.440448880195618,-1.46491324901581,-0.648947894573212,-3.88081103797216,-26.8812246620159,-10.9092690187108
0,0.1055087,56.4328683316708,-15.2198133468628,-8.65287208557129,-14.9541912078857,-2.58564853668213,0.445942044258118,-3.41040873527527,-0.527182757854462,-3.65372447893559,-30.4254891146907,-27.5918499094711
0,0.1075119,56.5403802320361,-14.017725944519,-1.90055274963379,-13.402982711792,-4.89460849761963,0.583271145820618,-3.34449076652527,-0.436545550823212,-4.81236799007008,-29.857083876271,-37.4722934719204
0,0.1080481,56.6484283283353,3.7636456489563,-25.470193862915,4.46566963195801,19.2701263427734,-0.477825045585632,2.63573384284973,-0.436545550823212,-2.16057321684467,-1.71745367357069,1.08480108884603
0,0.1075257,56.7559540271759,4.01358461380005,-27.1285190582275,4.96951484680176,16.3383026123047,-0.00632847286760807,1.79070198535919,-0.24428479373455,0.869107653788599,-3.71502716500353,1.9779757152994
0,0.1064531,56.8624071255326,-7.2654070854187,-27.152322769165,-6.83712577819824,15.7670125961304,0.136493787169456,2.49840474128723,-0.404502093791962,0.510566485539949,1.10454820157332,1.84221924254448
0,0.1081298,56.9705369248986,4.5888409614563,-27.2753086090088,5.29483222961426,14.1761312484741,0.0888863727450371,2.17064595222473,-0.2122413367033,0.321290923724402,-4.40734814219287,0.117116485603185
0,0.1068103,57.0773472264409,2.9860577583313,-26.707986831665,3.76742768287659,13.9301595687866,0.118183247745037,2.15782856941223,0.0779808312654495,-0.711469319277434,-3.89836980486289,-0.72751152058182
0,0.1099235,57.1872707232833,-0.540858685970306,-27.2753086090088,-0.295072376728058,14.6998128890991,-0.114360697567463,2.54418110847473,0.0715721398591995,-1.29434694967401,-0.823802857041795,0.0721613850751961
0,0.1077037,57.294974423945,-0.588466107845306,-26.7317905426025,-0.219693958759308,14.7236166000366,-0.0182303283363581,2.51854634284973,0.1228416711092,-1.65066855761703,-0.298766393033431,-0.4150501180956
0,0.1085223,57.4034967273474,-0.513087689876556,-26.3350620269775,-0.295072376728058,14.6244344711304,-0.0905569866299629,2.52495503425598,0.1356590539217,-1.5857268264785,-0.78867093671119,-0.321475146459131
0,0.1060758,57.5095725283027,-0.640040814876556,-26.0652866363525,-0.267301380634308,14.3268880844116,-0.107952006161213,2.47185444831848,0.1997459679842,-1.70827005591166,-0.262864770903579,-0.706130951463669
0,0.1101449,57.6197174265981,-0.314723432064056,-26.263650894165,0.00644130259752274,14.2277059555054,-0.126262560486794,2.47917866706848,0.263832867145538,-1.98506205356827,0.777790107242315,-0.632706580924222
0,0.1057723,57.7254897281528,-0.239345014095306,-26.6564121246338,0.0302450135350227,14.4022665023804,-0.0786551311612129,2.51122212409973,0.302285015583038,-1.99030250894578,0.63328142096528,-0.671570636461553
0,0.1082199,57.8337096273899,-0.215541303157806,-26.4620151519775,0.105623431503773,14.3030843734741,-0.179363146424294,2.51122212409973,0.21897204220295,-2.16999492527527,1.083640218974,-0.354103858211231
0,0.106099,57.9398086294532,-0.290919721126556,-26.6564121246338,-0.267301380634308,14.4776449203491,-0.203166857361794,2.55058979988098,0.15488512814045,-2.2551331243456,0.890967862208463,-0.495221729540876
0,0.1083238,58.0481324270368,-1.8143572807312,-26.7317905426025,-1.67172026634216,14.2277059555054,-0.0548514202237129,2.45262837409973,-0.13442151248455,-2.54397499306722,-0.36052448268118,0.526910671143623
0,0.1058481,58.1539805233479,-0.687648236751556,-26.4104404449463,-0.394254505634308,14.0531454086304,-0.161968126893044,2.48558735847473,-0.276328265666962,-2.78714777939657,-1.23237287655206,1.04369375098427
0,0.1085435,58.2625240236521,-0.112391889095306,-26.4342441558838,0.331758677959442,14.1285238265991,-0.197673693299294,2.56432271003723,-0.340415179729462,-2.78402115454892,-2.0136378052614,1.21126875753568
0,0.1058919,58.3684159219265,-0.540858685970306,-26.5611972808838,-0.0689371153712273,14.1285238265991,-0.0841482952237129,2.48558735847473,-0.24428479373455,-2.65302913607129,-1.17188649072437,1.24714113035372
0,0.1076541,58.4760700240731,-0.0370134711265564,-26.3866367340088,0.407137095928192,13.7079916000366,-0.0722464397549629,2.48558735847473,-0.1792823523283,-2.6593894862493,-0.59954633248012,1.17725630797326
0,0.1058401,58.5819101259112,0.359715044498444,-26.8547763824463,0.831636607646942,14.1285238265991,0.0650826618075371,2.55699849128723,0.14206774532795,-2.65927835547311,0.397471460690999,1.44308411793264
0,0.1079396,58.6898497268558,1.1611065864563,-26.041482925415,1.68460297584534,13.1089315414429,-0.00632847286760807,2.39403462409973,0.263832867145538,-2.6269182535466,1.30497605915336,1.49310656913217
0,0.1062928,58.7961425259709,0.859592974185944,-25.470193862915,1.53384613990784,13.6088094711304,0.0531808063387871,2.26311421394348,0.283058941364288,-2.04589474492544,1.65343393769462,1.67375780028488
0,0.1076012,58.9037437289953,-0.263148725032806,-25.2996006011963,0.482515513896942,14.7751913070679,0.303119778633118,2.24938130378723,0.283058941364288,-1.88514492016118,1.84865898825465,2.31959878080085
0,0.1060476,59.0097913295031,0.637425005435944,-25.248025894165,1.51004242897034,14.4022665023804,0.184101209044456,2.23015522956848,0.328835308551788,-1.15481364379656,1.47810354426045,2.05861104928781
0,0.1079585,59.1177498325706,-0.640040814876556,-24.97825050354,0.331758677959442,13.8785848617554,0.0412789508700371,2.30889058113098,0.373696148395538,-0.193943574269548,1.18004456845345,0.403406354909536
0,0.1053916,59.2231414318085,-2.2666277885437,-25.0496616363525,-1.32259917259216,13.6564168930054,-0.131755724549294,2.45903706550598,-0.1536475867033,-0.259423392893592,0.764111888183519,-0.319615592040289
0,0.1083876,59.3315290287137,-1.26290464401245,-24.7283115386963,-0.620389759540558,13.0851278305054,-0.119853861629963,2.51122212409973,-0.23146741092205,-0.853208360157286,-0.113267593117846,0.0998609716377351
0,0.1056931,59.4372221305966,-0.290919721126556,-24.6529331207275,0.355562388896942,12.0179281234741,-0.209575548768044,2.54418110847473,-0.19301526248455,-1.46647931778227,-1.06043975901671,0.0392628749653775
0,0.1081564,59.5453785285354,-0.489283978939056,-25.1250400543213,0.208772838115692,12.7875814437866,-0.179363146424294,2.77397847175598,-0.282736957073212,-0.91219110099123,-2.56548033684013,0.155542993783329
0,0.1058254,59.651203930378,-0.163966596126556,-24.9028720855713,0.506319224834442,11.7441854476929,-0.346904635429382,2.95067524909973,-0.295554339885712,0,0,0
0,0.1082019,59.7594058290124,-0.640040814876556,-25.914529800415,-0.0689371153712273,11.3474569320679,-0.173869982361794,2.94426655769348,-0.346823871135712,0,0,0
0,0.106295,59.8657008260489,-0.564662396907806,-25.9661045074463,0.0302450135350227,10.6254110336304,-0.161968126893044,2.92412495613098,-0.359641253948212,0,0,0
0,0.1082125,59.9739133268595,-0.790797650814056,-26.485818862915,-0.0451334044337273,10.7523641586304,-0.107952006161213,3.00286030769348,-0.423728168010712,0,0,0
0,0.1063545,60.0802678242326,-0.739222943782806,-25.7915439605713,0.105623431503773,9.98271083831787,-0.0960501506924629,2.93053364753723,-0.417319476604462,2.10707137220509,-5.71342915241137,2.07332685526759
0,0.1095232,60.1897910237312,-0.465480268001556,-25.3710117340088,0.355562388896942,10.0303182601929,-0.0841482952237129,2.93694233894348,-0.430136859416962,1.68451321469376,-4.96806509961865,1.81516729549256
0,0.1124855,60.3022765219212,-0.489283978939056,-25.9899082183838,0.355562388896942,10.5539999008179,-0.0484427288174629,3.05504536628723,-0.410910785198212,2.36185127776445,-4.16866900767515,1.55486801989599
0,0.1108069,60.4130834192038,-0.612269818782806,-25.5931797027588,0.280183970928192,10.3040609359741,-0.00632847286760807,3.03581929206848,-0.436545550823212,2.88195700561336,-4.05914872510466,1.31413333062677
0,0.1077974,60.520880818367,-0.390101850032806,-25.1726474761963,0.557893931865692,9.78434658050537,-0.0667532756924629,2.95708394050598,-0.443869769573212,3.18571818470596,-3.7202269786913,1.13926067492589
0,0.1092583,60.6301391199231,-0.362330853939056,-26.707986831665,0.482515513896942,10.1533041000366,-0.0127371642738581,3.02300190925598,-0.378867328166962,3.36105515003917,-3.27943804621693,0.841223250342199
0,0.1115404,60.7416795194149,-0.489283978939056,-26.1128940582275,0.383333384990692,9.93113613128662,0.0943795368075371,2.99004292488098,-0.1664649695158,3.25826585117367,-3.07220955130386,0.371608820159508
0,0.1091958,60.8508753180504,-0.239345014095306,-27.2515048980713,0.633272349834442,9.73277187347412,0.160297498106956,3.07518696784973,0.0450218468904495,3.04819497972459,-2.42077876797573,0.852507981207136
0,0.1121704,60.9630457162857,-0.239345014095306,-24.8790683746338,0.633272349834442,8.39182949066162,0.184101209044456,1.90880501270294,0.1612938195467,3.53163503472683,-2.04768808545918,-1.95196838882942
0,0.1106498,61.0736955180764,-0.513087689876556,-24.1609897613525,0.430940806865692,8.36802577972412,0.309528470039368,2.11846089363098,0.2381981164217,3.52794044507002,-1.51283408803503,-5.36539583471434
0,0.1082945,61.1819900199771,-0.413905560970306,-22.1337070465088,0.407137095928192,7.15006923675537,0.410236477851868,1.41075813770294,0.21897204220295,2.94070898008577,-1.18161179036662,-9.42755900483293
0,0.1145133,61.2965033203363,-0.513087689876556,-22.232889175415,0.133394420146942,7.24925136566162,0.637287259101868,1.31920540332794,0.2125633507967,2.82431880964022,-1.33365151994803,-11.1401148615708
0,0.1106138,61.4071171209216,-0.413905560970306,-23.6412754058838,0.256380259990692,8.36802577972412,0.744403958320618,1.60759651660919,0.2253807336092,3.08377872899328,-0.457163731128534,-9.24948199246047
0,0.1114191,61.5185362175107,-0.513087689876556,-25.3472080230713,0.0818197205662727,9.28446865081787,0.834125638008118,2.06627583503723,0.289467632770538,3.17931963910955,-0.288854504852448,-4.72549740058074
0,0.1096491,61.6281853169203,0.137547075748444,-25.0496616363525,0.331758677959442,9.31223964691162,0.786518216133118,1.89598762989044,0.302285015583038,3.27489546742495,0.418077294049797,-5.20459628530887
0,0.1083095,61.7364948168397,-0.290919721126556,-25.5217685699463,0.280183970928192,8.86393642425537,0.768207669258118,1.73210823535919,0.270241558551788,2.83590144524301,0.688983793033744,-2.81202854209808
0,0.1118211,61.8483159169555,-0.163966596126556,-25.5455722808838,0.355562388896942,8.71317958831787,0.786518216133118,1.65978157520294,0.295876324176788,2.62345973213144,0.727219341034813,-3.75263385512626
0,0.1084504,61.9567663148046,0.0621686577796936,-26.2120761871338,0.458711802959442,9.55821132659912,0.774616360664368,1.84380257129669,0.309609234333038,2.39034690248514,0.506725462827797,-2.2885330219147
0,0.1069913,62.0637576133013,-0.0132097601890564,-27.7950229644775,0.430940806865692,10.3040609359741,0.857929348945618,2.02049946784973,0.335243999958038,2.31980881844315,0.316378634529731,-0.0170305815731
0,0.1101998,62.1739574149251,-0.790797650814056,-29.6517124176025,-0.521207630634308,11.2720785140991,1.07216274738312,2.67510151863098,0.348061382770538,1.94907196549917,0.146089935994272,3.7812400778329
0,0.1066653,62.2806227132678,-0.965358197689056,-30.9847202301025,-0.771146595478058,11.7679891586304,0.970539212226868,2.66228413581848,0.360878765583038,1.14157194398509,-0.53740266041284,3.96853072869788
0,0.1087843,62.3894070163369,-0.640040814876556,-28.3147373199463,-0.195890247821808,12.4900350570679,0.803913235664368,2.63573384284973,0.14206774532795,1.07197946288609,-2.56056388129257,6.17072121013783
0,0.1062429,62.4956499189138,-1.0129656791687,-25.692361831665,-0.469632923603058,11.0975179672241,0.792011380195618,2.16423726081848,-0.0382911413908005,0,0,0
0,0.1079345,62.6035844162107,0.0343976616859436,-23.0699863433838,0.657076060771942,13.7794027328491,0.630878567695618,2.22374653816223,-0.276328265666962,0,0,0
0,0.1064968,62.7100812196732,0.137547075748444,-20.4000034332275,0.859407603740692,14.6006307601929,0.654682278633118,2.17064595222473,-0.269919574260712,-0.873703764070492,-2.6367051663222,5.81403007712028
0,0.1095704,62.8196516185999,0.0859723687171936,-19.70969581604,1.10934662818909,13.9301595687866,0.661090970039368,2.03331685066223,-0.0703345984220505,-0.132317513631722,-1.29503748413502,4.41373207725148
0,0.1058606,62.9255122169852,0.585850298404694,-20.82053565979,1.73617768287659,14.4260702133179,0.661090970039368,2.05986714363098,0.289467632770538,0.464321741091381,1.01292702459546,2.66080976212746
0,0.1105339,63.0360461175442,0.359715044498444,-21.26487159729,1.43466401100159,15.5210409164429,0.756305813789368,2.16423726081848,0.335243999958038,0.889896616321487,2.20511120268131,2.67413510141598
0,0.1061609,63.142207019031,-0.465480268001556,-21.5862216949463,0.609468638896942,14.9497518539429,0.792011380195618,2.10564351081848,0.367287456989288,0.909979499012898,1.77445401991308,3.74064512502853
0,0.1080617,63.2502687200904,-0.640040814876556,-23.4191074371338,0.331758677959442,13.8071737289429,0.762714505195618,2.11205220222473,0.354470074176788,1.29906352974306,1.79789111328549,2.24952158446896
0,0.1056499,63.355918623507,-0.362330853939056,-26.1644687652588,0.633272349834442,13.2596883773804,0.708698391914368,2.30156636238098,0.360878765583038,0.729167701325623,1.20702110352177,2.78853740840788
0,0.1096826,63.465601220727,-0.112391889095306,-29.3303623199463,0.458711802959442,14.0293416976929,0.720600247383118,2.58354878425598,0.328835308551788,1.55230707777555,1.22351626316643,1.91733454946138
0,0.1062751,63.5718763172627,-0.187770307064056,-28.21555519104,0.430940806865692,13.5056600570679,0.702289700508118,2.47185444831848,0.341652691364288,2.02334997342766,1.14958071365431,0.0217282950305632
0,0.1083008,63.6801771149039,-0.362330853939056,-27.6720371246338,0.256380259990692,13.3588705062866,0.727008938789368,2.43981099128723,0.424965679645538,2.13046276343725,1.29154629422085,0.188521173642141
0,0.1064371,63.7866142168641,0.137547075748444,-27.4498691558838,0.732454478740692,13.4342489242554,0.708698391914368,2.44621968269348,0.367287456989288,1.97063862403455,1.45643503993651,0.032759810060901
0,0.1082505,63.8948647156358,0.185154497623444,-27.6482334136963,0.807832896709442,13.4064779281616,0.738910794258118,2.43340229988098,0.405739605426788,1.9296512431588,1.40660287705161,-0.0394979218307724
0,0.107623,64.002487719059,-4.88900327682495,-36.5032157897949,-4.63131523132324,9.58201503753662,1.14357388019562,1.99394905567169,0.11643297970295,2.90958158679438,-0.443786480234589,-0.845950149574269
0,0.1089766,64.1114643216133,0.137547075748444,-31.8257846832275,0.883211314678192,14.6006307601929,0.607074856758118,2.37389302253723,-0.276328265666962,1.80756215862101,-2.94298178866892,0.990451675676813
0,0.1071363,64.2186006233096,0.562046587467194,-18.646463394165,1.60922455787659,18.7980194091797,1.23329555988312,2.24938130378723,-0.18569104373455,-0.657986322413345,-1.50899996500185,3.01560937019285
0,0.1068964,64.3254970237613,-0.163966596126556,-17.9521884918213,1.01016449928284,17.3063201904297,1.14357388019562,2.36107563972473,-0.0639259070158005,-0.228550789899374,-0.171844771903851,1.88320397236946
0,0.1075761,64.4330731257796,-0.390101850032806,-14.1912021636963,2.28763031959534,19.3693084716797,0.988849759101868,2.03331685066223,-0.16005627810955,-1.44770439964699,1.44262852389619,3.27302395697286
0,0.1095954,64.5426685288548,0.462864458560944,-9.83909034729004,2.46219086647034,22.0988006591797,1.54915249347687,1.48949348926544,-0.0318824499845505,-1.07426994485894,1.7249516348983,3.20588651308484
0,0.1076028,64.6502713263035,0.538242876529694,-7.78800392150879,3.21597504615784,25.0544281005859,1.45943081378937,1.64055550098419,-0.0318824499845505,-3.0274436522032,1.97450450757429,3.08161526032235
0,0.1064051,64.75667642802,0.335911333560944,-6.12967872619629,3.66427826881409,23.9872283935547,1.31660854816437,2.27593159675598,0.0450218468904495,-1.22347239537691,2.58235539443147,0.863047652505383
0,0.1081169,64.864793330431,0.161350786685944,-1.57920265197754,2.66452240943909,15.4178915023804,0.857929348945618,1.48949348926544,-0.00624768435955048,-0.792776234950713,2.6853834366472,2.98467917998319
0,0.1073322,64.9721255302429,0.137547075748444,-2.69004249572754,2.51376557350159,15.8899984359741,1.07216274738312,1.39153206348419,0.16770251095295,0.452307628064598,2.56044368955641,2.39128371233624
0,0.1061943,65.0783198326826,-0.489283978939056,-13.7230625152588,2.53756928443909,24.8560638427734,1.24519741535187,2.43340229988098,0.270241558551788,0.500519976962204,1.85606404193027,3.32232145203469
0,0.1090062,65.1873260363936,-0.413905560970306,-11.7671909332275,2.46219086647034,23.4675140380859,1.31660854816437,2.01409077644348,0.289467632770538,1.44356443739619,1.8360739680438,2.7622434754854
0,0.1074781,65.2948041334748,-0.437709271907806,-9.89066505432129,2.28763031959534,22.9200286865234,1.31660854816437,2.03972554206848,0.360878765583038,1.24519481833776,1.80083335489474,2.83293863208931
0,0.1067132,65.4015173316002,-0.163966596126556,-9.64072608947754,2.56137299537659,22.9438323974609,1.32851040363312,2.05986714363098,0.322426617145538,1.69183192114333,1.90534372062077,3.04028257440422
0,0.1057698,65.5072871297598,-0.390101850032806,-10.2596225738525,2.38681244850159,22.6978607177734,1.28731167316437,1.98754036426544,0.348061382770538,2.07368779930549,1.95944847149632,3.29047311392576
0,0.1054552,65.6127423271537,-0.540858685970306,-10.5333652496338,2.26382660865784,23.1937713623047,1.31111538410187,2.05986714363098,0.399330914020538,1.81475530967845,1.69797043492547,3.2320823917322
0,0.1067563,65.7194986268878,-0.612269818782806,-10.2596225738525,2.16067719459534,22.8446502685547,1.30470669269562,1.98113167285919,0.373696148395538,1.88357389379382,1.58848826769385,2.99310467219577
0,0.1071814,65.8266800269485,-0.588466107845306,-10.235818862915,2.18844819068909,23.0945892333984,1.28090298175812,2.07909321784973,0.418556988239288,1.56417279703742,1.7943252241648,3.23280298503796
0,0.1058618,65.9325418248773,-0.465480268001556,-10.5333652496338,2.28763031959534,22.8962249755859,1.34041225910187,2.00676655769348,0.380104839801788,1.88030410259802,1.68158008620876,3.16287906454533
0,0.105925,66.0384668260813,-0.513087689876556,-10.7793369293213,2.23605561256409,23.2175750732422,1.34041225910187,2.09191060066223,0.412148296833038,2.0574315499754,1.79541044383388,3.17317889470854
0,0.1071053,66.1455721259117,-0.465480268001556,-10.63254737854,2.23605561256409,22.9438323974609,1.32301723957062,1.99394905567169,0.418556988239288,1.87077904611738,1.85981807860487,3.34208509353162
0,0.2047736,66.3503457307816,-0.489283978939056,-10.63254737854,2.28763031959534,23.0668182373047,1.35872280597687,2.04613423347473,0.450600445270538,1.9656396352286,1.82448227111439,3.3