F,DT,T,LeapPos_X,LeapPos_Y,LeapPos_Z,LeapRot_X,LeapRot_Y,LeapRot_Z,LeapRot_W,Grab,Pinch,cmdPos_X,cmdPos_Y,cmdPos_Z,cmdRot_X,cmdRot_Y,cmdRot_Z,cmdRot_W
261676,0.0187541,0.0187541004270315,1.166938,0.5536373,-0.2718878,0.6744595,-0.1431506,0.6123896,0.3867707,0,0,0.4266908,0.2166949,0.124938,0.960618,-0.2757251,0.03276291,0.01074387
261676,0.0166696,0.0354236997663975,1.167276,0.5529358,-0.2722964,0.6750383,-0.1432124,0.6117355,0.386773,0,0,0.4268879,0.2169383,0.1246373,0.9604722,-0.2761876,0.03308522,0.01090902
261676,0.0166655,0.05208919942379,1.1674,0.5525751,-0.2725815,0.6753699,-0.1431566,0.6113402,0.3868397,0,0,0.4272966,0.2172765,0.1239358,0.9602445,-0.2769258,0.03347551,0.01104164
261676,0.0166691,0.0687582995742559,1.167545,0.5518342,-0.2729799,-0.6758027,0.1438461,-0.6103429,-0.3874026,0,0,0.4275816,0.2173999,0.1235751,0.960101,-0.2774041,0.03360151,0.01113334
261676,0.0166649,0.0854231994599104,1.167601,0.551493,-0.2730811,-0.6757407,0.1445916,-0.609906,-0.3879209,0,0,0.42798,0.217545,0.1228342,0.9598671,-0.2780917,0.03424513,0.01214948
261676,0.0166679,0.1020911000669,1.167661,0.5511658,-0.2731675,0.6765848,-0.1446497,0.6093317,0.3873299,0,0,0.4280812,0.2176016,0.122493,0.9598375,-0.2781006,0.03466004,0.01306931
261698,0.0166655,0.118756599724293,1.167645,0.5510046,-0.2731372,0.6767979,-0.1448894,0.6089894,0.3874065,0,0,0.4281676,0.2176608,0.1221658,0.9595893,-0.2788821,0.03539963,0.01265013
261698,0.0166682,0.135424800217152,1.167434,0.5506504,-0.2729574,0.6772891,-0.1446088,0.6085399,0.3873591,0,0,0.4281372,0.2176453,0.1220046,0.9594993,-0.2791423,0.03569984,0.01289497
261698,0.0166671,0.152091899886727,1.167224,0.550545,-0.2727465,0.6774185,-0.1451041,0.6084103,0.3871512,0,0,0.4279575,0.217434,0.1216504,0.9592995,-0.2798245,0.03577035,0.01277646
261698,0.0166662,0.168758099898696,1.166622,0.5503443,-0.272301,0.6772707,-0.1461146,0.6081374,0.3874586,0,0,0.4277466,0.2172245,0.121545,0.9592935,-0.2797692,0.03632856,0.01286215
261698,0.0166663,0.185424400493503,1.166194,0.5502687,-0.2720369,-0.6769605,0.1466981,-0.6082118,-0.3876634,0,0,0.4273011,0.2166219,0.1213443,0.9593364,-0.2794963,0.03698431,0.01370221
261698,0.0166673,0.202091701328754,1.165177,0.5503891,-0.2716018,-0.6769329,0.1465552,-0.608539,-0.3872517,0,0,0.427037,0.2161939,0.1212686,0.9594473,-0.2790601,0.03722173,0.0141767
261698,0.0166671,0.21875880099833,1.164608,0.5505492,-0.2714529,-0.6769565,0.1465977,-0.6087207,-0.3869088,0,0,0.4266019,0.2151771,0.121389,0.9595168,-0.2788461,0.03722175,0.01367956
261698,0.0166665,0.235425300896168,1.163377,0.5508124,-0.2711852,-0.6769201,0.1462083,-0.609022,-0.3866454,0,0,0.426453,0.2146084,0.1215491,0.9595601,-0.2786905,0.03738415,0.01336264
261698,0.0166673,0.25209260173142,1.162945,0.5509708,-0.2711829,0.6765236,-0.1462092,0.6093605,0.3868057,0,0,0.4261853,0.2133769,0.1218124,0.9596033,-0.2785994,0.03712428,0.01287748
261698,0.0166669,0.268759502097964,1.162066,0.5512155,-0.2711382,-0.6752152,0.1469553,-0.6103798,-0.387202,0,0,0.426183,0.2129448,0.1219708,0.959739,-0.278165,0.03683887,0.01297167
261698,0.016666,0.285425502806902,1.161576,0.5512601,-0.2709933,-0.6746843,0.1468192,-0.6112347,-0.3868303,0,0,0.4261383,0.212066,0.1222155,0.9602253,-0.2764901,0.03656249,0.01356009
261698,0.0166674,0.302092902362347,1.160767,0.5513153,-0.2705581,-0.673616,0.1464824,-0.6126326,-0.3866081,0,0,0.4259934,0.2115759,0.1222601,0.9604882,-0.2756413,0.03625976,0.01302321
261698,0.0166663,0.318759202957153,1.160458,0.5513638,-0.2702277,-0.6732982,0.1462967,-0.6131629,-0.3863913,0,0,0.4255583,0.2107676,0.1223153,0.9609339,-0.2742198,0.03542562,0.01243728
261698,0.0166676,0.335426803678274,1.159894,0.5515072,-0.2696134,-0.6726145,0.1459029,-0.6146876,-0.385307,0,0,0.4252278,0.210458,0.1223638,0.9610851,-0.2737406,0.03515607,0.0120653
261698,0.0166675,0.352094303816557,1.159633,0.55158,-0.2692771,-0.672365,0.1459097,-0.6152927,-0.3847737,0,0,0.4246135,0.2098945,0.1225072,0.9614977,-0.2723942,0.03478638,0.01064992
261698,0.0166684,0.368762703612447,1.159431,0.5519133,-0.2688257,-0.6718621,0.1460085,-0.6168876,-0.3830568,0,0,0.4242772,0.2096335,0.1225799,0.9616712,-0.271798,0.03482311,0.01007896
261698,0.0166648,0.385427502915263,1.159255,0.5519979,-0.2685778,-0.6720458,0.1455598,-0.6173874,-0.3820991,0,0,0.4238258,0.2094314,0.1229133,0.9621105,-0.2702521,0.03518273,0.008334693
261698,0.0166672,0.402094703167677,1.158923,0.5521611,-0.2681297,-0.6721196,0.1453214,-0.6181418,-0.3808385,0,0,0.4235778,0.2092555,0.1229979,0.9621577,-0.2701108,0.03523436,0.007161203
261698,0.0166664,0.418761102482677,1.158695,0.55216,-0.2678964,-0.6719587,0.1452855,-0.6184726,-0.3805986,0,0,0.4231298,0.2089233,0.1231611,0.9622933,-0.2696257,0.035499,0.005783985
261698,0.0166672,0.43542830273509,1.158332,0.5521444,-0.2675229,0.6716189,-0.1452316,0.6187832,0.3807143,0,0,0.4228964,0.2086954,0.12316,0.9623862,-0.2693056,0.03545542,0.005499122
261698,0.0166666,0.452094903215766,1.158093,0.5521189,-0.2672505,-0.671524,0.1450026,-0.61892,-0.3807464,0,0,0.4225231,0.2083316,0.1231444,0.9624992,-0.2689379,0.03517361,0.00553027
261698,0.0166694,0.468764303252101,1.157557,0.5520381,-0.2666342,-0.6714867,0.1443303,-0.6193974,-0.3802913,0,0,0.4222506,0.2080927,0.1231189,0.9625236,-0.2688861,0.03491671,0.005421416
261698,0.0166645,0.485428802669048,1.157341,0.5520463,-0.2664061,-0.6715648,0.1437817,-0.6197968,-0.3797097,0,0,0.4216343,0.2075571,0.1230381,0.9625762,-0.2687688,0.03448633,0.004592776
261776,0.0166677,0.502096502110362,1.156884,0.5519107,-0.2658975,-0.6717885,0.1420649,-0.6207751,-0.37836,0,0,0.4214062,0.2073415,0.1230463,0.9626047,-0.268708,0.034269,0.003724974
261776,0.0166663,0.518762802705169,1.156685,0.5518955,-0.2657039,0.6724516,-0.140189,0.6213378,0.3769554,0,0,0.4208975,0.206884,0.1229106,0.9626344,-0.2687302,0.0334206,0.001476594
261776,0.0166674,0.535430202260613,1.156253,0.5518868,-0.2650967,0.6726363,-0.1400594,0.6222963,0.3750885,0,0,0.4207039,0.2066855,0.1228955,0.9624906,-0.2693344,0.03271616,-0.0008398721
261776,0.0166676,0.552097802981734,1.15602,0.551832,-0.2647501,0.6729773,-0.1395548,0.6227014,0.3739911,0,0,0.4200968,0.2062536,0.1228868,0.9626508,-0.2686715,0.0333437,-0.002736235
261776,0.016667,0.568764802068472,1.155443,0.5516995,-0.2640161,0.6740251,-0.137924,0.6238843,0.3707232,0,0,0.4197502,0.2060197,0.122832,0.9626366,-0.2686869,0.0334921,-0.004046578
261776,0.0166657,0.585430502891541,1.15501,0.55159,-0.2636508,0.674454,-0.1371592,0.624456,0.3692613,0,0,0.4190162,0.2054434,0.1226995,0.9625639,-0.2688136,0.03384991,-0.008007132
261776,0.0166682,0.602098703384399,1.154034,0.5514392,-0.2627138,0.6748565,-0.1370817,0.6253353,0.3670604,0,0,0.4186509,0.2050104,0.12259,0.9625385,-0.2688314,0.03395931,-0.009801489
261798,0.0166654,0.618764102458954,1.153573,0.5514594,-0.2622856,-0.6753426,0.1368655,-0.6256481,-0.3657114,0,0,0.4177139,0.2040346,0.1224392,0.9626337,-0.2682857,0.03487667,-0.01195485
261798,0.0166673,0.635431403294206,1.152458,0.5514934,-0.26147,-0.6765302,0.1347787,-0.6266569,-0.3625506,0,0,0.4172857,0.2035728,0.1224594,0.9625902,-0.2683032,0.03543905,-0.01332678
261798,0.0166669,0.65209830366075,1.151885,0.5515606,-0.2611787,-0.6767594,0.134317,-0.6273634,-0.3610694,0,0,0.4164701,0.2024581,0.1224934,0.9623849,-0.2688023,0.03547585,-0.01738641
261798,0.016667,0.668765302747488,1.150467,0.5513906,-0.260635,-0.6771202,0.1315451,-0.6290897,-0.3583998,0,0,0.4161788,0.2018854,0.1225606,0.9624305,-0.2684911,0.03573311,-0.01905794
261798,0.016667,0.685432301834226,1.149684,0.5512177,-0.2602813,-0.676757,0.1316235,-0.6297953,-0.3578174,0,0,0.4156352,0.2004674,0.1223906,0.962423,-0.2683519,0.03456072,-0.02312318
261798,0.0166672,0.702099502086639,1.14835,0.5509728,-0.2596711,-0.6753991,0.1322604,-0.6324545,-0.3554501,0,0,0.4152814,0.1996846,0.1222177,0.9626206,-0.2675841,0.03461532,-0.0237093
261798,0.0166679,0.718767402693629,1.147587,0.5508865,-0.2593021,-0.6747152,0.1326286,-0.6334178,-0.3548961,0,0,0.4146712,0.1983505,0.1219728,0.9633843,-0.2645429,0.03517251,-0.02589619
261798,0.0166658,0.735433202236891,1.146093,0.5507187,-0.2584344,-0.6737876,0.1327569,-0.6351251,-0.3535565,0,0,0.4143022,0.1975874,0.1218865,0.9637065,-0.2633088,0.03527354,-0.02634477
261798,0.016667,0.752100201323628,1.145308,0.550561,-0.2581192,-0.6732183,0.1323399,-0.6361478,-0.352958,0,0,0.4134345,0.1960933,0.1217187,0.9641727,-0.2614492,0.03530779,-0.02772671
261798,0.0166666,0.768766801804304,1.143961,0.5503074,-0.2576742,-0.6721252,0.1313985,-0.6381247,-0.3518227,0,0,0.4131193,0.1953078,0.1215609,0.9644095,-0.2605404,0.03484138,-0.02862254
261798,0.0166667,0.785433501005173,1.143407,0.5502872,-0.2574876,0.6712887,-0.1321163,0.6388181,0.3518924,0,0,0.4126742,0.1939608,0.1213074,0.9648485,-0.2588412,0.03382626,-0.03040228
261798,0.0166671,0.802100600674748,1.142405,0.5505612,-0.2572272,0.6703967,-0.1317874,0.6401755,0.3512491,0,0,0.4124877,0.1934074,0.1212872,0.9651806,-0.2576274,0.03391497,-0.0300719
261838,0.0166664,0.818766999989748,1.141966,0.5507189,-0.2572379,0.6699286,-0.1316113,0.640868,0.3509451,0,0,0.4122273,0.1924055,0.1215612,0.9655321,-0.256269,0.03335381,-0.03100807
261838,0.0166672,0.835434200242162,1.140988,0.5506946,-0.257061,-0.6682733,0.1319091,-0.6421797,-0.351591,0,0,0.412238,0.1919658,0.1217189,0.9657121,-0.2555739,0.03304517,-0.03146784
261838,0.016667,0.852101199328899,1.140606,0.5507325,-0.2569903,0.6674204,-0.1322102,0.6427227,0.3521054,0,0,0.4120612,0.190988,0.1216946,0.9662549,-0.2537005,0.03211696,-0.03091991
261838,0.0166667,0.868767898529768,1.139961,0.5510116,-0.2568691,0.6665266,-0.1317699,0.6435395,0.3524712,0,0,0.4119903,0.1906058,0.1217325,0.9665257,-0.2527853,0.03169832,-0.03038012
261838,0.0166673,0.88543519936502,1.139725,0.5512134,-0.256861,-0.6662233,0.1313505,-0.6438126,-0.3527026,0,0,0.4118692,0.1899609,0.1220116,0.9667796,-0.2519356,0.03069467,-0.03038954
261838,0.0166684,0.90210359916091,1.139286,0.5517079,-0.2569904,0.6658711,-0.1298272,0.6446003,0.352493,0,0,0.4118611,0.1897249,0.1222134,0.9668412,-0.2517662,0.03009342,-0.0304335
261838,0.0166654,0.918768998235464,1.139088,0.5519607,-0.2570887,-0.6658033,0.1289054,-0.645022,-0.3521877,0,0,0.4119905,0.1892863,0.1227079,0.9668907,-0.2516062,0.02870488,-0.03150719
261838,0.0166674,0.935436397790909,1.138968,0.5524061,-0.2574207,-0.6650082,0.1276557,-0.6463578,-0.3516956,0,0,0.4120888,0.1890885,0.1229607,0.9668836,-0.2516101,0.02801048,-0.03230914
261838,0.0166665,0.952102897688746,1.138989,0.5525631,-0.2575347,0.664727,-0.1271305,0.6467817,0.3516383,0,0,0.4124208,0.1889684,0.1234061,0.9671166,-0.2506907,0.02669566,-0.03357073
261838,0.016667,0.968769896775484,1.139088,0.5527965,-0.2576331,0.6638443,-0.1275072,0.6470108,0.3527462,0,0,0.4125348,0.188989,0.1235631,0.9671835,-0.2504423,0.02612141,-0.0339476
261838,0.0166669,0.985436797142029,1.139152,0.5529023,-0.2577046,-0.6636191,0.1274713,-0.6472181,-0.3528024,0,0,0.4126332,0.1890877,0.1237965,0.9674171,-0.2497528,0.0255422,-0.03279192
261876,0.0166694,1.00210619717836,1.13927,0.5529534,-0.257854,-0.6630756,0.1270705,-0.6475779,-0.3533083,0,0,0.4127048,0.1891523,0.1239023,0.9674861,-0.2495042,0.02536467,-0.03278787
261876,0.0166635,1.01876969635487,1.13933,0.552907,-0.2579326,-0.6628426,0.1268873,-0.6476896,-0.3536067,0,0,0.412854,0.1892703,0.1239534,0.9676029,-0.2491591,0.02454725,-0.03258619
261876,0.0166694,1.0354390963912,1.139517,0.5528013,-0.2580988,-0.6624789,0.1266328,-0.6478242,-0.3541326,0,0,0.4129327,0.1893303,0.123907,0.9676454,-0.2490527,0.02415905,-0.03242644
261876,0.0166647,1.05210379697382,1.139657,0.5527712,-0.2581609,-0.6623896,0.1266463,-0.647933,-0.3540956,0,0,0.4130989,0.1895173,0.1238012,0.9677085,-0.2489073,0.02355831,-0.03210134
261876,0.0166678,1.06877159699798,1.140069,0.5526652,-0.2584329,0.662138,-0.1262048,0.6481941,0.3542458,0,0,0.4131611,0.1896573,0.1237712,0.9677421,-0.2487738,0.0235315,-0.03214248
261876,0.0166664,1.08543799631298,1.140316,0.5525731,-0.2586028,-0.6619457,0.126276,-0.6482862,-0.3544114,0,0,0.413433,0.1900694,0.1236652,0.9677856,-0.2486406,0.02297139,-0.03226747
261898,0.0166676,1.1021055970341,1.140882,0.5522796,-0.258823,0.6616364,-0.1266113,0.6484156,0.3546327,0,0,0.4136029,0.1903165,0.1235731,0.9678408,-0.2484581,0.02286299,-0.03209477
261898,0.0166698,1.11877539753914,1.141184,0.5520732,-0.2589027,0.6613179,-0.1273844,0.6483631,0.3550454,0,0,0.4138231,0.1908818,0.1232796,0.9679471,-0.2480867,0.02288667,-0.03174262
261898,0.0166673,1.13544269837439,1.141958,0.5517001,-0.2591954,-0.6606146,0.1289111,-0.6484599,-0.3556266,0,0,0.4139028,0.1911839,0.1230732,0.9680682,-0.2476825,0.02320014,-0.03097059
261898,0.0166668,1.1521094981581,1.142409,0.5514988,-0.2594324,0.6602583,-0.1297123,0.6485238,0.3558803,0,0,0.4141955,0.1919577,0.1227001,0.9683481,-0.2466815,0.02385906,-0.02968298
261898,0.0166668,1.1687762979418,1.142966,0.55125,-0.2596846,-0.6601635,0.1299915,-0.6485812,-0.3558495,0,0,0.4144325,0.1924087,0.1224988,0.9684934,-0.246149,0.02423046,-0.02905472
261898,0.0166667,1.18544299714267,1.143787,0.5507128,-0.2601478,-0.6600792,0.1307154,-0.6484054,-0.3560611,0,0,0.4146847,0.1929662,0.12225,0.9685439,-0.2459443,0.02441817,-0.02894771
261898,0.0167325,1.20217549800873,1.144731,0.5500561,-0.2605482,-0.6599184,0.1318419,-0.6483252,-0.35609,0,0,0.415148,0.1937872,0.1217128,0.9685972,-0.2457546,0.02489522,-0.02836422
261898,0.0166666,1.2188420984894,1.14516,0.54979,-0.2606887,0.6599959,-0.1319575,0.6482762,0.3559929,0,0,0.4155483,0.1947314,0.1210561,0.9687133,-0.2452808,0.02572571,-0.02775234
261898,0.0166669,1.23550899885595,1.146038,0.5493928,-0.2608913,-0.6606067,0.1327186,-0.647764,-0.3555088,0,0,0.4156888,0.1951599,0.12079,0.9687023,-0.2453031,0.0258992,-0.02777412
261898,0.0166664,1.25217539817095,1.146433,0.5492011,-0.260998,0.6609929,-0.1330206,0.647491,0.3551754,0,0,0.4158913,0.1960381,0.1203928,0.9685833,-0.2456517,0.02704497,-0.02775186
261898,0.0166674,1.26884279772639,1.147004,0.5485955,-0.2611727,0.661762,-0.1328826,0.6465968,0.3554237,0,0,0.4159981,0.1964334,0.1202011,0.9684995,-0.2459046,0.02763091,-0.0278607
261898,0.0166669,1.28550969809294,1.147318,0.5484151,-0.2612805,0.6621827,-0.1332909,0.646131,0.3553344,0,0,0.4161728,0.1970038,0.1195955,0.9682149,-0.2470269,0.02786773,-0.0275866
261898,0.0166674,1.30217709764838,1.147905,0.5482862,-0.261584,-0.6633129,0.1336733,-0.6455612,-0.3541164,0,0,0.4162807,0.1973186,0.1194151,0.9681041,-0.247413,0.02847651,-0.02739489
261938,0.0166672,1.3188442979008,1.148118,0.5481665,-0.2617078,0.6636262,-0.1338972,0.6453743,0.3537851,0,0,0.4165841,0.1979052,0.1192862,0.9678454,-0.2481678,0.02986173,-0.02821725
261938,0.0166669,1.33551119826734,1.148177,0.5477059,-0.261801,0.6642496,-0.1341152,0.6446819,0.3537951,0,0,0.4167079,0.1981185,0.1191665,0.9677789,-0.248351,0.03034147,-0.02837504
261938,0.0166668,1.35217799805105,1.14824,0.5476542,-0.2619256,-0.6645694,0.1347276,-0.6445251,-0.3532469,0,0,0.4168011,0.1981772,0.1187059,0.9675786,-0.2490894,0.03087431,-0.02815976
261938,0.0166668,1.36884479783475,1.148298,0.5475919,-0.2622027,-0.664769,0.1362075,-0.644185,-0.3529242,0,0,0.4169257,0.19824,0.1186541,0.9675474,-0.2490817,0.0317554,-0.02831774
261938,0.0166657,1.38551049865782,1.148265,0.5475129,-0.2623128,-0.6646314,0.1371837,-0.643953,-0.3532285,0,0,0.4172028,0.1982985,0.1185919,0.9675828,-0.2488126,0.0332087,-0.02780385
261938,0.0166691,1.40217959880829,1.14822,0.547461,-0.2626981,-0.6648678,0.1376504,-0.6437368,-0.3529963,0,0,0.4173129,0.198265,0.1185129,0.967654,-0.24854,0.03383361,-0.02699871
261938,0.0166667,1.41884629800916,1.148178,0.5474539,-0.2629025,0.6650288,-0.1377499,0.6435594,0.3529774,0,0,0.4176981,0.19822,0.118461,0.9676155,-0.2486136,0.03443683,-0.02693853
261938,0.0166676,1.43551389873028,1.148088,0.5474694,-0.2631999,0.6652375,-0.1380422,0.6433535,0.3528455,0,0,0.4179025,0.1981781,0.1184539,0.9675668,-0.2487841,0.03461801,-0.0268801
261938,0.0166661,1.45217999815941,1.148033,0.5474876,-0.2633698,0.665501,-0.1376022,0.6433181,0.3525849,0,0,0.4182001,0.1980882,0.1184694,0.9675205,-0.2489136,0.03502582,-0.02682047
261938,0.0166672,1.46884719841182,1.147992,0.5476351,-0.2635759,0.6658634,-0.1371295,0.6431435,0.3524032,0,0,0.4183699,0.1980328,0.1184876,0.9674301,-0.2492331,0.03490219,-0.02727506
261938,0.0166668,1.48551399819553,1.148002,0.5477239,-0.2637019,0.6660848,-0.1369956,0.6429501,0.3523899,0,0,0.4185759,0.1979919,0.1186351,0.9672971,-0.2497235,0.03478058,-0.02765625
261976,0.0166671,1.5021810978651,1.148359,0.5481061,-0.2640132,0.6664143,-0.136867,0.6426278,0.3524045,0,0,0.4187021,0.1980017,0.1187239,0.9672154,-0.250031,0.03480082,-0.02770989
261976,0.0166672,1.51884829811752,1.148559,0.5482514,-0.2641522,-0.6665601,0.1368665,-0.6425034,-0.3523559,0,0,0.4190133,0.1983591,0.1191061,0.9670942,-0.2504877,0.03487756,-0.02771799
261976,0.016667,1.53551529720426,1.149048,0.5485408,-0.2644308,0.6666564,-0.1369121,0.6422815,0.3525607,0,0,0.4191523,0.1985593,0.1192514,0.9670479,-0.2506496,0.03497752,-0.02774463
261976,0.0166663,1.55218159779906,1.149368,0.5486565,-0.2646098,0.666818,-0.136663,0.6420358,0.3527994,0,0,0.4194309,0.1990486,0.1195408,0.9670001,-0.2508575,0.03499912,-0.02750659
261976,0.0166671,1.56884869746864,1.150107,0.5489367,-0.2649704,-0.6671897,0.1366971,-0.6415342,-0.3529955,0,0,0.4196098,0.1993685,0.1196565,0.966912,-0.2512371,0.03480176,-0.0273857
261976,0.0166659,1.58551459759474,1.150572,0.5491599,-0.2652043,0.6675592,-0.1367675,0.6414657,0.3523938,0,0,0.4199705,0.2001075,0.1199367,0.9667684,-0.2517934,0.03497472,-0.02712234
261976,0.0166675,1.60218209773302,1.151423,0.5492941,-0.2655798,0.6686493,-0.1359812,0.6408295,0.3517882,0,0,0.4202045,0.2005726,0.1201599,0.9666936,-0.25196,0.0354544,-0.0276171
261998,0.0166666,1.6188486982137,1.151797,0.549296,-0.265676,0.6694731,-0.1349213,0.6404805,0.3512647,0,0,0.42058,0.2014226,0.1202941,0.9663239,-0.2532535,0.03563823,-0.02847416
261998,0.0166684,1.63551709800959,1.152467,0.5492898,-0.2658571,0.6703448,-0.1349155,0.6397352,0.3509625,0,0,0.4206761,0.2017967,0.120296,0.9660239,-0.254317,0.03541453,-0.02943687
261998,0.0166658,1.65218289755285,1.152763,0.5492734,-0.2659051,0.6706724,-0.135293,0.6393105,0.3509649,0,0,0.4208573,0.2024669,0.1202898,0.9657412,-0.2552848,0.03601576,-0.02960618
261998,0.0166674,1.66885029710829,1.153302,0.5493387,-0.2659791,-0.6718669,0.1354924,-0.638677,-0.3497549,0,0,0.4209052,0.2027636,0.1202734,0.9656444,-0.2556092,0.03651631,-0.02935125
261998,0.0166658,1.68551609665155,1.153496,0.5492872,-0.2659798,-0.6724182,0.1354779,-0.638043,-0.3498583,0,0,0.4209792,0.2033024,0.1203387,0.9653289,-0.2565098,0.03779057,-0.03024461
262016,0.0166676,1.70218369737267,1.15367,0.5492244,-0.2660239,-0.6733591,0.1352743,-0.6371009,-0.3498444,0,0,0.4209799,0.203496,0.1202872,0.9651228,-0.2572653,0.0380598,-0.03006944
262016,0.0166666,1.71885029785335,1.15369,0.5491625,-0.2660394,-0.6737093,0.1353755,-0.6367083,-0.3498458,0,0,0.4210239,0.20367,0.1202244,0.9647755,-0.2585106,0.038438,-0.03005201
262016,0.0166681,1.73551839776337,1.153664,0.5489686,-0.2660621,-0.6739639,0.1365819,-0.6363007,-0.3496278,0,0,0.4210395,0.2036901,0.1201625,0.964654,-0.2589336,0.03872348,-0.02994302
262016,0.0166668,1.75218519754708,1.1536,0.5487971,-0.2660497,-0.6739579,0.1370503,-0.6361662,-0.3497006,0,0,0.4210623,0.2036646,0.1199685,0.9646394,-0.258857,0.03994728,-0.02946337
262016,0.0166663,1.76885149814188,1.15342,0.5483352,-0.265954,0.6741408,-0.1372369,0.6361271,0.3493461,0,0,0.4210498,0.2036006,0.1197971,0.9646581,-0.2587682,0.04030726,-0.02913935
262016,0.0166669,1.78551839850843,1.153359,0.5480722,-0.2658535,0.6741937,-0.137752,0.6361009,0.3490887,0,0,0.4209542,0.2034206,0.1193352,0.9646301,-0.2587881,0.04069117,-0.0293559
262016,0.0166672,1.80218559876084,1.153271,0.547549,-0.2656552,0.6741375,-0.1394902,0.6360573,0.3485864,0,0,0.4208537,0.2033594,0.1190722,0.9646565,-0.2586068,0.04123913,-0.02931915
262038,0.0166665,1.81885209865868,1.153199,0.5472761,-0.2655504,-0.6742494,0.1398469,-0.6360305,-0.3482756,0,0,0.4206553,0.2032714,0.118549,0.9647981,-0.2578703,0.04282554,-0.0288728
262038,0.0176711,1.83652319945395,1.152943,0.5464754,-0.2652905,-0.6745777,0.1396879,-0.6358224,-0.348084,0,0,0.4205505,0.2031994,0.1182761,0.9647987,-0.2577791,0.04329496,-0.02896445
262038,0.0166672,1.85319039970636,1.152788,0.5460435,-0.2651263,0.6746557,-0.1396609,0.6357721,0.348035,0,0,0.4202905,0.2029436,0.1174754,0.9646879,-0.2581473,0.04341916,-0.02918766
262038,0.0166669,1.86985730007291,1.152421,0.5451373,-0.2648269,0.6748438,-0.1395433,0.6355692,0.3480884,0,0,0.4201264,0.2027877,0.1170435,0.9646624,-0.2582308,0.04345893,-0.02923812
262038,0.0166667,1.88652399927378,1.152286,0.5447868,-0.2647341,-0.6750519,0.1393849,-0.6355067,-0.3478623,0,0,0.419827,0.2024215,0.1161373,0.9645842,-0.2585254,0.04345117,-0.0292215
262038,0.0166673,1.90319130010903,1.152027,0.5441531,-0.2645895,0.6755879,-0.1389156,0.6354399,0.3471306,0,0,0.4197342,0.2022859,0.1157868,0.9645197,-0.2587238,0.04351866,-0.02949602
262038,0.0166666,1.9198579005897,1.151931,0.5438222,-0.2644997,-0.6756253,0.1391002,-0.6354268,-0.3470082,0,0,0.4195897,0.2020269,0.1151531,0.9643619,-0.2591794,0.04369382,-0.03038156
262038,0.0166665,1.93652440048754,1.151676,0.5433437,-0.2643846,0.6762152,-0.1389241,0.6352314,0.3462863,0,0,0.4194998,0.2019308,0.1148222,0.9643665,-0.259124,0.04391143,-0.03039482
262038,0.0166675,1.95319190062582,1.151571,0.5431367,-0.2643034,-0.6764092,0.1389543,-0.6352044,-0.3459448,0,0,0.4193847,0.2016762,0.1143437,0.9642002,-0.2595824,0.04435837,-0.03110256
262038,0.0166673,1.96985920146108,1.151303,0.5427184,-0.2641235,-0.6765583,0.1396392,-0.635121,-0.3455302,0,0,0.4193035,0.201571,0.1141366,0.9641575,-0.2596625,0.04461491,-0.03138863
262038,0.0166653,1.98652450181544,1.151153,0.542654,-0.2640547,-0.6766883,0.1403851,-0.6350576,-0.3450897,0,0,0.4191236,0.2013028,0.1137184,0.9641662,-0.2594904,0.0454152,-0.03139661
262076,0.0166676,2.00319210253656,1.150861,0.5424285,-0.2639729,0.6768569,-0.1408337,0.6350738,0.3445461,0,0,0.4190547,0.2011532,0.113654,0.9641858,-0.2592672,0.04626436,-0.0313991
262076,0.0166667,2.01985880173743,1.150745,0.5423515,-0.264012,0.6768658,-0.1410328,0.6352386,0.3441432,0,0,0.418973,0.2008615,0.1134285,0.9641855,-0.2591179,0.046925,-0.03165749
262076,0.016667,2.03652580082417,1.150524,0.5423379,-0.2641819,0.676676,-0.1420067,0.6354438,0.3437369,0,0,0.4190121,0.200745,0.1133515,0.9642219,-0.2588914,0.04723667,-0.0319393
262076,0.0166671,2.05319290049374,1.1504,0.5422902,-0.2642858,0.6766403,-0.1420898,0.6354986,0.3436713,0,0,0.4191819,0.2005242,0.1133379,0.9643638,-0.2582202,0.04807914,-0.03183252
262076,0.0166672,2.06986010074615,1.150268,0.5422736,-0.2644075,0.676631,-0.1423373,0.6357358,0.3431481,0,0,0.419286,0.2004001,0.1132902,0.9643853,-0.2581235,0.0481506,-0.03185641
262076,0.0166678,2.08652790077031,1.150293,0.5422486,-0.2644254,0.6765302,-0.1427851,0.6357813,0.3430765,0,0,0.4194077,0.2002679,0.1132736,0.9644386,-0.257806,0.04853443,-0.03223106
262076,0.016666,2.10319390147924,1.150424,0.5421703,-0.2643707,0.6760684,-0.1441989,0.6359425,0.3430972,0,0,0.4194255,0.2002935,0.1132486,0.9644992,-0.2575345,0.04887383,-0.03207183
262098,0.0166673,2.1198612023145,1.150464,0.5420913,-0.2643021,-0.6759682,0.1445908,-0.6360011,-0.3430212,0,0,0.4193708,0.2004244,0.1131703,0.9647231,-0.2566105,0.04977631,-0.03135068
262098,0.0166662,2.13652740232646,1.15054,0.5420654,-0.2642402,-0.6758615,0.1452068,-0.6361128,-0.3427637,0,0,0.4193022,0.2004642,0.1130912,0.9647806,-0.2563519,0.0500713,-0.03122572
262098,0.0166668,2.15319420211017,1.15059,0.5420504,-0.2642103,-0.6758599,0.1452213,-0.6363118,-0.3423911,0,0,0.4192403,0.2005402,0.1130654,0.9648623,-0.2559462,0.05061293,-0.03115518
262098,0.0166669,2.16986110247672,1.150579,0.5420429,-0.264164,-0.6758323,0.1455632,-0.6365865,-0.3417891,0,0,0.4192104,0.2005904,0.1130504,0.9648911,-0.2557661,0.05075482,-0.03150909
262098,0.0166686,2.18652970157564,1.150543,0.5420203,-0.2641622,-0.6757814,0.1456837,-0.636742,-0.3415488,0,0,0.4191641,0.2005795,0.1130428,0.9649584,-0.2553668,0.05123485,-0.03191044
262116,0.0166656,2.20319530181587,1.150441,0.5419945,-0.2642506,-0.6756883,0.1457896,-0.6372824,-0.3406788,0,0,0.4191623,0.2005427,0.1130203,0.9649989,-0.2551603,0.05139025,-0.03208535
262116,0.0166677,2.21986300125718,1.150324,0.5419145,-0.2643279,-0.6756979,0.1458755,-0.6374469,-0.340315,0,0,0.4192507,0.2004415,0.1129945,0.9650993,-0.2546095,0.05173047,-0.03288513
262116,0.0166665,2.23652950115502,1.15007,0.5415491,-0.2643979,0.6751983,-0.1464385,0.6378881,0.3402383,0,0,0.419328,0.2003246,0.1129145,0.9651248,-0.2544313,0.05193542,-0.03318923
262116,0.0166674,2.25319690071046,1.150011,0.5413958,-0.2644234,0.6750577,-0.1464462,0.6381994,0.3399299,0,0,0.4193979,0.2000702,0.1125491,0.9653322,-0.2536214,0.05214309,-0.03303116
262116,0.0166666,2.26986350119114,1.150032,0.5411633,-0.2644408,0.674879,-0.1467919,0.6388273,0.3389549,0,0,0.4194235,0.2000112,0.1123958,0.9654049,-0.2532963,0.05217693,-0.03334699
262116,0.0166658,2.2865293007344,1.150037,0.5409776,-0.2643987,0.6748805,-0.1468183,0.6390383,0.3385424,0,0,0.4194409,0.2000325,0.1121632,0.9655492,-0.2525313,0.05270536,-0.03412875
262116,0.0166686,2.30319789983332,1.149963,0.5405203,-0.2642841,0.6752779,-0.1459754,0.6394908,0.3372575,0,0,0.4193988,0.2000367,0.1119776,0.9655777,-0.2523354,0.05287363,-0.03451318
262138,0.0166663,2.31986420042813,1.149889,0.5403031,-0.2642406,-0.6757203,0.1450265,-0.6396589,-0.3364612,0,0,0.4192843,0.1999629,0.1115203,0.9654887,-0.2524497,0.05285405,-0.0361572
262138,0.0166668,2.33653100021183,1.149771,0.5399368,-0.2642265,0.6761321,-0.1446158,0.6398341,0.3354758,0,0,0.4192408,0.1998894,0.111303,0.9653447,-0.2528749,0.05260021,-0.03737887
262138,0.0166668,2.35319779999554,1.149655,0.539722,-0.2642391,-0.6761879,0.1446877,-0.6399001,-0.3352065,0,0,0.4192266,0.1997707,0.1109368,0.965243,-0.2530449,0.05284422,-0.03849291
262138,0.0166671,2.36986489966512,1.149416,0.539333,-0.2643731,-0.6764741,0.1441254,-0.6400037,-0.3346729,0,0,0.4192392,0.1996554,0.110722,0.9652427,-0.2529745,0.05303149,-0.0387053
262138,0.0166673,2.38653220050037,1.149238,0.5391347,-0.2644827,0.6767137,-0.1433466,0.6400328,0.3344676,0,0,0.4193732,0.1994161,0.110333,0.9651504,-0.25323,0.05291741,-0.03948428
262138,0.0166682,2.40320040099323,1.148914,0.5387857,-0.2647321,-0.6770695,0.1421671,-0.6402605,-0.3338146,0,0,0.4194829,0.1992385,0.1101346,0.965045,-0.2536304,0.05248019,-0.04007111
262138,0.0166656,2.41986600123346,1.148731,0.5386178,-0.2647856,0.6771723,-0.1417963,0.6403618,0.3335689,0,0,0.4197322,0.1989138,0.1097857,0.9649071,-0.2540711,0.05193579,-0.04129031
262138,0.0166675,2.43653350137174,1.148338,0.5381945,-0.2648201,-0.6772798,0.1412826,-0.6404399,-0.3334189,0,0,0.4197858,0.1987315,0.1096177,0.9648689,-0.25418,0.05177389,-0.04171361
262138,0.0166652,2.45319870114326,1.148156,0.5380309,-0.2648512,0.6771646,-0.1414693,0.6404991,0.3334599,0,0,0.4198201,0.1983386,0.1091945,0.9648168,-0.2543737,0.05146206,-0.04212163
262138,0.0166679,2.46986660175025,1.147937,0.5378034,-0.2648182,-0.6768978,0.1422022,-0.6409376,-0.3328469,0,0,0.4198512,0.1981565,0.1090309,0.9648641,-0.2541997,0.0515362,-0.0419979
262138,0.0166695,2.48653610236943,1.147855,0.537743,-0.2648081,-0.6768366,0.142607,-0.6411517,-0.3323858,0,0,0.4198183,0.1979373,0.1088034,0.9650286,-0.2533982,0.05220924,-0.04223013
262176,0.0166661,2.50320220179856,1.147695,0.5376178,-0.2648268,0.676859,-0.1430627,0.6414788,0.331512,0,0,0.4198081,0.1978554,0.108743,0.9650951,-0.2530096,0.05267416,-0.04246325
262176,0.0166651,2.51986730098724,1.14763,0.5375797,-0.264831,-0.6766503,0.1434796,-0.6417049,-0.33132,0,0,0.4198269,0.1976951,0.1086178,0.9651569,-0.2525264,0.05337649,-0.04305337
262176,0.0166673,2.5365346018225,1.147479,0.5374764,-0.2648548,0.6764076,-0.1441226,0.6420259,0.3309143,0,0,0.4198311,0.1976299,0.1085797,0.9652601,-0.2520708,0.05367134,-0.04304229
262176,0.0166662,2.55320080183446,1.14743,0.5374016,-0.2648725,-0.6762235,0.1445912,-0.6422329,-0.3306845,0,0,0.4198548,0.1974787,0.1084764,0.9653965,-0.2514192,0.0542108,-0.04311856
262176,0.0166681,2.56986890174448,1.147326,0.5371518,-0.264863,0.6758909,-0.1452219,0.6425073,0.3305552,0,0,0.4198726,0.1974297,0.1084016,0.9654942,-0.2509656,0.05457645,-0.04311157
262176,0.0166667,2.58653560094535,1.147282,0.5370345,-0.2648355,-0.675806,0.1454026,-0.6425866,-0.3304949,0,0,0.4198632,0.1973258,0.1081518,0.9656454,-0.2503296,0.05495599,-0.04294138
262176,0.0166669,2.6032025013119,1.147169,0.5367495,-0.2646104,-0.6757073,0.1452563,-0.6428037,-0.3303386,0,0,0.4198356,0.1972819,0.1080345,0.9656862,-0.2501501,0.05507895,-0.04291337
262198,0.0166676,2.61987010203302,1.147153,0.5367134,-0.2645096,0.675627,-0.1453269,0.6428787,0.3303261,0,0,0.4196104,0.1971691,0.1077495,0.9657242,-0.2499882,0.05495609,-0.04315825
262198,0.0166659,2.63653600215912,1.147162,0.5367298,-0.2643303,-0.6755124,0.1455642,-0.6429652,-0.3302876,0,0,0.4195096,0.1971529,0.1077134,0.9657562,-0.249863,0.05497309,-0.04314362
262198,0.0166674,2.65320340171456,1.147188,0.5368401,-0.2642379,-0.6754418,0.1454856,-0.6431948,-0.3300196,0,0,0.4193304,0.1971626,0.1077298,0.9658085,-0.249642,0.05511842,-0.04306814
262198,0.0166669,2.66987030208111,1.147201,0.5373895,-0.2641331,0.6757471,-0.1447209,0.6433485,0.3294309,0,0,0.419238,0.197188,0.1078401,0.9658452,-0.2494485,0.05510787,-0.04337938
262198,0.0166665,2.68653680197895,1.14718,0.5376762,-0.2640576,0.6757758,-0.1444696,0.6435598,0.3290692,0,0,0.4191332,0.1972008,0.1083895,0.9657379,-0.2497542,0.0548567,-0.04431765
262216,0.0166673,2.7032041028142,1.147042,0.5383334,-0.2639663,0.6759009,-0.1438617,0.6438498,0.328511,0,0,0.4190578,0.1971804,0.1086762,0.9657367,-0.2496868,0.05479306,-0.04479802
262216,0.0166675,2.71987160295248,1.146934,0.5386043,-0.2639139,-0.6758786,0.1436087,-0.6439673,-0.3284369,0,0,0.4189664,0.1970423,0.1093334,0.9656966,-0.2497395,0.05455843,-0.04564745
262216,0.0166667,2.73653830215335,1.146794,0.5390759,-0.2638804,-0.6757579,0.1430137,-0.6444116,-0.3280735,0,0,0.418914,0.1969338,0.1096043,0.9656977,-0.2497391,0.05436168,-0.04585984
262216,0.0166661,2.75320440158248,1.14672,0.5392677,-0.263886,-0.675756,0.1426975,-0.6446133,-0.3278189,0,0,0.4188805,0.1967943,0.1100758,0.9657341,-0.249565,0.05392716,-0.04655086
262216,0.0177289,2.77093330211937,1.146624,0.539627,-0.2638801,-0.6754464,0.1423746,-0.6452261,-0.3273915,0,0,0.4188861,0.1967199,0.1102677,0.9657342,-0.2495238,0.05375412,-0.04696781
262216,0.0166669,2.78760020248592,1.146538,0.539687,-0.2638571,-0.6752257,0.142297,-0.6454833,-0.3273736,0,0,0.4188802,0.1966237,0.110627,0.9658509,-0.2490145,0.05346048,-0.04759944
262216,0.0166663,2.80426650308073,1.146402,0.5397881,-0.26376,-0.6747149,0.142079,-0.646019,-0.3274643,0,0,0.4188573,0.1965382,0.110687,0.9659263,-0.2487445,0.05327562,-0.04769131
262238,0.0166668,2.82093330286443,1.146321,0.5398133,-0.2636676,0.674621,-0.141774,0.6462309,0.327372,0,0,0.4187601,0.1964024,0.1107881,0.9660916,-0.2481894,0.05276883,-0.04779769
262238,0.0166675,2.83760080300272,1.146044,0.5396609,-0.2633663,-0.6743745,0.1412934,-0.6465794,-0.3273995,0,0,0.4186677,0.1963213,0.1108133,0.9661155,-0.2481027,0.05249447,-0.04806587
262238,0.0166679,2.85426870360971,1.145873,0.5394672,-0.2631553,0.6742957,-0.1408429,0.6466236,0.3276686,0,0,0.4183664,0.1960443,0.1106609,0.9661787,-0.2479197,0.05194387,-0.04833675
262238,0.0166687,2.87093740329146,1.145543,0.5391737,-0.2627977,-0.674219,0.1404459,-0.6468077,-0.3276334,0,0,0.4181555,0.1958727,0.1104672,0.9661723,-0.2480522,0.05142814,-0.04833478
262238,0.0166645,2.88760190270841,1.145408,0.5390869,-0.2626869,-0.6742015,0.1401125,-0.6470055,-0.3274213,0,0,0.4177978,0.1955433,0.1101737,0.9661825,-0.2480365,0.0510671,-0.04859527
262238,0.0166674,2.90426930226386,1.145093,0.539009,-0.2625991,-0.674338,0.1393817,-0.6474391,-0.3265945,0,0,0.417687,0.1954078,0.1100869,0.9661834,-0.2480002,0.05085617,-0.04898215
262238,0.0166671,2.92093640193343,1.14475,0.5388932,-0.262606,-0.67441,0.1386402,-0.6478338,-0.325978,0,0,0.4175991,0.1950936,0.110009,0.9661409,-0.2479793,0.05062361,-0.05015185
262238,0.0193053,2.94024170190096,1.144579,0.5388156,-0.2626136,-0.6742154,0.1385759,-0.6481047,-0.3258693,0,0,0.4176061,0.1947505,0.1098932,0.966109,-0.2479754,0.05027035,-0.05113424
262238,0.0166675,2.95690920203924,1.144315,0.5386482,-0.2626117,0.6744149,-0.1374377,0.6481953,0.3257583,0,0,0.4176137,0.1945791,0.1098156,0.9661785,-0.2476951,0.05014437,-0.05130142
262238,0.0166671,2.97357630170882,1.14391,0.5383906,-0.262668,-0.6744317,0.1362814,-0.648496,-0.3256108,0,0,0.4176119,0.1943147,0.1096482,0.9660575,-0.2481806,0.04935436,-0.0519951
262238,0.0166676,2.99024390242994,1.143609,0.5382088,-0.2627013,0.6743478,-0.135169,0.6490607,0.3251228,0,0,0.4176682,0.1939097,0.1093905,0.9659991,-0.2484231,0.0484581,-0.05275928
262276,0.016666,3.00690990313888,1.14339,0.5380793,-0.2627267,-0.6742889,0.1346357,-0.6493211,-0.3249459,0,0,0.4177014,0.1936091,0.1092088,0.9659916,-0.2483743,0.04766323,-0.05383972
262276,0.0166671,3.02357700280845,1.143041,0.5378596,-0.262716,0.6746955,-0.1322671,0.6498361,0.3240442,0,0,0.4177268,0.1933902,0.1090793,0.9659911,-0.2483536,0.0472512,-0.05430536
262276,0.0167007,3.04027770273387,1.142909,0.5377806,-0.2626635,-0.6750052,0.1308024,-0.6501945,-0.3232741,0,0,0.4177161,0.193041,0.1088596,0.9657578,-0.2490592,0.04584675,-0.056386
262276,0.0166665,3.05694420263171,1.142768,0.5376862,-0.2624989,0.6752161,-0.1291214,0.6509054,0.3220764,0,0,0.4176636,0.1929087,0.1087806,0.9655983,-0.2494765,0.04508927,-0.05786557
262276,0.0166674,3.07361160218716,1.142749,0.5376322,-0.2624063,0.6751541,-0.1288628,0.6511508,0.3218137,0,0,0.417499,0.1927682,0.1086862,0.9654733,-0.2496342,0.04425142,-0.0598825
262276,0.0166666,3.09027820266783,1.14266,0.5375487,-0.2623221,-0.675172,0.1284308,-0.6512668,-0.3217142,0,0,0.4174064,0.1927496,0.1086322,0.9654893,-0.2495039,0.04409698,-0.06028102
262276,0.0166666,3.10694480314851,1.142626,0.5374748,-0.2623103,-0.6750417,0.1282541,-0.6515089,-0.3215681,0,0,0.4173222,0.1926597,0.1085487,0.9654603,-0.2495923,0.04378612,-0.06060503
262298,0.0166666,3.12361140362918,1.142422,0.5373099,-0.2622656,0.6751089,-0.127311,0.6519268,0.3209544,0,0,0.4173105,0.1926259,0.1084747,0.9654999,-0.2494067,0.04361819,-0.06085803
262298,0.0166677,3.1402791030705,1.142329,0.5372696,-0.2622701,0.6750337,-0.1272358,0.65213,0.320729,0,0,0.4172657,0.1924217,0.1083099,0.965441,-0.2494589,0.04309899,-0.06193953
262298,0.0166662,3.15694530308247,1.142037,0.5371266,-0.262282,0.6749884,-0.1269837,0.6524225,0.320329,0,0,0.4172702,0.192329,0.1082696,0.9654706,-0.2492823,0.04307526,-0.06220557
262298,0.0166669,3.17361220344901,1.141892,0.5370659,-0.2623093,0.6749588,-0.1269867,0.6524956,0.3202416,0,0,0.4172821,0.192037,0.1081265,0.9654849,-0.249111,0.04298567,-0.06272859
262298,0.0166674,3.19027960300446,1.141576,0.536798,-0.2624081,0.6746731,-0.1268966,0.6526367,0.3205915,0,0,0.4173093,0.191892,0.1080659,0.9654985,-0.2490337,0.0430027,-0.06281473
262316,0.0166664,3.20694600231946,1.141498,0.53668,-0.2624497,-0.6743361,0.1273609,-0.6527858,-0.320813,0,0,0.4174083,0.1915761,0.107798,0.9655777,-0.248851,0.04263869,-0.06256979
262316,0.0166672,3.22361320257187,1.141345,0.5362957,-0.262444,0.6736667,-0.1278855,0.653146,0.321277,0,0,0.4174499,0.1914983,0.10768,0.9657145,-0.248404,0.0427494,-0.06215806
262316,0.0166671,3.24028030224144,1.141266,0.5360519,-0.2624283,-0.6734025,0.128064,-0.6533021,-0.3214424,0,0,0.4174441,0.1913454,0.1072956,0.9659587,-0.2476294,0.04263282,-0.06152944
262316,0.0166665,3.25694680213928,1.141202,0.5356537,-0.2623948,-0.6731145,0.1281018,-0.6536971,-0.3212277,0,0,0.4174284,0.1912664,0.1070519,0.9660537,-0.2473233,0.04256968,-0.06131346
262316,0.0166668,3.27361360192299,1.141231,0.5354508,-0.262401,-0.6729849,0.1282513,-0.6539038,-0.3210184,0,0,0.4173949,0.1912017,0.1066537,0.966162,-0.2468533,0.04251392,-0.06153891
262316,0.0166671,3.29028070159256,1.141368,0.5349449,-0.2624134,-0.6728811,0.1279141,-0.654314,-0.3205346,0,0,0.4174011,0.1912308,0.1064507,0.9662232,-0.2465579,0.04263907,-0.06167669
262316,0.0166674,3.30694810114801,1.141467,0.5346628,-0.2624044,-0.6727441,0.1280664,-0.6546003,-0.3201765,0,0,0.4174135,0.1913678,0.1059449,0.9662547,-0.2462972,0.04247614,-0.06233346
262338,0.0166664,3.32361450046301,1.141699,0.5341369,-0.2623861,0.6724529,-0.1285907,0.6549652,0.3198317,0,0,0.4174045,0.1914672,0.1056628,0.9663235,-0.2459255,0.04265312,-0.06261269
262338,0.0166669,3.34028140082955,1.141834,0.5338627,-0.2623464,0.6723737,-0.1286776,0.6550916,0.319704,0,0,0.4173862,0.1916993,0.1051369,0.966467,-0.2452698,0.04304478,-0.06270135
262338,0.0166671,3.35694850049913,1.142092,0.5334557,-0.2622413,0.6722964,-0.1293463,0.6552593,0.3192531,0,0,0.4173465,0.1918343,0.1048627,0.9665036,-0.2450909,0.04311764,-0.0627876
262338,0.0166669,3.37361540086567,1.14217,0.5332762,-0.262187,0.6723312,-0.1299691,0.6551816,0.3190864,0,0,0.4172414,0.1920918,0.1044557,0.9665868,-0.2446217,0.04378904,-0.06286979
262338,0.0166667,3.39028210006654,1.142192,0.5329329,-0.2621121,-0.672603,0.1301304,-0.6548877,-0.319051,0,0,0.417187,0.1921698,0.1042762,0.9666193,-0.2444328,0.04438378,-0.06268983
262338,0.0166682,3.4069503005594,1.142171,0.5328227,-0.2621545,-0.6728778,0.1300856,-0.6545929,-0.3190949,0,0,0.4171122,0.1921917,0.1039329,0.9665388,-0.2447193,0.04468491,-0.06259894
262338,0.0166663,3.42361660115421,1.14228,0.5326378,-0.2622004,0.6730275,-0.1301297,0.6545322,0.3188855,0,0,0.4171546,0.1921714,0.1038226,0.9664418,-0.2450974,0.0447887,-0.06254255
262338,0.0166675,3.44028410129249,1.142399,0.5326076,-0.2622554,0.6728898,-0.1307273,0.6545116,0.3189743,0,0,0.4172005,0.1922799,0.1036378,0.966401,-0.2451824,0.04498623,-0.06269731
262338,0.0166662,3.45695030130446,1.142794,0.5325406,-0.2623206,0.6726866,-0.1322243,0.6546314,0.3185394,0,0,0.4172555,0.1923987,0.1036076,0.9664807,-0.2448957,0.04536946,-0.0623114
262338,0.0166667,3.47361700050533,1.14307,0.53264,-0.2624006,0.672506,-0.1336569,0.6545433,0.318504,0,0,0.4173207,0.1927937,0.1035406,0.9666529,-0.2440659,0.04664902,-0.06195004
262338,0.0166667,3.4902836997062,1.143559,0.5325698,-0.2623641,0.6726013,-0.1343247,0.6544117,0.3182919,0,0,0.4174007,0.1930702,0.10364,0.9667976,-0.2434601,0.04774419,-0.06123832
262376,0.0166675,3.50695119984448,1.143781,0.5325543,-0.2623203,0.6727059,-0.1345713,0.6542826,0.3182323,0,0,0.4173642,0.1935595,0.1035698,0.9668101,-0.2433182,0.04842817,-0.06106719
262376,0.0166671,3.52361829951406,1.144201,0.5325664,-0.2622157,0.672694,-0.1354993,0.6540747,0.3182911,0,0,0.4173204,0.1937812,0.1035543,0.9667905,-0.2433619,0.04871351,-0.06097643
262376,0.0205744,3.5441926997155,1.144368,0.5325741,-0.2621197,0.6725951,-0.1360295,0.6539958,0.3184358,0,0,0.4172158,0.1942008,0.1035664,0.9668437,-0.2431399,0.04945397,-0.06042179
262376,0.0166689,3.56086160056293,1.144701,0.5327905,-0.2620874,-0.6730406,0.1360677,-0.6537622,-0.3179576,0,0,0.4171198,0.1943679,0.1035741,0.9669008,-0.2429463,0.0497844,-0.06001178
262376,0.0166677,3.57752930000424,1.144912,0.5329666,-0.2619995,0.6734095,-0.1363485,0.6534255,0.3177486,0,0,0.4170875,0.1947009,0.1037905,0.9667681,-0.2432876,0.05024339,-0.06038385
262376,0.0166657,3.59419500082731,1.145053,0.5330353,-0.2620392,0.6732219,-0.1372787,0.6533724,0.3178545,0,0,0.4169996,0.1949118,0.1039666,0.9666649,-0.2435911,0.05076214,-0.06037921
262376,0.0166667,3.61086170002818,1.145152,0.5330859,-0.262105,0.6732634,-0.1378913,0.6532558,0.317741,0,0,0.4170393,0.1950528,0.1040353,0.966774,-0.2431686,0.05138775,-0.05980231
262398,0.0166666,3.62752830050886,1.145317,0.533069,-0.2622442,0.6730502,-0.1390973,0.6532264,0.3177279,0,0,0.4171051,0.1951521,0.1040859,0.9667954,-0.2430181,0.05196035,-0.05957336
262398,0.0166675,3.64419580064714,1.145367,0.5329814,-0.2623101,-0.6731336,0.1391407,-0.6530922,-0.3178078,0,0,0.4172444,0.1953176,0.104069,0.9669294,-0.2424427,0.05284353,-0.05896353
262398,0.0166664,3.66086219996214,1.145464,0.532811,-0.2624161,-0.6731167,0.139332,-0.6530597,-0.3178266,0,0,0.4173102,0.1953669,0.1039814,0.9669005,-0.242573,0.05289835,-0.05885209
262398,0.0166683,3.67753049917519,1.145486,0.5326959,-0.2625046,0.6732252,-0.1392064,0.6530242,0.3177246,0,0,0.4174163,0.1954646,0.103811,0.9669151,-0.2425126,0.05304055,-0.05873289
262398,0.0166658,3.69419629871845,1.145431,0.5324842,-0.2626325,0.6734385,-0.1390994,0.6527647,0.3178528,0,0,0.4175047,0.1954864,0.1036959,0.9668754,-0.2426358,0.05303526,-0.05888267
262416,0.0166668,3.71086309850216,1.145419,0.5323733,-0.2626788,0.6735153,-0.139077,0.6526667,0.317901,0,0,0.4176326,0.1954311,0.1034842,0.9667931,-0.2429891,0.05302192,-0.05878831
262416,0.0166668,3.72752989828587,1.145388,0.5322511,-0.2627957,-0.6735759,0.1390322,-0.652444,-0.3182495,0,0,0.4176789,0.1954193,0.1033733,0.9667642,-0.2431133,0.05302971,-0.05874366
262416,0.0169576,3.74448749795556,1.145387,0.5321896,-0.2628105,0.673566,-0.1390929,0.652429,0.3182742,0,0,0.4177958,0.1953877,0.103251,0.9667294,-0.2433559,0.05290105,-0.05842727
262416,0.0166669,3.76115439832211,1.145359,0.5321288,-0.2628286,0.6735463,-0.1393546,0.6524143,0.3182319,0,0,0.4178106,0.1953874,0.1031896,0.9667349,-0.2433395,0.0529368,-0.05837225
262416,0.0166673,3.77782169915736,1.145314,0.5320481,-0.2628351,-0.6735368,0.13929,-0.6523967,-0.318316,0,0,0.4178286,0.1953592,0.1031288,0.966756,-0.2432307,0.05315793,-0.05827371
262416,0.0166674,3.7944890987128,1.145258,0.5319616,-0.2628461,0.673578,-0.1392004,0.6523331,0.3183984,0,0,0.4178352,0.1953146,0.1030481,0.9667532,-0.2432723,0.05306855,-0.0582298
262416,0.0166658,3.81115489825606,1.145219,0.5318797,-0.2628102,-0.6737011,0.1388453,-0.6523023,-0.3183562,0,0,0.4178461,0.1952586,0.1029616,0.9667318,-0.2433832,0.05298793,-0.05819388
262438,0.0166711,3.82782599888742,1.145254,0.5317942,-0.2627817,-0.6737626,0.1386761,-0.6523726,-0.3181557,0,0,0.4178104,0.1952192,0.1028797,0.9666736,-0.2436084,0.05277902,-0.05840888
262438,0.0166626,3.84448859840631,1.145285,0.5317605,-0.2627593,-0.6738008,0.1386103,-0.652432,-0.3179817,0,0,0.4177819,0.1952538,0.1027942,0.966651,-0.2436391,0.05274621,-0.05868284
262438,0.0166672,3.86115579865873,1.14527,0.5316423,-0.2626652,0.6738843,-0.1384622,0.6523871,0.3179614,0,0,0.4177594,0.1952855,0.1027604,0.9666407,-0.2436264,0.0527765,-0.05887888
262438,0.0175079,3.87866369821131,1.145326,0.5316205,-0.2626109,-0.6737949,0.1387655,-0.6524668,-0.3178551,0,0,0.4176653,0.1952702,0.1026423,0.9666054,-0.2437598,0.05270862,-0.05896651
262438,0.0166657,3.89532939903438,1.145407,0.5316488,-0.26253,-0.6737061,0.1392617,-0.6525134,-0.3177307,0,0,0.4176109,0.195326,0.1026205,0.9666548,-0.2435241,0.05294759,-0.0589163
262438,0.0166688,3.91199819929898,1.145459,0.5316671,-0.2624835,0.6738369,-0.1392127,0.6524788,0.3175455,0,0,0.41753,0.1954072,0.1026487,0.966714,-0.2432334,0.05335356,-0.05877872
262438,0.0166665,3.92866469919682,1.145456,0.5316598,-0.2624447,-0.6738496,0.1391463,-0.6524741,-0.3175576,0,0,0.4174836,0.1954589,0.1026671,0.9666732,-0.2433289,0.0534547,-0.05896308
262438,0.0166642,3.94532889872789,1.145418,0.5316098,-0.2623814,0.6739024,-0.1389275,0.6523672,0.3177608,0,0,0.4174448,0.1954564,0.1026598,0.9666652,-0.2433667,0.0534024,-0.05898573
262438,0.0166706,3.9619994983077,1.145374,0.531626,-0.2623423,-0.6740987,0.1383535,-0.6523036,-0.3177253,0,0,0.4173815,0.1954182,0.1026098,0.9666293,-0.2435781,0.05317758,-0.05890313
262438,0.016664,3.97866349853575,1.145293,0.5316308,-0.2622786,-0.6742141,0.1381957,-0.6521813,-0.3178005,0,0,0.4173425,0.1953745,0.102626,0.9665346,-0.2439535,0.05282645,-0.05921974
262438,0.0166759,3.99533939920366,1.145174,0.5317023,-0.2621555,-0.6744089,0.1378436,-0.6521246,-0.3176562,0,0,0.4172787,0.1952934,0.1026307,0.9664846,-0.2441722,0.05273431,-0.05921705
262476,0.0166587,4.01199809834361,1.14505,0.5317032,-0.2621104,0.674459,-0.1378467,0.6518869,0.318036,0,0,0.4171556,0.1951742,0.1027023,0.9664049,-0.2444424,0.05260593,-0.05951714
262476,0.0166714,4.02866949886084,1.144937,0.531782,-0.2620139,0.6744432,-0.1380646,0.651767,0.3182207,0,0,0.4171104,0.1950502,0.1027032,0.9663747,-0.2446741,0.0524998,-0.05914633
262476,0.0166633,4.04533279873431,1.144799,0.5317823,-0.2619142,0.6745538,-0.137831,0.6515691,0.3184931,0,0,0.4170141,0.1949375,0.102782,0.9663848,-0.244682,0.05260459,-0.05885474
262476,0.0166725,4.06200529821217,1.144608,0.5318618,-0.2617263,-0.6747992,0.1371708,-0.6514542,-0.3184932,0,0,0.4169143,0.1947995,0.1027823,0.9663255,-0.2450013,0.05237559,-0.05870569
262476,0.0166605,4.07866579852998,1.144517,0.531953,-0.2616306,-0.6748142,0.1371991,-0.6514403,-0.3184775,0,0,0.4167264,0.1946079,0.1028618,0.9662071,-0.2454768,0.0519685,-0.05902751
262476,0.0166711,4.09533689916134,1.144361,0.5320972,-0.261551,0.6749479,-0.1371674,0.6514157,0.3182583,0,0,0.4166307,0.1945176,0.102953,0.966204,-0.2454818,0.05200632,-0.05902493
262498,0.0166633,4.11200019903481,1.144184,0.5322607,-0.2616552,0.6749138,-0.137513,0.6513966,0.3182204,0,0,0.4165512,0.1943614,0.1030972,0.9661641,-0.2455615,0.05213567,-0.05923199
262498,0.0166658,4.12866599857807,1.144084,0.532299,-0.2617413,-0.6749147,0.137462,-0.6513686,-0.3182977,0,0,0.4166553,0.1941839,0.1032607,0.966195,-0.2454154,0.05241649,-0.05908607
262498,0.016668,4.14533399790525,1.143988,0.5323179,-0.2618522,-0.6748764,0.1374046,-0.6514105,-0.3183181,0,0,0.4167414,0.1940845,0.103299,0.9661893,-0.2454637,0.05234673,-0.0590398
262498,0.0166681,4.16200209781528,1.143873,0.5321764,-0.2619458,-0.6746633,0.137495,-0.651477,-0.3185943,0,0,0.4168523,0.1939885,0.1033179,0.9661989,-0.2454385,0.05226985,-0.05905689
262498,0.0166659,4.17866799794137,1.143856,0.5320512,-0.2619582,0.674455,-0.1376255,0.6516016,0.3187244,0,0,0.4169459,0.1938727,0.1031764,0.966267,-0.245269,0.05212309,-0.0587753
262498,0.0166731,4.19534109719098,1.143834,0.5317724,-0.2619309,-0.6740609,0.1379586,-0.6518031,-0.3190017,0,0,0.4169583,0.1938565,0.1030512,0.9663406,-0.2450303,0.05206512,-0.05861048
262516,0.016661,4.21200209669769,1.143839,0.5315931,-0.2618521,0.6738143,-0.1382849,0.6519344,0.3191133,0,0,0.416931,0.1938336,0.1027724,0.9664829,-0.2445717,0.05201576,-0.05822219
262516,0.0166722,4.22867429628968,1.14386,0.5313026,-0.2617626,0.673645,-0.1383224,0.6520039,0.3193121,0,0,0.4168522,0.1938389,0.1025931,0.96658,-0.2442278,0.05210513,-0.05797445
262516,0.0166618,4.24533609673381,1.143885,0.5311874,-0.2617381,-0.6735554,0.1384428,-0.6520035,-0.3194502,0,0,0.4167627,0.1938599,0.1023026,0.9666326,-0.2440928,0.05196769,-0.05778865
262516,0.0166716,4.26200769655406,1.1439,0.5311494,-0.2617195,-0.6735626,0.1383585,-0.6520888,-0.3192973,0,0,0.4167382,0.1938856,0.1021874,0.9666644,-0.2440109,0.05196639,-0.05760462
262516,0.0166626,4.27867029607296,1.143896,0.531152,-0.2617364,0.6735948,-0.1384082,0.6520445,0.3192982,0,0,0.4167195,0.1939002,0.1021494,0.9666631,-0.2439729,0.05195586,-0.05779502
262516,0.0166876,4.29535789601505,1.143886,0.5312096,-0.2617892,-0.6736611,0.1384542,-0.6520098,-0.3192092,0,0,0.4167364,0.1938959,0.102152,0.9666546,-0.2440016,0.0520151,-0.05776263
262538,0.0166658,4.31202369555831,1.143836,0.5312715,-0.2618499,-0.6738979,0.138172,-0.6519043,-0.3190472,0,0,0.4167893,0.1938865,0.1022096,0.9666375,-0.2440345,0.05212332,-0.05781316
262538,0.0166754,4.32869909517467,1.143738,0.5313155,-0.2619479,-0.6741441,0.1378661,-0.6517575,-0.318959,0,0,0.4168499,0.1938366,0.1022715,0.966548,-0.2443324,0.0520831,-0.05808666
262538,0.0166609,4.34535999596119,1.143702,0.5313497,-0.2619793,0.6742673,-0.1376388,0.6517164,0.318881,0,0,0.416948,0.1937379,0.1023155,0.9664512,-0.2446811,0.0520021,-0.05830108
262538,0.0166719,4.36203189566731,1.143777,0.5314791,-0.2620828,0.6743174,-0.137856,0.65166,0.3187966,0,0,0.4169795,0.1937023,0.1023497,0.9664001,-0.2448589,0.05191229,-0.0584808
262538,0.0166604,4.37869229540229,1.14396,0.5315611,-0.2620885,0.6742647,-0.1379267,0.6518436,0.318502,0,0,0.417083,0.193777,0.1024791,0.9663971,-0.2448307,0.05215146,-0.05843662
262538,0.0166761,4.39536839537323,1.144057,0.531578,-0.2620763,0.6742329,-0.1379447,0.6519194,0.3184066,0,0,0.4170886,0.1939602,0.1025611,0.9664292,-0.2446152,0.05228648,-0.05868678
262538,0.0166584,4.41202679462731,1.144197,0.531661,-0.2620379,-0.6740035,0.1385366,-0.6520101,-0.318449,0,0,0.4170764,0.1940572,0.102578,0.9664444,-0.2445279,0.0523177,-0.05877262
262538,0.0166722,4.4286989942193,1.144172,0.5316726,-0.2619866,0.6740325,-0.1385638,0.6519102,0.3185803,0,0,0.417038,0.1941971,0.102661,0.9665514,-0.2441092,0.05266214,-0.05844446
262538,0.0166622,4.44536119513214,1.144178,0.5317799,-0.2619547,0.6739486,-0.1387946,0.6520387,0.3183946,0,0,0.4169868,0.1941724,0.1026726,0.9665382,-0.2441978,0.05265383,-0.05830047
262538,0.0166775,4.46203869581223,1.144116,0.531801,-0.2619168,0.6739488,-0.1387311,0.6519324,0.3186393,0,0,0.4169548,0.1941778,0.1027799,0.966585,-0.2439515,0.05286444,-0.05836455
262538,0.0166602,4.47869889624417,1.144001,0.5318817,-0.2618635,-0.6740133,0.1384702,-0.6518591,-0.3187665,0,0,0.4169169,0.1941157,0.102801,0.9665732,-0.2440765,0.05272343,-0.05816567
262538,0.0166715,4.49537039548159,1.143923,0.5318803,-0.2618085,-0.6740256,0.1384748,-0.6518185,-0.318821,0,0,0.4168636,0.1940013,0.1028817,0.9665336,-0.2442794,0.05249789,-0.05817642
262576,0.0166638,4.5120341964066,1.143922,0.5318925,-0.2618299,0.6738451,-0.1389208,0.6517227,0.3192046,0,0,0.4168086,0.1939234,0.1028803,0.9665276,-0.2443182,0.05248905,-0.05812015
262576,0.0166707,4.52870489656925,1.14397,0.5318363,-0.2618803,0.6737773,-0.139061,0.6516377,0.3194598,0,0,0.4168299,0.1939225,0.1028925,0.966598,-0.2441497,0.05261722,-0.05753878
262576,0.0166662,4.54537109658122,1.144185,0.5316668,-0.2620159,0.6734928,-0.1395211,0.6515324,0.3200735,0,0,0.4168804,0.1939706,0.1028363,0.9666189,-0.2441429,0.05260258,-0.05722911
262576,0.0166654,4.56203649565578,1.144366,0.5316545,-0.2620872,-0.6733338,0.1398924,-0.6516021,-0.320104,0,0,0.417016,0.1941851,0.1026668,0.9667164,-0.2439423,0.05260015,-0.05643496
262576,0.0166684,4.57870489545166,1.144566,0.5316019,-0.2621443,0.6732177,-0.1401424,0.6516624,0.320116,0,0,0.4170874,0.1943658,0.1026545,0.9667878,-0.2436627,0.05280627,-0.05622729
262576,0.0166638,4.59536869637668,1.144886,0.5315642,-0.2622306,0.6730978,-0.1406011,0.6516421,0.3202085,0,0,0.4171445,0.1945664,0.1026019,0.9668391,-0.2434593,0.0529432,-0.05609671
262576,0.0166697,4.61203839629889,1.145021,0.5314798,-0.2622471,0.6730784,-0.1405571,0.6514482,0.3206627,0,0,0.4172307,0.1948864,0.1025641,0.9668986,-0.2432354,0.05322198,-0.05577694
262598,0.0166659,4.62870429642498,1.145238,0.5313985,-0.2622248,0.6731378,-0.1404756,0.6513361,0.3208014,0,0,0.4172472,0.1950212,0.1024798,0.966886,-0.2434247,0.05301048,-0.05537004
262598,0.0166709,4.64537519589067,1.145206,0.5313271,-0.2621953,0.6738427,-0.1397218,0.6507862,0.3207668,0,0,0.4172249,0.1952382,0.1023985,0.9668565,-0.243582,0.05292684,-0.05527341
262598,0.0166673,4.66204249672592,1.145161,0.5313812,-0.2622362,0.6742833,-0.1395116,0.6504142,0.320687,0,0,0.4171954,0.1952066,0.1023271,0.9665798,-0.2446456,0.05271657,-0.05561448
262598,0.0166659,4.67870839685202,1.145076,0.5314194,-0.2622453,0.6748616,-0.1388864,0.6501772,0.3202224,0,0,0.4172364,0.1951612,0.1023812,0.966421,-0.2452206,0.05282299,-0.05574139
262598,0.0166642,4.69537259638309,1.144864,0.5313945,-0.2622427,0.6755791,-0.1378684,0.6498775,0.3197573,0,0,0.4172453,0.1950757,0.1024194,0.9662086,-0.2459009,0.0528026,-0.05644055
262616,0.0166682,4.71204079687595,1.144771,0.531403,-0.2622709,-0.6757646,0.1377834,-0.6498256,-0.3195071,0,0,0.4172428,0.1948637,0.1023945,0.9659269,-0.2468562,0.05253692,-0.05733201
262616,0.0166665,4.72870729677379,1.144607,0.5313455,-0.2623718,0.6758881,-0.1377743,0.6497895,0.3193234,0,0,0.417271,0.1947713,0.102403,0.9658677,-0.2470012,0.05266302,-0.05758999
262616,0.0166654,4.74537269584835,1.14449,0.5312561,-0.2624363,0.6758401,-0.1379052,0.6497176,0.3195142,0,0,0.4173719,0.194607,0.1023455,0.9658312,-0.2470782,0.0527925,-0.05775235
262616,0.0166729,4.76204559579492,1.144317,0.531039,-0.2624955,-0.6757933,0.1376499,-0.6497189,-0.3197208,0,0,0.4174364,0.1944903,0.1022561,0.9658474,-0.24707,0.05280469,-0.05750625
262616,0.0166621,4.77870769612491,1.144274,0.5309405,-0.2625282,-0.6757166,0.1376303,-0.6498038,-0.3197189,0,0,0.4174955,0.1943169,0.102039,0.9658429,-0.2471662,0.0524916,-0.05745411
262616,0.0166751,4.7953827958554,1.144238,0.530722,-0.2624875,0.6753737,-0.1382835,0.6499659,0.319832,0,0,0.4175283,0.1942741,0.1019405,0.9658687,-0.2470728,0.05243206,-0.05747764
262616,0.0166607,4.81204349547625,1.144238,0.5305752,-0.2624561,-0.6752368,0.1384451,-0.6500561,-0.3198678,0,0,0.4174876,0.1942376,0.101722,0.9660162,-0.246526,0.05273665,-0.05706572
262638,0.0166902,4.82873369567096,1.144178,0.5302094,-0.2623903,0.6751317,-0.1383191,0.6501404,0.3199731,0,0,0.4174561,0.194238,0.1015752,0.9660704,-0.2463281,0.05277937,-0.05696381
262638,0.0166569,4.8453905954957,1.144152,0.5300066,-0.2623566,0.6751124,-0.1382051,0.6501989,0.3199438,0,0,0.4173903,0.1941783,0.1012094,0.9660965,-0.2462729,0.05257661,-0.05694674
262638,0.0166617,4.86205229535699,1.144085,0.5296512,-0.2623451,-0.6750991,0.1379786,-0.6501822,-0.3201036,0,0,0.4173568,0.1941517,0.1010066,0.9660985,-0.2462638,0.05248166,-0.05703909
262638,0.0166712,4.87872349470854,1.144053,0.529489,-0.2623534,0.6750061,-0.1379867,0.6502436,0.3201714,0,0,0.4173452,0.1940849,0.1006512,0.9660857,-0.2463745,0.05222855,-0.05701116
262638,0.0166644,4.89538789540529,1.143915,0.5292403,-0.2623293,0.6748084,-0.1380923,0.6502121,0.3206065,0,0,0.4173535,0.1940532,0.100489,0.9661157,-0.2462848,0.05215751,-0.05695541
262638,0.0166693,4.91205719485879,1.143848,0.5291076,-0.2622955,-0.6746641,0.1384089,-0.650178,-0.320843,0,0,0.4173294,0.1939153,0.1002402,0.9661727,-0.2462023,0.05197503,-0.05651139
262638,0.0166631,4.92872029542923,1.143778,0.5289134,-0.2622481,0.674482,-0.1385353,0.650259,0.3210067,0,0,0.4172956,0.1938482,0.1001076,0.9662292,-0.2460463,0.05206969,-0.05613502
262638,0.0166703,4.94539059512317,1.143745,0.5288039,-0.2622303,-0.6744188,0.1385903,-0.6502903,-0.3210526,0,0,0.4172482,0.193778,0.09991337,0.966292,-0.2458574,0.0520114,-0.05593638
262638,0.0166644,4.96205499581993,1.143618,0.5285447,-0.2622195,0.674296,-0.1388624,0.6502679,0.3212382,0,0,0.4172304,0.1937452,0.09980394,0.9663147,-0.245784,0.05200425,-0.05587195
262638,0.0166741,4.97872909530997,1.143553,0.5284033,-0.2622463,0.6743481,-0.1387636,0.6503586,0.3209879,0,0,0.4172196,0.193618,0.09954466,0.9663633,-0.2456439,0.05209282,-0.05556495
262638,0.0166599,4.99538899585605,1.143461,0.527887,-0.262277,-0.6741123,0.13932,-0.6505443,-0.320866,0,0,0.4172464,0.1935531,0.09940328,0.9663503,-0.2456225,0.05213088,-0.05585004
262676,0.016673,5.01206199638546,1.143461,0.5275173,-0.2622871,-0.6740984,0.1393644,-0.6506407,-0.3206803,0,0,0.4172771,0.1934606,0.09888698,0.9664636,-0.2451311,0.05250157,-0.05569889
262676,0.0166614,5.02872339636087,1.143502,0.526858,-0.2623608,-0.6742603,0.1389762,-0.6507365,-0.3203137,0,0,0.4172872,0.1934612,0.09851731,0.9664778,-0.2450196,0.05259746,-0.0558541
262676,0.0166678,5.04539119638503,1.143599,0.5265111,-0.2624555,-0.6745617,0.1385447,-0.6509877,-0.3193541,0,0,0.417361,0.1935025,0.09785797,0.966417,-0.2451571,0.05250016,-0.05639112
262676,0.0166662,5.06205739639699,1.143725,0.5259023,-0.2626631,-0.6748435,0.1379456,-0.6511776,-0.3186299,0,0,0.4174556,0.1935987,0.09751107,0.9663277,-0.2452178,0.05266105,-0.05749723
262676,0.0166678,5.07872519642115,1.143865,0.5255415,-0.2628518,-0.6751553,0.1372363,-0.6513787,-0.317864,0,0,0.4176633,0.1937254,0.09690227,0.9662267,-0.2454011,0.052587,-0.05847171
262676,0.0166683,5.0953934956342,1.143994,0.5249654,-0.2630953,0.6757563,-0.1355912,0.6514427,0.3171606,0,0,0.4178519,0.1938655,0.09654154,0.96611,-0.245632,0.0524541,-0.05954078
262698,0.0166705,5.11206399649382,1.144107,0.5243567,-0.2633324,-0.6764185,0.134856,-0.651422,-0.3161035,0,0,0.4180953,0.1939942,0.0959654,0.9658402,-0.2464923,0.0516892,-0.06101319
262698,0.0166636,5.12872759625316,1.144173,0.5240157,-0.2634686,0.6766192,-0.1347626,0.6513755,0.3158093,0,0,0.4183325,0.1941069,0.09535672,0.9656066,-0.2470472,0.05184197,-0.06232126
262698,0.0166655,5.14539309591055,1.144234,0.5232916,-0.2635795,0.6767838,-0.1350896,0.651226,0.3156251,0,0,0.4184688,0.1941729,0.09501566,0.9655416,-0.2471949,0.05198611,-0.06262282
262698,0.016668,5.16206109523773,1.144246,0.5229493,-0.2636856,-0.6769192,0.135637,-0.6512201,-0.315112,0,0,0.4185796,0.1942338,0.09429158,0.9655083,-0.2472401,0.052418,-0.06259792
262698,0.016671,5.17873209528625,1.144203,0.5222136,-0.2639325,0.6774045,-0.1358043,0.6510583,0.3143304,0,0,0.4186857,0.194246,0.09394933,0.9655071,-0.2470475,0.053135,-0.06277137
262698,0.0166647,5.19539679586887,1.144135,0.5218306,-0.2639939,0.6777366,-0.1354962,0.6509287,0.3140154,0,0,0.4189326,0.1942033,0.09321357,0.9653718,-0.2472759,0.05383517,-0.0633544
262716,0.0166667,5.21206349506974,1.144084,0.5211256,-0.2640441,-0.678236,0.1354037,-0.6507304,-0.3133879,0,0,0.418994,0.1941354,0.09283055,0.9652494,-0.2476354,0.05388456,-0.06377206
262716,0.0166651,5.22872859425843,1.144102,0.5208437,-0.2640718,0.6785128,-0.135535,0.6506476,0.3129036,0,0,0.4190442,0.1940845,0.09212555,0.9650892,-0.2480155,0.05432195,-0.06434624
262716,0.0166676,5.24539619497955,1.144079,0.5202191,-0.2639908,0.6787926,-0.1361316,0.6503562,0.3126433,0,0,0.4190719,0.1941018,0.09184374,0.9650137,-0.2481204,0.05476534,-0.06469546
262716,0.0166698,5.26206599548459,1.144142,0.5200047,-0.263965,0.6789293,-0.136534,0.6502321,0.3124287,0,0,0.4189909,0.1940787,0.09121908,0.9649551,-0.248212,0.05551483,-0.06457987
262716,0.0166691,5.27873509563506,1.144442,0.5197846,-0.2640817,-0.6790515,0.1372138,-0.6502972,-0.3117296,0,0,0.418965,0.1941417,0.09100474,0.9649345,-0.2481908,0.05600473,-0.06454639
262716,0.0166632,5.29539829492569,1.144573,0.5197164,-0.2642234,-0.6790581,0.1378511,-0.6501939,-0.3116496,0,0,0.4190817,0.1944419,0.09078462,0.9649468,-0.2478683,0.05689248,-0.06482547
262738,0.016667,5.31206529401243,1.144579,0.5194502,-0.2643055,0.6794577,-0.1379569,0.6496233,0.3119215,0,0,0.4192235,0.1945732,0.09071638,0.9649792,-0.2476829,0.05745382,-0.06455579
262738,0.0166668,5.32873209379613,1.14454,0.5193144,-0.2642459,0.6796228,-0.1378993,0.649494,0.3118562,0,0,0.4193056,0.1945788,0.09045018,0.9648364,-0.2482849,0.0576721,-0.06418153
262738,0.0166687,5.34540079347789,1.144483,0.5191449,-0.264311,-0.6800273,0.13783,-0.6491991,-0.3116189,0,0,0.419246,0.1945401,0.0903144,0.9647772,-0.2484806,0.05774302,-0.06425048
262738,0.0166639,5.3620646931231,1.144469,0.5190827,-0.2643939,-0.6800579,0.1381875,-0.6490833,-0.3116351,0,0,0.419311,0.1944831,0.09014489,0.9646378,-0.248908,0.05800413,-0.06445394
262738,0.0166719,5.37873659282923,1.144446,0.5190006,-0.2645438,-0.680114,0.1383777,-0.6489565,-0.3116925,0,0,0.419394,0.1944695,0.09008266,0.9646445,-0.2488653,0.05831222,-0.06424044
262738,0.0166634,5.39539999328554,1.144492,0.5189524,-0.2647709,0.6801386,-0.1387361,0.649013,0.3113617,0,0,0.4195439,0.1944464,0.09000064,0.9646325,-0.2489148,0.05848145,-0.0640747
262738,0.0166748,5.41207479313016,1.144651,0.5188459,-0.2650709,0.6800891,-0.139151,0.6492131,0.310867,0,0,0.419771,0.1944925,0.08995236,0.9646509,-0.2487114,0.05891317,-0.06419127
262738,0.0166642,5.42873899266124,1.144768,0.5187222,-0.2652441,-0.6801577,0.139228,-0.6492947,-0.3105118,0,0,0.420071,0.1946507,0.08984591,0.9647025,-0.2483277,0.05940885,-0.06444369
262738,0.0166632,5.44540219195187,1.145052,0.5184229,-0.2655994,0.6800857,-0.1398751,0.6495265,0.3098935,0,0,0.4202442,0.1947677,0.08972211,0.9646918,-0.2482396,0.05964141,-0.06472925
262738,0.0166672,5.46206939220428,1.145215,0.5182139,-0.2657695,-0.6800136,0.1403917,-0.6497045,-0.3094447,0,0,0.4205995,0.195052,0.0894229,0.964765,-0.247716,0.06036208,-0.06497605
262738,0.0166684,5.47873779200017,1.145602,0.5176244,-0.2660873,-0.6793837,0.1424851,-0.6497348,-0.3098073,0,0,0.4207696,0.1952154,0.08921386,0.9648266,-0.2472995,0.06091291,-0.06513245
262738,0.0166665,5.49540429189801,1.145805,0.5172482,-0.2661622,0.679176,-0.1430878,0.6498564,0.3097298,0,0,0.4210874,0.1956022,0.08862437,0.9651357,-0.2461427,0.06215799,-0.06374389
262776,0.0166753,5.51207959279418,1.145988,0.5163742,-0.2662719,0.6795613,-0.1428687,0.6496549,0.3094084,0,0,0.4211623,0.1958048,0.08824815,0.9652376,-0.2456969,0.06256782,-0.06352023
262776,0.016661,5.52874059230089,1.146066,0.5159189,-0.2662567,0.6796681,-0.1427356,0.6495509,0.3094539,0,0,0.421272,0.1959879,0.08737417,0.9651006,-0.2460993,0.06272401,-0.0638878
262776,0.0166644,5.54540499299765,1.146197,0.515027,-0.2663661,-0.6797816,0.1427761,-0.6492422,-0.3098336,0,0,0.4212568,0.196066,0.08691885,0.9650559,-0.2462878,0.06265811,-0.06390138
262776,0.0167057,5.56211069226265,1.1463,0.5146811,-0.2665229,-0.6799261,0.1426144,-0.6491383,-0.3098083,0,0,0.4213662,0.1961969,0.08602704,0.9650078,-0.2465893,0.06261869,-0.06350221
262776,0.0166652,5.57877589203417,1.14637,0.5143247,-0.2667224,0.6803105,-0.1423382,0.6490976,0.3091762,0,0,0.421523,0.1963006,0.0856811,0.9649503,-0.2468017,0.06257658,-0.06359296
262776,0.0166658,5.59544169157743,1.146507,0.5139083,-0.267148,-0.6807902,0.1425966,-0.6491436,-0.3079022,0,0,0.4217226,0.1963701,0.08532466,0.9648185,-0.2470811,0.06279818,-0.06428637
262776,0.0166678,5.61210949160159,1.146509,0.5135723,-0.2673384,0.6810849,-0.142477,0.6490297,0.3075454,0,0,0.4221482,0.196507,0.0849082,0.9646919,-0.2470694,0.06375291,-0.06528355
262798,0.0166684,5.62877789139748,1.146563,0.5130745,-0.2678728,-0.6816489,0.1420306,-0.6491389,-0.3062693,0,0,0.4223385,0.1965094,0.08457233,0.9645905,-0.2473177,0.06395298,-0.06564329
262798,0.0166642,5.64544209092855,1.146594,0.5126888,-0.2680819,-0.6817147,0.1423333,-0.6490881,-0.30609,0,0,0.422873,0.1965632,0.08407439,0.9643995,-0.2475872,0.06437216,-0.06701174
262798,0.0166673,5.66210939176381,1.146602,0.5120158,-0.2682476,-0.6818153,0.1424256,-0.6489419,-0.3061331,0,0,0.423082,0.1965937,0.08368881,0.9643937,-0.2475184,0.06472693,-0.06700739
262798,0.0166737,5.67878309264779,1.146552,0.5111701,-0.268241,-0.6819087,0.142297,-0.6487806,-0.3063267,0,0,0.4232477,0.1966022,0.08301575,0.9643611,-0.2476428,0.06484575,-0.0669015
262798,0.0166615,5.69544459320605,1.1465,0.5107467,-0.2682438,-0.6822037,0.1417054,-0.64863,-0.3062631,0,0,0.4232412,0.1965521,0.08217014,0.9643179,-0.247878,0.06472192,-0.06677404
262816,0.0166718,5.71211639232934,1.146364,0.5100234,-0.26828,-0.6825047,0.1414607,-0.6482896,-0.3064263,0,0,0.4232439,0.1964999,0.08174665,0.9641874,-0.2483714,0.06442341,-0.06711201
262816,0.0166889,5.72880529239774,1.146311,0.5097296,-0.2683318,-0.6827238,0.1411061,-0.6482874,-0.3061059,0,0,0.4232802,0.1963642,0.08102335,0.9640651,-0.2488867,0.06433376,-0.06704542
262816,0.0166628,5.74546809308231,1.14622,0.5093604,-0.2684135,-0.6828436,0.1409226,-0.6482975,-0.305902,0,0,0.4233319,0.1963111,0.08072962,0.9639777,-0.2491132,0.06428239,-0.06750888
262816,0.0166663,5.76213439367712,1.146163,0.508974,-0.268611,0.6830831,-0.1407079,0.6483693,0.3053133,0,0,0.4234136,0.1962205,0.08036037,0.9639309,-0.249222,0.06427342,-0.06778385
262816,0.0166692,5.77880359441042,1.146073,0.5087391,-0.2687941,-0.6832321,0.1408357,-0.6483536,-0.304954,0,0,0.4236111,0.1961634,0.07997389,0.9638479,-0.2493231,0.0644481,-0.06842231
262816,0.0166673,5.79547089524567,1.145854,0.5082661,-0.2690638,0.6834049,-0.1408697,0.6483319,0.3045974,0,0,0.4237942,0.1960726,0.07973911,0.9638082,-0.2493249,0.06477132,-0.06867089
262838,0.0166679,5.81213879585266,1.145633,0.5075966,-0.2692268,0.683255,-0.1411081,0.6486021,0.3042476,0,0,0.424064,0.1958538,0.07926603,0.9637552,-0.2493812,0.06502939,-0.06896418
262838,0.0166687,5.82880749553442,1.145594,0.5072627,-0.2693008,0.6832036,-0.1411635,0.6489388,0.3036187,0,0,0.4242269,0.1956331,0.07859661,0.963827,-0.2489789,0.06526906,-0.06918831
262838,0.0166672,5.84547469578683,1.145465,0.5065207,-0.2694923,0.6833616,-0.140647,0.6492723,0.3027887,0,0,0.424301,0.1955939,0.07826264,0.9638602,-0.2486258,0.06551552,-0.06976101
262838,0.0166757,5.86215039528906,1.145434,0.5061323,-0.2696042,0.6834287,-0.1405652,0.6493919,0.3024186,0,0,0.4244924,0.1954651,0.07752068,0.9637948,-0.2485933,0.06548156,-0.07080282
262838,0.0166733,5.87882369570434,1.145389,0.5055635,-0.2697241,0.6833456,-0.1405944,0.6495469,0.3022596,0,0,0.4246044,0.1954342,0.07713224,0.9637735,-0.2485382,0.06558789,-0.07118697
262838,0.0166609,5.89548459649086,1.145287,0.5046514,-0.2698654,0.6833867,-0.1401161,0.649774,0.3019005,0,0,0.4247242,0.1953894,0.07656349,0.9638073,-0.248356,0.06562251,-0.07133387
262838,0.0166703,5.9121548961848,1.14518,0.5037741,-0.2700382,0.6837311,-0.1391463,0.6501939,0.3006626,0,0,0.4248654,0.1952868,0.07565136,0.9637759,-0.2483705,0.06538079,-0.07192663
262838,0.0166719,5.92882679589093,1.145033,0.5034173,-0.2700968,-0.6839678,0.1390418,-0.6503736,-0.2997827,0,0,0.4250383,0.1951802,0.0747741,0.9636254,-0.2485129,0.06522837,-0.07357029
262838,0.0168031,5.94562989659607,1.144752,0.5026818,-0.2701799,0.6840582,-0.1399245,0.6508478,0.2981322,0,0,0.4250969,0.1950331,0.07441719,0.9635484,-0.2484599,0.06560117,-0.0744222
262838,0.0166645,5.96229439601302,1.144529,0.5023112,-0.2702234,-0.6841508,0.1401323,-0.6509432,-0.2976135,0,0,0.42518,0.1947523,0.07368179,0.9635797,-0.2476447,0.06699286,-0.07548711
262838,0.0166701,5.97896449640393,1.144217,0.501904,-0.2702826,-0.6842484,0.1400709,-0.6511906,-0.2968755,0,0,0.4252235,0.1945294,0.07331122,0.9635624,-0.2474879,0.06740957,-0.07584955
262838,0.0166613,5.99562579579651,1.143713,0.5014539,-0.2703844,-0.6847872,0.1390058,-0.6514472,-0.2955684,0,0,0.4252827,0.1942176,0.07290395,0.9635322,-0.2473102,0.06768677,-0.07656357
262876,0.0166711,6.01229689642787,1.143029,0.5010861,-0.2704776,-0.6855924,0.1372532,-0.6517167,-0.2939221,0,0,0.4253845,0.1937129,0.07245387,0.9632998,-0.2476993,0.06759501,-0.07829132
262876,0.0166682,6.02896509692073,1.142676,0.5009398,-0.2704536,-0.6856424,0.1369801,-0.6519918,-0.2933221,0,0,0.4254777,0.1930295,0.07208611,0.9629353,-0.2484566,0.06721294,-0.08066842
262876,0.0166709,6.04563599638641,1.141957,0.5007737,-0.2702779,-0.6855686,0.1366116,-0.652528,-0.292473,0,0,0.4254537,0.1926766,0.07193972,0.9629065,-0.2483321,0.06723732,-0.08137263
262876,0.0166589,6.06229489669204,1.141559,0.5006875,-0.270136,-0.6853415,0.136555,-0.6528109,-0.2924,0,0,0.425278,0.1919568,0.0717736,0.962917,-0.2479676,0.06720354,-0.08238039
262876,0.0166735,6.07896839641035,1.140977,0.5007196,-0.2698556,0.6846008,-0.1370549,0.6534646,0.2924413,0,0,0.4251361,0.1915593,0.07168742,0.962995,-0.2476614,0.06705313,-0.08251321
262876,0.0166614,6.09562979638577,1.140769,0.5008416,-0.2696468,-0.6839467,0.1376105,-0.6541926,-0.2920831,0,0,0.4248557,0.1909767,0.0717196,0.9632835,-0.2466109,0.06702643,-0.08231384
262876,0.0166736,6.11230339668691,1.140505,0.5009533,-0.2694641,0.6835372,-0.1379961,0.6544846,0.2922054,0,0,0.4246469,0.190769,0.07184155,0.9635439,-0.2454873,0.06724398,-0.08244609
262876,0.0166609,6.12896429747343,1.140245,0.501249,-0.2691556,-0.6827745,0.1388919,-0.6550638,-0.2922661,0,0,0.4244642,0.1905047,0.07195325,0.9637074,-0.2449225,0.06728332,-0.08218269
262876,0.0166729,6.14563719742,1.139912,0.5015553,-0.2689186,0.682428,-0.1389318,0.6554245,0.292248,0,0,0.4241558,0.1902447,0.07224895,0.9640199,-0.2437561,0.0675661,-0.08175254
262876,0.0166707,6.16230789758265,1.139705,0.5017269,-0.2688062,0.6823515,-0.138776,0.6556482,0.2919986,0,0,0.4239187,0.1899121,0.07255526,0.9641428,-0.2432982,0.06740727,-0.0817984
262876,0.0166637,6.17897159792483,1.139492,0.5019142,-0.2686657,0.6822019,-0.1386591,0.6559523,0.2917206,0,0,0.4238063,0.1897048,0.07272686,0.9641619,-0.2431339,0.06732676,-0.08212768
262876,0.0166686,6.19564019702375,1.139152,0.5022264,-0.2684826,-0.6814075,0.1391608,-0.6567885,-0.2914567,0,0,0.4236658,0.1894925,0.0729142,0.9642082,-0.2428548,0.06724712,-0.08247349
262916,0.0166664,6.21230659633875,1.138853,0.5023898,-0.2684428,0.6812307,-0.1389563,0.6570037,0.2914827,0,0,0.4234827,0.1891523,0.07322635,0.964509,-0.2416101,0.06730626,-0.0825642
262916,0.0166631,6.22896969690919,1.138353,0.5025191,-0.2683765,-0.6811007,0.1384176,-0.6572478,-0.2914925,0,0,0.4234429,0.1888528,0.07338984,0.9645596,-0.2414477,0.06702577,-0.0826759
262916,0.016672,6.24564169719815,1.138064,0.5024072,-0.2684118,0.6809717,-0.1381977,0.6573805,0.291599,0,0,0.4233766,0.1883536,0.07351913,0.9645768,-0.2414211,0.0665011,-0.08297671
262916,0.0166677,6.26230939663947,1.137691,0.5021726,-0.2684172,-0.6807353,0.1384334,-0.6576071,-0.2915282,0,0,0.4234118,0.188064,0.07340713,0.9646098,-0.2413575,0.06620541,-0.08301428
262916,0.0166676,6.27897699736059,1.13755,0.5020131,-0.2684503,0.6804175,-0.1388034,0.6579151,0.2913992,0,0,0.4234174,0.1876908,0.07317258,0.9647033,-0.2409692,0.06629195,-0.0829871
262916,0.0166637,6.29564069770277,1.137327,0.5016707,-0.2684743,0.6800246,-0.1388513,0.6583978,0.2912034,0,0,0.4234504,0.1875506,0.07301308,0.9648314,-0.2404197,0.06646485,-0.08295334
262938,0.0166702,6.31231089681387,1.13706,0.501272,-0.2684363,0.6798165,-0.1386907,0.6587543,0.2909594,0,0,0.4234744,0.1873267,0.07267071,0.9649681,-0.2398271,0.06635275,-0.08316698
262938,0.0166624,6.32897329702973,1.136873,0.501,-0.2683405,0.6797351,-0.1387161,0.6588222,0.2909834,0,0,0.4234363,0.1870599,0.07227196,0.9650306,-0.2395004,0.06619141,-0.08351211
262938,0.0166707,6.34564399719238,1.136462,0.5005959,-0.2680661,0.6796606,-0.138572,0.6591725,0.2904327,0,0,0.4233406,0.186873,0.07199998,0.9650596,-0.2394013,0.06615707,-0.08348733
262938,0.0166688,6.36231279745698,1.136168,0.500427,-0.2678356,0.6797174,-0.1384978,0.6593866,0.2898482,0,0,0.4230662,0.1864625,0.07159586,0.9650765,-0.2391098,0.0661998,-0.08409176
262938,0.016667,6.37897979654372,1.135794,0.5002947,-0.2675147,-0.6797753,0.1387012,-0.6595584,-0.2892239,0,0,0.4228356,0.1861685,0.071427,0.9650517,-0.2389536,0.06638822,-0.08467105
262938,0.0166656,6.39564539678395,1.135172,0.5002048,-0.2669759,0.6795124,-0.1396282,0.6599039,0.2886064,0,0,0.4225148,0.1857942,0.07129468,0.9650403,-0.2387125,0.06682229,-0.08513732
262938,0.0166696,6.41231499612331,1.134421,0.5002791,-0.2663838,0.679269,-0.1409322,0.6602455,0.2877637,0,0,0.421976,0.1851724,0.0712048,0.9651744,-0.2378892,0.06767091,-0.08525088
262938,0.0166611,6.42897609621286,1.134133,0.5003973,-0.2661573,-0.6789609,0.1416568,-0.6605379,-0.2874637,0,0,0.4213839,0.1844209,0.07127906,0.9653178,-0.236903,0.06892776,-0.08536749
262938,0.0166713,6.44564739614725,1.133644,0.500714,-0.2656621,0.6783268,-0.1430939,0.6610081,0.2871678,0,0,0.4211574,0.1841326,0.0713972,0.9654557,-0.2362079,0.06946516,-0.08529869
262938,0.0166634,6.46231079660356,1.133493,0.5008946,-0.2655002,-0.6777463,0.1445395,-0.6611082,-0.2875839,0,0,0.4206622,0.1836436,0.07171394,0.9657362,-0.2349278,0.07040709,-0.08488477
262938,0.0166699,6.4789806958288,1.133418,0.5010372,-0.264986,0.6767023,-0.1463816,0.6614289,0.2883721,0,0,0.4205003,0.1834927,0.0718946,0.9660011,-0.2340139,0.07112161,-0.08379216
262938,0.0179288,6.49690949544311,1.133623,0.5010929,-0.2647474,-0.6759642,0.147569,-0.661785,-0.2886807,0,0,0.4199861,0.1834183,0.07203718,0.9664375,-0.2325767,0.07176396,-0.08219878
262976,0.0166697,6.51357919536531,1.134027,0.5009915,-0.2643737,0.6748576,-0.1491383,0.6621579,0.2896071,0,0,0.4197475,0.1836227,0.07209285,0.9667361,-0.2314861,0.07221629,-0.08136589
262976,0.0166646,6.5302437953651,1.134207,0.5008395,-0.264209,0.6745886,-0.1494471,0.6619782,0.2904833,0,0,0.4193738,0.1840268,0.07199152,0.9671729,-0.2301001,0.07254719,-0.07979634
262976,0.0166668,6.5469105951488,1.134666,0.5004562,-0.2640125,-0.6740493,0.1501623,-0.6621165,-0.2910513,0,0,0.4192092,0.1842065,0.07183947,0.9672781,-0.2300559,0.07232502,-0.07884489
262976,0.0166667,6.56357729434967,1.134933,0.5001634,-0.2639555,-0.6738117,0.1500756,-0.6622892,-0.291253,0,0,0.4190125,0.1846665,0.07145615,0.9674866,-0.2294433,0.07240231,-0.07799678
262976,0.0166687,6.58024599403143,1.135485,0.4994631,-0.2638593,0.67377,-0.1494495,0.6626301,0.2908955,0,0,0.4189556,0.1849335,0.07116343,0.9675622,-0.2292503,0.07212021,-0.07788786
262976,0.0166659,6.59691189415753,1.135712,0.4990922,-0.263877,-0.6738541,0.149049,-0.6626751,-0.2908038,0,0,0.4188593,0.1854849,0.07046311,0.9675499,-0.2291984,0.07170834,-0.07857006
262976,0.0166667,6.6135785933584,1.136057,0.4982672,-0.2640638,-0.674537,0.147328,-0.6624944,-0.2905093,0,0,0.4188771,0.1857124,0.07009222,0.9675058,-0.2293627,0.07145702,-0.07886287
262976,0.0166668,6.6302453931421,1.136159,0.4978933,-0.264208,-0.6750116,0.1464266,-0.6621913,-0.2905537,0,0,0.4190639,0.1860572,0.06926717,0.9672081,-0.2305164,0.07052288,-0.07998322
262976,0.0166672,6.64691259339452,1.13651,0.4972065,-0.2647108,0.6749317,-0.1466392,0.6619903,0.2910896,0,0,0.4192081,0.1861594,0.0688933,0.9670126,-0.2313528,0.07002663,-0.08036736
262976,0.016667,6.66357959248126,1.136687,0.4969503,-0.2649708,0.6748251,-0.1472237,0.6617846,0.2915086,0,0,0.419711,0.1865097,0.0682065,0.9670501,-0.2314264,0.06995838,-0.07976095
262976,0.0166678,6.68024739250541,1.136894,0.4963503,-0.2654792,-0.6745017,0.1485554,-0.6612141,-0.2928735,0,0,0.4199709,0.1866868,0.06795026,0.9671115,-0.2313267,0.07022806,-0.0790649
262976,0.0166665,6.69691389240325,1.137039,0.4961172,-0.2657884,0.6745663,-0.1486987,0.6610004,0.2931341,0,0,0.4204793,0.186894,0.06735025,0.9672762,-0.2311729,0.07064447,-0.07710478
263016,0.0166667,6.71358059160411,1.137442,0.495624,-0.2662659,0.6742063,-0.150034,0.6608103,0.2937099,0,0,0.4207886,0.1870387,0.06711723,0.9672607,-0.2313301,0.07070374,-0.07677334
263016,0.0166689,6.73024949245155,1.137677,0.4953872,-0.2664335,-0.6740626,0.1504543,-0.6608527,-0.2937294,0,0,0.421266,0.1874419,0.06662403,0.967433,-0.2307975,0.07139669,-0.07555398
263016,0.0166646,6.74691409245133,1.138028,0.4949627,-0.2667479,-0.6739857,0.1513827,-0.6605892,-0.2940215,0,0,0.4214336,0.1876772,0.06638713,0.9674969,-0.2305234,0.07165779,-0.0753258
263016,0.0166669,6.76358099281788,1.138251,0.4947819,-0.266861,-0.6739609,0.1518114,-0.6603947,-0.2942945,0,0,0.421748,0.1880284,0.06596263,0.9675572,-0.2303269,0.07227894,-0.07455483
263016,0.0166668,6.78024779260159,1.13881,0.4947579,-0.2673656,-0.6736168,0.1533955,-0.660574,-0.2938577,0,0,0.4218611,0.1882516,0.06578191,0.9675809,-0.2303084,0.07252061,-0.07406758
263016,0.0166675,6.79691529273987,1.139123,0.4948126,-0.267686,0.6734102,-0.1539176,0.6607335,0.2936998,0,0,0.4223657,0.1888097,0.06575783,0.967752,-0.2293099,0.07380744,-0.07365707
263038,0.0166668,6.81358209252357,1.139592,0.494997,-0.2682452,-0.6726643,0.1550568,-0.6608089,-0.2946386,0,0,0.4226862,0.189123,0.06581254,0.9678387,-0.2288578,0.07418388,-0.07354737
263038,0.0166667,6.83024879172444,1.139846,0.4951154,-0.2684637,0.6719559,-0.156733,0.6608311,0.2953173,0,0,0.4232453,0.1895917,0.06599702,0.9681222,-0.2280456,0.07436194,-0.07214396
263038,0.0166678,6.8469165917486,1.140228,0.4951596,-0.2688732,-0.6709123,0.1591918,-0.6606098,-0.2968661,0,0,0.4234639,0.1898461,0.06611539,0.9684078,-0.2270448,0.07510685,-0.07068298
263038,0.0166659,6.86358249187469,1.140397,0.4951238,-0.2689292,-0.669819,0.1619446,-0.6602225,-0.298702,0,0,0.4238732,0.1902284,0.06615962,0.9688177,-0.2258116,0.07599439,-0.0680173
263038,0.0166665,6.88024899177253,1.140604,0.4951041,-0.268955,-0.6684545,0.1654699,-0.6596237,-0.3011397,0,0,0.4239294,0.1903973,0.06612377,0.9692378,-0.2245772,0.07699667,-0.06492069
263038,0.0166678,6.89691679179668,1.140795,0.4951486,-0.2689232,0.6672889,-0.1681788,0.6594089,0.3026906,0,0.0569732524454594,0.4239551,0.1906038,0.0661041,0.9697421,-0.223091,0.07827451,-0.06085937
263038,0.0166684,6.91358519159257,1.141173,0.4951734,-0.268756,0.665522,-0.1709145,0.6590037,0.305913,0,0.0792783051729202,0.4239233,0.1907955,0.06614856,0.9701551,-0.2216727,0.07931316,-0.05805082
263038,0.0166668,6.93025199137628,1.141291,0.4952078,-0.2686013,0.6643075,-0.172964,0.6584364,0.308611,0,0.116853728890419,0.4237561,0.1911736,0.06617339,0.9707247,-0.2202253,0.07942374,-0.05372388
263038,0.016665,6.94691699184477,1.141629,0.4955283,-0.2684025,0.6630053,-0.1745997,0.6580489,0.3113048,0,0.150836884975433,0.4236014,0.1912912,0.06620775,0.9710943,-0.2194113,0.07946907,-0.0501919
263038,0.0166671,6.96358409151435,1.141852,0.4958346,-0.2683883,-0.6625277,0.1756698,-0.658021,-0.3117783,0,0.17229837179184,0.4234026,0.1916296,0.06652822,0.9714729,-0.2185874,0.07912266,-0.04690011
263038,0.0166671,6.98025119118392,1.14224,0.496387,-0.26837,-0.6620647,0.1765726,-0.6577543,-0.3128132,0,0.176722541451454,0.4233884,0.1918523,0.06683458,0.9716242,-0.2179569,0.0795797,-0.04591575
263038,0.0166674,6.99691859073937,1.14241,0.4966163,-0.2683427,-0.6618388,0.177269,-0.6575137,-0.3134023,0.00345846195705235,0.181545272469521,0.4233701,0.1922405,0.06738703,0.9717541,-0.2176293,0.07970001,-0.04449002
263076,0.0166673,7.01358589157462,1.142806,0.4969097,-0.2683698,0.6613981,-0.1785779,0.6567351,0.3152168,0.00651788478717208,0.181276306509972,0.4233428,0.1924104,0.0676163,0.9718158,-0.2174505,0.07994393,-0.04357039
263076,0.0166684,7.03025429137051,1.143114,0.4971191,-0.2685181,0.6612414,-0.179154,0.6566076,0.3154843,0.00996359065175056,0.1778694242239,0.4233699,0.1928065,0.0679097,0.9719141,-0.2174075,0.08013671,-0.04117086
263076,0.0166653,7.04691959172487,1.143604,0.4974529,-0.2687641,0.6612979,-0.1800791,0.6564246,0.31522,0.0129993408918381,0.171575903892517,0.4235182,0.1931139,0.06811906,0.9719588,-0.2172019,0.08043615,-0.04061374
263076,0.0166675,7.06358709186316,1.143857,0.4976519,-0.2689814,-0.6617986,0.1797436,-0.6567076,-0.3137677,0.00975658185780048,0.154796153306961,0.4237642,0.1936038,0.06845291,0.9719504,-0.2169529,0.08134374,-0.04033707
263076,0.016666,7.08025309257209,1.144042,0.4977891,-0.2694844,0.6643415,-0.1775096,0.6566322,0.3097983,0,0.145975828170776,0.4239815,0.1938568,0.06865184,0.9718288,-0.2170148,0.08187246,-0.04183849
263076,0.016667,7.09692009165883,1.143994,0.4978225,-0.2697014,0.6661373,-0.1753679,0.6562976,0.3078646,0,0.109234683215618,0.4244845,0.1940425,0.06878905,0.9710945,-0.2189586,0.08287796,-0.0465173
263076,0.0166671,7.11358719132841,1.144013,0.4979632,-0.2698144,0.66881,-0.1718965,0.6559145,0.3048297,0,0.103275552392006,0.4247014,0.193994,0.06882249,0.9705356,-0.2208473,0.08280062,-0.04930609
263076,0.0166777,7.13026489131153,1.144107,0.4980483,-0.2699507,0.6703559,-0.1694354,0.656003,0.3026134,0,0.0913031473755836,0.4248145,0.1940134,0.06896318,0.9696776,-0.223669,0.08251168,-0.05375233
263076,0.0166663,7.14693119190633,1.144178,0.498163,-0.2700827,0.6730427,-0.1658201,0.655571,0.2995735,0,0.0650413781404495,0.4249508,0.1941066,0.06904827,0.9691659,-0.225214,0.08213778,-0.05700473
263076,0.016667,7.16359819099307,1.144218,0.4982326,-0.2701058,-0.6741679,0.1646574,-0.6557214,-0.2973468,0,0.0440125837922096,0.4250828,0.1941778,0.06916298,0.9682432,-0.2281187,0.08175383,-0.06150821
263076,0.0166665,7.18026469089091,1.144249,0.4982692,-0.2701715,-0.6768357,0.160567,-0.6554768,-0.2940443,0,0.0349859595298767,0.4251059,0.1942177,0.0692326,0.9678612,-0.2288515,0.08224229,-0.06409223
263076,0.0166673,7.19693199172616,1.144226,0.4983584,-0.2701744,-0.6783937,0.1583176,-0.6551861,-0.2923164,0,0.00319447251968086,0.4251717,0.1942492,0.06926917,0.9668823,-0.2317619,0.08156177,-0.06908453
263116,0.0166672,7.21359919197857,1.144379,0.4987184,-0.2701897,-0.6803829,0.1559651,-0.6549394,-0.2894973,0,0,0.4251745,0.1942258,0.06935833,0.9662949,-0.2335258,0.08121182,-0.07172616
263116,0.016668,7.23026719130576,1.144418,0.49894,-0.2701376,-0.681508,0.1545323,-0.6547223,-0.2881067,0,0,0.4251898,0.194379,0.06971838,0.9655417,-0.2354063,0.08143147,-0.07537964
263116,0.016666,7.24693319201469,1.144457,0.4995179,-0.2700074,0.6829188,-0.1535743,0.6544799,0.2858201,0,0,0.4251377,0.1944181,0.06993993,0.9651038,-0.2365858,0.08139706,-0.07730712
263116,0.0166685,7.26360169239342,1.144317,0.4999039,-0.270069,0.6839349,-0.1527511,0.6541091,0.2846781,0,0,0.4250075,0.1944568,0.07051791,0.9645709,-0.2376419,0.08225826,-0.07976779
263116,0.0166659,7.28026759251952,1.144143,0.5008973,-0.2702879,-0.6852759,0.1520987,-0.6537064,-0.2827208,0,0,0.4250691,0.1943167,0.07090388,0.9641801,-0.23865,0.08258069,-0.08113846
263116,0.0166669,7.29693449288607,1.144011,0.5014036,-0.27042,-0.687045,0.149148,-0.6537258,-0.2799408,0,0,0.425288,0.1941436,0.07189728,0.9636697,-0.2396913,0.08353781,-0.08312748
263138,0.0166668,7.31360129266977,1.143621,0.5022965,-0.2706822,-0.6893721,0.1452556,-0.6538541,-0.2759382,0,0,0.4254201,0.1940115,0.07240357,0.9629061,-0.2414914,0.08313632,-0.08707464
263138,0.0166688,7.33027009293437,1.143401,0.5026757,-0.2707843,-0.6904955,0.1433665,-0.6536769,-0.2745335,0,0,0.4256824,0.1936207,0.07329644,0.9618598,-0.2437401,0.08273894,-0.09257869
263138,0.0166657,7.34693579375744,1.142994,0.5033037,-0.2708402,-0.6929453,0.1394081,-0.6528431,-0.2723752,0,0,0.4257844,0.1934014,0.07367565,0.9613485,-0.2450552,0.08234453,-0.09474403
263138,0.016667,7.36360279284418,1.142738,0.5035799,-0.2708105,-0.693584,0.1387605,-0.65241,-0.272118,0,0,0.4258403,0.1929939,0.0743037,0.9602324,-0.2482724,0.08128444,-0.09852621
263138,0.0166662,7.38026899285614,1.142289,0.5043547,-0.27087,-0.6944939,0.1385158,-0.6515596,-0.2719593,0,0,0.4258106,0.1927381,0.07457985,0.9599619,-0.2491445,0.08121324,-0.09901826
263138,0.0166656,7.39693459309638,1.1421,0.5048096,-0.2710389,-0.6947518,0.138469,-0.6513193,-0.2719001,0,0,0.4258701,0.1922894,0.07535465,0.9596128,-0.2503055,0.0815963,-0.09915856
263138,0.0166701,7.41360469348729,1.141508,0.5059958,-0.2719321,-0.6956491,0.1384041,-0.6504973,-0.2716061,0,0,0.426039,0.1920999,0.07580961,0.9595144,-0.2506233,0.08172895,-0.09919921
263138,0.0166667,7.43027139268816,1.14126,0.5066524,-0.2725025,-0.6956959,0.1386199,-0.6503776,-0.2716635,0,0,0.4269322,0.1915076,0.0769958,0.9591737,-0.2516694,0.08230554,-0.09936861
263138,0.0166671,7.44693849235773,1.140797,0.5078735,-0.2736825,-0.6952475,0.1401713,-0.6501642,-0.2725243,0,0,0.4275026,0.1912597,0.07765235,0.9591684,-0.2516994,0.08248996,-0.09919129
263138,0.016667,7.46360549144447,1.140597,0.50838,-0.274298,-0.6947546,0.1409016,-0.6500206,-0.2737449,0,0,0.4286826,0.1907973,0.07887353,0.9594272,-0.2510951,0.08319344,-0.09762039
263138,0.0166684,7.48027389124036,1.140263,0.5093981,-0.2756277,0.6927277,-0.1447213,0.6498362,0.2773032,0,0,0.4292981,0.190597,0.07937993,0.9596667,-0.2507868,0.0830548,-0.09616604
263138,0.0166666,7.49694049172103,1.140096,0.5098602,-0.2761951,-0.6909504,0.1479295,-0.6497332,-0.2802701,0,0,0.4306278,0.1902631,0.08039804,0.9606393,-0.2487286,0.08371937,-0.09108967
263176,0.0166657,7.5136061925441,1.139531,0.5105135,-0.2770633,0.6884421,-0.1520813,0.6498939,0.2838258,0,0,0.4311952,0.1900966,0.08086015,0.9614543,-0.2469121,0.08425047,-0.08684479
263176,0.0166672,7.53027339279652,1.139111,0.5107205,-0.2774306,-0.6871845,0.153569,-0.6500462,-0.2857171,0,0,0.4320634,0.1895315,0.08151348,0.9625432,-0.2441993,0.08493431,-0.08163091
263176,0.0166676,7.54694099351764,1.138066,0.511009,-0.2782718,-0.684542,0.1563711,-0.6502947,-0.2899438,0,0,0.4324307,0.1891115,0.08172049,0.9630544,-0.2430356,0.08474567,-0.07923412
263176,0.0166692,7.56361019425094,1.137558,0.5111133,-0.2787983,0.6829093,-0.1585265,0.6506436,0.2918345,0,0,0.4332719,0.1880663,0.08200903,0.9640903,-0.2407913,0.08399279,-0.07412694
263176,0.0166644,7.5802745949477,1.136772,0.5112886,-0.2797465,-0.6799036,0.1623747,-0.6512778,-0.2953011,0,0,0.4337984,0.187558,0.08211328,0.9647247,-0.2390096,0.08415454,-0.07140574
263176,0.0166673,7.59694189578295,1.136395,0.5114127,-0.2802806,0.6788681,-0.1638959,0.6516635,0.2959919,0,0,0.4347466,0.1867717,0.08228864,0.9658555,-0.2357722,0.08436678,-0.06646025
263176,0.0166669,7.61360879614949,1.135942,0.5116217,-0.2811595,-0.6758285,0.1682739,-0.6529841,-0.2975764,0,0,0.4352807,0.186395,0.08241268,0.9662433,-0.2344016,0.08479215,-0.06511768
263176,0.0166669,7.63027569651604,1.135701,0.511715,-0.2815722,0.6746089,-0.1698607,0.6534124,0.2985005,0,0,0.4361596,0.185942,0.08262171,0.9673564,-0.2302246,0.08613861,-0.06163029
263176,0.0166669,7.64694259688258,1.135378,0.5119545,-0.2821026,-0.6728072,0.1704069,-0.6551594,-0.2984262,0,0,0.4365724,0.1857012,0.08271499,0.967787,-0.2287178,0.08643309,-0.06004924
263176,0.0166712,7.66361379623413,1.135216,0.512137,-0.2823603,0.672151,-0.1706826,0.6558939,0.2981337,0,0,0.4371027,0.1853779,0.08295454,0.968406,-0.2262837,0.08589086,-0.06006887
263176,0.0166623,7.68027609586716,1.134849,0.512603,-0.2828037,0.6713801,-0.1710224,0.6569317,0.2973905,0,0,0.4373605,0.1852155,0.08313699,0.9686328,-0.2252671,0.08585634,-0.06028224
263176,0.0166667,7.69694279506803,1.134631,0.5127544,-0.2830034,0.6711707,-0.1708284,0.6573057,0.2971483,0,0,0.4378038,0.1848493,0.08360304,0.9689007,-0.2238989,0.08597716,-0.06089939
263216,0.0166672,7.71360999532044,1.134175,0.5129958,-0.2832304,0.6712618,-0.1695348,0.6579846,0.296179,0,0,0.4380036,0.1846309,0.08375438,0.9689696,-0.2235749,0.08578447,-0.0612644
263216,0.0166763,7.73028629459441,1.133988,0.5131049,-0.2833204,0.6710644,-0.169187,0.6584205,0.2958565,0,0,0.4382306,0.1841751,0.08399571,0.9689268,-0.2235686,0.08510879,-0.06288412
263216,0.0166663,7.74695259518921,1.133701,0.5131413,-0.2834097,0.6705325,-0.1686411,0.6594102,0.2951691,0,0,0.4383206,0.1839879,0.08410485,0.9689886,-0.2232611,0.08482389,-0.06340811
263216,0.0166679,7.7636204957962,1.133599,0.5130877,-0.2834691,0.6702935,-0.1680437,0.6599237,0.294905,0,0,0.4384099,0.1837009,0.08414127,0.9691581,-0.2224226,0.0843182,-0.0644305
263216,0.0166672,7.78028769604862,1.133382,0.5129065,-0.2835696,-0.6698492,0.1670937,-0.6605795,-0.2949861,0,0,0.4384692,0.1835986,0.08408774,0.9692273,-0.2221458,0.08377933,-0.06504337
263216,0.0166663,7.79695399664342,1.133201,0.5127854,-0.2836152,-0.6696938,0.166958,-0.6606723,-0.2952076,0,0,0.4385697,0.1833823,0.08390649,0.9693558,-0.221839,0.08270061,-0.06555566
263238,0.0166663,7.81362029723823,1.1329,0.5125025,-0.2837966,0.6695936,-0.1656531,0.6610714,0.2952771,0,0,0.4386154,0.1832009,0.08378543,0.9694034,-0.221769,0.08241664,-0.0654441
263238,0.0166666,7.83028689771891,1.132724,0.5121995,-0.2838383,0.6693183,-0.1656136,0.6611691,0.2957035,0,0,0.4387967,0.1829,0.08350249,0.9694105,-0.2219725,0.08124063,-0.06611658
263238,0.0166666,7.84695349819958,1.13237,0.5114829,-0.2838718,-0.6696276,0.1631113,-0.6618835,-0.2947947,0,0,0.4388384,0.1827236,0.0831994,0.9694983,-0.2218174,0.08089355,-0.06577533
263238,0.0166695,7.86362299881876,1.13227,0.5111183,-0.2838397,-0.6697675,0.1626243,-0.662055,-0.2943609,0,0,0.4388719,0.1823695,0.08248289,0.9693444,-0.2223986,0.07931067,-0.06797221
263238,0.0166664,7.88028939813375,1.132127,0.5102876,-0.2837783,0.6698357,-0.1617731,0.6622787,0.2941715,0,0,0.4388398,0.1822701,0.08211829,0.9692878,-0.2225033,0.07914335,-0.06862957
263238,0.0166677,7.89695709757507,1.132234,0.5099877,-0.2837487,-0.6693764,0.1620809,-0.6627414,-0.2940056,0,0,0.4387785,0.1821273,0.08128758,0.9692446,-0.2227069,0.07854028,-0.06926835
263238,0.0166649,7.91362199746072,1.132456,0.509253,-0.2837076,0.6687084,-0.1623423,0.663357,0.2939925,0,0,0.4387488,0.1822339,0.08098759,0.9694013,-0.2219879,0.07859904,-0.06931578
263238,0.0166678,7.93028979748487,1.132577,0.5089004,-0.2836618,-0.6684106,0.162419,-0.6636009,-0.2940773,0,0,0.4387077,0.1824561,0.08025302,0.9696237,-0.2210832,0.07844433,-0.0692731
263238,0.0166664,7.94695619679987,1.132868,0.5081966,-0.2837142,0.6678818,-0.1627491,0.6639003,0.2944202,0,0,0.4386619,0.182577,0.0799004,0.9697214,-0.2207276,0.07830844,-0.06919106
263238,0.0166678,7.96362399682403,1.133018,0.5078601,-0.2837699,-0.6676202,0.1629706,-0.6639811,-0.2947087,0,0,0.4387143,0.1828678,0.07919659,0.9698996,-0.2201329,0.07815807,-0.06875762
263238,0.0166686,7.98029259592295,1.133307,0.5071767,-0.2838856,-0.6673017,0.1628032,-0.6641363,-0.2951725,0,0,0.43877,0.1830178,0.07886012,0.9699889,-0.2198757,0.0780883,-0.0683995
263238,0.0166642,7.99695679545403,1.133352,0.5068117,-0.2839311,-0.6672546,0.1628757,-0.6640209,-0.2954985,0,0,0.4388857,0.183307,0.07817663,0.9700866,-0.2197124,0.07759601,-0.06809928
263238,0.0166672,8.01362399570644,1.133596,0.5061949,-0.2841175,-0.6671003,0.1627827,-0.6641129,-0.2956909,0,0,0.4389313,0.1833523,0.07781167,0.9701031,-0.2197748,0.07750908,-0.06775969
263238,0.0166674,8.03029139526188,1.13375,0.5059879,-0.2842057,-0.6670348,0.1627369,-0.6641984,-0.2956719,0,0,0.4391176,0.183596,0.07719488,0.9701499,-0.219685,0.07727275,-0.06765094
263238,0.0166668,8.04695819504559,1.13417,0.5055139,-0.2844232,-0.6669902,0.1626821,-0.6643225,-0.2955241,0,0,0.4392058,0.18375,0.07698788,0.9701697,-0.2196055,0.07720447,-0.06770279
263238,0.0166663,8.0636244956404,1.134422,0.5053096,-0.284531,-0.6669636,0.162767,-0.664439,-0.2952753,0,0,0.4394234,0.1841703,0.07651384,0.9701828,-0.2194995,0.07718822,-0.06787767
263238,0.0166682,8.08029269613326,1.134924,0.5048829,-0.2846973,-0.667215,0.1620734,-0.6646855,-0.2945329,0,0,0.4395311,0.1844216,0.07630952,0.9701936,-0.2193408,0.07733651,-0.06806761
263238,0.0166644,8.09695709683001,1.135184,0.5046552,-0.2846774,-0.6672658,0.1620314,-0.664794,-0.2941959,0,0,0.4396974,0.1849237,0.07588287,0.9700959,-0.2195028,0.07717413,-0.06911365
263238,0.0166683,8.11362539604306,1.135631,0.5041966,-0.2847933,-0.667184,0.1622263,-0.6649243,-0.2939796,0,0,0.4396775,0.1851838,0.07565518,0.9700784,-0.2194334,0.07729298,-0.06944596
263238,0.0166668,8.13029219582677,1.135838,0.5039672,-0.2848439,-0.6671941,0.162076,-0.6650136,-0.2938377,0,0,0.4397934,0.1856306,0.07519652,0.9701092,-0.2191938,0.07749007,-0.0695518
263238,0.0166672,8.14695939607918,1.136197,0.5036018,-0.285,-0.6671609,0.1617684,-0.6655426,-0.2928832,0,0,0.4398441,0.1858378,0.07496722,0.970102,-0.2191815,0.07742278,-0.06976657
263238,0.0166668,8.16362619586289,1.13631,0.5033428,-0.2850747,0.6674007,-0.1611419,0.6655836,0.2925892,0,0,0.4400001,0.1861971,0.07460184,0.9701025,-0.2188082,0.07750178,-0.07083475
263238,0.016667,8.18029319494963,1.136612,0.5028228,-0.2851509,-0.6671668,0.1614964,-0.6658029,-0.292428,0,0,0.4400749,0.1863099,0.07434274,0.9700087,-0.219131,0.07722288,-0.07142421
263238,0.0166671,8.1969602946192,1.136784,0.5024837,-0.2851388,0.6667961,-0.162138,0.6660002,0.2924686,0,0,0.440151,0.1866124,0.07382281,0.970092,-0.2186871,0.07744712,-0.07141026
263316,0.0166665,8.21362679451704,1.137333,0.5019282,-0.2852404,-0.6658661,0.1633652,-0.666757,-0.2921804,0,0,0.440139,0.1867836,0.07348372,0.9702266,-0.2180903,0.07775918,-0.07106685
263316,0.0166667,8.23029349371791,1.137574,0.5016469,-0.2853318,0.6655733,-0.1639405,0.6670647,0.2918231,0,0,0.4402404,0.1873332,0.07292821,0.9705504,-0.216519,0.07836808,-0.07078044
263316,0.0166671,8.24696059338748,1.137879,0.5006843,-0.285305,0.6654617,-0.1639608,0.6672755,0.2915839,0,0,0.440332,0.1875743,0.07264681,0.970655,-0.2158684,0.07881726,-0.07083496
263316,0.0166671,8.26362769305706,1.138034,0.5001891,-0.2852811,0.6654961,-0.163716,0.6675119,0.2911015,0,0,0.4403051,0.1878787,0.0716842,0.9706894,-0.2156234,0.07886046,-0.07106203
263316,0.016667,8.2802946921438,1.13819,0.4993406,-0.2853839,0.6652514,-0.1640911,0.6678748,0.2906165,0,0,0.4402812,0.1880336,0.07118912,0.9706699,-0.2155205,0.07885498,-0.07164397
263316,0.0166669,8.29696159251034,1.138201,0.4989719,-0.2854158,0.6652187,-0.1643157,0.6680338,0.2901991,0,0,0.440384,0.18819,0.07034053,0.9707526,-0.2149238,0.07921182,-0.07192168
263338,0.0166676,8.31362919323146,1.138012,0.4982166,-0.2853677,-0.6657001,0.1641184,-0.6679289,-0.2894473,0,0,0.4404159,0.1882008,0.0699719,0.9707653,-0.2146552,0.07953715,-0.07219186
263338,0.0166667,8.33029589243233,1.137967,0.4978768,-0.2853804,0.6658111,-0.1641004,0.6680109,0.2890128,0,0,0.4403678,0.1880123,0.06921653,0.9706041,-0.2149871,0.07992404,-0.07294089
263338,0.0166662,8.3469620924443,1.13787,0.4972204,-0.2854117,0.6659168,-0.163944,0.6681526,0.28853,0,0,0.4403805,0.1879671,0.06887676,0.9705653,-0.2149478,0.08013383,-0.07334229
263338,0.0166669,8.36362899281085,1.137869,0.4969002,-0.2855001,0.6659985,-0.1638497,0.6681733,0.2883471,0,0,0.4404119,0.1878702,0.06822033,0.9705241,-0.2149141,0.08024305,-0.07386573
263338,0.0166671,8.38029609248042,1.137876,0.4961515,-0.2856193,-0.6657406,0.1639338,-0.6683611,-0.2884595,0,0,0.4405002,0.1878687,0.0679002,0.9704944,-0.2149615,0.08027854,-0.07407803
263338,0.0166689,8.39696499332786,1.137964,0.495752,-0.2857606,-0.6654221,0.1639089,-0.6684948,-0.288898,0,0,0.4406194,0.1878759,0.06715144,0.9705783,-0.2146669,0.08016162,-0.07396011
263338,0.016666,8.41363099403679,1.13816,0.4949597,-0.2862078,0.6644179,-0.1647994,0.6692427,0.288971,0,0,0.4407607,0.1879645,0.06675197,0.9706813,-0.2144586,0.07979742,-0.07360562
263338,0.0166662,8.43029719404876,1.138182,0.4944995,-0.2863786,0.6642076,-0.1647076,0.6695102,0.2888876,0,0,0.4412079,0.1881604,0.06595968,0.9710162,-0.2130286,0.07994982,-0.07317457
263338,0.0166671,8.44696429371834,1.138362,0.4935971,-0.2868822,-0.6636605,0.1652298,-0.6700335,-0.2886332,0,0,0.4413788,0.1881817,0.0654995,0.9710784,-0.2127526,0.07978584,-0.07333022
263338,0.0166672,8.46363149397075,1.138531,0.4930795,-0.2870747,-0.6633756,0.1656479,-0.67061,-0.2877083,0,0,0.4418823,0.1883617,0.06459703,0.9712574,-0.2118428,0.08001025,-0.07334872
263338,0.0166664,8.48029789328575,1.138862,0.4921706,-0.2874614,0.6626589,-0.1677457,0.6713091,0.2865117,0,0,0.4420748,0.1885311,0.06407951,0.9713449,-0.2110043,0.08054618,-0.07401647
263338,0.0166682,8.49696609377861,1.139015,0.49173,-0.2876348,-0.6622282,0.1687136,-0.6716569,-0.2861237,0,0,0.4424616,0.1888623,0.0631706,0.9715963,-0.2091277,0.08234838,-0.07406107
263338,0.0166657,8.51363179460168,1.13919,0.4907876,-0.2877095,0.6611906,-0.1701388,0.6724924,0.2857167,0,0,0.442635,0.1890152,0.06272997,0.9717424,-0.2082071,0.08306291,-0.07394016
263338,0.0166675,8.53029929473996,1.139214,0.4903885,-0.287786,-0.660718,0.1709488,-0.672857,-0.2854677,0,0,0.4427096,0.1891899,0.06178756,0.9720793,-0.2064201,0.08382802,-0.07365844
263338,0.016667,8.5469662938267,1.139282,0.4897139,-0.2881281,0.6598692,-0.1723009,0.673556,0.2849695,0,0,0.4427861,0.1892139,0.06138853,0.9722331,-0.205544,0.08433571,-0.07349911
263338,0.0166661,8.56363239325583,1.139276,0.4894355,-0.2882273,-0.659592,0.1728138,-0.6736846,-0.2849963,0,0,0.4431282,0.1892825,0.06071384,0.9725036,-0.2039744,0.08518131,-0.07331649
263338,0.016667,8.58029939234257,1.1392,0.4889188,-0.2884617,0.6587524,-0.1745501,0.6739358,0.285286,0,0,0.4432274,0.189276,0.06043549,0.9725954,-0.2035246,0.08544632,-0.0730404
263338,0.0166672,8.59696659259498,1.139172,0.4886949,-0.2885888,-0.6585748,0.1750739,-0.6740367,-0.2851367,0,0,0.4434618,0.1892005,0.0599188,0.9728767,-0.2022088,0.08632498,-0.07190717
263338,0.0166672,8.61363379284739,1.139189,0.488283,-0.2887692,-0.658663,0.1750006,-0.6742988,-0.2843576,0,0,0.4435889,0.1891722,0.05969493,0.9729343,-0.2018081,0.08672149,-0.07177586
263338,0.0166689,8.63030269369483,1.139241,0.4880607,-0.2888753,-0.6585293,0.1751284,-0.6747214,-0.2835853,0,0,0.4437693,0.1891896,0.059283,0.9728941,-0.2016113,0.0870021,-0.07253069
263338,0.016665,8.64696769416332,1.139267,0.4874544,-0.2891227,0.6579214,-0.1757656,0.6752622,0.2833146,0,0,0.4438754,0.1892415,0.05906064,0.9729218,-0.2010973,0.08732521,-0.07319394
263338,0.0166671,8.6636347938329,1.139238,0.4871309,-0.2892016,0.6577788,-0.1758219,0.6754029,0.2832749,0,0,0.4441229,0.1892667,0.05845441,0.9731054,-0.200088,0.08762238,-0.07316437
263338,0.0166665,8.68030129373074,1.139216,0.4866156,-0.2893237,0.6574986,-0.1762703,0.6759231,0.282405,0,0,0.4442016,0.1892379,0.0581309,0.9731475,-0.1998825,0.08760505,-0.07318717
263338,0.0166668,8.69696809351444,1.139197,0.4863831,-0.2892888,0.6573794,-0.1763423,0.6761035,0.2822058,0,0,0.4443239,0.189216,0.05761556,0.9732187,-0.1990754,0.08815279,-0.07377926
263416,0.0166672,8.71363529376686,1.139255,0.4860171,-0.2892926,0.6571056,-0.1764669,0.6765984,0.2815784,0,0,0.4442889,0.1891968,0.05738301,0.9732507,-0.1988295,0.08822177,-0.07393847
263416,0.0166679,8.73030319437385,1.139351,0.4858887,-0.28927,0.6569853,-0.1765811,0.6768851,0.2810981,0,0,0.4442927,0.1892555,0.05701707,0.9733195,-0.1982044,0.08841028,-0.0744844
263416,0.0166659,8.74696909449995,1.139516,0.4856171,-0.2890927,0.6568637,-0.1765917,0.677579,0.2797005,0,0,0.4442701,0.189351,0.05688862,0.9733456,-0.1978324,0.08862039,-0.07488094
263416,0.0166672,8.76363629475236,1.13954,0.4854361,-0.2889387,0.6569042,-0.1764767,0.6777104,0.2793589,0,0,0.4440928,0.1895165,0.05661703,0.9733489,-0.1971062,0.08908926,-0.07618573
263416,0.0166671,8.78030339442194,1.139411,0.4849144,-0.2886696,0.6569529,-0.1768638,0.6776711,0.2790952,0,0,0.4439388,0.1895401,0.05643613,0.9733272,-0.1970425,0.08914441,-0.07656158
263416,0.0166667,8.7969700936228,1.139356,0.4846137,-0.2886688,0.6569784,-0.1769048,0.677686,0.278973,0,0,0.4436697,0.1894116,0.05591435,0.9733113,-0.1969073,0.08959642,-0.07658409
263438,0.0166669,8.81363699398935,1.139298,0.4840521,-0.2887204,-0.656962,0.1764298,-0.6777431,-0.2791734,0,0,0.4436689,0.189356,0.05561374,0.9733014,-0.1968796,0.08969133,-0.07667134
263438,0.0166673,8.8303042948246,1.139294,0.4838043,-0.2887669,0.6568888,-0.1760785,0.6778702,0.2792595,0,0,0.4437205,0.189298,0.05505202,0.9733052,-0.1970486,0.0892074,-0.07675266
263438,0.0166665,8.84697079472244,1.139355,0.4834523,-0.2888302,-0.6566997,0.1756223,-0.6781256,-0.279371,0,0,0.443767,0.1892942,0.05480425,0.9733241,-0.1970726,0.08883899,-0.07687768
263438,0.016668,8.86363879404962,1.139411,0.483253,-0.2887906,-0.6560631,0.1763184,-0.6781588,-0.280346,0,0,0.4438303,0.1893548,0.05445231,0.9733759,-0.1969878,0.08830843,-0.07705133
263438,0.0166661,8.88030489347875,1.13942,0.4828334,-0.2884246,-0.65342,0.1807381,-0.6775399,-0.2851593,0,0,0.4437907,0.1894107,0.05425302,0.973594,-0.1964429,0.08816951,-0.07583573
263438,0.0166668,8.89697169326246,1.13951,0.4825888,-0.2883349,0.6512457,-0.1840473,0.6775279,0.2880309,0,0,0.4434248,0.18942,0.05383341,0.9745045,-0.1941683,0.08859748,-0.06921129
263438,0.0166671,8.91363879293203,1.140024,0.4820945,-0.2884336,-0.6458353,0.1909441,-0.67738,-0.2959621,0,0,0.443335,0.1895105,0.05358879,0.9751939,-0.1919426,0.0890946,-0.06493945
263438,0.0166685,8.93030729331076,1.140285,0.4822598,-0.2889028,-0.6421963,0.200535,-0.6763853,-0.2997878,0,0,0.4434336,0.1900242,0.05309449,0.9768003,-0.1870946,0.08894188,-0.05427839
263438,0.0166659,8.94697319343686,1.140303,0.4823322,-0.2883263,0.6392457,-0.2077746,0.6767393,0.3003642,0.0446441695094109,0,0.4439029,0.190285,0.05325974,0.9777281,-0.1822041,0.09361798,-0.04566393
263438,0.0166664,8.96363959275186,1.140282,0.4823146,-0.2874532,0.6403936,-0.2015962,0.6797408,0.2953091,0.144514515995979,0,0.4433264,0.1903034,0.05333219,0.9783954,-0.1773356,0.09791784,-0.04131197
263438,0.0166671,8.98030669242144,1.14026,0.4823499,-0.2860364,-0.6392598,0.1884837,-0.6817313,-0.3017673,0.26340913772583,0.198602512478828,0.4424533,0.1902817,0.05331458,0.9781875,-0.177884,0.0951891,-0.04945224
263438,0.0166663,8.99697299301624,1.140539,0.4822851,-0.2849219,-0.6273699,0.2041443,-0.6774168,-0.3253284,0.736808717250824,0.581350207328796,0.4410365,0.1902605,0.05334986,0.9786201,-0.1820225,0.08107243,-0.05096805
263438,0.016667,9.01363999210298,1.140478,0.4817871,-0.2832033,-0.6037564,0.2305878,-0.6681989,-0.3685347,1,0.874939799308777,0.439922,0.1905392,0.05328501,0.9812655,-0.1743867,0.07913021,-0.02111359
263438,0.016667,9.03030699118972,1.140306,0.4815563,-0.2825796,-0.5999725,0.2326184,-0.6679732,-0.3738098,1,0.857380032539368,0.4382034,0.1904777,0.05278702,0.9837541,-0.1603676,0.07344041,0.03341621
263438,0.0166671,9.04697409085929,1.139438,0.481079,-0.2818649,-0.5972037,0.2341385,-0.6680716,-0.377104,1,0.814332842826843,0.4375797,0.1903061,0.05255629,0.984082,-0.157946,0.07129921,0.03939638
263438,0.0166665,9.06364059075713,1.139078,0.4808553,-0.2817172,-0.5957994,0.2344325,-0.6679115,-0.3794192,1,0.771597445011139,0.436865,0.1894383,0.05207891,0.9843394,-0.1559163,0.06996655,0.0432535
263438,0.0166704,9.08031099103391,1.138737,0.4807958,-0.2816125,-0.5933761,0.2352456,-0.6680535,-0.3824514,1,0.741775691509247,0.4367173,0.1890778,0.05185528,0.9844259,-0.1552905,0.06866124,0.04556463
263438,0.0166639,9.09697489067912,1.138691,0.480876,-0.2815856,-0.5927011,0.2354586,-0.6680856,-0.3833098,1,0.738418281078339,0.4366125,0.1887371,0.05179579,0.9846346,-0.1537002,0.0670078,0.04879586
263438,0.0166675,9.1136423908174,1.139103,0.4815289,-0.2815854,-0.5910704,0.2366032,-0.6680707,-0.3851446,1,0.735303401947021,0.4365857,0.1886911,0.05187596,0.9846888,-0.1532683,0.06653187,0.04970302
263438,0.0166665,9.13030889071524,1.139337,0.481966,-0.2816367,-0.5904863,0.2370336,-0.6679181,-0.3860394,1,0.742941856384277,0.4365855,0.1891031,0.05252893,0.9848006,-0.1519975,0.06600741,0.05203409
263438,0.0166674,9.14697629027069,1.139669,0.4829866,-0.2817972,-0.5896774,0.2365997,-0.6681139,-0.3872017,1,0.746517896652222,0.4366368,0.1893376,0.05296598,0.9848124,-0.1516556,0.0657564,0.05311581
263438,0.0166671,9.16364338994026,1.139671,0.4835089,-0.281809,-0.5896289,0.2366496,-0.668064,-0.3873312,1,0.749904334545136,0.4367973,0.1896695,0.05398656,0.9848976,-0.1513331,0.06454958,0.05393076
263438,0.0166662,9.18030958995223,1.13945,0.4845377,-0.2816343,-0.5898126,0.236256,-0.6683888,-0.386731,1,0.741750478744507,0.4368091,0.1896716,0.05450888,0.9848916,-0.1513291,0.06452203,0.05408337
263438,0.0166666,9.19697619043291,1.139354,0.4850745,-0.2814936,-0.5898819,0.2359144,-0.6686922,-0.386309,1,0.730189204216003,0.4366345,0.1894506,0.05553765,0.984938,-0.151328,0.06448774,0.05327651
263516,0.0166671,9.21364329010248,1.13947,0.4861596,-0.2815194,0.5902181,-0.2344869,0.6691168,0.3859292,1,0.727790117263794,0.4364937,0.1893539,0.05607448,0.9849874,-0.1512677,0.06437572,0.05266573
263516,0.0166667,9.23030998930335,1.139619,0.4867456,-0.2815948,0.5903515,-0.2341948,0.6692823,0.3856154,1,0.72696179151535,0.4365195,0.1894702,0.05715958,0.9850359,-0.1517465,0.06345978,0.05148055
263516,0.0166684,9.24697838909924,1.139874,0.4876466,-0.2817912,0.5903559,-0.233934,0.6689926,0.3862691,1,0.727813959121704,0.4365949,0.1896192,0.05774559,0.9850555,-0.1518072,0.06338816,0.05101177
263516,0.0166685,9.26364688947797,1.140005,0.4880314,-0.2818521,-0.5903138,0.234197,-0.668775,-0.3865508,1,0.738837897777557,0.4367913,0.1898745,0.05864654,0.9850013,-0.1521783,0.06294261,0.05150166
263516,0.0166664,9.28031328879297,1.140185,0.4888254,-0.281958,-0.5907755,0.2335092,-0.6686461,-0.3864845,1,0.739136934280396,0.4368522,0.1900054,0.05903138,0.984966,-0.1522167,0.06304943,0.05193011
263516,0.0166667,9.29697998799384,1.140193,0.4890494,-0.2819154,-0.5907835,0.2335242,-0.6685324,-0.3866598,1,0.733001828193665,0.4369581,0.1901854,0.0598254,0.9849088,-0.1528633,0.0627301,0.05150148
263538,0.0166676,9.31364758871496,1.140171,0.4894498,-0.2817703,0.5909905,-0.2327803,0.6688283,0.3862801,1,0.729663789272308,0.4369155,0.1901935,0.0600494,0.9848877,-0.1529555,0.06268727,0.05168352
263538,0.0166667,9.33031428791583,1.140181,0.4895718,-0.2816109,0.5910844,-0.2324803,0.6689627,0.3860846,1,0.735162258148193,0.4367704,0.1901713,0.06044982,0.9849231,-0.1531557,0.06228979,0.05089065
263538,0.0166668,9.34698108769953,1.140321,0.4895606,-0.281278,-0.5914247,0.2310515,-0.6690139,-0.3863323,1,0.732418835163116,0.4366111,0.190181,0.06057177,0.9849392,-0.1532283,0.06214967,0.05053019
263538,0.0166671,9.36364818736911,1.140528,0.4895357,-0.2812179,0.5915261,-0.2302459,0.6690679,0.3865643,1,0.727605223655701,0.4362781,0.190321,0.0605606,0.984915,-0.1540212,0.06102166,0.04996477
263538,0.0166672,9.38031538762152,1.141003,0.4894906,-0.2810971,-0.5918151,0.2287857,-0.6693242,-0.3865454,1,0.72452574968338,0.436218,0.1905285,0.06053571,0.9849107,-0.1544058,0.06030569,0.04972924
263538,0.0166661,9.39698148705065,1.141214,0.4894498,-0.2810056,-0.592029,0.2284049,-0.6694759,-0.3861801,1,0.7165766954422,0.4360971,0.1910036,0.06049059,0.9849235,-0.1550157,0.0592155,0.04888017
263538,0.0166678,9.4136492870748,1.141601,0.4893303,-0.2810975,0.5926665,-0.2280868,0.6693401,0.3856253,1,0.714427888393402,0.4360058,0.1912146,0.06044976,0.9849329,-0.1551657,0.05912938,0.04831698
263538,0.0166663,9.43031558766961,1.141788,0.4891921,-0.2811511,0.5929088,-0.2279423,0.6691682,0.3856364,1,0.712931275367737,0.4360977,0.1916011,0.06033031,0.9848627,-0.1557189,0.05939052,0.04764265
263538,0.0166668,9.44698238745332,1.142054,0.488797,-0.2810562,-0.5933869,0.2283404,-0.6689566,-0.3850324,1,0.714050352573395,0.4361512,0.1917881,0.06019203,0.9848139,-0.1560417,0.05939361,0.04759118
263538,0.0166678,9.46365018747747,1.142173,0.4886321,-0.2810012,0.5936469,-0.228457,0.6688265,0.3847882,1,0.717896938323975,0.4360563,0.1920543,0.05979703,0.9847479,-0.156246,0.0601998,0.04727398
263538,0.0166665,9.48031668737531,1.14239,0.48851,-0.2810344,0.5941573,-0.228307,0.6684201,0.3847956,1,0.718244433403015,0.4360013,0.1921728,0.05963207,0.984708,-0.156417,0.06052392,0.04712606
263538,0.0166668,9.49698348715901,1.142559,0.4885177,-0.2810895,-0.5942689,0.2283394,-0.6681212,-0.3851232,1,0.718226790428162,0.4360345,0.19239,0.05950997,0.9845982,-0.1570605,0.06066841,0.04709237
263538,0.0166669,9.51365038752556,1.142868,0.4885044,-0.2811811,0.5945267,-0.2285153,0.6674818,0.3857292,1,0.717247545719147,0.4360897,0.1925592,0.05951763,0.984537,-0.1573474,0.06064418,0.0474438
263538,0.0166651,9.53031548671424,1.142981,0.4884901,-0.2811272,-0.5945733,0.2285457,-0.6673371,-0.3858896,1,0.712616264820099,0.4361812,0.1928683,0.05950434,0.9844054,-0.1579185,0.06072689,0.04816718
263538,0.0166683,9.5469837859273,1.143248,0.4887003,-0.2812406,0.5950202,-0.2289172,0.6669283,0.3856874,1,0.711464703083038,0.4361274,0.1929815,0.0594901,0.9843763,-0.1580468,0.06072329,0.04834726
263538,0.0166697,9.5636534858495,1.143315,0.4887442,-0.281256,0.5952143,-0.2291126,0.6667165,0.3856379,1,0.710796892642975,0.4362407,0.193248,0.05970032,0.984275,-0.1584149,0.06135274,0.04840774
263538,0.0166655,9.58031898550689,1.143339,0.4887678,-0.2813739,-0.5953425,0.2294149,-0.6663901,-0.3858245,1,0.71071982383728,0.4362561,0.1933147,0.05974413,0.984225,-0.1585874,0.06164236,0.04849193
263538,0.0166658,9.59698478505015,1.14328,0.4888028,-0.2812915,-0.5952134,0.2302387,-0.6659869,-0.3862287,1,0.712559819221497,0.4363739,0.1933387,0.05976782,0.9841596,-0.1587757,0.06190723,0.04886507
263538,0.0166676,9.61365238577127,1.143152,0.4890381,-0.2811148,-0.5950608,0.2314622,-0.665801,-0.3860533,1,0.708959460258484,0.4362916,0.1932799,0.05980278,0.9841024,-0.1586644,0.06240617,0.04973493
263538,0.0166652,9.6303175855428,1.143152,0.4892443,-0.2810833,0.5948679,-0.2318655,0.6658535,0.386018,1,0.711386799812317,0.4361149,0.1931525,0.06003801,0.9840896,-0.1581684,0.06343385,0.05026704
263538,0.0166681,9.64698568545282,1.142984,0.4896423,-0.281136,-0.5949194,0.232058,-0.666001,-0.3855682,1,0.704550206661224,0.4360834,0.1931518,0.06024433,0.9841157,-0.1578449,0.06368799,0.05045143
263538,0.0166685,9.66365418583155,1.14293,0.4898592,-0.2812151,0.5949838,-0.2320784,0.6660878,0.3853068,1,0.718715310096741,0.4361361,0.1929843,0.06064222,0.9841406,-0.1576519,0.06403498,0.05012662
263538,0.0166655,9.68031968548894,1.14297,0.490144,-0.2809922,-0.5938166,0.2342057,-0.6659697,-0.3860233,1,0.72452437877655,0.4362152,0.19293,0.06085915,0.9841522,-0.157598,0.06417664,0.04988726
263538,0.0166668,9.69698648527265,1.143216,0.4904861,-0.2809774,0.593312,-0.2350883,0.6660592,0.3861084,1,0.739080846309662,0.4359923,0.1929697,0.06114401,0.9842243,-0.1561548,0.06512824,0.05173687
263616,0.0166667,9.71365318447351,1.14381,0.4910976,-0.2809433,-0.59106,0.2387472,-0.6655475,-0.388194,1,0.763185620307922,0.4359775,0.1932163,0.06148608,0.9842793,-0.1554293,0.06558511,0.05229434
263616,0.0166671,9.73032028414309,1.144266,0.4913244,-0.281121,-0.5891975,0.2412659,-0.6646128,-0.391059,1,0.794605374336243,0.4359434,0.1938102,0.06209753,0.9843435,-0.1530844,0.06680481,0.05630442
263616,0.0166669,9.74698718450964,1.145011,0.4921407,-0.2824833,0.5997722,-0.2213731,0.669217,0.3787031,1,0.816763043403625,0.436121,0.1942666,0.06232442,0.9842823,-0.1518076,0.06699394,0.06045473
263616,0.0166668,9.76365398429334,1.144613,0.4929561,-0.2834607,0.6102927,-0.2084383,0.6693586,0.3688571,1,0.864260196685791,0.4374834,0.1950111,0.06314068,0.9842269,-0.1621767,0.05986303,0.03758453
263616,0.0166671,9.78032108396292,1.144356,0.4923753,-0.2838886,0.6266741,-0.1959525,0.6645036,0.3568153,1,0.846913695335388,0.4384609,0.1946135,0.06395607,0.9830303,-0.1727147,0.05795801,0.02149599
263616,0.0176066,9.79792768321931,1.144433,0.4923126,-0.2839543,-0.6336534,0.1893005,-0.6649587,-0.3471006,1,0.763762950897217,0.4388887,0.1943558,0.06337525,0.979993,-0.189548,0.06055108,0.004363797
263638,0.0166686,9.81459628231823,1.14402,0.4918393,-0.2842811,0.6417515,-0.1823205,0.6674423,0.3308097,0.751453340053558,0.645257830619812,0.4389544,0.1944328,0.06331255,0.9787936,-0.1950099,0.06220801,-0.008026809
263638,0.0166661,9.83126238174737,1.143796,0.4917735,-0.2842516,-0.6431473,0.1822135,-0.6699744,-0.3229463,0.368153095245361,0.284452527761459,0.4392813,0.1940206,0.06283922,0.9773498,-0.1990892,0.06663117,-0.02667005
263638,0.0166661,9.8479284811765,1.14339,0.4916151,-0.2841234,0.6353,-0.2011899,0.6717942,0.3234336,0.193025201559067,0.157514020800591,0.4392517,0.1937959,0.06277342,0.9772295,-0.1973324,0.07015945,-0.03406306
263638,0.0166672,9.86459568142891,1.143074,0.4914666,-0.2839297,-0.6328415,0.2050507,-0.673173,-0.3229619,0.148741751909256,0.10115259885788,0.4391235,0.1933903,0.06261511,0.9792685,-0.1838438,0.08167607,-0.02374312
263638,0.0166675,9.88126318156719,1.142983,0.4918117,-0.283816,0.6305033,-0.2085301,0.6745149,0.3225064,0.0952041074633598,0.049306683242321,0.4389297,0.1930739,0.0624666,0.979872,-0.179829,0.08376793,-0.02225449
263638,0.0166674,9.89793058112264,1.143184,0.4922834,-0.2836024,0.6300238,-0.2083009,0.6763781,0.3196774,0,0,0.4388161,0.1929832,0.06281169,0.9804263,-0.176062,0.08560317,-0.02094471
263638,0.0166804,9.91461098194122,1.143551,0.493785,-0.2831156,0.6315833,-0.2044474,0.6799741,0.3113503,0,0,0.4386026,0.1931838,0.06328334,0.9806287,-0.174282,0.08617558,-0.02381188
263638,0.0166662,9.93127718195319,1.143706,0.4946722,-0.2827125,0.6338592,-0.1992727,0.6818776,0.3058692,0,0,0.4381158,0.1935506,0.06478496,0.9804456,-0.1733578,0.08681188,-0.03372452
263638,0.0166706,9.947947781533,1.14394,0.4961573,-0.2820621,-0.6377931,0.1877603,-0.6846066,-0.2987976,0,0,0.4377126,0.1937059,0.06567217,0.9799741,-0.174862,0.08569846,-0.04159208
263638,0.016662,9.96460978128016,1.143955,0.4968223,-0.2817787,-0.6394486,0.1842596,-0.6849434,-0.296659,0,0,0.4370621,0.1939401,0.06715731,0.9789982,-0.1791373,0.08076095,-0.0543143
263638,0.0166682,9.98127798177302,1.143667,0.4982473,-0.2810392,-0.6421757,0.1796173,-0.6845119,-0.2946042,0,0,0.4367788,0.193955,0.06782226,0.978534,-0.1810303,0.07952053,-0.05810191
263638,0.0166674,9.99794538132846,1.143297,0.49906,-0.2806277,-0.6432096,0.178823,-0.6840111,-0.2939944,0,0,0.4360393,0.1936676,0.06924729,0.9777505,-0.1845367,0.07788548,-0.06232261
263638,0.0166666,10.0146119818091,1.142553,0.500583,-0.2798323,-0.6453986,0.1763785,-0.6834056,-0.2920755,0,0,0.4356278,0.1932973,0.07005997,0.9774574,-0.1857247,0.07801619,-0.06322151
263638,0.0166703,10.0312822815031,1.142086,0.5013394,-0.2793525,0.646112,-0.1760508,0.6830774,0.2914631,0,0,0.4348324,0.1925532,0.07158299,0.9768096,-0.1881565,0.07789022,-0.06613139
263638,0.0166635,10.0479457806796,1.141154,0.5027869,-0.2783284,0.6476345,-0.1739327,0.6820145,0.2918449,0,0,0.4343527,0.1920863,0.07233937,0.976602,-0.18885,0.07823876,-0.06680483
263638,0.0166688,10.0646145809442,1.140635,0.5035458,-0.2777246,0.6478844,-0.1734693,0.6818879,0.2918618,0,0,0.4333284,0.1911539,0.07378693,0.9761547,-0.1913585,0.07716052,-0.06745625
263638,0.0166665,10.081281080842,1.139492,0.5047587,-0.2767952,0.6486754,-0.1725776,0.6813505,0.2918881,0,0,0.4327247,0.190635,0.07454582,0.9760778,-0.1917782,0.07690383,-0.06766979
263638,0.0166782,10.097959280014,1.138906,0.5054426,-0.2763838,-0.6490237,0.1716681,-0.681434,-0.2914554,0,0,0.4317953,0.1894919,0.07575871,0.9758425,-0.1929647,0.07658438,-0.06805063
263638,0.0166546,10.114613879472,1.138071,0.5069304,-0.2757491,0.6493894,-0.1706221,0.6816428,0.2907659,0,0,0.4313838,0.1889059,0.07644261,0.9757231,-0.1934208,0.07617704,-0.06891922
263638,0.016669,10.1312828790396,1.137664,0.5077001,-0.2754329,0.6493859,-0.1709652,0.6815196,0.2908611,0,0,0.4307492,0.1880707,0.07793041,0.9755914,-0.1938239,0.07576171,-0.07010017
263638,0.016666,10.1479488797486,1.136846,0.5089531,-0.27451,0.6501933,-0.1699931,0.6811577,0.2904745,0,0,0.430433,0.1876637,0.07870008,0.9756006,-0.1937802,0.07601155,-0.06982163
263638,0.0166658,10.1646146792918,1.136453,0.5095054,-0.2740762,0.6505622,-0.1698549,0.6809106,0.2903087,0,0,0.4295101,0.1868463,0.07995309,0.9753495,-0.194836,0.07578976,-0.07062803
263638,0.0166676,10.181282280013,1.135782,0.5105317,-0.2729452,-0.6514319,0.1690269,-0.6808039,-0.2890892,0,0,0.4290764,0.1864527,0.08050539,0.9752407,-0.1952525,0.07594068,-0.07081655
263638,0.0166673,10.1979495808482,1.13544,0.5109218,-0.2723532,0.6516896,-0.1690947,0.6807178,0.2886711,0,0,0.4279453,0.1857825,0.08153166,0.9749604,-0.1960073,0.07618752,-0.07231035
263716,0.0166666,10.2146161813289,1.134677,0.5113151,-0.2711881,-0.652187,0.1691754,-0.6804104,-0.2882247,0,0,0.4273533,0.1854401,0.08192183,0.9748828,-0.1961352,0.07654426,-0.07263213
263716,0.0166679,10.2312840819359,1.134365,0.5114952,-0.2706288,-0.6528059,0.1682804,-0.6804162,-0.2873325,0,0,0.4261882,0.1846769,0.0823151,0.9747369,-0.1965439,0.07705563,-0.0729451
263716,0.0166689,10.2479529827833,1.133866,0.5117303,-0.2693454,0.6538469,-0.1668211,0.6804449,0.2857446,0,0,0.4256289,0.1843651,0.08249523,0.9745266,-0.1971437,0.07698541,-0.0741984
263716,0.0166638,10.2646167837083,1.133684,0.5118884,-0.2687579,-0.6545075,0.1661976,-0.680401,-0.2846981,0,0,0.4243456,0.1838663,0.08273019,0.9741675,-0.198109,0.07694004,-0.07636007
263716,0.0166676,10.2812843844295,1.133441,0.5117375,-0.267499,0.6556938,-0.164334,0.6805882,0.282595,0,0,0.423758,0.1836839,0.08288838,0.9739431,-0.198637,0.07717977,-0.07759931
263716,0.0166897,10.2979740835726,1.133369,0.5116914,-0.266916,-0.6561946,0.1637325,-0.6806688,-0.2815857,0,0,0.4224991,0.1834415,0.0827374,0.9735094,-0.1996709,0.07707469,-0.0804401
263738,0.0166674,10.3146414831281,1.133279,0.5115428,-0.265932,0.6571131,-0.1630974,0.6808884,0.2792722,0,0,0.4219162,0.1833695,0.08269139,0.9733254,-0.2000158,0.07723182,-0.08164858
263738,0.0166724,10.3313138838857,1.133289,0.5114433,-0.2655579,-0.6574844,0.1630595,-0.6809476,-0.2782738,0,0,0.420932,0.1832786,0.08254279,0.972985,-0.2003523,0.07808731,-0.08403322
263738,0.0166625,10.3479763846844,1.133311,0.5110458,-0.2647675,0.6586148,-0.1625767,0.6809452,0.2758789,0,0,0.420558,0.1832893,0.08244325,0.9728498,-0.2004123,0.07864057,-0.08493415
263738,0.0166668,10.3646431844682,1.133335,0.5106544,-0.2642803,-0.6589667,0.1630623,-0.6807472,-0.2752402,0,0,0.4197676,0.1833106,0.08204581,0.9724392,-0.2009478,0.0797752,-0.08728011
263738,0.0166675,10.3813106846064,1.133334,0.5099354,-0.2634228,0.6607231,-0.1606546,0.6810449,0.2716858,0,0,0.4192804,0.1833349,0.08165444,0.9723318,-0.2010088,0.08061944,-0.0875609
263738,0.0166667,10.3979773838073,1.133363,0.5095239,-0.2630652,-0.6619328,0.1589949,-0.6810735,-0.2696376,0,0,0.418423,0.1833344,0.08093537,0.9716288,-0.2023123,0.08094063,-0.09195501
263738,0.0166666,10.414643984288,1.133584,0.5084075,-0.262408,-0.6642548,0.1553688,-0.6807947,-0.2667301,0,0,0.4180653,0.1833625,0.08052386,0.9711453,-0.2033797,0.08101207,-0.09460744
263738,0.016667,10.4313109833747,1.133716,0.5077095,-0.2620674,-0.6651444,0.1538374,-0.6805457,-0.266035,0,0,0.4174082,0.183584,0.07940753,0.9702157,-0.2059595,0.08039784,-0.09898648
263738,0.016667,10.4479779824615,1.134291,0.5062727,-0.2613521,-0.6666463,0.1509908,-0.6801675,-0.2648712,0,0,0.4170675,0.1837164,0.0787095,0.9698632,-0.2071544,0.07988612,-0.1003531
263738,0.0166669,10.464644882828,1.134697,0.5056397,-0.2610883,0.6669566,-0.1504665,0.6801874,0.2643369,0,0,0.4163522,0.1842912,0.07727273,0.9692475,-0.2092451,0.07880408,-0.1027893
263738,0.0166667,10.4813115820289,1.135201,0.5041746,-0.2602866,0.667993,-0.1478181,0.6803631,0.2627574,0,0,0.4160884,0.1846974,0.07663967,0.9691088,-0.2095453,0.07874665,-0.1035272
263738,0.016667,10.4979785811156,1.135412,0.5034102,-0.259822,-0.6683748,0.1466345,-0.6804048,-0.2623407,0,0,0.4152867,0.1852012,0.07517464,0.968608,-0.2108534,0.07773229,-0.1062882
263738,0.0166667,10.5146452803165,1.135753,0.5020924,-0.2588143,0.6689287,-0.1462546,0.6801882,0.2617024,0,0,0.4148221,0.1854125,0.07441022,0.968418,-0.2114542,0.07712355,-0.1072651
263738,0.0166717,10.5313169807196,1.135823,0.5013719,-0.2582895,0.6693568,-0.1462452,0.6797131,0.2618476,0,0,0.4138144,0.1857527,0.07309236,0.9682028,-0.211983,0.07736365,-0.1079875
263738,0.0166647,10.5479816813022,1.136104,0.5000415,-0.2572864,0.6695243,-0.1474223,0.6793976,0.2615779,0,0,0.4132896,0.1858235,0.07237191,0.9680791,-0.2125751,0.07754015,-0.1078058
263738,0.0175435,10.5655251815915,1.136165,0.4995258,-0.2568228,0.6696044,-0.148115,0.6793449,0.2611175,0,0,0.4122865,0.1861036,0.07104154,0.9680716,-0.2123863,0.07871502,-0.1073935
263738,0.0166687,10.5821938812733,1.136433,0.498791,-0.2560021,0.6693449,-0.1510506,0.6793338,0.2601285,0,0,0.4118229,0.1861652,0.07052581,0.968058,-0.2121332,0.07951217,-0.1074295
263738,0.0166707,10.5988645814359,1.136541,0.4984387,-0.2554647,0.6695087,-0.1519182,0.6792026,0.2595439,0,0,0.4110022,0.1864329,0.06979097,0.9682203,-0.2107004,0.08218649,-0.106772
263738,0.0166628,10.6155273821205,1.13671,0.4979772,-0.2542986,-0.6700431,0.1532759,-0.678834,-0.2583277,0,0,0.4104648,0.1865409,0.06943871,0.9681789,-0.2104618,0.08322485,-0.1068142
263738,0.0166672,10.6321945823729,1.136855,0.497835,-0.2529036,-0.6708029,0.1545813,-0.6779871,-0.2578018,0,0,0.4092987,0.1867104,0.06897719,0.9680114,-0.2103172,0.08512253,-0.1071201
263738,0.0166656,10.6488601826131,1.137077,0.4979718,-0.2523209,-0.6708238,0.1560676,-0.6778346,-0.2572526,0,0,0.4079036,0.1868554,0.06883503,0.9678031,-0.2107407,0.08683865,-0.1067923
263738,0.0166687,10.6655288822949,1.137227,0.4980457,-0.2516168,-0.6709482,0.1570821,-0.6776381,-0.2568279,0,0,0.407321,0.1870769,0.06897177,0.9678246,-0.2101928,0.08830004,-0.1064792
263738,0.0166673,10.6821961831301,1.137562,0.4982517,-0.2503548,0.6717036,-0.1576928,0.6773615,0.2552034,0,0,0.4066169,0.1872266,0.06904568,0.967801,-0.2099374,0.08937923,-0.1062964
263738,0.0166662,10.6988623831421,1.137715,0.4983458,-0.2496976,-0.6722981,0.1577526,-0.6771611,-0.2541307,0,0,0.4053549,0.1875618,0.06925164,0.9675052,-0.2100942,0.09093945,-0.1073511
263816,0.0166665,10.71552888304,1.137883,0.4984421,-0.2485116,0.6732841,-0.1582485,0.6765081,0.2529486,0,0,0.4046977,0.1877149,0.06934579,0.9672661,-0.2104004,0.09173777,-0.1082228
263816,0.0166668,10.7321956828237,1.137812,0.4984381,-0.2481019,-0.67397,0.1583475,-0.6759296,-0.2526064,0,0,0.4035117,0.1878832,0.06944202,0.966912,-0.2110496,0.09316301,-0.1089038
263816,0.016667,10.7488626819104,1.137535,0.4983997,-0.2477366,-0.6751257,0.1581986,-0.6749568,-0.2522143,0,0,0.4031021,0.1878124,0.06943806,0.9666818,-0.2117487,0.09376428,-0.1090731
263816,0.0166685,10.7655311822891,1.13736,0.4984311,-0.2477224,-0.6754799,0.1580647,-0.6746446,-0.252185,0,0,0.4027366,0.1875351,0.06939967,0.9662915,-0.2130756,0.0944434,-0.1093622
263816,0.0166654,10.7821965813637,1.136908,0.4985085,-0.2477914,-0.6760091,0.1576959,-0.6743661,-0.2517418,0,0,0.4027225,0.1873603,0.06943102,0.9661733,-0.2135392,0.094543,-0.109416
263816,0.0166676,10.7988641820848,1.136674,0.4985477,-0.2478494,-0.676034,0.157768,-0.6743761,-0.2516033,0,0,0.4027914,0.1869078,0.06950845,0.9659686,-0.2141162,0.09470551,-0.1099534
263838,0.0166666,10.8155307825655,1.136224,0.4984959,-0.2480086,-0.6756437,0.157913,-0.6750016,-0.2508828,0,0,0.4028495,0.1866744,0.0695477,0.9659556,-0.2140758,0.09483319,-0.1100371
263838,0.0166673,10.8321980834007,1.136033,0.498396,-0.2481034,-0.6754169,0.1578096,-0.6755174,-0.2501694,0,0,0.4030088,0.1862243,0.06949593,0.966044,-0.2132712,0.09501243,-0.1106666
263838,0.0166666,10.8488646838814,1.135899,0.4981193,-0.2481428,-0.6748102,0.157671,-0.676962,-0.247979,0,0,0.4031035,0.1860331,0.06939597,0.9660717,-0.2127338,0.09507424,-0.1114039
263838,0.0166668,10.8655314836651,1.135877,0.4979518,-0.2479757,-0.6747105,0.1573347,-0.6774577,-0.2471086,0,0,0.4031429,0.1858991,0.06911926,0.9661285,-0.2111567,0.09546565,-0.1135553
263838,0.0166675,10.8821989838034,1.135959,0.4976909,-0.2473467,-0.6746419,0.1562883,-0.6784955,-0.2451049,0,0,0.4029758,0.1858776,0.06895183,0.9660949,-0.2107752,0.09546699,-0.1145451
263856,0.0182913,10.9004902839661,1.136055,0.4976796,-0.2465936,-0.6747679,0.1560694,-0.6790556,-0.2433396,0,0,0.4023468,0.1859589,0.06869085,0.9659525,-0.2101659,0.09533504,-0.1169499
263856,0.0166673,10.9171575848013,1.136059,0.4977614,-0.2460846,0.6748905,-0.1564393,0.6789646,0.2430159,0,0,0.4015937,0.186055,0.06867953,0.9657893,-0.2096964,0.09591115,-0.1186571
263856,0.0166654,10.9338229838759,1.135937,0.4981148,-0.2452268,0.6753138,-0.1566816,0.6784753,0.2430506,0,0,0.4010847,0.1860591,0.06876133,0.9657429,-0.2096363,0.0964146,-0.1187327
263856,0.0166665,10.9504894837737,1.135804,0.498456,-0.2449222,0.6752983,-0.1573435,0.6783985,0.2428805,0,0,0.4002269,0.1859372,0.06911479,0.965622,-0.2101199,0.09684134,-0.118514
263856,0.0166673,10.967156784609,1.135649,0.4989346,-0.2447239,-0.6750402,0.1583332,-0.6784996,-0.2426717,0,0,0.3999223,0.1858042,0.06945597,0.9656389,-0.2098766,0.09745053,-0.1183078
263856,0.0166667,10.9838234838098,1.135333,0.4998162,-0.2444396,0.6742492,-0.1604565,0.6787884,0.2426692,0,0,0.399724,0.185649,0.06993462,0.9657394,-0.2092381,0.09821198,-0.117988
263856,0.0166681,11.0004915837199,1.13515,0.5003661,-0.2443551,-0.6737356,0.1615435,-0.6790636,-0.2426042,0,0,0.3994397,0.1853333,0.07081617,0.966055,-0.2077447,0.09953904,-0.1169264
263856,0.0166664,11.0171579830348,1.134827,0.5013369,-0.2441376,-0.6729105,0.1623002,-0.6800637,-0.241586,0,0,0.3993552,0.18515,0.07136609,0.9662436,-0.2068218,0.1001828,-0.1164536
263856,0.0166669,11.0338248834014,1.134611,0.5018899,-0.2439426,-0.6724727,0.1616096,-0.6810337,-0.2405329,0,0,0.3991377,0.1848267,0.07233687,0.9664514,-0.2052244,0.1007481,-0.1170663
263856,0.0166679,11.0504927840084,1.133928,0.5030086,-0.2437671,-0.6722715,0.1591631,-0.6830228,-0.2370616,0,0,0.3989427,0.1846114,0.07288994,0.966491,-0.2044398,0.1003369,-0.1184565
263856,0.016667,11.0671597830951,1.133614,0.5036694,-0.2437643,-0.671813,0.1582372,-0.6843554,-0.2351303,0,0,0.3987672,0.1839283,0.0740086,0.9662186,-0.2034505,0.09954194,-0.1229672
263856,0.0166658,11.0838255826384,1.133189,0.5048402,-0.2437057,-0.6702109,0.1577281,-0.6870297,-0.2322275,0,0,0.3987644,0.1836136,0.07466938,0.9661763,-0.2023718,0.0992712,-0.1252768
263856,0.016667,11.1004925817251,1.132706,0.5054685,-0.243615,-0.6695971,0.1574403,-0.6879659,-0.2314203,0,0,0.3987058,0.183189,0.07584019,0.9664032,-0.1994145,0.0990928,-0.1283713
263856,0.0166666,11.1171591822058,1.131796,0.5067577,-0.24345,-0.6692451,0.156797,-0.6888428,-0.230264,0,0,0.3986151,0.1827062,0.07646848,0.9665069,-0.1984212,0.09882848,-0.1293307
263856,0.016668,11.133827181533,1.131343,0.507516,-0.2433093,-0.6688009,0.1570979,-0.6889879,-0.2309148,0,0,0.3984501,0.1817964,0.07775767,0.966488,-0.1977087,0.09855262,-0.1307657
263856,0.0166659,11.1504930816591,1.130597,0.5088756,-0.2430801,-0.6662359,0.1594766,-0.6897238,-0.2344743,0,0,0.3983093,0.1813429,0.07851596,0.9666854,-0.1973292,0.09829828,-0.1300694
263856,0.0166676,11.1671606823802,1.129952,0.5096804,-0.2430408,-0.6651315,0.1593297,-0.6900377,-0.2367748,0,0,0.3980802,0.1805971,0.07987554,0.9678157,-0.1949203,0.09744703,-0.1258689
263856,0.0166665,11.183827182278,1.128834,0.5110747,-0.2428498,-0.6634268,0.155952,-0.6908371,-0.2414294,0,0,0.398041,0.1799524,0.08068044,0.9683132,-0.1944579,0.09580472,-0.1240051
263856,0.0166671,11.2004942819476,1.128486,0.5120802,-0.2428974,-0.6622832,0.15499,-0.6913551,-0.2436954,0,0,0.3978499,0.1788345,0.08207466,0.9690285,-0.1949314,0.09021711,-0.1218459
263916,0.0166673,11.2171615827829,1.127934,0.5144424,-0.2426774,-0.659789,0.1537791,-0.6919425,-0.2494917,0,0,0.3978975,0.1784864,0.08308019,0.9694789,-0.1946188,0.08789452,-0.1204526
263916,0.016668,11.23382958211,1.127819,0.5156821,-0.2423372,-0.6571738,0.155089,-0.6917841,-0.2559392,0,0,0.3976775,0.1779342,0.08544244,0.9705256,-0.1940671,0.08324233,-0.1161414
263916,0.0166656,11.2504951823503,1.12716,0.5186477,-0.2416219,-0.6533068,0.1581141,-0.6924996,-0.2619818,0,0,0.3973373,0.1778188,0.0866821,0.9717039,-0.1930342,0.0803801,-0.1098563
263916,0.0166666,11.267161782831,1.126662,0.5201585,-0.2414017,0.6483675,-0.1653777,0.6926859,0.2691768,0,0,0.3966219,0.1771606,0.08964767,0.9732128,-0.1899282,0.07842637,-0.1031192
263916,0.0166669,11.2838286831975,1.125703,0.5220057,-0.2404736,0.6370571,-0.1791645,0.6932478,0.2854225,0,0,0.3964018,0.1766616,0.09115852,0.9751247,-0.1850061,0.07899638,-0.09308166
263916,0.016667,11.3004956822842,1.125122,0.5228223,-0.2399241,0.6303014,-0.1879921,0.692515,0.2963146,0,0,0.3954737,0.1757033,0.09300567,0.9789122,-0.174611,0.07815044,-0.07165457
263938,0.0166667,11.3171623814851,1.124532,0.5244366,-0.2393007,0.6201121,-0.2003276,0.6919079,0.3107949,0,0,0.3949242,0.1751218,0.09382226,0.980879,-0.168953,0.07778548,-0.05727664
263938,0.0166675,11.3338298816234,1.124382,0.5253597,-0.2390779,-0.6152931,0.2051603,-0.6923464,-0.3161967,0,0,0.3943009,0.1745315,0.09543659,0.9833468,-0.1601045,0.07727078,-0.03774759
263938,0.0166669,11.3504967819899,1.124411,0.5271915,-0.2388926,0.6088399,-0.2125364,0.6927854,0.3227862,0,0,0.394078,0.1743825,0.09635974,0.9843625,-0.1556151,0.0767618,-0.03036484
263938,0.0166667,11.3671634811908,1.124514,0.527976,-0.2386562,-0.6065306,0.2142797,-0.6931909,-0.3251022,0,0,0.3938927,0.1744106,0.09819151,0.9855787,-0.1492185,0.07712207,-0.02050903
263938,0.0166667,11.3838301803917,1.124974,0.5293392,-0.2385805,0.6032091,-0.2178335,0.6931607,0.3289617,0,0,0.3936563,0.1745144,0.09897603,0.9859998,-0.1471157,0.07651468,-0.01752022
263938,0.0166672,11.4004973806441,1.125213,0.5297846,-0.238553,0.601123,-0.2197354,0.6927008,0.3324655,0,0,0.3935806,0.1749743,0.1003392,0.9865351,-0.1441288,0.07634678,-0.0121053
263956,0.0166665,11.4171638805419,1.125646,0.5304759,-0.2384981,-0.5990391,0.2217943,-0.6927473,-0.3347549,0,0,0.3935532,0.1752134,0.1007846,0.9868297,-0.1428077,0.07557358,-0.00785937
263956,0.0166668,11.4338306803256,1.125925,0.5307928,-0.2386118,0.5977699,-0.2230833,0.6927539,0.3361502,0,0,0.3934982,0.1756459,0.1014758,0.987134,-0.1409339,0.07538204,-0.004668085
263956,0.0166671,11.4504977799952,1.126254,0.5312908,-0.2391294,-0.5955189,0.2264279,-0.6928349,-0.3377391,0,0,0.3936119,0.1759253,0.1017928,0.9873103,-0.1397908,0.0752971,-0.002699684
263956,0.016667,11.4671647790819,1.126296,0.531387,-0.2394538,0.5948052,-0.2276723,0.6929428,0.3379386,0,0,0.3941295,0.1762546,0.1022908,0.9875984,-0.1371713,0.0763746,0.0005680561
263956,0.0166665,11.4838312789798,1.126038,0.5314044,-0.2400352,-0.5923827,0.2302754,-0.6932367,-0.3398218,0,0,0.3944539,0.1762956,0.102387,0.9876884,-0.1361724,0.07698485,0.001423143
263956,0.0166674,11.5004986785352,1.125706,0.531374,-0.2402524,0.5910744,-0.2304204,0.6939762,0.3404918,0,0,0.3950353,0.1760378,0.1024044,0.988005,-0.1336405,0.07723814,0.00453808
263956,0.0166667,11.5171653777361,1.125096,0.5314567,-0.240435,-0.5882439,0.2330136,-0.6959337,-0.3396325,0,0,0.3952525,0.1757062,0.102374,0.988237,-0.1323647,0.07642359,0.005157184
263956,0.0166674,11.5338327772915,1.124284,0.5314289,-0.2408507,0.5839742,-0.2362413,0.6995405,0.3373534,0,0,0.3954351,0.1750961,0.1024567,0.9887108,-0.1281447,0.07744876,0.005629041
263956,0.0166666,11.5504993777722,1.123855,0.5313152,-0.241172,-0.5810282,0.2402691,-0.7003531,-0.3379092,0,0,0.3958508,0.1742838,0.1024289,0.9894479,-0.1214981,0.07877712,0.005023903
263956,0.0166664,11.5671657770872,1.123322,0.5308167,-0.2420891,0.5735105,-0.2501275,0.7023906,0.3393663,0,0,0.3961721,0.1738546,0.1023152,0.9897735,-0.1175306,0.08047271,0.007697954
263956,0.0166669,11.5838326774538,1.123024,0.5304579,-0.2427295,-0.5694821,0.2546246,-0.7034437,-0.3406223,0,0,0.3970892,0.1733223,0.1018167,0.9904984,-0.1075781,0.08446029,0.01436852
263956,0.0166672,11.6004998777062,1.122256,0.5298561,-0.2438657,0.562411,-0.263057,0.7051436,0.3424435,0,0,0.3977296,0.1730242,0.1014578,0.9908514,-0.102639,0.08576796,0.01796142
263956,0.0166656,11.6171654779464,1.121956,0.5296098,-0.2445397,-0.5589519,0.266883,-0.7065068,-0.3423366,0,0,0.3988658,0.1722558,0.1008561,0.9913382,-0.09376835,0.08869647,0.02427116
263956,0.0166685,11.6338339783251,1.121613,0.5291137,-0.2458063,0.5527468,-0.2727975,0.710188,0.340126,0,0,0.3995398,0.1719556,0.1006098,0.9915813,-0.08906835,0.09024615,0.02625152
263956,0.0166652,11.6504991780967,1.121384,0.528837,-0.2465927,-0.5493528,0.2769147,-0.7118362,-0.33885,0,0,0.4008064,0.1716133,0.1001136,0.9920779,-0.07995162,0.09295847,0.02734939
263956,0.0166691,11.6671682782471,1.120433,0.527613,-0.2473505,0.543063,-0.2822758,0.7155147,0.3368114,0,0,0.4015928,0.1713844,0.09983696,0.9922312,-0.07481472,0.09524349,0.0284369
263956,0.0166666,11.6838348787278,1.12013,0.5271155,-0.2481546,-0.5392197,0.2855025,-0.717656,-0.3357089,0,0,0.4023506,0.1704333,0.09861304,0.9926262,-0.06586259,0.09741315,0.02943012
263956,0.0166669,11.7005017790943,1.119724,0.5265681,-0.2490824,0.5355678,-0.2911976,0.7188736,0.3340539,0,0,0.4031547,0.1701303,0.09811546,0.9928233,-0.06049038,0.09865649,0.03016321
264016,0.0166665,11.7171682789922,1.119345,0.5258583,-0.2505745,-0.5267521,0.3035014,-0.722628,-0.3289804,0,0,0.4040825,0.1697236,0.09756805,0.992729,-0.05472217,0.1023585,0.03189687
264016,0.0166676,11.7338358797133,1.118965,0.5253953,-0.2515258,-0.5230637,0.3122799,-0.7225299,-0.3268584,0,0,0.4055746,0.1693452,0.09685828,0.9924522,-0.04068483,0.1104913,0.03427878
264016,0.0166659,11.7505017798394,1.118671,0.5247412,-0.2533111,-0.5156873,0.3275248,-0.7242122,-0.3198608,0,0,0.4065259,0.1689654,0.09639527,0.991816,-0.03433019,0.1170997,0.03755302
264016,0.0166686,11.7671703789383,1.11834,0.5243511,-0.2542835,-0.5118012,0.3373206,-0.7244601,-0.3153286,0,0,0.4083112,0.1686714,0.09574117,0.9905573,-0.0209499,0.1293852,0.04021057
264016,0.0166655,11.7838358785957,1.117565,0.5235682,-0.255275,-0.5063491,0.349259,-0.7250893,-0.3096359,0,0,0.4092836,0.1683396,0.09535111,0.9894823,-0.0134026,0.1377734,0.0419948
264016,0.0166673,11.800503179431,1.117162,0.5235325,-0.2560013,-0.5026705,0.3588742,-0.725814,-0.3028629,0,0,0.4102752,0.1675652,0.09456815,0.9880352,-0.003454149,0.1477557,0.0440781
264038,0.0166669,11.8171700797975,1.116788,0.5230004,-0.2572441,0.4962707,-0.3675668,0.7301552,0.2923758,0,0,0.4110014,0.1671625,0.0945325,0.9866128,0.004576269,0.1570186,0.04381182
264038,0.0166674,11.833837479353,1.116461,0.5224575,-0.25783,-0.4909928,0.3734422,-0.7323377,-0.2883552,0,0,0.4122443,0.1667884,0.09400035,0.9852608,0.01691309,0.1655654,0.03953709
264038,0.0166671,11.8505045790225,1.115992,0.5219868,-0.258918,0.4827406,-0.3836258,0.7359106,0.2796937,0,0,0.4128301,0.1664608,0.09345748,0.9843793,0.02498149,0.1697402,0.03951873
264038,0.0166672,11.8671717792749,1.11512,0.5214649,-0.2589475,0.4797955,-0.3820479,0.7408215,0.2738966,0,0,0.4139181,0.1659916,0.09298684,0.9825172,0.03853299,0.1781243,0.03803961
264038,0.0166671,11.8838388789445,1.114652,0.5203902,-0.2591779,0.4744799,-0.3720503,0.75168,0.2672539,0,0,0.4139476,0.1651202,0.09246494,0.9826309,0.04384343,0.1775101,0.03169177
264038,0.0166666,11.9005054794252,1.114144,0.5190944,-0.2589285,-0.4705985,0.3631393,-0.758673,-0.2666127,0,0,0.414178,0.1646524,0.09139015,0.9841778,0.05104778,0.1685822,0.01919231
264056,0.016666,11.9171714801341,1.113928,0.5173597,-0.258742,-0.4633585,0.3507411,-0.7690283,-0.2662236,0,0,0.4139286,0.1641439,0.0900944,0.985688,0.05439895,0.1590365,0.01293518
264056,0.0166674,11.9338388796896,1.113921,0.5163357,-0.2584594,0.4585114,-0.3430228,0.7753528,0.2663285,0,0,0.4137421,0.1639281,0.08835973,0.9875945,0.06068628,0.1447451,0.004804616
264056,0.0166664,11.9505052790046,1.113911,0.5147771,-0.2579991,0.4503964,-0.3349306,0.7839544,0.2652927,0,0,0.4134596,0.1639209,0.08733566,0.9886474,0.06473435,0.1355941,0.000131066
264056,0.0166671,11.9671723786742,1.113992,0.5141356,-0.257713,0.4468756,-0.3280926,0.7895949,0.2630537,0,0,0.4129992,0.1639109,0.08577712,0.9894793,0.07252418,0.1250541,-0.005694192
264056,0.0166671,11.9838394783437,1.114313,0.513283,-0.257666,0.4413463,-0.3208359,0.7961925,0.2614484,0,0,0.4127131,0.1639917,0.08513559,0.9899926,0.07602745,0.1182977,-0.01184207
264056,0.0166674,12.0005068778992,1.114666,0.5126551,-0.2577206,0.4360282,-0.3137935,0.8026712,0.2590985,0,0,0.4126661,0.1643127,0.08428289,0.9904462,0.08126858,0.1100115,-0.0175868
264056,0.0166658,12.0171726774424,1.114691,0.5123491,-0.2576519,0.4334477,-0.3097964,0.8059841,0.2579515,0.00166393211111426,0,0.4127207,0.1646662,0.08365513,0.990693,0.08652462,0.1023405,-0.02381904
264056,0.0166691,12.0338417775929,1.114686,0.5119548,-0.2573674,0.430047,-0.3037884,0.8108671,0.2554739,0.0100804856047034,0,0.412652,0.1646915,0.08334912,0.9908173,0.08895413,0.09813037,-0.02717824
264056,0.0166655,12.0505072772503,1.114655,0.5111083,-0.256855,0.4250178,-0.2979473,0.8170229,0.25112,0,0,0.4123675,0.1646858,0.08295478,0.99089,0.09234922,0.09234165,-0.03288795
264056,0.0166677,12.0671749766916,1.114655,0.5111083,-0.256855,0.4250178,-0.2979473,0.8170229,0.25112,0,0,0.411855,0.1646546,0.08210827,0.9905826,0.09807988,0.0867188,-0.04007895
264056,0.0166669,12.0838418770581,1.114655,0.5111083,-0.256855,0.4250178,-0.2979473,0.8170229,0.25112,0,0,0.411855,0.1646546,0.08210827,0.9905826,0.09807988,0.0867188,-0.04007895
264056,0.0166679,12.1005097776651,1.114655,0.5111083,-0.256855,0.4250178,-0.2979473,0.8170229,0.25112,0,0,0.411855,0.1646546,0.08210827,0.9905826,0.09807988,0.0867188,-0.04007895
264056,0.0166653,12.1171750780195,1.114655,0.5111083,-0.256855,0.4250178,-0.2979473,0.8170229,0.25112,0,0,0.411855,0.1646546,0.08210827,0.9905826,0.09807988,0.0867188,-0.04007895
264056,0.0166673,12.1338423788548,1.114655,0.5111083,-0.256855,0.4250178,-0.2979473,0.8170229,0.25112,0,0,0.411855,0.1646546,0.08210827,0.9905826,0.09807988,0.0867188,-0.04007895
264056,0.0166669,12.1505092792213,1.114655,0.5111083,-0.256855,0.4250178,-0.2979473,0.8170229,0.25112,0,0,0.411855,0.1646546,0.08210827,0.9905826,0.09807988,0.0867188,-0.04007895
264056,0.0166671,12.1671763788909,1.114655,0.5111083,-0.256855,0.4250178,-0.2979473,0.8170229,0.25112,0,0,0.411855,0.1646546,0.08210827,0.9905826,0.09807988,0.0867188,-0.04007895
264056,0.0166663,12.1838426794857,1.114655,0.5111083,-0.256855,0.4250178,-0.2979473,0.8170229,0.25112,0,0,0.411855,0.1646546,0.08210827,0.9905826,0.09807988,0.0867188,-0.04007895
264056,0.0166674,12.2005100790411,1.114655,0.5111083,-0.256855,0.4250178,-0.2979473,0.8170229,0.25112,0,0,0.411855,0.1646546,0.08210827,0.9905826,0.09807988,0.0867188,-0.04007895
264116,0.0166662,12.2171762790531,1.114655,0.5111083,-0.256855,0.4250178,-0.2979473,0.8170229,0.25112,0,0,0.411855,0.1646546,0.08210827,0.9905826,0.09807988,0.0867188,-0.04007895
264116,0.0166672,12.2338434793055,1.114655,0.5111083,-0.256855,0.4250178,-0.2979473,0.8170229,0.25112,0,0,0.411855,0.1646546,0.08210827,0.9905826,0.09807988,0.0867188,-0.04007895
264116,0.0166668,12.2505102790892,1.114655,0.5111083,-0.256855,0.4250178,-0.2979473,0.8170229,0.25112,0,0,0.411855,0.1646546,0.08210827,0.9905826,0.09807988,0.0867188,-0.04007895
264116,0.0166679,12.2671781796962,1.114655,0.5111083,-0.256855,0.4250178,-0.2979473,0.8170229,0.25112,0,0,0.411855,0.1646546,0.08210827,0.9905826,0.09807988,0.0867188,-0.04007895
264116,0.0166657,12.2838438805193,1.114655,0.5111083,-0.256855,0.4250178,-0.2979473,0.8170229,0.25112,0,0,0.411855,0.1646546,0.08210827,0.9905826,0.09807988,0.0867188,-0.04007895
264116,0.0166676,12.3005114812404,1.114655,0.5111083,-0.256855,0.4250178,-0.2979473,0.8170229,0.25112,0,0,0.411855,0.1646546,0.08210827,0.9905826,0.09807988,0.0867188,-0.04007895
264138,0.0166666,12.3171780817211,1.114655,0.5111083,-0.256855,0.4250178,-0.2979473,0.8170229,0.25112,0,0,0.411855,0.1646546,0.08210827,0.9905826,0.09807988,0.0867188,-0.04007895
264138,0.0166684,12.333846481517,1.114655,0.5111083,-0.256855,0.4250178,-0.2979473,0.8170229,0.25112,0,0,0.411855,0.1646546,0.08210827,0.9905826,0.09807988,0.0867188,-0.04007895
264138,0.0166649,12.3505113814026,1.114655,0.5111083,-0.256855,0.4250178,-0.2979473,0.8170229,0.25112,0,0,0.411855,0.1646546,0.08210827,0.9905826,0.09807988,0.0867188,-0.04007895
264138,0.0166676,12.3671789821237,1.114655,0.5111083,-0.256855,0.4250178,-0.2979473,0.8170229,0.25112,0,0,0.411855,0.1646546,0.08210827,0.9905826,0.09807988,0.0867188,-0.04007895
264138,0.0166669,12.3838458824903,1.114655,0.5111083,-0.256855,0.4250178,-0.2979473,0.8170229,0.25112,0,0,0.411855,0.1646546,0.08210827,0.9905826,0.09807988,0.0867188,-0.04007895
264138,0.0166668,12.400512682274,1.114655,0.5111083,-0.256855,0.4250178,-0.2979473,0.8170229,0.25112,0,0,0.411855,0.1646546,0.08210827,0.9905826,0.09807988,0.0867188,-0.04007895
264156,0.0166672,12.4171798825264,1.114655,0.5111083,-0.256855,0.4250178,-0.2979473,0.8170229,0.25112,0,0,0.411855,0.1646546,0.08210827,0.9905826,0.09807988,0.0867188,-0.04007895
264156,0.0166666,12.4338464830071,1.114655,0.5111083,-0.256855,0.4250178,-0.2979473,0.8170229,0.25112,0,0,0.411855,0.1646546,0.08210827,0.9905826,0.09807988,0.0867188,-0.04007895
264156,0.016667,12.4505134820938,1.114655,0.5111083,-0.256855,0.4250178,-0.2979473,0.8170229,0.25112,0,0,0.411855,0.1646546,0.08210827,0.9905826,0.09807988,0.0867188,-0.04007895
264156,0.0166671,12.4671805817634,1.114655,0.5111083,-0.256855,0.4250178,-0.2979473,0.8170229,0.25112,0,0,0.411855,0.1646546,0.08210827,0.9905826,0.09807988,0.0867188,-0.04007895
264156,0.0166668,12.4838473815471,1.114655,0.5111083,-0.256855,0.4250178,-0.2979473,0.8170229,0.25112,0,0,0.411855,0.1646546,0.08210827,0.9905826,0.09807988,0.0867188,-0.04007895
264156,0.0166667,12.500514080748,1.114655,0.5111083,-0.256855,0.4250178,-0.2979473,0.8170229,0.25112,0,0,0.411855,0.1646546,0.08210827,0.9905826,0.09807988,0.0867188,-0.04007895
264156,0.0166673,12.5171813815832,1.114655,0.5111083,-0.256855,0.4250178,-0.2979473,0.8170229,0.25112,0,0,0.411855,0.1646546,0.08210827,0.9905826,0.09807988,0.0867188,-0.04007895
264156,0.0166663,12.533847682178,1.114655,0.5111083,-0.256855,0.4250178,-0.2979473,0.8170229,0.25112,0,0,0.411855,0.1646546,0.08210827,0.9905826,0.09807988,0.0867188,-0.04007895
264156,0.0166669,12.5505145825446,1.114655,0.5111083,-0.256855,0.4250178,-0.2979473,0.8170229,0.25112,0,0,0.411855,0.1646546,0.08210827,0.9905826,0.09807988,0.0867188,-0.04007895
264156,0.0166671,12.5671816822141,1.114655,0.5111083,-0.256855,0.4250178,-0.2979473,0.8170229,0.25112,0,0,0.411855,0.1646546,0.08210827,0.9905826,0.09807988,0.0867188,-0.04007895
264156,0.0166665,12.583848182112,1.114655,0.5111083,-0.256855,0.4250178,-0.2979473,0.8170229,0.25112,0,0,0.411855,0.1646546,0.08210827,0.9905826,0.09807988,0.0867188,-0.04007895
264156,0.0166672,12.6005153823644,1.114655,0.5111083,-0.256855,0.4250178,-0.2979473,0.8170229,0.25112,0,0,0.411855,0.1646546,0.08210827,0.9905826,0.09807988,0.0867188,-0.04007895
264156,0.0166673,12.6171826831996,1.114655,0.5111083,-0.256855,0.4250178,-0.2979473,0.8170229,0.25112,0,0,0.411855,0.1646546,0.08210827,0.9905826,0.09807988,0.0867188,-0.04007895
264156,0.0166668,12.6338494829834,1.114655,0.5111083,-0.256855,0.4250178,-0.2979473,0.8170229,0.25112,0,0,0.411855,0.1646546,0.08210827,0.9905826,0.09807988,0.0867188,-0.04007895
264156,0.0166666,12.650516083464,1.114655,0.5111083,-0.256855,0.4250178,-0.2979473,0.8170229,0.25112,0,0,0.411855,0.1646546,0.08210827,0.9905826,0.09807988,0.0867188,-0.04007895
264156,0.0166671,12.6671831831336,1.114655,0.5111083,-0.256855,0.4250178,-0.2979473,0.8170229,0.25112,0,0,0.411855,0.1646546,0.08210827,0.9905826,0.09807988,0.0867188,-0.04007895
264156,0.0166668,12.6838499829173,1.114655,0.5111083,-0.256855,0.4250178,-0.2979473,0.8170229,0.25112,0,0,0.411855,0.1646546,0.08210827,0.9905826,0.09807988,0.0867188,-0.04007895
264156,0.0166669,12.7005168832839,1.114655,0.5111083,-0.256855,0.4250178,-0.2979473,0.8170229,0.25112,0,0,0.411855,0.1646546,0.08210827,0.9905826,0.09807988,0.0867188,-0.04007895
264216,0.0166667,12.7171835824847,1.114655,0.5111083,-0.256855,0.4250178,-0.2979473,0.8170229,0.25112,0,0,0.411855,0.1646546,0.08210827,0.9905826,0.09807988,0.0867188,-0.04007895
264216,0.016668,12.7338515818119,1.114655,0.5111083,-0.256855,0.4250178,-0.2979473,0.8170229,0.25112,0,0,0.411855,0.1646546,0.08210827,0.9905826,0.09807988,0.0867188,-0.04007895
264216,0.0166659,12.750517481938,1.114655,0.5111083,-0.256855,0.4250178,-0.2979473,0.8170229,0.25112,0,0,0.411855,0.1646546,0.08210827,0.9905826,0.09807988,0.0867188,-0.04007895
264216,0.0166667,12.7671841811389,1.114655,0.5111083,-0.256855,0.4250178,-0.2979473,0.8170229,0.25112,0,0,0.411855,0.1646546,0.08210827,0.9905826,0.09807988,0.0867188,-0.04007895
264216,0.0166671,12.7838512808084,1.114655,0.5111083,-0.256855,0.4250178,-0.2979473,0.8170229,0.25112,0,0,0.411855,0.1646546,0.08210827,0.9905826,0.09807988,0.0867188,-0.04007895
264216,0.016667,12.8005182798952,1.114655,0.5111083,-0.256855,0.4250178,-0.2979473,0.8170229,0.25112,0,0,0.411855,0.1646546,0.08210827,0.9905826,0.09807988,0.0867188,-0.04007895
264238,0.0166676,12.8171858806163,1.114655,0.5111083,-0.256855,0.4250178,-0.2979473,0.8170229,0.25112,0,0,0.411855,0.1646546,0.08210827,0.9905826,0.09807988,0.0867188,-0.04007895
264238,0.0166685,12.833854380995,1.114655,0.5111083,-0.256855,0.4250178,-0.2979473,0.8170229,0.25112,0,0,0.411855,0.1646546,0.08210827,0.9905826,0.09807988,0.0867188,-0.04007895
264238,0.0166654,12.8505197800696,1.114655,0.5111083,-0.256855,0.4250178,-0.2979473,0.8170229,0.25112,0,0,0.411855,0.1646546,0.08210827,0.9905826,0.09807988,0.0867188,-0.04007895
264238,0.0166673,12.8671870809048,1.114655,0.5111083,-0.256855,0.4250178,-0.2979473,0.8170229,0.25112,0,0,0.411855,0.1646546,0.08210827,0.9905826,0.09807988,0.0867188,-0.04007895
264238,0.0166663,12.8838533814996,1.114655,0.5111083,-0.256855,0.4250178,-0.2979473,0.8170229,0.25112,0,0,0.411855,0.1646546,0.08210827,0.9905826,0.09807988,0.0867188,-0.04007895
264238,0.0166672,12.9005205817521,1.114655,0.5111083,-0.256855,0.4250178,-0.2979473,0.8170229,0.25112,0,0,0.411855,0.1646546,0.08210827,0.9905826,0.09807988,0.0867188,-0.04007895
264256,0.0166665,12.9171870816499,1.114655,0.5111083,-0.256855,0.4250178,-0.2979473,0.8170229,0.25112,0,0,0.411855,0.1646546,0.08210827,0.9905826,0.09807988,0.0867188,-0.04007895
264256,0.0166671,12.9338541813195,1.114655,0.5111083,-0.256855,0.4250178,-0.2979473,0.8170229,0.25112,0,0,0.411855,0.1646546,0.08210827,0.9905826,0.09807988,0.0867188,-0.04007895
264256,0.0166673,12.9505214821547,1.114655,0.5111083,-0.256855,0.4250178,-0.2979473,0.8170229,0.25112,0,0,0.411855,0.1646546,0.08210827,0.9905826,0.09807988,0.0867188,-0.04007895
264256,0.0166668,12.9671882819384,1.114655,0.5111083,-0.256855,0.4250178,-0.2979473,0.8170229,0.25112,0,0,0.411855,0.1646546,0.08210827,0.9905826,0.09807988,0.0867188,-0.04007895
264256,0.0166675,12.9838557820767,1.114655,0.5111083,-0.256855,0.4250178,-0.2979473,0.8170229,0.25112,0,0,0.411855,0.1646546,0.08210827,0.9905826,0.09807988,0.0867188,-0.04007895
264256,0.0166667,13.0005224812776,1.114655,0.5111083,-0.256855,0.4250178,-0.2979473,0.8170229,0.25112,0,0,0.411855,0.1646546,0.08210827,0.9905826,0.09807988,0.0867188,-0.04007895
264256,0.0166668,13.0171892810613,1.114655,0.5111083,-0.256855,0.4250178,-0.2979473,0.8170229,0.25112,0,0,0.411855,0.1646546,0.08210827,0.9905826,0.09807988,0.0867188,-0.04007895
264256,0.0166666,13.033855881542,1.114655,0.5111083,-0.256855,0.4250178,-0.2979473,0.8170229,0.25112,0,0,0.411855,0.1646546,0.08210827,0.9905826,0.09807988,0.0867188,-0.04007895
264256,0.0166679,13.050523782149,1.114655,0.5111083,-0.256855,0.4250178,-0.2979473,0.8170229,0.25112,0,0,0.411855,0.1646546,0.08210827,0.9905826,0.09807988,0.0867188,-0.04007895
264256,0.0166662,13.0671899821609,1.114655,0.5111083,-0.256855,0.4250178,-0.2979473,0.8170229,0.25112,0,0,0.411855,0.1646546,0.08210827,0.9905826,0.09807988,0.0867188,-0.04007895
264256,0.0166666,13.0838565826416,1.114655,0.5111083,-0.256855,0.4250178,-0.2979473,0.8170229,0.25112,0,0,0.411855,0.1646546,0.08210827,0.9905826,0.09807988,0.0867188,-0.04007895
264256,0.0166672,13.100523782894,1.114655,0.5111083,-0.256855,0.4250178,-0.2979473,0.8170229,0.25112,0,0,0.411855,0.1646546,0.08210827,0.9905826,0.09807988,0.0867188,-0.04007895
264256,0.0166669,13.1171906832606,1.114655,0.5111083,-0.256855,0.4250178,-0.2979473,0.8170229,0.25112,0,0,0.411855,0.1646546,0.08210827,0.9905826,0.09807988,0.0867188,-0.04007895
264256,0.0166672,13.133857883513,1.114655,0.5111083,-0.256855,0.4250178,-0.2979473,0.8170229,0.25112,0,0,0.411855,0.1646546,0.08210827,0.9905826,0.09807988,0.0867188,-0.04007895
264256,0.0166671,13.1505249831825,1.114655,0.5111083,-0.256855,0.4250178,-0.2979473,0.8170229,0.25112,0,0,0.411855,0.1646546,0.08210827,0.9905826,0.09807988,0.0867188,-0.04007895
264256,0.0166669,13.1671918835491,1.114655,0.5111083,-0.256855,0.4250178,-0.2979473,0.8170229,0.25112,0,0,0.411855,0.1646546,0.08210827,0.9905826,0.09807988,0.0867188,-0.04007895
264256,0.0166668,13.1838586833328,1.114655,0.5111083,-0.256855,0.4250178,-0.2979473,0.8170229,0.25112,0,0,0.411855,0.1646546,0.08210827,0.9905826,0.09807988,0.0867188,-0.04007895
264256,0.0166667,13.2005253825337,1.114655,0.5111083,-0.256855,0.4250178,-0.2979473,0.8170229,0.25112,0,0,0.411855,0.1646546,0.08210827,0.9905826,0.09807988,0.0867188,-0.04007895
264316,0.0166667,13.2171920817345,1.114655,0.5111083,-0.256855,0.4250178,-0.2979473,0.8170229,0.25112,0,0,0.411855,0.1646546,0.08210827,0.9905826,0.09807988,0.0867188,-0.04007895
264316,0.016667,13.2338590808213,1.114655,0.5111083,-0.256855,0.4250178,-0.2979473,0.8170229,0.25112,0,0,0.411855,0.1646546,0.08210827,0.9905826,0.09807988,0.0867188,-0.04007895
264316,0.0166668,13.250525880605,1.114655,0.5111083,-0.256855,0.4250178,-0.2979473,0.8170229,0.25112,0,0,0.411855,0.1646546,0.08210827,0.9905826,0.09807988,0.0867188,-0.04007895
264316,0.016667,13.2671928796917,1.114655,0.5111083,-0.256855,0.4250178,-0.2979473,0.8170229,0.25112,0,0,0.411855,0.1646546,0.08210827,0.9905826,0.09807988,0.0867188,-0.04007895
264316,0.0166675,13.28386037983,1.161828,0.5165615,-0.2497609,-0.6110116,0.3328704,-0.6145865,-0.3716796,0,0,0.411855,0.1646546,0.08210827,0.9905826,0.09807988,0.0867188,-0.04007895
264316,0.0166665,13.3005268797278,1.162744,0.5174455,-0.2498264,0.6145249,-0.32386,0.6106417,0.3802509,0,0,0.404761,0.2118283,0.0875615,0.9684018,-0.1562417,0.1662395,0.1007524
264338,0.0166674,13.3171942792833,1.164406,0.5186697,-0.2506728,0.6196131,-0.3148752,0.6093491,0.3816111,0,0,0.4048265,0.2127443,0.08844544,0.9679803,-0.1658271,0.1572501,0.1038654
264338,0.0166667,13.3338609784842,1.165091,0.5189093,-0.251185,-0.6209927,0.3123593,-0.6089414,-0.3820868,0,0,0.4056728,0.2144057,0.08966972,0.9678718,-0.1738351,0.1516241,0.1000779
264338,0.0166664,13.3505273777992,1.166336,0.5189179,-0.2518314,0.6218284,-0.3104466,0.608767,0.3825639,0,0,0.4061851,0.2150909,0.08990933,0.9678174,-0.176084,0.1499986,0.09911739
264338,0.0166671,13.3671944774687,1.166981,0.5188052,-0.2520107,0.6220099,-0.3103797,0.6086309,0.3825398,0,0,0.4068314,0.2163361,0.08991791,0.9678229,-0.1775885,0.1486054,0.09847657
264338,0.0166665,13.3838609773666,1.168105,0.5185384,-0.252202,0.6225062,-0.3100551,0.608345,0.3824507,0,0,0.4070109,0.2169815,0.08980514,0.9677782,-0.1778123,0.1486569,0.09843443
264338,0.0166676,13.4005285780877,1.168513,0.5183235,-0.2522634,0.6228595,-0.3097306,0.608111,0.3825105,0,0,0.4072021,0.2181049,0.08953835,0.9676847,-0.1784284,0.1486786,0.09820466
264356,0.0166662,13.4171947780997,1.168992,0.5181208,-0.2522259,0.625354,-0.3064901,0.6080029,0.3812202,0,0,0.4072635,0.2185128,0.08932354,0.9676171,-0.1789402,0.1485701,0.09810466
264356,0.0166671,13.4338618777692,1.16926,0.5180534,-0.2521725,0.6268356,-0.304113,0.6081351,0.3804791,0,0,0.407226,0.2189921,0.08912082,0.9675478,-0.1817918,0.1475249,0.09507611
264356,0.0166667,13.4505285769701,1.169716,0.5179719,-0.2522082,0.6292856,-0.2999715,0.6082074,0.3796059,0,0,0.4071726,0.21926,0.08905341,0.9675712,-0.1835562,0.1464954,0.09301741
264356,0.0166674,13.4671959765255,1.169784,0.5179296,-0.2523996,0.6306692,-0.2980748,0.6075791,0.37981,0,0,0.4072083,0.2197161,0.08897187,0.9675722,-0.1866921,0.144495,0.08984149
264356,0.0166673,13.4838632773608,1.16986,0.5180362,-0.2528627,0.6331709,-0.2947575,0.6068891,0.3793396,0,0,0.4073997,0.2197846,0.08892961,0.9673865,-0.1887733,0.1435308,0.08903329
264356,0.0166668,13.5005300771445,1.169953,0.5181919,-0.2532719,0.6346426,-0.2933007,0.6065155,0.378606,0,0,0.4078628,0.2198606,0.08903618,0.967133,-0.1921067,0.1421709,0.08681194
264356,0.0166666,13.5171966776252,1.170173,0.5183546,-0.2536953,0.6378462,-0.2891361,0.605951,0.3773276,0,0,0.4082721,0.2199531,0.08919181,0.9669577,-0.1937817,0.1419649,0.08536714
264356,0.0166666,13.5338632781059,1.170327,0.5184556,-0.2538787,0.638865,-0.2880549,0.6054658,0.3772098,0,0,0.4086954,0.2201735,0.08935459,0.966666,-0.1977258,0.1405358,0.08192104
264356,0.0166667,13.5505299773067,1.170243,0.5183426,-0.2537296,-0.6392828,0.2875708,-0.6039383,-0.3793143,0,0,0.4088787,0.2203273,0.08945556,0.9664869,-0.199101,0.140203,0.08127117
264356,0.0166679,13.5671978779137,1.169832,0.5182701,-0.2535967,-0.6381934,0.2888688,-0.6024334,-0.3825418,0,0,0.4087297,0.2202435,0.08934249,0.966112,-0.2007666,0.1393163,0.08313397
264356,0.0166668,13.5838646776974,1.168783,0.5182979,-0.2535564,0.6371269,-0.2900997,0.6023591,0.3835039,0,0,0.4085967,0.2198322,0.08927013,0.965827,-0.2008648,0.1387719,0.08702835
264356,0.0166671,13.600531777367,1.167858,0.5184897,-0.2537514,-0.6358029,0.2915062,-0.6024429,-0.3845018,0,0,0.4085565,0.2187827,0.08929791,0.9658714,-0.1998447,0.138932,0.08861441
264356,0.0166668,13.6171985771507,1.166259,0.5187922,-0.2542163,0.6334687,-0.2942692,0.603417,0.3847219,0,0,0.4087515,0.2178586,0.08948965,0.9659697,-0.1984957,0.139089,0.09031126
264356,0.0166674,13.6338659767061,1.165451,0.5189492,-0.2544077,-0.6323966,0.2957556,-0.6042077,-0.3841046,0,0,0.4092164,0.2162588,0.08979215,0.9663172,-0.1952991,0.1401284,0.09194256
264356,0.0166668,13.6505327764899,1.164471,0.51868,-0.254763,0.6308705,-0.2970439,0.6059053,0.3829443,0,0,0.4094078,0.2154511,0.08994915,0.966543,-0.1934391,0.1410374,0.09211122
264356,0.0166663,13.6671990770847,1.164067,0.5183014,-0.2548409,0.6299405,-0.2974155,0.6071708,0.3821816,0,0,0.4097631,0.2144709,0.08967997,0.9670354,-0.1907509,0.1416907,0.09154503
264356,0.016667,13.6838660761714,1.163472,0.5175374,-0.2547253,0.6284133,-0.297403,0.6089893,0.3818119,0,0,0.409841,0.2140674,0.08930136,0.9674075,-0.1891363,0.1417409,0.0908829
264356,0.0166691,13.7005351763219,1.163121,0.5170856,-0.2545654,-0.6276814,0.2978026,-0.6095707,-0.3817766,0,0,0.4097254,0.2134721,0.08853741,0.9679872,-0.187014,0.140979,0.09028626
264416,0.0166648,13.7171999756247,1.162525,0.5163001,-0.2541844,0.6263486,-0.2987388,0.6102265,0.3821863,0,0,0.4095655,0.213121,0.08808549,0.9681748,-0.1860224,0.1409281,0.09040183
264416,0.016667,13.7338669747114,1.162128,0.5158018,-0.2539872,0.6258035,-0.298523,0.6111316,0.3818014,0,0,0.4091845,0.2125252,0.08730008,0.9684108,-0.184435,0.1408647,0.09122134
264416,0.0166669,13.750533875078,1.161348,0.5150782,-0.2538087,0.6254038,-0.2974313,0.6131544,0.3800612,0,0,0.4089873,0.2121285,0.08680184,0.9686846,-0.1835766,0.14049,0.09062245
264416,0.016667,13.7672008741647,1.160924,0.5145935,-0.2538967,0.6251624,-0.2969264,0.614175,0.3792044,0,0,0.4088088,0.2113478,0.08607824,0.969241,-0.1823202,0.139871,0.08813249
264416,0.0166675,13.783868374303,1.160316,0.5134917,-0.2541537,0.62449,-0.296911,0.6158213,0.377651,0,0,0.4088968,0.2109241,0.08559348,0.9695204,-0.1816439,0.1395708,0.08692284
264416,0.0166672,13.8005355745554,1.160061,0.5126246,-0.2543054,0.6239511,-0.2969351,0.6169251,0.3767204,0,0,0.4091538,0.2103165,0.08449169,0.9699528,-0.1800163,0.1396944,0.08527207
264416,0.0166664,13.8172019738704,1.159993,0.5111372,-0.2541874,-0.6227912,0.29823,-0.6177608,-0.3762468,0,0,0.4093055,0.2100607,0.08362456,0.9702472,-0.1788682,0.1397217,0.08428743
264416,0.0166666,13.8338685743511,1.159973,0.5103707,-0.2539657,-0.622387,0.2983155,-0.6182958,-0.3759692,0,0,0.4091875,0.2099928,0.08213724,0.9704759,-0.1770162,0.1403733,0.08448253
264416,0.0166666,13.8505351748317,1.159802,0.5090854,-0.2536383,-0.6218213,0.2981374,-0.6191433,-0.3756517,0,0,0.4089659,0.2099727,0.08137073,0.970628,-0.1763595,0.1403136,0.08420666
264416,0.0166672,13.8672023750842,1.159612,0.5084756,-0.2535379,-0.6214228,0.298239,-0.6199489,-0.374901,0,0,0.4086384,0.2098023,0.08008541,0.9708786,-0.1755133,0.1399422,0.08370268
264416,0.0166667,13.883869074285,1.158916,0.5076555,-0.2537117,-0.620919,0.2983217,-0.6212624,-0.3734928,0,0,0.4085379,0.2096123,0.0794756,0.9710845,-0.1746265,0.1400596,0.08296844
264416,0.0166676,13.9005366750062,1.158331,0.5072415,-0.2538112,-0.6209272,0.2982918,-0.6216705,-0.3728234,0,0,0.4087119,0.2089165,0.0786555,0.9714066,-0.1732841,0.1403229,0.08155642
264456,0.016668,13.9172046743333,1.157085,0.5066221,-0.253985,-0.6214284,0.2969367,-0.6224949,-0.371693,0,0,0.4088113,0.2083315,0.07824148,0.971491,-0.172965,0.1405268,0.08087453
264456,0.0166658,13.9338704738766,1.156451,0.5062659,-0.2540076,-0.6215332,0.2961883,-0.6231033,-0.3710949,0,0,0.4089851,0.2070853,0.07762207,0.9716845,-0.1731984,0.1399892,0.07896033
264456,0.0166673,13.9505377747118,1.155384,0.5056651,-0.253947,-0.6215131,0.2950922,-0.6242533,-0.3700677,0,0,0.4090077,0.206451,0.07726587,0.9718401,-0.1731266,0.139587,0.07790775
264456,0.0166667,13.9672044739127,1.154829,0.5052927,-0.2538018,0.6219344,-0.2936412,0.6249642,0.3693133,0,0,0.4089472,0.2053837,0.076665,0.972137,-0.1727318,0.1389523,0.07619531
264456,0.016667,13.9838714729995,1.153907,0.5046266,-0.253424,0.622858,-0.2910904,0.6264588,0.3672379,0,0,0.4088019,0.2048293,0.07629265,0.9723142,-0.1730704,0.1381606,0.07458772
264456,0.0166665,14.0005379728973,1.153493,0.504341,-0.2531705,-0.6237239,0.2890459,-0.6273576,-0.3658462,0,0,0.4084242,0.2039068,0.07562657,0.9726428,-0.1735323,0.1371295,0.07104991
264456,0.0166668,14.017204772681,1.152568,0.5038905,-0.2525898,-0.6252932,0.2849637,-0.6296799,-0.3623638,0,0,0.4081706,0.2034929,0.07534094,0.9728249,-0.1741994,0.1362845,0.06850387
264456,0.0166672,14.0338719729334,1.15187,0.503727,-0.2521069,-0.6258969,0.2827885,-0.6317553,-0.359401,0,0,0.4075899,0.2025686,0.07489051,0.9732827,-0.1750076,0.1347564,0.06272034
264456,0.016667,14.0505389720201,1.149882,0.503624,-0.2511204,-0.6261925,0.2812243,-0.6328754,-0.3581407,0,0,0.407107,0.2018698,0.07472689,0.9736897,-0.1746246,0.1341973,0.05853031
264456,0.0166666,14.0672055725008,1.148784,0.5036631,-0.2506095,-0.6261818,0.2805816,-0.6333605,-0.3578057,0,0,0.4061206,0.199882,0.07462396,0.9739283,-0.1746031,0.133421,0.05635839
264456,0.0166675,14.0838730726391,1.146675,0.5038389,-0.2497215,-0.6256121,0.28016,-0.6344383,-0.3572227,0,0,0.4056097,0.1987837,0.07466306,0.9740477,-0.1745188,0.1329654,0.05562923
264456,0.0166669,14.1005399730057,1.145645,0.5038371,-0.2493259,-0.6246502,0.2798602,-0.6348888,-0.3583389,0,0,0.4047216,0.1966754,0.07483883,0.9743317,-0.1735889,0.132476,0.05472428
264456,0.0166674,14.1172073725611,1.143823,0.5041595,-0.2483795,-0.6215342,0.281403,-0.6352729,-0.3618509,0,0,0.404326,0.1956454,0.07483704,0.9745581,-0.1729708,0.1312874,0.05551044
264456,0.0166665,14.1338738724589,1.143014,0.5045375,-0.2478097,0.6198564,-0.2823707,0.6356125,0.3633758,0,0,0.4033796,0.193823,0.07515951,0.9749575,-0.170575,0.1296881,0.0595247
264456,0.0166672,14.1505410727113,1.141624,0.5058202,-0.2468802,0.6163807,-0.2852388,0.6349491,0.3681756,0,0,0.4028098,0.1930144,0.07553746,0.9751788,-0.1690958,0.1290767,0.06141708
264456,0.016666,14.1672070734203,1.140979,0.506705,-0.2463562,0.614953,-0.2862765,0.6346701,0.3702335,0,0,0.4018803,0.1916243,0.07682015,0.9753245,-0.1667262,0.1280157,0.06750182
264456,0.0166669,14.1838739737868,1.13971,0.5090164,-0.2454835,-0.6111676,0.2905345,-0.6342336,-0.3739142,0,0,0.4013563,0.1909788,0.07770498,0.9753785,-0.1658234,0.1274309,0.07000533
264456,0.0166673,14.2005412746221,1.138953,0.5103002,-0.2450664,0.6097466,-0.2916799,0.6341418,0.3754945,0,0,0.4004836,0.18971,0.08001639,0.9754692,-0.1623795,0.1278251,0.07585117
264516,0.0166667,14.217207973823,1.137769,0.5132009,-0.2442402,-0.606846,0.29364,-0.6342685,-0.3784404,0,0,0.4000666,0.1889535,0.08130009,0.9755307,-0.1612536,0.1275098,0.07796445
264516,0.0166675,14.2338754739612,1.137136,0.5148509,-0.2438187,-0.6055753,0.2944581,-0.6337528,-0.3806974,0,0,0.3992403,0.1877691,0.08420081,0.9757227,-0.1588789,0.1266327,0.08177309
264516,0.0166666,14.2505420744419,1.1363,0.518032,-0.2425575,0.6043906,-0.2916402,0.6347346,0.3831059,0,0,0.3988188,0.1871365,0.08585079,0.9756866,-0.1583292,0.1258887,0.08437821
264516,0.0166667,14.2672087736428,1.136093,0.5197786,-0.241955,-0.6038834,0.289423,-0.6357446,-0.3839113,0,0,0.3975577,0.1863001,0.08903201,0.9761285,-0.1584436,0.1219307,0.08486338
264516,0.0166673,14.283876074478,1.135704,0.5229079,-0.2408288,0.6041085,-0.2854779,0.637064,0.3843238,0,0,0.3969551,0.1860934,0.0907786,0.9764822,-0.1585194,0.1194222,0.08421677
264516,0.0166663,14.3005423750728,1.135519,0.5244752,-0.2402753,-0.6049317,0.2826445,-0.6380579,-0.3834735,0,0,0.3958289,0.1857036,0.09390785,0.9769095,-0.1595395,0.115931,0.08218858
264516,0.0166677,14.3172100745142,1.134972,0.5272644,-0.2394587,0.6065823,-0.2766873,0.6399457,0.3820624,0,0,0.3952754,0.1855186,0.09547521,0.9771634,-0.1605204,0.1141795,0.07967415
264516,0.0166667,14.333876773715,1.134733,0.528832,-0.2392733,-0.6068569,0.2751012,-0.64065,-0.3815912,0,0,0.3944587,0.1849726,0.09826441,0.9776325,-0.162696,0.1103368,0.07477024
264516,0.0166667,14.3505434729159,1.134372,0.5311927,-0.2390626,-0.6062919,0.275355,-0.6412418,-0.381312,0,0,0.3942734,0.1847335,0.09983195,0.977805,-0.1630311,0.1092573,0.07335536
264516,0.0166673,14.3672107737511,1.134187,0.5322496,-0.2389842,0.605793,-0.275861,0.6415642,0.3811969,0,0,0.3940627,0.1843725,0.1021927,0.9779626,-0.1621631,0.109262,0.07317206
264516,0.0166668,14.3838775735348,1.133711,0.5340661,-0.2389807,0.605206,-0.2757326,0.6423213,0.3809469,0,0,0.3939843,0.184187,0.1032496,0.9780517,-0.1614208,0.1094689,0.07331445
264516,0.0166664,14.4005439728498,1.133479,0.5347424,-0.2390859,-0.605019,0.2748659,-0.6428333,-0.3810069,0,0,0.3939808,0.1837111,0.1050661,0.9782557,-0.1605975,0.1091172,0.07292264
264556,0.0166676,14.417211573571,1.132971,0.5357624,-0.2394089,0.6049154,-0.2724567,0.6437687,0.3813222,0,0,0.3940859,0.1834789,0.1057424,0.9784024,-0.1605259,0.1082341,0.07242702
264556,0.016668,14.4338795728981,1.132732,0.5359571,-0.2397073,-0.6044682,0.2715099,-0.6442477,-0.3818972,0,0,0.394409,0.1829715,0.1067623,0.9786744,-0.1609132,0.1059607,0.07124522
264556,0.0166681,14.4505476728082,1.132408,0.5361121,-0.2401108,0.6043635,-0.269608,0.6454309,0.3814125,0,0,0.3947074,0.1827322,0.1069571,0.9788353,-0.1607926,0.1046909,0.07118359
264556,0.0166655,14.4672131724656,1.132243,0.5360389,-0.2402889,0.6043621,-0.2686602,0.6461859,0.3808045,0,0,0.3951109,0.1824084,0.1071121,0.9791325,-0.1607136,0.1031347,0.06952628
264556,0.0166675,14.4838806726038,1.131722,0.5355649,-0.2402953,0.604358,-0.2681554,0.6467222,0.3802561,0,0,0.395289,0.1822432,0.1070389,0.9793067,-0.1605573,0.1025123,0.06834481
264556,0.0166667,14.5005473718047,1.131411,0.5351788,-0.240236,0.6044016,-0.2677925,0.6469498,0.3800552,0,0,0.3952954,0.1817217,0.1065649,0.9794249,-0.16036,0.1022555,0.06749367
264556,0.0166669,14.5172142721713,1.130813,0.5344129,-0.2399291,-0.6044548,0.2671174,-0.6470925,-0.3802028,0,0,0.3952361,0.1814113,0.1061788,0.9794752,-0.1603703,0.102031,0.06707811
264556,0.0166663,14.5338805727661,1.130513,0.5340908,-0.2396415,0.6043943,-0.2668445,0.6472545,0.380215,0,0,0.3949292,0.1808134,0.1054129,0.9795168,-0.160612,0.1014207,0.06681705
264556,0.0166679,14.5505484733731,1.130024,0.5337553,-0.2391154,0.6044384,-0.2660694,0.64778,0.3797927,0,0,0.3946416,0.1805127,0.1050908,0.9795605,-0.1605863,0.101145,0.06665587
264556,0.0166657,14.5672141741961,1.129748,0.5336516,-0.2388114,-0.6045463,0.2655924,-0.6479488,-0.3796669,0,0,0.3941155,0.1800242,0.1047553,0.9796781,-0.1605531,0.1006367,0.06577059
264556,0.0166672,14.5838813744485,1.129312,0.5336173,-0.2385478,0.6044937,-0.2650498,0.6482768,0.3795699,0,0,0.3938115,0.1797481,0.1046516,0.9797137,-0.1606973,0.1003227,0.06536692
264556,0.0166674,14.600548774004,1.129086,0.5337017,-0.2385299,-0.6043983,0.2645694,-0.6485173,-0.3796464,0,0,0.3935479,0.1793116,0.1046173,0.9797948,-0.1606704,0.09985366,0.06493475
264556,0.0166667,14.6172154732049,1.12865,0.5339237,-0.2387006,0.6042664,-0.2642433,0.6487613,0.3796663,0,0,0.3935301,0.1790863,0.1047017,0.979861,-0.1606667,0.09935622,0.06470724
264556,0.0166669,14.6338823735714,1.128361,0.5341145,-0.2388806,0.603989,-0.2642148,0.6488722,0.3799379,0,0,0.3937007,0.1786497,0.1049237,0.9799269,-0.1605671,0.0989927,0.06451412
264556,0.0166671,14.650549473241,1.127772,0.5347239,-0.2393049,-0.6037267,0.26369,-0.6492394,-0.3800921,0,0,0.3938807,0.1783612,0.1051145,0.9799723,-0.1603666,0.09872292,0.06473519
264556,0.0166666,14.6672160737216,1.127383,0.5352128,-0.2395176,-0.6037558,0.2633354,-0.649548,-0.3797643,0,0,0.394305,0.1777723,0.1057239,0.9800773,-0.1602053,0.098069,0.06453981
264556,0.0166683,14.6838843729347,1.12653,0.535699,-0.2397562,0.6040252,-0.2610241,0.6505404,0.3792325,0,0,0.3945177,0.1773825,0.1062128,0.9801418,-0.1601361,0.09788776,0.06400368
264556,0.0166653,14.7005496732891,1.126011,0.5359153,-0.2398044,-0.6042409,0.2593483,-0.6513553,-0.3786395,0,0,0.3947563,0.1765302,0.1066989,0.9803595,-0.1605715,0.0962042,0.06210335
264616,0.0166673,14.7172169741243,1.125186,0.536178,-0.2399408,-0.6040571,0.2573726,-0.6528928,-0.3776312,0,0,0.3948045,0.1760111,0.1069153,0.9805295,-0.1608135,0.09506683,0.06052556
264616,0.0166665,14.7338834740222,1.124705,0.5362501,-0.2401294,0.6039262,-0.2557276,0.6536196,0.377701,0,0,0.3949409,0.1751865,0.107178,0.9808696,-0.1604191,0.09359329,0.0583175
264616,0.0166677,14.7505511734635,1.123942,0.536445,-0.2405105,0.6037419,-0.2534474,0.6553997,0.3764459,0,0,0.3951295,0.1747051,0.10725,0.9810455,-0.1605635,0.09206902,0.05737909
264616,0.0166676,14.7672187741846,1.123591,0.5363803,-0.2407793,-0.6035232,0.2517407,-0.6562517,-0.3764577,0,0,0.3955106,0.1739419,0.107445,0.9814236,-0.1601077,0.09041952,0.05475118
264616,0.016667,14.7838857732713,1.122992,0.5361272,-0.2413605,0.6034182,-0.2482899,0.6586158,0.3747851,0,0,0.3957794,0.1735914,0.1073803,0.9816229,-0.1601339,0.08881637,0.05371387
264616,0.0166658,14.8005515728146,1.122546,0.5359517,-0.2418907,-0.6032177,0.2444659,-0.6606444,-0.3740509,0,0,0.3963606,0.1729916,0.1071272,0.982097,-0.1597836,0.08634599,0.04999157
264638,0.0166672,14.817218773067,1.121287,0.5353037,-0.2431779,-0.6017396,0.2384501,-0.665697,-0.371347,0,0,0.3968908,0.172546,0.1069517,0.9825085,-0.1598484,0.08318409,0.04696725
264638,0.016667,14.8338857721537,1.120394,0.5349201,-0.2440298,-0.601227,0.2355233,-0.667926,-0.3700402,0,0,0.398178,0.1712871,0.1063037,0.9835326,-0.1578337,0.07812653,0.04060112
264638,0.0166721,14.8505578730255,1.118874,0.5345454,-0.2455283,-0.5984328,0.2324243,-0.6718004,-0.369515,0,0,0.3990299,0.1703938,0.1059201,0.9839508,-0.1571244,0.07578325,0.03754552
264638,0.0166629,14.8672207724303,1.118,0.5346708,-0.24682,-0.5961111,0.2315612,-0.6746306,-0.3686523,0,0,0.4005284,0.1688741,0.1055454,0.9848259,-0.1540877,0.0717902,0.0349445
264638,0.0166666,14.883887372911,1.116467,0.5348438,-0.2489573,-0.5917326,0.2303713,-0.6794353,-0.3676268,0,0,0.4018201,0.1680003,0.1056708,0.985471,-0.1510589,0.07009696,0.03338456
264638,0.0166667,14.9005540721118,1.115594,0.5353001,-0.2500775,-0.5897316,0.2301955,-0.6822889,-0.3656621,0,0,0.4039574,0.1664668,0.1058438,0.9865741,-0.1455743,0.06708115,0.03130371
264656,0.0166669,14.9172209724784,1.113988,0.5362036,-0.2525323,-0.5861457,0.2316192,-0.6866553,-0.3623402,0,0,0.4050776,0.1655944,0.1063001,0.9871533,-0.1423081,0.06654786,0.02912404
264656,0.0166671,14.933888072148,1.113142,0.5368482,-0.2537507,-0.584839,0.2326796,-0.6882057,-0.3608276,0,0,0.4075324,0.1639884,0.1072036,0.9880518,-0.1362432,0.06702343,0.02644646
264656,0.0166689,14.9505569729954,1.111712,0.5379304,-0.2557449,0.5832575,-0.234667,0.6894889,0.3596489,0,0,0.4087508,0.1631418,0.1078482,0.9883596,-0.1337985,0.06777109,0.02550146
264656,0.0166654,14.96722237207,1.11085,0.5383033,-0.2566136,-0.5819042,0.2349188,-0.6905816,-0.3595802,0,0,0.410745,0.1617115,0.1089304,0.9886466,-0.1310135,0.06905121,0.02540373
264656,0.0166688,14.9838911723346,1.10953,0.5389038,-0.2581883,-0.5789059,0.2348976,-0.6935717,-0.3586774,0,0,0.4116136,0.1608496,0.1093033,0.9889007,-0.1293401,0.06857342,0.02538103
264656,0.016665,15.000556172803,1.109038,0.5392249,-0.2588454,0.5769106,-0.2355868,0.6953919,0.3579151,0,0,0.4131884,0.1595305,0.1099038,0.9895234,-0.1254053,0.06728867,0.02427431
264656,0.0166665,15.0172226727009,1.108329,0.5395681,-0.2599561,-0.5744958,0.2357594,-0.6972106,-0.3581474,0,0,0.4138455,0.1590379,0.1102249,0.9899011,-0.1225865,0.06709702,0.02379896
264656,0.0166667,15.0338893719018,1.108141,0.5397533,-0.2604541,-0.5734153,0.2355446,-0.6983852,-0.3577315,0,0,0.4149563,0.1583291,0.1105681,0.9903153,-0.119835,0.06589014,0.02395276
264656,0.0166672,15.0505565721542,1.107654,0.5398645,-0.261122,-0.5718839,0.2345209,-0.700093,-0.3575176,0,0,0.4154541,0.1581414,0.1107533,0.9905393,-0.118424,0.06528626,0.02335243
264656,0.0166667,15.067223271355,1.107232,0.5398338,-0.2615204,0.5708848,-0.2349318,0.7006279,0.3577965,0,0,0.4161221,0.1576536,0.1108645,0.9908652,-0.1167355,0.06368186,0.02244454
264656,0.0166694,15.0838926713914,1.106463,0.5397469,-0.262049,-0.569504,0.2352919,-0.701832,-0.3574001,0,0,0.4165205,0.1572323,0.1108338,0.9910032,-0.1156204,0.06341029,0.02288575
264656,0.0166651,15.1005577705801,1.105985,0.5396788,-0.2624248,0.5682606,-0.2363174,0.7026337,0.3571275,0,0,0.4170491,0.1564634,0.1107469,0.9912414,-0.1137648,0.06313676,0.02262418
264656,0.0166672,15.1172249708325,1.105222,0.5391558,-0.2629257,0.5664559,-0.2368302,0.7044499,0.3560755,0,0,0.4174249,0.1559849,0.1106788,0.9914157,-0.1120003,0.06346165,0.02288077
264656,0.0166669,15.133891871199,1.104788,0.5387912,-0.2632945,0.5660291,-0.2364094,0.7052627,0.3554242,0,0,0.4179259,0.1552222,0.1101558,0.9917404,-0.1093314,0.06333431,0.02205611
264656,0.0166669,15.1505587715656,1.104063,0.5380009,-0.2639555,0.565103,-0.2357364,0.706803,0.3542834,0,0,0.4182945,0.1547881,0.1097912,0.9918601,-0.1086222,0.06298462,0.02115913
264656,0.0166669,15.1672256719321,1.103706,0.5376389,-0.2643663,-0.5644143,0.2362858,-0.7072235,-0.3541762,0,0,0.4189556,0.1540633,0.1090009,0.9920915,-0.1071635,0.06233494,0.01961613
264656,0.0166681,15.1838937718421,1.10307,0.5368984,-0.2649316,-0.5628044,0.2370947,-0.7088729,-0.3528976,0,0,0.4193664,0.1537057,0.1086389,0.9921808,-0.1062132,0.06248495,0.01979201
264656,0.0166655,15.2005592714995,1.102801,0.5364418,-0.2650509,-0.5622185,0.2373652,-0.7094569,-0.3524756,0,0,0.4199316,0.15307,0.1078984,0.9924514,-0.1036228,0.06279939,0.018944
264716,0.0166674,15.217226671055,1.1025,0.5351583,-0.265411,-0.5614998,0.2375138,-0.7104573,-0.3515052,0,0,0.420051,0.1528013,0.1074418,0.992547,-0.1027053,0.06287835,0.01866384
264716,0.0166666,15.2338932715356,1.102353,0.5344588,-0.265536,0.5611345,-0.2379854,0.7107264,0.3512251,0,0,0.4204111,0.1525002,0.1061583,0.9926896,-0.1014127,0.06298177,0.01778104
264716,0.0166679,15.2505611721426,1.102168,0.5329754,-0.2658137,-0.5601656,0.2389563,-0.7112499,-0.3510526,0,0,0.4205361,0.1523531,0.1054588,0.9927347,-0.1007761,0.06329681,0.01776771
264716,0.0166662,15.2672273721546,1.102183,0.5320814,-0.2658421,0.5596277,-0.2395706,0.7114909,0.3510039,0,0,0.4208139,0.1521679,0.1039754,0.9928424,-0.09939761,0.06368788,0.01811441
264716,0.0166678,15.2838951721787,1.10235,0.5303906,-0.2659718,-0.558338,0.2411873,-0.711995,-0.3509281,0,0,0.4208422,0.1521829,0.1030814,0.9928958,-0.09863939,0.06395265,0.01839612
264716,0.016667,15.3005621712655,1.102493,0.5293238,-0.2659262,0.5576584,-0.2418752,0.7122835,0.3509502,0,0,0.4209719,0.1523505,0.1013905,0.9930119,-0.09681503,0.06469723,0.0191967
264716,0.0166672,15.3172293715179,1.102725,0.5278039,-0.2658455,-0.556854,0.2436205,-0.7128873,-0.3497923,0,0,0.4209263,0.1524933,0.1003238,0.9930769,-0.09591342,0.06492703,0.01958253
264716,0.016667,15.3338963706046,1.102764,0.5269364,-0.2659253,-0.5564067,0.2455067,-0.7127374,-0.3494902,0,0,0.4208457,0.152725,0.09880389,0.9931497,-0.09414349,0.06642515,0.01945572
264716,0.0167027,15.3505990710109,1.102575,0.525278,-0.2662828,-0.5558295,0.2484351,-0.7122642,-0.3493041,0,0,0.4209254,0.1527646,0.09793641,0.993127,-0.09314208,0.06792105,0.02024975
264716,0.0166666,15.3672656714916,1.102364,0.5244341,-0.2664974,-0.5557024,0.2496865,-0.7120514,-0.349048,0,0,0.4212828,0.1525751,0.09627797,0.9930564,-0.09185297,0.0702041,0.02176234
264716,0.0166671,15.3839327711612,1.101963,0.5232364,-0.2667103,-0.5552942,0.2515238,-0.7123727,-0.3477205,0,0,0.4214975,0.1523646,0.09543414,0.9930123,-0.09136247,0.07130612,0.02224815
264716,0.0166675,15.4006002712995,1.101761,0.5226398,-0.2668471,0.5547329,-0.2528338,0.7129434,0.3464944,0,0,0.4217104,0.1519631,0.09423639,0.9930099,-0.08996614,0.07315449,0.0220438
264756,0.0166677,15.4172679707408,1.101233,0.5212811,-0.2668644,0.5540317,-0.2540275,0.7140653,0.3444269,0,0,0.4218472,0.1517611,0.09363975,0.9930524,-0.08853857,0.07443503,0.0216188
264756,0.016666,15.4339339714497,1.100976,0.520638,-0.2669266,-0.5537039,0.2551135,-0.7150296,-0.342143,0,0,0.4218644,0.1512335,0.092281,0.9931435,-0.08660202,0.07584986,0.02031907
264756,0.0166672,15.4506011717021,1.100495,0.519829,-0.266963,0.5534628,-0.2560706,0.7171426,0.3373623,0,0,0.4219267,0.150976,0.09163804,0.9931873,-0.08502202,0.07744533,0.0187733
264756,0.0166664,15.4672675710171,1.100096,0.5192028,-0.2668806,0.5530176,-0.2564709,0.7179877,0.3359883,0,0,0.4219632,0.1504954,0.09082891,0.9932758,-0.08247679,0.07988805,0.01479318
264756,0.0166672,15.4839347712696,1.099399,0.517979,-0.2666353,-0.5517429,0.258849,-0.718982,-0.334129,0,0,0.4218807,0.1500965,0.09020276,0.9933388,-0.08129607,0.08050605,0.01370659
264756,0.0166672,15.500601971522,1.098948,0.5174235,-0.2665736,-0.5509578,0.2606565,-0.7198186,-0.3322125,0,0,0.4216354,0.1493989,0.08897896,0.9933909,-0.07860325,0.08257964,0.01329232
264756,0.0166668,15.5172687713057,1.097395,0.5165097,-0.2662412,-0.5497394,0.2661992,-0.720857,-0.3275515,0,0,0.4215737,0.1489485,0.08842345,0.9934049,-0.07655363,0.08443742,0.0125151
264756,0.0198112,15.5370799712837,1.09679,0.5162235,-0.2660435,0.549732,-0.266637,0.7215114,0.3257619,0,0,0.4212412,0.1473952,0.08750971,0.9932299,-0.07217715,0.09030975,0.01135744
264756,0.0166691,15.5537490714341,1.096287,0.516073,-0.2658797,0.5496558,-0.2667864,0.7223654,0.3238701,0,0,0.4210436,0.1467896,0.08722349,0.993212,-0.07132557,0.09134494,0.00993432
264756,0.016666,15.5704150721431,1.095054,0.5156773,-0.265527,-0.5492921,0.2681096,-0.7233239,-0.3212444,0,0,0.4208798,0.1462873,0.08707298,0.9932203,-0.07040485,0.0921347,0.008241733
264756,0.0166668,15.5870818719268,1.094508,0.5155271,-0.2654158,-0.5489351,0.2687935,-0.7240093,-0.3197358,0,0,0.4205272,0.1450544,0.08667721,0.9931753,-0.06864288,0.09406453,0.006548892
264756,0.0166671,15.6037489715964,1.093499,0.5153346,-0.2650039,0.5487403,-0.2697727,0.7253877,0.3161007,0,0,0.4204159,0.1445079,0.08652706,0.9931691,-0.06747825,0.09503289,0.005525785
264756,0.0166671,15.6204160712659,1.092987,0.5151964,-0.2647329,0.5483896,-0.2709101,0.7257234,0.3149639,0,0,0.420004,0.1434994,0.0863346,0.9931067,-0.06555333,0.09713267,0.002698852
264756,0.0166669,15.6370829716325,1.091883,0.5150491,-0.2643973,-0.5469663,0.2737062,-0.7262532,-0.3137981,0,0,0.419733,0.1429873,0.08619644,0.9930571,-0.06447993,0.09836046,0.002299243
264756,0.0166694,15.6537523716688,1.091239,0.5150761,-0.2642741,0.5462748,-0.2752543,0.7264531,0.3131852,0,0,0.4193974,0.1418827,0.08604909,0.9930075,-0.06189284,0.1004865,0.00281718
264756,0.0166645,15.6704168710858,1.09006,0.5153119,-0.2641248,-0.5443204,0.2793727,-0.7267484,-0.3122547,0,0,0.4192743,0.1412387,0.08607604,0.9929633,-0.06058667,0.1017021,0.003140994
264756,0.0166666,15.6870834715664,1.089372,0.5154998,-0.263996,0.5425569,-0.2820061,0.7271748,0.3119642,0,0,0.4191249,0.1400605,0.08631189,0.9928502,-0.05728442,0.1046201,0.004657996
264816,0.0166665,15.7037499714643,1.087918,0.5157092,-0.2637754,-0.5399721,0.2873161,-0.726606,-0.3129275,0,0,0.4189961,0.1393719,0.08649983,0.9928294,-0.0547253,0.1061136,0.005895182
264816,0.0166731,15.7204230707139,1.087066,0.5158895,-0.2636657,0.5379848,-0.290487,0.7264874,0.3136972,0,0,0.4187755,0.1379178,0.08670916,0.9926611,-0.0513293,0.109048,0.009889816
264816,0.0166672,15.7370902709663,1.085766,0.5163418,-0.2636346,-0.5331216,0.2986063,-0.726191,-0.3150596,0,0,0.4186657,0.1370664,0.08688946,0.992594,-0.04889257,0.1105074,0.01244682
264816,0.0166671,15.7537573706359,1.085161,0.5167245,-0.2636437,0.5303971,-0.302937,0.7261181,0.3156909,0,0,0.4186347,0.1357659,0.08734174,0.9923215,-0.04269424,0.1146053,0.01846618
264816,0.0166688,15.7704261709005,1.084449,0.5175354,-0.2637466,-0.5249984,0.3117343,-0.7266062,-0.3150267,0,0,0.4186438,0.1351612,0.08772446,0.9921488,-0.03922544,0.1167716,0.02160076
264816,0.0166654,15.787091569975,1.084207,0.5180497,-0.2638087,0.5218311,-0.3161186,0.7269678,0.3150861,0,0,0.4187467,0.1344491,0.08853538,0.9916832,-0.03156623,0.1219919,0.02619276
264816,0.0166669,15.8037584703416,1.083775,0.5186406,-0.263378,-0.5162119,0.323036,-0.7286037,-0.313544,0,0,0.4188089,0.1342066,0.08904959,0.9914566,-0.02740482,0.1242196,0.02884931
264816,0.0166666,15.8204250708222,1.083568,0.5190258,-0.2631384,0.5139868,-0.3254049,0.7294632,0.3127502,0,0,0.4183781,0.1337751,0.08964057,0.9910745,-0.01949947,0.128052,0.0315237
264816,0.0166668,15.8370918706059,1.083398,0.5194827,-0.2626002,-0.5114199,0.3257989,-0.7310573,-0.312826,0,0,0.4181386,0.1335679,0.0900258,0.9909453,-0.01635911,0.1293192,0.03219256
264816,0.0166684,15.8537602704018,1.08346,0.5197002,-0.2623265,-0.5099369,0.3250191,-0.7323544,-0.3130244,0,0,0.4176002,0.1333984,0.09048273,0.991106,-0.01348248,0.1283548,0.0324382
264816,0.016666,15.8704262711108,1.083705,0.5201789,-0.2618943,-0.5074133,0.3229222,-0.7350046,-0.3130835,0,0,0.4173266,0.1334599,0.09070016,0.9913288,-0.01202855,0.1268547,0.03209962
264816,0.0166663,15.8870925717056,1.083904,0.5203525,-0.2616616,-0.5060261,0.3222181,-0.736349,-0.3128951,0,0,0.4168944,0.1337052,0.09117891,0.9917917,-0.00955431,0.1237328,0.03079152
264856,0.0166673,15.9037598725408,1.084139,0.5207487,-0.2612664,-0.5037553,0.3217185,-0.7387722,-0.3113578,0,0,0.4166618,0.1339036,0.09135248,0.9919784,-0.008043087,0.1224957,0.03014809
264856,0.0166676,15.920427473262,1.084274,0.5209889,-0.26114,-0.5025728,0.3207772,-0.7406738,-0.3097176,0,0,0.4162665,0.1341391,0.09174873,0.9921727,-0.004971885,0.1215087,0.02836005
264856,0.0166705,15.9370979741216,1.084586,0.5213665,-0.2609879,-0.4999171,0.3190674,-0.7443945,-0.3068484,0,0,0.4161401,0.1342741,0.09198894,0.9923357,-0.003128349,0.1207148,0.0262304
264856,0.0166628,15.9537607748061,1.084822,0.5216877,-0.2611021,-0.4988379,0.3191114,-0.7460452,-0.3045409,0,0,0.415988,0.1345862,0.09236647,0.9926414,0.0007186821,0.1189871,0.0224656
264856,0.0166674,15.9704281743616,1.08518,0.5218843,-0.2611244,-0.4967078,0.3193802,-0.7479894,-0.302968,0,0,0.4161022,0.1348222,0.09268774,0.9926378,0.002851135,0.1193674,0.02033859
264856,0.0166662,15.9870943743736,1.085294,0.5218624,-0.2608698,0.4942005,-0.320011,0.7495207,0.302618,0,0,0.4161245,0.1351803,0.09288432,0.9926767,0.005862802,0.1191515,0.01901778
264856,0.0166671,16.0037614740431,1.085515,0.5219051,-0.2604842,0.4906285,-0.3209672,0.7523672,0.3003458,0,0,0.4158699,0.1352945,0.09286238,0.9927193,0.008838026,0.118606,0.01904959
264856,0.0166669,16.0204283744097,1.085657,0.5217266,-0.2601942,0.4886058,-0.3209398,0.7539312,0.2997497,0,0,0.4154842,0.1355153,0.09290506,0.992697,0.01379168,0.1185588,0.01750105
264856,0.0166666,16.0370949748904,1.08598,0.5213134,-0.2594478,0.4851479,-0.320635,0.7569621,0.2980491,0,0,0.4151943,0.1356569,0.0927266,0.9927637,0.01622704,0.117774,0.01691598
264856,0.0166676,16.0537625756115,1.086268,0.521032,-0.2589666,0.4828929,-0.3193543,0.7595887,0.2963994,0,0,0.414448,0.1359804,0.09231342,0.9928647,0.02061523,0.1164714,0.01513697
264856,0.0166665,16.0704290755093,1.08673,0.5207859,-0.2581586,0.4792609,-0.316751,0.7644278,0.2926229,0,0,0.4139667,0.1362677,0.09203197,0.9930174,0.02352194,0.1148863,0.01282166
264856,0.0166686,16.0870976746082,1.086875,0.5207869,-0.2576935,0.4771342,-0.316282,0.7673485,0.2889376,0,0,0.4131587,0.1367298,0.09178592,0.993234,0.02854278,0.1123011,0.0077513
264856,0.0166656,16.1037632748485,1.087408,0.5202115,-0.2568884,0.4714633,-0.3099052,0.774241,0.2867613,0,0,0.4126936,0.136875,0.09178688,0.9931456,0.03220967,0.1122842,0.004090618
264856,0.0166664,16.1204296741635,1.0877,0.5200808,-0.2564046,0.4692165,-0.3079783,0.7767104,0.2858432,0,0,0.4118885,0.1374081,0.09121145,0.9937562,0.03812924,0.104841,-0.001761926
264856,0.0166667,16.1370963733643,1.088082,0.5198087,-0.2555232,-0.4640099,0.3094753,-0.7796377,-0.2847542,0,0,0.4114047,0.1376997,0.0910808,0.9939039,0.04057289,0.1024446,-0.003753275
264856,0.0166669,16.1537632737309,1.088263,0.5195178,-0.2549225,0.4606176,-0.3103189,0.7816162,0.283919,0,0,0.4105234,0.1380816,0.09080864,0.9937093,0.04677643,0.1016824,-0.003795907
264856,0.0166674,16.1704306732863,1.088451,0.5188631,-0.2541412,-0.4543777,0.3129392,-0.7843712,-0.2834997,0,0,0.4099227,0.1382633,0.09051777,0.993566,0.05083303,0.1011258,-0.004008429
264856,0.016669,16.1870996728539,1.088968,0.5182175,-0.253669,0.4458563,-0.3153844,0.7879552,0.2843792,0,0,0.4091413,0.1384514,0.08986308,0.9932297,0.05801084,0.1006087,-0.002717626
264856,0.0166639,16.2037635724992,1.089191,0.5180576,-0.2535178,-0.4414637,0.3169886,-0.7899182,-0.2840025,0,0,0.4086691,0.1389683,0.0892175,0.99289,0.06702122,0.09837479,-0.0002848501
264856,0.0166689,16.2204324733466,1.08933,0.5179572,-0.253299,0.4378012,-0.3171098,0.7920752,0.2835286,0,0,0.4085179,0.1391912,0.08905758,0.9925913,0.0720192,0.09785541,0.0004395234
264856,0.0166658,16.2370982728899,1.089709,0.517666,-0.2529917,-0.4291875,0.3202171,-0.7958843,-0.2825377,0,0,0.4082991,0.1393304,0.08895721,0.9924307,0.07604155,0.09643149,0.0001688011
264856,0.0166667,16.2537649720907,1.089842,0.5174301,-0.2528276,0.4243984,-0.3205889,0.7983514,0.2823896,0,0,0.4079918,0.1397091,0.08866604,0.9917173,0.08586493,0.09550957,0.001387558
264856,0.0166673,16.270432272926,1.09012,0.5169935,-0.2522746,-0.4141788,0.3254691,-0.8019673,-0.2817348,0,0,0.4078277,0.1398419,0.08843006,0.9914407,0.09093127,0.09367088,0.001625501
264856,0.0166676,16.2870998736471,1.09017,0.516571,-0.2517436,0.4095924,-0.3276379,0.8037671,0.2807955,0,0,0.4072748,0.1401201,0.08799346,0.9903263,0.1024658,0.09346454,0.004351453
264856,0.0166661,16.3037659730762,1.090437,0.5152048,-0.2512084,-0.3978808,0.3364634,-0.8044959,-0.2850786,0,0,0.4067437,0.1401699,0.08757104,0.989736,0.1078575,0.09361857,0.004997642
264856,0.0166665,16.3204324729741,1.090367,0.5144072,-0.2506348,0.3917075,-0.3395074,0.8049743,0.2886459,0,0,0.4062085,0.1404369,0.08620484,0.9882338,0.1195127,0.0943018,0.01476287
264856,0.0166672,16.3370996732265,1.090363,0.5132655,-0.2500356,-0.3820345,0.3472657,-0.8056016,-0.2906242,0,0,0.4056349,0.1403666,0.08540715,0.9876226,0.1248576,0.09276973,0.02015187
264856,0.0166668,16.3537664730102,1.090462,0.5130599,-0.2499932,0.3778467,-0.3492815,0.8076103,0.2880974,0,0,0.4050357,0.1403633,0.08426549,0.9859613,0.1349968,0.09442484,0.02720626
264856,0.0166669,16.3704333733767,1.090798,0.51264,-0.2505341,-0.3683907,0.3592221,-0.8082042,-0.2864504,0.00880758464336395,0,0.4049934,0.1404625,0.08405985,0.985136,0.1404647,0.09529432,0.02637826
264856,0.0166673,16.387100674212,1.091049,0.5126398,-0.2510829,0.3639317,-0.365949,0.8073313,0.2860968,0.0195258464664221,0,0.4055342,0.1407977,0.08363993,0.9827629,0.1519623,0.1004364,0.03157717
264956,0.0166672,16.4037678744644,1.091419,0.5121879,-0.2517766,-0.354956,0.3815694,-0.8037606,-0.2870191,0.0258268155157566,0,0.406083,0.1410494,0.08363982,0.9813295,0.1574622,0.104511,0.03571417
264956,0.016667,16.4204348735511,1.091637,0.5117849,-0.2522774,-0.3486001,0.3963969,-0.7983403,-0.2898285,0.0231091845780611,0,0.4067767,0.1414192,0.08318789,0.9780421,0.1680544,0.113971,0.04692415
264956,0.0166662,16.4371010735631,1.092069,0.5113735,-0.2532247,0.3366757,-0.4182658,0.7906302,0.2942914,0.0184429120272398,0,0.4072775,0.1416369,0.08278485,0.9750143,0.1750451,0.1232393,0.05931712
264956,0.0166672,16.4537682738155,1.092319,0.5109756,-0.2538913,0.3292189,-0.4350472,0.7835568,0.2973006,0.0152613306418061,0,0.4082248,0.1420687,0.08237351,0.9696903,0.187417,0.1358117,0.07829952
264956,0.0166665,16.4704347737134,1.092693,0.5106745,-0.2556942,0.3117485,-0.4935443,0.7528324,0.3040896,0.0181031823158264,0,0.4088914,0.1423185,0.08197553,0.9653459,0.1951332,0.1464929,0.09257559
264956,0.0166678,16.4871025737375,1.092695,0.5107462,-0.2568423,0.299633,-0.5415328,0.7219109,0.3095274,0.0278363097459078,0.143742889165878,0.4106943,0.1426931,0.08167447,0.9481454,0.2133196,0.1897326,0.1397025
264956,0.0166662,16.5037687737495,1.092424,0.5115094,-0.2588906,0.2864506,-0.6116956,0.6672362,0.3139595,0.0359516553580761,0.301525384187698,0.4118424,0.1426945,0.08174624,0.9305467,0.2238589,0.2272751,0.1797668
264956,0.0166679,16.5204366743565,1.091998,0.511091,-0.2591956,0.2730215,-0.6528911,0.6304082,0.3190266,0.0464931093156338,0.475821137428284,0.4138907,0.1424237,0.08250941,0.8982963,0.2320563,0.2874358,0.2378956
264956,0.016666,16.5371026750654,1.091412,0.5112176,-0.2592633,0.2637456,-0.6966975,0.5863045,0.3182732,0.0151226473972201,0.550674796104431,0.4141957,0.1419976,0.08209099,0.8738557,0.2385831,0.3206532,0.276832
264956,0.0166671,16.553769774735,1.091077,0.5113385,-0.2591053,0.2616549,-0.7091074,0.5725924,0.3175553,0,0.673682034015656,0.4142634,0.1414116,0.08221753,0.844199,0.2406242,0.361657,0.3140579
264956,0.0166669,16.5704366751015,1.090653,0.5116755,-0.2591066,0.2591259,-0.7219185,0.5583484,0.3161245,0,0.693782508373261,0.4141054,0.1410771,0.08233847,0.834919,0.2403217,0.3739593,0.3245152
264956,0.0166665,16.5871031749994,1.090548,0.511993,-0.2592645,0.2595817,-0.7245426,0.5554168,0.3149088,0,0.678969085216522,0.4141068,0.140653,0.08267553,0.8248566,0.2404077,0.3868721,0.3348816
264956,0.0166666,16.60376977548,1.090322,0.512768,-0.2596758,0.2634043,-0.7240251,0.5554516,0.3128572,0,0.68051815032959,0.4142646,0.1405478,0.08299299,0.8229192,0.2398559,0.3902898,0.3360761
264956,0.0166678,16.6204375755042,1.090091,0.5132763,-0.259826,0.2669786,-0.7213008,0.5581074,0.3113902,0,0.707808613777161,0.4146759,0.140322,0.08376797,0.8239079,0.2371421,0.3921644,0.3333865
264956,0.0166661,16.6371036749333,1.089518,0.5138346,-0.2602331,0.2724939,-0.7176921,0.56182,0.308259,0,0.746851623058319,0.4148261,0.140091,0.08427627,0.8265591,0.2349544,0.3913828,0.329266
264956,0.0166669,16.6537705752999,1.089173,0.5139705,-0.2606959,0.2734294,-0.7171417,0.5622478,0.3079315,0,0.778550088405609,0.4152332,0.1395178,0.08483459,0.8301753,0.2317931,0.3911318,0.3226406
264956,0.0166669,16.6704374756664,1.088273,0.5145938,-0.2613777,0.2754625,-0.7142354,0.5654973,0.306922,0,0.791711509227753,0.415696,0.1391733,0.08497049,0.8307145,0.2311398,0.3910861,0.3217754
264956,0.016667,16.6871044747531,1.087787,0.5147051,-0.2616718,-0.2761357,0.7130961,-0.5665516,-0.3070216,0,0.821230828762054,0.4163778,0.1382728,0.08559383,0.83323,0.2302745,0.3892837,0.3180561
264956,0.0166673,16.7037717755884,1.086764,0.5147926,-0.2619976,0.27803,-0.710668,0.5687325,0.3069101,0,0.825603246688843,0.4166719,0.1377872,0.08570506,0.8341584,0.2298225,0.3883501,0.3170892
264956,0.0166692,16.7204409763217,1.086284,0.5148006,-0.2621478,0.2788898,-0.7097462,0.5695324,0.30678,0,0.839788138866425,0.4169977,0.1367641,0.08579256,0.8361875,0.228538,0.3866858,0.3146983
264956,0.0166657,16.7371066771448,1.085024,0.5150455,-0.2625167,0.2818982,-0.7061732,0.5729308,0.3059466,0,0.860730111598969,0.4171479,0.1362844,0.0858006,0.8369709,0.2279461,0.38615,0.3137011
264956,0.0166666,16.7537732776254,1.084115,0.5152278,-0.262655,0.2835769,-0.7042478,0.5747626,0.3053966,0,0.883966565132141,0.4175168,0.1350237,0.08604546,0.8399757,0.2261166,0.3840497,0.309545
264956,0.0166662,16.7704394776374,1.082244,0.5157403,-0.2627863,-0.2875958,0.6983424,-0.5803716,-0.3045903,0,0.890826046466827,0.4176551,0.1341146,0.08622773,0.8415871,0.2251076,0.382985,0.3072137
264956,0.016667,16.7871064767241,1.08132,0.5160877,-0.2629566,0.2899527,-0.6947435,0.5835697,0.3044755,0,0.905058145523071,0.4177864,0.1322437,0.08674033,0.8462999,0.2227031,0.378917,0.3010013
264956,0.0166667,16.803773175925,1.079324,0.5166423,-0.2632577,-0.2955962,0.6861389,-0.5914944,-0.3032669,0,0.909315764904022,0.4179568,0.1313201,0.08708759,0.8490872,0.2211255,0.3762774,0.2976068
264956,0.0166722,16.820445375517,1.078388,0.5168643,-0.2634087,0.2985299,-0.6811353,0.5960075,0.3028363,0,0.89544689655304,0.4182578,0.1293243,0.08764233,0.8556488,0.2176797,0.3703456,0.2886605
264956,0.0166627,16.8371080756187,1.076706,0.5173133,-0.263954,-0.3016052,0.6766078,-0.5998282,-0.3023944,0,0.855833172798157,0.4184088,0.1283877,0.08786429,0.8593219,0.215845,0.3666686,0.2837799
264956,0.0166665,16.8537745755166,1.076031,0.517432,-0.264268,-0.3026022,0.6752277,-0.6010621,-0.3020331,0,0.844902455806732,0.4189542,0.1267059,0.0883133,0.8626179,0.2137438,0.3635693,0.2793232
264956,0.0166672,16.870441775769,1.075307,0.5168874,-0.2642638,0.3010068,-0.6787299,0.5970649,0.303701,0,0.836395621299744,0.4192682,0.1260315,0.08843203,0.8636258,0.2131381,0.3627362,0.27775
264956,0.0166677,16.8871094752103,1.075237,0.516775,-0.2642041,-0.3007549,0.6798546,-0.5955903,-0.3043299,0,0.839044690132141,0.4192639,0.1253067,0.08788736,0.8610873,0.2133754,0.3650119,0.2824287
265056,0.0166662,16.9037756752223,1.075373,0.5169483,-0.2642055,0.3023993,-0.6805435,0.594234,0.3038111,0,0.839401602745056,0.4192042,0.1252366,0.08777495,0.8602766,0.2131382,0.365831,0.2840143
265056,0.016668,16.9204436745495,1.07564,0.5166327,-0.2637205,-0.3029208,0.681132,-0.5934351,-0.3035343,0,0.826088070869446,0.4192056,0.1253734,0.08794834,0.8599517,0.2115678,0.3674787,0.2840449
265056,0.0166687,16.9371123742312,1.076419,0.5160473,-0.2629817,-0.3030993,0.6821486,-0.5924126,-0.30307,0,0.828144967556,0.4187206,0.1256397,0.08763273,0.859601,0.2110503,0.3684235,0.2842679
265056,0.0166649,16.9537772741169,1.076881,0.5156274,-0.2625082,0.3033172,-0.6821797,0.5924507,0.3027078,0,0.840232372283936,0.4179817,0.1264189,0.08704729,0.8589423,0.2108865,0.3697205,0.284696
265056,0.0166675,16.9704447742552,1.07785,0.5142092,-0.2615629,-0.301288,0.6850079,-0.5898138,-0.3034958,0,0.839142858982086,0.4175083,0.1268814,0.08662744,0.8589547,0.2108229,0.3699817,0.2843664
265056,0.0166678,16.9871125742793,1.07849,0.5136029,-0.2612479,0.3002136,-0.6855138,0.5894912,0.3040441,0,0.857813596725464,0.416563,0.1278504,0.08520909,0.8568271,0.2119923,0.3716951,0.2876619
265056,0.0166651,17.003777673468,1.079667,0.5123122,-0.2607625,0.2993535,-0.6849139,0.5903602,0.3045579,0,0.862453758716583,0.416248,0.1284896,0.08460279,0.8563725,0.2127403,0.3715316,0.2886729
265056,0.0166708,17.0204484742135,1.080268,0.5117282,-0.2607013,-0.2996586,0.6836948,-0.5916231,-0.3045461,0,0.898689806461334,0.4157626,0.1296673,0.08331217,0.8566998,0.2135004,0.3703342,0.2886792
265056,0.0166641,17.0371125750244,1.081565,0.5104792,-0.2608761,0.2999671,-0.6824145,0.5927315,0.3049586,0,0.91036331653595,0.4157014,0.1302684,0.08272816,0.8575636,0.2134306,0.369217,0.2875952
265056,0.0166689,17.0537814758718,1.082145,0.5098114,-0.2611153,-0.2999666,0.6814944,-0.5936096,-0.3053082,0,0.931003987789154,0.4158762,0.1315647,0.08147921,0.858442,0.2131725,0.3678882,0.2868677
265056,0.0166649,17.0704463757575,1.083266,0.5087669,-0.2620595,-0.298858,0.6800131,-0.5952935,-0.3064179,0,0.927689850330353,0.4161154,0.1321447,0.08081134,0.8590519,0.2131878,0.3668135,0.2864064
265056,0.0166696,17.0871159750968,1.083833,0.5083863,-0.2625396,-0.2981348,0.6794462,-0.5961005,-0.3068106,0,0.923992276191711,0.4170595,0.1332665,0.07976688,0.8599175,0.214088,0.3643841,0.2862383
265056,0.0166641,17.1037800759077,1.084706,0.5076326,-0.2629964,-0.2968922,0.6785033,-0.5976063,-0.3071726,0,0.926230609416962,0.4175398,0.1338325,0.07938619,0.8602254,0.2147498,0.3633303,0.2861571
265056,0.0166667,17.1204467751086,1.084993,0.5073484,-0.2632329,0.295972,-0.6788933,0.5976108,0.3071902,0,0.925260365009308,0.4179965,0.1347061,0.07863255,0.8607458,0.2160209,0.3616642,0.285746
265056,0.0166676,17.1371143758297,1.085294,0.5068132,-0.2636482,-0.2944054,0.6804161,-0.5965427,-0.3074026,0,0.919972479343414,0.418233,0.1349931,0.07834841,0.8604098,0.2168756,0.3616407,0.2861399
265056,0.016668,17.1537823751569,1.085315,0.5064696,-0.2636911,-0.2944639,0.6807661,-0.5962218,-0.3071942,0,0.919971346855164,0.4186483,0.1352943,0.07781316,0.8592445,0.2180869,0.3624212,0.2877288
265056,0.0166653,17.1704476755112,1.085513,0.5063722,-0.2638407,-0.2944739,0.6816036,-0.5955017,-0.3067239,0,0.920651078224182,0.4186912,0.1353145,0.0774696,0.8590239,0.2180579,0.3628827,0.287828
265056,0.016681,17.1871286761016,1.085647,0.5063664,-0.2638163,-0.2944337,0.6824363,-0.5947899,-0.3062917,0,0.916733205318451,0.4188408,0.1355131,0.07737215,0.8584824,0.2181064,0.3639182,0.2880992
265056,0.0166546,17.2037832755595,1.085968,0.5066934,-0.2638738,-0.293697,0.6836457,-0.5943034,-0.3052448,0,0.912360668182373,0.4188164,0.1356466,0.07736637,0.8579362,0.2181884,0.3649128,0.2884059
265056,0.0166665,17.2204497754574,1.086199,0.5067271,-0.2637843,-0.2935084,0.6848617,-0.5931709,-0.3049028,0,0.898925125598907,0.418874,0.1359678,0.0776933,0.8571089,0.2191852,0.366199,0.2884798
265056,0.0166665,17.2371162753552,1.086857,0.5072451,-0.2635617,0.2946284,-0.6854813,0.5926093,0.3035192,0,0.893800437450409,0.4187843,0.1361988,0.07772709,0.8562782,0.2193005,0.3674913,0.2892148
265056,0.016672,17.2537882756442,1.087081,0.5076456,-0.2632976,0.2959625,-0.6846491,0.5934629,0.3024296,0,0.888527154922485,0.4185618,0.1368566,0.07824506,0.8560151,0.2186757,0.3691344,0.2883729
265056,0.016663,17.2704512756318,1.087425,0.5085582,-0.2629195,0.3001012,-0.6805156,0.5974585,0.299802,0,0.879846930503845,0.4182977,0.137081,0.0786456,0.8567483,0.2179765,0.3692707,0.2865447
265056,0.0166681,17.2871193755418,1.087568,0.5090687,-0.2628087,-0.3022572,0.6770183,-0.6006768,-0.2991225,0,0.865478932857513,0.4179196,0.1374252,0.07955809,0.8600041,0.2157345,0.3678332,0.2802684
265056,0.0166653,17.3037846758962,1.08783,0.51011,-0.2623879,0.3103214,-0.6630079,0.6136782,0.2958385,0,0.857000470161438,0.4178088,0.1375678,0.08006866,0.8625392,0.2144814,0.3654629,0.2765154
265056,0.016668,17.3204526752234,1.087892,0.5104815,-0.2620493,-0.3131666,0.6577805,-0.6182115,-0.2950698,0,0.79150927066803,0.417388,0.1378301,0.08111002,0.8723166,0.2100829,0.3560077,0.2611273
265056,0.016666,17.3371186759323,1.088293,0.5108196,-0.2613956,-0.3172611,0.6521595,-0.6225337,-0.2940838,0,0.781507909297943,0.4170495,0.1378923,0.08148147,0.8757981,0.2083225,0.3522785,0.2558894
265056,0.0166673,17.3537859767675,1.088576,0.5111533,-0.2610211,0.3195653,-0.6479592,0.6261814,0.2931279,0,0.763558745384216,0.4163957,0.1382933,0.08181961,0.8795373,0.2053951,0.3488223,0.2501
265056,0.0166697,17.3704556766897,1.089061,0.5122398,-0.2606062,-0.3224848,0.6423208,-0.6314299,-0.2910739,0,0.731685161590576,0.4160212,0.1385763,0.08215328,0.8822296,0.2040422,0.345989,0.2456206
265056,0.0166648,17.3871204759926,1.089125,0.5127054,-0.260344,0.3235585,-0.6407867,0.6324264,0.2911001,0,0.722195625305176,0.4156063,0.1390606,0.08323981,0.8857703,0.2026935,0.3424093,0.2389189
265156,0.0166684,17.4037888757885,1.089549,0.5139158,-0.2600681,-0.326832,0.633867,-0.6380835,-0.2902466,0,0.717544496059418,0.4153442,0.1391252,0.08370538,0.8867295,0.2017793,0.3413525,0.2376434
265156,0.0166647,17.4204535763711,1.089782,0.5144687,-0.2599165,0.3287973,-0.6295996,0.6417089,0.2893209,0,0.685241281986237,0.4150682,0.1395486,0.08491577,0.8908954,0.1996389,0.3362423,0.2310646
265156,0.0166673,17.4371208772063,1.09014,0.5154381,-0.2596757,-0.3352854,0.6169652,-0.6516418,-0.2868808,0.000170962463016622,0.667645871639252,0.4149167,0.1397822,0.08546866,0.8934077,0.1985113,0.3332294,0.2266588
265156,0.0166682,17.4537890776992,1.090443,0.5159012,-0.2596101,0.3397165,-0.605797,0.6601195,0.2860857,0,0.625396192073822,0.4146758,0.1401401,0.08643802,0.9006363,0.1942086,0.3245746,0.213983
265156,0.016667,17.4704560767859,1.090935,0.517114,-0.2596967,-0.3466161,0.5898188,-0.6721163,-0.2832505,0,0.598453938961029,0.4146102,0.1404427,0.08690114,0.9066525,0.1909904,0.3159001,0.2042329
265156,0.0166654,17.4871214758605,1.091065,0.5175953,-0.2596439,0.3484036,-0.5848132,0.6757303,0.2828377,0,0.527203619480133,0.4146969,0.1409352,0.08811398,0.9148282,0.1862535,0.3045063,0.1888781
265156,0.0166681,17.5037895757705,1.0913,0.5184828,-0.259492,-0.3515526,0.5739254,-0.6839135,-0.2815724,0,0.497851490974426,0.4146439,0.1410647,0.08859529,0.9172668,0.1848921,0.300616,0.1845714
265156,0.0166672,17.5204567760229,1.091383,0.5190535,-0.2594169,0.354016,-0.566158,0.689873,0.2796664,0.00698536913841963,0.458525151014328,0.4144921,0.1413003,0.0894828,0.9223505,0.1827399,0.291999,0.1749641
265156,0.0166658,17.5371225755662,1.091296,0.5194963,-0.258966,-0.3577652,0.5482223,-0.7031271,-0.2776124,0.00465403730049729,0.445668697357178,0.414417,0.141383,0.09005345,0.9258251,0.1813089,0.2863697,0.1672351
265156,0.0166679,17.5537904761732,1.091257,0.5195982,-0.2586877,0.3585326,-0.5416628,0.7078711,0.2774426,0,0.403424680233002,0.413966,0.141296,0.09049632,0.9333606,0.1787781,0.2717097,0.151823
265156,0.0166664,17.5704568754882,1.091085,0.5200577,-0.2579968,-0.3632287,0.5201132,-0.7223287,-0.2752971,0,0.401602476835251,0.4136879,0.1412573,0.09059818,0.9359554,0.1781512,0.265889,0.1468085
265156,0.0166701,17.5871269758791,1.090892,0.5202602,-0.2576962,0.3638827,-0.5128928,0.726858,0.276058,0,0.375843107700348,0.4129969,0.1410852,0.09105767,0.9440614,0.1742049,0.2485089,0.1290121
265156,0.0166638,17.6037907768041,1.09081,0.5201108,-0.2570418,-0.3654709,0.4914678,-0.7406117,-0.2763783,0.00347801554016769,0.368862748146057,0.4126963,0.1408918,0.09126021,0.9466152,0.1731351,0.2417426,0.1245172
265156,0.0166684,17.6204591766,1.090913,0.5204406,-0.2569611,0.3666853,-0.4815407,0.7467129,0.2758268,0.0133587075397372,0.301129311323166,0.4120419,0.1408098,0.09111072,0.9536011,0.1708034,0.2223798,0.1096287
265156,0.0166655,17.6371246762574,1.090681,0.5210856,-0.2569636,-0.371074,0.4597872,-0.7589561,-0.2736524,0.0132441716268659,0.280274778604507,0.4119613,0.1409126,0.09144057,0.9566057,0.169373,0.2139606,0.1021726
265156,0.0166671,17.6537917759269,1.090532,0.5211773,-0.2570436,0.372076,-0.4503146,0.7642583,0.2732866,0.0146542657166719,0.241351470351219,0.4119636,0.1406806,0.0920855,0.9627789,0.1645678,0.1968073,0.08509438
265156,0.0166671,17.6704588755965,1.090302,0.5205187,-0.2567581,-0.3724365,0.4311517,-0.7748356,-0.2739144,0.0155335022136569,0.238751381635666,0.4120437,0.1405323,0.09217729,0.9652214,0.163048,0.1887566,0.07831994
265156,0.016667,17.6871258746833,1.090412,0.5202659,-0.2565815,0.371816,-0.4223541,0.7799116,0.2740581,0.0222428273409605,0.214111149311066,0.4117581,0.1403025,0.09151866,0.9697421,0.1609131,0.171284,0.06609987
265156,0.0166669,17.7037927750498,1.090464,0.5198652,-0.2565157,-0.3695616,0.4101437,-0.7869549,-0.275515,0.0353787615895271,0.163605749607086,0.4115817,0.1404124,0.09126581,0.9715722,0.1606828,0.163009,0.06047028
265156,0.0166663,17.7204590756446,1.090388,0.5198468,-0.2565771,0.3691897,-0.4040495,0.7903211,0.2753831,0.0487859100103378,0.104556657373905,0.4115159,0.1404637,0.09086515,0.9738966,0.1611814,0.1504523,0.0539445
265156,0.0166671,17.7371261753142,1.090241,0.5198193,-0.2569212,-0.3688951,0.396095,-0.7942036,-0.2761628,0.0527586862444878,0.0751223713159561,0.4115772,0.1403878,0.09084679,0.9749935,0.1609565,0.144881,0.04990319
265156,0.0166677,17.7537938747555,1.09012,0.5197616,-0.2570227,0.369185,-0.3924755,0.7959646,0.275873,0.0650071129202843,0.0153125179931521,0.4119213,0.140241,0.09081925,0.9764448,0.1600684,0.1373411,0.04551015
265156,0.016669,17.7704628743231,1.089865,0.5196013,-0.2571072,-0.3695194,0.3848273,-0.7995096,-0.2759491,0.0672183483839035,0,0.4120229,0.1401201,0.09076156,0.9770748,0.1594691,0.1343602,0.04291637
265156,0.0166669,17.7871297746897,1.089743,0.5196624,-0.257135,0.3693175,-0.3815634,0.8011868,0.2758872,0.0733385905623436,0,0.4121073,0.1398652,0.09060134,0.9783775,0.1581894,0.1276809,0.03809636
265156,0.0166667,17.8037964738905,1.089444,0.5199674,-0.2572294,-0.3691704,0.3759274,-0.8039916,-0.2756619,0.0819899514317513,0,0.4121352,0.1397429,0.09066238,0.9788682,0.1580105,0.1247193,0.03598306
265156,0.0166697,17.8204661738127,1.089316,0.5200632,-0.2572576,0.36871,-0.3745794,0.8046864,0.2760856,0.0868244767189026,0,0.4122295,0.1394437,0.09096743,0.9796972,0.1575266,0.1197504,0.03222912
265156,0.0166632,17.8371293731034,1.089245,0.5199211,-0.2574035,0.3667443,-0.3765056,0.8039736,0.2781521,0.0880668610334396,0,0.4122577,0.1393157,0.09106316,0.9798815,0.1576517,0.1181857,0.03178911
265156,0.0166673,17.8537966739386,1.089226,0.5198654,-0.2575595,-0.3660027,0.3781002,-0.8033291,-0.2788273,0.0934194624423981,0,0.4124036,0.1392449,0.09092106,0.97954,0.1590802,0.1181999,0.03498214
265156,0.0166673,17.8704639747739,1.089094,0.5200356,-0.2582498,-0.3644083,0.3827174,-0.8012374,-0.2806294,0.0961113274097443,0,0.4125596,0.1392255,0.09086539,0.9792686,0.1597678,0.1190154,0.03664115
265156,0.0166662,17.8871301747859,1.088957,0.5203395,-0.2585887,0.3639111,-0.3835191,0.8010671,0.2806662,0.100525937974453,0,0.4132499,0.1390942,0.09103562,0.9785115,0.1612536,0.1216894,0.04128378
265256,0.0166688,17.9037989750504,1.088727,0.52121,-0.2591559,-0.3631074,0.3845202,-0.8008311,-0.2810106,0.103163428604603,0.0103487279266119,0.4135888,0.1389573,0.09133948,0.9783322,0.1618342,0.1221643,0.04185424
265256,0.0166636,17.9204625748098,1.088686,0.5216346,-0.2593205,-0.3628815,0.385135,-0.8006251,-0.2810476,0.108883492648602,0.0366646908223629,0.414156,0.1387275,0.09220995,0.9781083,0.1626268,0.1225594,0.04284825
265256,0.0166682,17.9371307753026,1.088677,0.5224147,-0.2594998,-0.3626897,0.3861798,-0.800266,-0.2808839,0.111702598631382,0.0423492006957531,0.4143206,0.1386862,0.09263457,0.9779873,0.1629131,0.1229898,0.04328511
265256,0.0166725,17.9538032747805,1.088678,0.522782,-0.2595358,-0.3628142,0.3865009,-0.8000903,-0.2807821,0.118589043617249,0.0563321672379971,0.4144998,0.1386772,0.09341468,0.9777859,0.1632942,0.1238961,0.0438116
265256,0.0166622,17.9704654756933,1.088831,0.5233318,-0.2597567,-0.3629286,0.388619,-0.7989658,-0.2809126,0.120256520807743,0.0600503347814083,0.4145359,0.1386779,0.09378196,0.9777407,0.1632482,0.1242765,0.04391599
265256,0.0166667,17.9871321748942,1.088954,0.5235054,-0.2598806,-0.3628655,0.3891368,-0.7988497,-0.2806073,0.125277578830719,0.0753674879670143,0.4147568,0.1388307,0.09433176,0.9774175,0.1633409,0.1261584,0.04537441
265256,0.0166688,18.0038009751588,1.089103,0.5238584,-0.2601283,-0.3627143,0.3892231,-0.7990363,-0.2801513,0.127645790576935,0.0791305527091026,0.4148807,0.1389542,0.09450544,0.9773032,0.1635821,0.1267099,0.0454313
265256,0.0166679,18.0204688757658,1.089144,0.5239704,-0.260277,0.3624108,-0.3898203,0.798866,0.2801995,0.13066603243351,0.0822505876421928,0.4151283,0.1391032,0.09485842,0.977239,0.1639166,0.1268977,0.04508229
265256,0.0166658,18.0371346753091,1.08921,0.5243523,-0.260606,-0.3619595,0.3899148,-0.7989873,-0.2803057,0.131245374679565,0.0863431468605995,0.4152772,0.1391438,0.09497036,0.9771098,0.1642719,0.1272745,0.04552421
265256,0.0166657,18.0538003761321,1.089222,0.5245683,-0.2607846,0.3620651,-0.3894312,0.7991957,0.2802472,0.134650304913521,0.0950595661997795,0.4156061,0.1392098,0.09535231,0.9770512,0.164692,0.1271158,0.04570728
265256,0.0166669,18.0704672764987,1.089277,0.5250155,-0.2612138,-0.3622695,0.3885857,-0.79946,-0.280403,0.135789096355438,0.0965683907270432,0.4157847,0.1392224,0.09556831,0.9771388,0.1645513,0.1267557,0.04533992
265256,0.0166671,18.0871343761683,1.089356,0.5252975,-0.2616352,0.3619616,-0.3889857,0.7993164,0.2806553,0.144624203443527,0.101310536265373,0.4162139,0.1392768,0.09601547,0.9773123,0.1641871,0.1260343,0.04493072
265256,0.0166715,18.1038058754057,1.089639,0.5257694,-0.2625223,-0.3588327,0.3935683,-0.7981269,-0.2816678,0.149437442421913,0.115390762686729,0.4166353,0.139356,0.0962974,0.9772302,0.1644456,0.1261538,0.04543189
265256,0.0166682,18.1204740758985,1.08966,0.5260922,-0.2624865,-0.3579676,0.3882945,-0.8017324,-0.2798425,0.182738482952118,0.160104215145111,0.4175224,0.139639,0.09676935,0.9761807,0.1677142,0.1284408,0.04945861
265256,0.016665,18.137139076367,1.089676,0.5273745,-0.2614527,-0.3599006,0.3578505,-0.8199472,-0.2647665,0.208358913660049,0.183859542012215,0.4174865,0.1396604,0.09709217,0.9768238,0.1686397,0.1240805,0.04449789
265256,0.0166686,18.1538076754659,1.089597,0.5277878,-0.2606067,0.3600369,-0.3366002,0.8304634,0.2596235,0.24773745238781,0.379838943481445,0.4164527,0.1396762,0.0983745,0.9801599,0.1683247,0.104002,0.01170662
265256,0.0166652,18.1704728752375,1.08953,0.5288469,-0.2594662,-0.3634011,0.2737471,-0.8552274,-0.2481703,0.2756387591362,0.445925951004028,0.4156068,0.1395975,0.0987878,0.9820697,0.1668617,0.08752672,-0.005940246
265256,0.0166668,18.1871396750212,1.089128,0.5294347,-0.2589967,0.3681639,-0.2422536,0.8623283,0.249316,0.359659075737,0.660625696182251,0.4144663,0.1395305,0.09984685,0.9854419,0.1564369,0.03944329,-0.05362878
265256,0.0166669,18.2038065753877,1.090175,0.5308997,-0.2604651,-0.371762,0.2173741,-0.8621393,-0.2669407,0.40876105427742,0.748691499233246,0.4139968,0.1391278,0.1004347,0.986805,0.1448301,0.01435199,-0.07095243
265256,0.0166678,18.2204743754119,1.089844,0.5311321,-0.2603011,0.3741024,-0.2098392,0.8592283,0.2788224,0.51019275188446,0.914035975933075,0.4154653,0.1401754,0.1018996,0.9890735,0.1294563,-0.01208577,-0.06948839
265256,0.0166663,18.2371406760067,1.089484,0.5331519,-0.2610518,-0.3739549,0.1900614,-0.8608494,-0.28805,0.593284666538239,1,0.4153013,0.1398435,0.1021321,0.9903839,0.1210683,-0.0220983,-0.06319752
265256,0.016667,18.2538076750934,1.089618,0.5339252,-0.2615528,0.3726295,-0.1850951,0.8612234,0.2918587,0.821001052856445,1,0.4160519,0.139484,0.1041519,0.9905066,0.1130676,-0.04230839,-0.06574479
265256,0.0166669,18.27047457546,1.089767,0.5348572,-0.2619202,-0.3711961,0.1818414,-0.8613595,-0.2953084,0.850742161273956,1,0.4165529,0.1396185,0.1049252,0.9904277,0.1117293,-0.04852103,-0.0649251
265256,0.0166665,18.2871410753578,1.089642,0.5352821,-0.2619722,0.3711653,-0.180361,0.8615537,0.2956881,0.887332797050476,1,0.4169202,0.139767,0.1058571,0.9903584,0.1110374,-0.0532103,-0.06348012
265256,0.0166668,18.3038078751415,1.088652,0.535498,-0.2613862,-0.3708574,0.1708678,-0.8637837,-0.2952063,0.894078373908997,1,0.4169723,0.1396421,0.1062821,0.9903073,0.1105555,-0.05460036,-0.06393548
265256,0.0166672,18.3204750753939,1.088343,0.535403,-0.2609874,-0.3709139,0.1680869,-0.8649291,-0.2933726,0.900880694389343,1,0.4163863,0.1386517,0.106498,0.9896858,0.1086438,-0.06240251,-0.06945866
265256,0.0166677,18.3371427748352,1.088091,0.534896,-0.2603222,0.3686358,-0.1610379,0.8673689,0.2929944,0.910036265850067,1,0.4159875,0.1383429,0.1064029,0.9893695,0.1085656,-0.06395252,-0.07260549
265256,0.016666,18.3538087755442,1.088141,0.5347735,-0.2602487,0.3681694,-0.1603611,0.8680145,0.2920386,0.912738800048828,1,0.4153222,0.1380911,0.105896,0.9885572,0.1091228,-0.0706185,-0.07655115
265256,0.016667,18.3704757746309,1.088643,0.5339901,-0.2603288,0.3677654,-0.1636147,0.8681226,0.2904173,0.909830629825592,1,0.4152488,0.1381412,0.1057735,0.988366,0.1097618,-0.07100401,-0.07773954
265256,0.0166672,18.3871429748833,1.088932,0.5337079,-0.2605155,0.3679559,-0.1654102,0.868245,0.2887881,0.879423320293427,1,0.4153289,0.1386431,0.1049901,0.9884033,0.1116111,-0.06786102,-0.07743894
265356,0.0166669,18.4038098752499,1.088913,0.5331963,-0.2606121,0.3693264,-0.1719289,0.868551,0.282237,0.857892036437988,1,0.4155156,0.1389316,0.1047078,0.9884111,0.1124961,-0.0656532,-0.07795979
265356,0.0166676,18.420477475971,1.088995,0.5325799,-0.2604765,0.3681926,-0.1770495,0.8686098,0.2803657,0.765859603881836,0.998574495315552,0.4156123,0.1389135,0.1041963,0.988427,0.1152508,-0.05707418,-0.0804484
265356,0.0166672,18.4371446762234,1.089043,0.5320375,-0.2602907,-0.365666,0.1835764,-0.8693823,-0.2770607,0.734766364097595,0.953661620616913,0.4154766,0.1389948,0.1035799,0.9884022,0.1183518,-0.05259474,-0.07929563
265356,0.0166658,18.4538104757667,1.089004,0.531697,-0.2602618,0.3645202,-0.1852305,0.8699952,0.2755414,0.690710842609406,0.90471363067627,0.4152908,0.1390427,0.1030375,0.988092,0.1236771,-0.04698216,-0.07855487
265356,0.0166673,18.4704777766019,1.088906,0.5317726,-0.260157,0.3641553,-0.1909207,0.8705164,0.270447,0.671331167221069,0.886428594589233,0.4152618,0.1390041,0.1026969,0.987867,0.1257655,-0.04550721,-0.07893676
265356,0.0166664,18.4871441759169,1.088907,0.5319186,-0.2602717,-0.3637668,0.1916383,-0.8708792,-0.2692919,0.590494394302368,0.834567546844482,0.4151571,0.1389061,0.1027726,0.987567,0.1293766,-0.03890795,-0.08037002
265356,0.0166671,18.5038112755865,1.088603,0.5326362,-0.2603713,-0.3630874,0.1898602,-0.8719704,-0.2679337,0.568870663642883,0.827095627784729,0.4152718,0.1389065,0.1029186,0.9874236,0.1303502,-0.03801941,-0.08098149
265356,0.0166668,18.5204780753702,1.088141,0.5331308,-0.2602672,-0.3635908,0.1878691,-0.8728479,-0.2657887,0.54171884059906,0.801674008369446,0.4153714,0.1386033,0.1036362,0.9871035,0.1310689,-0.03925025,-0.08310875
265356,0.0166675,18.5371455755085,1.087636,0.5339423,-0.2601523,0.3646225,-0.188174,0.8739955,0.2603324,0.517296612262726,0.776294112205505,0.4152673,0.1381412,0.1041308,0.9868492,0.1308574,-0.03982255,-0.08613393
265356,0.0166848,18.5538303758949,1.087608,0.5340856,-0.2601357,0.3649412,-0.1919392,0.8738157,0.2577275,0.4850192964077,0.758249878883362,0.4151524,0.1376358,0.1049423,0.9864002,0.1318739,-0.03692338,-0.09088838
265356,0.0166498,18.5704801753163,1.087864,0.5337894,-0.2601886,0.3639645,-0.2014074,0.8729902,0.2546628,0.470349133014679,0.75434672832489,0.4151358,0.1376076,0.1050856,0.9863188,0.1334134,-0.03260631,-0.09117573
265356,0.0166662,18.5871463753283,1.087868,0.5336149,-0.2600505,0.3639925,-0.2041788,0.8728194,0.2529957,0.431772798299789,0.733366549015045,0.4151887,0.1378642,0.1047894,0.986202,0.1377478,-0.02391686,-0.08865234
265356,0.0166667,18.6038130745292,1.087849,0.533577,-0.2599317,0.3632683,-0.2073778,0.872633,0.2520761,0.42162299156189,0.722638607025146,0.4150506,0.1378685,0.1046149,0.9861024,0.1389705,-0.02091967,-0.08860967
265356,0.0166668,18.6204798743129,1.087831,0.533697,-0.2599603,0.3629754,-0.2087753,0.8724383,0.2520183,0.405265659093857,0.708716452121735,0.4149318,0.1378492,0.104577,0.9859914,0.1407618,-0.01819507,-0.08761301
265356,0.0166665,18.6371463742107,1.087688,0.5340953,-0.2599971,0.3630941,-0.2108532,0.8723549,0.2504009,0.401126027107239,0.703791260719299,0.4149604,0.1378315,0.104697,0.9859847,0.1413986,-0.01713277,-0.08687393
265356,0.0166699,18.653816273436,1.087629,0.534292,-0.2600903,-0.3635196,0.2109717,-0.8725759,-0.2489097,0.389011472463608,0.690495312213898,0.4149972,0.1376885,0.1050953,0.9858629,0.1423394,-0.0146896,-0.08716656
265356,0.0166649,18.6704811733216,1.08798,0.5342348,-0.2602764,-0.3633445,0.214492,-0.8720521,-0.2479906,0.369873136281967,0.667492032051086,0.4150904,0.1376291,0.105292,0.9857422,0.1424737,-0.01379971,-0.08844839
265356,0.0166669,18.6871480736881,1.088184,0.5341228,-0.2603553,-0.3630482,0.2154873,-0.8720146,-0.2476931,0.356913238763809,0.648048758506775,0.4152765,0.1379798,0.1052348,0.9856935,0.1437887,-0.01055963,-0.08730291
265356,0.0166668,18.7038148734719,1.088408,0.5337734,-0.2606194,0.3634028,-0.2164979,0.8726168,0.244146,0.352623790502548,0.640206933021545,0.4153554,0.1381844,0.1051228,0.9856379,0.1444138,-0.009735685,-0.0869935
265356,0.0166672,18.7204820737243,1.088408,0.533469,-0.2606988,0.3639753,-0.2179753,0.8727752,0.2413966,0.313648253679276,0.596240937709808,0.4156194,0.1384078,0.1047734,0.9852614,0.1455373,-0.007293141,-0.0895861
265356,0.0166674,18.7371494732797,1.088814,0.5328602,-0.2610681,0.3662031,-0.2259243,0.8707507,0.2380062,0.289393663406372,0.573584854602814,0.4156989,0.1384082,0.104469,0.9850177,0.1462722,-0.004685936,-0.09122854
265356,0.016671,18.7538204733282,1.089247,0.5324529,-0.2610738,-0.3671866,0.2281594,-0.8695918,-0.2385947,0.247554734349251,0.516178667545319,0.4160682,0.1388136,0.1038602,0.9850171,0.1470781,0.004339327,-0.0899481
265356,0.0166631,18.7704835738987,1.089448,0.5319493,-0.2615871,0.3717488,-0.2324058,0.865849,0.2410309,0.225433513522148,0.463996261358261,0.416074,0.139247,0.1034529,0.9852578,0.1464154,0.006408177,-0.0882526
265356,0.016667,18.7871505729854,1.089274,0.5317913,-0.2622778,-0.3762438,0.2407485,-0.8611555,-0.242677,0.211210995912552,0.375283539295197,0.4165872,0.1394477,0.1029493,0.9862251,0.1420398,0.01099283,-0.08404689
265356,0.0166664,18.8038169723004,1.088564,0.5310596,-0.2630204,0.3826467,-0.2440479,0.8571156,0.2436702,0.208653345704079,0.321620106697083,0.4172779,0.1392744,0.1027913,0.9870292,0.1388674,0.01933867,-0.07820032
265356,0.0166669,18.820483872667,1.088243,0.5307535,-0.2635323,-0.3867852,0.2455647,-0.8548008,-0.2437432,0.18689925968647,0.16431912779808,0.4180205,0.1385644,0.1020596,0.9879173,0.1328946,0.02456021,-0.0758633
265356,0.0166674,18.8371512722224,1.087508,0.5306945,-0.2650207,-0.3938439,0.2440846,-0.8520221,-0.243656,0.167030960321426,0.112470805644989,0.4185323,0.138243,0.1017535,0.9883925,0.1290817,0.02765434,-0.07518932
265356,0.0166666,18.8538178727031,1.087068,0.5308155,-0.2656427,0.3956884,-0.2446576,0.8504107,0.2457135,0.124344639480114,0,0.4200208,0.1375077,0.1016945,0.9891639,0.1217575,0.02959113,-0.07651324
265356,0.016667,18.8704848717898,1.085967,0.5315288,-0.2668599,0.4017001,-0.2397632,0.8487409,0.2465556,0.115942522883415,0,0.4206428,0.1370683,0.1018155,0.989603,0.1193126,0.03006864,-0.07447309
265356,0.0166668,18.8871516715735,1.085412,0.5315863,-0.2675145,0.4052544,-0.2343728,0.8483591,0.2472351,0.0954354852437973,0,0.42186,0.1359671,0.1025288,0.9903371,0.1119387,0.02829207,-0.0768235
265456,0.0166672,18.9038188718259,1.084662,0.532468,-0.2690778,0.4163673,-0.2236033,0.8466743,0.2445046,0.074953630566597,0,0.4225146,0.135412,0.1025863,0.9907675,0.1069549,0.02506959,-0.07944835
265456,0.016667,18.9204858709127,1.08442,0.5326209,-0.2699471,0.4214892,-0.2192872,0.8451412,0.2449416,0.0201708450913429,0,0.4240779,0.1346624,0.103468,0.9913594,0.09430981,0.02213668,-0.08844392
265456,0.0166665,18.9371523708105,1.084017,0.5328456,-0.2716334,0.430614,-0.2145094,0.8408673,0.2479909,0,0,0.4249472,0.1344197,0.1036209,0.991769,0.08798572,0.02066369,-0.09069609
265456,0.0166674,18.953819770366,1.083804,0.5330933,-0.2721639,0.4342454,-0.2135493,0.8389688,0.2489159,0,0,0.4266335,0.1340171,0.1038456,0.9927106,0.07651798,0.0195931,-0.09103224
265456,0.0166673,18.9704870712012,1.083513,0.5333669,-0.2729625,0.4401161,-0.2128548,0.8353454,0.2513741,0,0,0.427164,0.1338039,0.1040933,0.9930341,0.07225151,0.02008205,-0.0908834
265456,0.016666,18.9871530719101,1.083327,0.5336003,-0.2733328,0.4436147,-0.2124865,0.833662,0.2511243,0,0,0.4279626,0.1335126,0.1043669,0.9936435,0.06518462,0.02121472,-0.08929495
265456,0.0166673,19.0038203727454,1.083024,0.5339946,-0.2741913,0.4539321,-0.2116372,0.8280101,0.2521008,0,0,0.4283329,0.1333273,0.1046003,0.9937934,0.061583,0.02262367,-0.08983581
265456,0.0166665,19.0204868726432,1.083093,0.5342945,-0.2749401,0.4611392,-0.212851,0.8239114,0.2514261,0,0,0.4291914,0.133024,0.1049946,0.9943436,0.05035147,0.02631279,-0.08973899
265456,0.0166669,19.0371537730098,1.082645,0.534533,-0.2758743,-0.4762787,0.2186992,-0.8127349,-0.2545413,0,0,0.4299403,0.1330934,0.1052945,0.9945301,0.04335755,0.03097229,-0.08983742
265456,0.0166673,19.053821073845,1.082412,0.5347553,-0.2764769,0.4827502,-0.226046,0.8062009,0.2567016,0,0,0.4308744,0.132645,0.105533,0.9952009,0.02763049,0.04178185,-0.08405912
265456,0.0166671,19.0704881735146,1.08203,0.5352563,-0.2778687,-0.4890766,0.2391251,-0.7971107,-0.2612237,0,0,0.431477,0.1324115,0.1057553,0.9954499,0.02159187,0.05019278,-0.07806388
265456,0.0166686,19.0871567726135,1.081609,0.5354819,-0.2783619,-0.4907787,0.2447887,-0.7942438,-0.2615181,0,0,0.4328688,0.1320303,0.1062563,0.9956917,0.0159528,0.06249421,-0.06661899
265456,0.0166665,19.1038232725114,1.080676,0.5356724,-0.279248,-0.4932792,0.2500436,-0.7911636,-0.2611785,0,0,0.4333621,0.1316085,0.1064819,0.9955708,0.01518402,0.06800628,-0.06311338
265456,0.016666,19.1204892732203,1.080241,0.5356845,-0.2795954,-0.4936863,0.252124,-0.7902023,-0.2613195,0,0,0.4342481,0.1306761,0.1066724,0.9953472,0.01368537,0.0738185,-0.06039435
265456,0.0166667,19.1371559724212,1.079272,0.5356603,-0.2801157,0.4950338,-0.2529111,0.7895418,0.2600026,0,0,0.4345955,0.1302407,0.1066845,0.9952842,0.01360967,0.07573218,-0.05906552
265456,0.016667,19.1538229715079,1.078942,0.535544,-0.2802813,0.4962716,-0.2519133,0.7893002,0.2593445,0,0,0.4351158,0.1292718,0.1066603,0.9951096,0.01280421,0.07757586,-0.05979168
265456,0.0166685,19.1704914718866,1.078549,0.535239,-0.2805723,0.5002577,-0.2469828,0.7884362,0.2590564,0,0,0.4352815,0.1289416,0.106544,0.9950539,0.01151736,0.07758431,-0.06095793
265456,0.0166664,19.1871578712016,1.078332,0.5349917,-0.2805377,0.5019795,-0.245472,0.7878911,0.25882,0,0,0.4355724,0.1285487,0.106239,0.9950717,0.006339339,0.07542908,-0.06405175
265456,0.0166659,19.2038237713277,1.0779,0.5345079,-0.2807237,0.5047619,-0.2459103,0.786121,0.2583748,0,0,0.4355378,0.128332,0.1059917,0.9950399,0.004261941,0.07507262,-0.06512676
265456,0.0166671,19.2204908709973,1.077689,0.5342221,-0.2808379,0.5052771,-0.2481779,0.7851121,0.2582672,0,0,0.4357238,0.1279004,0.1055079,0.994894,0.001503463,0.07697479,-0.06525832
265456,0.0166669,19.2371577713639,1.077125,0.5336938,-0.2809323,0.5065383,-0.249972,0.784215,0.2567877,0,0,0.435838,0.1276887,0.1052221,0.9947984,0.001439762,0.07919925,-0.0640437
265456,0.0166697,19.2538274712861,1.076921,0.5334519,-0.2808937,-0.508137,0.24957,-0.7836836,-0.2556401,0,0,0.4359324,0.1271251,0.1046938,0.9945596,0.0009765569,0.08192905,-0.06432559
265456,0.0166669,19.2704943716526,1.076916,0.5328339,-0.280517,-0.5124882,0.2473708,-0.7823235,-0.2532458,0,0,0.4358938,0.1269208,0.1044519,0.9944046,-0.0004153419,0.08282144,-0.0655743
265456,0.0166671,19.2871614713222,1.077078,0.5325459,-0.2803658,-0.5138,0.2469214,-0.7816468,-0.2531162,0,0,0.4355171,0.1269158,0.1038339,0.9940643,-0.004705406,0.0840248,-0.0689481
265456,0.016667,19.3038284704089,1.077398,0.5318875,-0.280031,0.5165284,-0.246406,0.7805061,0.2515805,0,0,0.4353659,0.1270779,0.1035459,0.9940048,-0.006177508,0.08433592,-0.06930877
265456,0.0166671,19.3204955700785,1.077421,0.5315375,-0.2798176,-0.5175113,0.2464811,-0.780016,-0.2510067,0,0,0.4350311,0.1273976,0.1028875,0.9937412,-0.008694595,0.08584547,-0.07094752
265456,0.0166664,19.3371619693935,1.077548,0.5306889,-0.2794182,0.5190791,-0.2468486,0.7790573,0.2503849,0,0,0.4348177,0.127421,0.1025375,0.9936333,-0.009543248,0.08662037,-0.07140456
265456,0.0166666,19.3538285698742,1.077662,0.530256,-0.2792792,0.520536,-0.2459707,0.7786909,0.2493618,0,0,0.4344183,0.1275476,0.1016889,0.9934787,-0.01095714,0.08795161,-0.07172643
265456,0.0166669,19.3704954702407,1.077982,0.5292816,-0.279055,0.5256808,-0.2412504,0.7775255,0.2468038,0,0,0.4342794,0.1276618,0.101256,0.9933268,-0.01235315,0.0883279,-0.07312665
265456,0.0166671,19.3871625699103,1.078359,0.5288038,-0.2790381,0.5276178,-0.2396025,0.7768393,0.2464368,0,0,0.4340551,0.1279824,0.1002816,0.9929067,-0.01801485,0.08786643,-0.07804682
265556,0.0166671,19.4038296695799,1.078953,0.5281079,-0.2789133,0.530555,-0.2409222,0.7746863,0.24562,0,0,0.4340382,0.1283589,0.09980382,0.9927897,-0.02034631,0.08756892,-0.0792858
265556,0.0166666,19.4204962700605,1.079273,0.5279816,-0.2789081,0.5315841,-0.2428643,0.7737714,0.2443627,0,0,0.4339134,0.1289528,0.09910788,0.9924782,-0.02301794,0.09047198,-0.07919699
265556,0.0166671,19.4371633697301,1.080446,0.5275965,-0.279074,0.5352936,-0.246096,0.7708222,0.2423444,0,0,0.4339082,0.1292735,0.09898163,0.9922264,-0.02330436,0.09313714,-0.07917915
265556,0.0166669,19.4538302700967,1.080849,0.5275123,-0.2789372,0.5391914,-0.2466802,0.7683434,0.2409773,0,0,0.434074,0.1304465,0.09859647,0.9916485,-0.02602834,0.09854069,-0.07902858
265556,0.016667,19.4704972691834,1.081579,0.5280181,-0.2788965,0.549116,-0.2465831,0.7627603,0.2363581,0,0,0.4339374,0.1308494,0.09851231,0.99118,-0.02974132,0.1015294,-0.07980957
265556,0.0166666,19.4871638696641,1.081987,0.5283708,-0.2788957,-0.552332,0.2481845,-0.7604696,-0.2345634,0,0,0.4338966,0.131579,0.09901811,0.9898186,-0.039159,0.1082718,-0.08368368
265556,0.0166676,19.5038314703852,1.082759,0.5288706,-0.2787324,-0.5566759,0.2506864,-0.7572601,-0.2320035,0,0,0.4338959,0.1319867,0.09937073,0.9892504,-0.04180367,0.1119795,-0.08424182
265556,0.0166659,19.5204973705113,1.083146,0.5291814,-0.2788345,0.5583301,-0.2512184,0.7563665,0.230362,0,0,0.4337326,0.1327592,0.09987058,0.9884189,-0.04528266,0.1173415,-0.08490358
265556,0.0166671,19.5371644701809,1.083495,0.5295721,-0.278875,-0.5607781,0.2530215,-0.7536868,-0.2312237,0,0,0.4338346,0.1331461,0.1001814,0.9880369,-0.04645554,0.1192941,-0.0859888
265556,0.016667,19.5538314692676,1.083502,0.5296307,-0.2787877,0.5627947,-0.2549831,0.7512966,0.2319469,0,0,0.4338751,0.1334949,0.1005721,0.987772,-0.04918602,0.1217355,-0.08406992
265556,0.0166667,19.5704981684685,1.083672,0.529809,-0.2788746,-0.5655884,0.2582217,-0.7477713,-0.2329584,0,0,0.4337878,0.1335016,0.1006307,0.9875185,-0.05135808,0.1241531,-0.08219266
265556,0.0166671,19.5871652681381,1.083735,0.529801,-0.2788576,0.566335,-0.2595641,0.7465622,0.2335298,0,0,0.4338747,0.1336716,0.100809,0.987116,-0.05428803,0.1279524,-0.07926645
265556,0.0166671,19.6038323678076,1.083941,0.5299293,-0.2791408,0.5661345,-0.2613707,0.745846,0.2342888,0,0,0.4338577,0.1337355,0.100801,0.9870072,-0.05509521,0.1292585,-0.07793287
265556,0.016667,19.6204993668944,1.083943,0.5299281,-0.279272,0.5660947,-0.2618582,0.7458212,0.2339186,0,0,0.434141,0.133941,0.1009293,0.9870076,-0.05480951,0.1304045,-0.0762014
265556,0.0166668,19.6371661666781,1.083976,0.5297215,-0.279359,0.5662866,-0.2629437,0.7452036,0.2342047,0,0,0.4342721,0.1339434,0.1009281,0.9869467,-0.05454022,0.130951,-0.07624634
265556,0.0166662,19.65383236669,1.084246,0.5297236,-0.2794608,0.5664669,-0.2638215,0.7449201,0.2336832,0,0,0.4343591,0.133976,0.1007215,0.9868872,-0.05466397,0.1318681,-0.07534172
265556,0.0166672,19.6704995669425,1.084487,0.5293122,-0.2793459,-0.5672318,0.264243,-0.7437728,-0.2350018,0,0,0.4344609,0.1342462,0.1007236,0.9867582,-0.05451958,0.1329237,-0.07528046
265556,0.0166671,19.687166666612,1.084511,0.5289446,-0.2792135,0.5674558,-0.2645444,0.7432611,0.23574,0,0,0.434346,0.1344875,0.1003121,0.9867667,-0.05579435,0.1331521,-0.07381733
265556,0.0166666,19.7038332670927,1.084443,0.5281429,-0.2789768,-0.5679731,0.2645784,-0.742619,-0.2364784,0,0,0.4342136,0.1345106,0.09994461,0.9867923,-0.05626433,0.1332319,-0.07296887
265556,0.0166672,19.7205004673451,1.084341,0.5275978,-0.2789934,0.5681006,-0.2646126,0.7424909,0.2365364,0,0,0.4339769,0.1344433,0.09914292,0.9867952,-0.05711789,0.1332323,-0.07226341
265556,0.0166668,19.7371672671288,1.084108,0.5265396,-0.2790452,0.5686412,-0.2644674,0.7421579,0.2364442,0,0,0.4339935,0.1343411,0.09859778,0.9867819,-0.05727828,0.1333041,-0.07218506
265556,0.0166704,19.7538376674056,1.08419,0.5260849,-0.2791247,0.5685348,-0.2651168,0.7418973,0.2367903,0,0,0.4340453,0.1341079,0.09753956,0.9867104,-0.05788792,0.1334935,-0.07232661
265556,0.0166667,19.7705043666065,1.08439,0.5252888,-0.2789776,-0.569285,0.2659757,-0.7409513,-0.2369868,0,0,0.4341249,0.1341901,0.09708489,0.9867175,-0.05777561,0.1338599,-0.07163825
265556,0.0166666,19.7871709670872,1.084546,0.5247947,-0.2787932,-0.5693713,0.2666199,-0.7406137,-0.2371111,0,0,0.4339778,0.1343902,0.09628882,0.9865814,-0.0585496,0.1349067,-0.07091661
265556,0.0166673,19.8038382679224,1.084818,0.5237644,-0.278384,-0.5692743,0.2673898,-0.7402793,-0.2375213,0,0,0.4337932,0.1345459,0.09579469,0.9865401,-0.05857811,0.1354564,-0.07041948
265556,0.0166758,19.8205140680075,1.084899,0.5232912,-0.2782323,0.5692523,-0.267652,0.7401119,0.2377998,0,0,0.4333841,0.1348181,0.09476431,0.9865421,-0.05847968,0.1359066,-0.069601
265556,0.0166671,19.837181167677,1.084954,0.5222468,-0.2779342,0.5691103,-0.268519,0.7397602,0.2382566,0,0,0.4332324,0.1348992,0.09429123,0.9865544,-0.0585099,0.1360104,-0.06919735
265556,0.0166669,19.8538480680436,1.085003,0.5218762,-0.2779573,0.5691871,-0.2692792,0.7394369,0.2382185,0,0,0.4329343,0.1349536,0.09324671,0.986559,-0.05836068,0.136503,-0.0682812
265556,0.016667,19.8705150671303,1.085027,0.5210778,-0.2780271,0.5697517,-0.2706062,0.7388461,0.2371959,0,0,0.4329574,0.1350034,0.09287621,0.9864932,-0.05829943,0.1372131,-0.06786001
265556,0.0166675,19.8871825672686,1.084982,0.5206649,-0.2780396,0.5700253,-0.2711731,0.7384824,0.2370235,0,0,0.4330272,0.1350275,0.09207775,0.9862264,-0.05833511,0.139055,-0.06795782
265656,0.0166661,19.9038486666977,1.084842,0.5198126,-0.2779204,0.5703738,-0.2724421,0.73813,0.2358249,0,0,0.4330397,0.1349824,0.09166493,0.9861323,-0.05848505,0.1397536,-0.0677607
265656,0.016667,19.9205156657845,1.084748,0.5193021,-0.2778156,0.5702316,-0.2730391,0.7379891,0.2359191,0,0,0.4329206,0.1348425,0.09081258,0.9858775,-0.05822197,0.1415055,-0.06805965
265656,0.0166678,19.9371834658086,1.084568,0.5183755,-0.2775423,-0.5700549,0.2735251,-0.7379603,-0.2358734,0,0,0.4328157,0.1347483,0.09030212,0.9858627,-0.05798934,0.1419102,-0.06762692
265656,0.0166666,19.9538500662893,1.084553,0.5180026,-0.2773871,-0.5700421,0.2737875,-0.7379279,-0.2357009,0,0,0.4325424,0.1345678,0.08937545,0.985847,-0.05768561,0.1422572,-0.06738726
265656,0.0166664,19.9705164656043,1.084796,0.5173416,-0.2770879,-0.570047,0.2736878,-0.7380186,-0.2355208,0,0,0.4323872,0.134553,0.08900256,0.9858126,-0.05756214,0.1425459,-0.0673858
265656,0.0166668,19.987183265388,1.084867,0.5169111,-0.2768741,-0.5701805,0.2735746,-0.7379239,-0.2356265,0,0,0.432088,0.134796,0.08834149,0.9858018,-0.05751925,0.1425341,-0.06760608
265656,0.0166674,20.0038506649435,1.084981,0.5159723,-0.2764661,-0.5704061,0.2731859,-0.7379035,-0.2355948,0,0,0.4318742,0.1348675,0.08791108,0.985802,-0.0577303,0.1424629,-0.06757205
265656,0.0166668,20.0205174647272,1.084967,0.5153812,-0.2761761,0.5705553,-0.2734269,0.7378095,0.2352484,0,0,0.4314663,0.134981,0.08697231,0.9857963,-0.05804484,0.1422561,-0.06782042
265656,0.0166701,20.0371875651181,1.084927,0.5143093,-0.275686,-0.5709971,0.2737813,-0.7375807,-0.2344806,0,0,0.4311762,0.1349674,0.08638121,0.9857242,-0.05804675,0.1426789,-0.06797881
265656,0.0166642,20.0538517646492,1.084844,0.5138733,-0.2753761,0.571376,-0.273861,0.7373635,0.2341472,0,0,0.4306861,0.1349273,0.08530928,0.9855614,-0.05821027,0.1435187,-0.06843085
265656,0.0166671,20.0705188643187,1.084799,0.5128487,-0.2746352,-0.5717651,0.274223,-0.7372936,-0.2329907,0,0,0.4303762,0.1348436,0.08487327,0.9854698,-0.05850871,0.1439157,-0.06866141
265656,0.0166705,20.0871893651783,1.084823,0.5123315,-0.2742296,0.5718683,-0.2742013,0.7373132,0.2327007,0,0,0.4296353,0.1347991,0.08384861,0.9852734,-0.05846982,0.1448904,-0.06945828
265696,0.0166671,20.1038564648479,1.084862,0.5111666,-0.2731379,-0.5722125,0.2743306,-0.7372652,-0.2318528,0,0,0.4292298,0.1348227,0.08333148,0.9852315,-0.05848614,0.1450405,-0.06972478
265696,0.0166673,20.1205237656832,1.084996,0.5104609,-0.2725394,0.572449,-0.2744749,0.737085,0.231671,0,0,0.428138,0.1348618,0.08216663,0.9850881,-0.05854961,0.1456682,-0.07038651
265696,0.0166678,20.1371915657073,1.085301,0.5089589,-0.2712982,-0.5723442,0.2746796,-0.7371266,-0.2315551,0,0,0.4275395,0.134996,0.08146085,0.9850255,-0.05872946,0.1459874,-0.07045015
265696,0.0166664,20.1538579650223,1.085393,0.5082719,-0.2706614,-0.5723588,0.2748989,-0.7370369,-0.2315447,0,0,0.4262983,0.1353014,0.07995887,0.9850132,-0.05853172,0.1461565,-0.07043697
265696,0.0166681,20.1705260649323,1.085356,0.5071,-0.2694865,0.5719057,-0.2760289,0.7369682,0.2315384,0,0,0.4256614,0.1353934,0.07927187,0.9849936,-0.05850657,0.1463577,-0.07031451
265696,0.0166646,20.1871906649321,1.085227,0.5064829,-0.2689233,0.5716686,-0.2769879,0.7367836,0.2315663,0,0,0.4244866,0.1353562,0.07809998,0.9849707,-0.05778972,0.1471034,-0.06966916
265696,0.0166672,20.2038578651845,1.084978,0.5054623,-0.2679507,0.5715045,-0.2777885,0.7366201,0.2315322,0,0,0.4239234,0.1352265,0.07748289,0.9849327,-0.05736285,0.1477991,-0.06908358
265696,0.0166672,20.220525065437,1.084858,0.5050933,-0.2675408,0.571565,-0.2781105,0.7365196,0.2313157,0,0,0.4229507,0.1349781,0.07646222,0.9848896,-0.0570251,0.1484208,-0.06864362
265696,0.0166676,20.2371926661581,1.08478,0.504494,-0.2669051,-0.5716525,0.2785252,-0.7364415,-0.2308488,0,0,0.4225408,0.1348584,0.07609333,0.9848338,-0.05696056,0.148817,-0.06864098
265696,0.0166671,20.2538597658277,1.084773,0.5042768,-0.2666506,0.571682,-0.2786806,0.736423,0.230647,0,0,0.4219052,0.13478,0.07549395,0.984741,-0.05682036,0.1494074,-0.0688047
265696,0.0166662,20.2705259658396,1.084708,0.5039637,-0.2660041,-0.5717914,0.2786559,-0.7365302,-0.2300632,0,0,0.4216506,0.1347733,0.07527681,0.9847038,-0.05675443,0.1496378,-0.06889008
265696,0.0166667,20.2871926650405,1.084686,0.5039543,-0.2656975,0.5717673,-0.2788008,0.7366115,0.2296867,0,0,0.4210042,0.1347082,0.0749637,0.9846305,-0.05667202,0.1499061,-0.06941998
265696,0.0166675,20.3038601651788,1.084604,0.5040982,-0.2650619,0.571896,-0.2799201,0.7362423,0.2291881,0,0,0.4206976,0.1346863,0.07495423,0.9845836,-0.05648322,0.1501696,-0.06967024
265696,0.0166663,20.3205264657736,1.084578,0.5042555,-0.2647946,-0.5720357,0.2803695,-0.7361501,-0.2285856,0,0,0.420062,0.134604,0.07509811,0.9844238,-0.05625953,0.1514043,-0.06943725
265696,0.0166728,20.3371992651373,1.084438,0.5046932,-0.2642578,-0.5729814,0.2823278,-0.7353107,-0.2264991,0,0,0.4197947,0.1345778,0.07525547,0.9843048,-0.05612523,0.1521064,-0.06969743
265696,0.0166648,20.3538640644401,1.084425,0.5049033,-0.2639928,0.5736935,-0.2829131,0.7350122,0.2249295,0,0,0.4192579,0.1344383,0.0756932,0.9837883,-0.05612568,0.1551265,-0.07032983
265696,0.0166656,20.3705296646804,1.084359,0.5053741,-0.2634957,-0.5747421,0.2839909,-0.7344347,-0.2227702,0,0,0.4189929,0.1344255,0.07590331,0.9834686,-0.05627949,0.1566309,-0.0713364
265696,0.0166665,20.3871961645782,1.084247,0.5055556,-0.2630824,0.5752166,-0.2842644,0.7342591,0.2217736,0,0,0.4184958,0.1343587,0.07637413,0.9829894,-0.05652846,0.1589742,-0.07255085
265756,0.0166726,20.4038687646389,1.083673,0.5058626,-0.2621047,-0.5760785,0.2844646,-0.7339028,-0.2204546,0,0,0.4180824,0.1342474,0.07655562,0.9827865,-0.05667127,0.1598573,-0.07324539
265756,0.0166627,20.4205314647406,1.083302,0.5060196,-0.2615772,-0.5762542,0.2849205,-0.7336242,-0.220334,0,0,0.4171049,0.1336728,0.07686253,0.9824952,-0.05715766,0.1610076,-0.07424803
265756,0.0166655,20.437196964398,1.082552,0.506216,-0.2607913,-0.5761151,0.2852981,-0.7337093,-0.219925,0,0,0.4165773,0.1333018,0.07701959,0.9824159,-0.05724099,0.1615425,-0.07407072
265756,0.0166684,20.4538653641939,1.08225,0.506282,-0.2605636,-0.5758995,0.2852779,-0.7339994,-0.2195483,0,0,0.4157915,0.1325522,0.07721592,0.9823573,-0.05687231,0.1619627,-0.07421412
265756,0.016667,20.4705323632807,1.081677,0.5065365,-0.260319,-0.5756217,0.2854363,-0.734454,-0.2185484,0,0,0.4155637,0.1322504,0.07728197,0.9823483,-0.05649326,0.1619852,-0.07457272
265756,0.0166654,20.4871977623552,1.081403,0.5065402,-0.2600041,-0.5754956,0.2847665,-0.7349906,-0.2179489,0,0,0.4153191,0.131677,0.07753654,0.9822614,-0.0557914,0.1623815,-0.07537986
265756,0.0166675,20.5038652624935,1.080794,0.5066583,-0.2591563,-0.5751866,0.285046,-0.7353871,-0.21706,0,0,0.4150042,0.1314028,0.07754023,0.9822695,-0.05554463,0.161977,-0.07632181
265756,0.0166661,20.5205313619226,1.080498,0.5067003,-0.2586403,-0.5751578,0.285044,-0.7355616,-0.2165471,0,0,0.4141564,0.1307936,0.07765831,0.9821872,-0.05482741,0.1624181,-0.07695835
265756,0.0166711,20.537202462554,1.079873,0.5066484,-0.2574885,-0.5751581,0.2851037,-0.7355578,-0.2164809,0,0,0.4136404,0.1304985,0.07770027,0.9821318,-0.05461282,0.1626084,-0.07741555
265756,0.0166633,20.5538657624274,1.079554,0.5066628,-0.2568788,-0.5752244,0.2850573,-0.7354316,-0.2167943,0,0,0.4124886,0.1298733,0.07764842,0.9821188,-0.05457971,0.162687,-0.07743824
265756,0.0166671,20.570532862097,1.079029,0.5067855,-0.2560394,-0.5751577,0.2846768,-0.7354529,-0.2173981,0,0,0.4118789,0.1295539,0.07766278,0.9821498,-0.05477472,0.1625546,-0.07718494
265756,0.0166668,20.5871996618807,1.078743,0.5068792,-0.2558309,0.574803,-0.2844926,0.7357308,0.2176371,0,0,0.4110394,0.1290289,0.07778551,0.9822627,-0.05497558,0.1619465,-0.07688268
265796,0.016667,20.6038666609675,1.078269,0.5073441,-0.2556435,0.5738386,-0.2843236,0.7365474,0.2176409,0,0,0.410831,0.1287428,0.07787915,0.9823578,-0.05468367,0.1615069,-0.07680131
265796,0.0166669,20.620533561334,1.078002,0.5075847,-0.2555486,-0.5735877,0.2837263,-0.7369303,-0.2177855,0,0,0.4106436,0.128269,0.07834412,0.9825115,-0.05360603,0.1608607,-0.0769522
265796,0.0166671,20.6372006610036,1.077495,0.5077835,-0.2550521,0.5730703,-0.282307,0.7375566,0.218869,0,0,0.4105487,0.1280017,0.07858469,0.9826149,-0.05346942,0.1601549,-0.07719677
265796,0.0166674,20.653868060559,1.077298,0.507691,-0.2547674,0.5725055,-0.2822304,0.7377577,0.219766,0,0,0.4100522,0.1274953,0.07878353,0.9829328,-0.05349948,0.1582211,-0.07711697
265796,0.0166667,20.6705347597599,1.077059,0.5076729,-0.2544115,0.5718054,-0.2820245,0.7383258,0.2199454,0,0,0.4097674,0.1272984,0.07869096,0.9831216,-0.05318395,0.1575018,-0.07639752
265796,0.0166682,20.6872029602528,1.076918,0.5075753,-0.2542067,0.571554,-0.2817045,0.7386496,0.2199217,0,0,0.4094116,0.1270586,0.0786729,0.9832571,-0.05248039,0.1568902,-0.07639904
265796,0.0166655,20.7038684599102,1.076838,0.5071939,-0.2537643,-0.5707149,0.2808864,-0.7395916,-0.2199816,0,0,0.4092068,0.1269184,0.07857521,0.9833156,-0.05223822,0.1564931,-0.07662518
265796,0.0166665,20.720534959808,1.076821,0.5069767,-0.2535752,-0.570551,0.2802865,-0.7400326,-0.2196885,0,0,0.4087643,0.1268376,0.07819392,0.9835049,-0.05143775,0.1553284,-0.07710623
265796,0.0166675,20.7372024599463,1.076903,0.5064492,-0.253216,-0.5701422,0.2793759,-0.7407721,-0.2194171,0,0,0.4085754,0.1268213,0.07797666,0.983542,-0.05124832,0.1548429,-0.07773409
265796,0.0166664,20.7538688592613,1.077011,0.5062187,-0.2530124,0.5701232,-0.2782515,0.7412861,0.2191592,0,0,0.4082161,0.1269031,0.07744916,0.9836386,-0.05084002,0.153954,-0.07854079
265796,0.0166675,20.7705363593996,1.077448,0.5056956,-0.2526612,-0.5697463,0.2771237,-0.7421116,-0.2187744,0,0,0.4080126,0.1270106,0.07721861,0.9836991,-0.05091979,0.1530758,-0.07944296
265796,0.0166673,20.7872036602348,1.077672,0.5055017,-0.2526017,0.5696865,-0.2761434,0.7426035,0.2185004,0,0,0.4076613,0.1274477,0.07669552,0.9837915,-0.05054727,0.1520621,-0.08047684
265796,0.0166664,20.8038700595498,1.078218,0.505159,-0.2528642,0.569218,-0.2749697,0.743625,0.2177263,0,0,0.4076018,0.127672,0.07650174,0.9838412,-0.05055193,0.1512949,-0.08130773
265796,0.0166666,20.8205366600305,1.078522,0.5049979,-0.2531375,0.5687816,-0.2748889,0.7439495,0.2178598,0,0,0.4078643,0.1282178,0.07615896,0.9838991,-0.04994757,0.150353,-0.08271636
265796,0.0166671,20.8372037597001,1.079113,0.5049063,-0.2537407,0.5681574,-0.2744121,0.7446575,0.2176706,0,0,0.4081376,0.128522,0.0759979,0.9839782,-0.04951095,0.1500053,-0.08266777
265796,0.0166667,20.8538704589009,1.079397,0.5049068,-0.2540064,0.5679519,-0.2742946,0.7448779,0.2176012,0,0,0.4087408,0.1291133,0.07590629,0.9840721,-0.04881579,0.1493499,-0.08314966
265796,0.0166669,20.8705373592675,1.079882,0.5047906,-0.254064,-0.5674736,0.2733633,-0.7456205,-0.2174775,0,0,0.4090065,0.1293972,0.07590683,0.984099,-0.04857756,0.1491711,-0.08329102
265796,0.0166679,20.8872052598745,1.080105,0.5046961,-0.253953,-0.5670773,0.2728051,-0.746178,-0.2173001,0,0,0.4090641,0.1298824,0.0757906,0.9842124,-0.0481527,0.1481722,-0.08397771
265856,0.016666,20.9038712605834,1.08055,0.5043734,-0.2538135,0.5660352,-0.2695623,0.7483777,0.2164974,0,0,0.408953,0.1301053,0.07569613,0.9842813,-0.0477372,0.1475592,-0.08448558
265856,0.0166668,20.9205380603671,1.080788,0.5040891,-0.2537943,-0.5654669,0.2682857,-0.7491722,-0.2168209,0,0,0.4088137,0.1305502,0.07537331,0.9845359,-0.04684573,0.144555,-0.0871689
265856,0.0166671,20.9372051600367,1.081273,0.5032361,-0.2538544,0.5647028,-0.2655969,0.7502576,0.2183637,0,0,0.4087943,0.1307877,0.07508899,0.9847283,-0.04654304,0.143034,-0.08766524
265856,0.0166679,20.9538730606437,1.081433,0.5027785,-0.2537554,-0.5644113,0.2645032,-0.7505991,-0.2192694,0,0,0.4088544,0.1312731,0.07423599,0.9851752,-0.04670598,0.1397057,-0.087925
265856,0.0166662,20.9705392606556,1.081969,0.5019282,-0.2537683,0.5641577,-0.2616089,0.7516052,0.2199472,0,0,0.4087555,0.1314328,0.07377852,0.9853843,-0.04689435,0.1382501,-0.08778226
265856,0.016667,20.9872062597424,1.082273,0.5015019,-0.2537938,-0.5641855,0.2606336,-0.7519205,-0.2199562,0,0,0.4087684,0.131969,0.07292821,0.9856622,-0.04737827,0.1353597,-0.0888989
265874,0.0166671,21.003873359412,1.082996,0.5006138,-0.2540865,0.5639064,-0.2591896,0.7525823,0.2201139,0,0,0.4087939,0.1322733,0.07250185,0.985714,-0.04759365,0.1345328,-0.08946333
265874,0.0166664,21.020539758727,1.083374,0.5000778,-0.2542041,-0.5634408,0.2581963,-0.7530866,-0.2207485,0,0,0.4090865,0.1329964,0.0716138,0.9858441,-0.04760176,0.1330875,-0.09018423
265874,0.0166669,21.0372066590935,1.083994,0.4989456,-0.2545026,-0.5630467,0.2578133,-0.7531909,-0.2218431,0,0,0.4092042,0.1333743,0.07107784,0.9860268,-0.04748398,0.1317415,-0.09022589
265874,0.0166665,21.0538731589913,1.084305,0.4984062,-0.2546343,-0.5627774,0.2580076,-0.7530897,-0.2226427,0,0,0.4095027,0.1339942,0.06994559,0.9862217,-0.04749677,0.1307702,-0.08949814
265874,0.016667,21.0705401580781,1.085044,0.4974763,-0.2549052,-0.5627142,0.2577841,-0.752892,-0.2237274,0,0,0.4096344,0.1343046,0.0694062,0.9863366,-0.04743887,0.1304771,-0.08868743
265874,0.0166669,21.0872070584446,1.085441,0.4970539,-0.2550086,-0.5625213,0.2578792,-0.7529016,-0.2240705,0,0,0.4099053,0.1350439,0.06847627,0.9864808,-0.04779452,0.1298157,-0.08785971
265896,0.0166731,21.1038801576942,1.086038,0.4961154,-0.2549901,-0.5622124,0.2577587,-0.753063,-0.2244413,0,0,0.4100087,0.1354414,0.06805389,0.9865379,-0.04768021,0.1296608,-0.08750796
265896,0.0166661,21.1205462571234,1.086278,0.4956735,-0.2550011,0.562071,-0.2575457,0.7531726,0.2246723,0,0,0.4099902,0.1360376,0.06711538,0.9866229,-0.04748508,0.1292507,-0.087263
265896,0.016667,21.1372132562101,1.086913,0.4947977,-0.2555568,0.5613343,-0.2573492,0.7534391,0.2258427,0,0,0.4100012,0.1362777,0.06667347,0.9866768,-0.04744707,0.128903,-0.08718909
265896,0.0166667,21.153879955411,1.087237,0.4944291,-0.255818,-0.5609711,0.2566598,-0.7537426,-0.2265163,0,0,0.4105569,0.1369129,0.0657977,0.9869053,-0.04706723,0.1278881,-0.08629691
265896,0.016667,21.1705469544977,1.08779,0.4936146,-0.2559475,0.5604283,-0.2561154,0.7541022,0.2272775,0,0,0.4108181,0.1372374,0.06542911,0.987058,-0.04702651,0.1268412,-0.08611832
265896,0.0166669,21.1872138548642,1.088111,0.4932794,-0.2560613,0.5599906,-0.2562745,0.7542564,0.2276651,0.00219621299766004,0,0.4109476,0.1377905,0.06461458,0.9872327,-0.04678724,0.1257922,-0.08578381
265896,0.0166675,21.2038813550025,1.088742,0.492422,-0.2562104,-0.5587531,0.258062,-0.7543973,-0.2282188,0.00546257710084319,0,0.4110613,0.1381114,0.06427939,0.9873181,-0.04640108,0.1255502,-0.08536456
265896,0.0166665,21.2205478549004,1.089046,0.4920658,-0.2562438,0.5582694,-0.2589181,0.7543558,0.2285701,0.00939610973000526,0,0.4112105,0.1387423,0.06342201,0.9874299,-0.0448644,0.126231,-0.08387608
265896,0.0166672,21.2372150551528,1.089667,0.4915378,-0.2563927,0.5578912,-0.2602683,0.7540507,0.228966,0.0110205383971334,0,0.411244,0.1390458,0.06306581,0.9874789,-0.0442834,0.1265784,-0.08308144
265896,0.0166669,21.2538819555193,1.089984,0.4913153,-0.2564901,0.5577242,-0.260942,0.7538596,0.2292352,0.0134859289973974,0,0.4113927,0.1396669,0.06253783,0.9874933,-0.04374618,0.1273859,-0.08195213
265896,0.0166673,21.2705492563546,1.090543,0.4911366,-0.2568971,0.5576183,-0.2629,0.7531636,0.2295435,0.0150750409811735,0,0.4114901,0.1399842,0.0623153,0.9875051,-0.0435289,0.1277712,-0.08132375
265896,0.0166668,21.2872160561383,1.090807,0.4911298,-0.2571625,0.557417,-0.2638928,0.7529249,0.2296763,0.0201378483325243,0,0.4118972,0.140543,0.06213654,0.9874417,-0.04315747,0.1292749,-0.07990211
265896,0.0166662,21.3038822561502,1.091204,0.4911898,-0.2577964,-0.5567076,0.2658843,-0.752667,-0.2299451,0.0233655534684658,0,0.4121626,0.140807,0.06212981,0.9874219,-0.04279507,0.1299724,-0.07920745
265896,0.0166673,21.3205495569855,1.091319,0.4912151,-0.2581091,0.5564572,-0.2663038,0.7527022,0.2299503,0.0373234376311302,0,0.4127966,0.1412042,0.0621898,0.9874133,-0.04172587,0.1312162,-0.07782251
265896,0.0166666,21.3372161574662,1.091396,0.4913951,-0.2583932,0.5563158,-0.2654577,0.7533202,0.2292465,0.0430354997515678,0,0.4131091,0.1413189,0.06221504,0.9874165,-0.04136863,0.1314478,-0.07758048
265896,0.0166679,21.3538840580732,1.091547,0.4915159,-0.2585052,0.555862,-0.2644958,0.7542875,0.2282761,0.0563944950699806,0,0.4133933,0.1413959,0.06239505,0.9874066,-0.04111056,0.1309308,-0.07871147
265896,0.0166667,21.370550757274,1.091805,0.4920261,-0.2584975,0.5532128,-0.2628676,0.7583255,0.2231568,0.0667387619614601,0,0.4135054,0.141547,0.06251593,0.9874065,-0.04042692,0.1302635,-0.08015918
265896,0.0166668,21.3872175570577,1.092006,0.4923184,-0.2586728,0.5518454,-0.262571,0.7601522,0.2206627,0.124015219509602,0,0.4134976,0.141805,0.06302603,0.9871994,-0.03592055,0.129585,-0.08576027
265956,0.0166669,21.4038844574243,1.09207,0.4927087,-0.2584849,0.5505481,-0.2612923,0.7624415,0.2175,0.135922059416771,0,0.4136729,0.1420065,0.06331836,0.9870602,-0.03355818,0.1296474,-0.08819143
265956,0.0166668,21.420551257208,1.092214,0.4928977,-0.2583584,0.5492657,-0.2607973,0.7638023,0.2165598,0.161241576075554,0,0.413485,0.1420704,0.06370868,0.9868709,-0.03123081,0.129177,-0.09178142
265956,0.0166686,21.4372198563069,1.092306,0.493449,-0.2579835,-0.5454338,0.2621252,-0.7663324,-0.2157019,0.199808433651924,0.0570120550692081,0.4133584,0.1422136,0.06389774,0.9869035,-0.02955843,0.128488,-0.09294447
265956,0.0166659,21.453885756433,1.092483,0.4937673,-0.2578657,0.5412031,-0.2656026,0.7677631,0.217012,0.265302509069443,0.239203378558159,0.4129836,0.1423061,0.064449,0.987084,-0.02472633,0.1280492,-0.09304486
265956,0.0166661,21.4705518558621,1.09275,0.495216,-0.2571514,-0.5272999,0.2689987,-0.7749693,-0.2213984,0.33046081662178,0.379847466945648,0.4128658,0.1424828,0.06476726,0.9874363,-0.01981843,0.1283806,-0.08997363
265956,0.0166674,21.4872192554176,1.092951,0.4951628,-0.2565374,-0.5205493,0.2652851,-0.7788798,-0.228032,0.627756953239441,0.98471462726593,0.4121515,0.1427498,0.06621595,0.9888434,-0.005328133,0.1225968,-0.08444185
265974,0.0166666,21.5038858558983,1.093551,0.4946291,-0.2554548,0.5094268,-0.2550884,0.7855743,0.241428,0.712947249412537,1,0.4115376,0.1429506,0.06616275,0.9902525,-0.0009399385,0.113393,-0.08087717
265974,0.0166686,21.5205544549972,1.093988,0.4946801,-0.2553979,-0.5066857,0.2505262,-0.7877862,-0.244743,0.878451287746429,1,0.4104549,0.1435507,0.06562911,0.9927446,0.004455775,0.0938264,-0.07506539
265974,0.0166659,21.5372203551233,1.095152,0.4953206,-0.2559374,0.5040007,-0.2442874,0.7903994,0.2481447,0.915867447853088,1,0.4103981,0.143988,0.06568007,0.9933599,0.00533302,0.08727074,-0.07477573
265974,0.0166667,21.5538870543242,1.095286,0.4955395,-0.2560403,-0.5037653,0.2433373,-0.7907447,-0.2484564,0.956438839435577,1,0.4109375,0.1451526,0.06632061,0.9939826,0.005752402,0.07929357,-0.07535358
265974,0.0166675,21.5705545544624,1.095348,0.4960774,-0.2564958,-0.503508,0.2434089,-0.7907149,-0.2490019,0.964507579803467,1,0.4110405,0.1452864,0.06653945,0.9940454,0.005700404,0.07824687,-0.07562249
265974,0.0166667,21.5872212536633,1.095407,0.4962479,-0.2567298,-0.5034988,0.2435784,-0.7905638,-0.2493345,0.980394959449768,1,0.411496,0.1453481,0.06707735,0.9941069,0.00579471,0.07796508,-0.0750955
265996,0.0166678,21.6038890536875,1.095476,0.4966593,-0.2571837,0.5041347,-0.2432598,0.7903866,0.2489222,0.983608424663544,1,0.41173,0.1454073,0.06724788,0.9941365,0.005718205,0.07797192,-0.07470117
265996,0.016671,21.620560053736,1.095516,0.4968604,-0.2574238,0.5049828,-0.2426737,0.7901636,0.2484826,0.991951465606689,1,0.4121838,0.1454762,0.0676593,0.9940826,0.005115777,0.07817439,-0.0752493
265996,0.0166631,21.6372231543064,1.095621,0.4971502,-0.2576997,0.5073252,-0.241257,0.7895211,0.2471291,0.998952150344849,1,0.4124239,0.1455157,0.06786038,0.9940245,0.00423862,0.07826379,-0.07597403
265996,0.0166688,21.653891954571,1.095744,0.4972576,-0.2577581,-0.5082823,0.2409264,-0.7892662,-0.2462977,1,1,0.4126999,0.1456214,0.06815018,0.9938387,0.001904145,0.07874011,-0.07798079
265996,0.0166658,21.6705577541143,1.095939,0.4973813,-0.2577773,0.5099933,-0.2416215,0.7882108,0.2454581,1,1,0.4127582,0.1457444,0.06825764,0.9937258,0.001100451,0.07925758,-0.07890543
265996,0.0166654,21.6872231531888,1.095977,0.4974645,-0.2578075,-0.5113968,0.2420891,-0.7873344,-0.2448892,1,1,0.4127775,0.1459392,0.06838129,0.9935576,-0.000309811,0.08101799,-0.07924218
265996,0.0166675,21.7038906533271,1.09601,0.497671,-0.2577888,-0.5140921,0.2432483,-0.7854531,-0.2441376,1,0.995102405548096,0.4128076,0.1459766,0.06846453,0.9934307,-0.001533203,0.08232798,-0.07946888
265996,0.0166669,21.7205575536937,1.096,0.4977343,-0.2577649,0.5152143,-0.2446826,0.7841878,0.2444062,1,0.968904674053192,0.4127888,0.1460097,0.06867097,0.9932066,-0.003958356,0.0849319,-0.079446
265996,0.0166685,21.7372260540724,1.095923,0.4978572,-0.2576599,-0.5173519,0.2467297,-0.7820057,-0.2448234,1,0.95787912607193,0.4127651,0.1460002,0.06873427,0.993144,-0.004988516,0.08659426,-0.07836851
265996,0.0166665,21.7538925539702,1.095923,0.4979078,-0.2576258,0.5181176,-0.2470341,0.781326,0.2450676,1,0.942632675170898,0.4126599,0.1459234,0.06885721,0.9930224,-0.00706203,0.08921885,-0.07678953
265996,0.0166658,21.7705583535135,1.095965,0.4978164,-0.2575436,-0.5196667,0.2478607,-0.7794878,-0.2468005,1,0.931956768035889,0.4126259,0.1459232,0.06890775,0.9929986,-0.007926735,0.08975657,-0.07638559
265996,0.0166673,21.7872256543487,1.096029,0.4977988,-0.2575524,0.5207233,-0.2482541,0.778372,0.2476982,1,0.925198793411255,0.4125437,0.1459647,0.06881641,0.993064,-0.01008774,0.09053095,-0.07433843
265996,0.0166663,21.8038919549435,1.095904,0.4974586,-0.2573748,-0.5229815,0.2502112,-0.7749503,-0.2516685,1,0.919961392879486,0.4125525,0.1460291,0.06879877,0.993081,-0.01149481,0.09102856,-0.07329236
265996,0.0166669,21.8205588553101,1.095782,0.4972194,-0.2572714,0.5238338,-0.2526887,0.7727997,0.2540224,1,0.898101150989532,0.4123749,0.1459044,0.0684586,0.99326,-0.01504343,0.09223229,-0.06856718
265996,0.0166674,21.8372262548655,1.09552,0.4968609,-0.2572544,-0.5258355,0.2559839,-0.7690095,-0.2580579,1,0.890642166137695,0.4122716,0.1457818,0.06821941,0.9933287,-0.01636533,0.09383518,-0.06500216
265996,0.0166683,21.8538945540786,1.095438,0.4966062,-0.257055,0.526711,-0.2564004,0.7679071,0.2591394,1,0.874236702919006,0.4122545,0.1455205,0.06786089,0.9934118,-0.01943423,0.09604749,-0.0594168
265996,0.0166658,21.8705603536218,1.095412,0.4963362,-0.2569262,-0.5279476,0.2576123,-0.7661207,-0.2607038,1,0.864196062088013,0.4120552,0.1454385,0.06760617,0.9934235,-0.02072507,0.0964114,-0.05818143
265996,0.0166672,21.8872275538743,1.095457,0.4962486,-0.2569939,0.5286476,-0.2587169,0.7650641,0.2612937,1,0.859848201274872,0.4119263,0.145412,0.06733619,0.9934084,-0.02244661,0.09744654,-0.0560364
266056,0.0166668,21.903894353658,1.095464,0.4960908,-0.2572661,-0.5301266,0.2601587,-0.7633687,-0.2618236,1,0.857424557209015,0.411994,0.1454571,0.0672486,0.9933522,-0.02323281,0.0985084,-0.05484239
266056,0.0166697,21.9205640535802,1.095449,0.4960537,-0.2573827,-0.5308767,0.2602851,-0.7628468,-0.2616993,1,0.848942697048187,0.4122662,0.1454635,0.06709076,0.993212,-0.02479765,0.1002716,-0.05348462
266056,0.0166649,21.9372289534658,1.095484,0.4960962,-0.25757,0.5320907,-0.2606349,0.7621759,0.2608389,1,0.846453011035919,0.4123828,0.1454492,0.06705366,0.993138,-0.02555838,0.1008026,-0.05350393
266056,0.0166668,21.9538957532495,1.095494,0.496138,-0.2576642,-0.5325465,0.2607287,-0.7617967,-0.2609227,1,0.845176160335541,0.4125701,0.145484,0.06709616,0.9929566,-0.02651496,0.1020462,-0.05404436
266056,0.0166666,21.9705623537302,1.095521,0.4963202,-0.2577246,0.5336152,-0.260439,0.7609122,0.2616088,1,0.839276194572449,0.4126644,0.1454936,0.067138,0.9929221,-0.02703488,0.1023211,-0.05390182
266056,0.0166666,21.9872289542109,1.095546,0.4965451,-0.2576782,0.5341137,-0.2601648,0.7607623,0.2613,1,0.834223926067352,0.4127247,0.1455212,0.06732024,0.9929043,-0.02853498,0.1023365,-0.05342389
266074,0.0166682,22.0038971547037,1.095419,0.4973684,-0.2574204,0.536026,-0.256303,0.7605726,0.2617527,1,0.835396230220795,0.4126782,0.1455465,0.06754507,0.9928531,-0.02902389,0.1024719,-0.05384997
266074,0.0166656,22.020562754944,1.095202,0.4979649,-0.2571277,0.5370975,-0.253852,0.7604255,0.2623712,1,0.834993362426758,0.4124205,0.1454194,0.06836836,0.9929189,-0.03205113,0.09994062,-0.05564886
266074,0.0166673,22.0372300557792,1.094595,0.4998644,-0.2567877,-0.538611,0.2501426,-0.7593456,-0.2659348,1,0.842626392841339,0.4121278,0.1452022,0.06896488,0.9929884,-0.03394524,0.09813566,-0.05649101
266074,0.0166668,22.0538968555629,1.094286,0.5012047,-0.2565624,-0.5398132,0.2483996,-0.7589368,-0.266298,1,0.845041513442993,0.4117877,0.1445947,0.07086439,0.9932846,-0.03769722,0.09432401,-0.05538576
266074,0.0166676,22.070564456284,1.093103,0.5044787,-0.2557234,0.5413366,-0.2477359,0.756587,0.270477,1,0.854005694389343,0.4115624,0.1442862,0.07220472,0.9932747,-0.03951466,0.09329526,-0.0560343
266074,0.0166652,22.0872296560556,1.092534,0.5063735,-0.2552942,-0.5417035,0.2452423,-0.7566341,-0.2718796,1,0.871194362640381,0.4107235,0.1431032,0.07547869,0.9934548,-0.04294274,0.0918605,-0.05258409
266096,0.0166682,22.1038978565484,1.091061,0.510816,-0.2549047,0.5431728,-0.240919,0.755626,0.275592,1,0.893226563930511,0.4102942,0.1425343,0.07737352,0.9936104,-0.04437885,0.08936876,-0.05274668
266096,0.0166671,22.120564956218,1.090345,0.5132395,-0.2550886,-0.5441946,0.2378417,-0.7555333,-0.2765017,1,0.892914295196533,0.4099049,0.1410614,0.08181597,0.9938609,-0.04830818,0.08497562,-0.05182721
266096,0.0166663,22.1372312568128,1.088211,0.5179452,-0.2547942,0.545251,-0.2285575,0.7565966,0.2793289,1,0.890501618385315,0.4100887,0.1403449,0.0842395,0.9939153,-0.05041876,0.08251489,-0.0527421
266096,0.016667,22.1538982558995,1.087168,0.5201722,-0.2546661,-0.5462261,0.2234218,-0.7568249,-0.2809554,1,0.90232264995575,0.4097943,0.1382108,0.08894517,0.9942129,-0.05458907,0.07405674,-0.05546548
266096,0.0166692,22.1705674566329,1.085145,0.5250386,-0.2547711,0.5491657,-0.2133045,0.7574024,0.2815318,1,0.900104999542236,0.4096662,0.1371685,0.09117211,0.9943,-0.05738383,0.06956255,-0.05688253
266096,0.0166646,22.1872320566326,1.083991,0.5277444,-0.2548925,-0.5503733,0.2078308,-0.7584826,-0.2803571,1,0.89246678352356,0.4097711,0.1351448,0.09603859,0.9941344,-0.06305819,0.06226364,-0.06199782
266096,0.0166671,22.2038991563022,1.081738,0.5324928,-0.2550721,0.5513195,-0.1996189,0.7600635,0.2801836,1,0.887276947498322,0.4098926,0.1339906,0.09874441,0.9939507,-0.0651473,0.05871014,-0.0661138
266096,0.0166665,22.2205656562001,1.080515,0.5347437,-0.2551402,-0.5516549,0.1945889,-0.7613881,-0.2794644,1,0.886820435523987,0.4100721,0.1317378,0.1034928,0.9937918,-0.0679664,0.05234433,-0.07084272
266096,0.0166676,22.2372332569212,1.077441,0.5391372,-0.2552784,0.5515183,-0.1850334,0.7641136,0.2787844,1,0.885151267051697,0.4101403,0.1305152,0.1057437,0.9936463,-0.06920253,0.04856944,-0.07429038
266096,0.0166659,22.2538991570473,1.075912,0.5411026,-0.255255,-0.5507503,0.1823261,-0.7652462,-0.27898,1,0.89096599817276,0.4102785,0.127441,0.1101372,0.9934107,-0.07099543,0.04076325,-0.08020742
266096,0.0166686,22.2705677561462,1.072473,0.5449755,-0.2555552,0.5499063,-0.1779301,0.7675095,0.2772604,1,0.892983734607697,0.4102551,0.1259122,0.1121025,0.9934203,-0.07084776,0.03803854,-0.0815469
266096,0.0166667,22.2872344553471,1.070856,0.5468893,-0.2560264,-0.5502895,0.177383,-0.7677469,-0.2761913,1,0.890468180179596,0.4105552,0.1224733,0.1159755,0.9932486,-0.07028391,0.0346147,-0.08555265
266096,0.0166659,22.3039003554732,1.067047,0.5502092,-0.2569271,0.5498292,-0.1729266,0.7690259,0.2763761,1,0.893843829631805,0.4110265,0.1208559,0.1178893,0.9931235,-0.07043168,0.03476749,-0.08681149
266096,0.0166667,22.320567054674,1.065065,0.5516776,-0.2571776,-0.549304,0.1712347,-0.7696338,-0.276781,0.98945015668869,0.92177802324295,0.4119272,0.1170474,0.1212092,0.9930089,-0.07106224,0.03075276,-0.08909454
266096,0.0166684,22.3372354544699,1.061239,0.5549532,-0.2574665,0.546286,-0.1654236,0.7728819,0.277237,0.985964238643646,0.926495969295502,0.4121777,0.1150649,0.1226776,0.9930139,-0.07104243,0.02892375,-0.0896657
266096,0.0166655,22.3539009541273,1.0593,0.5565198,-0.2574986,-0.5449257,0.1626099,-0.7745337,-0.2769691,0.981605708599091,0.929866015911102,0.4124666,0.1112395,0.1259532,0.9930471,-0.06927849,0.02240519,-0.09249976
266096,0.0166678,22.3705687541515,1.055297,0.5594373,-0.2574538,0.5424262,-0.1564051,0.7782982,0.2748875,0.98853588104248,0.927498340606689,0.4124987,0.1093004,0.1275197,0.9930023,-0.0683606,0.01949544,-0.0943042
266096,0.0166672,22.3872359544039,1.053178,0.5605909,-0.2575873,-0.5413572,0.1530169,-0.7799171,-0.2743129,0.994845449924469,0.919150650501251,0.4124539,0.1052967,0.1304373,0.9927152,-0.06634845,0.01392295,-0.09960213
266156,0.0166665,22.4039024543017,1.048888,0.5631335,-0.2583861,0.5390674,-0.1449641,0.7832602,0.27367,0.998076617717743,0.91349059343338,0.4125873,0.1031783,0.1315909,0.9925498,-0.06580732,0.01081482,-0.1019671
266156,0.0166659,22.4205683544278,1.046652,0.5643169,-0.2588051,-0.5374196,0.1414142,-0.7850994,-0.2734983,1,0.909934461116791,0.4133862,0.09888774,0.1341335,0.9921301,-0.06511059,0.003286363,-0.1069006
266156,0.0166674,22.4372357539833,1.042583,0.5663345,-0.2598112,0.5349755,-0.1346343,0.7875901,0.2745484,1,0.910679996013641,0.4138052,0.09665209,0.1353169,0.9919717,-0.06415647,-0.0003857807,-0.1089767
266156,0.0166668,22.453902553767,1.040332,0.5673831,-0.2603545,-0.5342446,0.1314735,-0.7888996,-0.2737427,1,0.919970512390137,0.4148113,0.09258324,0.1373345,0.9916764,-0.06366166,-0.007577309,-0.1116593
266156,0.0166669,22.4705694541335,1.036198,0.5694339,-0.2616098,0.5332373,-0.1243618,0.7913362,0.271991,1,0.919393956661224,0.4153545,0.09033209,0.138383,0.9913956,-0.06340101,-0.01021475,-0.1140647
266156,0.0166672,22.4872366543859,1.033927,0.5702907,-0.261979,-0.5330403,0.1194746,-0.7928348,-0.2701978,0.999287009239197,0.926740288734436,0.4166098,0.08619779,0.1404339,0.9906839,-0.06356528,-0.01584543,-0.1193898
266174,0.0166677,22.5039043538272,1.02933,0.5719681,-0.2628224,0.5325897,-0.1094839,0.7957921,0.2666016,1,0.914386630058289,0.4169791,0.08392745,0.1412907,0.9900835,-0.06402055,-0.01922923,-0.1235573
266174,0.0166658,22.5205701533705,1.026974,0.5727201,-0.2631698,-0.532312,0.1031398,-0.7976728,-0.2640537,1,0.911211371421814,0.4178225,0.07932991,0.1429681,0.9887747,-0.06497849,-0.02617257,-0.1319748
266174,0.0166682,22.5372383538634,1.022713,0.5741513,-0.2642986,0.5321189,-0.09499739,0.7994292,0.2621792,1,0.911750435829163,0.4181699,0.07697445,0.14372,0.9878579,-0.06553483,-0.03045569,-0.1375298
266174,0.016666,22.5539043545723,1.020498,0.5748013,-0.2648318,-0.5321085,0.09279068,-0.8000028,-0.2612396,1,0.919423639774323,0.4192987,0.07271308,0.1451513,0.9867277,-0.06698652,-0.03640612,-0.143373
266174,0.0166679,22.5705722551793,1.015978,0.5760753,-0.2656323,0.5311805,-0.087558,0.8020535,0.258633,1,0.931597173213959,0.4198318,0.07049769,0.1458013,0.9863674,-0.06727371,-0.03782357,-0.1453377
266174,0.0166665,22.5872387550771,1.013624,0.5765151,-0.265807,-0.529889,0.08486116,-0.8034288,-0.2579122,1,0.93415755033493,0.4206324,0.06597811,0.1470753,0.9855004,-0.06684206,-0.04147151,-0.1503373
266196,0.0166671,22.6039058547467,1.008636,0.5777612,-0.2662207,-0.5273076,0.07922581,-0.8068135,-0.2544052,0.998172700405121,0.948770940303802,0.4208072,0.06362396,0.1475151,0.985139,-0.06596847,-0.04399424,-0.1523608
266196,0.0166657,22.6205715555698,1.00625,0.5786288,-0.2664014,-0.5263138,0.07574506,-0.8089023,-0.2508656,0.993461906909943,0.963423848152161,0.4212207,0.05863553,0.1487612,0.984144,-0.0635629,-0.04840049,-0.1583594
266196,0.0166679,22.6372394561768,1.001523,0.5800074,-0.2668496,-0.5252917,0.07042213,-0.8118464,-0.2449792,0.989137887954712,0.973401963710785,0.4214014,0.05625015,0.1496288,0.9833314,-0.06225085,-0.05027085,-0.1632701
266196,0.0166666,22.6539060566574,0.9990629,0.5805788,-0.2671643,-0.5246607,0.06862588,-0.8134586,-0.2414683,0.978522539138794,0.967909216880798,0.4218498,0.05152267,0.1510074,0.9819607,-0.06064841,-0.05268276,-0.1711715
266196,0.0166667,22.6705727558583,0.9944438,0.5811521,-0.2678455,-0.5215329,0.06368497,-0.8175948,-0.2355557,0.976521134376526,0.962345719337463,0.4221644,0.04906291,0.1515788,0.981319,-0.05926414,-0.05301748,-0.1751852
266196,0.0166671,22.6872398555279,0.9922101,0.5815299,-0.2684057,-0.5197423,0.06066735,-0.8199221,-0.2321968,0.971915304660797,0.957467496395111,0.4228455,0.04444385,0.1521521,0.9799717,-0.05531653,-0.05610801,-0.1828867
266196,0.0166695,22.7039093561471,0.9877658,0.5819419,-0.2689174,-0.5145117,0.05562136,-0.8252848,-0.2260288,0.964956045150757,0.953945279121399,0.4234058,0.04221016,0.1525299,0.9791365,-0.05314679,-0.05802875,-0.1873495
266196,0.0166648,22.7205741554499,0.9856983,0.5819173,-0.2691268,-0.5125381,0.05309805,-0.8272734,-0.2238394,0.958208441734314,0.94504302740097,0.4239176,0.0377658,0.1529418,0.9776555,-0.04695986,-0.06207881,-0.1952708
266196,0.0166669,22.7372410558164,0.9815742,0.5817142,-0.2695313,0.508223,-0.04680695,0.8308601,0.2217883,0.944493472576141,0.933807909488678,0.4241269,0.03569829,0.1529173,0.9769831,-0.04488665,-0.06414913,-0.1984291
266196,0.0166669,22.753907956183,0.9794993,0.5816809,-0.269823,0.5062827,-0.04484451,0.8325153,0.2204209,0.944547653198242,0.911919772624969,0.4245314,0.03157419,0.1527141,0.9756998,-0.04157183,-0.07039601,-0.2032882
266196,0.0166669,22.7705748565495,0.9752987,0.5820438,-0.2707633,0.5022533,-0.0391102,0.8360648,0.2172736,0.94414085149765,0.902011573314667,0.424823,0.02949935,0.1526809,0.9751889,-0.03966387,-0.07232733,-0.2054316
266196,0.0166664,22.7872412558645,0.9733436,0.5824165,-0.2713073,0.4995599,-0.03554368,0.8383297,0.2153602,0.950865030288696,0.90323942899704,0.4257634,0.02529871,0.1530438,0.9737498,-0.0361592,-0.07751822,-0.2109382
266196,0.016667,22.8039082549512,0.9694421,0.5828372,-0.2721264,0.4936358,-0.02849136,0.8432279,0.2109,0.952001690864563,0.905688762664795,0.4263075,0.02334356,0.1534165,0.9728272,-0.03381545,-0.08084485,-0.2143078
266196,0.0166687,22.820576954633,0.9675633,0.582836,-0.2726043,0.4927988,-0.02759959,0.8444905,0.2079024,0.947059690952301,0.91676127910614,0.4271266,0.01944208,0.1538372,0.970817,-0.02836963,-0.08740546,-0.2215173
266196,0.0166664,22.837243353948,0.9638579,0.5825108,-0.2731675,0.4918854,-0.03023206,0.846338,0.2021058,0.940790593624115,0.916975080966949,0.4276044,0.01756334,0.153836,0.9701798,-0.02678418,-0.08726741,-0.2245401
266196,0.0166656,22.8539089541882,0.9620191,0.5821668,-0.2734743,-0.4916067,0.0310743,-0.8467839,-0.2007847,0.931429207324982,0.917559504508972,0.4281676,0.01385796,0.1535108,0.9697559,-0.02303391,-0.0832134,-0.2282949
266196,0.0166672,22.8705761544406,0.9581252,0.5812294,-0.2740226,-0.4903467,0.02766018,-0.8483705,-0.1976429,0.931042373180389,0.922485649585724,0.4284744,0.0120191,0.1531668,0.9696982,-0.0220281,-0.08212954,-0.2290308
266196,0.016667,22.8872431535274,0.9560847,0.5808824,-0.2744994,-0.4898871,0.0254176,-0.8495041,-0.194184,0.950400531291962,0.917138397693634,0.4290227,0.008125186,0.1522294,0.9685203,-0.02080519,-0.08411741,-0.2333664
266256,0.0166669,22.9039100538939,0.9523808,0.5797812,-0.2753761,-0.4871674,0.02024819,-0.8527326,-0.1873637,0.952030658721924,0.920370697975159,0.4294995,0.00608474,0.1518824,0.9675054,-0.01994522,-0.08466291,-0.2374188
266256,0.0166678,22.9205778539181,0.9507537,0.5789785,-0.2755601,-0.4842665,0.01879677,-0.8548207,-0.185511,0.956364989280701,0.915781021118164,0.4303762,0.002380848,0.1507812,0.9652726,-0.01662439,-0.08716957,-0.2457111
266256,0.0166663,22.9372441545129,0.9473966,0.5778872,-0.2762266,-0.4808383,0.01359722,-0.8577344,-0.1813871,0.9600430727005,0.932597637176514,0.4305603,0.0007537007,0.1499785,0.964594,-0.01347871,-0.08890142,-0.2479382
266256,0.0166663,22.9539104551077,0.9454877,0.5775155,-0.276723,-0.479275,0.007654324,-0.8595538,-0.1772124,0.967970013618469,0.921954214572906,0.4312267,-0.002603352,0.1488872,0.9627142,-0.01034469,-0.09287015,-0.2538692
266256,0.0166672,22.9705776553601,0.9422152,0.5761164,-0.2775918,-0.4735827,0.002915591,-0.8633474,-0.1741906,0.967076778411865,0.924273729324341,0.4317232,-0.00451231,0.1485155,0.9606699,-0.00943055,-0.09651219,-0.2602112
266256,0.0166667,22.987244354561,0.940226,0.5753263,-0.2781266,-0.471774,0.001214981,-0.8649431,-0.1711766,0.962387204170227,0.953666090965271,0.4325919,-0.007784784,0.1471164,0.9589039,-0.004190175,-0.1016126,-0.2648787
266274,0.016667,23.0039113536477,0.9371877,0.5741764,-0.2790507,-0.4703939,-0.001024514,-0.8663781,-0.1676832,0.964047312736511,0.952464699745178,0.4331267,-0.009774029,0.1463263,0.9578924,-0.001965221,-0.1025105,-0.2681975
266274,0.0166672,23.0205785539001,0.9352166,0.5736446,-0.2796102,-0.4688702,-0.002121821,-0.8673551,-0.1668872,0.959076583385468,0.962017476558685,0.4340509,-0.01281232,0.1451764,0.956672,-0.0002346979,-0.1034228,-0.2721808
266274,0.0166669,23.0372454542667,0.9312811,0.5730171,-0.2808735,-0.4669348,-0.00208734,-0.8688928,-0.1642947,0.96280300617218,0.972831130027771,0.4346103,-0.01478338,0.1446446,0.9562108,0.001206754,-0.1046516,-0.2733268
266274,0.0166664,23.0539118535817,0.9290993,0.5727305,-0.2813853,-0.4659522,-0.004110008,-0.8700698,-0.1607802,0.976648509502411,0.979986608028412,0.4358737,-0.0187189,0.1440171,0.9556172,0.004015514,-0.1044187,-0.2754568
266274,0.0166674,23.0705792531371,0.9256463,0.5724074,-0.2831771,-0.4639634,-0.004018813,-0.8716878,-0.1577418,0.976264834403992,0.978333711624146,0.4363855,-0.02090073,0.1437305,0.95442,0.005393978,-0.1049571,-0.2793516
266274,0.016667,23.0872462522238,0.9238713,0.5724174,-0.2842444,-0.462635,-0.004277065,-0.8725591,-0.1568163,0.987968981266022,0.975902736186981,0.4381772,-0.02435368,0.1434074,0.9537215,0.008398449,-0.1045073,-0.2818207
266296,0.0166667,23.1039129514247,0.920458,0.5723111,-0.2857651,-0.460685,-0.005544767,-0.8741449,-0.1536536,0.986279308795929,0.980077564716339,0.4392446,-0.02612871,0.1434174,0.9534056,0.009957226,-0.1049276,-0.2826815
266296,0.0166668,23.1205797512084,0.9188861,0.5720898,-0.2862698,-0.4604923,-0.005263537,-0.8744738,-0.1523653,0.968556523323059,0.988658547401428,0.4407652,-0.02954203,0.143311,0.9523625,0.01247085,-0.1054638,-0.2858804
266296,0.0166675,23.1372472513467,0.9156885,0.5713561,-0.2873483,0.4593246,0.003949001,0.8753229,0.1510474,0.966522932052612,0.987257540225983,0.4412699,-0.03111392,0.1430898,0.9521431,0.01315247,-0.1047795,-0.2868308
266296,0.0166663,23.1539135519415,0.9139538,0.5710323,-0.2880152,-0.4587878,-0.003314167,-0.8757666,-0.1501196,0.97378534078598,0.975375950336456,0.4423484,-0.03431147,0.1423561,0.9520894,0.01520659,-0.1037235,-0.2872909
266296,0.0166673,23.1705808527768,0.910685,0.5707281,-0.2894184,-0.4581792,-0.002438143,-0.8765751,-0.1472484,0.978466391563416,0.973597168922424,0.4430154,-0.03604621,0.1420323,0.9520011,0.01625625,-0.1030752,-0.2877589
266296,0.0166664,23.1872472520918,0.9093503,0.5705074,-0.2900883,0.4572511,0.00174877,0.8770851,0.1471062,0.98440009355545,0.963038444519043,0.4444185,-0.03931499,0.1417281,0.9515419,0.0180376,-0.1014336,-0.2897479
266296,0.0166678,23.2039150521159,0.9061458,0.5697322,-0.2914158,0.4570042,-0.007630363,0.8777043,0.1439594,0.98440009355545,0.963038444519043,0.4450884,-0.04064965,0.1415074,0.9516076,0.01927354,-0.1012602,-0.2895133
266296,0.0166669,23.2205819524825,0.9046196,0.5695122,-0.2920009,0.4563854,-0.004596323,0.8784149,0.1416995,0.98550271987915,0.97208833694458,0.446416,-0.04385424,0.1407322,0.9529159,0.0236983,-0.09266146,-0.2877561
266296,0.0166677,23.2372496519238,0.9017258,0.5691289,-0.2932928,0.4555619,-0.0028065,0.8792202,0.1393825,0.982726812362671,0.967845976352692,0.447001,-0.04538041,0.1405122,0.9517404,0.02395029,-0.09435107,-0.2910576
266296,0.016667,23.2539166510105,0.9002725,0.5688726,-0.2938709,0.4555233,-0.002150476,0.8795009,0.1377393,0.976656794548035,0.981109738349915,0.4482929,-0.04827422,0.1401289,0.9507931,0.02485188,-0.09513099,-0.2938109
266296,0.0166658,23.2705824505538,0.8975543,0.5680943,-0.2950506,-0.4547992,0.004581526,-0.8800811,-0.1363607,0.968642115592957,1,0.4488711,-0.0497275,0.1398726,0.9502818,0.02514138,-0.09495107,-0.2954941
266296,0.0166663,23.2872487511486,0.8962263,0.567739,-0.2957237,-0.4547631,0.006013453,-0.8802539,-0.135305,0.964567244052887,1,0.4500508,-0.05244571,0.1390942,0.9504454,0.02712353,-0.09277955,-0.2954825
266296,0.0166673,23.3039160519838,0.8934505,0.5669669,-0.2966999,0.4545549,-0.006879583,0.8805818,0.1338215,0.959003984928131,1,0.4507238,-0.0537737,0.138739,0.9505073,0.02795908,-0.09121431,-0.2956925
266296,0.0166668,23.3205828517675,0.8921452,0.5665859,-0.2971657,-0.4542379,0.007113516,-0.880772,-0.1336347,0.947252929210663,1,0.4517,-0.05654949,0.1379669,0.950339,0.02889794,-0.08998577,-0.2965187
266296,0.0166671,23.3372499514371,0.889601,0.5658076,-0.2985345,-0.4536721,0.007989481,-0.8809652,-0.1342322,0.944815278053284,1,0.4521658,-0.05785483,0.1375859,0.9503255,0.02935707,-0.08986654,-0.2965531
266296,0.0166674,23.3539173509926,0.888496,0.5653449,-0.2992092,-0.4532938,0.01116581,-0.8809813,-0.1351748,0.931317329406738,1,0.4535346,-0.060399,0.1368076,0.9506099,0.03006559,-0.08969815,-0.2956201
266296,0.0166667,23.3705840501934,0.886699,0.5642732,-0.3006568,-0.4543731,0.03197004,-0.8795562,-0.1374913,0.921196341514587,1,0.4542094,-0.06150395,0.1363449,0.9514616,0.03126929,-0.08778537,-0.2933205
266296,0.0166667,23.3872507493943,0.8858916,0.5634211,-0.3007701,0.4533412,-0.03419434,0.8802457,0.1359409,0.896211087703705,1,0.4556569,-0.06330103,0.1352732,0.956163,0.03648681,-0.07188583,-0.2815198
266356,0.0166679,23.4039186500013,0.8832856,0.5627149,-0.3007123,0.448171,-0.02986826,0.8848614,0.1235764,0.861518204212189,0.995300352573395,0.4557702,-0.06410843,0.1344211,0.956164,0.03872656,-0.06992666,-0.2817107
266356,0.0166659,23.4205845501274,0.8822889,0.5623178,-0.3013531,-0.4487555,0.02948624,-0.8858081,-0.1144257,0.647489786148071,0.521027863025665,0.4557125,-0.06671435,0.1337149,0.9521281,0.04611009,-0.0703335,-0.2939034
266356,0.0166668,23.4372513499111,0.8813261,0.5610311,-0.3027717,0.4448311,-0.03763293,0.8878661,0.1113683,0.564516603946686,0.378394573926926,0.4563532,-0.06771106,0.1333178,0.9498796,0.04794485,-0.06635739,-0.3017065
266356,0.0166724,23.4539237506688,0.8806709,0.5607015,-0.3033668,0.4460932,-0.03986649,0.8876175,0.1074558,0.362918257713318,0.0749171227216721,0.4577718,-0.06867391,0.1320311,0.9503602,0.05547548,-0.06035607,-0.3001587
266356,0.016662,23.4705857504159,0.8803703,0.5596447,-0.3049855,0.4480053,-0.04841152,0.887145,0.09960674,0.295181155204773,0,0.4583669,-0.06932908,0.1317015,0.9498795,0.05599467,-0.05628489,-0.3023668
266356,0.0166681,23.4872538503259,0.8804708,0.558977,-0.3055716,0.4489413,-0.05491081,0.886728,0.09565641,0.140213623642921,0,0.4599856,-0.06962973,0.1306447,0.9495265,0.0589467,-0.04515468,-0.3047717
266374,0.0166657,23.503919551149,0.8810426,0.5578871,-0.3064383,0.4498297,-0.07130864,0.8862461,0.08447601,0.0694590508937836,0,0.4605717,-0.06952924,0.129977,0.9496726,0.06113363,-0.03780086,-0.3048864
266374,0.0166676,23.5205871518701,0.8813709,0.5571961,-0.3067639,-0.4485487,0.08058268,-0.8864298,-0.08094832,0,0,0.4614384,-0.06895739,0.1288871,0.9493777,0.06833464,-0.01931524,-0.3060055
266374,0.0166668,23.5372539516538,0.8823102,0.556127,-0.3075235,0.4443076,-0.09516311,0.8874307,0.07747012,0,0,0.4617641,-0.06862909,0.128196,0.9497063,0.073412,-0.01088593,-0.3042205
266374,0.0166672,23.5539211519063,0.8827214,0.5561759,-0.3083148,0.4438725,-0.1041553,0.886678,0.07701296,0,0,0.4625236,-0.06768984,0.1271269,0.9504585,0.08302391,0.0004713957,-0.2995589
266374,0.0166674,23.5705885514617,0.8838352,0.5555906,-0.3091978,0.4441576,-0.1176874,0.8848898,0.07644468,0,0,0.463315,-0.06727856,0.1271759,0.9514552,0.08623761,0.007741574,-0.2953579
266374,0.0166658,23.587254351005,0.8844106,0.5551409,-0.3092799,0.4451913,-0.1219084,0.8838512,0.0758305,0,0,0.4641979,-0.06616479,0.1265906,0.9529223,0.09000494,0.01909509,-0.288918
266396,0.0166669,23.6039212513715,0.885956,0.5541129,-0.3095906,-0.4453684,0.1292808,-0.8823482,-0.07996994,0,0,0.46428,-0.06558937,0.1261408,0.953293,0.09030987,0.0232733,-0.2872891
266396,0.0166669,23.620588151738,0.8867222,0.5538408,-0.3096642,0.4453241,-0.1312962,0.8819541,0.08126949,0,0,0.4645907,-0.06404394,0.1251129,0.9552346,0.09113406,0.02750137,-0.2801161
266396,0.0166909,23.6372790522873,0.8885839,0.5532407,-0.309678,-0.4448523,0.1357477,-0.8813192,-0.08339979,0,0,0.4646643,-0.06327778,0.1248408,0.9557937,0.0914035,0.02854276,-0.2780094
266396,0.0166654,23.6539444513619,0.8894798,0.5529343,-0.3096503,-0.4447947,0.1367386,-0.8811396,-0.08398405,0,0,0.4646782,-0.06141609,0.1242406,0.9567808,0.09256194,0.03100795,-0.2739368
266396,0.0166676,23.670612052083,0.8911117,0.5522453,-0.3095897,0.4448845,-0.1373927,0.8808914,0.0850386,0,0,0.4646505,-0.06052023,0.1239342,0.957031,0.09274104,0.03153008,-0.2729409
266396,0.0166666,23.6872786525637,0.8917786,0.5518684,-0.3094198,0.4453984,-0.1368565,0.8807336,0.08484708,0,0,0.4645898,-0.05888826,0.1232453,0.9573867,0.09255346,0.03163455,-0.2717423
266396,0.0166689,23.7039475534111,0.8934472,0.5509475,-0.3091763,0.4468279,-0.1340696,0.8804077,0.08516173,0,0,0.46442,-0.0582214,0.1228684,0.9573206,0.09193213,0.03151686,-0.2721994
266396,0.0166653,23.7206128537655,0.8942781,0.5504111,-0.309076,-0.4470528,0.1318706,-0.8805863,-0.08556783,0,0,0.4641764,-0.05655283,0.1219475,0.9572389,0.08962315,0.02975395,-0.2734521
266396,0.0166662,23.7372790537775,0.8958987,0.5493102,-0.3087341,0.4474403,-0.1279906,0.8808933,0.08627098,0,0,0.4640761,-0.05572194,0.1214111,0.9571486,0.08867804,0.02788085,-0.2742727
266396,0.016667,23.7539460528642,0.8967052,0.5486106,-0.3085282,0.4477312,-0.126513,0.880926,0.08660819,0,0,0.4637343,-0.05410129,0.1203102,0.9569739,0.087017,0.02458066,-0.2757261
266396,0.016667,23.7706130519509,0.8980685,0.5472114,-0.3082777,0.4488821,-0.1247159,0.8805797,0.08677757,0,0,0.4635283,-0.05329484,0.1196106,0.9569324,0.08621772,0.02335949,-0.276227
266396,0.0171821,23.7877951525152,0.8985122,0.5466481,-0.308166,0.4493277,-0.1238609,0.8804299,0.08721549,0,0,0.4632778,-0.05193144,0.1182114,0.9568686,0.08449291,0.02234752,-0.2770634
266396,0.0166688,23.8044639527798,0.8994714,0.5453871,-0.3077663,-0.4497005,0.1252099,-0.8798655,-0.08904339,0,0,0.463166,-0.05148774,0.1176481,0.9569264,0.08368167,0.02166038,-0.2771644
266396,0.016666,23.8211299534887,0.8999259,0.5448415,-0.3077029,-0.4496522,0.1254106,-0.879776,-0.08988444,0,0,0.4627663,-0.05052859,0.116387,0.9575862,0.0831987,0.02211469,-0.2749865
266396,0.0166675,23.837797453627,0.9004368,0.5439689,-0.3077355,0.4496731,-0.1247234,0.879788,0.09061597,0,0,0.462703,-0.05007404,0.1158415,0.9578294,0.08308213,0.02188134,-0.2741922
266396,0.0166664,23.854463852942,0.9006036,0.5436362,-0.3078879,-0.4496,0.1244013,-0.8798401,-0.09091549,0,0,0.4627356,-0.04956323,0.1149689,0.957954,0.0826741,0.0210057,-0.273949
266396,0.0166675,23.8711313530803,0.9009137,0.5429889,-0.3080642,0.4498194,-0.1247354,0.8796157,0.09154207,0,0,0.462888,-0.04939646,0.1146362,0.9579948,0.08257884,0.02057664,-0.2738672
266396,0.016668,23.8877993524075,0.9010518,0.542732,-0.3079884,-0.4498635,0.1259766,-0.8793014,-0.0926386,0,0,0.4630643,-0.04908639,0.1139889,0.9582118,0.08228239,0.02067045,-0.2731897
266456,0.0166668,23.9044661521912,0.9012191,0.5423102,-0.3075683,0.4501829,-0.1266713,0.8789542,0.09343103,0,0,0.4629886,-0.04894823,0.113732,0.9586363,0.08229468,0.02121367,-0.2716508
266456,0.0166662,23.9211323522031,0.9011618,0.5421313,-0.3074015,0.4502814,-0.1272708,0.8787971,0.09361938,0,0,0.4625685,-0.04878086,0.1133102,0.9589395,0.08195192,0.02157379,-0.2706538
266456,0.0166678,23.9378001522273,0.900878,0.5416832,-0.3071855,0.4502898,-0.1281516,0.8787348,0.09295927,0,0,0.4624017,-0.0488382,0.1131313,0.9590579,0.0819689,0.02202368,-0.2701928
266456,0.0166694,23.9544695522636,0.900658,0.5415361,-0.3071125,-0.4506828,0.1279988,-0.8786677,-0.09189478,0,0,0.4621856,-0.04912204,0.1126832,0.9589745,0.08238231,0.02303868,-0.2702784
266456,0.0166644,23.9711339529604,0.9004722,0.5414033,-0.3072568,0.4517407,-0.1273954,0.8784546,0.08954632,0,0,0.4621126,-0.04934198,0.1125361,0.9587024,0.0822207,0.02356764,-0.2712456
266456,0.016667,23.9878009520471,0.9005437,0.5414796,-0.3072246,-0.4515229,0.1265892,-0.8786797,-0.08957894,0,0,0.4622568,-0.04952782,0.1124033,0.9580829,0.08159146,0.02460659,-0.2735226
266474,0.0166701,24.004471052438,0.9008281,0.5417451,-0.307241,-0.451461,0.1262264,-0.8787754,-0.08946398,0,0,0.4622247,-0.0494563,0.1124796,0.9579942,0.08158008,0.02383529,-0.2739049
266474,0.0166639,24.0211349520832,0.9010226,0.5418775,-0.3071962,0.4512468,-0.126548,0.8788371,0.08948437,0,0,0.4622412,-0.04917198,0.1127451,0.9579216,0.08157206,0.02356253,-0.2741844
266474,0.0166671,24.0378020517528,0.9014314,0.5420016,-0.3070987,-0.4502183,0.1299829,-0.8788515,-0.08959946,0,0,0.4621964,-0.04897743,0.1128775,0.9579466,0.08187604,0.02371717,-0.2739931
266474,0.016667,24.0544690508395,0.9014915,0.5420302,-0.3069913,0.4495643,-0.1311264,0.8790216,0.08954818,0,0,0.4620988,-0.04856855,0.1130016,0.9582614,0.08385747,0.02599366,-0.2720796
266474,0.0166669,24.0711359512061,0.9014422,0.5422354,-0.3068503,-0.4484088,0.132605,-0.8793094,-0.09033668,0,0,0.4619914,-0.04850847,0.1130301,0.958319,0.08485792,0.02664928,-0.2715026
266474,0.0166669,24.0878028515726,0.9016598,0.5425287,-0.3065725,-0.4483469,0.1340429,-0.8789055,-0.09242754,0,0,0.4618503,-0.04855782,0.1132354,0.9585987,0.08624078,0.02697508,-0.2700434
266496,0.0166694,24.104472251609,0.9022987,0.5434451,-0.3053342,0.4496098,-0.1335622,0.8781294,0.09434589,0,0,0.4615726,-0.04834014,0.1135287,0.9592918,0.08614721,0.02719027,-0.2675795
266496,0.016665,24.1211372520775,0.9029358,0.5437814,-0.3044639,-0.4498661,0.130349,-0.8785167,-0.09401096,0,0,0.4603344,-0.0477013,0.1144451,0.9598366,0.08421228,0.02652413,-0.2663052
266496,0.0166667,24.1378039512783,0.9055623,0.5441796,-0.3037533,0.4496742,-0.1225058,0.8795222,0.09605292,0,0,0.459464,-0.04706424,0.1147814,0.9594473,0.08314823,0.02416854,-0.2682597
266496,0.0166667,24.1544706504792,0.9072844,0.5445144,-0.303467,-0.4499998,0.1216262,-0.8792703,-0.09793387,0,0,0.4587534,-0.04443765,0.1151796,0.9591554,0.08059996,0.01678503,-0.2706341
266496,0.0166669,24.1711375508457,0.9106421,0.5448782,-0.3021306,-0.4516677,0.1161775,-0.8789186,-0.1000068,0,0,0.4584671,-0.04271561,0.1155144,0.9595734,0.07951378,0.01538445,-0.2695547
266496,0.0166673,24.187804851681,0.9132605,0.5444461,-0.3012475,0.4523524,-0.1088545,0.8792011,0.1026331,0,0,0.4571307,-0.0393579,0.1158782,0.9596173,0.07569976,0.01080287,-0.2707167
266496,0.0166813,24.2044861521572,0.9195783,0.5435793,-0.2999936,-0.4518428,0.1030652,-0.8790103,-0.1120562,0,0,0.4562476,-0.03673947,0.1154461,0.9594847,0.07218093,0.004015001,-0.2723288
266496,0.0166658,24.2211519517004,0.9231383,0.543691,-0.299817,0.4525146,-0.1022252,0.8784186,0.1147243,0,0,0.4549937,-0.03042167,0.1145793,0.9611178,0.06843684,-0.005060787,-0.267476
266496,0.0166663,24.2378182522953,0.9304044,0.5436902,-0.2987324,-0.456603,0.1049881,-0.875524,-0.1181064,0,0,0.4548172,-0.02686173,0.114691,0.9617136,0.06676374,-0.006604309,-0.2657182
266496,0.0166667,24.2544849514961,0.9343499,0.5436504,-0.2981202,0.4572468,-0.10652,0.8746147,0.1209472,0,0,0.4537326,-0.01959556,0.1146902,0.9631312,0.0624353,-0.003972472,-0.261657
266496,0.016667,24.2711519505829,0.9420527,0.5434455,-0.2974066,-0.459966,0.1107735,-0.8720006,-0.1256008,0,0,0.4531204,-0.01565009,0.1146504,0.9640391,0.06142275,-0.003679421,-0.2585389
266496,0.0166669,24.2878188509494,0.9461762,0.5431679,-0.2968414,-0.4599806,0.1112532,-0.8717365,-0.1269488,0,0,0.4524068,-0.007947326,0.1144455,0.9658015,0.05854056,-0.001010738,-0.2525857
266496,0.0166668,24.3044856507331,0.954883,0.542193,-0.2948189,0.4599952,-0.1130664,0.8708665,0.1311947,0,0,0.4518415,-0.003823817,0.1141679,0.966174,0.05828033,-0.0012027,-0.2512167
266496,0.0166678,24.3211534507573,0.9589802,0.5421376,-0.2939762,-0.4635163,0.1152084,-0.8683843,-0.1333737,0,0,0.449819,0.004883051,0.1131929,0.9673678,0.05757247,-0.00157325,-0.2467436
266496,0.0166667,24.3378201499581,0.9659739,0.5422684,-0.2933042,-0.4680466,0.1097166,-0.8663214,-0.1355802,0,0,0.4489763,0.008980215,0.1131376,0.9682906,0.05392604,0.0008480084,-0.2439355
266496,0.0166665,24.354486649856,0.9698275,0.5424463,-0.2927647,-0.4703512,0.1024316,-0.8661777,-0.1342155,0,0,0.4483043,0.01597387,0.1132684,0.9683691,0.04702561,-0.00246414,-0.2450387
266496,0.016667,24.3711536489427,0.9769186,0.5412779,-0.2919817,-0.4700248,0.09985289,-0.8644623,-0.1476862,0,0,0.4477648,0.01982749,0.1134463,0.9672807,0.04291659,-0.006701162,-0.2499625
266496,0.0166669,24.3878205493093,0.9805238,0.5410008,-0.2916015,0.4725119,-0.09928036,0.8619201,0.1548218,0.01027353387326,0,0.4469818,0.02691865,0.1122779,0.9699076,0.03855515,-0.01475969,-0.2399478
266556,0.0166666,24.4044871497899,0.987471,0.5409058,-0.2914378,-0.4746832,0.09748256,-0.858752,-0.1664879,0.0202544890344143,0,0.4466016,0.03052378,0.1120008,0.9714347,0.03367317,-0.0171283,-0.2342806
266556,0.0166679,24.4211550503969,0.9904339,0.5408403,-0.2918519,-0.4722077,0.1005649,-0.8577449,-0.1765796,0.064901702105999,0,0.4464379,0.037471,0.1119058,0.9736331,0.02733846,-0.02254866,-0.2253508
266556,0.0166669,24.4378219507635,0.9965164,0.5412384,-0.292152,-0.4672265,0.1022399,-0.8568628,-0.192439,0.12227276712656,0,0.446852,0.04043394,0.1118403,0.9758626,0.02769154,-0.02549325,-0.2151176
266556,0.0166662,24.4544881507754,1.000397,0.5416563,-0.2921586,0.4674427,-0.105455,0.8554257,0.1965288,0.145880043506622,0.0215957779437304,0.4471521,0.04651642,0.1122384,0.9787185,0.0283271,-0.03313439,-0.200524
266556,0.0166669,24.471155051142,1.006378,0.5416832,-0.2928338,-0.4720961,0.1147805,-0.8489686,-0.2078538,0.146416753530502,0.0393924750387669,0.4471586,0.05039674,0.1126563,0.979812,0.02771724,-0.03214078,-0.1953646
266556,0.0166671,24.4878221508116,1.009861,0.5415759,-0.2934518,0.4759495,-0.1205231,0.8444089,0.2142892,0.122545458376408,0.107084050774574,0.4478339,0.0563783,0.1126832,0.9828856,0.02184071,-0.027112,-0.1808974
266574,0.016667,24.5044891498983,1.014909,0.5416759,-0.2948385,-0.4796335,0.1264846,-0.8386636,-0.2249376,0.12595234811306,0.115370191633701,0.4484519,0.05986077,0.1125759,0.984596,0.0172921,-0.02329388,-0.1724217
266574,0.0166669,24.5211560502648,1.01922,0.5421941,-0.2960486,0.4870354,-0.136037,0.8291994,0.2381573,0.128546714782715,0.177301481366158,0.4498387,0.06490868,0.1126759,0.9868099,0.01148523,-0.0210755,-0.1600943
266574,0.0166667,24.5378227494657,1.021034,0.5419817,-0.2966939,-0.4903196,0.1487477,-0.8215638,-0.249988,0.1867316365242,0.137755423784256,0.4510488,0.06922048,0.1131941,0.9895203,0.001718071,-0.01514766,-0.1435872
266574,0.0166668,24.5544895492494,1.024068,0.5405765,-0.2976373,0.4902312,-0.1799433,0.8059087,0.2789356,0.196212694048882,0.0997493863105774,0.451694,0.07103378,0.1129817,0.99194,-0.00256957,-0.007923734,-0.126435
266574,0.016667,24.5711565483361,1.025166,0.5401309,-0.2981429,-0.4918642,0.1962699,-0.7979643,-0.2877513,0.143100082874298,0.00703588826581836,0.4526374,0.07406789,0.1115765,0.9964557,-0.005247794,0.006345992,-0.08371483
266574,0.0166667,24.587823247537,1.026204,0.5394167,-0.2986956,0.4949731,-0.2042457,0.7905861,0.2970843,0.0975023955106735,0,0.4531431,0.07516605,0.1111308,0.9975974,-0.006476158,0.01730491,-0.06676933
266574,0.0166669,24.6044901479036,1.027946,0.5384532,-0.2994221,-0.4991158,0.2116819,-0.7827817,-0.3054949,0.0812822282314301,0,0.4536957,0.07620353,0.1104167,0.9982426,-0.01161058,0.02187012,-0.05383883
266596,0.0166671,24.6211572475731,1.028902,0.5384433,-0.3001106,-0.5014559,0.2165566,-0.7804492,-0.3042113,0.0645459815859795,0,0.4544221,0.07794553,0.1094532,0.9985997,-0.01774197,0.02689546,-0.04195898
266596,0.0166678,24.6378250475973,1.029931,0.5384689,-0.3010039,-0.5059015,0.226513,-0.7755603,-0.3020961,0.0317039079964161,0,0.4551108,0.07890207,0.1094433,0.9984763,-0.01869299,0.03263319,-0.04038233
266596,0.0166661,24.6544911470264,1.030269,0.5384492,-0.3012027,-0.5079435,0.2294937,-0.7743159,-0.2996017,0.0187510121613741,0,0.456004,0.07993132,0.1094688,0.9981466,-0.02054193,0.04402651,-0.03664955
266596,0.0166672,24.6711583472788,1.030703,0.538285,-0.3016803,-0.5110953,0.2352366,-0.7718008,-0.2962583,0.0144592998549342,0,0.4562027,0.0802694,0.1094492,0.9979051,-0.02114683,0.04850702,-0.03722038
266596,0.0166668,24.6878251470625,1.030749,0.5382435,-0.3018844,-0.5134846,0.2376448,-0.7704548,-0.2936973,0.00929985102266073,0.017921544611454,0.4566804,0.08070332,0.109285,0.9974904,-0.02207111,0.05620938,-0.03696403
266596,0.0166806,24.7045057471842,1.030483,0.5379674,-0.3018526,0.5178149,-0.2402039,0.7677515,0.2910803,0.00595866283401847,0.0226324182003737,0.4568846,0.08074945,0.1092434,0.9971845,-0.02317999,0.06041528,-0.03789461
266596,0.0166668,24.7211725469679,1.030241,0.5380166,-0.3018897,-0.5202744,0.2397967,-0.7670295,-0.2889257,0,0.0272447019815445,0.4568527,0.0804835,0.1089674,0.9967356,-0.02637942,0.06573426,-0.03874734
266596,0.0166671,24.7378396466374,1.02943,0.5379585,-0.3019281,-0.5231611,0.239856,-0.7653657,-0.2880752,0,0.0208272859454155,0.4568899,0.08024126,0.1090166,0.9964826,-0.02831838,0.06743376,-0.04090763
266596,0.0166677,24.7545073460788,1.028791,0.5379872,-0.3019224,0.5245225,-0.239339,0.7649844,0.2870398,0,0.0252544116228819,0.4569283,0.07942969,0.1089585,0.9962456,-0.03115264,0.06924165,-0.04159338
266596,0.0166664,24.7711737453938,1.027564,0.5381192,-0.3024874,0.5254342,-0.2411193,0.7641185,0.2861877,0,0.0317121185362339,0.4569226,0.07879072,0.1089872,0.9961115,-0.03235285,0.06987648,-0.04280867
266596,0.0166668,24.7878405451775,1.026829,0.5381398,-0.3027475,-0.5261965,0.2406012,-0.7642826,-0.2847817,0,0.0637320876121521,0.4574876,0.07756406,0.1091192,0.9959489,-0.03266837,0.07217396,-0.04254069
266596,0.0166666,24.8045071456581,1.025394,0.5380862,-0.303519,-0.5275079,0.2378221,-0.7647544,-0.2834201,0,0.0658763870596886,0.4577476,0.07682902,0.1091398,0.9958327,-0.0330642,0.07265471,-0.04410655
266596,0.0166669,24.8211740460247,1.02483,0.5380797,-0.3038559,-0.5278754,0.235837,-0.7657027,-0.2818297,0,0.071831040084362,0.458519,0.07539374,0.1090862,0.9957398,-0.03454199,0.07146759,-0.0469205
266596,0.0166667,24.8378407452255,1.023992,0.5380206,-0.3043969,-0.5276107,0.2329177,-0.7676534,-0.2794366,0,0.0524402000010014,0.458856,0.07483035,0.1090797,0.9956716,-0.03473198,0.07057808,-0.0495036
266596,0.0166671,24.8545078448951,1.02357,0.5379119,-0.3044563,-0.5276665,0.2304424,-0.7689989,-0.2776783,0,0.0300559960305691,0.459397,0.0739916,0.1090206,0.9956116,-0.03410888,0.06889483,-0.05336361
266596,0.0166666,24.8711744453758,1.023103,0.5371641,-0.3042189,-0.5273638,0.2266893,-0.7711831,-0.2752743,0,0.0133678531274199,0.4594564,0.07356972,0.1089119,0.9955443,-0.0340031,0.06750543,-0.0563778
266596,0.0166668,24.8878412451595,1.023046,0.5367246,-0.3041439,-0.5269878,0.2247964,-0.7724851,-0.2738928,0,0.00719135906547308,0.459219,0.07310289,0.1081641,0.9954652,-0.03352849,0.06511032,-0.06070904
266596,0.016667,24.9045082442462,1.023407,0.5351808,-0.3038968,0.5256205,-0.2216955,0.7743185,0.273871,0,0.00430621160194278,0.459144,0.07304627,0.1077246,0.995419,-0.03298392,0.06386032,-0.06304716
266596,0.0166673,24.9211755450815,1.023704,0.5343871,-0.3037711,-0.5251254,0.2209934,-0.7748694,-0.2738298,0,0.013804342597723,0.458897,0.07340735,0.1061808,0.9955366,-0.03212884,0.06056868,-0.06485473
266596,0.0166671,24.9378426447511,1.024434,0.5328875,-0.3031968,-0.5246594,0.2208638,-0.7751838,-0.2739378,0,0.0156760346144438,0.4587712,0.07370371,0.1053871,0.9955704,-0.03171856,0.05974645,-0.06529945
266596,0.0166667,24.9545093439519,1.024868,0.5322276,-0.302929,0.5243366,-0.2212779,0.7754014,0.2736057,0,0.0298330988734961,0.4581969,0.07443422,0.1038875,0.9956083,-0.03127497,0.05936431,-0.06528372
266596,0.0166671,24.9711764436215,1.025661,0.5307853,-0.3024457,0.5241203,-0.2214717,0.7759593,0.2722783,0,0.0346702449023724,0.4579292,0.07486826,0.1032276,0.9956022,-0.03070455,0.0596847,-0.06535594
266596,0.0166665,24.9878429435194,1.026137,0.5299164,-0.3021355,-0.5241888,0.2215506,-0.7762237,-0.2713271,0,0.0371076986193657,0.4574458,0.07566112,0.1017853,0.9955188,-0.0299193,0.06026087,-0.06645233
266674,0.0166669,25.0045098438859,1.027049,0.527863,-0.3014551,0.5247716,-0.2218434,0.776432,0.2693582,0,0.0369221493601799,0.4571357,0.07613748,0.1009164,0.9954444,-0.02961582,0.06073383,-0.06726734
266674,0.0166667,25.0211765430868,1.027436,0.526859,-0.3011093,-0.5250788,0.2215686,-0.7764971,-0.2687973,0,0.0493683964014053,0.4564552,0.07704884,0.09886302,0.995259,-0.02944658,0.06204097,-0.06887165
266674,0.0166671,25.0378436427563,1.028185,0.5250784,-0.3008768,-0.5252224,0.223222,-0.7761691,-0.2680954,0,0.0612988770008087,0.4561093,0.07743579,0.09785898,0.9951992,-0.02963084,0.06218048,-0.06952878
266674,0.016667,25.0545106418431,1.028509,0.5244018,-0.300936,-0.525347,0.2248513,-0.7756465,-0.268002,0,0.097645565867424,0.4558769,0.07818514,0.09607829,0.9951236,-0.02916988,0.06392489,-0.0692229
266674,0.0166672,25.0711778420955,1.029043,0.5229782,-0.3008471,-0.5264083,0.2272954,-0.7748257,-0.2662264,0,0.133279457688332,0.4559361,0.07850915,0.09540178,0.995093,-0.02892515,0.06540152,-0.06837984
266674,0.0166654,25.08784324117,1.029226,0.5224663,-0.3007228,-0.5268299,0.2287936,-0.7742668,-0.2657345,0,0.166214123368263,0.4558471,0.07904309,0.09397818,0.9948586,-0.02890595,0.06869301,-0.06857312
266696,0.016668,25.1045112404972,1.029809,0.521353,-0.3002424,0.5283079,-0.2306446,0.7738409,0.26242,0,0.182478129863739,0.4557229,0.07922596,0.0934663,0.9947715,-0.02887015,0.07036431,-0.06815524
266696,0.0166669,25.1211781408638,1.030229,0.5207285,-0.2998909,-0.5287625,0.2317212,-0.7737182,-0.2609136,0,0.205934301018715,0.4552425,0.07980913,0.092353,0.9943778,-0.0288655,0.07396966,-0.07005886
266696,0.0166672,25.1378453411162,1.031125,0.5195948,-0.2992087,0.5290193,-0.2331558,0.7738277,0.2587813,0,0.216521024703979,0.454891,0.08022934,0.09172846,0.9942037,-0.02857831,0.07570186,-0.07079167
266696,0.0166666,25.1545119415969,1.031687,0.5190125,-0.2987106,0.5294259,-0.2348601,0.7733608,0.2578026,0.00923850759863853,0.240706324577332,0.4542088,0.08112472,0.09059478,0.9939793,-0.02776776,0.077888,-0.07188524
266696,0.0166674,25.1711793411523,1.032629,0.5180199,-0.2976915,0.5301306,-0.237764,0.7726728,0.2557474,0.0154493637382984,0.26312443614006,0.4537107,0.08168739,0.09001245,0.9938328,-0.02749998,0.07992308,-0.07178116
266696,0.0166664,25.1878457404673,1.033113,0.5175894,-0.2972015,0.530616,-0.2389458,0.7724434,0.2543285,0.0145824598148465,0.274382472038269,0.4526916,0.08262938,0.08901991,0.9935381,-0.02691904,0.08355276,-0.07194742
266696,0.0166669,25.2045126408339,1.033866,0.5169637,-0.2964403,0.5313042,-0.2414364,0.7719448,0.2520432,0.0126675665378571,0.277910649776459,0.4522015,0.0831129,0.08858944,0.9933481,-0.02668833,0.0853603,-0.07253209
266696,0.0166668,25.2211794406176,1.034134,0.5166938,-0.2960385,0.5317858,-0.2429169,0.7715813,0.2507138,0.00914596952497959,0.299620747566223,0.4514404,0.08386582,0.08796372,0.9930246,-0.02609965,0.08872697,-0.07313407
266696,0.0166673,25.2378467414528,1.034592,0.5161959,-0.2953728,0.5315879,-0.2447343,0.7717426,0.2488632,0.0114355431869626,0.311273515224457,0.4510387,0.08413392,0.08769371,0.9928238,-0.02584413,0.09075433,-0.07346153
266696,0.0166673,25.2545140422881,1.034935,0.5157929,-0.2950031,0.5313785,-0.2455307,0.7719188,0.2479783,0.0167869180440903,0.32546067237854,0.4503729,0.08459216,0.08719589,0.9926082,-0.02458096,0.09293941,-0.07407495
266696,0.0166664,25.2711804416031,1.035634,0.5150561,-0.2943885,-0.531529,0.2467204,-0.7721376,-0.2457836,0.0182034447789192,0.332433193922043,0.4500032,0.08493549,0.08679284,0.9925132,-0.02386607,0.09386605,-0.07441184
266696,0.016672,25.287852441892,1.036022,0.514576,-0.2940977,0.5316581,-0.2470221,0.7722144,0.2449588,0.0183813460171223,0.331668049097061,0.4493886,0.08563381,0.08605607,0.9922501,-0.02299253,0.09582875,-0.07568374
266696,0.0166632,25.3045156411827,1.036556,0.5139543,-0.2936357,-0.5318993,0.2470534,-0.772455,-0.2436415,0.0161886643618345,0.329420179128647,0.4490978,0.08602232,0.08557595,0.9921492,-0.02277412,0.09647889,-0.07624362
266696,0.0166673,25.3211829420179,1.036833,0.5136713,-0.2934169,0.5318839,-0.2472605,0.7725254,0.2432415,0.0159392934292555,0.331801950931549,0.4486358,0.08655614,0.08495434,0.9919994,-0.02255437,0.09715088,-0.07739684
266696,0.0166664,25.3378493413329,1.037137,0.5133586,-0.2928985,-0.5321143,0.2472015,-0.7725149,-0.2428306,0.0156778562813997,0.33698496222496,0.4484169,0.0868327,0.08467127,0.9919531,-0.02235073,0.0974795,-0.07763454
266696,0.0166726,25.3545219413936,1.037254,0.5132462,-0.292669,0.5322657,-0.2473653,0.7724339,0.2425899,0.0153664285317063,0.342245608568192,0.4478987,0.08713728,0.08435853,0.991897,-0.02246758,0.0977077,-0.07803035
266696,0.0166669,25.3711888417602,1.037202,0.5132523,-0.2924423,-0.5331982,0.2478194,-0.7718756,-0.2418541,0.0150173483416438,0.344050079584122,0.4476691,0.08725387,0.08424623,0.9918562,-0.02251497,0.09801862,-0.07814693
266696,0.0166678,25.3878566417843,1.037062,0.5132758,-0.2925243,-0.5339168,0.2488431,-0.7710889,-0.2417271,0.014152005314827,0.3412726521492,0.4474424,0.08720249,0.08425219,0.9916974,-0.02318916,0.09916347,-0.07851914
266696,0.0166659,25.4045225419104,1.036837,0.5132755,-0.2927366,-0.5348319,0.2503786,-0.7701895,-0.2409848,0.0131660364568233,0.341500818729401,0.4475244,0.08706242,0.0842758,0.9915946,-0.02373653,0.1004451,-0.07802242
266696,0.0166673,25.4211898427457,1.036701,0.5132315,-0.292899,-0.5353563,0.2510127,-0.769714,-0.2406794,0.0111144501715899,0.338556915521622,0.4477368,0.08683676,0.0842755,0.9913925,-0.02417931,0.1025079,-0.07777193
266696,0.0166669,25.4378567431122,1.036512,0.5131851,-0.2931286,-0.5358492,0.2516579,-0.7692234,-0.2404778,0.0116040119901299,0.341751128435135,0.4478991,0.08670062,0.08423151,0.9912964,-0.02452581,0.1034328,-0.07766307
266696,0.0166667,25.4545234423131,1.036389,0.5132177,-0.2932582,0.536205,-0.2517368,0.7690573,0.2401332,0.011493856087327,0.34345418214798,0.4481286,0.08651239,0.08418514,0.9912121,-0.02487327,0.1043101,-0.0774557
266696,0.0166671,25.4711905419827,1.036145,0.5133033,-0.2934265,-0.5366485,0.251844,-0.7688407,-0.2397229,0.011607963591814,0.343719273805618,0.4482583,0.08638853,0.08421774,0.9911456,-0.02512763,0.1046926,-0.0777082
266696,0.0166678,25.4878583420068,1.036024,0.513347,-0.2934932,0.5367881,-0.2517062,0.7688447,0.2395423,0.012016081251204,0.345991730690002,0.4484267,0.08614498,0.08430322,0.9910639,-0.02545008,0.1051695,-0.07800032
266774,0.0166663,25.5045246426016,1.035883,0.5133188,-0.293537,-0.5370744,0.2516251,-0.7688104,-0.2390954,0.0111909890547395,0.347646296024323,0.4484933,0.08602399,0.08434702,0.9910396,-0.02556639,0.1051936,-0.0782379
266774,0.0166665,25.5211911424994,1.035847,0.5133175,-0.29355,0.5371141,-0.2515745,0.7689536,0.2385984,0.01048434805125,0.35199385881424,0.4485371,0.08588272,0.08431883,0.9909737,-0.02573809,0.1054459,-0.07867595
266774,0.0166672,25.5378583427519,1.035684,0.5130144,-0.2934039,-0.5371217,0.2499471,-0.7695966,-0.2382184,0.0122403902933002,0.357557654380798,0.4485501,0.08584672,0.08431746,0.9909207,-0.02561215,0.1056213,-0.07914743
266774,0.016667,25.5545253418386,1.035674,0.5127935,-0.2934095,0.5368993,-0.2487967,0.7701249,0.2382165,0.0212909858673811,0.370048105716705,0.448404,0.08568412,0.08401443,0.9909433,-0.02580082,0.1043874,-0.08043093
266774,0.0166667,25.5711920410395,1.035783,0.5123005,-0.2935215,-0.5360646,0.2469451,-0.7711304,-0.2387694,0.0220608655363321,0.37197881937027,0.4484096,0.08567423,0.08379354,0.9910033,-0.02577905,0.1032952,-0.08110558
266774,0.0166674,25.5878594405949,1.03579,0.512039,-0.2935171,0.5358979,-0.2454719,0.771786,0.2385446,0.0244735684245825,0.373969852924347,0.4485216,0.08578318,0.08330049,0.9911918,-0.02541857,0.1010781,-0.0817066
266774,0.0166672,25.6045266408473,1.035965,0.5115773,-0.2935101,-0.534798,0.2427673,-0.7734856,-0.2382761,0.0264164470136166,0.372285515069962,0.4485173,0.08578998,0.08303894,0.9912301,-0.02544482,0.09982908,-0.08276299
266796,0.0166665,25.6211931407452,1.036092,0.511224,-0.2935526,-0.5339543,0.2419357,-0.7743252,-0.2382866,0.0309412777423859,0.376728445291519,0.4485102,0.08596545,0.0825773,0.9913679,-0.02467058,0.09708517,-0.08458997
266796,0.0166668,25.6378599405289,1.036302,0.5104945,-0.2937285,0.5318987,-0.2406598,0.7758036,0.2393651,0.0333380289375782,0.379997760057449,0.4485527,0.08609158,0.08222397,0.9914549,-0.02390842,0.0959537,-0.08507948
266796,0.0166673,25.6545272413641,1.03646,0.5100497,-0.2938658,-0.5305439,0.2396132,-0.7769853,-0.2395885,0.0506994090974331,0.401313692331314,0.4487286,0.08630234,0.08149441,0.9917505,-0.0222842,0.09341509,-0.08489939
266796,0.0166667,25.671193940565,1.036788,0.5093895,-0.2942401,0.5286315,-0.2375908,0.7789212,0.2395439,0.0526857078075409,0.399636924266815,0.448866,0.08646041,0.0810497,0.9918939,-0.0210826,0.09176368,-0.08533075
266796,0.0166677,25.6878616400063,1.036878,0.5089688,-0.2945977,0.5278749,-0.2375078,0.77944,0.239607,0.0583307966589928,0.393954187631607,0.4492402,0.08678824,0.0803894,0.9920629,-0.01937297,0.08911604,-0.08656947
266796,0.0166676,25.7045292407274,1.036915,0.5084016,-0.2951384,0.5267825,-0.2357388,0.7808757,0.2390829,0.0606146641075611,0.385968297719955,0.4495978,0.08687824,0.07996877,0.9921197,-0.0185802,0.08864618,-0.08657517
266796,0.0166668,25.7211960405111,1.036996,0.5082074,-0.2954662,0.5258188,-0.2344254,0.7821743,0.2382496,0.0654232949018478,0.380856156349182,0.4501386,0.08691531,0.07940157,0.9921683,-0.01755454,0.08681442,-0.08807502
266796,0.0166661,25.7378621399403,1.037095,0.5079687,-0.2959003,0.5248138,-0.2335609,0.7834507,0.2371182,0.0658001899719238,0.374834537506104,0.4504663,0.08699626,0.07920738,0.9921609,-0.01646854,0.08555859,-0.08958427
266796,0.0166669,25.7545290403068,1.037178,0.5077462,-0.2959658,0.524093,-0.2329859,0.7842681,0.2365745,0.0669204443693161,0.372529625892639,0.4509004,0.0870946,0.07896866,0.9921104,-0.01513991,0.08478434,-0.09110051
266796,0.0166668,25.7711958400905,1.03756,0.5073388,-0.2961192,0.5227502,-0.2318396,0.7857773,0.2356629,0.0681354179978371,0.367532193660736,0.4509659,0.08717781,0.07874615,0.9921005,-0.01427523,0.08416039,-0.09192319
266796,0.0166676,25.7878634408116,1.037867,0.5070535,-0.2962122,0.5220193,-0.2314269,0.7864425,0.2354694,0.0682903081178665,0.344115287065506,0.4511193,0.08755988,0.07833882,0.9920897,-0.01271867,0.08289468,-0.0934068
266796,0.0166667,25.8045301400125,1.038522,0.506565,-0.2964383,-0.5201939,0.2296481,-0.7881535,-0.2355298,0.069708950817585,0.338007152080536,0.4512123,0.0878666,0.07805349,0.9921126,-0.01193663,0.08226359,-0.0938241
266796,0.0166677,25.8211978394538,1.038839,0.5063661,-0.2965345,0.5195307,-0.2284488,0.7889796,0.2353943,0.0716573819518089,0.318986475467682,0.4514384,0.08852249,0.07756503,0.9922353,-0.01033812,0.0798366,-0.09480748
266796,0.0166662,25.8378640394658,1.03956,0.5058877,-0.2966132,0.5186123,-0.2281993,0.7895792,0.2356506,0.0757520422339439,0.30092978477478,0.4515347,0.08883852,0.07736607,0.9922655,-0.009819899,0.07855081,-0.09561762
266796,0.016667,25.8545310385525,1.039886,0.5056374,-0.2964954,0.5179327,-0.2279341,0.7900497,0.2358248,0.07867331802845,0.290211737155914,0.4516132,0.08955985,0.07688768,0.9923409,-0.008962461,0.07778643,-0.09554283
266796,0.0166667,25.8711977377534,1.040453,0.5051476,-0.2961216,-0.5164791,0.2266018,-0.7912863,-0.2361507,0.0796864032745361,0.283597499132156,0.4514956,0.08988577,0.0766374,0.992395,-0.008340047,0.07715905,-0.09554657
266796,0.0166801,25.8878778368235,1.040688,0.5049198,-0.2959181,-0.5158058,0.2262834,-0.7918742,-0.2359568,0.0822652652859688,0.247860565781593,0.4511217,0.09045297,0.07614757,0.9925088,-0.007157003,0.07518977,-0.09602889
266796,0.0166539,25.9045317359269,1.040981,0.5045359,-0.2957149,-0.5148865,0.2250669,-0.7929245,-0.2356004,0.0826644450426102,0.239217728376389,0.4509183,0.09068841,0.07591976,0.9925184,-0.006423359,0.07466954,-0.09638813
266796,0.0166759,25.9212076365948,1.041121,0.5043406,-0.2957477,0.5143214,-0.2234799,0.7936818,0.2357956,0.0858369767665863,0.229466885328293,0.450715,0.09098071,0.07553591,0.992524,-0.005557784,0.07333599,-0.09740174
266796,0.0166666,25.9378742370754,1.041481,0.5039849,-0.2958785,-0.5132187,0.2222398,-0.79451,-0.2365796,0.0919845923781395,0.214429870247841,0.4507478,0.09112126,0.07534064,0.9925771,-0.005354994,0.07164092,-0.09813141
266796,0.0166672,25.9545414373279,1.041656,0.5037941,-0.2959744,-0.5126665,0.2216634,-0.7947198,-0.2376113,0.0953072533011436,0.20889812707901,0.4508786,0.09148091,0.0749848,0.9927143,-0.004704937,0.06974026,-0.09814572
266796,0.0166663,25.9712077379227,1.041802,0.5038354,-0.2963117,0.5123907,-0.2202475,0.7952227,0.2378398,0.0970461890101433,0.212108969688416,0.4509745,0.09165579,0.07479413,0.9928541,-0.004598211,0.06856901,-0.0975602
266796,0.0166671,25.9878748375922,1.041832,0.5038541,-0.2964722,-0.512319,0.2195372,-0.7954332,-0.2379469,0.0972696766257286,0.215018317103386,0.4513118,0.09180194,0.07483537,0.9928918,-0.00468868,0.06714821,-0.09815801
266874,0.0166668,26.004541637376,1.041823,0.5039284,-0.2966487,0.5120291,-0.21907,0.7956501,0.2382762,0.0977388247847557,0.214515596628189,0.4514723,0.09183198,0.07485403,0.9929066,-0.004804279,0.06647116,-0.09846379
266874,0.0166681,26.021209737286,1.041805,0.5039327,-0.2967147,-0.5117227,0.2191105,-0.7958266,-0.2383079,0.103974305093288,0.215151533484459,0.4516488,0.09182328,0.07492836,0.9929541,-0.004709348,0.06580339,-0.0984368
266874,0.0166659,26.0378756374121,1.041801,0.5038122,-0.2969245,-0.5110275,0.2191263,-0.796339,-0.2380736,0.106893055140972,0.212033003568649,0.4517148,0.09180516,0.07493265,0.992969,-0.00437971,0.06567561,-0.09838796
266874,0.0166699,26.0545455366373,1.041789,0.5037603,-0.2971445,-0.5107987,0.2186973,-0.7966611,-0.2378809,0.105850987136364,0.200095787644386,0.4519246,0.09180075,0.07481219,0.9929674,-0.00353928,0.0654448,-0.09859163
266874,0.0166647,26.0712102372199,1.0419,0.5033904,-0.2972327,0.5105252,-0.2177884,0.7971485,0.2376692,0.106078177690506,0.197838097810745,0.4521446,0.09178859,0.07476027,0.9929529,-0.003316773,0.06504939,-0.09900553
266874,0.0166674,26.0878776367754,1.041993,0.5032637,-0.2973096,0.5102453,-0.2171588,0.7975758,0.2374128,0.106254160404205,0.185897141695023,0.4522329,0.09190029,0.07439031,0.9929364,-0.003144829,0.06423567,-0.09970628
266896,0.0166663,26.1045439373702,1.042277,0.5030338,-0.2974367,-0.509505,0.2158447,-0.7984903,-0.2371267,0.108147591352463,0.184093981981277,0.4523097,0.0919928,0.07426365,0.9929147,-0.002889049,0.06367236,-0.1002893
266896,0.0166679,26.1212118379772,1.04242,0.5028,-0.2973905,-0.5090279,0.2153264,-0.7989971,-0.2369152,0.112586416304111,0.181208834052086,0.4524369,0.09227675,0.07403381,0.9929009,-0.002276474,0.06232119,-0.1012851
266896,0.0166674,26.1378792375326,1.042663,0.5024117,-0.2973403,-0.5081026,0.2150766,-0.7998003,-0.2364179,0.113764360547066,0.183678761124611,0.4523906,0.09242004,0.07380004,0.9928892,-0.001800064,0.06173839,-0.1017658
266896,0.0166663,26.1545455381274,1.042854,0.5021882,-0.2974355,0.5077063,-0.2152034,0.8000547,0.2362932,0.113254584372044,0.175996139645576,0.4523404,0.09266335,0.07341172,0.9928588,-0.0006787662,0.06127938,-0.1023509
266896,0.0166665,26.1712120380253,1.04323,0.501496,-0.2973872,-0.5059496,0.2155725,-0.8008491,-0.2370318,0.114612393081188,0.17399637401104,0.4524356,0.0928542,0.0731882,0.992857,-0.0001783723,0.06124417,-0.1023919
266896,0.0166674,26.1878794375807,1.043425,0.5011394,-0.2973831,-0.505115,0.2156414,-0.8011289,-0.2378027,0.118333533406258,0.173005789518356,0.4523873,0.09323019,0.07249595,0.9929951,0.001537433,0.06040538,-0.1015362
266896,0.0166661,26.2045455370098,1.043621,0.5007708,-0.2973278,0.5040849,-0.2140999,0.8020679,0.2382156,0.118026711046696,0.172354266047478,0.4523832,0.09342521,0.0721394,0.993107,0.002178903,0.05974829,-0.1008165
266896,0.0166676,26.221213137731,1.043636,0.5007076,-0.2973657,-0.5036434,0.2134545,-0.8024732,-0.2383639,0.120830222964287,0.161904543638229,0.4523278,0.09362096,0.0717708,0.9931706,0.002799659,0.05778612,-0.1013167
266896,0.0166669,26.2378800380975,1.043583,0.500683,-0.2975472,0.5031154,-0.211613,0.8033857,0.238047,0.121352687478065,0.159222796559334,0.4523658,0.09363621,0.07170756,0.9931934,0.003078513,0.05696992,-0.1015474
266896,0.016667,26.2545470371842,1.043566,0.5006671,-0.297722,0.5030046,-0.2106842,0.8038776,0.2374436,0.12320951372385,0.153044700622559,0.4525473,0.09358269,0.071683,0.9931523,0.003347386,0.0552941,-0.1028592
266896,0.0166665,26.2712135370821,1.043658,0.5006203,-0.2981159,-0.5031224,0.2083413,-0.8045837,-0.236869,0.126244336366653,0.143559470772743,0.4527221,0.09356624,0.07166703,0.9930748,0.003472017,0.05470343,-0.103913
266896,0.0166671,26.2878806367517,1.043723,0.5006014,-0.2982413,-0.5029529,0.2076102,-0.8050001,-0.2364556,0.128506794571877,0.147855713963509,0.453116,0.09365839,0.0716203,0.9929757,0.003019834,0.05302454,-0.1057293
266896,0.016667,26.3045476358384,1.043935,0.5005122,-0.2985266,-0.5025598,0.2071029,-0.8054834,-0.2360901,0.127802655100822,0.140247091650963,0.4532414,0.09372324,0.07160141,0.9929205,0.003182715,0.05249581,-0.1065028
266896,0.0166666,26.3212142363191,1.043951,0.5004919,-0.2985212,-0.5022876,0.207032,-0.8057348,-0.2358735,0.129193216562271,0.134410068392754,0.4535267,0.0939346,0.07151218,0.9928785,0.003619477,0.05202791,-0.1071091
266896,0.0166669,26.3378811366856,1.043933,0.5004846,-0.2985809,-0.5019459,0.2068672,-0.8061077,-0.2354711,0.130449041724205,0.132473304867744,0.4535214,0.09395128,0.07149185,0.9928576,0.003972539,0.05192453,-0.1073403
266896,0.0166676,26.3545487374067,1.043878,0.500484,-0.2986379,-0.5018359,0.2067755,-0.8062331,-0.2353573,0.131935283541679,0.125135958194733,0.453581,0.0939334,0.07148452,0.9928144,0.004444442,0.05178388,-0.1077882
266896,0.0166661,26.3712148368359,1.043689,0.5005455,-0.2987689,-0.5017692,0.2061355,-0.8065959,-0.2348171,0.132572576403618,0.122122161090374,0.4536381,0.09387809,0.07148398,0.9928017,0.004582032,0.05169983,-0.1079399
266896,0.016667,26.3878818359226,1.043481,0.500598,-0.2987664,-0.501682,0.2059317,-0.8067654,-0.2345994,0.133084505796433,0.121683605015278,0.453769,0.09368938,0.0715455,0.9927283,0.004698412,0.05134917,-0.1087739
266896,0.0166671,26.4045489355922,1.043057,0.5004785,-0.2987857,0.5017494,-0.2059293,0.8069392,0.2338586,0.134461119771004,0.121237143874168,0.4537665,0.09348089,0.07159795,0.9927006,0.004822369,0.05122425,-0.1090798
266896,0.0166695,26.4212184362113,1.042906,0.5003183,-0.2988273,-0.5015728,0.2061281,-0.8070438,-0.2337017,0.13723161816597,0.11904988437891,0.4537858,0.09305686,0.07147844,0.9926102,0.005010493,0.05155441,-0.1097363
266896,0.0166645,26.4378829356283,1.042621,0.4999313,-0.2988899,-0.5010754,0.2056535,-0.8075989,-0.2332686,0.138071447610855,0.119852907955647,0.4538274,0.0929057,0.07131828,0.9925981,0.005300811,0.0516994,-0.1097643
266896,0.0166666,26.454549536109,1.042542,0.499701,-0.2989205,-0.5007799,0.205514,-0.8078704,-0.2330857,0.137361645698547,0.120109781622887,0.4538901,0.09262127,0.07093124,0.9925471,0.005878899,0.0512369,-0.1104107
266896,0.016667,26.4712165351957,1.042475,0.4993423,-0.2992374,-0.5000836,0.2056352,-0.8083428,-0.2328362,0.137382239103317,0.123427659273148,0.4539207,0.09254199,0.07070099,0.9925279,0.006228505,0.05105155,-0.1106495
266896,0.0166679,26.4878844358027,1.042415,0.4991418,-0.2994551,0.4996526,-0.2059549,0.8085136,0.2328858,0.136749476194382,0.129076793789864,0.4542375,0.092475,0.07034229,0.992512,0.007090974,0.05091871,-0.1108015
266974,0.0166658,26.504550235346,1.042253,0.4987042,-0.2998589,-0.4990992,0.2068716,-0.8086354,-0.2328371,0.135259121656418,0.133539080619812,0.4544553,0.09241551,0.07014181,0.9925309,0.007608778,0.05095915,-0.1105793
266974,0.0166682,26.5212184358388,1.042079,0.4984739,-0.3000019,-0.4988567,0.206857,-0.8088626,-0.2325806,0.130932986736298,0.143728330731392,0.454859,0.09225255,0.06970413,0.9925493,0.008428491,0.05148135,-0.1101114
266974,0.0166658,26.5378842353821,1.041935,0.4980054,-0.3003141,0.4986057,-0.2073095,0.8089393,0.2324487,0.130921974778175,0.141522541642189,0.455002,0.09207898,0.06947382,0.9925216,0.008775108,0.05145632,-0.1103455
266974,0.0166681,26.5545523352921,1.04202,0.4976778,-0.3005186,-0.4979467,0.2082108,-0.8089608,-0.2329807,0.132790565490723,0.145126968622208,0.4553142,0.09193474,0.06900544,0.9925167,0.009193495,0.05176858,-0.1102096
266974,0.0166666,26.5712189357728,1.042238,0.4971758,-0.300872,-0.4967391,0.208152,-0.8097876,-0.2327382,0.13587112724781,0.151596143841743,0.4555187,0.09201998,0.06867777,0.9926056,0.009917819,0.05199227,-0.1092362
266974,0.0166682,26.5878871362656,1.042355,0.4968932,-0.3011079,0.4958293,-0.2091774,0.8099228,0.2332881,0.145484417676926,0.182438045740128,0.4558721,0.09223849,0.06817581,0.992592,0.01128238,0.05146068,-0.1094794
266974,0.0166654,26.6045525353402,1.042436,0.4962205,-0.3012817,-0.4941927,0.2104005,-0.8104109,-0.2339647,0.151310712099075,0.198097571730614,0.4561081,0.09235495,0.06789313,0.9926859,0.01229555,0.05166149,-0.1084191
266996,0.0166672,26.6212197355926,1.042442,0.4959339,-0.3014553,0.4933118,-0.2107499,0.8108668,0.23393,0.160018473863602,0.244776204228401,0.4562818,0.09243613,0.06722043,0.9928035,0.01408435,0.05162873,-0.1071324
266996,0.0166665,26.6378862354904,1.042269,0.4954963,-0.301634,0.4917112,-0.2099524,0.8124552,0.2325015,0.163884937763214,0.256064862012863,0.4564553,0.09244245,0.06693394,0.9928125,0.01511665,0.05151369,-0.1069639
266996,0.0166681,26.6545543354005,1.042377,0.4950912,-0.3016824,0.4908426,-0.2086562,0.8134378,0.2320671,0.154878348112106,0.274524837732315,0.456634,0.09226853,0.06649633,0.9926394,0.01714536,0.05065608,-0.1086609
266996,0.0166662,26.6712205354124,1.042601,0.4946608,-0.3020323,0.4896339,-0.2031963,0.816229,0.2296527,0.138424888253212,0.296454846858978,0.4566825,0.09237713,0.06609116,0.9925714,0.01792874,0.0493289,-0.1097604
266996,0.016668,26.6878885347396,1.04282,0.4944053,-0.30238,-0.489222,0.1986578,-0.8180206,-0.2281211,0.107031889259815,0.322909355163574,0.4570324,0.09260136,0.06566082,0.9921706,0.01880575,0.04515516,-0.1149122
266996,0.0166652,26.7045537345111,1.04315,0.4938524,-0.3027023,0.4867982,-0.1938768,0.8208944,0.2270945,0.0944887921214104,0.343910813331604,0.4573801,0.09282011,0.06540523,0.9918659,0.01872031,0.04178415,-0.1187671
266996,0.0166691,26.7212228346616,1.043278,0.4934723,-0.3026885,-0.485138,0.1917779,-0.8222942,-0.2273645,0.0875525251030922,0.397134840488434,0.4577024,0.09315032,0.06485234,0.9915915,0.02052303,0.03705323,-0.1222798
266996,0.0166656,26.7378884349018,1.043477,0.4929931,-0.3026624,-0.4830074,0.1892208,-0.8244111,-0.226375,0.0891256555914879,0.409996062517166,0.4576886,0.09327811,0.06447233,0.9915512,0.02168996,0.03440238,-0.1231761
266996,0.0166708,26.7545592356473,1.04357,0.4927659,-0.3025004,-0.482041,0.1873948,-0.8256665,-0.2253764,0.0862542167305946,0.426470190286636,0.4576625,0.09347659,0.06399308,0.9913157,0.02367429,0.03166239,-0.1254207
266996,0.0166635,26.7712227348238,1.043594,0.4924434,-0.3024102,-0.480759,0.184878,-0.8273721,-0.2239341,0.0823156535625458,0.434338480234146,0.4575005,0.09356982,0.0637659,0.9911046,0.0246,0.03009061,-0.1272834
266996,0.0166695,26.787892235443,1.043599,0.492375,-0.3023946,-0.4804251,0.1836194,-0.828135,-0.2228637,0.0802421122789383,0.44129553437233,0.4574103,0.09359437,0.06344341,0.9907948,0.02583923,0.0279779,-0.1299049
266996,0.0166644,26.8045566361398,1.043532,0.4922327,-0.3025396,-0.4799548,0.1808777,-0.8296098,-0.2206228,0.0789104625582695,0.447000414133072,0.4573948,0.09359926,0.06337498,0.9905916,0.02625185,0.02721099,-0.1315245
266996,0.0166676,26.8212242368609,1.043522,0.4921817,-0.3026786,-0.4798852,0.1796869,-0.830115,-0.219845,0.0653586834669113,0.472487181425095,0.4575397,0.09353238,0.06323268,0.9901541,0.02684238,0.02562738,-0.1349723
266996,0.0166657,26.8378899376839,1.0436,0.492031,-0.3028159,-0.4795106,0.1795255,-0.8304995,-0.2193419,0.0636099502444267,0.482094883918762,0.4576787,0.09352154,0.06318165,0.9899892,0.02688774,0.02492442,-0.1362988
266996,0.01667,26.854559937492,1.04355,0.4920084,-0.3028062,-0.4794265,0.1797035,-0.8306057,-0.2189775,0.0664161071181297,0.495621711015701,0.4578161,0.09360033,0.06303097,0.9899054,0.0274138,0.02481962,-0.1368208
266996,0.0166639,26.8712238371372,1.043422,0.4919603,-0.3028161,0.4791099,-0.1803439,0.8306956,0.2188025,0.0702281072735786,0.503831148147583,0.4578063,0.09354967,0.06300835,0.9898611,0.02767018,0.02507715,-0.1370419
266996,0.0166701,26.8878939375281,1.043333,0.4919374,-0.302911,-0.4789959,0.1808832,-0.8306106,-0.2189301,0.0721260756254196,0.514111697673798,0.4578162,0.09342247,0.06296022,0.9898616,0.02822072,0.02553112,-0.1368422
266996,0.0166639,26.9045578371733,1.043151,0.4917082,-0.3031073,-0.4785684,0.1813351,-0.8305971,-0.2195413,0.0740825533866882,0.517620861530304,0.4579111,0.09333307,0.06293739,0.9899029,0.02843012,0.02587278,-0.1364359
266996,0.0166697,26.9212275370955,1.043071,0.4915527,-0.3032539,0.478089,-0.1811788,0.8308674,0.2196919,0.0774635300040245,0.531833231449127,0.4581074,0.09315079,0.06270821,0.9900029,0.02878335,0.02579539,-0.1356485
266996,0.016665,26.937892537564,1.043037,0.4908856,-0.3032242,-0.476259,0.1782996,-0.8322861,-0.2206507,0.0790503174066544,0.532080888748169,0.458254,0.09307116,0.06255271,0.990009,0.02919828,0.02537737,-0.1355938
266996,0.0166684,26.9545609373599,1.043087,0.4904245,-0.3031828,0.4751679,-0.1776896,0.832932,0.2210575,0.084020771086216,0.518887221813202,0.4582243,0.09303659,0.06188561,0.9899743,0.03008651,0.02173014,-0.1362849
266996,0.0166654,26.9712263364345,1.043296,0.4895325,-0.3032817,0.4735288,-0.1768308,0.8340098,0.2211991,0.0848543792963028,0.513865053653717,0.4581829,0.09308749,0.0614245,0.9899795,0.03094309,0.02054284,-0.1362395
266996,0.0166686,26.9878949355334,1.043518,0.489125,-0.3034611,0.4727735,-0.176288,0.8346467,0.2208458,0.086195282638073,0.510272920131683,0.4582818,0.09329623,0.06053246,0.9899209,0.03240173,0.01900063,-0.1365494
267074,0.0166658,27.0045607350767,1.04369,0.4884232,-0.3035614,0.4712065,-0.1757295,0.8356042,0.2210188,0.0840387642383575,0.513167440891266,0.4584612,0.09351796,0.06012494,0.9898263,0.03317906,0.01833997,-0.1371375
267074,0.0166687,27.0212294347584,1.043779,0.4881472,-0.303557,0.4702978,-0.1754709,0.8361926,0.2209344,0.0844170600175858,0.544473350048065,0.4585615,0.0936901,0.05942319,0.9897831,0.03462259,0.01706946,-0.1372563
267074,0.0166646,27.0378940347582,1.043921,0.4877439,-0.303372,0.4685862,-0.1749061,0.8374624,0.2202082,0.0860263183712959,0.558262050151825,0.4585571,0.09377867,0.05914713,0.9897339,0.03553797,0.01646301,-0.1374509
267074,0.0166684,27.0545624345541,1.043976,0.4874831,-0.3031784,0.467622,-0.1746538,0.8379353,0.2206586,0.0930050909519196,0.569615006446838,0.4583722,0.09392148,0.05874385,0.9895539,0.0374335,0.01548985,-0.1383544
267074,0.0166654,27.0712278336287,1.044083,0.4870981,-0.3026819,-0.4657532,0.174714,-0.8388311,-0.2211595,0.0973069816827774,0.576325416564941,0.4581785,0.09397632,0.05848311,0.9895756,0.03822459,0.01464402,-0.1380748
267074,0.0166699,27.0878977328539,1.04406,0.4870157,-0.3024339,-0.4650779,0.1741311,-0.8393788,-0.2209619,0.109883420169353,0.593966841697693,0.4576821,0.09408337,0.05809803,0.9895909,0.04001976,0.01361345,-0.1375607
267074,0.0166656,27.1045633330941,1.044024,0.4870264,-0.3021524,-0.4641782,0.1726856,-0.8403918,-0.2201366,0.118165619671345,0.611699759960175,0.457434,0.09405977,0.05801572,0.9895094,0.04064509,0.0128957,-0.138032
267096,0.0166669,27.1212302334607,1.043973,0.4869657,-0.3017854,-0.4629484,0.1723448,-0.8409656,-0.2208014,0.124397240579128,0.64517343044281,0.4571525,0.09402353,0.05802635,0.9892823,0.04149981,0.01161685,-0.1395114
267096,0.0166664,27.1378966327757,1.043184,0.4870791,-0.3005638,0.4611998,-0.1654889,0.8437647,0.2190195,0.138966605067253,0.689474701881409,0.4567855,0.09397346,0.05796571,0.9893141,0.04246894,0.01048731,-0.1390828
267096,0.0166679,27.1545645333827,1.042649,0.487476,-0.3003767,0.462566,-0.1598303,0.8450519,0.2153469,0.167106837034225,0.901976227760315,0.4555638,0.09318405,0.05807913,0.9885847,0.04315041,0.004734877,-0.1442774
267096,0.0166655,27.17123003304,1.042362,0.4886014,-0.3007831,-0.4648693,0.1459333,-0.8480186,-0.2084813,0.180394530296326,0.924979507923126,0.4553768,0.09264928,0.05847595,0.9877291,0.0415107,0.002214452,-0.1505431
267096,0.0166672,27.1878972332925,1.041992,0.4894871,-0.3006541,-0.4665166,0.1299628,-0.8518048,-0.1997515,0.218800991773605,1,0.4557832,0.09236163,0.05960141,0.9857321,0.03775041,-0.005305789,-0.1639478
267096,0.0166674,27.2045646328479,1.041663,0.490433,-0.3001187,0.4672738,-0.1084157,0.8560631,0.1925025,0.285241633653641,1,0.4556542,0.09199172,0.06048704,0.9829732,0.03457027,-0.01398457,-0.179925
267096,0.0166664,27.2212310321629,1.041642,0.4909858,-0.3002138,0.46721,-0.1075126,0.8556479,0.1949942,0.373735994100571,1,0.4551189,0.09166342,0.06143297,0.9794745,0.03004913,-0.02813615,-0.1973199
267096,0.0166671,27.2378981318325,1.041399,0.4926101,-0.3003403,-0.4676656,0.1089178,-0.8537283,-0.2014294,0.454090297222137,1,0.4552138,0.09164232,0.06198577,0.9797897,0.02905115,-0.02994056,-0.1956318
267096,0.016668,27.2545661311597,1.041236,0.4931759,-0.3005353,0.4686557,-0.1108814,0.8518369,0.2060125,0.701473832130432,1,0.4553404,0.09139913,0.06361006,0.9810402,0.02689084,-0.03127337,-0.1893651
267096,0.0166664,27.2712325304747,1.041063,0.4938191,-0.3004873,0.4665348,-0.1184313,0.8497626,0.2149951,0.751047015190125,1,0.4555354,0.09123594,0.06417586,0.9820396,0.02492051,-0.03112325,-0.1844139
267096,0.0166682,27.2879007309675,1.040993,0.4941147,-0.3005199,-0.466388,0.1194753,-0.8494073,-0.2161375,0.822497010231018,1,0.4554875,0.09106296,0.06481902,0.9841815,0.0262902,-0.02969503,-0.1726672
267096,0.016666,27.3045667316765,1.041039,0.4944972,-0.3006589,-0.4655309,0.1219753,-0.8487712,-0.2190679,0.862800180912018,1,0.4555201,0.09099263,0.06511463,0.9844577,0.02635437,-0.0293852,-0.1711289
267096,0.0166749,27.3212416321039,1.041006,0.4946364,-0.3006311,-0.4653178,0.1219367,-0.8486496,-0.2200109,0.896146595478058,1,0.455659,0.09103888,0.0654972,0.985119,0.02696251,-0.02895648,-0.1672577
267096,0.0166588,27.3379004318267,1.040992,0.4947285,-0.3005242,-0.4649366,0.1207776,-0.8484815,-0.2220947,0.906304478645325,1,0.4556312,0.09100634,0.06563644,0.9852436,0.02685488,-0.02947528,-0.1664486
267096,0.0166667,27.3545671310276,1.04103,0.4946288,-0.3005374,0.4645558,-0.1193058,0.8484479,0.2238086,0.92946720123291,1,0.4555243,0.09099251,0.06572847,0.9854068,0.02622049,-0.03145337,-0.1652169
267096,0.0166669,27.3712340313941,1.041113,0.4944596,-0.3004533,-0.4646659,0.1183725,-0.8481982,-0.2250188,0.939283847808838,1,0.4555375,0.09103042,0.06562875,0.9854793,0.02562018,-0.03353259,-0.164468
267096,0.0166674,27.3879014309496,1.041082,0.4943302,-0.3004128,0.4648923,-0.1176072,0.8480822,0.2253896,0.959401428699493,1,0.4554534,0.09111267,0.06545956,0.9855536,0.02483055,-0.0347371,-0.1638932
267096,0.0166663,27.4045677315444,1.041148,0.4940411,-0.3003417,-0.4649262,0.1168595,-0.8479275,-0.2262886,0.96517539024353,1,0.4554129,0.09108156,0.06533019,0.9855316,0.02425253,-0.03540615,-0.1639691
267096,0.016672,27.4212397318333,1.041275,0.4938712,-0.3003246,-0.4646046,0.1166218,-0.847999,-0.2268033,0.976309597492218,1,0.4553418,0.0911476,0.06504111,0.9855767,0.02369901,-0.03636684,-0.1635679
267096,0.0166625,27.437902232632,1.041469,0.4936149,-0.3004735,-0.4648778,0.1162277,-0.8477272,-0.2274608,0.981064438819885,1,0.4553247,0.09127492,0.06487112,0.9856097,0.02379018,-0.03692084,-0.163231
267096,0.0166673,27.4545695334673,1.041568,0.4934971,-0.3005211,0.4649425,-0.1156597,0.8476686,0.2278362,0.989417016506195,1,0.4554736,0.09146863,0.06461485,0.9856676,0.02316976,-0.03738318,-0.1628649
267096,0.0166671,27.4712366331369,1.041915,0.4931853,-0.3004925,-0.4650233,0.1156238,-0.8473875,-0.2287334,0.991734147071838,1,0.4555212,0.09156781,0.06449707,0.9856594,0.0228129,-0.03796842,-0.1628299
267096,0.016667,27.4879036322236,1.042048,0.4930638,-0.3003786,0.4650959,-0.1155029,0.8473001,0.2289706,0.996655523777008,1,0.4554926,0.09191495,0.06418528,0.985781,0.02241128,-0.03832684,-0.1620635
267174,0.0166664,27.5045700315386,1.042268,0.4929444,-0.300143,0.4653459,-0.1154922,0.8471556,0.2290031,0.998291969299316,1,0.4553787,0.09204847,0.06406377,0.9858027,0.02222018,-0.0384883,-0.1619197
267174,0.0166698,27.5212398320436,1.042302,0.4930148,-0.3001202,0.4653278,-0.1151432,0.8472804,0.2287538,1,1,0.4551431,0.09226829,0.06394438,0.9858153,0.02194595,-0.03839372,-0.1619031
267174,0.0166641,27.5379039328545,1.04229,0.492999,-0.3001207,0.4657858,-0.1151941,0.8469961,0.2288484,1,1,0.4551203,0.09230167,0.06401481,0.9857423,0.0219512,-0.0385839,-0.162301
267174,0.0166676,27.5545715335757,1.042311,0.4929936,-0.3001313,-0.4658217,0.1152624,-0.846944,-0.2289339,1,1,0.4551208,0.0922901,0.06399892,0.9857777,0.02145667,-0.0383674,-0.1622036
267174,0.0166662,27.5712377335876,1.042408,0.4930581,-0.3001078,0.4660248,-0.1153524,0.8468212,0.2289292,1,1,0.4551314,0.09231132,0.06399356,0.9857981,0.02140936,-0.03833006,-0.1620943
267174,0.0166671,27.5879048332572,1.042483,0.4930772,-0.3001369,-0.4661587,0.1154291,-0.8466772,-0.2291507,1,1,0.455108,0.09240776,0.06405808,0.9858148,0.02122527,-0.03816025,-0.1620573
267174,0.0166669,27.6045717336237,1.04268,0.4932841,-0.3003733,-0.466485,0.1159367,-0.8463927,-0.2292816,1,1,0.455137,0.09248334,0.06407715,0.9858581,0.02103164,-0.03812585,-0.1618269
267196,0.0166674,27.6212391331792,1.042726,0.4934268,-0.3004304,-0.4665816,0.1161815,-0.846333,-0.2291816,1,1,0.4553733,0.09268004,0.06428407,0.9859431,0.02079112,-0.03761441,-0.1614588
267196,0.0166669,27.6379060335457,1.042773,0.4937565,-0.3006089,0.4670085,-0.1161718,0.846194,0.2288294,1,1,0.4554306,0.09272569,0.06442674,0.9859598,0.02079431,-0.0373293,-0.1614229
267196,0.0166696,27.6545756328851,1.042801,0.4939092,-0.300702,-0.4672638,0.1159877,-0.8461306,-0.2286362,1,1,0.4556091,0.09277278,0.06475641,0.9859261,0.02046782,-0.0369938,-0.1617476
267196,0.0166644,27.6712400335819,1.042878,0.4939646,-0.3005757,0.4682637,-0.1160535,0.8458967,0.227419,1,1,0.4557021,0.09280115,0.0649092,0.9858887,0.02021612,-0.03694523,-0.1620183
267196,0.0166677,27.6879077330232,1.042952,0.4939469,-0.3004832,-0.4687866,0.1160729,-0.8457184,-0.226995,1,1,0.4555759,0.09287757,0.06496452,0.9857641,0.01960998,-0.03592648,-0.1630764
267196,0.0166656,27.7045733332634,1.04311,0.4938364,-0.3002448,0.4695567,-0.1162525,0.8454456,0.2263266,1,1,0.4554834,0.09295243,0.06494687,0.9857256,0.01921569,-0.03549277,-0.1634509
267196,0.0166682,27.7212415337563,1.043221,0.4937809,-0.3001147,-0.4696729,0.1162313,-0.8455358,-0.2257591,1,1,0.4552449,0.09310955,0.06483637,0.9856784,0.01869208,-0.03471286,-0.1639626
267196,0.0166664,27.7379079330713,1.043388,0.4937448,-0.2999886,0.4698709,-0.1163443,0.845682,0.2247387,1,1,0.4551148,0.09322077,0.06478082,0.9856014,0.01875881,-0.03444327,-0.1644737
267196,0.0166663,27.7545742336661,1.043483,0.4936928,-0.2999269,-0.470109,0.1163751,-0.8456161,-0.2244722,1,1,0.4549887,0.09338802,0.06474476,0.9854785,0.01893247,-0.03384071,-0.165314
267196,0.0166671,27.7712413333356,1.043692,0.4935735,-0.2998116,0.4703727,-0.1164771,0.8455159,0.2242447,1,1,0.454927,0.09348267,0.06469278,0.9854522,0.01878354,-0.03359497,-0.1655371
267196,0.0166677,27.787909032777,1.043811,0.4935917,-0.2997888,0.4705739,-0.1168426,0.8454193,0.2239962,1,1,0.4548117,0.09369224,0.06457345,0.9854399,0.0186149,-0.03329532,-0.16569
267196,0.0166668,27.8045758325607,1.044091,0.4937146,-0.29966,0.4709652,-0.1187027,0.8449594,0.2239311,1,1,0.4547889,0.09381062,0.06459166,0.9854512,0.01859302,-0.03280193,-0.1657238
267196,0.0166679,27.8212437331676,1.044146,0.4938443,-0.299557,0.4713172,-0.1195487,0.8446242,0.2240053,1,1,0.4546601,0.09409052,0.0647146,0.9856542,0.01873204,-0.03107866,-0.1648303
267196,0.0166659,27.8379096332937,1.044293,0.4942315,-0.2994152,0.4715805,-0.1203045,0.8442811,0.2243393,1,1,0.4545571,0.09414631,0.06484424,0.9857652,0.0185776,-0.03025557,-0.1643364
267196,0.0167127,27.8546223323792,1.04431,0.4945375,-0.2993751,-0.4719824,0.1203765,-0.8440033,-0.2245008,1,1,0.4544153,0.0942927,0.06523143,0.9858994,0.01840128,-0.02965367,-0.1636593
267196,0.0166631,27.8712854329497,1.044136,0.4955522,-0.2994114,0.4741643,-0.1213387,0.8428866,0.2235785,1,1,0.4543752,0.09430963,0.06553747,0.9859414,0.01794668,-0.02947295,-0.1634897
267196,0.0166667,27.8879521321505,1.043981,0.4961489,-0.2994561,-0.475719,0.1220853,-0.8420897,-0.222871,1,1,0.4544115,0.09413582,0.06655215,0.9859744,0.01624961,-0.0272877,-0.1638471
267196,0.0166669,27.9046190325171,1.043461,0.4976857,-0.299447,0.477882,-0.1208301,0.8416541,0.2205615,1,1,0.4544563,0.09398133,0.06714882,0.9859927,0.01507198,-0.02565895,-0.1641123
267196,0.0166671,27.9212861321867,1.043313,0.498745,-0.2996665,0.479263,-0.1210236,0.8407975,0.2207257,1,1,0.4544471,0.09346086,0.06868567,0.9855877,0.01323812,-0.02471658,-0.1668256
267196,0.0166664,27.9379525315017,1.042979,0.5013565,-0.2999101,-0.4825456,0.1200858,-0.8394026,-0.2193917,1,1,0.4546666,0.09331328,0.06974499,0.9856612,0.01178741,-0.02397611,-0.1666081
267196,0.0166683,27.9546208307147,1.042661,0.5027565,-0.3000408,0.484754,-0.1196087,0.8384356,0.2184792,1,1,0.4549103,0.09297913,0.07235648,0.9854357,0.008526898,-0.02264405,-0.168318
267196,0.0166656,27.9712864309549,1.041637,0.5052953,-0.2997999,0.4866405,-0.1209124,0.837231,0.2181872,1,1,0.4550409,0.09266096,0.07375647,0.9852901,0.00637666,-0.02161407,-0.1693984
267196,0.0166672,27.9879536312073,1.040882,0.5066957,-0.2994902,0.4874507,-0.1205389,0.8369048,0.217836,0.986907839775085,1,0.4548,0.09163684,0.07629527,0.9854091,0.004852132,-0.01953951,-0.1690077
267274,0.0166668,28.0046204309911,1.039458,0.5097102,-0.2993019,-0.4911843,0.1224097,-0.8343002,-0.2183966,0.984023809432983,1,0.4544903,0.09088236,0.07769574,0.9853294,0.004011141,-0.01931566,-0.1695196
267274,0.0166676,28.0212880317122,1.038471,0.511391,-0.2990895,0.4933015,-0.1245976,0.8324933,0.219281,0.976450741291046,1,0.454302,0.08945793,0.08071013,0.9856343,0.0003975371,-0.01625001,-0.1681098
267274,0.0166662,28.0379542317241,1.03682,0.5144723,-0.2987818,-0.4979579,0.1278434,-0.8285953,-0.2216387,0.97118467092514,1,0.4540896,0.08847064,0.08239098,0.9859898,-0.001536879,-0.01382186,-0.166225
267274,0.0166684,28.05462263152,1.035859,0.5161555,-0.2985237,-0.4996804,0.1319263,-0.8265244,-0.2230976,0.96695750951767,1,0.4537819,0.08681983,0.0854723,0.9866356,-0.006389515,-0.009917988,-0.1625148
267274,0.0166672,28.0712898317724,1.033886,0.5190333,-0.2975255,0.5015029,-0.1383278,0.8232058,0.2273601,0.961598694324493,1,0.4535238,0.08585864,0.08715554,0.98721,-0.007604011,-0.006353867,-0.159117
267274,0.0166658,28.0879556313157,1.032748,0.5207164,-0.2972095,-0.501609,0.1423388,-0.8216302,-0.23033,0.975106537342072,1,0.4525256,0.08388585,0.09003331,0.9883308,-0.009281584,-0.00197867,-0.1520268
267274,0.0166685,28.1046241316944,1.030607,0.5235824,-0.2963945,-0.4991408,0.1449935,-0.8206484,-0.2374273,0.970008611679077,1,0.4522097,0.08274764,0.09171642,0.9890476,-0.00935064,0.0001537336,-0.1473006
267296,0.0166669,28.121291032061,1.02938,0.5254233,-0.2963361,-0.4984058,0.143271,-0.8206294,-0.2400684,0.950918018817902,1,0.4513946,0.08060712,0.09458233,0.9901668,-0.008491169,-0.001729158,-0.1396235
267296,0.0166667,28.1379577312618,1.026964,0.5289973,-0.2961919,0.4984953,-0.1385068,0.8205385,0.2429713,0.949009299278259,1,0.4513363,0.07937962,0.09642328,0.990353,-0.009095235,-0.004564568,-0.1381937
267296,0.0166666,28.1546243317425,1.025422,0.530793,-0.2957466,-0.4988696,0.1303091,-0.8219494,-0.2419668,0.938713669776917,1,0.4511921,0.0769636,0.0999973,0.9903003,-0.01149283,-0.009602944,-0.1381342
267296,0.0166671,28.1712914314121,1.02249,0.534407,-0.2955721,0.4992309,-0.1208097,0.823423,0.2411398,0.929496228694916,1,0.4507467,0.07542187,0.1017929,0.989455,-0.01375828,-0.01573123,-0.1433246
267296,0.0166667,28.187958130613,1.021183,0.5359876,-0.2955835,-0.4993501,0.1157714,-0.82407,-0.2411541,0.919975817203522,1,0.4505723,0.07248956,0.105407,0.9884323,-0.01647513,-0.02298042,-0.1490032
267296,0.0166672,28.2046253308654,1.01868,0.539712,-0.2961854,0.4997159,-0.1065863,0.8251008,0.2411063,0.919264674186707,1,0.4505836,0.07118291,0.1069876,0.9879082,-0.01802027,-0.02703297,-0.1515978
267296,0.0166669,28.2212922312319,1.017452,0.5416,-0.296469,-0.5000322,0.1022177,-0.8257258,-0.2402008,0.91429191827774,1,0.4511855,0.06868047,0.1107119,0.9868798,-0.02100731,-0.03430257,-0.1563662
267296,0.0166668,28.2379590310156,1.015194,0.5453286,-0.2971659,0.5001508,-0.09951034,0.825712,0.2411365,0.910268723964691,0.992595553398132,0.4514691,0.06745225,0.1126,0.9862559,-0.02228518,-0.03732729,-0.1594034
267296,0.01667,28.2546290308237,1.013902,0.5470891,-0.297185,-0.500348,0.0977985,-0.8259687,-0.2405478,0.896731078624725,0.964534163475037,0.452166,0.06519431,0.1163286,0.986039,-0.02352839,-0.03984138,-0.1599567
267296,0.0166675,28.271296530962,1.011191,0.5502377,-0.2970283,0.4998672,-0.09194672,0.8271177,0.239906,0.894675672054291,0.95485520362854,0.4521851,0.06390196,0.1180891,0.9857568,-0.02403025,-0.04089442,-0.16135
267296,0.0166667,28.2879632301629,1.009952,0.551576,-0.2967515,0.4994668,-0.09150901,0.8274692,0.2396955,0.892017364501953,0.944958627223969,0.4520283,0.06119078,0.1212377,0.9849411,-0.02501142,-0.04559484,-0.1648834
267336,0.0166669,28.3046301305294,1.007146,0.554185,-0.2962994,-0.4970886,0.0843841,-0.8298891,-0.2388864,0.89152067899704,0.933411598205566,0.4517516,0.05995208,0.122576,0.9848613,-0.02464004,-0.04605471,-0.1652882
267336,0.0166668,28.3212969303131,1.005853,0.5552676,-0.2961082,0.4953794,-0.07929376,0.8316385,0.2380952,0.892474591732025,0.915408492088318,0.4512995,0.05714613,0.125185,0.9838201,-0.02394682,-0.05260931,-0.1695782
267336,0.0166665,28.3379634302109,1.003174,0.557534,-0.2958063,-0.4924591,0.0732066,-0.8342127,-0.2370951,0.896774888038635,0.905447721481323,0.4511083,0.05585307,0.1262676,0.9830138,-0.02338798,-0.05720051,-0.1728152
267336,0.0166669,28.3546303305775,1.001923,0.5585527,-0.2956648,-0.4916016,0.07226342,-0.8349788,-0.2364668,0.905722558498383,0.878049314022064,0.4508064,0.05317372,0.128534,0.9819988,-0.02179599,-0.06307467,-0.1767059
267336,0.0166671,28.3712974302471,0.999014,0.5608723,-0.2954317,-0.4896717,0.07030803,-0.8365647,-0.2354528,0.908622980117798,0.871250987052917,0.4506649,0.0519231,0.1295527,0.9817753,-0.02095777,-0.06398394,-0.1777194
267336,0.0166685,28.3879659306258,0.9975659,0.5619317,-0.2952831,0.4883969,-0.06879646,0.8372079,0.2362596,0.915722966194153,0.879496097564697,0.4504319,0.04901403,0.1318723,0.9813395,-0.01916451,-0.0660563,-0.1795609
267336,0.0166652,28.4046311303973,0.9943137,0.5640637,-0.2953126,0.4859565,-0.0682663,0.8387893,0.235836,0.92109751701355,0.883104801177979,0.4502832,0.04756588,0.1329317,0.9812004,-0.01856531,-0.0682001,-0.1795827
267336,0.0166676,28.4212987311184,0.9927768,0.5649158,-0.2952703,-0.484381,0.06650825,-0.8397922,-0.2360101,0.935083866119385,0.892437100410461,0.4503127,0.04431373,0.1350637,0.9810364,-0.01600678,-0.06960832,-0.1801832
267336,0.0166669,28.437965631485,0.9895982,0.5663966,-0.2949325,0.4815331,-0.06257336,0.8420777,0.2347675,0.936516225337982,0.895066499710083,0.4502704,0.04277682,0.1359158,0.9807653,-0.0149525,-0.07183194,-0.1808758
267336,0.0166673,28.4546329323202,0.9880441,0.567064,-0.2947825,0.4800934,-0.06087342,0.8432616,0.2339117,0.945240199565887,0.899078667163849,0.4499326,0.03959823,0.1373966,0.9799399,-0.01275152,-0.07581889,-0.1838658
267336,0.0166667,28.4712996315211,0.9848719,0.5684496,-0.2946153,0.4779496,-0.05805098,0.8456153,0.2304977,0.947699904441834,0.898576021194458,0.4497826,0.03804415,0.1380639,0.9795287,-0.01147573,-0.07750759,-0.1854303
267336,0.0166668,28.4879664313048,0.9833246,0.5689048,-0.2944238,0.4765705,-0.05772796,0.8466387,0.2296762,0.948868870735168,0.89758712053299,0.4496154,0.03487188,0.1394496,0.9785722,-0.008937313,-0.07937808,-0.1897778
267374,0.0166665,28.5046329312027,0.9802715,0.5697312,-0.2943318,0.4746287,-0.05829266,0.8482895,0.2274526,0.9515261054039,0.909030795097351,0.449424,0.03332466,0.1399048,0.9783738,-0.007312718,-0.07994824,-0.1906292
267374,0.0166672,28.5213001314551,0.9787551,0.5699409,-0.2943732,0.4741291,-0.05815272,0.8489275,0.2261461,0.953614830970764,0.917875647544861,0.4493319,0.03027147,0.1407312,0.9781089,-0.004341767,-0.07949913,-0.1922603
267374,0.016667,28.5379671305418,0.9757528,0.5698206,-0.2947123,0.4712898,-0.05747896,0.8507776,0.2252993,0.953469216823578,0.920111000537872,0.4493733,0.02875507,0.1409409,0.9778908,-0.003417672,-0.07931,-0.1934627
267374,0.0166663,28.5546334311366,0.9742122,0.5696064,-0.2948914,0.4699032,-0.05701298,0.8516832,0.2248918,0.959241211414337,0.946199715137482,0.4497125,0.02575284,0.1408206,0.9775727,-0.0003791684,-0.08082979,-0.1944688
267374,0.016667,28.5713004302233,0.9712523,0.5688034,-0.2949581,-0.4658976,0.06088169,-0.8531762,-0.2265467,0.959584653377533,0.957827746868134,0.4498915,0.02421224,0.1406064,0.9773915,0.001056734,-0.08168258,-0.1950202
267374,0.0166798,28.5879802294075,0.9697695,0.5685446,-0.2951136,0.4644653,-0.06256711,0.85369,0.2270923,0.965559601783752,0.989333808422089,0.4499582,0.02125233,0.1398034,0.9781023,0.005878745,-0.08114111,-0.1915663
267374,0.0166656,28.6046458296478,0.9665153,0.5680556,-0.2955584,-0.4628521,0.06596354,-0.8544291,-0.2266448,0.968695044517517,1,0.4501137,0.01976955,0.1395446,0.9783901,0.007708562,-0.08068491,-0.1902193
267396,0.0166677,28.6213135290891,0.964968,0.5678066,-0.2958273,-0.4621013,0.0699299,-0.8547531,-0.2257645,0.9618239402771,1,0.4505585,0.01651531,0.1390556,0.9787955,0.01059534,-0.07853577,-0.1888896
267396,0.0166655,28.6379790287465,0.9617887,0.5666962,-0.2961321,-0.460304,0.07858501,-0.8551976,-0.2249041,0.956022977828979,1,0.4508275,0.01496798,0.1388066,0.9792519,0.01290441,-0.07534818,-0.1876752
267396,0.0166673,28.6546463295817,0.959943,0.5661334,-0.2962549,0.4591774,-0.08102311,0.8556989,0.2244346,0.951406121253967,1,0.4511322,0.01178873,0.1376962,0.9803365,0.01771502,-0.06888653,-0.1840686
267396,0.0166668,28.6713131293654,0.9563463,0.565074,-0.2969444,-0.4555135,0.08613716,-0.8566371,-0.2264087,0.955351293087006,1,0.451255,0.009943008,0.1371334,0.9805678,0.01978104,-0.06725718,-0.1832269
267396,0.0166671,28.687980229035,0.9545336,0.5646855,-0.2974063,0.4544477,-0.08867437,0.8570563,0.2259839,0.959667563438416,1,0.4519445,0.006346285,0.136074,0.9813845,0.0244397,-0.06565028,-0.178822
267396,0.0166672,28.7046474292874,0.9508585,0.5640851,-0.2982866,0.4526299,-0.09671986,0.857451,0.2248321,0.957266330718994,1,0.4524065,0.004533589,0.1356855,0.9816169,0.02644453,-0.06392533,-0.1778836
267396,0.0166667,28.7213141284883,0.9491367,0.5638231,-0.298691,0.4523048,-0.101339,0.8570181,0.2251024,0.950141489505768,1,0.4532867,0.0008585453,0.1350851,0.9824194,0.03109919,-0.05780135,-0.1747685
267396,0.0166667,28.7379808276892,0.9449393,0.5634751,-0.2991046,0.4523501,-0.1013875,0.8576311,0.2226408,0.948988080024719,1,0.4536911,-0.0008633137,0.1348231,0.9830232,0.03269861,-0.05432822,-0.1721767
267396,0.0166669,28.7546477280557,0.9429284,0.5632151,-0.299154,0.4523659,-0.1014943,0.8579216,0.2214374,0.944090783596039,1,0.4541047,-0.005060673,0.1344751,0.9826796,0.03349988,-0.05325662,-0.1743054
267396,0.0166669,28.7713146284223,0.9388235,0.5623816,-0.2989804,0.4522344,-0.1075397,0.8576367,0.2199516,0.944915354251862,1,0.4541542,-0.007071555,0.1342151,0.9825194,0.03392112,-0.0526679,-0.1753026
267396,0.0166668,28.787981428206,0.936683,0.5619102,-0.2988548,0.4518221,-0.1102192,0.8574061,0.220371,0.941749691963196,1,0.4539805,-0.01117647,0.1333816,0.9830282,0.0363142,-0.04722134,-0.1735133
267396,0.0166672,28.8046486284584,0.9320142,0.5613654,-0.2986962,-0.4501208,0.1125703,-0.8580687,-0.2200849,0.949041426181793,1,0.4538549,-0.01331699,0.1329101,0.9833813,0.03736986,-0.04541158,-0.1717628
267436,0.0166679,28.8213165290654,0.9295684,0.5611066,-0.2983659,0.4486131,-0.1127475,0.8588414,0.2200586,0.94778436422348,1,0.4536963,-0.01798576,0.1323654,0.9835153,0.03989163,-0.04417086,-0.1707495
267436,0.016667,28.8379835281521,0.9241801,0.5614538,-0.2981268,0.4489889,-0.1108796,0.8599792,0.2157561,0.951432824134827,1,0.453366,-0.02043164,0.1321066,0.9834451,0.04150123,-0.0447113,-0.1706292
267436,0.0166662,28.8546497281641,0.9214162,0.5619984,-0.2983015,-0.450504,0.1110799,-0.8601668,-0.2117086,0.963290154933929,1,0.4531268,-0.0258199,0.1324538,0.9826118,0.04202174,-0.04427944,-0.1753498
267436,0.0166715,28.8713212274015,0.9158711,0.5632025,-0.2986175,0.4536193,-0.1136709,0.8601194,0.2037233,0.965897917747498,1,0.4533016,-0.02858382,0.1329984,0.9821036,0.04186917,-0.04174459,-0.1788207
267436,0.0166674,28.8879886269569,0.9130412,0.563886,-0.2988715,-0.456018,0.1147513,-0.8597778,-0.1991526,0.964417636394501,1,0.4536176,-0.0341289,0.1342025,0.9813086,0.04203746,-0.03488912,-0.1845239
267436,0.0166665,28.9046551268548,0.9078861,0.5649817,-0.2991186,-0.4593681,0.1190386,-0.8589218,-0.1925209,0.956340849399567,1,0.4538717,-0.03695875,0.134886,0.9808077,0.04136448,-0.03099843,-0.1880008
267436,0.0166694,28.9213245268911,0.9054819,0.5653477,-0.2991598,0.4610212,-0.1207368,0.8584611,0.1895435,0.943925321102142,1,0.4541187,-0.0421139,0.1359817,0.980327,0.04126714,-0.02318988,-0.1916205
267436,0.0166653,28.9379898272455,0.9012012,0.5657338,-0.2985301,-0.4622924,0.1210478,-0.8584796,-0.1861351,0.938334047794342,1,0.4541599,-0.04451805,0.1363477,0.9800718,0.04099216,-0.01979329,-0.1933573
267436,0.0166675,28.9546573273838,0.8990263,0.5661296,-0.2982593,0.4635506,-0.119163,0.8587309,0.183036,0.931500673294067,1,0.4535303,-0.04879874,0.1367338,0.9795632,0.04085156,-0.0175187,-0.196164
267436,0.0166664,28.9713237266988,0.8951514,0.5666945,-0.2974805,-0.465177,0.1172589,-0.859082,-0.1784348,0.932263016700745,1,0.4532594,-0.05097371,0.1371296,0.9788627,0.03999974,-0.01716377,-0.199833
267436,0.0166675,28.987991226837,0.8934665,0.5669104,-0.2970124,0.4655548,-0.1157921,0.8595463,0.1761569,0.927938163280487,1,0.4524806,-0.05484861,0.1376945,0.977886,0.03922506,-0.01601555,-0.2048021
267474,0.0166657,29.0046569276601,0.8906144,0.5673246,-0.2962235,-0.4674462,0.1111517,-0.8603272,-0.1702253,0.924423813819885,1,0.4520125,-0.05653352,0.1379104,0.9773167,0.03912989,-0.01606917,-0.2075155
267474,0.016669,29.0213259272277,0.8894606,0.5674863,-0.2960264,0.4679778,-0.1097382,0.8605197,0.1687015,0.910539925098419,1,0.4512237,-0.0593856,0.1383246,0.9757453,0.03768552,-0.01644376,-0.2150128
267474,0.016665,29.0379909276962,0.8876822,0.5666298,-0.2943253,-0.4721413,0.106929,-0.8603253,-0.159654,0.858052849769592,1,0.4510265,-0.06053942,0.1384863,0.9753087,0.03719789,-0.01669581,-0.2170494
267474,0.0166673,29.0546582285315,0.8863384,0.5661757,-0.293143,-0.4715829,0.1040837,-0.8615258,-0.1566833,0.713951110839844,0.951571762561798,0.4493254,-0.06231779,0.1376298,0.973349,0.03482949,-0.01317825,-0.226285
267474,0.0166665,29.0713247284293,0.8848593,0.5654334,-0.2918401,0.4693158,-0.09281147,0.8645493,0.1538942,0.62504106760025,0.784584164619446,0.4481431,-0.06366163,0.1371757,0.9723794,0.03548283,-0.01447296,-0.2302387
267474,0.0166681,29.0879928283393,0.8843858,0.5651578,-0.2918672,-0.4700212,0.08891174,-0.8649028,-0.1520464,0.374163597822189,0.201354816555977,0.4468402,-0.06514066,0.1364334,0.9702763,0.03535856,-0.02344317,-0.2382523
267474,0.016666,29.1046588290483,0.8834838,0.5647638,-0.2921214,0.4723856,-0.08518124,0.8649873,0.146264,0.297032326459885,0.148584261536598,0.4468673,-0.06561416,0.1361578,0.9693956,0.03401614,-0.025466,-0.2417984
267496,0.0166677,29.1213265284896,0.8835177,0.5644648,-0.292509,0.4728429,-0.09491654,0.8640115,0.1445496,0.150967344641685,0.0777715891599655,0.4471214,-0.06651622,0.1357638,0.9677488,0.03215968,-0.02488215,-0.2486139
267496,0.0166668,29.1379933282733,0.8829762,0.5641633,-0.292852,0.4771615,-0.115413,0.8601788,0.1381635,0.0421408303081989,0,0.4475091,-0.06648225,0.1354648,0.9687119,0.03510065,-0.01608362,-0.2451664
267496,0.0166662,29.1546595282853,0.8824673,0.5638851,-0.2929748,0.4778552,-0.1203249,0.8594524,0.1360807,0,0,0.4478522,-0.06702381,0.1351633,0.9699497,0.03843383,0.005290283,-0.2401924
267496,0.0166674,29.1713269278407,0.8816715,0.563516,-0.293529,0.4787429,-0.1353389,0.8571074,0.1336252,0,0,0.447975,-0.06753272,0.1348851,0.9700453,0.03970939,0.01051051,-0.2394259
267496,0.0166663,29.1879932284355,0.8813965,0.5633686,-0.2938958,0.4794691,-0.1414898,0.855862,0.1326291,0,0,0.4485291,-0.06832844,0.134516,0.9710231,0.04366857,0.02423707,-0.2337088
267496,0.0166669,29.2046601288021,0.8810521,0.5634214,-0.2950038,0.4801299,-0.1503867,0.8541735,0.1313278,0,0,0.4488959,-0.06860346,0.1343686,0.9713735,0.04487123,0.03004372,-0.2313385
267496,0.0166674,29.2213275283575,0.8809909,0.5633311,-0.2955738,0.4797054,-0.1535609,0.8539133,0.1308962,0,0,0.4500039,-0.06894785,0.1344214,0.9718351,0.04693866,0.03821754,-0.2277557
267496,0.0166671,29.2379946280271,0.8808471,0.5629805,-0.2964354,0.4798271,-0.1560256,0.8538557,0.1278774,0,0,0.450574,-0.06900913,0.1343311,0.9719709,0.04834642,0.04081485,-0.2264277
267496,0.0166668,29.2546614278108,0.8808191,0.56287,-0.2968621,-0.4800403,0.1554721,-0.8543488,-0.1244102,0,0,0.4514354,-0.06915289,0.1339805,0.9714673,0.04973502,0.04421157,-0.2276469
267496,0.0166665,29.2713279277086,0.8808486,0.5621389,-0.2971917,-0.4786634,0.1531632,-0.8561488,-0.1201314,0,0,0.4518623,-0.06918091,0.13387,0.9706283,0.05035738,0.04536596,-0.2308394
267496,0.0166672,29.287995127961,0.8808634,0.5619189,-0.2974243,-0.4780896,0.1524712,-0.8567306,-0.1191456,0,0,0.4521918,-0.06915134,0.1331389,0.9694073,0.0524021,0.04468852,-0.235598
267496,0.0166668,29.3046619277447,0.8810451,0.5617156,-0.298179,-0.476581,0.1511175,-0.8579242,-0.1183223,0,0,0.4524245,-0.06913656,0.1329188,0.9691022,0.05309672,0.04428165,-0.2367717
267536,0.0166667,29.3213286269456,0.8812401,0.5615959,-0.2984329,-0.4758232,0.1503244,-0.8585536,-0.1178154,0,0,0.4531791,-0.06895489,0.1327156,0.9687527,0.05454436,0.04282296,-0.2381374
267536,0.0166685,29.3379971273243,0.8818417,0.561125,-0.2988423,-0.475428,0.1479004,-0.8594302,-0.1160751,0,0,0.453433,-0.06875986,0.1325959,0.9685435,0.05526643,0.04203872,-0.2389598
267536,0.0166654,29.3546625263989,0.8823261,0.5607926,-0.2990677,-0.4755207,0.1461065,-0.8598891,-0.1145589,0,0,0.4538425,-0.06815833,0.132125,0.9679154,0.05552036,0.04062597,-0.2416753
267536,0.0166671,29.3713296260685,0.8832009,0.559979,-0.2992944,-0.4753374,0.1443231,-0.8604579,-0.1133023,0,0,0.4540678,-0.06767386,0.1317926,0.9674025,0.05536725,0.03986199,-0.2438812
267536,0.016667,29.3879966251552,0.8837082,0.5594174,-0.2992065,-0.4752354,0.1443275,-0.8605506,-0.1130215,0,0,0.4542945,-0.0667991,0.130979,0.9669392,0.05542913,0.03886527,-0.2458573
267536,0.0166668,29.4046634249389,0.8847436,0.5583872,-0.2989135,0.4748272,-0.1448512,0.8606505,0.1133056,0,0,0.4542066,-0.06629175,0.1304174,0.9668673,0.05561481,0.03894449,-0.2460853
267536,0.0166678,29.4213312249631,0.8853135,0.5579299,-0.2988039,0.4744017,-0.1459984,0.8605797,0.1141503,0,0,0.4539136,-0.06525642,0.1293872,0.966967,0.05610176,0.03905845,-0.2455642
267536,0.0166664,29.4379976242781,0.8862774,0.5570834,-0.2983764,-0.4735545,0.1481342,-0.8605277,-0.1153026,0,0,0.4538041,-0.06468648,0.1289299,0.9672549,0.05661774,0.03942978,-0.2442494
267536,0.0166677,29.4546653237194,0.8867515,0.556633,-0.2981725,0.4733616,-0.1489274,0.8604678,0.1155191,0,0,0.4533765,-0.06372255,0.1280834,0.9676815,0.0577498,0.04028109,-0.2421467
267536,0.016666,29.4713313244283,0.8871831,0.5560436,-0.2980243,-0.4730549,0.1495433,-0.8605173,-0.1156113,0,0,0.4531726,-0.06324846,0.127633,0.9677916,0.05810169,0.04074724,-0.2415437
267536,0.0166668,29.487998124212,0.8873454,0.55585,-0.2980344,-0.4726576,0.1496396,-0.8606881,-0.11584,0,0,0.4530244,-0.06281692,0.1270436,0.9678525,0.05855917,0.04106934,-0.2411343
267574,0.0166667,29.5046648234129,0.8874091,0.5556872,-0.2979934,0.4724287,-0.1499376,0.8607846,0.1156704,0,0,0.4530345,-0.06265455,0.12685,0.9679009,0.05893417,0.0408628,-0.2408834
267574,0.0166669,29.5213317237794,0.8874042,0.5556964,-0.2979833,-0.4723717,0.1503502,-0.860757,-0.1155745,0,0,0.4529936,-0.0625909,0.1266872,0.9678752,0.059299,0.04107505,-0.2408609
267574,0.0166668,29.5379985235631,0.8874035,0.5560436,-0.297968,-0.4717811,0.1502241,-0.8611546,-0.1151879,0,0,0.4529834,-0.06259578,0.1266964,0.9678829,0.05949491,0.04142929,-0.2407213
267574,0.0166677,29.5546662230045,0.887398,0.5562711,-0.2979305,-0.471637,0.1501909,-0.8612827,-0.1148629,0,0,0.4529682,-0.0625965,0.1270436,0.9677567,0.06018338,0.0412198,-0.2410932
267574,0.0166666,29.5713328234851,0.8876197,0.5566078,-0.2978311,-0.4714706,0.1504058,-0.8614028,-0.1143642,0,0,0.4529306,-0.06260198,0.1272711,0.9676695,0.06041506,0.04126775,-0.2413767
267574,0.0166668,29.5879996232688,0.8878919,0.5567333,-0.2977338,-0.4714826,0.1508285,-0.8613394,-0.1142344,0,0,0.4528311,-0.06238025,0.1276078,0.9675589,0.0607843,0.04158543,-0.2416726
267574,0.0166668,29.6046664230525,0.8886092,0.5570554,-0.2973462,0.4708941,-0.1502499,0.8616861,0.1148086,0,0,0.4527339,-0.0621081,0.1277332,0.9675615,0.06092024,0.04199521,-0.2415573
267596,0.016667,29.6213334221393,0.8890957,0.5571368,-0.2970512,0.4706337,-0.1502411,0.8617455,0.1154391,0,0,0.4523463,-0.06139082,0.1280553,0.9676322,0.06121784,0.04099378,-0.2413709
267596,0.0166667,29.6380001213402,0.8905474,0.5571208,-0.2966031,0.4696659,-0.1501858,0.8620075,0.11748,0,0,0.4520513,-0.06090432,0.1281368,0.9677744,0.06130994,0.04058884,-0.2408453
267596,0.0166682,29.654668321833,0.8915504,0.5571562,-0.2965944,0.4699335,-0.1520294,0.8614142,0.1183866,0,0,0.4516032,-0.05945259,0.1281208,0.9682245,0.06172914,0.03919828,-0.2391536
267596,0.0166663,29.6713346224278,0.894004,0.5571191,-0.2960126,0.468973,-0.1546827,0.8610234,0.1215585,0,0,0.4515945,-0.05844957,0.1281562,0.9685994,0.06168647,0.04044048,-0.2374333
267596,0.0166665,29.6880011223257,0.8956847,0.5572039,-0.2956843,0.4685194,-0.156466,0.8606892,0.1233781,0,0,0.4510127,-0.055996,0.1281191,0.9695218,0.06249115,0.04078724,-0.2333643
267596,0.0166668,29.7046679221094,0.8992352,0.5572493,-0.2948698,0.4664544,-0.1558658,0.8611607,0.1285631,0,0,0.4506844,-0.05431539,0.1282039,0.9700669,0.06291585,0.04124863,-0.2308907
267596,0.0166671,29.7213350217789,0.9012696,0.5572013,-0.2943968,-0.4662173,0.1534364,-0.8615278,-0.1298797,0,0,0.4498699,-0.05076486,0.1282493,0.9711431,0.06342187,0.03753481,-0.2268257
267596,0.0166672,29.7380022220314,0.9059917,0.5573088,-0.2937266,0.4657935,-0.1491703,0.8620864,0.1326345,0,0,0.4493969,-0.04873043,0.1282013,0.971251,0.06264947,0.03485426,-0.227006
267596,0.0166668,29.7546690218151,0.9088162,0.5571343,-0.2935379,0.4651497,-0.1511862,0.8615,0.1363688,0,0,0.4487267,-0.04400826,0.1283088,0.9715236,0.06116279,0.02995606,-0.2269443
267596,0.0166672,29.7713362220675,0.9144276,0.5566545,-0.2927418,0.4631987,-0.1565231,0.860291,0.1443847,0,0,0.448538,-0.04118377,0.1281343,0.9724981,0.06128453,0.02969307,-0.2227331
267596,0.0166664,29.7880026213825,0.9176074,0.5558391,-0.2923478,0.4595267,-0.1620423,0.8597743,0.1528589,0,0,0.4477419,-0.03557241,0.1276544,0.9745817,0.06236589,0.02971108,-0.2131158
267596,0.0166667,29.8046693205833,0.9242807,0.5550426,-0.2914796,0.4544855,-0.1781222,0.8572685,0.1637262,0.0208941865712404,0,0.4473479,-0.03239262,0.1268391,0.9766018,0.06508313,0.02890955,-0.2029218
267636,0.0166666,29.821335921064,0.9275499,0.5546283,-0.291221,-0.4502754,0.1909352,-0.8554662,-0.1702161,0.116469398140907,0.0719593986868858,0.4464797,-0.02571929,0.1260426,0.9795441,0.07109536,0.03521783,-0.1849286
267636,0.0166676,29.8380035217851,0.9341296,0.553151,-0.2906997,0.4398206,-0.2170277,0.8518416,0.1839096,0.130161985754967,0.0868644863367081,0.4462212,-0.02245009,0.1256282,0.9811965,0.07659842,0.04114928,-0.1723164
267636,0.0166672,29.8546707220376,0.938054,0.551791,-0.2902373,-0.4317577,0.2369592,-0.8489944,-0.1914271,0.151784837245941,0.104206159710884,0.4456999,-0.01587039,0.124151,0.9838837,0.08919656,0.05234139,-0.1458669
267636,0.0166666,29.8713373225182,0.9454994,0.5494353,-0.2892437,0.4154927,-0.2880777,0.8362808,0.2121596,0.169411778450012,0.116228401660919,0.4452374,-0.01194596,0.1227909,0.9848163,0.09948102,0.06225662,-0.1279242
267636,0.016668,29.8880053218454,0.9487287,0.5487906,-0.2890866,0.4100392,-0.3205358,0.8241625,0.2233404,0.200422257184982,0.149467498064041,0.4442438,-0.004500628,0.1204353,0.9855368,0.1195558,0.08971417,-0.07984417
267636,0.0166661,29.9046714212745,0.9542807,0.5487543,-0.2892638,0.4129557,-0.3767636,0.796087,0.2318673,0.210077568888664,0.23522287607193,0.4440867,-0.001271307,0.1197906,0.9844137,0.1270225,0.1106466,-0.05051918
267636,0.0166667,29.9213381204754,0.9570697,0.5485618,-0.2894803,0.4137677,-0.4048133,0.7806789,0.2355063,0.200864002108574,0.455067902803421,0.4442639,0.004280746,0.1197543,0.9789302,0.1293104,0.1578081,-0.008429999
267636,0.0166672,29.9380053207278,0.9620107,0.5481887,-0.2900612,0.4171841,-0.4415683,0.7581113,0.2371546,0.199250891804695,0.473452985286713,0.4444804,0.007069707,0.1195618,0.9745819,0.1304329,0.1817028,0.01271167
267636,0.0166668,29.9546721205115,0.9645658,0.5476871,-0.2902116,0.4173873,-0.4551263,0.7498211,0.2375212,0.203137412667274,0.266681969165802,0.4450613,0.01201069,0.1191887,0.9670365,0.1296259,0.2158046,0.03828714
267636,0.0166667,29.9713388197124,0.9688792,0.5470819,-0.290483,0.4198749,-0.4757847,0.736284,0.2349895,0.208726093173027,0.121368728578091,0.4452116,0.01456583,0.118687,0.9637023,0.1302247,0.2281218,0.04774928
267636,0.0166672,29.9880060199648,0.9710701,0.5464318,-0.2904346,0.4199086,-0.486644,0.728691,0.2363555,0.20340584218502,0.113333076238632,0.4454831,0.01887918,0.1180819,0.9578564,0.1296772,0.2492874,0.05958841
267674,0.0166664,30.0046724192798,0.9755561,0.545629,-0.2900934,0.4194521,-0.4952871,0.7233148,0.2357257,0.203102454543114,0.128749281167984,0.4454347,0.02107012,0.1174318,0.9547517,0.1295801,0.2588132,0.06836636
267674,0.0166693,30.0213417187333,0.9777001,0.5451232,-0.2898604,0.4185963,-0.5011529,0.719505,0.2365073,0.195873558521271,0.159796178340912,0.4450935,0.02555615,0.116629,0.9519805,0.1305653,0.2668851,0.07388068
267674,0.0166649,30.038006618619,0.9818321,0.5440332,-0.289024,0.4187577,-0.504576,0.7177302,0.2343258,0.193249449133873,0.163368359208107,0.4448605,0.02770013,0.1161232,0.9501385,0.1313244,0.2716433,0.07874446
267674,0.0166672,30.0546738188714,0.9837438,0.5434159,-0.2886286,-0.4190867,0.5044591,-0.7181121,-0.2328143,0.182165294885635,0.117487087845802,0.4440241,0.03183216,0.1150332,0.9488071,0.1320309,0.2757854,0.07921746
267674,0.0166666,30.0713404193521,0.9870377,0.5419631,-0.2880263,0.4212946,-0.5028173,0.7191592,0.2291197,0.178607568144798,0.089403361082077,0.4436287,0.03374386,0.1144159,0.9487094,0.1322386,0.276432,0.07777472
267674,0.0166681,30.0880085192621,0.9884219,0.5411682,-0.2877809,0.421811,-0.5037287,0.7184191,0.2284884,0.16979056596756,0.0540219061076641,0.4430264,0.03703767,0.1129631,0.9489218,0.1312282,0.2774132,0.07327042
267674,0.0166657,30.1046742200851,0.9908829,0.5402256,-0.2868794,-0.4246513,0.5010574,-0.7198579,-0.2245384,0.165659412741661,0.0461120083928108,0.442781,0.03842193,0.1121682,0.9485615,0.1309314,0.2787621,0.07334721
267696,0.0166666,30.1213408205658,0.9919204,0.5401597,-0.2864926,0.4266372,-0.4997399,0.7203366,0.2221622,0.161811500787735,0.0379264168441296,0.4418796,0.04088289,0.1112256,0.9490644,0.1293062,0.2791912,0.06788848
267696,0.016667,30.1380078196526,0.994173,0.5394869,-0.2855587,-0.4291326,0.4960524,-0.7227806,-0.2176365,0.160656660795212,0.0348861329257488,0.4414927,0.04192036,0.1111597,0.9492564,0.1280312,0.2798563,0.06481434
267696,0.0166669,30.1546747200191,0.9952443,0.5389379,-0.2851273,0.4297289,-0.4956457,0.723071,0.2164188,0.161727666854858,0.0517004802823067,0.4405589,0.04417306,0.1104869,0.9499653,0.1269176,0.2794207,0.05815502
267696,0.0166671,30.1713418196887,0.9973217,0.5376256,-0.2840314,-0.4298052,0.4959414,-0.723208,-0.2151275,0.161398261785507,0.0720623955130577,0.4401274,0.04524434,0.1099378,0.9499601,0.1267087,0.2798155,0.05678078
267696,0.0166668,30.1880086194724,0.998342,0.5370672,-0.2834735,0.4298847,-0.4957141,0.7235084,0.2144818,0.16278663277626,0.0988172590732574,0.4390315,0.04732174,0.1086255,0.9497185,0.1270956,0.2806477,0.05584325
267714,0.0166673,30.2046759203076,1.000572,0.5354672,-0.2821388,-0.4282645,0.4990602,-0.7219488,-0.2152169,0.1666649132967,0.130683600902557,0.4384736,0.04834205,0.1080672,0.9497172,0.1272346,0.2807339,0.0551095
267714,0.016668,30.2213439196348,1.001838,0.5345384,-0.2814311,0.4268636,-0.5018821,0.7205101,0.216257,0.169995963573456,0.187768250703812,0.4371389,0.0505721,0.1064672,0.9487188,0.1287787,0.2827866,0.05814262
267714,0.0166662,30.2380101196468,1.00458,0.5321204,-0.2795349,-0.4232545,0.5090507,-0.716905,-0.2185645,0.17287389934063,0.228519394993782,0.4364312,0.05183774,0.1055384,0.9479098,0.1299592,0.2843359,0.06108009
267714,0.016667,30.2546771187335,1.00579,0.5310028,-0.2784467,-0.4227051,0.5118133,-0.7151541,-0.2189118,0.176776647567749,0.318578451871872,0.4345351,0.05457968,0.1031203,0.9457539,0.1330931,0.2884001,0.06827383
267714,0.0166666,30.2713437192142,1.007414,0.5294036,-0.2766067,-0.4226315,0.5147917,-0.7134094,-0.2177593,0.178143322467804,0.31377238035202,0.4334468,0.05579001,0.1020028,0.9448447,0.13359,0.2905905,0.07056478
267714,0.016667,30.2880107183009,1.008127,0.5288284,-0.2758511,-0.4233289,0.5158318,-0.7126349,-0.2164759,0.180767148733139,0.185216978192329,0.4316068,0.05741364,0.1004036,0.9436885,0.1341171,0.293815,0.07167656
267714,0.0166678,30.3046785183251,1.00963,0.5273688,-0.274341,-0.424069,0.5178469,-0.7112021,-0.2149231,0.182564571499825,0.159708917140961,0.4308512,0.05812722,0.09982838,0.9431869,0.1338484,0.2956399,0.07127529
267736,0.016666,30.321344519034,1.010461,0.5267957,-0.2736602,0.4246938,-0.5178763,0.7112096,0.2135891,0.186404526233673,0.131037905812263,0.4293411,0.05963045,0.09836878,0.9423072,0.1336357,0.2985121,0.07133836
267736,0.016667,30.3380115181208,1.01227,0.5256188,-0.27262,0.4250542,-0.5208351,0.7094311,0.2115827,0.189582616090775,0.115136876702309,0.4286603,0.06046122,0.09779574,0.942148,0.133449,0.2993742,0.07016902
267736,0.0166666,30.3546781186014,1.013106,0.5246865,-0.2717646,0.4250861,-0.5241159,0.707213,0.2108417,0.191507741808891,0.0797208249568939,0.4276201,0.06227046,0.09661879,0.9408669,0.1337985,0.3031408,0.07052039
267736,0.0166672,30.3713453188539,1.015142,0.5225149,-0.2693179,0.4214112,-0.5361078,0.7003862,0.2108559,0.192542567849159,0.0797156766057014,0.4267648,0.06310552,0.09568645,0.9395975,0.1340376,0.3065491,0.07223734
267736,0.0166668,30.3880121186376,1.016313,0.5214884,-0.2678416,0.4184508,-0.5428684,0.6966668,0.2117741,0.211833268404007,0.117128819227219,0.424318,0.0651421,0.09351493,0.935135,0.1378907,0.3161391,0.08102316
267736,0.0166676,30.4046797193587,1.01852,0.519759,-0.2644513,-0.4121445,0.5567924,-0.6881033,-0.2159468,0.219013407826424,0.142747029662132,0.4228417,0.06631273,0.09248842,0.9326215,0.1406222,0.3207833,0.08683692
267736,0.0166683,30.4213480185717,1.019286,0.5190444,-0.2624339,-0.410614,0.5604488,-0.6856655,-0.217155,0.233857706189156,0.212083578109741,0.4194513,0.06852025,0.09075899,0.9274326,0.1454954,0.3294049,0.1009573
267736,0.016675,30.4380230177194,1.020549,0.5192671,-0.2597982,0.4071911,-0.5646095,0.6836295,0.2192317,0.235750585794449,0.247612506151199,0.417434,0.06928641,0.09004439,0.9260196,0.146564,0.3317008,0.104792
267736,0.016657,30.454680018127,1.020962,0.5198119,-0.2586672,-0.4068418,0.5627379,-0.6851915,-0.2198152,0.244098842144012,0.311736017465591,0.4147983,0.07054907,0.09026708,0.924448,0.1492899,0.3332413,0.1098132
267736,0.0166672,30.4713472183794,1.021595,0.520697,-0.2567926,0.4068321,-0.5594582,0.686918,0.2227961,0.251697808504105,0.310935586690903,0.4136674,0.07096201,0.09081186,0.9253056,0.1495167,0.3310423,0.1089282
267736,0.0166666,30.4880138188601,1.021791,0.5215408,-0.256489,-0.4079018,0.5566073,-0.6885958,-0.2228013,0.261193543672562,0.310061007738113,0.4117927,0.07159489,0.09169699,0.9269791,0.1485455,0.326702,0.1091324
267774,0.0166666,30.5046804193407,1.021926,0.5236747,-0.2562899,-0.4114012,0.5536792,-0.6891119,-0.2220662,0.260757625102997,0.27507358789444,0.4114892,0.07179147,0.09254076,0.9281776,0.1474997,0.3244744,0.106989
267774,0.0166684,30.5213488191366,1.021955,0.5243753,-0.2559232,0.4123244,-0.5548377,0.6874695,0.2225523,0.241873130202293,0.251750826835632,0.41129,0.0719263,0.09467472,0.9293276,0.144141,0.3236285,0.1041067
267774,0.0166661,30.5380149185658,1.022305,0.5257589,-0.2556461,-0.412287,0.5593925,-0.6828607,-0.2253903,0.235294386744499,0.253799587488174,0.4109233,0.07195491,0.09537531,0.9288925,0.1429473,0.3249857,0.1053998
267774,0.0166668,30.5546817183495,1.022579,0.526285,-0.2555329,-0.4117961,0.5613311,-0.6810154,-0.2270451,0.236190438270569,0.273025542497635,0.4106461,0.0723055,0.09675886,0.9272379,0.1417906,0.3282131,0.1113623
267774,0.0166674,30.5713491179049,1.0229,0.5269239,-0.2550625,0.4097078,-0.5693899,0.6738691,0.2320243,0.236676931381226,0.267413973808289,0.410533,0.07257944,0.09728493,0.926558,0.1416278,0.3291876,0.1143125
267774,0.0166664,30.5880155172199,1.022971,0.5272098,-0.2546874,-0.4086684,0.5715678,-0.6720943,-0.2336442,0.243081748485565,0.259879291057587,0.4100626,0.07290035,0.09792389,0.9234603,0.1416455,0.3339963,0.1249168
267774,0.016667,30.6046825163066,1.023112,0.5283998,-0.2539012,0.4088026,-0.5700118,0.6731748,0.2341,0.243934839963913,0.253373831510544,0.4096875,0.07297069,0.09820975,0.9226191,0.1420362,0.3349686,0.1280459
267796,0.0166681,30.6213506162167,1.023307,0.5289862,-0.2537004,-0.4090731,0.5691771,-0.6736717,-0.2342291,0.244907036423683,0.230879917740822,0.4089013,0.07311183,0.09939982,0.9233495,0.1417965,0.3333491,0.127271
267796,0.0166706,30.6380212157965,1.023391,0.5301896,-0.2533368,0.4108122,-0.5635048,0.6773721,0.2342286,0.244406908750534,0.210490360856056,0.4087005,0.07330698,0.09998621,0.9237292,0.1414987,0.3326211,0.1267507
267796,0.0166667,30.6546879149973,1.023333,0.5308403,-0.2532407,-0.4125661,0.5582141,-0.6809765,-0.2333609,0.24555566906929,0.170276001095772,0.4083369,0.0733915,0.1011896,0.9262117,0.1398945,0.3279802,0.1224358
267796,0.0166667,30.6713546141982,1.023172,0.5318452,-0.2529948,-0.4159844,0.5518002,-0.6850612,-0.2305751,0.243744283914566,0.153008982539177,0.4082408,0.07333285,0.1018403,0.9284073,0.1385544,0.3240696,0.1176501
267796,0.0166669,30.6880215145648,1.023082,0.5323549,-0.2529026,-0.418445,0.5465534,-0.6885862,-0.2281059,0.234132304787636,0.0971154794096947,0.4079949,0.07317168,0.1028452,0.9308469,0.1361601,0.3206499,0.1103092
267814,0.0166667,30.7046882137656,1.022842,0.5331172,-0.2526122,-0.4238474,0.5380226,-0.6938328,-0.2224437,0.232933834195137,0.0745395869016647,0.4079027,0.07308239,0.1033549,0.9327635,0.1345914,0.3177851,0.1041638
267814,0.0166673,30.7213555146009,1.022941,0.5331793,-0.2525355,-0.4248827,0.5372561,-0.6940773,-0.2215567,0.227314591407776,0.0199996717274189,0.4076123,0.07284182,0.1041172,0.9355823,0.1310734,0.3144896,0.09274616
267814,0.0166678,30.738023314625,1.023143,0.5334351,-0.2524072,0.4270632,-0.5350797,0.6952958,0.2187934,0.225672468543053,0.00498280674219131,0.4075356,0.07294112,0.1041793,0.9357834,0.1303023,0.3146105,0.09138366
267814,0.0166662,30.754689514637,1.023293,0.5334811,-0.2523814,-0.4278425,0.5344125,-0.6957979,-0.2173004,0.221165984869003,0,0.4074073,0.0731433,0.1044351,0.9363252,0.129006,0.314691,0.08730549
267814,0.0166666,30.7713561151177,1.023404,0.5334313,-0.2522805,0.4284502,-0.5334756,0.6965042,0.2161396,0.218295037746429,0,0.4073815,0.07329303,0.1044811,0.9364192,0.1287219,0.3150283,0.08548062
267814,0.0166669,30.7880230154842,1.02336,0.5333466,-0.2521989,-0.4286946,0.5328424,-0.6970557,-0.2154376,0.213026881217957,0,0.4072805,0.07340401,0.1044313,0.9366501,0.1285018,0.3148951,0.08375604
267814,0.0166678,30.8046908155084,1.023073,0.5330278,-0.2518874,0.4286888,-0.5324782,0.6977625,0.2140574,0.211130172014236,0,0.407199,0.0733605,0.1043465,0.9368153,0.1285001,0.3146926,0.08266544
267836,0.0166667,30.8213575147092,1.023049,0.5328058,-0.2517015,0.4282571,-0.5336228,0.6972805,0.213641,0.205288037657738,0,0.4068875,0.07307333,0.1040278,0.9368076,0.1290075,0.3148972,0.08116957
267836,0.0166683,30.8380258139223,1.023129,0.5322651,-0.2511126,-0.426717,0.5352483,-0.6972516,-0.212749,0.204111337661743,0,0.4067016,0.07304925,0.1038058,0.9363315,0.1296085,0.3159429,0.08163948
267836,0.0166654,30.8546912129968,1.023162,0.5320964,-0.2508188,-0.4263352,0.5361005,-0.6970473,-0.2120372,0.202601596713066,0,0.4061127,0.07312888,0.1032651,0.9356312,0.1315598,0.3171043,0.0820443
267836,0.0166665,30.8713577128947,1.023663,0.5312643,-0.2497831,0.422225,-0.5411089,0.6959764,0.2110549,0.200268551707268,0,0.4058189,0.07316238,0.1030964,0.9352298,0.1322139,0.3180163,0.0820387
267836,0.0166667,30.8880244120955,1.023914,0.5309869,-0.2493953,-0.4199826,0.5435799,-0.6956493,-0.2102561,0.192132666707039,0,0.4047832,0.07366294,0.1022643,0.9332136,0.136887,0.3212025,0.0848731
267836,0.0166669,30.9046913124621,1.024693,0.5298176,-0.2484646,0.4146537,-0.551118,0.6932458,0.2091448,0.19224601984024,0,0.4043954,0.07391399,0.1019869,0.9321669,0.1395229,0.3228031,0.08600196
267836,0.016667,30.9213583115488,1.025119,0.5291207,-0.247977,-0.4117071,0.5551742,-0.6918144,-0.2089783,0.190934076905251,0,0.4034647,0.07469338,0.1008176,0.9290404,0.145435,0.3278966,0.09064494
267836,0.0166678,30.938026111573,1.025719,0.5277359,-0.2466443,0.4036697,-0.5643326,0.688996,0.2094382,0.192375898361206,0,0.402977,0.0751192,0.1001207,0.9273627,0.1485202,0.3304382,0.09354654
267836,0.0166695,30.9546956121922,1.025942,0.5271271,-0.2460774,-0.3976722,0.5685271,-0.6886023,-0.210857,0.198943927884102,0,0.4016443,0.07571882,0.09873588,0.9235421,0.1565831,0.3352151,0.100909
267836,0.0166642,30.9713598117232,1.026303,0.5263774,-0.2455218,0.386441,-0.5783219,0.6873961,0.2090308,0.206427931785584,0,0.4010776,0.07594234,0.09812714,0.9218324,0.162248,0.3358387,0.1054177
267836,0.0166663,30.988026112318,1.026528,0.5260977,-0.24546,-0.3808354,0.5832813,-0.6865559,-0.2082991,0.212713122367859,0.0290263593196869,0.4005219,0.07630318,0.09737743,0.9171253,0.1742832,0.3407233,0.1114184
267874,0.0166676,31.0046937130392,1.026811,0.5260149,-0.2452915,0.3732327,-0.5890058,0.6868938,0.2048086,0.21352706849575,0.0406997762620449,0.4004601,0.07652837,0.09709765,0.9146672,0.1801643,0.3431843,0.1146701
267874,0.0166667,31.02136041224,1.026943,0.5258147,-0.2450976,-0.3695276,0.5940624,-0.6847947,-0.20395,0.213762372732162,0.0631395503878593,0.4002916,0.07681149,0.09701492,0.9114055,0.1890244,0.3465847,0.1161413
267874,0.0166701,31.0380305126309,1.02688,0.5250924,-0.2443572,0.3605565,-0.6042876,0.6807885,0.2033781,0.210409224033356,0.0696373656392097,0.4000977,0.07694322,0.09681465,0.9088264,0.1928895,0.3501146,0.119365
267874,0.0166643,31.0546948127449,1.026842,0.5248903,-0.2439678,-0.3564522,0.6093954,-0.6786532,-0.2025068,0.217985108494759,0.103476412594318,0.3993573,0.07688004,0.09609236,0.9035115,0.201723,0.3561424,0.1270328
267874,0.0166663,31.0713611133397,1.026648,0.5249116,-0.2436346,0.3493927,-0.6172932,0.675694,0.2007774,0.223704174160957,0.134306475520134,0.3989679,0.07684249,0.0958903,0.9007242,0.2059045,0.3595873,0.1303693
267874,0.0166667,31.0880278125405,1.026566,0.5250603,-0.2435222,-0.3464603,0.6204239,-0.6745467,-0.2000663,0.229391843080521,0.163640812039375,0.3986347,0.07664758,0.09591158,0.8962165,0.2131716,0.3647705,0.1352645
267874,0.0166683,31.1046961117536,1.026731,0.5256517,-0.2437304,-0.3429111,0.6242966,-0.6734226,-0.1979092,0.239073351025581,0.186644092202187,0.3985223,0.07656604,0.09606029,0.8943781,0.2161749,0.3667848,0.137205
267896,0.0166661,31.1213622111827,1.026906,0.5259783,-0.2439052,-0.3419887,0.6253867,-0.673265,-0.1965954,0.242864221334457,0.209841012954712,0.3987305,0.07673126,0.09665169,0.8919278,0.2202434,0.369837,0.1384852
267896,0.0166666,31.1380288116634,1.027301,0.5265207,-0.2443515,0.3401552,-0.626785,0.6739467,0.1929537,0.239551529288292,0.20763310790062,0.3989053,0.07690591,0.09697832,0.8911528,0.221556,0.3710186,0.13822
267896,0.0166681,31.1546969115734,1.027564,0.5269272,-0.244796,-0.3392834,0.6267081,-0.6753679,-0.1897421,0.235061258077621,0.208424270153046,0.3993516,0.0773012,0.09752072,0.8898671,0.2245861,0.3730314,0.1361811
267896,0.016667,31.1713639106601,1.027917,0.5270587,-0.2454649,0.3377385,-0.6288323,0.6757556,0.1840036,0.222573891282082,0.202011331915855,0.3997962,0.07756358,0.09792723,0.8894401,0.2266026,0.3738614,0.133324
267896,0.0166662,31.1880301106721,1.028131,0.5267935,-0.2456632,0.3360371,-0.6308427,0.6752553,0.1820634,0.207502976059914,0.199521511793137,0.400465,0.07791692,0.09805872,0.8874873,0.229976,0.3775869,0.1300214
267914,0.0166665,31.20469661057,1.028796,0.526253,-0.2459684,-0.3350756,0.6307642,-0.6767643,-0.1784693,0.200665429234505,0.196455672383308,0.4006633,0.07813078,0.09779347,0.8860614,0.2321942,0.3795857,0.1299837
267914,0.0166665,31.2213631104678,1.029099,0.5259731,-0.2459667,0.3349453,-0.6296854,0.6782859,0.176738,0.18450853228569,0.180912628769875,0.4009685,0.07879573,0.09725298,0.8855278,0.2344044,0.380543,0.1268151
267914,0.0166688,31.2380319107324,1.029504,0.5254072,-0.2458871,-0.335199,0.6271075,-0.6814531,-0.1732044,0.178340822458267,0.169887125492096,0.4009668,0.07909924,0.09697308,0.8858235,0.2352179,0.3801322,0.124454
267914,0.016666,31.2546979114413,1.029567,0.5251451,-0.2460161,0.3353149,-0.6267873,0.682307,0.1707603,0.170466274023056,0.154827103018761,0.4008872,0.0795036,0.09640719,0.8866364,0.2363692,0.3791662,0.1193248
267914,0.0166676,31.2713655121624,1.029607,0.5244255,-0.2466654,-0.3354362,0.6276385,-0.6823934,-0.1670089,0.163552686572075,0.15966984629631,0.4010162,0.07956702,0.09614505,0.8864406,0.2370959,0.379913,0.1169385
267914,0.0166664,31.2880319114774,1.029624,0.5239382,-0.2468805,-0.3349464,0.628824,-0.6818988,-0.1655465,0.155639439821243,0.176546573638916,0.4016655,0.07960719,0.0954255,0.8854456,0.23815,0.3823568,0.1143411
267914,0.0166674,31.3046993110329,1.029584,0.5231991,-0.2472655,-0.3327482,0.6333758,-0.6792859,-0.1633546,0.153960525989532,0.186589509248734,0.4018806,0.07962435,0.09493817,0.8845778,0.2390315,0.383906,0.1140277
267936,0.0166665,31.3213658109307,1.029628,0.5231192,-0.2475173,-0.3316101,0.6349646,-0.6785378,-0.162608,0.152819275856018,0.231697022914886,0.4022656,0.07958382,0.09419908,0.8817278,0.2415894,0.3882987,0.1158226
267936,0.0166686,31.3380344100297,1.029707,0.5228132,-0.2476642,0.3301388,-0.6360074,0.6785111,0.1616348,0.151830241084099,0.243024319410324,0.4025175,0.07962781,0.09411921,0.8806945,0.2428454,0.3896589,0.116487
267936,0.0166652,31.3546996098012,1.029641,0.5225618,-0.2476545,-0.329313,0.6367651,-0.6782913,-0.1612578,0.15997876226902,0.261938095092773,0.4026644,0.07970685,0.0938132,0.8798736,0.2445588,0.3904252,0.1165403
267936,0.0166699,31.3713695090264,1.029398,0.5220817,-0.2477205,-0.3278399,0.6385251,-0.6776511,-0.1599868,0.166106387972832,0.265118032693863,0.4026546,0.07964104,0.09356184,0.8793486,0.2454481,0.3909556,0.1168544
267936,0.0166636,31.3880331087857,1.029268,0.5219138,-0.2477856,-0.3270767,0.6395237,-0.6772698,-0.1591727,0.172877445816994,0.285718977451324,0.4027206,0.07939774,0.09308173,0.878098,0.2471902,0.3925553,0.1172232
267936,0.0166685,31.4047016091645,1.029476,0.5214124,-0.247815,0.3251379,-0.6411622,0.6767651,0.1586998,0.176558211445808,0.302240282297134,0.4027857,0.07926804,0.09291382,0.877376,0.2481333,0.3935355,0.11735
267936,0.0166654,31.421367008239,1.029621,0.5212552,-0.2478071,-0.3248065,0.6413596,-0.6767659,-0.1585776,0.182437852025032,0.352872878313065,0.402815,0.07947618,0.09241237,0.876265,0.2500882,0.3944756,0.1183409
267936,0.0166692,31.4380362089723,1.029882,0.5211502,-0.2478778,0.3240028,-0.6422423,0.6762842,0.1587037,0.183505684137344,0.357844173908234,0.4028072,0.0796209,0.09225513,0.876111,0.2504433,0.3945719,0.118409
267936,0.0166649,31.454701108858,1.029964,0.5212332,-0.2479564,0.3238803,-0.64252,0.6760975,0.1586256,0.184649094939232,0.360483884811401,0.4028779,0.07988173,0.09215023,0.8755932,0.2511272,0.3950296,0.119262
267936,0.0166689,31.4713700097054,1.029995,0.5214311,-0.2480208,0.3237262,-0.6428265,0.6759012,0.158534,0.184105902910233,0.359669268131256,0.4029565,0.07996398,0.0922332,0.8754226,0.2512493,0.3952815,0.119422
267936,0.0166672,31.4880372099578,1.030014,0.5215653,-0.2481923,0.3236273,-0.6432516,0.6755458,0.1585269,0.183136999607086,0.358144640922546,0.4030209,0.07999486,0.09243108,0.8752315,0.2514048,0.3955534,0.1195952
267974,0.016665,31.5047022104263,1.030154,0.5220467,-0.2484371,-0.3236822,0.6439456,-0.6747482,-0.1589931,0.182575047016144,0.365201830863953,0.4031925,0.08001441,0.09256531,0.8749964,0.2514654,0.3959324,0.1199333
267974,0.016667,31.5213692095131,1.030403,0.5223844,-0.2486072,0.323897,-0.6444333,0.6741144,0.1592686,0.187092214822769,0.372786432504654,0.4034372,0.080154,0.09304668,0.8747098,0.2511897,0.3964501,0.1208882
267974,0.0166686,31.538037808612,1.030953,0.5232303,-0.2489089,-0.324393,0.6444933,-0.6736875,-0.1598211,0.188409298658371,0.38270229101181,0.4036073,0.08040315,0.0933844,0.8745149,0.2508352,0.3969154,0.1215058
267974,0.0166651,31.5547029078007,1.031203,0.5237637,-0.2491074,0.3249572,-0.6439784,0.6738201,0.1601912,0.194382056593895,0.380499601364136,0.403909,0.08095318,0.09423031,0.8746175,0.2501481,0.3969691,0.1220076
267974,0.0166684,31.5713713075966,1.031749,0.5248755,-0.2494984,0.326373,-0.6426294,0.674255,0.1608991,0.196133002638817,0.374495923519135,0.4041075,0.08120304,0.09476365,0.8750021,0.2495088,0.39656,0.1218885
267974,0.0166662,31.5880375076085,1.032035,0.5253215,-0.249567,-0.3273293,0.6404468,-0.6755979,-0.1620221,0.199037864804268,0.358593851327896,0.4044985,0.0817489,0.09587552,0.8759583,0.2479807,0.3955702,0.1213545
267974,0.0166677,31.6047052070498,1.032653,0.526552,-0.2499896,0.3298342,-0.6365417,0.6775401,0.1642057,0.205664277076721,0.329434782266617,0.4045671,0.08203524,0.09632148,0.8773747,0.2468573,0.3933768,0.1205402
267996,0.0166683,31.6213735062629,1.033008,0.5270833,-0.2499768,-0.3307689,0.6345716,-0.678529,-0.1658596,0.208576813340187,0.311888605356216,0.4049897,0.08265299,0.09755196,0.87998,0.2439722,0.3897466,0.1192076
267996,0.0166648,31.6380383055657,1.033939,0.5284198,-0.250035,0.3337718,-0.6312609,0.6795033,0.1684685,0.212992325425148,0.303787261247635,0.4049768,0.08300823,0.09808327,0.8813394,0.2426591,0.3875407,0.1190361
267996,0.0166666,31.6547049060464,1.034549,0.5291131,-0.2500981,-0.3351481,0.6296878,-0.6798763,-0.1701098,0.21476212143898,0.247792318463326,0.4050351,0.08393914,0.09941979,0.8836957,0.2390459,0.3845601,0.118543
267996,0.016667,31.6713719051331,1.035838,0.5308405,-0.2499419,0.3405049,-0.6212257,0.6841425,0.1734484,0.219448834657669,0.242334097623825,0.4050983,0.08454925,0.100113,0.884861,0.2372396,0.3829582,0.1186657
267996,0.0166691,31.6880410052836,1.036369,0.5318714,-0.2500389,0.3436217,-0.6184757,0.6847777,0.1746186,0.23444290459156,0.19725139439106,0.404942,0.08583766,0.1018405,0.8900338,0.2313724,0.3757056,0.1146821
268014,0.0166648,31.7047058045864,1.038056,0.5345153,-0.2504704,-0.3498335,0.6103423,-0.6880524,-0.1779967,0.234834507107735,0.180498063564301,0.405039,0.08636862,0.1028714,0.8917992,0.2280181,0.3739499,0.1134173
268014,0.0166673,31.7213731054217,1.039155,0.5360585,-0.2508914,-0.3539881,0.6041383,-0.691279,-0.1784459,0.231653034687042,0.143476590514183,0.4054705,0.08805579,0.1055153,0.8966799,0.2211234,0.3674487,0.1097776
268014,0.0166662,31.7380393054336,1.041553,0.5405833,-0.2529677,-0.3722664,0.5819658,-0.6997712,-0.1818077,0.224912628531456,0.110781788825989,0.4058915,0.0891549,0.1070585,0.8999614,0.2171231,0.3631232,0.1052078
268014,0.016667,31.7547063045204,1.042698,0.5427517,-0.254182,-0.3822064,0.5699784,-0.7038548,-0.1833889,0.190786346793175,0,0.4079677,0.09155291,0.1115832,0.911522,0.198338,0.3486945,0.09056486
268014,0.0166677,31.7713740039617,1.044661,0.5467684,-0.2566881,-0.4005887,0.5392495,-0.7168055,-0.1868925,0.193308129906654,0,0.4091821,0.0926984,0.1137517,0.9173194,0.1879503,0.3411344,0.08262699
268014,0.0166661,31.7880401033908,1.045093,0.5489602,-0.2575692,0.40941,-0.522315,0.7238986,0.1885244,0.189019069075584,0,0.4116881,0.09466082,0.1177684,0.9306166,0.1681629,0.3190061,0.06252346
268014,0.0166679,31.8047080039978,1.045665,0.5513736,-0.2577986,-0.4223811,0.4960876,-0.7325551,-0.1971157,0.202121868729591,0.0166322775185108,0.4125693,0.09509331,0.1199602,0.9371945,0.1583281,0.3065056,0.05150923
268036,0.0166659,31.8213739041239,1.045567,0.5516967,-0.2572336,0.4296898,-0.4790752,0.7386974,0.2004494,0.236733123660088,0.258550107479095,0.4127987,0.09566504,0.1223736,0.9473419,0.1412348,0.2845755,0.04016069
268036,0.0166681,31.8380420040339,1.045235,0.5515305,-0.2543557,-0.4332604,0.4176574,-0.7738139,-0.1976358,0.247472614049912,0.417766511440277,0.4122337,0.09556729,0.1226967,0.9530425,0.1317445,0.2708987,0.03110149
268036,0.0166662,31.8547082040459,1.044945,0.5503792,-0.2521305,0.4366214,-0.3666108,0.7986308,0.1927359,0.21885658800602,0.321315884590149,0.4093558,0.09523469,0.1225305,0.9679354,0.1246239,0.2177298,-0.01279071
268036,0.0166666,31.8713748045266,1.045446,0.5492326,-0.2490299,-0.4416575,0.2542441,-0.8410242,-0.1815955,0.217526331543922,0.147064313292503,0.4071306,0.09494525,0.1213792,0.9761839,0.11691,0.1758199,-0.0498443
268036,0.0166669,31.8880417048931,1.046092,0.5493748,-0.2490679,0.4421765,-0.2241084,0.8492928,0.1815414,0.178516045212746,0.1175427287817,0.40403,0.09544641,0.1202326,0.9835281,0.09613822,0.08556156,-0.1269218
268036,0.0166696,31.9047113042325,1.047904,0.549365,-0.2502292,-0.4434185,0.2011314,-0.8531618,-0.1871932,0.157419845461845,0.0874485820531845,0.4040681,0.09609157,0.1203748,0.9836994,0.08913375,0.06036669,-0.144037
268036,0.016665,31.921376304701,1.048986,0.5490454,-0.2507705,0.4435806,-0.197926,0.853041,0.1907427,0.148318633437157,0.0302355363965034,0.4052293,0.09790426,0.120365,0.9842964,0.08075822,0.03931765,-0.1519634
268036,0.0166675,31.9380438048393,1.05079,0.5488001,-0.252129,-0.4440978,0.1994117,-0.8507631,-0.198026,0.136152714490891,0.0138022871688008,0.4057706,0.09898597,0.1200454,0.9848167,0.07869142,0.03522979,-0.1506741
268036,0.0166662,31.9547100048512,1.051418,0.5487764,-0.2522066,0.4444589,-0.2004216,0.8498804,0.1999772,0.128634423017502,0,0.407129,0.1007901,0.1198001,0.9861274,0.07615965,0.03366262,-0.1435942
268036,0.016668,31.9713780041784,1.052347,0.5487049,-0.2518632,-0.4469998,0.2007329,-0.8483104,-0.2006668,0.130474671721458,0,0.4072067,0.1014181,0.1197764,0.9865017,0.07539235,0.03385865,-0.1413649
268036,0.0166662,31.9880442041904,1.052758,0.5485474,-0.2516285,-0.4492479,0.1997667,-0.8473657,-0.2006023,0.130289435386658,0,0.4068634,0.102347,0.1197049,0.9867665,0.07262661,0.03500348,-0.140684
268074,0.0166693,32.0047135036439,1.053643,0.5481414,-0.2513217,-0.4540194,0.1989692,-0.844748,-0.2016892,0.126939028501511,0,0.4066287,0.1027578,0.1195474,0.9868454,0.07010207,0.03526282,-0.141345
268074,0.0166827,32.0213962029666,1.054181,0.5480642,-0.25147,0.4564408,-0.2025153,0.8420653,0.2039006,0.125253960490227,0,0.4063218,0.1036432,0.1191414,0.9872301,0.0646277,0.03635574,-0.1409904
268074,0.0166701,32.0380663033575,1.054747,0.5478007,-0.2514529,-0.4597543,0.2086623,-0.8376177,-0.2085249,0.1382807046175,0,0.4064701,0.1041811,0.1190642,0.9877973,0.06223011,0.03952308,-0.1371927
268074,0.0166646,32.0547309033573,1.054987,0.5477865,-0.2515042,-0.4616483,0.2135369,-0.834954,-0.2100832,0.159075736999512,0,0.406453,0.1047474,0.1188007,0.9888012,0.05868977,0.04429267,-0.1298687
268074,0.0166652,32.0713961031288,1.055279,0.5475798,-0.2518066,0.4635765,-0.221197,0.8310184,0.2134885,0.1647889316082,0,0.4065043,0.1049872,0.1187865,0.9891976,0.05731755,0.04861867,-0.1258539
268074,0.0166661,32.0880622025579,1.055331,0.5474832,-0.2518921,0.4640159,-0.2239026,0.8299521,0.2138609,0.177840441465378,0,0.4068066,0.1052795,0.1185798,0.9898592,0.05589193,0.05455101,-0.1186555
268074,0.016667,32.1047292016447,1.055066,0.5471897,-0.2518857,0.4647031,-0.2254576,0.8290669,0.2141685,0.178863734006882,0,0.4068921,0.1053315,0.1184832,0.989945,0.05590902,0.05688034,-0.1168236
268074,0.0166676,32.1213968023658,1.054922,0.547061,-0.2519103,0.465229,-0.2249756,0.8289887,0.2138359,0.182783052325249,0,0.4068858,0.1050656,0.1181897,0.9900166,0.05543068,0.05838539,-0.1156971
268096,0.0166686,32.1380654014647,1.054702,0.546705,-0.2519681,0.4659665,-0.2243427,0.8287116,0.213969,0.183130115270615,0,0.4069104,0.1049216,0.118061,0.9899811,0.05488671,0.05836295,-0.1162697
268096,0.016665,32.1547304019332,1.054621,0.5464383,-0.2519964,-0.4662278,0.2243574,-0.8284652,-0.2143377,0.182356134057045,0,0.4069682,0.1047018,0.117705,0.990018,0.05393058,0.05812132,-0.1165248
268096,0.016667,32.1713974010199,1.054405,0.5461999,-0.2519206,0.4671384,-0.2246719,0.8276606,0.2151332,0.182121440768242,0,0.4069965,0.1046208,0.1174383,0.9900784,0.05353592,0.05810473,-0.1162
268096,0.0166668,32.1880642008036,1.054221,0.5462148,-0.251799,-0.4676607,0.2250952,-0.8270667,-0.2158391,0.178007692098618,0,0.4069207,0.104405,0.1171999,0.9902183,0.05238331,0.05847022,-0.1153475
268114,0.0166673,32.2047315016389,1.053636,0.5465029,-0.2516351,0.4685717,-0.226413,0.8258228,0.2172431,0.179059192538261,0,0.4067991,0.1042214,0.1172148,0.9903342,0.05169073,0.058782,-0.1145034
268114,0.0166681,32.2213996015489,1.053181,0.5466729,-0.2516182,0.4683599,-0.2271031,0.8255652,0.2179571,0.180039599537849,0,0.4066352,0.1036356,0.1175029,0.9905591,0.05054943,0.05974432,-0.1125525
268114,0.0180848,32.2394844014198,1.052522,0.5470427,-0.251622,-0.4683576,0.2275865,-0.8253081,-0.2184312,0.183102816343308,0,0.4066183,0.1031807,0.1176729,0.9906561,0.05068004,0.05993345,-0.1115352
268114,0.0166646,32.2561490014195,1.052073,0.5474304,-0.2516611,0.4684137,-0.2278864,0.825117,0.21872,0.182792648673058,0,0.4066221,0.1025217,0.1180427,0.9907231,0.05062697,0.06014541,-0.1108479
268114,0.0166684,32.2728174012154,1.051833,0.5476862,-0.2515913,-0.468763,0.2275631,-0.8251317,-0.2182525,0.179908901453018,0,0.4066612,0.1020728,0.1184304,0.9907649,0.05053537,0.06030636,-0.1104272
268114,0.0166654,32.28948280029,1.051617,0.5479731,-0.2515682,0.4692688,-0.2267346,0.8252755,0.2174822,0.178132832050323,0,0.4065914,0.1018327,0.1186862,0.9907072,0.05025754,0.06038974,-0.1110254
268114,0.0166672,32.3061500005424,1.051219,0.5481319,-0.2515012,-0.4700683,0.2238322,-0.8258802,-0.2164648,0.177308514714241,0,0.4065683,0.1016169,0.118973,0.9906091,0.04980747,0.06024545,-0.1121757
268136,0.0166665,32.3228165004402,1.050749,0.5484794,-0.2515687,0.4700963,-0.2215027,0.8267354,0.2155333,0.177833288908005,0,0.4065013,0.1012195,0.1191319,0.9904739,0.04867544,0.05859411,-0.1147128
268136,0.0166687,32.339485200122,1.050534,0.5486543,-0.251645,-0.4698194,0.2204396,-0.827173,-0.215548,0.18290239572525,0,0.4065688,0.1007496,0.1194794,0.9903284,0.04844533,0.05702893,-0.1168348
268136,0.0166662,32.356151400134,1.050169,0.5488448,-0.251743,0.4692887,-0.2192153,0.8278431,0.2153806,0.185913294553757,0,0.4066451,0.100534,0.1196543,0.9903166,0.04849418,0.0559981,-0.1174124
268136,0.0166666,32.3728180006146,1.049637,0.5490462,-0.2521053,-0.4681905,0.2187451,-0.8285162,-0.2156599,0.188982501626015,0,0.406743,0.1001688,0.1198448,0.9902699,0.04883387,0.0547876,-0.1182336
268136,0.0166671,32.3894851002842,1.049385,0.5489892,-0.2524068,0.4671701,-0.2178906,0.8291734,0.2162109,0.190549314022064,0,0.4071054,0.09963709,0.1200462,0.9902792,0.04978491,0.05376105,-0.1182305
268136,0.0166713,32.4061564002186,1.048915,0.5486172,-0.2526016,0.4657032,-0.2174594,0.8303252,0.2153884,0.191477224230766,0,0.4074069,0.09938484,0.1199892,0.9903235,0.0504751,0.05233703,-0.1182057
268136,0.0166623,32.4228186998516,1.048692,0.5479776,-0.2528021,0.4641956,-0.2166995,0.8316283,0.2143787,0.1956437677145,0,0.4076018,0.0989154,0.1196172,0.9901606,0.052191,0.05162428,-0.1191341
268136,0.0166711,32.439489800483,1.048584,0.5474844,-0.2528531,0.4631649,-0.2148589,0.8328227,0.2138232,0.192104190587997,0,0.4078022,0.098692,0.1189776,0.9899613,0.05393588,0.0506945,-0.1204065
268136,0.0166635,32.4561532996595,1.048359,0.5462831,-0.2528988,0.4612718,-0.2138384,0.8344467,0.2126032,0.189175233244896,0,0.4078532,0.09858376,0.1184844,0.9898233,0.05478223,0.04889514,-0.1218939
268136,0.0166664,32.4728196989745,1.048248,0.5457217,-0.2528082,0.4604689,-0.2137395,0.8351185,0.2118045,0.180672183632851,0.0271141603589058,0.4078989,0.09835869,0.1172831,0.9895656,0.0569341,0.04765597,-0.1234809
268136,0.0166682,32.4894878994673,1.048302,0.5450145,-0.2526986,0.4596519,-0.213969,0.8356345,0.2113114,0.181990250945091,0.0423316285014153,0.4078084,0.09824806,0.1167216,0.9894174,0.0580158,0.04752717,-0.1242123
268174,0.0166667,32.5061545986682,1.048585,0.5442669,-0.2528303,-0.4584126,0.214548,-0.8360488,-0.2117772,0.180557385087013,0.0534619800746441,0.4076987,0.09830195,0.1160145,0.9893181,0.05908376,0.0475417,-0.1244937
268174,0.0166663,32.522820899263,1.04891,0.5435995,-0.2529855,0.4575675,-0.2153057,0.836172,0.212349,0.182324379682541,0.0716678500175476,0.4078303,0.09858495,0.1152669,0.9893507,0.06034858,0.04725703,-0.1237336
268174,0.0166682,32.5394890997559,1.04899,0.5432451,-0.2529353,0.457507,-0.2152865,0.8363137,0.2119403,0.183495104312897,0.0777025148272514,0.4079855,0.09891015,0.1145995,0.9894151,0.06120764,0.04726293,-0.1227911
268174,0.0166655,32.5561545994133,1.049293,0.5423393,-0.2527031,0.457408,-0.214828,0.8365761,0.2115829,0.183510139584541,0.0797592326998711,0.4079354,0.09898978,0.1142451,0.9893516,0.06140321,0.0473872,-0.1231564
268174,0.0169927,32.5731472987682,1.049485,0.5419357,-0.2525781,0.4574047,-0.2146724,0.8366514,0.21145,0.182708337903023,0.0852508246898651,0.4077032,0.09929329,0.1133393,0.9892874,0.06152151,0.04710376,-0.1237206
268174,0.0166666,32.5898138992488,1.049928,0.5409681,-0.252278,0.4568847,-0.2146929,0.8367907,0.2120014,0.18245168030262,0.0882654711604118,0.4075782,0.09948474,0.1129357,0.989265,0.06153401,0.04702649,-0.1239228
268174,0.0166677,32.6064815986902,1.050037,0.5407203,-0.252179,-0.4567984,0.2151,-0.8367494,-0.2119381,0.183049261569977,0.0958169996738434,0.407278,0.09992772,0.1119681,0.9893272,0.06189412,0.04657391,-0.123417
268196,0.0166661,32.6231476981193,1.050321,0.5402021,-0.251822,0.456331,-0.2153383,0.8369368,0.2119634,0.184565559029579,0.100961908698082,0.4071791,0.1000372,0.1117202,0.9893206,0.06209762,0.04690138,-0.1232432
268196,0.0166663,32.6398139987141,1.050481,0.5400193,-0.2516266,0.4562509,-0.2153038,0.837069,0.2116484,0.186389118432999,0.104078389704227,0.4068221,0.1003211,0.1112021,0.9893094,0.06262875,0.04687319,-0.1230758
268196,0.0166671,32.6564810983837,1.050992,0.5398439,-0.2514157,-0.4563698,0.2155734,-0.8368932,-0.2118126,0.185894012451172,0.102671563625336,0.4066268,0.1004811,0.1110193,0.9892585,0.06280959,0.04693693,-0.1233673
268196,0.016682,32.6731630992144,1.051188,0.5398651,-0.2513375,-0.456528,0.2158801,-0.8367181,-0.2118509,0.185640037059784,0.0962044596672058,0.4064158,0.100992,0.1108439,0.9892919,0.06269237,0.04715081,-0.1230774
268196,0.0166667,32.6898297984153,1.05138,0.5402224,-0.2512634,-0.4569398,0.2155574,-0.836581,-0.2118337,0.185343205928802,0.0987817421555519,0.4063376,0.101188,0.1108651,0.9893085,0.06258483,0.04746609,-0.1228775
268214,0.0166679,32.7064976990223,1.051402,0.5404391,-0.2512901,-0.4570101,0.2161003,-0.8363547,-0.2120224,0.184473320841789,0.0988946110010147,0.4062635,0.1013802,0.1112224,0.9893176,0.06208977,0.04739417,-0.1230833
268214,0.0166654,32.7231630980968,1.05117,0.5409738,-0.2515136,-0.4573703,0.2174343,-0.835717,-0.2123962,0.185336917638779,0.0965885445475578,0.4062902,0.1014021,0.111439,0.9893563,0.06207665,0.0478048,-0.1226184
268214,0.0166657,32.7398287989199,1.050744,0.5413793,-0.2517387,0.4576187,-0.2180588,0.8353112,0.2128162,0.186300247907639,0.0971450060606003,0.4065137,0.1011696,0.1119738,0.9894441,0.06187907,0.04893848,-0.1215583
268214,0.0166684,32.7564971987158,1.049574,0.541955,-0.2521907,0.4578844,-0.2194189,0.8347672,0.2129815,0.187719464302063,0.0990443155169487,0.4067388,0.1007436,0.1123793,0.9895237,0.06162087,0.0494057,-0.1208501
268214,0.0166666,32.7731637991965,1.048824,0.5422012,-0.2524051,0.4580728,-0.2196973,0.8346346,0.2128092,0.188811004161835,0.10726223886013,0.4071908,0.09957415,0.112955,0.9895739,0.06159535,0.05060409,-0.1199535
268214,0.0166677,32.7898314986378,1.04737,0.5426514,-0.253197,-0.4581865,0.2195466,-0.8348563,-0.2118476,0.189353704452515,0.108128041028976,0.4074052,0.09882432,0.1132012,0.9895585,0.06151988,0.05099698,-0.1199529
268214,0.0166663,32.8064977992326,1.046495,0.5428919,-0.2536676,-0.458121,0.2191031,-0.8353377,-0.210547,0.188916996121407,0.144996404647827,0.408197,0.09736973,0.1136514,0.9894185,0.06169037,0.05131992,-0.1208784
268236,0.0166669,32.8231646995991,1.044953,0.5430944,-0.2544875,-0.456696,0.2167311,-0.8372863,-0.2083461,0.190072670578957,0.169209152460098,0.4086676,0.09649521,0.1138919,0.9892169,0.06209444,0.05145335,-0.1222578
268236,0.0169497,32.8401143997908,1.044185,0.5428492,-0.254683,-0.4561248,0.21626,-0.8378586,-0.2077858,0.190543159842491,0.223713755607605,0.4094875,0.09495264,0.1140944,0.9887983,0.06377409,0.04970632,-0.1254593
268236,0.0166689,32.8567833006382,1.042684,0.5421566,-0.25473,-0.4559721,0.2174868,-0.8381197,-0.2057774,0.190028607845306,0.25997731089592,0.409683,0.09418541,0.1138492,0.9886828,0.06444677,0.04927657,-0.1261935
268236,0.0166662,32.8734495006502,1.041927,0.541698,-0.2547024,-0.4558857,0.2163887,-0.8386671,-0.2048945,0.19072200357914,0.277732878923416,0.4097301,0.09268385,0.1131566,0.9883838,0.06555009,0.05106679,-0.1272512
268236,0.0166688,32.8901183009148,1.040574,0.5407617,-0.2548286,-0.4550695,0.2117985,-0.840984,-0.2019884,0.192875996232033,0.274237394332886,0.4097025,0.09192652,0.112698,0.9882274,0.0656833,0.05047058,-0.1286277
268236,0.0166666,32.9067849013954,1.040222,0.5403035,-0.2549992,-0.4541726,0.2087237,-0.842591,-0.2005047,0.189454331994057,0.28749093413353,0.4098287,0.09057444,0.1117617,0.9876561,0.06643999,0.04744724,-0.1336784
268236,0.0166671,32.923452001065,1.039081,0.5394304,-0.2550817,0.4530109,-0.2028165,0.8450617,0.1987898,0.185940682888031,0.298166930675507,0.4099993,0.09022194,0.1113035,0.9873139,0.06714661,0.04507189,-0.1366423
268236,0.016666,32.940118001774,1.038792,0.5388576,-0.2548976,-0.4508003,0.2015942,-0.8464581,-0.1991169,0.186984449625015,0.331555306911469,0.4100818,0.08908063,0.1104304,0.9868304,0.06752992,0.0403065,-0.141354
268236,0.0166673,32.9567853026092,1.037908,0.5375856,-0.2544804,0.448832,-0.1992813,0.84791,0.1997137,0.188886910676956,0.337375432252884,0.4098977,0.08879238,0.1098576,0.9867399,0.06941868,0.0381251,-0.1416754
268236,0.0166665,32.973451802507,1.037417,0.536904,-0.2541754,-0.4483158,0.1976949,-0.8486561,-0.1992802,0.189376309514046,0.362121373414993,0.4094805,0.08790809,0.1085856,0.9866635,0.07070611,0.03503546,-0.1423671
268236,0.0166696,32.9901214018464,1.036434,0.5354432,-0.2532991,-0.4475213,0.1955998,-0.850042,-0.1972159,0.189414530992508,0.367961049079895,0.4091755,0.08741683,0.107904,0.9865122,0.07100178,0.03365419,-0.1435958
268274,0.0166656,33.0067870020866,1.035844,0.5347433,-0.2529317,-0.4473391,0.1925486,-0.8511764,-0.1957339,0.190808862447739,0.378902822732925,0.4082991,0.08643395,0.1064432,0.9860551,0.07199116,0.03240129,-0.1465018
268274,0.0166662,33.0234532020986,1.03444,0.533374,-0.2522488,0.4466522,-0.1843318,0.8540201,0.192804,0.191310092806816,0.377874612808228,0.4079317,0.08584398,0.1057433,0.9856823,0.07192476,0.03039443,-0.1494438
268274,0.016666,33.0401192028075,1.034072,0.5327702,-0.2523347,-0.4457304,0.1810118,-0.8552182,-0.1927722,0.198430627584457,0.377096354961395,0.4072489,0.08443958,0.1043739,0.9847902,0.07157103,0.0244719,-0.1564195
268274,0.0166671,33.0567863024771,1.032975,0.5314777,-0.2524617,0.4429455,-0.174361,0.8579656,0.1931129,0.202005162835121,0.392856776714325,0.4073349,0.08407158,0.1037702,0.9845674,0.07170606,0.0213058,-0.158213
268274,0.0166662,33.0734525024891,1.032314,0.530879,-0.2523065,-0.441129,0.1710427,-0.8594316,-0.1937188,0.207280188798904,0.421686142683029,0.4074618,0.08297509,0.1024777,0.9840953,0.07278652,0.0143728,-0.1614063
268274,0.0166685,33.0901210028678,1.031179,0.5296417,-0.2516342,0.4370367,-0.1654468,0.862512,0.1941637,0.212335139513016,0.433569997549057,0.4073066,0.08231431,0.101879,0.9838862,0.07361027,0.01054088,-0.1625987
268274,0.0166663,33.1067873034626,1.030645,0.5292783,-0.2513776,0.435901,-0.164307,0.863364,0.1938977,0.220438688993454,0.455230712890625,0.4066343,0.08117896,0.1006417,0.9833286,0.07621461,0.003859174,-0.1650497
268274,0.0166682,33.1234555039555,1.029405,0.5288979,-0.2509391,0.4352413,-0.1613269,0.8645861,0.1924313,0.220428109169006,0.453449249267578,0.4063777,0.08064491,0.1002783,0.9831257,0.07716411,0.002511177,-0.1658409
268274,0.0166654,33.14012090303,1.028925,0.5287521,-0.2507051,0.4351249,-0.1616467,0.8648192,0.1913753,0.220043927431107,0.446489214897156,0.4059392,0.07940549,0.09989788,0.9826193,0.07753403,0.0003678593,-0.1686645
268274,0.0166668,33.1567877028137,1.028463,0.5283818,-0.2502173,-0.4345787,0.1624721,-0.8651461,-0.1904375,0.221466153860092,0.444023340940475,0.4057052,0.07892507,0.09975208,0.9824498,0.0780742,0.001021061,-0.1693981
268274,0.0166667,33.1734544020146,1.028337,0.5283165,-0.2499925,-0.4344262,0.1623156,-0.8653693,-0.1899039,0.223357692360878,0.431965798139572,0.4052174,0.07846338,0.09938182,0.9823036,0.07914495,0.001845308,-0.1697423
268274,0.0166689,33.190123302862,1.02827,0.5281374,-0.2493554,0.4345786,-0.1624627,0.865433,0.1891384,0.22272926568985,0.427180945873261,0.4049926,0.07833701,0.09931649,0.9821878,0.07943014,0.001870812,-0.170278
268274,0.0166668,33.2067901026458,1.028354,0.5280181,-0.2489845,-0.4346458,0.1624036,-0.8654587,-0.1889161,0.224702537059784,0.415585517883301,0.4043555,0.07826954,0.09913744,0.9820746,0.07955746,0.002382983,-0.1708641
268314,0.0166663,33.2234564032406,1.028995,0.5276307,-0.2481096,0.4342939,-0.1603307,0.8658462,0.1897191,0.226034536957741,0.411921918392181,0.4039846,0.0783543,0.09901799,0.9820362,0.07954444,0.002458396,-0.1710894
268314,0.016666,33.2401224039495,1.029573,0.5273834,-0.2477052,-0.4343279,0.1583244,-0.8661632,-0.1898793,0.23524335026741,0.40473398566246,0.4031097,0.07899457,0.09863068,0.9820051,0.0791068,0.0002528693,-0.1714877
268314,0.0166673,33.2567897047848,1.031069,0.5265747,-0.2470606,-0.4340866,0.1595215,-0.8657848,-0.1911508,0.239173084497452,0.408157646656036,0.4027053,0.07957286,0.09838344,0.9818903,0.07849625,-0.001450703,-0.1724175
268314,0.0166671,33.2734568044543,1.031705,0.5261148,-0.2467853,0.433775,-0.1587569,0.8658313,0.1922803,0.241755485534668,0.411108404397964,0.4020607,0.08106881,0.09757473,0.9821823,0.07864894,-0.00110897,-0.170678
268314,0.0166675,33.2901243045926,1.03266,0.5254093,-0.2463064,-0.4336974,0.1564451,-0.8662643,-0.1923997,0.243654876947403,0.418079555034637,0.4017854,0.08170539,0.09711482,0.9823002,0.07840431,-0.002354367,-0.1700992
268314,0.0166667,33.3067910037935,1.033173,0.5249205,-0.2460603,0.4335404,-0.1561019,0.8663857,0.192486,0.245484948158264,0.449931472539902,0.4013065,0.08266038,0.09640934,0.9821436,0.07783817,-0.004342128,-0.17122
268336,0.0166675,33.3234585039318,1.034209,0.5239464,-0.2457004,-0.4332493,0.1560811,-0.8665113,-0.1925929,0.245574533939362,0.459537953138351,0.4010604,0.08317345,0.09592046,0.9821209,0.07787982,-0.00473216,-0.1713209
268336,0.0166662,33.3401247039437,1.034662,0.52358,-0.2457211,0.4334033,-0.1559646,0.866547,0.1921798,0.245300263166428,0.474814176559448,0.4007005,0.08420867,0.0949464,0.9821159,0.07813621,-0.004926955,-0.1712275
268336,0.0166667,33.3567914031446,1.035421,0.5229496,-0.2458379,-0.4340435,0.1556212,-0.8664887,-0.1912736,0.24293127655983,0.492351680994034,0.4007212,0.08466154,0.09457995,0.982047,0.07808131,-0.004779266,-0.1716513
268336,0.0166666,33.3734580036253,1.035717,0.5225905,-0.2458637,-0.4344836,0.1563673,-0.8661744,-0.1910901,0.241176709532738,0.504080533981323,0.4008381,0.08542055,0.09394957,0.9819112,0.0776295,-0.004389504,-0.1726403
268336,0.016673,33.3901310041547,1.036159,0.5219845,-0.2459821,0.4353424,-0.1562403,0.8659167,0.1904061,0.240739583969116,0.512095212936401,0.4008638,0.0857169,0.09359051,0.9819685,0.07743688,-0.003498145,-0.1724213
268336,0.0166663,33.4067973047495,1.036309,0.5217444,-0.246038,-0.4357657,0.1560575,-0.8657923,-0.1901528,0.238801375031471,0.530610740184784,0.4009822,0.08615929,0.09298445,0.9819028,0.07674771,-0.002923636,-0.1731131
268336,0.0166669,33.423464205116,1.036675,0.5214303,-0.2460282,0.4363745,-0.156381,0.8655594,0.1895502,0.238650664687157,0.53497052192688,0.4010381,0.08630902,0.09274437,0.9818757,0.07634927,-0.002774326,-0.1734455
268336,0.0166678,33.4401320051402,1.03687,0.5213573,-0.2460383,-0.4365826,0.1566514,-0.8654901,-0.1891639,0.239193052053452,0.543305039405823,0.4010283,0.08667463,0.09243025,0.9818384,0.07600649,-0.001977194,-0.1738174
268336,0.0166658,33.4567978046834,1.037123,0.5212966,-0.2461174,0.4370685,-0.1562893,0.8655763,0.1879432,0.239227011799812,0.550861299037933,0.4010383,0.0868699,0.09235729,0.9818057,0.07598881,-0.001497448,-0.1740146
268336,0.0166661,33.4734639041126,1.037232,0.5213014,-0.2461919,-0.4371423,0.1563355,-0.8655865,-0.1876857,0.239217922091484,0.555787682533264,0.4011175,0.08712262,0.09229662,0.9815975,0.075787,-0.001060246,-0.1752754
268336,0.0166673,33.4901312049478,1.037397,0.5214196,-0.2463354,0.4372395,-0.1566944,0.865609,0.1870549,0.238932594656944,0.559090375900269,0.401192,0.08723193,0.09230138,0.9815606,0.07580583,-0.0008802676,-0.1754752
268374,0.0166672,33.5067984052002,1.037498,0.5214667,-0.246404,0.437183,-0.1567533,0.8656704,0.1868536,0.238489657640457,0.567799985408783,0.4013355,0.08739704,0.09241964,0.9814822,0.07600165,-0.0002753453,-0.1758304
268374,0.0166669,33.5234653055668,1.037754,0.5215346,-0.2465357,-0.4370631,0.1572461,-0.8656892,-0.1866327,0.237981542944908,0.56935441493988,0.4014041,0.08749825,0.09246673,0.9814467,0.07613876,-0.0001680433,-0.1759696
268374,0.0166669,33.5401322059333,1.037833,0.5215745,-0.2465405,-0.4369687,0.1570941,-0.8658188,-0.1863803,0.236820071935654,0.57156229019165,0.4015358,0.08775443,0.09253456,0.9814354,0.07646064,0.0002755005,-0.175893
268374,0.0166665,33.5567987058312,1.038237,0.5216371,-0.246684,-0.4370413,0.15745,-0.8657806,-0.1860869,0.236160233616829,0.57200962305069,0.4015406,0.08783346,0.09257449,0.9813721,0.07659694,0.0002134984,-0.1761863
268374,0.0166666,33.5734653063118,1.038539,0.5219244,-0.2468744,-0.4376914,0.1584713,-0.8655596,-0.1847155,0.234469220042229,0.570347905158997,0.4016841,0.08823663,0.09263708,0.9813513,0.07670958,0.0006630421,-0.1762523
268374,0.0166673,33.5901326071471,1.039231,0.5217531,-0.2470753,0.4373919,-0.1585836,0.8656539,0.1848863,0.231672793626785,0.567977726459503,0.4018745,0.0885393,0.09292437,0.9812266,0.07674909,0.002377992,-0.1769133
268374,0.0166669,33.6067995075136,1.039587,0.5215977,-0.2471792,-0.4373011,0.1589555,-0.8656287,-0.1848999,0.228442594408989,0.561799645423889,0.4020754,0.08923107,0.09275307,0.9812442,0.07702982,0.002261596,-0.1766949
268374,0.0166672,33.6234667077661,1.040076,0.521088,-0.2474141,-0.4371351,0.1601889,-0.8654841,-0.1849048,0.227558568120003,0.563553929328918,0.4021793,0.08958679,0.09259774,0.9812673,0.07721557,0.002520531,-0.1764819
268374,0.0166672,33.6401339080185,1.040228,0.5207281,-0.2475092,0.4369972,-0.1606046,0.8654215,0.185163,0.224008277058601,0.573592841625214,0.4024141,0.09007567,0.092088,0.9813455,0.07770555,0.003458099,-0.1758154
268374,0.0166663,33.6568002086133,1.040412,0.5201145,-0.247974,-0.4366619,0.1610061,-0.8654628,-0.1854122,0.223459646105766,0.573163568973541,0.4025093,0.0902279,0.09172811,0.9814118,0.07787298,0.003628754,-0.1753671
268374,0.0166666,33.673466809094,1.040494,0.5198908,-0.2483246,0.4367127,-0.1610834,0.8653735,0.1856423,0.222271323204041,0.578524172306061,0.4029741,0.0904122,0.09111454,0.981461,0.07824045,0.003701323,-0.1749259
268374,0.0166674,33.6901342086494,1.04041,0.5196339,-0.2488949,-0.4365646,0.1602797,-0.8654733,-0.1862203,0.22162789106369,0.583437979221344,0.4033247,0.0904941,0.09089078,0.9815115,0.07813589,0.00369127,-0.1746895
268414,0.0166667,33.7068009078503,1.040372,0.5194818,-0.2490753,-0.4366864,0.1607118,-0.8653002,-0.1863661,0.222642585635185,0.586511373519897,0.403895,0.09041005,0.09063388,0.9815471,0.07789402,0.002718348,-0.174615
268414,0.016667,33.723467906937,1.040357,0.5191892,-0.249244,0.4368223,-0.1608288,0.8652289,0.1862783,0.224155932664871,0.598369419574738,0.4040754,0.09037238,0.09048177,0.9816129,0.07783619,0.003068604,-0.1742649
268414,0.0166672,33.7401351071894,1.040337,0.5191563,-0.2493986,-0.4370486,0.1609771,-0.8651565,-0.1859548,0.225184231996536,0.60383552312851,0.4042441,0.09035748,0.09018923,0.9816152,0.07775617,0.003264035,-0.1742837
268414,0.0166667,33.7568018063903,1.040197,0.5191923,-0.2495866,0.4380514,-0.161393,0.8647817,0.184976,0.225118711590767,0.609336078166962,0.4043987,0.09033734,0.09015627,0.9815841,0.0776667,0.003625679,-0.1744918
268414,0.0166664,33.7734682057053,1.040095,0.5193045,-0.2497235,0.4386213,-0.1618193,0.8645289,0.1844336,0.223873615264893,0.613968849182129,0.4045867,0.09019703,0.09019233,0.9815091,0.07706256,0.004838908,-0.1751511
268414,0.0166671,33.7901353053749,1.039728,0.5195929,-0.24989,0.4391434,-0.1629207,0.8640656,0.1843926,0.222824022173882,0.615864932537079,0.4047236,0.09009522,0.09030451,0.9814814,0.07676359,0.005679227,-0.1754125
268414,0.0166668,33.8068021051586,1.039576,0.5198473,-0.2500495,0.4392714,-0.1632375,0.8639611,0.1842972,0.223069831728935,0.622571706771851,0.4048901,0.08972794,0.09059288,0.9815868,0.07652967,0.006843039,-0.1748818
268436,0.0166671,33.8234692048281,1.039392,0.520412,-0.2501916,-0.4392789,0.1637094,-0.8637969,-0.1846298,0.223101764917374,0.623756945133209,0.4050496,0.08957583,0.09084727,0.9816003,0.07651145,0.007203008,-0.1747999
268436,0.0166671,33.8401363044977,1.039315,0.5207359,-0.2502736,-0.4393431,0.1635278,-0.8638381,-0.1844453,0.223669931292534,0.629734456539154,0.4051917,0.08939236,0.09141196,0.9816931,0.07652065,0.007455442,-0.1742633
268436,0.0166672,33.8568035047501,1.03912,0.5214723,-0.2504613,0.4396813,-0.1625415,0.8639891,0.1838036,0.222780138254166,0.63175642490387,0.4052737,0.08931488,0.09173585,0.9816518,0.07646652,0.007412792,-0.1745209
268436,0.0166667,33.873470203951,1.038996,0.5218663,-0.2506398,-0.4400143,0.1619239,-0.8640285,-0.1833658,0.217919856309891,0.628832161426544,0.4054615,0.08911997,0.09247233,0.9814913,0.07606849,0.007024825,-0.1756105
268436,0.0166663,33.8901365045458,1.038524,0.5227195,-0.2510824,0.4410319,-0.1607093,0.8640298,0.1819777,0.211692824959755,0.623048722743988,0.4056399,0.08899599,0.09286632,0.9813919,0.07570612,0.006852973,-0.176328
268436,0.0166665,33.9068030044436,1.038351,0.5228406,-0.2511939,0.4412614,-0.1607395,0.8638918,0.1820496,0.206018015742302,0.618012189865112,0.4060826,0.08852392,0.0937195,0.981123,0.07478818,0.006903609,-0.1782042
268436,0.0166672,33.9234702046961,1.038105,0.5230342,-0.2514079,-0.4418006,0.1609306,-0.8635485,-0.1822028,0.205313265323639,0.617107808589935,0.406194,0.08835143,0.09384049,0.9811537,0.07453877,0.007003347,-0.1781355
268436,0.0166669,33.9401371050626,1.037969,0.523046,-0.2514626,-0.4419892,0.1607741,-0.8634226,-0.1824795,0.206926867365837,0.614398777484894,0.406408,0.08810502,0.09403421,0.9812313,0.0739891,0.007343263,-0.1779236
268436,0.0166672,33.956804305315,1.037764,0.5229009,-0.2515515,-0.4420348,0.1609638,-0.8631905,-0.1832983,0.207908481359482,0.614138424396515,0.4064627,0.08796924,0.09404601,0.9812832,0.07366817,0.007184152,-0.1777771
268436,0.0166694,33.9734737053514,1.037722,0.5226467,-0.2515311,0.4421901,-0.1614382,0.8628858,0.1839398,0.208958208560944,0.613499879837036,0.4065516,0.08776373,0.09390093,0.9814484,0.07341254,0.007016154,-0.1769762
268436,0.0166643,33.9901380054653,1.037513,0.522076,-0.2514281,0.4428545,-0.1628218,0.8623438,0.1836635,0.211186856031418,0.609255015850067,0.4065313,0.08772165,0.09364666,0.981608,0.07317428,0.007207904,-0.1761797
268474,0.0166674,34.0068054050207,1.037225,0.5217417,-0.2513373,-0.4431608,0.1624657,-0.8624562,-0.1827099,0.214136272668839,0.601190388202667,0.4064282,0.08751291,0.09307601,0.9816977,0.07294118,0.00876947,-0.175705
268474,0.0166666,34.0234720055014,1.036713,0.5208174,-0.2510889,0.4435472,-0.1621003,0.8626994,0.1809396,0.216483518481255,0.601469099521637,0.4063374,0.08722502,0.09274174,0.9815204,0.07283667,0.009018235,-0.1767239
268474,0.0166667,34.0401387047023,1.036635,0.5202405,-0.2510059,0.4429812,-0.1621347,0.863082,0.1804707,0.223410457372665,0.612031042575836,0.406089,0.08671278,0.09181739,0.9811971,0.07290416,0.009641146,-0.1784498
268474,0.016667,34.056805703789,1.036803,0.5188118,-0.2511022,0.4416891,-0.1617411,0.863866,0.1802392,0.223589017987251,0.613493204116821,0.406006,0.08663505,0.09124054,0.9810766,0.07364004,0.009607668,-0.1788114
268474,0.0166666,34.0734723042697,1.036825,0.5181386,-0.2511387,-0.4412084,0.1603564,-0.8644239,-0.1799784,0.223919421434402,0.608408451080322,0.4061024,0.08680254,0.0898117,0.9809211,0.07493205,0.008788485,-0.1791694
268474,0.0166669,34.0901392046362,1.036628,0.5167975,-0.2510679,0.4397262,-0.1569539,0.8660198,0.1789302,0.224129691720009,0.609543859958649,0.4061388,0.0868246,0.08913852,0.9807429,0.07514471,0.007537606,-0.1801106
268474,0.0166697,34.1068089045584,1.03695,0.5157462,-0.2506838,0.4364899,-0.1535206,0.8684019,0.1782872,0.227506294846535,0.615364611148834,0.406068,0.08662826,0.08779754,0.9801987,0.07609638,0.004501032,-0.1827558
268474,0.0166666,34.1234755050391,1.037039,0.514103,-0.2504882,0.4345335,-0.1496063,0.8705085,0.1761072,0.230079218745232,0.621664583683014,0.4056839,0.08695,0.08674623,0.9795845,0.0786912,0.0004707812,-0.184991
268474,0.0166664,34.1401419043541,1.037287,0.5132484,-0.2503918,0.433142,-0.1488053,0.8715392,0.1751124,0.234418109059334,0.631814420223236,0.4054883,0.08703882,0.08510299,0.9787145,0.08032041,-0.002713254,-0.1888368
268474,0.0166673,34.1568092051893,1.037872,0.5112601,-0.2499197,0.4308378,-0.147942,0.8731194,0.1736514,0.23412923514843,0.637321770191193,0.4053919,0.08728689,0.08424844,0.9783523,0.08182941,-0.003582703,-0.1900472
268474,0.0166696,34.1734788045287,1.037941,0.5104945,-0.2498179,0.4303367,-0.1468678,0.8738341,0.1722042,0.233111947774887,0.66597044467926,0.4049198,0.08787197,0.08226003,0.9778181,0.08438976,-0.004719556,-0.1916453
268474,0.0166653,34.1901441048831,1.038002,0.5089495,-0.2497777,0.4288074,-0.1445059,0.8753419,0.1703497,0.231855377554893,0.664511919021606,0.404818,0.08794087,0.08149447,0.9774081,0.08505662,-0.005213598,-0.193421
268514,0.0166671,34.2068112045527,1.038072,0.5081881,-0.2496663,0.4278995,-0.1433618,0.8761026,0.1696872,0.230246439576149,0.657975971698761,0.4047778,0.08800155,0.07994945,0.976718,0.08654042,-0.007055367,-0.1961706
268514,0.0166663,34.2234775051475,1.03797,0.5066573,-0.2493261,0.4270501,-0.1413222,0.877013,0.168833,0.231703817844391,0.668067753314972,0.4046664,0.08807224,0.07918806,0.9764115,0.08735314,-0.008122399,-0.197292
268514,0.0166669,34.240144405514,1.037979,0.5060073,-0.2490731,0.4260512,-0.1400981,0.8778612,0.1679663,0.239357322454453,0.670788884162903,0.4043261,0.08797044,0.0776573,0.9759888,0.0879203,-0.00981356,-0.199047
268514,0.0166674,34.2568118050694,1.038066,0.5047949,-0.2485726,0.424509,-0.139391,0.8790064,0.166463,0.242922380566597,0.666502952575684,0.4040733,0.08797902,0.07700731,0.9756199,0.08886168,-0.01089834,-0.2003765
268514,0.0166668,34.2734786048532,1.038172,0.504194,-0.248279,0.423721,-0.1390563,0.8795955,0.1656375,0.245146557688713,0.656574904918671,0.4035727,0.0880664,0.07579483,0.9751205,0.09068508,-0.01153375,-0.2019486
268514,0.0166676,34.2901462055743,1.038333,0.5029543,-0.2475348,-0.4220062,0.14042,-0.8805327,-0.1638755,0.244633823633194,0.653241097927094,0.4032791,0.08817202,0.0751939,0.9748541,0.09164041,-0.01181174,-0.2027858
268514,0.0166656,34.3068118058145,1.038397,0.5023439,-0.2471189,-0.4208314,0.1406229,-0.8812073,-0.1630952,0.247719392180443,0.65703958272934,0.4025349,0.08833307,0.0739543,0.9744699,0.09427766,-0.01071889,-0.2034829
268536,0.0166673,34.3234791066498,1.038406,0.5013547,-0.2461588,0.4196838,-0.1417925,0.8819282,0.1611307,0.251611322164536,0.670343458652496,0.402119,0.08839709,0.07334389,0.9742219,0.09575298,-0.01074971,-0.2039791
268536,0.0166686,34.3401477057487,1.038307,0.5009346,-0.2456625,0.4195132,-0.142014,0.8822068,0.1598502,0.252959340810776,0.669893383979797,0.401159,0.08840626,0.07235469,0.9738209,0.09782118,-0.009470256,-0.2049735
268536,0.016667,34.3568147048354,1.038328,0.5005286,-0.2451459,-0.4187461,0.144554,-0.8825274,-0.1578017,0.253371953964233,0.668382227420807,0.4006626,0.0883072,0.0719346,0.9735623,0.09843959,-0.008817873,-0.2059329
268536,0.0166668,34.3734815046191,1.038428,0.5002694,-0.2449145,0.4182176,-0.1455894,0.8827268,0.1571348,0.255621731281281,0.665804028511047,0.4001459,0.08832818,0.07152863,0.9732934,0.1005171,-0.006206555,-0.2062957
268536,0.016669,34.3901505041867,1.03867,0.4999895,-0.2447491,-0.4174951,0.1476351,-0.8827561,-0.1569829,0.254892379045486,0.669649958610535,0.3999146,0.08842784,0.07126941,0.9731951,0.1015288,-0.005310578,-0.2062889
268536,0.0166654,34.4068159032613,1.039172,0.4994248,-0.2444957,0.415632,-0.1528904,0.8826678,0.1573912,0.256639033555985,0.672589361667633,0.3997492,0.08866972,0.0709895,0.9732708,0.1028524,-0.00389442,-0.2053053
268536,0.0166668,34.423482703045,1.039453,0.4989342,-0.2443492,-0.4128032,0.1552774,-0.8834454,-0.1581354,0.256854206323624,0.683745324611664,0.3994958,0.08917242,0.07042478,0.9736116,0.1060089,-0.0005966398,-0.2020946
268536,0.0166663,34.4401490036398,1.039458,0.4987448,-0.2443762,0.411868,-0.1556774,0.8837911,0.1582486,0.255143254995346,0.67969822883606,0.3993493,0.0894534,0.06993414,0.9736743,0.1092569,-0.0002261824,-0.2000531
268536,0.0166672,34.4568162038922,1.039286,0.4984885,-0.2444178,-0.4109107,0.1549793,-0.8843107,-0.1585199,0.255078703165054,0.681179583072662,0.3993763,0.08945805,0.06974475,0.9736341,0.1102657,-0.0003657443,-0.199695
268536,0.016667,34.473483202979,1.039222,0.4983991,-0.2444254,0.4106662,-0.1548554,0.8844254,0.1586343,0.258800059556961,0.689627349376678,0.3994179,0.08928627,0.06948842,0.9735366,0.1109571,-0.001484817,-0.1997819
268536,0.0166675,34.4901507031173,1.039054,0.4981753,-0.2443729,0.4104829,-0.1545246,0.8846036,0.1584377,0.26175194978714,0.692483901977539,0.3994255,0.08922166,0.06939907,0.9735252,0.1111344,-0.001745162,-0.199737
268574,0.0166673,34.5068180039525,1.039053,0.498017,-0.2442895,0.4105799,-0.1550894,0.8844934,0.1582497,0.266961842775345,0.702490627765656,0.399373,0.08905429,0.06917532,0.973439,0.1112888,-0.00201478,-0.200068
268574,0.016666,34.5234840046614,1.039142,0.4975873,-0.2440783,-0.4101588,0.1564247,-0.8845171,-0.1578949,0.270739078521729,0.710035502910614,0.3992897,0.08905321,0.06901704,0.9734551,0.1113984,-0.001426786,-0.1999339
268574,0.0166665,34.5401505045593,1.039213,0.497362,-0.2439677,0.4101565,-0.1565651,0.8844948,0.1578867,0.271153450012207,0.715722858905792,0.3990784,0.08914167,0.06858723,0.9734428,0.1122804,-0.0003663304,-0.1995046
268574,0.0166675,34.5568180046976,1.039285,0.4969749,-0.243699,0.4097979,-0.1564522,0.8846685,0.1579563,0.271416395902634,0.718689560890198,0.3989677,0.08921283,0.06836195,0.9734518,0.1123224,-0.0002484742,-0.1994372
268574,0.0166668,34.5734848044813,1.039325,0.4968002,-0.243592,-0.409512,0.1563307,-0.8848043,-0.1580578,0.271963566541672,0.725710272789001,0.398699,0.0892846,0.06797494,0.9734201,0.1126302,-0.000531743,-0.1994181
268574,0.0166672,34.5901520047337,1.039408,0.496487,-0.2433296,0.4089883,-0.1573583,0.8849345,0.1576643,0.272298127412796,0.727778792381287,0.3985921,0.08932465,0.06780012,0.9734017,0.1128534,-0.0008031319,-0.1993807
268574,0.0166724,34.6068244054914,1.039435,0.4962965,-0.243227,-0.4086605,0.1574991,-0.8850653,-0.157639,0.271638244390488,0.729329705238342,0.3983297,0.08940834,0.06748693,0.9733449,0.113767,-2.438818E-05,-0.1991404
268574,0.0166657,34.6234901063144,1.039618,0.4961039,-0.2431244,0.4084393,-0.1582278,0.8850766,0.1574184,0.270653158426285,0.730086743831635,0.3982272,0.08943456,0.06729649,0.9733159,0.1141394,-4.458345E-05,-0.1990689
268574,0.0166672,34.6401573065668,1.039698,0.4960122,-0.2430916,-0.4082757,0.1583713,-0.8851302,-0.1573982,0.270631343126297,0.732032954692841,0.3981245,0.08961815,0.06710385,0.9733027,0.1146189,0.0005500297,-0.1988571
268574,0.0166672,34.6568245068192,1.039724,0.495838,-0.2430397,0.4078902,-0.157878,0.8853967,0.1573946,0.270939350128174,0.73323255777359,0.3980917,0.08969837,0.06701212,0.9732921,0.1148265,0.0006034331,-0.1987889
268574,0.0166668,34.673491306603,1.039743,0.4957502,-0.2430588,0.4077673,-0.1578569,0.8854495,0.1574364,0.275807857513428,0.744563102722168,0.3980399,0.08972436,0.06683792,0.9732125,0.1150823,2.691632E-05,-0.1990314
268574,0.016667,34.6901583056897,1.03981,0.4955792,-0.2431186,-0.4073453,0.1565186,-0.8858187,-0.1577884,0.27911576628685,0.75202202796936,0.3980589,0.08974332,0.06675018,0.9732065,0.1151869,-6.330808E-05,-0.1990003
268614,0.0166669,34.7068252060562,1.039882,0.4955299,-0.2432148,0.4072807,-0.1562981,0.8858896,0.1577756,0.287920206785202,0.774739027023315,0.3981187,0.08980983,0.06657921,0.9731307,0.1151487,-0.001503003,-0.1993869
268614,0.0171821,34.7240073066205,1.040056,0.4953831,-0.243291,0.4073876,-0.1554198,0.8860894,0.1572439,0.289537191390991,0.779465138912201,0.3982149,0.0898816,0.06652988,0.9731039,0.1151586,-0.001707588,-0.1995108
268614,0.016666,34.7406733073294,1.040151,0.495215,-0.2431422,0.4069904,-0.1554177,0.8862255,0.1575082,0.290446192026138,0.783653676509857,0.3982911,0.09005648,0.06638302,0.9729353,0.1149782,-0.002153229,-0.2004304
268614,0.0166673,34.7573406081647,1.040422,0.494991,-0.2430694,-0.4071479,0.1554992,-0.8860787,-0.1578459,0.2921422123909,0.787243783473969,0.3981423,0.09015054,0.06621499,0.9729475,0.1152949,-0.002445963,-0.2001856
268614,0.0166666,34.7740072086453,1.040597,0.4949303,-0.2430592,-0.4073614,0.1561983,-0.8858098,-0.1581137,0.293703764677048,0.790707051753998,0.3980694,0.09042162,0.06599103,0.9730412,0.1150581,-0.002453405,-0.1998661
268614,0.0166671,34.7906743083149,1.040836,0.4949037,-0.2431102,0.4082255,-0.1578484,0.8849889,0.1588413,0.294657558202744,0.792025685310364,0.3980592,0.09059745,0.06593029,0.973175,0.1149501,-0.001898376,-0.1992822
268614,0.016667,34.8073413074017,1.04083,0.4949042,-0.2430727,-0.4086662,0.1582866,-0.8846083,-0.159392,0.327473491430283,0.879540979862213,0.3981103,0.09083587,0.06590371,0.9735463,0.1143052,-0.0004676,-0.1978428
268636,0.016667,34.8240083064884,1.040857,0.4949505,-0.2430354,0.4097369,-0.1590748,0.8838449,0.1600915,0.349260479211807,0.914485275745392,0.3980728,0.09082991,0.06590424,0.9737403,0.1138151,-0.0001460811,-0.1971698
268636,0.0166667,34.8406750056893,1.040931,0.4950308,-0.2429951,-0.4099891,0.1591879,-0.8836732,-0.1602805,0.3825823366642,0.958425343036652,0.3980355,0.09085733,0.06595053,0.9740567,0.1127419,0.0006820391,-0.19622
268636,0.0166675,34.8573425058275,1.041038,0.4952116,-0.2429598,0.4111405,-0.1588244,0.8829772,0.161523,0.40454238653183,0.991440534591675,0.3979952,0.09093064,0.06603076,0.9741305,0.1124624,0.0008071661,-0.196014
268636,0.0166669,34.8740094061941,1.041052,0.4953696,-0.2429447,0.4113836,-0.1581393,0.8828801,0.1621059,0.423851609230042,1,0.3979599,0.09103781,0.06621154,0.9744764,0.1108395,0.0004925959,-0.1952182
268636,0.0166666,34.8906760066748,1.040868,0.495766,-0.2431572,0.411905,-0.1563649,0.8828744,0.1625341,0.433712720870972,1,0.3979447,0.09105164,0.06636955,0.9745681,0.1102391,-0.000210995,-0.1951007
268636,0.0166667,34.9073427058756,1.040727,0.4959579,-0.2432166,0.4123704,-0.1552145,0.8829356,0.1621231,0.463779956102371,1,0.3981573,0.09086758,0.06676601,0.9745716,0.1091185,-0.001618789,-0.1957057
268636,0.0166671,34.9240098055452,1.04087,0.4960741,-0.2434212,0.4139798,-0.154937,0.882286,0.1618235,0.470869511365891,1,0.3982167,0.09072679,0.06695788,0.9744451,0.1084718,-0.002179415,-0.1966874
268636,0.0166673,34.9406771063805,1.04101,0.4960778,-0.2434574,-0.414623,0.1547545,-0.8820936,-0.1613991,0.476088643074036,1,0.3984213,0.09086961,0.06707402,0.9745241,0.1068757,-0.001556601,-0.1971749
268636,0.0166666,34.9573437068611,1.041232,0.4960516,-0.2435148,0.4154389,-0.1543647,0.8818452,0.1610317,0.47534304857254,1,0.3984576,0.0910098,0.06707777,0.9744871,0.1063104,-0.001235917,-0.1976652
268636,0.016667,34.9740107059479,1.04135,0.4960372,-0.2435732,0.4157174,-0.1543486,0.8816915,0.1611698,0.473340332508087,1,0.3985149,0.09123152,0.06705163,0.9744616,0.1054992,-0.001032219,-0.1982256
268636,0.016667,34.9906777050346,1.041515,0.4959873,-0.2436181,-0.4160336,0.154847,-0.8812429,-0.1623253,0.473404616117477,1,0.3985733,0.09135002,0.06703721,0.9745159,0.1051737,-0.0009791751,-0.1981319
268674,0.0166672,35.007344905287,1.041515,0.4958979,-0.2435052,-0.4159606,0.1548107,-0.8811078,-0.1632777,0.490164011716843,1,0.3986182,0.09151536,0.06698729,0.9748219,0.1046391,-0.0009217525,-0.1969063
268674,0.0166666,35.0240115057677,1.041333,0.4958621,-0.2433892,0.4168049,-0.1558273,0.8803828,0.1640662,0.508249580860138,1,0.3985054,0.09151453,0.06689785,0.9750051,0.1044141,-0.001391507,-0.1961144
268674,0.0166676,35.0406791064888,1.041378,0.4958036,-0.2434091,0.4170559,-0.1570817,0.8799554,0.1645246,0.541697978973389,1,0.3983893,0.09133297,0.06686206,0.9753262,0.1035964,-0.0005130538,-0.1949524
268674,0.0166659,35.0573450066149,1.041413,0.4956084,-0.2433055,0.416458,-0.1638589,0.8784865,0.1672558,0.567915558815002,1,0.3984092,0.09137791,0.06680359,0.9755397,0.1035366,0.0004351994,-0.1939128
268674,0.0166666,35.0740116070956,1.041619,0.4955744,-0.2434739,-0.4170944,0.1696752,-0.876602,-0.1697401,0.60452401638031,1,0.3983056,0.09141296,0.06660838,0.9765275,0.1050822,0.004578387,-0.1879651
268674,0.0166674,35.090679006651,1.041858,0.4954789,-0.2435507,0.4167083,-0.1749893,0.8748484,0.1742792,0.626220107078552,1,0.398474,0.09161872,0.06657435,0.9774724,0.1051861,0.008603339,-0.182783
268674,0.0166665,35.1073455065489,1.042001,0.4954712,-0.2438036,-0.4167399,0.1783172,-0.8736617,-0.1767655,0.713278591632843,1,0.3985508,0.09185845,0.06647892,0.9786474,0.1055323,0.01089055,-0.1760499
268674,0.0166672,35.1240127068013,1.042424,0.4955193,-0.2446911,-0.4167092,0.1937376,-0.8692323,-0.1823585,0.743539333343506,1,0.3988037,0.09200066,0.06647117,0.9793178,0.1055707,0.01260369,-0.172141
268674,0.0166676,35.1406803075224,1.042696,0.4955152,-0.2452394,0.417119,-0.2009527,0.8666106,0.1860539,0.848379015922546,1,0.3996912,0.09242374,0.06651922,0.9811189,0.1076722,0.02301901,-0.1590051
268674,0.0166663,35.1573466081172,1.043342,0.4959423,-0.2466304,-0.4184792,0.2097245,-0.8627598,-0.1911445,0.883021533489227,1,0.4002395,0.09269625,0.06651516,0.9821044,0.1078327,0.0276547,-0.1519151
268674,0.0166795,35.1740261074156,1.043567,0.4959403,-0.247021,0.4189479,-0.2110397,0.8616062,0.193855,0.925014853477478,1,0.4016306,0.09334165,0.06694223,0.9833938,0.106913,0.0334544,-0.1427831
268674,0.0166653,35.1906914077699,1.043801,0.4958434,-0.2475116,-0.4200259,0.2121967,-0.8599899,-0.1974039,0.96648895740509,1,0.4020211,0.09356719,0.06694029,0.9839362,0.1058763,0.03363062,-0.1397455
268714,0.0166656,35.2073570080101,1.043982,0.4957523,-0.2477911,0.4202156,-0.212742,0.859423,0.1988765,1,1,0.4025118,0.09380084,0.06684338,0.9846581,0.1039095,0.03360309,-0.1360962
268714,0.016668,35.2240250073373,1.044181,0.4956006,-0.2482549,-0.4208724,0.2136747,-0.8586164,-0.1999691,1,1,0.4027911,0.09398204,0.0667523,0.9849327,0.1033663,0.03353076,-0.1345317
268714,0.016667,35.2406920064241,1.044199,0.495616,-0.2484768,0.4210999,-0.2138795,0.8584303,0.20007,1,1,0.4032549,0.09418136,0.06660064,0.9851896,0.1025621,0.03415387,-0.1331017
268714,0.0166666,35.2573586069047,1.044014,0.495722,-0.2487851,-0.4219181,0.213196,-0.8585441,-0.198582,1,1,0.4034769,0.09419924,0.06661601,0.9852296,0.1023462,0.03438645,-0.1329116
268714,0.0166665,35.2740251068026,1.044014,0.495722,-0.2487851,-0.4219181,0.213196,-0.8585441,-0.198582,1,1,0.4037852,0.09401375,0.06672193,0.9850359,0.1018433,0.03480637,-0.1346136
268714,0.0166671,35.2906922064722,1.044014,0.495722,-0.2487851,-0.4219181,0.213196,-0.8585441,-0.198582,1,1,0.4037852,0.09401375,0.06672193,0.9850359,0.1018433,0.03480637,-0.1346136
268714,0.0166667,35.307358905673,1.044014,0.495722,-0.2487851,-0.4219181,0.213196,-0.8585441,-0.198582,1,1,0.4037852,0.09401375,0.06672193,0.9850359,0.1018433,0.03480637,-0.1346136
268736,0.0166669,35.3240258060396,1.044014,0.495722,-0.2487851,-0.4219181,0.213196,-0.8585441,-0.198582,1,1,0.4037852,0.09401375,0.06672193,0.9850359,0.1018433,0.03480637,-0.1346136
268736,0.0166674,35.340693205595,1.044014,0.495722,-0.2487851,-0.4219181,0.213196,-0.8585441,-0.198582,1,1,0.4037852,0.09401375,0.06672193,0.9850359,0.1018433,0.03480637,-0.1346136
268736,0.0166677,35.3573609050363,1.044014,0.495722,-0.2487851,-0.4219181,0.213196,-0.8585441,-0.198582,1,1,0.4037852,0.09401375,0.06672193,0.9850359,0.1018433,0.03480637,-0.1346136
268736,0.016666,35.3740269057453,1.044014,0.495722,-0.2487851,-0.4219181,0.213196,-0.8585441,-0.198582,1,1,0.4037852,0.09401375,0.06672193,0.9850359,0.1018433,0.03480637,-0.1346136
268736,0.0166671,35.3906940054148,1.044014,0.495722,-0.2487851,-0.4219181,0.213196,-0.8585441,-0.198582,1,1,0.4037852,0.09401375,0.06672193,0.9850359,0.1018433,0.03480637,-0.1346136
268736,0.0166658,35.4073598049581,1.044014,0.495722,-0.2487851,-0.4219181,0.213196,-0.8585441,-0.198582,1,1,0.4037852,0.09401375,0.06672193,0.9850359,0.1018433,0.03480637,-0.1346136
268736,0.0166674,35.4240272045136,1.044014,0.495722,-0.2487851,-0.4219181,0.213196,-0.8585441,-0.198582,1,1,0.4037852,0.09401375,0.06672193,0.9850359,0.1018433,0.03480637,-0.1346136
268736,0.0166669,35.4406941048801,1.044014,0.495722,-0.2487851,-0.4219181,0.213196,-0.8585441,-0.198582,1,1,0.4037852,0.09401375,0.06672193,0.9850359,0.1018433,0.03480637,-0.1346136
268736,0.0166678,35.4573619049042,1.044014,0.495722,-0.2487851,-0.4219181,0.213196,-0.8585441,-0.198582,1,1,0.4037852,0.09401375,0.06672193,0.9850359,0.1018433,0.03480637,-0.1346136
268736,0.0166674,35.4740293044597,1.044014,0.495722,-0.2487851,-0.4219181,0.213196,-0.8585441,-0.198582,1,1,0.4037852,0.09401375,0.06672193,0.9850359,0.1018433,0.03480637,-0.1346136
268736,0.016666,35.4906953051686,1.044014,0.495722,-0.2487851,-0.4219181,0.213196,-0.8585441,-0.198582,1,1,0.4037852,0.09401375,0.06672193,0.9850359,0.1018433,0.03480637,-0.1346136
268736,0.0166666,35.5073619056493,1.044014,0.495722,-0.2487851,-0.4219181,0.213196,-0.8585441,-0.198582,1,1,0.4037852,0.09401375,0.06672193,0.9850359,0.1018433,0.03480637,-0.1346136
268736,0.0166674,35.5240293052047,1.044014,0.495722,-0.2487851,-0.4219181,0.213196,-0.8585441,-0.198582,1,1,0.4037852,0.09401375,0.06672193,0.9850359,0.1018433,0.03480637,-0.1346136
268736,0.0166664,35.5406957045197,1.044014,0.495722,-0.2487851,-0.4219181,0.213196,-0.8585441,-0.198582,1,1,0.4037852,0.09401375,0.06672193,0.9850359,0.1018433,0.03480637,-0.1346136
268736,0.0166675,35.557363204658,1.044014,0.495722,-0.2487851,-0.4219181,0.213196,-0.8585441,-0.198582,1,1,0.4037852,0.09401375,0.06672193,0.9850359,0.1018433,0.03480637,-0.1346136
268736,0.0166672,35.5740304049104,1.044014,0.495722,-0.2487851,-0.4219181,0.213196,-0.8585441,-0.198582,1,1,0.4037852,0.09401375,0.06672193,0.9850359,0.1018433,0.03480637,-0.1346136
268736,0.0166662,35.5906966049224,1.044014,0.495722,-0.2487851,-0.4219181,0.213196,-0.8585441,-0.198582,1,1,0.4037852,0.09401375,0.06672193,0.9850359,0.1018433,0.03480637,-0.1346136
268736,0.0166668,35.6073634047061,1.044014,0.495722,-0.2487851,-0.4219181,0.213196,-0.8585441,-0.198582,1,1,0.4037852,0.09401375,0.06672193,0.9850359,0.1018433,0.03480637,-0.1346136
268736,0.016667,35.6240304037929,1.044014,0.495722,-0.2487851,-0.4219181,0.213196,-0.8585441,-0.198582,1,1,0.4037852,0.09401375,0.06672193,0.9850359,0.1018433,0.03480637,-0.1346136
268736,0.0166668,35.6406972035766,1.044014,0.495722,-0.2487851,-0.4219181,0.213196,-0.8585441,-0.198582,1,1,0.4037852,0.09401375,0.06672193,0.9850359,0.1018433,0.03480637,-0.1346136
268736,0.0166674,35.657364603132,1.044014,0.495722,-0.2487851,-0.4219181,0.213196,-0.8585441,-0.198582,1,1,0.4037852,0.09401375,0.06672193,0.9850359,0.1018433,0.03480637,-0.1346136
268736,0.0166674,35.6740320026875,1.044014,0.495722,-0.2487851,-0.4219181,0.213196,-0.8585441,-0.198582,1,1,0.4037852,0.09401375,0.06672193,0.9850359,0.1018433,0.03480637,-0.1346136
268736,0.0166667,35.6906987018883,1.044014,0.495722,-0.2487851,-0.4219181,0.213196,-0.8585441,-0.198582,1,1,0.4037852,0.09401375,0.06672193,0.9850359,0.1018433,0.03480637,-0.1346136
268814,0.0166663,35.7073650024831,1.044014,0.495722,-0.2487851,-0.4219181,0.213196,-0.8585441,-0.198582,1,1,0.4037852,0.09401375,0.06672193,0.9850359,0.1018433,0.03480637,-0.1346136
268814,0.0166668,35.7240318022668,1.044014,0.495722,-0.2487851,-0.4219181,0.213196,-0.8585441,-0.198582,1,1,0.4037852,0.09401375,0.06672193,0.9850359,0.1018433,0.03480637,-0.1346136
268814,0.0166662,35.7406980022788,1.044014,0.495722,-0.2487851,-0.4219181,0.213196,-0.8585441,-0.198582,1,1,0.4037852,0.09401375,0.06672193,0.9850359,0.1018433,0.03480637,-0.1346136
268814,0.0166677,35.7573657017201,1.044014,0.495722,-0.2487851,-0.4219181,0.213196,-0.8585441,-0.198582,1,1,0.4037852,0.09401375,0.06672193,0.9850359,0.1018433,0.03480637,-0.1346136
268814,0.0166686,35.774034300819,1.044014,0.495722,-0.2487851,-0.4219181,0.213196,-0.8585441,-0.198582,1,1,0.4037852,0.09401375,0.06672193,0.9850359,0.1018433,0.03480637,-0.1346136
268814,0.0166658,35.7907001003623,1.044014,0.495722,-0.2487851,-0.4219181,0.213196,-0.8585441,-0.198582,1,1,0.4037852,0.09401375,0.06672193,0.9850359,0.1018433,0.03480637,-0.1346136
268814,0.0166663,35.8073664009571,1.044014,0.495722,-0.2487851,-0.4219181,0.213196,-0.8585441,-0.198582,1,1,0.4037852,0.09401375,0.06672193,0.9850359,0.1018433,0.03480637,-0.1346136
268836,0.0166675,35.8240339010954,1.044014,0.495722,-0.2487851,-0.4219181,0.213196,-0.8585441,-0.198582,1,1,0.4037852,0.09401375,0.06672193,0.9850359,0.1018433,0.03480637,-0.1346136
268836,0.0166659,35.8406998012215,1.044014,0.495722,-0.2487851,-0.4219181,0.213196,-0.8585441,-0.198582,1,1,0.4037852,0.09401375,0.06672193,0.9850359,0.1018433,0.03480637,-0.1346136
268836,0.0166678,35.8573676012456,1.044014,0.495722,-0.2487851,-0.4219181,0.213196,-0.8585441,-0.198582,1,1,0.4037852,0.09401375,0.06672193,0.9850359,0.1018433,0.03480637,-0.1346136
268836,0.0166681,35.8740357011557,1.044014,0.495722,-0.2487851,-0.4219181,0.213196,-0.8585441,-0.198582,1,1,0.4037852,0.09401375,0.06672193,0.9850359,0.1018433,0.03480637,-0.1346136
268836,0.0166664,35.8907021004707,1.044014,0.495722,-0.2487851,-0.4219181,0.213196,-0.8585441,-0.198582,1,1,0.4037852,0.09401375,0.06672193,0.9850359,0.1018433,0.03480637,-0.1346136
268836,0.0166658,35.9073679000139,1.044014,0.495722,-0.2487851,-0.4219181,0.213196,-0.8585441,-0.198582,1,1,0.4037852,0.09401375,0.06672193,0.9850359,0.1018433,0.03480637,-0.1346136
268836,0.0166677,35.9240355994552,1.044014,0.495722,-0.2487851,-0.4219181,0.213196,-0.8585441,-0.198582,1,1,0.4037852,0.09401375,0.06672193,0.9850359,0.1018433,0.03480637,-0.1346136
268836,0.016666,35.9407016001642,1.044014,0.495722,-0.2487851,-0.4219181,0.213196,-0.8585441,-0.198582,1,1,0.4037852,0.09401375,0.06672193,0.9850359,0.1018433,0.03480637,-0.1346136
268836,0.016668,35.9573695994914,1.044014,0.495722,-0.2487851,-0.4219181,0.213196,-0.8585441,-0.198582,1,1,0.4037852,0.09401375,0.06672193,0.9850359,0.1018433,0.03480637,-0.1346136
268836,0.0166663,35.9740359000862,1.044014,0.495722,-0.2487851,-0.4219181,0.213196,-0.8585441,-0.198582,1,1,0.4037852,0.09401375,0.06672193,0.9850359,0.1018433,0.03480637,-0.1346136
268836,0.016667,35.9907028991729,1.044014,0.495722,-0.2487851,-0.4219181,0.213196,-0.8585441,-0.198582,1,1,0.4037852,0.09401375,0.06672193,0.9850359,0.1018433,0.03480637,-0.1346136
268836,0.0166663,36.0073691997677,1.044014,0.495722,-0.2487851,-0.4219181,0.213196,-0.8585441,-0.198582,1,1,0.4037852,0.09401375,0.06672193,0.9850359,0.1018433,0.03480637,-0.1346136
268836,0.0166676,36.0240368004888,1.044014,0.495722,-0.2487851,-0.4219181,0.213196,-0.8585441,-0.198582,1,1,0.4037852,0.09401375,0.06672193,0.9850359,0.1018433,0.03480637,-0.1346136
268836,0.016668,36.040704799816,1.044014,0.495722,-0.2487851,-0.4219181,0.213196,-0.8585441,-0.198582,1,1,0.4037852,0.09401375,0.06672193,0.9850359,0.1018433,0.03480637,-0.1346136
268836,0.0166664,36.057371199131,1.044014,0.495722,-0.2487851,-0.4219181,0.213196,-0.8585441,-0.198582,1,1,0.4037852,0.09401375,0.06672193,0.9850359,0.1018433,0.03480637,-0.1346136
268836,0.0166664,36.074037598446,1.044014,0.495722,-0.2487851,-0.4219181,0.213196,-0.8585441,-0.198582,1,1,0.4037852,0.09401375,0.06672193,0.9850359,0.1018433,0.03480637,-0.1346136
268836,0.0166672,36.0907047986984,1.044014,0.495722,-0.2487851,-0.4219181,0.213196,-0.8585441,-0.198582,1,1,0.4037852,0.09401375,0.06672193,0.9850359,0.1018433,0.03480637,-0.1346136
268836,0.0166675,36.1073722988367,1.044014,0.495722,-0.2487851,-0.4219181,0.213196,-0.8585441,-0.198582,1,1,0.4037852,0.09401375,0.06672193,0.9850359,0.1018433,0.03480637,-0.1346136
268836,0.0166663,36.1240385994315,1.044014,0.495722,-0.2487851,-0.4219181,0.213196,-0.8585441,-0.198582,1,1,0.4037852,0.09401375,0.06672193,0.9850359,0.1018433,0.03480637,-0.1346136
268836,0.0166669,36.1407054997981,1.044014,0.495722,-0.2487851,-0.4219181,0.213196,-0.8585441,-0.198582,1,1,0.4037852,0.09401375,0.06672193,0.9850359,0.1018433,0.03480637,-0.1346136
268836,0.0166674,36.1573728993535,1.044014,0.495722,-0.2487851,-0.4219181,0.213196,-0.8585441,-0.198582,1,1,0.4037852,0.09401375,0.06672193,0.9850359,0.1018433,0.03480637,-0.1346136
268836,0.0166662,36.1740390993655,1.044014,0.495722,-0.2487851,-0.4219181,0.213196,-0.8585441,-0.198582,1,1,0.4037852,0.09401375,0.06672193,0.9850359,0.1018433,0.03480637,-0.1346136
268836,0.0166676,36.1907067000866,1.044014,0.495722,-0.2487851,-0.4219181,0.213196,-0.8585441,-0.198582,1,1,0.4037852,0.09401375,0.06672193,0.9850359,0.1018433,0.03480637,-0.1346136
268914,0.016668,36.2073746994138,1.044014,0.495722,-0.2487851,-0.4219181,0.213196,-0.8585441,-0.198582,1,1,0.4037852,0.09401375,0.06672193,0.9850359,0.1018433,0.03480637,-0.1346136
268914,0.0166667,36.2240413986146,1.044014,0.495722,-0.2487851,-0.4219181,0.213196,-0.8585441,-0.198582,1,1,0.4037852,0.09401375,0.06672193,0.9850359,0.1018433,0.03480637,-0.1346136
268914,0.0166656,36.2407069988549,1.044014,0.495722,-0.2487851,-0.4219181,0.213196,-0.8585441,-0.198582,1,1,0.4037852,0.09401375,0.06672193,0.9850359,0.1018433,0.03480637,-0.1346136
268914,0.0166673,36.2573742996901,1.044014,0.495722,-0.2487851,-0.4219181,0.213196,-0.8585441,-0.198582,1,1,0.4037852,0.09401375,0.06672193,0.9850359,0.1018433,0.03480637,-0.1346136
268914,0.0166661,36.2740403991193,1.044014,0.495722,-0.2487851,-0.4219181,0.213196,-0.8585441,-0.198582,1,1,0.4037852,0.09401375,0.06672193,0.9850359,0.1018433,0.03480637,-0.1346136
268914,0.0166675,36.2907078992575,1.044014,0.495722,-0.2487851,-0.4219181,0.213196,-0.8585441,-0.198582,1,1,0.4037852,0.09401375,0.06672193,0.9850359,0.1018433,0.03480637,-0.1346136
268914,0.0166675,36.3073753993958,1.044014,0.495722,-0.2487851,-0.4219181,0.213196,-0.8585441,-0.198582,1,1,0.4037852,0.09401375,0.06672193,0.9850359,0.1018433,0.03480637,-0.1346136
268936,0.0166668,36.3240421991795,1.044014,0.495722,-0.2487851,-0.4219181,0.213196,-0.8585441,-0.198582,1,1,0.4037852,0.09401375,0.06672193,0.9850359,0.1018433,0.03480637,-0.1346136
268936,0.0166661,36.3407082986087,1.044014,0.495722,-0.2487851,-0.4219181,0.213196,-0.8585441,-0.198582,1,1,0.4037852,0.09401375,0.06672193,0.9850359,0.1018433,0.03480637,-0.1346136
268936,0.0166679,36.3573761992157,1.044014,0.495722,-0.2487851,-0.4219181,0.213196,-0.8585441,-0.198582,1,1,0.4037852,0.09401375,0.06672193,0.9850359,0.1018433,0.03480637,-0.1346136
268936,0.0166667,36.3740428984165,1.044014,0.495722,-0.2487851,-0.4219181,0.213196,-0.8585441,-0.198582,1,1,0.4037852,0.09401375,0.06672193,0.9850359,0.1018433,0.03480637,-0.1346136
268936,0.0166666,36.3907094988972,1.044014,0.495722,-0.2487851,-0.4219181,0.213196,-0.8585441,-0.198582,1,1,0.4037852,0.09401375,0.06672193,0.9850359,0.1018433,0.03480637,-0.1346136
268936,0.0166669,36.4073763992637,1.044014,0.495722,-0.2487851,-0.4219181,0.213196,-0.8585441,-0.198582,1,1,0.4037852,0.09401375,0.06672193,0.9850359,0.1018433,0.03480637,-0.1346136
268936,0.0166676,36.4240439999849,1.044014,0.495722,-0.2487851,-0.4219181,0.213196,-0.8585441,-0.198582,1,1,0.4037852,0.09401375,0.06672193,0.9850359,0.1018433,0.03480637,-0.1346136
268936,0.0166672,36.4407112002373,1.044014,0.495722,-0.2487851,-0.4219181,0.213196,-0.8585441,-0.198582,1,1,0.4037852,0.09401375,0.06672193,0.9850359,0.1018433,0.03480637,-0.1346136
268936,0.0166665,36.4573777001351,1.044014,0.495722,-0.2487851,-0.4219181,0.213196,-0.8585441,-0.198582,1,1,0.4037852,0.09401375,0.06672193,0.9850359,0.1018433,0.03480637,-0.1346136
268936,0.016666,36.474043700844,1.044014,0.495722,-0.2487851,-0.4219181,0.213196,-0.8585441,-0.198582,1,1,0.4037852,0.09401375,0.06672193,0.9850359,0.1018433,0.03480637,-0.1346136
268936,0.0166681,36.4907118007541,1.044014,0.495722,-0.2487851,-0.4219181,0.213196,-0.8585441,-0.198582,1,1,0.4037852,0.09401375,0.06672193,0.9850359,0.1018433,0.03480637,-0.1346136
268936,0.0166662,36.507378000766,1.044014,0.495722,-0.2487851,-0.4219181,0.213196,-0.8585441,-0.198582,1,1,0.4037852,0.09401375,0.06672193,0.9850359,0.1018433,0.03480637,-0.1346136
268936,0.0166677,36.5240457002074,1.044014,0.495722,-0.2487851,-0.4219181,0.213196,-0.8585441,-0.198582,1,1,0.4037852,0.09401375,0.06672193,0.9850359,0.1018433,0.03480637,-0.1346136
268936,0.0166665,36.5407122001052,1.044014,0.495722,-0.2487851,-0.4219181,0.213196,-0.8585441,-0.198582,1,1,0.4037852,0.09401375,0.06672193,0.9850359,0.1018433,0.03480637,-0.1346136
268936,0.0166684,36.5573805999011,1.044014,0.495722,-0.2487851,-0.4219181,0.213196,-0.8585441,-0.198582,1,1,0.4037852,0.09401375,0.06672193,0.9850359,0.1018433,0.03480637,-0.1346136
268936,0.0166649,36.5740454997867,1.044014,0.495722,-0.2487851,-0.4219181,0.213196,-0.8585441,-0.198582,1,1,0.4037852,0.09401375,0.06672193,0.9850359,0.1018433,0.03480637,-0.1346136
268936,0.0166669,36.5907124001533,1.044014,0.495722,-0.2487851,-0.4219181,0.213196,-0.8585441,-0.198582,1,1,0.4037852,0.09401375,0.06672193,0.9850359,0.1018433,0.03480637,-0.1346136
268936,0.016667,36.60737939924,1.044014,0.495722,-0.2487851,-0.4219181,0.213196,-0.8585441,-0.198582,1,1,0.4037852,0.09401375,0.06672193,0.9850359,0.1018433,0.03480637,-0.1346136
268936,0.0166681,36.62404749915,1.044014,0.495722,-0.2487851,-0.4219181,0.213196,-0.8585441,-0.198582,1,1,0.4037852,0.09401375,0.06672193,0.9850359,0.1018433,0.03480637,-0.1346136
268936,0.0166663,36.6407137997448,1.044014,0.495722,-0.2487851,-0.4219181,0.213196,-0.8585441,-0.198582,1,1,0.4037852,0.09401375,0.06672193,0.9850359,0.1018433,0.03480637,-0.1346136
268936,0.0166675,36.6573812998831,1.044014,0.495722,-0.2487851,-0.4219181,0.213196,-0.8585441,-0.198582,1,1,0.4037852,0.09401375,0.06672193,0.9850359,0.1018433,0.03480637,-0.1346136
268936,0.0166655,36.6740467995405,1.044014,0.495722,-0.2487851,-0.4219181,0.213196,-0.8585441,-0.198582,1,1,0.4037852,0.09401375,0.06672193,0.9850359,0.1018433,0.03480637,-0.1346136
268936,0.0166681,36.6907148994505,1.044014,0.495722,-0.2487851,-0.4219181,0.213196,-0.8585441,-0.198582,1,1,0.4037852,0.09401375,0.06672193,0.9850359,0.1018433,0.03480637,-0.1346136
269014,0.016666,36.7073809001595,1.044014,0.495722,-0.2487851,-0.4219181,0.213196,-0.8585441,-0.198582,1,1,0.4037852,0.09401375,0.06672193,0.9850359,0.1018433,0.03480637,-0.1346136
269014,0.016667,36.7240478992462,1.044014,0.495722,-0.2487851,-0.4219181,0.213196,-0.8585441,-0.198582,1,1,0.4037852,0.09401375,0.06672193,0.9850359,0.1018433,0.03480637,-0.1346136
269014,0.0166676,36.7407154999673,1.044014,0.495722,-0.2487851,-0.4219181,0.213196,-0.8585441,-0.198582,1,1,0.4037852,0.09401375,0.06672193,0.9850359,0.1018433,0.03480637,-0.1346136
269014,0.0166685,36.7573840003461,1.044014,0.495722,-0.2487851,-0.4219181,0.213196,-0.8585441,-0.198582,1,1,0.4037852,0.09401375,0.06672193,0.9850359,0.1018433,0.03480637,-0.1346136
269014,0.0166653,36.7740493007004,1.044014,0.495722,-0.2487851,-0.4219181,0.213196,-0.8585441,-0.198582,1,1,0.4037852,0.09401375,0.06672193,0.9850359,0.1018433,0.03480637,-0.1346136
269014,0.0166672,36.7907165009528,1.044014,0.495722,-0.2487851,-0.4219181,0.213196,-0.8585441,-0.198582,1,1,0.4037852,0.09401375,0.06672193,0.9850359,0.1018433,0.03480637,-0.1346136
269014,0.016666,36.8073825016618,1.044014,0.495722,-0.2487851,-0.4219181,0.213196,-0.8585441,-0.198582,1,1,0.4037852,0.09401375,0.06672193,0.9850359,0.1018433,0.03480637,-0.1346136
269036,0.0166696,36.8240521010011,1.044014,0.495722,-0.2487851,-0.4219181,0.213196,-0.8585441,-0.198582,1,1,0.4037852,0.09401375,0.06672193,0.9850359,0.1018433,0.03480637,-0.1346136
269036,0.0166646,36.8407167010009,1.044014,0.495722,-0.2487851,-0.4219181,0.213196,-0.8585441,-0.198582,1,1,0.4037852,0.09401375,0.06672193,0.9850359,0.1018433,0.03480637,-0.1346136
269036,0.0166734,36.8573901001364,1.044014,0.495722,-0.2487851,-0.4219181,0.213196,-0.8585441,-0.198582,1,1,0.4037852,0.09401375,0.06672193,0.9850359,0.1018433,0.03480637,-0.1346136
269036,0.0166609,36.8740510009229,1.044014,0.495722,-0.2487851,-0.4219181,0.213196,-0.8585441,-0.198582,1,1,0.4037852,0.09401375,0.06672193,0.9850359,0.1018433,0.03480637,-0.1346136
269036,0.0166686,36.8907196000218,1.044014,0.495722,-0.2487851,-0.4219181,0.213196,-0.8585441,-0.198582,1,1,0.4037852,0.09401375,0.06672193,0.9850359,0.1018433,0.03480637,-0.1346136
269036,0.0166649,36.9073844999075,1.044014,0.495722,-0.2487851,-0.4219181,0.213196,-0.8585441,-0.198582,1,1,0.4037852,0.09401375,0.06672193,0.9850359,0.1018433,0.03480637,-0.1346136
269036,0.0166688,36.9240533001721,1.044014,0.495722,-0.2487851,-0.4219181,0.213196,-0.8585441,-0.198582,1,1,0.4037852,0.09401375,0.06672193,0.9850359,0.1018433,0.03480637,-0.1346136
269036,0.016666,36.940719300881,1.044014,0.495722,-0.2487851,-0.4219181,0.213196,-0.8585441,-0.198582,1,1,0.4037852,0.09401375,0.06672193,0.9850359,0.1018433,0.03480637,-0.1346136
269036,0.0166703,36.957389600575,1.044014,0.495722,-0.2487851,-0.4219181,0.213196,-0.8585441,-0.198582,1,1,0.4037852,0.09401375,0.06672193,0.9850359,0.1018433,0.03480637,-0.1346136
269036,0.0166643,36.9740539006889,1.044014,0.495722,-0.2487851,-0.4219181,0.213196,-0.8585441,-0.198582,1,1,0.4037852,0.09401375,0.06672193,0.9850359,0.1018433,0.03480637,-0.1346136
269036,0.0166676,36.99072150141,1.044014,0.495722,-0.2487851,-0.4219181,0.213196,-0.8585441,-0.198582,1,1,0.4037852,0.09401375,0.06672193,0.9850359,0.1018433,0.03480637,-0.1346136
269036,0.0166652,37.0073867011815,1.044014,0.495722,-0.2487851,-0.4219181,0.213196,-0.8585441,-0.198582,1,1,0.4037852,0.09401375,0.06672193,0.9850359,0.1018433,0.03480637,-0.1346136
269036,0.0166681,37.0240548010916,1.044014,0.495722,-0.2487851,-0.4219181,0.213196,-0.8585441,-0.198582,1,1,0.4037852,0.09401375,0.06672193,0.9850359,0.1018433,0.03480637,-0.1346136
269036,0.0166663,37.0407211016864,1.044014,0.495722,-0.2487851,-0.4219181,0.213196,-0.8585441,-0.198582,1,1,0.4037852,0.09401375,0.06672193,0.9850359,0.1018433,0.03480637,-0.1346136
269036,0.0166678,37.0573889017105,1.044014,0.495722,-0.2487851,-0.4219181,0.213196,-0.8585441,-0.198582,1,1,0.4037852,0.09401375,0.06672193,0.9850359,0.1018433,0.03480637,-0.1346136
269036,0.0166662,37.0740551017225,1.044014,0.495722,-0.2487851,-0.4219181,0.213196,-0.8585441,-0.198582,1,1,0.4037852,0.09401375,0.06672193,0.9850359,0.1018433,0.03480637,-0.1346136
269036,0.0166673,37.0907224025577,1.044014,0.495722,-0.2487851,-0.4219181,0.213196,-0.8585441,-0.198582,1,1,0.4037852,0.09401375,0.06672193,0.9850359,0.1018433,0.03480637,-0.1346136
269036,0.0166656,37.107388002798,1.044014,0.495722,-0.2487851,-0.4219181,0.213196,-0.8585441,-0.198582,1,1,0.4037852,0.09401375,0.06672193,0.9850359,0.1018433,0.03480637,-0.1346136
269036,0.0166676,37.1240556035191,1.044014,0.495722,-0.2487851,-0.4219181,0.213196,-0.8585441,-0.198582,1,1,0.4037852,0.09401375,0.06672193,0.9850359,0.1018433,0.03480637,-0.1346136
269036,0.016667,37.1407226026058,1.044014,0.495722,-0.2487851,-0.4219181,0.213196,-0.8585441,-0.198582,1,1,0.4037852,0.09401375,0.06672193,0.9850359,0.1018433,0.03480637,-0.1346136
269036,0.016669,37.1573916021734,1.044014,0.495722,-0.2487851,-0.4219181,0.213196,-0.8585441,-0.198582,1,1,0.4037852,0.09401375,0.06672193,0.9850359,0.1018433,0.03480637,-0.1346136
269036,0.0166662,37.1740578021854,1.044014,0.495722,-0.2487851,-0.4219181,0.213196,-0.8585441,-0.198582,1,1,0.4037852,0.09401375,0.06672193,0.9850359,0.1018433,0.03480637,-0.1346136
269036,0.0166675,37.1907253023237,1.044014,0.495722,-0.2487851,-0.4219181,0.213196,-0.8585441,-0.198582,1,1,0.4037852,0.09401375,0.06672193,0.9850359,0.1018433,0.03480637,-0.1346136
269114,0.0166649,37.2073902022094,1.044014,0.495722,-0.2487851,-0.4219181,0.213196,-0.8585441,-0.198582,1,1,0.4037852,0.09401375,0.06672193,0.9850359,0.1018433,0.03480637,-0.1346136
269114,0.0166678,37.2240580022335,1.044014,0.495722,-0.2487851,-0.4219181,0.213196,-0.8585441,-0.198582,1,1,0.4037852,0.09401375,0.06672193,0.9850359,0.1018433,0.03480637,-0.1346136
269114,0.0166659,37.2407239023596,1.044014,0.495722,-0.2487851,-0.4219181,0.213196,-0.8585441,-0.198582,1,1,0.4037852,0.09401375,0.06672193,0.9850359,0.1018433,0.03480637,-0.1346136
269114,0.0166686,37.2573925014585,1.044014,0.495722,-0.2487851,-0.4219181,0.213196,-0.8585441,-0.198582,1,1,0.4037852,0.09401375,0.06672193,0.9850359,0.1018433,0.03480637,-0.1346136
269114,0.0170926,37.2744851019233,1.044014,0.495722,-0.2487851,-0.4219181,0.213196,-0.8585441,-0.198582,1,1,0.4037852,0.09401375,0.06672193,0.9850359,0.1018433,0.03480637,-0.1346136
269114,0.016669,37.291154101491,1.044014,0.495722,-0.2487851,-0.4219181,0.213196,-0.8585441,-0.198582,1,1,0.4037852,0.09401375,0.06672193,0.9850359,0.1018433,0.03480637,-0.1346136
269114,0.0166655,37.3078196011484,1.044014,0.495722,-0.2487851,-0.4219181,0.213196,-0.8585441,-0.198582,1,1,0.4037852,0.09401375,0.06672193,0.9850359,0.1018433,0.03480637,-0.1346136
269136,0.0166691,37.3244887012988,1.044014,0.495722,-0.2487851,-0.4219181,0.213196,-0.8585441,-0.198582,1,1,0.4037852,0.09401375,0.06672193,0.9850359,0.1018433,0.03480637,-0.1346136
269136,0.0166651,37.3411538004875,1.044014,0.495722,-0.2487851,-0.4219181,0.213196,-0.8585441,-0.198582,1,1,0.4037852,0.09401375,0.06672193,0.9850359,0.1018433,0.03480637,-0.1346136
269136,0.0166669,37.3578207008541,1.044014,0.495722,-0.2487851,-0.4219181,0.213196,-0.8585441,-0.198582,1,1,0.4037852,0.09401375,0.06672193,0.9850359,0.1018433,0.03480637,-0.1346136
269136,0.0166668,37.3744875006378,1.044014,0.495722,-0.2487851,-0.4219181,0.213196,-0.8585441,-0.198582,1,1,0.4037852,0.09401375,0.06672193,0.9850359,0.1018433,0.03480637,-0.1346136
269136,0.0166676,37.3911551013589,1.044014,0.495722,-0.2487851,-0.4219181,0.213196,-0.8585441,-0.198582,1,1,0.4037852,0.09401375,0.06672193,0.9850359,0.1018433,0.03480637,-0.1346136
269136,0.0166665,37.4078216012567,1.044014,0.495722,-0.2487851,-0.4219181,0.213196,-0.8585441,-0.198582,1,1,0.4037852,0.09401375,0.06672193,0.9850359,0.1018433,0.03480637,-0.1346136
269136,0.0166666,37.4244882017374,1.044014,0.495722,-0.2487851,-0.4219181,0.213196,-0.8585441,-0.198582,1,1,0.4037852,0.09401375,0.06672193,0.9850359,0.1018433,0.03480637,-0.1346136
269136,0.0166664,37.4411546010524,1.044014,0.495722,-0.2487851,-0.4219181,0.213196,-0.8585441,-0.198582,1,1,0.4037852,0.09401375,0.06672193,0.9850359,0.1018433,0.03480637,-0.1346136
269136,0.0166678,37.4578224010766,1.044014,0.495722,-0.2487851,-0.4219181,0.213196,-0.8585441,-0.198582,1,1,0.4037852,0.09401375,0.06672193,0.9850359,0.1018433,0.03480637,-0.1346136
269136,0.0166661,37.4744885005057,1.044014,0.495722,-0.2487851,-0.4219181,0.213196,-0.8585441,-0.198582,1,1,0.4037852,0.09401375,0.06672193,0.9850359,0.1018433,0.03480637,-0.1346136
269136,0.0166698,37.4911583010107,1.044014,0.495722,-0.2487851,-0.4219181,0.213196,-0.8585441,-0.198582,1,1,0.4037852,0.09401375,0.06672193,0.9850359,0.1018433,0.03480637,-0.1346136
269136,0.0166648,37.5078231003135,1.044014,0.495722,-0.2487851,-0.4219181,0.213196,-0.8585441,-0.198582,1,1,0.4037852,0.09401375,0.06672193,0.9850359,0.1018433,0.03480637,-0.1346136
269136,0.0166669,37.5244900006801,1.044014,0.495722,-0.2487851,-0.4219181,0.213196,-0.8585441,-0.198582,1,1,0.4037852,0.09401375,0.06672193,0.9850359,0.1018433,0.03480637,-0.1346136
269136,0.0166665,37.5411565005779,1.044014,0.495722,-0.2487851,-0.4219181,0.213196,-0.8585441,-0.198582,1,1,0.4037852,0.09401375,0.06672193,0.9850359,0.1018433,0.03480637,-0.1346136
269136,0.0166691,37.5578256007284,1.044014,0.495722,-0.2487851,-0.4219181,0.213196,-0.8585441,-0.198582,1,1,0.4037852,0.09401375,0.06672193,0.9850359,0.1018433,0.03480637,-0.1346136
269136,0.0166651,37.5744906999171,1.044014,0.495722,-0.2487851,-0.4219181,0.213196,-0.8585441,-0.198582,1,1,0.4037852,0.09401375,0.06672193,0.9850359,0.1018433,0.03480637,-0.1346136
269136,0.0166682,37.5911589004099,1.044014,0.495722,-0.2487851,-0.4219181,0.213196,-0.8585441,-0.198582,1,1,0.4037852,0.09401375,0.06672193,0.9850359,0.1018433,0.03480637,-0.1346136
269136,0.0166655,37.6078244000673,1.044014,0.495722,-0.2487851,-0.4219181,0.213196,-0.8585441,-0.198582,1,1,0.4037852,0.09401375,0.06672193,0.9850359,0.1018433,0.03480637,-0.1346136
269136,0.0166669,37.6244913004339,1.044014,0.495722,-0.2487851,-0.4219181,0.213196,-0.8585441,-0.198582,1,1,0.4037852,0.09401375,0.06672193,0.9850359,0.1018433,0.03480637,-0.1346136
269136,0.0166668,37.6411581002176,1.044014,0.495722,-0.2487851,-0.4219181,0.213196,-0.8585441,-0.198582,1,1,0.4037852,0.09401375,0.06672193,0.9850359,0.1018433,0.03480637,-0.1346136
269136,0.0166675,37.6578256003559,1.044014,0.495722,-0.2487851,-0.4219181,0.213196,-0.8585441,-0.198582,1,1,0.4037852,0.09401375,0.06672193,0.9850359,0.1018433,0.03480637,-0.1346136
269136,0.0166662,37.6744918003678,1.044014,0.495722,-0.2487851,-0.4219181,0.213196,-0.8585441,-0.198582,1,1,0.4037852,0.09401375,0.06672193,0.9850359,0.1018433,0.03480637,-0.1346136
269136,0.0166674,37.6911591999233,1.044014,0.495722,-0.2487851,-0.4219181,0.213196,-0.8585441,-0.198582,1,1,0.4037852,0.09401375,0.06672193,0.9850359,0.1018433,0.03480637,-0.1346136
269214,0.016667,37.70782619901,1.044014,0.495722,-0.2487851,-0.4219181,0.213196,-0.8585441,-0.198582,1,1,0.4037852,0.09401375,0.06672193,0.9850359,0.1018433,0.03480637,-0.1346136
269214,0.0166681,37.72449429892,1.044014,0.495722,-0.2487851,-0.4219181,0.213196,-0.8585441,-0.198582,1,1,0.4037852,0.09401375,0.06672193,0.9850359,0.1018433,0.03480637,-0.1346136
269214,0.0166654,37.7411596979946,1.044014,0.495722,-0.2487851,-0.4219181,0.213196,-0.8585441,-0.198582,1,1,0.4037852,0.09401375,0.06672193,0.9850359,0.1018433,0.03480637,-0.1346136
269214,0.0166685,37.7578281983733,1.044014,0.495722,-0.2487851,-0.4219181,0.213196,-0.8585441,-0.198582,1,1,0.4037852,0.09401375,0.06672193,0.9850359,0.1018433,0.03480637,-0.1346136
269214,0.0166656,37.7744937986135,1.044014,0.495722,-0.2487851,-0.4219181,0.213196,-0.8585441,-0.198582,1,1,0.4037852,0.09401375,0.06672193,0.9850359,0.1018433,0.03480637,-0.1346136
269214,0.0166673,37.7911610994488,1.044014,0.495722,-0.2487851,-0.4219181,0.213196,-0.8585441,-0.198582,1,1,0.4037852,0.09401375,0.06672193,0.9850359,0.1018433,0.03480637,-0.1346136
269214,0.016666,37.8078271001577,1.044014,0.495722,-0.2487851,-0.4219181,0.213196,-0.8585441,-0.198582,1,1,0.4037852,0.09401375,0.06672193,0.9850359,0.1018433,0.03480637,-0.1346136
269236,0.0166688,37.8244959004223,1.044014,0.495722,-0.2487851,-0.4219181,0.213196,-0.8585441,-0.198582,1,1,0.4037852,0.09401375,0.06672193,0.9850359,0.1018433,0.03480637,-0.1346136
269236,0.0166649,37.841160800308,1.044014,0.495722,-0.2487851,-0.4219181,0.213196,-0.8585441,-0.198582,1,1,0.4037852,0.09401375,0.06672193,0.9850359,0.1018433,0.03480637,-0.1346136
269236,0.0166684,37.8578292001039,1.044014,0.495722,-0.2487851,-0.4219181,0.213196,-0.8585441,-0.198582,1,1,0.4037852,0.09401375,0.06672193,0.9850359,0.1018433,0.03480637,-0.1346136
269236,0.0166657,37.8744949009269,1.044014,0.495722,-0.2487851,-0.4219181,0.213196,-0.8585441,-0.198582,1,1,0.4037852,0.09401375,0.06672193,0.9850359,0.1018433,0.03480637,-0.1346136
269236,0.0166683,37.89116320014,1.044014,0.495722,-0.2487851,-0.4219181,0.213196,-0.8585441,-0.198582,1,1,0.4037852,0.09401375,0.06672193,0.9850359,0.1018433,0.03480637,-0.1346136
269236,0.0166658,37.9078289996833,1.044014,0.495722,-0.2487851,-0.4219181,0.213196,-0.8585441,-0.198582,1,1,0.4037852,0.09401375,0.06672193,0.9850359,0.1018433,0.03480637,-0.1346136
269236,0.0166682,37.9244972001761,1.044014,0.495722,-0.2487851,-0.4219181,0.213196,-0.8585441,-0.198582,1,1,0.4037852,0.09401375,0.06672193,0.9850359,0.1018433,0.03480637,-0.1346136
269236,0.0166667,37.941163899377,1.044014,0.495722,-0.2487851,-0.4219181,0.213196,-0.8585441,-0.198582,1,1,0.4037852,0.09401375,0.06672193,0.9850359,0.1018433,0.03480637,-0.1346136
269236,0.0166678,37.9578316994011,1.044014,0.495722,-0.2487851,-0.4219181,0.213196,-0.8585441,-0.198582,1,1,0.4037852,0.09401375,0.06672193,0.9850359,0.1018433,0.03480637,-0.1346136
269236,0.0166656,37.9744972996414,1.044014,0.495722,-0.2487851,-0.4219181,0.213196,-0.8585441,-0.198582,1,1,0.4037852,0.09401375,0.06672193,0.9850359,0.1018433,0.03480637,-0.1346136
269236,0.0166671,37.9911643993109,1.044014,0.495722,-0.2487851,-0.4219181,0.213196,-0.8585441,-0.198582,1,1,0.4037852,0.09401375,0.06672193,0.9850359,0.1018433,0.03480637,-0.1346136
269236,0.0166663,38.0078306999058,1.044014,0.495722,-0.2487851,-0.4219181,0.213196,-0.8585441,-0.198582,1,1,0.4037852,0.09401375,0.06672193,0.9850359,0.1018433,0.03480637,-0.1346136
269236,0.016668,38.0244986992329,1.044014,0.495722,-0.2487851,-0.4219181,0.213196,-0.8585441,-0.198582,1,1,0.4037852,0.09401375,0.06672193,0.9850359,0.1018433,0.03480637,-0.1346136
269236,0.0166668,38.0411654990166,1.044014,0.495722,-0.2487851,-0.4219181,0.213196,-0.8585441,-0.198582,1,1,0.4037852,0.09401375,0.06672193,0.9850359,0.1018433,0.03480637,-0.1346136
269236,0.0166663,38.0578317996114,1.044014,0.495722,-0.2487851,-0.4219181,0.213196,-0.8585441,-0.198582,1,1,0.4037852,0.09401375,0.06672193,0.9850359,0.1018433,0.03480637,-0.1346136
269236,0.0166676,38.0744994003326,1.044014,0.495722,-0.2487851,-0.4219181,0.213196,-0.8585441,-0.198582,1,1,0.4037852,0.09401375,0.06672193,0.9850359,0.1018433,0.03480637,-0.1346136
269236,0.0166667,38.0911660995334,1.044014,0.495722,-0.2487851,-0.4219181,0.213196,-0.8585441,-0.198582,1,1,0.4037852,0.09401375,0.06672193,0.9850359,0.1018433,0.03480637,-0.1346136
269236,0.017743,38.1089091002941,1.044014,0.495722,-0.2487851,-0.4219181,0.213196,-0.8585441,-0.198582,1,1,0.4037852,0.09401375,0.06672193,0.9850359,0.1018433,0.03480637,-0.1346136
269236,0.0166691,38.1255782004446,1.044014,0.495722,-0.2487851,-0.4219181,0.213196,-0.8585441,-0.198582,1,1,0.4037852,0.09401375,0.06672193,0.9850359,0.1018433,0.03480637,-0.1346136
269236,0.0166663,38.1422445010394,1.044014,0.495722,-0.2487851,-0.4219181,0.213196,-0.8585441,-0.198582,1,1,0.4037852,0.09401375,0.06672193,0.9850359,0.1018433,0.03480637,-0.1346136
269236,0.0166697,38.1589142009616,1.044014,0.495722,-0.2487851,-0.4219181,0.213196,-0.8585441,-0.198582,1,1,0.4037852,0.09401375,0.06672193,0.9850359,0.1018433,0.03480637,-0.1346136
269236,0.0166641,38.1755783017725,1.044014,0.495722,-0.2487851,-0.4219181,0.213196,-0.8585441,-0.198582,1,1,0.4037852,0.09401375,0.06672193,0.9850359,0.1018433,0.03480637,-0.1346136
269236,0.0166676,38.1922459024936,1.044014,0.495722,-0.2487851,-0.4219181,0.213196,-0.8585441,-0.198582,1,1,0.4037852,0.09401375,0.06672193,0.9850359,0.1018433,0.03480637,-0.1346136
269314,0.0166658,38.2089117020369,1.044014,0.495722,-0.2487851,-0.4219181,0.213196,-0.8585441,-0.198582,1,1,0.4037852,0.09401375,0.06672193,0.9850359,0.1018433,0.03480637,-0.1346136
269314,0.0166686,38.2255803011358,1.044014,0.495722,-0.2487851,-0.4219181,0.213196,-0.8585441,-0.198582,1,1,0.4037852,0.09401375,0.06672193,0.9850359,0.1018433,0.03480637,-0.1346136
269314,0.016666,38.2422463018447,1.044014,0.495722,-0.2487851,-0.4219181,0.213196,-0.8585441,-0.198582,1,1,0.4037852,0.09401375,0.06672193,0.9850359,0.1018433,0.03480637,-0.1346136
269314,0.016669,38.2589153014123,0.9055244,0.544496,-0.2622196,-0.548293,-0.1518583,-0.7852319,-0.2443866,1,1,0.4037852,0.09401375,0.06672193,0.9850359,0.1018433,0.03480637,-0.1346136
269314,0.0166675,38.2755828015506,0.9050156,0.547418,-0.2632673,-0.5524759,-0.1725412,-0.7781793,-0.2437968,0.223768934607506,0.544994533061981,0.4172197,-0.04447562,0.115496,0.9234889,-0.1682404,-0.2127817,-0.27127
269314,0.0166659,38.2922487016767,0.9050829,0.5505339,-0.2649808,-0.5663658,-0.1813781,-0.7656026,-0.2453254,0.283509790897369,0.433357954025269,0.4182674,-0.0449844,0.118418,0.9152322,-0.1818751,-0.2257272,-0.279855
269314,0.0166649,38.3089136015624,0.9061017,0.5507075,-0.2663628,-0.5725936,-0.1938708,-0.7581719,-0.2443891,0.224693357944489,0.51596587896347,0.4199809,-0.04491705,0.1215339,0.9104883,-0.2020381,-0.2258115,-0.2814265
269336,0.0166701,38.3255837019533,0.9076961,0.5505347,-0.2709826,-0.5878006,-0.2047927,-0.7426497,-0.2470263,0.2143464833498,0.443332135677338,0.4213628,-0.04389828,0.1217075,0.9045455,-0.2145298,-0.231386,-0.2867662
269336,0.0166657,38.3422494027764,0.9087072,0.5503609,-0.2729933,-0.5926957,-0.2091095,-0.7359879,-0.2516087,0,0,0.4259827,-0.04230386,0.1215347,0.8980433,-0.2380664,-0.2325259,-0.2877055
269336,0.0166685,38.3589179031551,0.9110674,0.5503259,-0.274611,-0.5946558,-0.2194007,-0.7278095,-0.2618037,0,0,0.4279935,-0.04129279,0.1213609,0.8957698,-0.2475087,-0.2349046,-0.2848786
269336,0.0166694,38.3755873031914,0.9118615,0.5496658,-0.2747865,0.5940608,0.219225,0.7267135,0.2663077,0,0,0.4296111,-0.03893256,0.1213259,0.8915925,-0.2586533,-0.2452789,-0.2792842
269336,0.0166635,38.3922508023679,0.9129475,0.5492121,-0.2754971,-0.5909626,-0.2243244,-0.7225719,-0.2798782,0,0,0.4297866,-0.03813845,0.1206658,0.8920593,-0.2596143,-0.2472158,-0.2751637
269336,0.0166658,38.4089166019112,0.913231,0.5492934,-0.2758622,0.5895785,0.2235722,0.7222248,0.2842606,0,0,0.4304972,-0.03705251,0.1202121,0.8909783,-0.2638362,-0.2577334,-0.264805
269336,0.0166677,38.4255843013525,0.913403,0.5495373,-0.2764121,0.5879995,0.2216956,0.7228222,0.2874644,0,0,0.4308624,-0.03676897,0.1202934,0.8917456,-0.2636023,-0.2595985,-0.2605996
269336,0.0166687,38.4422530010343,0.913484,0.5497892,-0.2768095,0.5865809,0.2205363,0.723511,0.2895143,0,0,0.4314123,-0.03659701,0.1205373,0.8929958,-0.262128,-0.2603042,-0.2570781
269336,0.0166665,38.4589195009321,0.9136215,0.5502652,-0.2773821,0.5801536,0.214873,0.726932,0.2980294,0,0,0.4318096,-0.03651601,0.1207892,0.8938361,-0.260736,-0.2609964,-0.2548623
269336,0.0166685,38.4755880013108,0.9132263,0.5506966,-0.2775882,0.5772712,0.2156419,0.728426,0.2994198,0,0,0.4323822,-0.03637844,0.1212652,0.8976986,-0.2539784,-0.2635153,-0.2453405
269336,0.0166675,38.4922555014491,0.9118254,0.552097,-0.2778968,0.5752205,0.2195551,0.7305874,0.2952271,0,0,0.4325884,-0.03677368,0.1216965,0.8978385,-0.2515904,-0.2660932,-0.2445053
269336,0.0166645,38.5089200008661,0.9109282,0.55264,-0.277913,0.5756444,0.2210702,0.7314914,0.2910016,0,0,0.4328969,-0.03817457,0.123097,0.896268,-0.2494253,-0.2683802,-0.249926
269336,0.0166681,38.5255881007761,0.9093103,0.5532441,-0.2783707,0.5759981,0.2243202,0.7338029,0.2818512,0,0,0.4329131,-0.03907174,0.12364,0.8953772,-0.2489458,-0.2676406,-0.2543505
269336,0.0166663,38.5422544013709,0.9085975,0.5534765,-0.2787335,0.5758576,0.2253902,0.7349308,0.2783239,0,0,0.4333708,-0.04068965,0.1242441,0.8934687,-0.2472892,-0.2662874,-0.2639183
269336,0.0166669,38.5589213017374,0.9073341,0.5538666,-0.2793567,0.5740902,0.2265966,0.7375704,0.2739789,0,0,0.4337336,-0.04140252,0.1244764,0.8928287,-0.2462595,-0.2657702,-0.2675434
269336,0.0166666,38.5755879022181,0.9068833,0.5540297,-0.2796105,-0.5725185,-0.2252012,-0.7394304,-0.2734044,0,0,0.4343567,-0.04266584,0.1248666,0.8922989,-0.2431187,-0.2658706,-0.2720458
269336,0.0166692,38.5922571029514,0.9060203,0.5538278,-0.2801344,0.5709321,0.2187035,0.7437744,0.2701949,0,0,0.4346105,-0.04311669,0.1250297,0.893124,-0.2404086,-0.2654583,-0.2721494
269336,0.0166644,38.6089215036482,0.9055677,0.553435,-0.2802451,0.5708464,0.2182478,0.7448456,0.2677822,0,0,0.4351345,-0.0439797,0.1248278,0.8960781,-0.2341813,-0.2603603,-0.2727927
269336,0.0166708,38.6255923043936,0.9055692,0.5523621,-0.2804409,0.5719324,0.2143536,0.7490279,0.2567161,0,0,0.4352451,-0.04443228,0.124435,0.8961375,-0.2329322,-0.2591375,-0.2748237
269336,0.0166634,38.64225570485,0.9057483,0.5516748,-0.2804578,0.5726746,0.2145081,0.7506257,0.2501821,0,0,0.435441,-0.04443079,0.1233621,0.896919,-0.2280765,-0.2514429,-0.2833618
269336,0.0166671,38.6589228045195,0.9064533,0.5504405,-0.2800727,0.574614,0.2119692,0.7541046,0.2370953,0,0,0.4354579,-0.04425168,0.1226748,0.8962132,-0.2265489,-0.248598,-0.289269
269336,0.0166669,38.6755897048861,0.9069055,0.5497011,-0.2796352,-0.5750341,-0.2088389,-0.7560174,-0.2327232,0,0,0.4350728,-0.04354674,0.1214405,0.8958465,-0.2227239,-0.2405715,-0.2999642
269336,0.0166924,38.6922821048647,0.9079581,0.5484325,-0.2788718,0.5757918,0.2012503,0.7598777,0.2248294,0,0,0.4346353,-0.04309446,0.1207011,0.8967,-0.2201234,-0.236344,-0.3026819
269414,0.0166423,38.7089244052768,0.9084659,0.5477927,-0.2785658,-0.5751119,-0.1913556,-0.7630389,-0.2245021,0,0,0.4338719,-0.0420419,0.1194325,0.8989791,-0.2145643,-0.2272824,-0.3068249
269414,0.0166672,38.7255916055292,0.9096896,0.5463417,-0.2782344,0.574249,0.1888562,0.7652252,0.2213633,0,0,0.4335659,-0.04153407,0.1187927,0.9031682,-0.2090439,-0.2202991,-0.3034077
269414,0.016667,38.7422586046159,0.910229,0.546064,-0.2783553,-0.5743518,-0.1865399,-0.7666086,-0.218253,0,0,0.4332345,-0.04031038,0.1173417,0.9039283,-0.2057972,-0.2176475,-0.3052714
269414,0.0166666,38.7589252050966,0.9112142,0.5451133,-0.2781221,-0.574208,-0.1842007,-0.7684215,-0.2142051,0,0,0.4333554,-0.03977102,0.117064,0.9044809,-0.203752,-0.214643,-0.3071285
269414,0.0166666,38.7755918055773,0.9117834,0.5446284,-0.2778959,0.5741489,0.18222,0.7694676,0.2122938,0,0,0.4331222,-0.03878582,0.1161133,0.9049339,-0.2011017,-0.2113612,-0.3098051
269414,0.0166681,38.7922599054873,0.9129211,0.5440246,-0.2776785,0.5747682,0.178697,0.771465,0.2062785,0,0,0.432896,-0.03821659,0.1156284,0.9054907,-0.1994638,-0.2091633,-0.3107274
269414,0.0166657,38.8089256063104,0.9133506,0.5440027,-0.2776514,-0.5752494,-0.1756355,-0.7727092,-0.2028815,0,0,0.4326786,-0.03707886,0.1150246,0.9060176,-0.1964872,-0.2038092,-0.3146217
269436,0.016667,38.8255926053971,0.9139995,0.5436276,-0.2772613,-0.5758865,-0.1760817,-0.7729789,-0.199634,0,0,0.4326515,-0.03664941,0.1150026,0.9067,-0.1944825,-0.1999252,-0.3163885
269436,0.0166667,38.842259304598,0.9142499,0.5434909,-0.2771451,-0.5761652,-0.1760567,-0.7730448,-0.1985939,0,0,0.4322614,-0.03600049,0.1146276,0.9059836,-0.1943069,-0.1985938,-0.3193731
269436,0.0166674,38.8589267041534,0.9147165,0.5432357,-0.2770626,-0.5761606,-0.1753455,-0.7734689,-0.1975825,0,0,0.4321452,-0.03575009,0.1144909,0.9058093,-0.1942604,-0.1980055,-0.3202595
269436,0.0166667,38.8755934033543,0.9148712,0.5431113,-0.2770358,0.5760877,0.1748091,0.773783,0.1970402,0,0,0.4320627,-0.03528351,0.1142357,0.9059421,-0.1935922,-0.1970691,-0.3208658
269436,0.016671,38.8922644034028,0.9151187,0.5428441,-0.2769049,-0.5759035,-0.1732808,-0.7745565,-0.1958864,0,0,0.432036,-0.03512877,0.1141113,0.9060817,-0.1930843,-0.1964887,-0.3211334
269454,0.0166637,38.908928103745,0.9152775,0.5427936,-0.2768246,0.5757664,0.1723575,0.7749849,0.1954086,0,0,0.4319051,-0.03488129,0.1138441,0.9065316,-0.1917971,-0.1949837,-0.3215518
269454,0.0166699,38.9255980029702,0.9156956,0.5426735,-0.2766817,-0.5751641,-0.1713805,-0.7757307,-0.1950825,0,0,0.4318247,-0.03472251,0.1137936,0.9068373,-0.1910651,-0.1941776,-0.3216137
269454,0.0166651,38.9422631021589,0.916007,0.5425823,-0.2767365,-0.5747479,-0.1715009,-0.7760695,-0.1948553,0,0,0.4316818,-0.03430438,0.1136735,0.9072383,-0.1898343,-0.1936307,-0.3215412
269454,0.0166656,38.9589287023991,0.9167044,0.5423446,-0.2768241,0.5726858,0.1711075,0.7776359,0.1950272,0,0,0.4317366,-0.03399295,0.1135823,0.9072042,-0.1893426,-0.1938369,-0.3218031
269454,0.0166667,38.9755954016,0.9171714,0.5421067,-0.276829,0.5707348,0.1705135,0.7789608,0.1959772,0,0,0.4318243,-0.03329557,0.1133446,0.9076126,-0.1868954,-0.1946652,-0.3215821
269454,0.0166679,38.992263302207,0.9180484,0.5418217,-0.2762655,0.5627543,0.1704556,0.7841001,0.1985945,0,0,0.4318292,-0.03282863,0.1131067,0.9081973,-0.184747,-0.1956092,-0.3205981
269454,0.0166668,39.0089301019907,0.919338,0.5411423,-0.2755298,0.5499983,0.1629715,0.7929368,0.2054105,0,0,0.4312656,-0.03195161,0.1128217,0.9094155,-0.1766398,-0.2006747,-0.3185775
269454,0.016667,39.0255971010774,0.9225909,0.5395502,-0.2742987,0.5186648,0.1669555,0.8119918,0.209242,0,0,0.4305299,-0.03066194,0.1121423,0.9143667,-0.1613916,-0.2043462,-0.3100467
269454,0.0166667,39.0422638002783,0.9240928,0.5397012,-0.2755334,-0.5074377,-0.1681905,-0.8194837,-0.2065564,0,0,0.4292988,-0.02740908,0.1105502,0.9151168,-0.1301527,-0.2242783,-0.3087406
269454,0.0166676,39.0589314009994,0.9279519,0.5409243,-0.2798929,-0.512593,-0.1377142,-0.8229082,-0.2027444,0,0,0.4305336,-0.02590716,0.1107012,0.9145372,-0.1177024,-0.2295162,-0.311593
269454,0.0166667,39.0755981002003,0.9302297,0.5407858,-0.2810869,-0.513175,-0.1389546,-0.8233424,-0.1986217,0,0,0.4348931,-0.02204806,0.1119243,0.9249089,-0.1087215,-0.202809,-0.3026413
269454,0.016667,39.092265099287,0.9352682,0.5398271,-0.282886,0.5136216,0.1394709,0.8232306,0.1975659,0,0,0.436087,-0.01977032,0.1117858,0.9238192,-0.1085122,-0.2017455,-0.3067279
269454,0.0166665,39.1089315991849,0.938354,0.5384114,-0.2834831,-0.5135491,-0.1348342,-0.8230677,-0.2016104,0,0,0.4378861,-0.01473182,0.1108271,0.9234616,-0.1088651,-0.201477,-0.3078542
269454,0.0166745,39.1256060991436,0.9452766,0.5353963,-0.2849974,0.5112938,0.1266203,0.8232005,0.2118656,0,0,0.4384832,-0.01164603,0.1094114,0.9257106,-0.1081492,-0.199725,-0.3024461
269454,0.0166602,39.1422662995756,0.948913,0.5341847,-0.2858041,0.5095658,0.1236692,0.8233368,0.2171752,0,0,0.4399975,-0.00472343,0.1063963,0.9301048,-0.1056876,-0.1988963,-0.29013
269454,0.0166677,39.1589339990169,0.9569288,0.5305443,-0.28721,0.5103967,0.1122618,0.823046,0.2224586,0,0,0.4408042,-0.00108695,0.1051847,0.931889,-0.1043949,-0.1996964,-0.2842639
269454,0.0166656,39.1755995992571,0.9610807,0.5281336,-0.2871515,0.5142339,0.1007292,0.8225552,0.2209527,0,0,0.4422101,0.006928861,0.1015443,0.9363579,-0.1023616,-0.1928775,-0.2748716
269454,0.016667,39.1922665983438,0.9683445,0.5255589,-0.286552,0.5136293,0.05866434,0.8261673,0.224034,0,0,0.4421516,0.01108068,0.09913363,0.9397426,-0.1012625,-0.1816987,-0.2713216
269514,0.0166672,39.2089337985963,0.972167,0.5246546,-0.2873087,0.5142784,0.04542742,0.8253866,0.2284535,0,0,0.441552,0.01834452,0.09655894,0.9524759,-0.08514716,-0.1511775,-0.2503697
269514,0.0166712,39.2256049979478,0.979773,0.5227985,-0.289318,0.5165548,0.02221002,0.8230556,0.2350689,0,0,0.4423088,0.02216697,0.09565462,0.9565724,-0.08237734,-0.1424786,-0.2405894
269514,0.0166625,39.2422674987465,0.983727,0.5219592,-0.290257,-0.5177857,-0.01373193,-0.8208578,-0.2406283,0,0,0.4443181,0.02977306,0.09379853,0.9631407,-0.07861401,-0.1260856,-0.2242373
269514,0.0166674,39.258934898302,0.9913423,0.5208392,-0.2923732,-0.5232742,0.03503555,-0.8132701,-0.2520882,0,0,0.4452571,0.03372705,0.09295918,0.9657637,-0.07886349,-0.1211382,-0.2154219
269514,0.0166657,39.275600599125,0.9942014,0.5202824,-0.2932566,-0.5266619,0.08167952,-0.8049749,-0.2607129,0,0,0.4473733,0.04134232,0.09183921,0.9769358,-0.07224261,-0.08473788,-0.1822006
269514,0.0166677,39.2922682985663,1.000246,0.5191692,-0.2932547,-0.5302851,0.1388844,-0.7890027,-0.2774593,0,0,0.4482568,0.04420143,0.09128238,0.985126,-0.0644305,-0.04925262,-0.1514919
269514,0.0166669,39.3089351989329,1.003187,0.5188475,-0.2930607,-0.5275996,0.1604246,-0.7841596,-0.2845989,0.00140892365016043,0.0164382290095091,0.4482548,0.05024594,0.09016909,0.9925234,-0.05848032,-0.007544779,-0.1068667
269536,0.0166686,39.3256037980318,1.009572,0.5178586,-0.2922571,-0.518948,0.2139635,-0.7696962,-0.3041063,0.0732038840651512,0.0345588251948357,0.4480608,0.05318743,0.0898474,0.9946231,-0.05270044,0.006108931,-0.08893975
269536,0.0166664,39.3422701973468,1.012984,0.517544,-0.2911857,-0.5147482,0.231955,-0.7645284,-0.3110102,0.14845135807991,0.175909340381622,0.4472572,0.05957216,0.08885856,0.9976302,-0.03830146,0.0390608,-0.04172958
269536,0.0166669,39.3589370977134,1.018988,0.5166391,-0.2896938,-0.504852,0.2608568,-0.7579831,-0.3202189,0.221263483166695,0.310789853334427,0.4461859,0.06298381,0.08854397,0.997917,-0.0326694,0.04958865,-0.02520485
269536,0.0166664,39.3756034970284,1.022181,0.515666,-0.2887701,0.4994014,-0.2702132,0.7569957,0.3233274,0.266999423503876,0.419488191604614,0.4446939,0.06898767,0.08763905,0.997627,-0.01992587,0.065905,-6.164428E-05
269536,0.0166668,39.3922702968121,1.027714,0.5137838,-0.2870649,-0.4877083,0.2917308,-0.7542436,-0.3288627,0.300946414470673,0.451717853546143,0.4437702,0.07218057,0.08666594,0.9974137,-0.0135387,0.07010123,0.008271364
269554,0.016667,39.4089372958988,1.030127,0.5127938,-0.2860324,0.4832323,-0.296107,0.7559026,0.3277478,0.374810785055161,0.554329931735992,0.4420649,0.07771379,0.08478381,0.9963786,0.0006150288,0.08090325,0.02615619
269554,0.0166669,39.4256041962653,1.035392,0.5115743,-0.2853359,-0.4697855,0.3025368,-0.7646861,-0.3209804,0.397580355405808,0.573495149612427,0.4410326,0.08012742,0.08379377,0.9961469,0.006659748,0.08293751,0.02772166
269554,0.0166674,39.4422715958208,1.038375,0.511317,-0.2857216,-0.4642989,0.3030249,-0.7694641,-0.3170607,0.449705928564072,0.657537937164307,0.440336,0.0853923,0.08257426,0.9957836,0.02500116,0.08456083,0.02528634
269554,0.0166663,39.4589378964156,1.043759,0.5104563,-0.2861116,-0.4552049,0.3004315,-0.7791174,-0.3090397,0.500737905502319,0.785919189453125,0.4407217,0.08837479,0.08231701,0.9957056,0.0325519,0.08383302,0.02197188
269554,0.0166666,39.4756044968963,1.046228,0.5097114,-0.2860558,-0.4501173,0.2980457,-0.7830767,-0.3087947,0.551666498184204,0.934335649013519,0.4411117,0.09375864,0.08145626,0.9956675,0.04502517,0.08029784,0.01309125
269554,0.0166684,39.4922728966922,1.049842,0.5090817,-0.2850614,-0.4444105,0.2773982,-0.795661,-0.3040941,0.586489081382751,1,0.441056,0.09622794,0.08071144,0.995789,0.05008535,0.07591696,0.01151033
269554,0.0166673,39.5089401975274,1.051805,0.5085059,-0.2842093,0.4438132,-0.2554564,0.8055156,0.2981888,0.631851553916931,1,0.4400615,0.09984165,0.08008172,0.9968721,0.05428043,0.05722809,-0.004960864
269554,0.0166665,39.5256066974252,1.05538,0.5066881,-0.2826164,-0.4403084,0.213096,-0.8215492,-0.2928747,0.617242157459259,1,0.4392094,0.1018053,0.07950582,0.997506,0.05300785,0.04045587,-0.02313925
269554,0.0166682,39.5422748979181,1.056949,0.5055774,-0.2816557,0.438593,-0.2042106,0.8256665,0.290188,0.627246618270874,1,0.4376165,0.1053804,0.07768811,0.9974023,0.04967605,0.005061397,-0.05191639
269554,0.0166663,39.5589411985129,1.060651,0.5028141,-0.2801619,-0.4361646,0.1939773,-0.8292438,-0.2906687,0.658830761909485,1,0.4366558,0.1069492,0.07657744,0.9969668,0.05043827,-0.002132178,-0.05923385
269554,0.0166666,39.5756077989936,1.062499,0.5017141,-0.279812,0.4358776,-0.1915904,0.8301402,0.2901227,0.69755882024765,1,0.435162,0.1106511,0.07381405,0.9965836,0.05035181,-0.01199307,-0.06435778
269554,0.016667,39.5922747980803,1.066583,0.4995793,-0.2793531,0.4354018,-0.1896009,0.8311154,0.2893512,0.706309020519257,1,0.4348121,0.1124993,0.07271405,0.9964449,0.0502843,-0.01390175,-0.06615061
269554,0.0166664,39.6089411973953,1.068508,0.4987688,-0.2790943,0.4354642,-0.1884613,0.831519,0.2888417,0.727554678916931,1,0.4343532,0.1165827,0.07057925,0.9962872,0.05058852,-0.01547645,-0.06792086
269554,0.0166671,39.6256082970649,1.072016,0.4971368,-0.2775846,0.4355884,-0.1862406,0.83367,0.2838517,0.731917321681976,1,0.4340945,0.1185084,0.0697688,0.9962085,0.05044262,-0.01619684,-0.06900655
269554,0.0166668,39.6422750968486,1.073236,0.4965559,-0.2766217,-0.4361376,0.1858403,-0.8342875,-0.2814462,0.741830110549927,1,0.4325846,0.1220165,0.0681368,0.9957359,0.05166027,-0.01602705,-0.07472831
269554,0.0166676,39.6589426975697,1.075878,0.4951828,-0.2747696,-0.4373185,0.1892191,-0.834294,-0.2773123,0.736022114753723,1,0.4316218,0.1232365,0.06755583,0.9955536,0.0519007,-0.01515915,-0.07713356
269554,0.0166816,39.6756242979318,1.077101,0.494443,-0.2740027,-0.4375544,0.1934061,-0.8333479,-0.2768965,0.725325703620911,1,0.4297697,0.1258779,0.06618275,0.9954062,0.0530488,-0.01017081,-0.07905103
269554,0.0166676,39.6922918986529,1.079167,0.4940397,-0.272468,0.4398206,-0.1951855,0.8327205,0.2739292,0.721347510814667,1,0.4290028,0.1271012,0.06544302,0.9955379,0.05396727,-0.006409281,-0.07714184
269614,0.0166669,39.7089587990195,1.079934,0.4941151,-0.2717553,0.4415996,-0.1968425,0.831754,0.272815,0.706381142139435,1,0.4274681,0.1291671,0.06503974,0.9954599,0.05316008,-0.002704544,-0.07890767
269614,0.0166665,39.7256252989173,1.081087,0.4948072,-0.2702913,0.444146,-0.2044226,0.8279648,0.2746274,0.700436651706696,1,0.4267554,0.1299337,0.06511511,0.9955062,0.05213197,-5.792325E-05,-0.07905562
269614,0.0166673,39.7422925997525,1.081389,0.49548,-0.2693508,-0.4447862,0.2048162,-0.8276724,-0.2741788,0.697827756404877,1,0.4252914,0.1310866,0.06580718,0.9960003,0.05060784,0.006739564,-0.07332732
269614,0.0166674,39.758959999308,1.081887,0.4967285,-0.2674198,-0.445659,0.207777,-0.8264245,-0.2742984,0.684502184391022,1,0.4243509,0.1313887,0.06647997,0.9959999,0.05020369,0.007543427,-0.07353187
269614,0.0166661,39.7756260987371,1.082025,0.4974603,-0.2662218,-0.4457025,0.2088612,-0.8262034,-0.27407,0.658855259418488,1,0.4224198,0.1318873,0.06772847,0.9961132,0.04993969,0.01038083,-0.0718096
269614,0.0166667,39.792292797938,1.08205,0.4989612,-0.2637002,-0.4446473,0.2129489,-0.8250629,-0.2760667,0.649257957935333,1,0.4212219,0.1320248,0.0684603,0.996116,0.05022867,0.01140005,-0.07141433
269614,0.0166669,39.8089596983045,1.082019,0.4996502,-0.2624711,0.4441559,-0.2169858,0.8230934,0.2795712,0.627646505832672,1,0.4187003,0.1320499,0.06996118,0.9963092,0.05151034,0.01354945,-0.06731431
269636,0.0166668,39.8256264980882,1.081425,0.5011403,-0.2595423,-0.4446282,0.2259975,-0.8169609,-0.2894926,0.627486050128937,1,0.4174712,0.1320186,0.07065015,0.9966294,0.05161849,0.01532989,-0.06189077
269636,0.0166673,39.8422937989235,1.081294,0.5017905,-0.2582641,0.4450873,-0.2280353,0.8153015,0.2918572,0.62952071428299,1,0.4145424,0.131425,0.07214029,0.9974471,0.04936431,0.01924523,-0.0478767
269636,0.0166673,39.8589610997587,1.081388,0.5031844,-0.2569878,-0.4490469,0.2287347,-0.8108401,-0.2976166,0.609621942043304,1,0.4132642,0.1312938,0.07279046,0.9976252,0.04842489,0.0202556,-0.04459442
269636,0.0166667,39.8756277989596,1.081942,0.5037407,-0.2570653,0.4500988,-0.2314081,0.8081203,0.3013355,0.556076943874359,1,0.4119878,0.1313878,0.07418431,0.9981343,0.0422326,0.02045447,-0.03906277
269636,0.0166667,39.8922944981605,1.081464,0.5062538,-0.2565964,-0.451968,0.2588295,-0.7945117,-0.3122236,0.495876014232636,1,0.4120653,0.1319416,0.07474072,0.9983672,0.04026052,0.0217655,-0.03418236
269654,0.0166753,39.9089697990566,1.08091,0.5077173,-0.2557265,-0.452343,0.2782514,-0.785022,-0.3189083,0.416267901659012,0.90405410528183,0.4115966,0.1314643,0.07725377,0.9983062,0.03960685,0.04175699,-0.008509787
269654,0.0166674,39.9256371986121,1.079817,0.511042,-0.2543582,0.4550573,-0.3033489,0.7704027,0.3276922,0.395817518234253,0.80779492855072,0.4107266,0.13091,0.07871725,0.9975793,0.04017944,0.05603453,0.009022599
269654,0.0166672,39.9423043988645,1.079121,0.5127634,-0.2532513,0.4565444,-0.3136567,0.7641174,0.330623,0.371576726436615,0.574227929115295,0.4093583,0.1298173,0.08204199,0.9958866,0.03803934,0.07570174,0.03212866
269654,0.0166669,39.9589712992311,1.078081,0.5155832,-0.2516232,-0.461311,0.327516,-0.7528962,-0.3362632,0.36963877081871,0.515633702278137,0.4082513,0.1291211,0.08376338,0.99491,0.03688414,0.08428597,0.04110522
269654,0.016667,39.9756382983178,1.077978,0.5170855,-0.2512726,0.4633069,-0.3372597,0.7455842,0.340157,0.357839494943619,0.407318651676178,0.4066233,0.1280811,0.08658321,0.9933109,0.03149985,0.09659556,0.05486948
269654,0.0166661,39.9923043977469,1.07846,0.5199575,-0.2504048,-0.4634576,0.350971,-0.7350619,-0.3488704,0.319054275751114,0.299185484647751,0.4062727,0.1279784,0.08808543,0.9919804,0.02906131,0.104687,0.06458344
269654,0.016667,40.0089713968337,1.078911,0.5216635,-0.2502625,-0.4638374,0.3582824,-0.7303227,-0.3508811,0.242605358362198,0.192537128925323,0.4054049,0.1284605,0.09095754,0.9898071,0.02690239,0.1136883,0.08144339
269654,0.0166669,40.0256382972002,1.080048,0.5243424,-0.2493985,-0.4629929,0.3749663,-0.7205415,-0.3547646,0.185685366392136,0.131829604506493,0.4052626,0.1289111,0.09266348,0.9885552,0.02649523,0.1196352,0.0880012
269654,0.0166671,40.0423053968698,1.080613,0.5259442,-0.2487172,0.4634505,-0.3853086,0.7128745,0.3585543,0.0811566710472107,0,0.4043986,0.1300479,0.09534235,0.9854628,0.02754229,0.1327165,0.1024249
269654,0.016667,40.0589723959565,1.081729,0.5282257,-0.2471857,-0.4675851,0.4038869,-0.6959628,-0.3658899,0.0581151284277439,0,0.4037173,0.1306131,0.09694423,0.9832286,0.02637357,0.1408678,0.1127939
269654,0.0166671,40.0756394956261,1.082355,0.5291048,-0.2466449,0.4722422,-0.4111214,0.6877939,0.3672959,0.00267791654914618,0,0.4021858,0.1317294,0.09922566,0.9784879,0.02009728,0.1570952,0.132207
269654,0.0166681,40.0923075955361,1.084197,0.531085,-0.2458844,-0.4789845,0.4277062,-0.6715339,-0.3697075,0,0.0050143813714385,0.401645,0.1323553,0.1001048,0.9763214,0.01484028,0.1654945,0.1385202
269654,0.0166677,40.1089752949774,1.085237,0.5322384,-0.2455623,0.4807531,-0.4342091,0.6654541,0.3708233,0,0,0.4008845,0.1341968,0.102085,0.9711668,0.007199915,0.183227,0.1523524
269654,0.0166658,40.1256410945207,1.086606,0.5349309,-0.2448361,0.4850181,-0.4489978,0.6533303,0.369213,0,0,0.4005625,0.135237,0.1032384,0.9690274,0.004990889,0.189732,0.1579962
269654,0.0166672,40.1423082947731,1.087268,0.5360217,-0.2444298,0.486539,-0.4523996,0.6501906,0.3686011,0,0,0.3998362,0.1366056,0.1059308,0.9641679,0.001471735,0.20618,0.1669371
269654,0.0166658,40.1589740943164,1.088825,0.5380362,-0.243861,-0.4894231,0.4560945,-0.6459344,-0.3677115,0,0,0.3994299,0.1372676,0.1070217,0.9629436,0.0001276384,0.21034,0.1688096
269654,0.0166676,40.1756416950375,1.089513,0.5390487,-0.2437239,0.4911159,-0.4577878,0.6437638,0.3671564,0,0,0.3988611,0.138825,0.1090362,0.9614488,-0.002644252,0.2155753,0.1706942
269654,0.0166674,40.1923090945929,1.090389,0.5405598,-0.243179,-0.4935286,0.4606014,-0.6391096,-0.3685309,0,0,0.398724,0.1395131,0.1100487,0.9607136,-0.004276102,0.2182201,0.1714383
269714,0.0166657,40.208974795416,1.090572,0.5415251,-0.2431003,-0.4943484,0.4655071,-0.6346457,-0.3689819,0,0,0.3981791,0.140389,0.1115598,0.9592826,-0.007661699,0.221629,0.1749252
269714,0.0166675,40.2256422955543,1.090789,0.5434008,-0.2430056,-0.4954771,0.4721782,-0.6289827,-0.3686883,0,0,0.3981004,0.1405721,0.1125251,0.9573886,-0.008783141,0.2265136,0.1789456
269714,0.0166666,40.242308896035,1.090968,0.5441605,-0.242814,-0.4953675,0.4743257,-0.6271522,-0.369197,0,0,0.3980057,0.1407891,0.1144008,0.9548232,-0.009932022,0.2334966,0.1835576
269714,0.016667,40.2589758951217,1.091429,0.5454093,-0.2424576,-0.4955286,0.4776417,-0.6247296,-0.3688126,0,0,0.3978141,0.1409681,0.1151605,0.9539801,-0.01006559,0.2352996,0.1856198
269714,0.0166671,40.2756429947913,1.09178,0.5462947,-0.2422608,-0.4996142,0.4740915,-0.6267295,-0.3644627,0,0,0.3974578,0.1414295,0.1164093,0.9527426,-0.0100883,0.2386582,0.1876759
269714,0.0166672,40.2923101950437,1.092671,0.5481068,-0.241372,-0.5087528,0.4623792,-0.6320465,-0.3576219,0,0,0.3972608,0.14178,0.1172947,0.9539377,-0.01264561,0.238897,0.1810282
269714,0.0166665,40.3089766949415,1.093303,0.5486017,-0.2408903,0.5125868,-0.4553015,0.6354141,0.3552529,0,0,0.3963721,0.1426712,0.1191068,0.957459,-0.01990827,0.2349431,0.166366
269736,0.016667,40.3256436940283,1.094554,0.5486106,-0.2394206,-0.5177344,0.439929,-0.6448079,-0.350195,0,0,0.3958904,0.1433035,0.1196017,0.9595322,-0.02328438,0.2311085,0.1592003
269736,0.0166669,40.3423105943948,1.095281,0.5481442,-0.2386342,0.5195343,-0.4347757,0.6482469,0.3476066,0,0,0.3944207,0.1445537,0.1196106,0.9642085,-0.02717327,0.2211834,0.1436718
269736,0.0166669,40.3589774947613,1.096436,0.5465392,-0.2367863,-0.5237344,0.4228681,-0.6542892,-0.3446602,0,0,0.3936344,0.1452807,0.1191442,0.9657277,-0.02820621,0.2182364,0.1376498
269736,0.0169953,40.3759727943689,1.096964,0.5452565,-0.2358021,0.5253005,-0.4182217,0.6565614,0.3436238,0,0,0.3917864,0.1464356,0.1175392,0.9688202,-0.03217255,0.2104356,0.1267653
269736,0.0166667,40.3926394935697,1.098099,0.542792,-0.2335364,-0.53254,0.3988407,-0.6659701,-0.3373592,0,0,0.3908022,0.1469639,0.1162565,0.9699651,-0.03372788,0.207332,0.1226524
269754,0.0166671,40.4093065932393,1.098759,0.5417758,-0.2324212,0.5374178,-0.3866646,0.67084,0.3341355,0,0,0.3885365,0.148099,0.113792,0.9743428,-0.04038038,0.1955543,0.1038463
269754,0.0166666,40.42597319372,1.09977,0.5387802,-0.230647,-0.5419563,0.3651296,-0.6799063,-0.332703,0,0,0.3874213,0.1487594,0.1127758,0.976679,-0.04545903,0.1881624,0.09287968
269754,0.0166674,40.4426405932754,1.100342,0.537518,-0.229957,0.5433431,-0.3567804,0.6839205,0.3312687,0,0,0.3856471,0.1497696,0.1097802,0.9807388,-0.05195151,0.171574,0.0775565
269754,0.0166665,40.4593070931733,1.101192,0.5355027,-0.2296209,-0.545359,0.3455893,-0.6891773,-0.3289172,0,0,0.3849571,0.1503418,0.1085179,0.9822239,-0.05375273,0.1653157,0.07083441
269754,0.0166666,40.4759736936539,1.10158,0.5345819,-0.2297741,0.5454543,-0.3432979,0.690563,0.3282517,0,0,0.384621,0.1511925,0.1065027,0.9840421,-0.05625507,0.1572091,0.0614972
269754,0.0166671,40.4926407933235,1.102147,0.5328414,-0.2302278,-0.5450119,0.3424557,-0.6912194,-0.3284844,0,0,0.3847742,0.1515802,0.1055819,0.9844443,-0.05633421,0.1554579,0.05940237
269754,0.0166684,40.5093091931194,1.102254,0.5321912,-0.2305146,-0.544869,0.3428447,-0.6912518,-0.3282475,0,0,0.385228,0.1521474,0.1038414,0.9846503,-0.05602397,0.1543934,0.05905884
269754,0.0166654,40.525974592194,1.102181,0.5313284,-0.2308255,-0.5438166,0.3460128,-0.6913064,-0.3265491,0,0,0.3855147,0.1522537,0.1031912,0.9846107,-0.0557104,0.1547521,0.05907474
269754,0.0166683,40.542642891407,1.101854,0.5306741,-0.230915,-0.5435366,0.3475791,-0.6913273,-0.3253047,0,0,0.3858256,0.152181,0.1023284,0.9842578,-0.05339117,0.1576503,0.05943413
269754,0.0166659,40.5593087915331,1.100983,0.529586,-0.2307407,0.5432691,-0.3488613,0.6919752,0.3229934,0,0,0.3859151,0.1518543,0.1016741,0.9840503,-0.05234795,0.1593573,0.05924487
269754,0.0166679,40.5759766921401,1.100394,0.5288893,-0.2305393,0.5429942,-0.3487669,0.6923488,0.3227572,0,0,0.3857408,0.1509834,0.100586,0.9839073,-0.05088909,0.1612088,0.05786622
269754,0.0166664,40.5926430914551,1.099495,0.5278818,-0.2303414,-0.5421586,0.3490879,-0.6928716,-0.3226931,0,0,0.3855394,0.1503935,0.09988929,0.9839689,-0.05048072,0.1610687,0.05756677
269754,0.0166666,40.6093096919358,1.099156,0.5276129,-0.2302983,0.5413176,-0.3495897,0.6934713,0.3222733,0,0,0.3853415,0.1494954,0.0988818,0.9840351,-0.04945632,0.1609464,0.0576659
269754,0.0166681,40.6259777918458,1.098443,0.5272455,-0.2301164,0.5398776,-0.3500354,0.6949481,0.3210215,0,0,0.3852984,0.1491557,0.09861292,0.9840745,-0.04825165,0.1611135,0.05754538
269754,0.0166659,40.6426436919719,1.098042,0.527228,-0.229982,-0.539326,0.3504586,-0.6953406,-0.3206366,0,0,0.3851165,0.148443,0.09824546,0.9842199,-0.04600711,0.1612272,0.05657178
269754,0.0166667,40.6593103911728,1.097208,0.5273043,-0.229445,0.5384701,-0.3515691,0.6956379,0.3202142,0,0,0.384982,0.1480425,0.09822799,0.9842275,-0.04516098,0.1614619,0.05645123
269754,0.0166678,40.6759781911969,1.096683,0.5274192,-0.2292593,0.5376138,-0.3519518,0.6964969,0.3193642,0,0,0.3844451,0.1472083,0.09830429,0.9841542,-0.04387397,0.1621674,0.05672141
269754,0.016666,40.6926441919059,1.095447,0.5277622,-0.2294492,0.5362445,-0.3518029,0.6980235,0.3184965,0,0,0.3842594,0.1466828,0.0984192,0.9842144,-0.04248443,0.1623808,0.05612138
269814,0.0166672,40.7093113921583,1.094678,0.527616,-0.2295135,0.534652,-0.3509607,0.6996836,0.31846,0,0,0.3844492,0.1454468,0.09876217,0.9844363,-0.04056181,0.1618629,0.05513813
269814,0.0166671,40.7259784918278,1.093048,0.5275463,-0.230034,0.5325624,-0.3506355,0.7014338,0.3184695,0,0,0.3845136,0.1446784,0.09861602,0.9847975,-0.03882309,0.160307,0.05448389
269814,0.0166673,40.7426457926631,1.092221,0.5277989,-0.2304316,0.5319755,-0.3509297,0.702119,0.3176152,0,0,0.3850341,0.1430481,0.09854628,0.9851246,-0.03648304,0.1589423,0.0541839
269814,0.0166669,40.7593126930296,1.090124,0.5288037,-0.2314728,0.5322655,-0.3547285,0.701085,0.3151842,0,0,0.3854316,0.1422215,0.09879889,0.985154,-0.03541557,0.1592196,0.05354115
269814,0.0166663,40.7759789936244,1.089042,0.5295087,-0.2317709,-0.532631,0.3545951,-0.7017819,-0.3131596,0,0,0.3864729,0.1401237,0.0998037,0.9844576,-0.03427904,0.1636569,0.0537089
269814,0.0166667,40.7926456928253,1.086854,0.5305857,-0.232151,0.5344478,-0.3509821,0.7035777,0.3100898,0,0,0.386771,0.1390422,0.1005086,0.9844418,-0.03384725,0.1644747,0.05173895
269814,0.0166676,40.8093132935464,1.085855,0.5310689,-0.2326779,-0.5357343,0.3449162,-0.7060273,-0.3091071,0,0,0.3871511,0.1368538,0.1015857,0.984848,-0.03502169,0.1633214,0.04662738
269836,0.0166667,40.8259799927473,1.084165,0.5323602,-0.2340677,0.5407076,-0.3283365,0.7101062,0.3091599,0,0,0.387678,0.135855,0.1020689,0.9857123,-0.0367799,0.1589449,0.04189184
269836,0.016666,40.8426459934562,1.083344,0.5332613,-0.2347375,-0.5447693,0.3154389,-0.7125056,-0.3099365,0,0,0.3890678,0.1341653,0.1033602,0.9876581,-0.04454375,0.1467762,0.03168793
269836,0.0166685,40.859314493835,1.082167,0.535639,-0.2365091,0.5499031,-0.2910652,0.7190387,0.3096309,0,0,0.3897375,0.1333442,0.1042613,0.9889114,-0.05125549,0.137201,0.02455351
269836,0.0166654,40.8759798929095,1.081687,0.5367919,-0.2374603,-0.5513742,0.2823584,-0.7215747,-0.3091767,0,0,0.3915092,0.1321672,0.1066389,0.9910414,-0.06062913,0.1186178,0.009537951
269836,0.0166677,40.8926475923508,1.080861,0.539075,-0.2399888,0.5537832,-0.2714962,0.7239506,0.3090461,0,0,0.3924603,0.1316867,0.1077919,0.9916713,-0.06352416,0.1119708,0.003911972
269854,0.0166672,40.9093147926033,1.08055,0.5401082,-0.2414861,-0.5547611,0.2675731,-0.7242966,-0.3099023,0,0,0.3949889,0.1308606,0.110075,0.9922596,-0.06804801,0.1038447,-0.00261556
269854,0.0166666,40.9259813930839,1.080046,0.5423076,-0.244266,0.557258,-0.2591136,0.7244225,0.3123074,0,0,0.3964862,0.13055,0.1111082,0.9924351,-0.07020145,0.100636,-0.004110657
269854,0.0166684,40.9426497928798,1.079746,0.543751,-0.2455189,-0.5591769,0.2545367,-0.7245265,-0.3124,0,0,0.3992661,0.1300457,0.1133076,0.9927037,-0.07556023,0.0937251,-0.006765543
269854,0.0166658,40.9593155924231,1.079181,0.5454869,-0.2470742,0.5632995,-0.2398578,0.7270924,0.3106424,0,0,0.400519,0.1297465,0.114751,0.9927225,-0.07862582,0.09074061,-0.009284303
269854,0.0166673,40.9759828932583,1.078694,0.5464728,-0.2481213,-0.5651156,0.2326083,-0.7283775,-0.3098453,0,0,0.4020743,0.1291812,0.1164869,0.9928679,-0.08537748,0.08093941,-0.01930789
269854,0.0166661,40.9926489926875,1.07798,0.547565,-0.2501785,0.566532,-0.2218366,0.7305952,0.3099369,0,0,0.4031213,0.1286936,0.1174728,0.9928756,-0.08854654,0.07598534,-0.02416119
269854,0.0166676,41.0093165934086,1.07763,0.5480592,-0.2513318,-0.5667337,0.2175036,-0.731419,-0.3106949,0,0,0.4051785,0.1279796,0.118565,0.9929727,-0.09238341,0.06751554,-0.03020215
269854,0.0166664,41.0259829927236,1.076931,0.5490669,-0.253584,0.5669081,-0.211343,0.7325752,0.3119021,0,0,0.4063319,0.1276298,0.1190592,0.993037,-0.0938266,0.06365831,-0.0319638
269854,0.0166703,41.0426532924175,1.076523,0.549625,-0.2549188,-0.567113,0.2097853,-0.7326341,-0.312443,0,0,0.4085841,0.126931,0.1200669,0.9931089,-0.09582574,0.05807781,-0.03433734
269854,0.0166647,41.0593179930002,1.075599,0.5504674,-0.2570011,0.5681885,-0.2055532,0.7324508,0.3137289,0,0,0.4099188,0.1265228,0.120625,0.9931011,-0.09661744,0.05666314,-0.03470653
269854,0.0166685,41.0759864933789,1.075029,0.5508502,-0.2578489,-0.5688596,0.2025312,-0.7323214,-0.3147785,0,0,0.4120012,0.125599,0.1214674,0.9929902,-0.0992953,0.05316009,-0.03584673
269854,0.0166653,41.0926517937332,1.073833,0.551569,-0.2594368,0.5702733,-0.1964807,0.732137,0.3164796,0,0,0.4128489,0.1250294,0.1218501,0.9929125,-0.1011593,0.05056329,-0.03653749
269854,0.0166665,41.1093182936311,1.073194,0.5518959,-0.2604225,-0.5714583,0.1920147,-0.7320917,-0.3171871,0,0,0.4144369,0.1238335,0.122569,0.992709,-0.1048247,0.04555944,-0.03827526
269854,0.0166672,41.1259854938835,1.071994,0.5526193,-0.2626313,0.574083,-0.1805764,0.7321827,0.3189506,0,0,0.4154226,0.1231943,0.1228959,0.9925056,-0.1074798,0.04215174,-0.04004956
269854,0.0166677,41.1426531933248,1.071493,0.5529184,-0.2636586,-0.5760693,0.1745305,-0.7320295,-0.3190866,0,0,0.4176314,0.1219938,0.1236193,0.9919381,-0.1138513,0.03325897,-0.044615
269854,0.0166663,41.1593194939196,1.070462,0.5536878,-0.2661641,-0.5807273,0.1624152,-0.7308024,-0.3198519,0,0,0.4186587,0.1214929,0.1239184,0.9914837,-0.1176101,0.02918262,-0.04771169
269854,0.0166675,41.1759869940579,1.069814,0.5539447,-0.2675814,-0.5837907,0.1565684,-0.729822,-0.3194287,0,0,0.4211642,0.1204618,0.1246878,0.9903403,-0.1262096,0.02121839,-0.05335799
269854,0.0166661,41.192653093487,1.06864,0.5545121,-0.2702226,-0.5895325,0.1479923,-0.7262647,-0.3210754,0,0,0.4225815,0.1198145,0.1249447,0.9895902,-0.1310083,0.01811292,-0.0567456
269914,0.0166667,41.2093197926879,1.068107,0.5550083,-0.2714448,-0.5924519,0.1434686,-0.7250924,-0.320404,0,0,0.4252227,0.1186402,0.1255121,0.9882012,-0.140507,0.01339124,-0.05947197
269914,0.016667,41.2259867917746,1.067296,0.5556477,-0.2728556,-0.5983356,0.1368078,-0.7236486,-0.3156119,0,0,0.4264448,0.1181071,0.1260083,0.9874337,-0.144769,0.01142997,-0.06233771
269914,0.0166677,41.2426544912159,1.067146,0.55571,-0.2731104,-0.6015286,0.1332372,-0.7225782,-0.3135155,0,0,0.4278558,0.1172963,0.1266477,0.9859439,-0.1513299,0.01080964,-0.06997848
269914,0.0166667,41.2593211904168,1.067314,0.5554523,-0.2730182,-0.6067747,0.1259098,-0.7211839,-0.3096211,0,0,0.4281105,0.1171463,0.12671,0.9850954,-0.1551186,0.01033407,-0.07360972
269914,0.0166663,41.2759874910116,1.067693,0.555186,-0.2728684,-0.6086428,0.1244359,-0.7201859,-0.3088723,0,0,0.4280183,0.1173137,0.1264523,0.9835138,-0.1615831,0.008539559,-0.08073788
269914,0.016669,41.2926564905792,1.069286,0.5542338,-0.2725334,-0.6124117,0.1232004,-0.7168987,-0.3095642,0,0,0.4278685,0.1176935,0.126186,0.9830256,-0.163863,0.00860049,-0.08207136
269914,0.0166653,41.3093217909336,1.070232,0.553532,-0.2722945,-0.6145058,0.1215877,-0.7153218,-0.3096996,0,0,0.4275334,0.1192856,0.1252338,0.9821848,-0.1689317,0.009331452,-0.08178099
269936,0.0166665,41.3259882908314,1.072305,0.5521853,-0.2714851,-0.6190521,0.1156011,-0.713147,-0.3079487,0,0,0.4272947,0.1202322,0.124532,0.981626,-0.1718991,0.0090743,-0.0823344
269936,0.0166671,41.342655390501,1.073418,0.5515733,-0.2710938,-0.6219153,0.1121773,-0.711489,-0.3072802,0,0,0.4264852,0.1223055,0.1231853,0.9801413,-0.1781787,0.007254258,-0.08673359
269936,0.0166673,41.3593226913363,1.075785,0.5503651,-0.2703711,-0.6255398,0.1096021,-0.7086079,-0.30751,0,0,0.4260939,0.1234184,0.1225733,0.9792066,-0.182242,0.006238895,-0.08890193
269936,0.0166704,41.3759930916131,1.07712,0.54971,-0.270051,-0.6275937,0.1099599,-0.7067071,-0.3075715,0,0,0.4253712,0.1257849,0.1213651,0.9781654,-0.1873732,0.00599825,-0.08970959
269936,0.0166636,41.3926566913724,1.079404,0.5482633,-0.2694587,0.6312182,-0.1120249,0.7023255,0.3094401,0,0,0.4250512,0.1271201,0.12071,0.9777353,-0.1897597,0.007375523,-0.08927855
269954,0.0166671,41.409323791042,1.080316,0.5473175,-0.269077,0.63331,-0.1114032,0.7002208,0.3101594,0,0,0.4244588,0.1294039,0.1192633,0.9770938,-0.1943344,0.01032913,-0.08611184
269954,0.016667,41.4259907901287,1.082472,0.5463559,-0.2686884,0.6367455,-0.1122515,0.6970228,0.310023,0,0,0.4240771,0.1303156,0.1183175,0.976538,-0.1973289,0.01068905,-0.08556069
269954,0.016667,41.4426577892154,1.083389,0.5457304,-0.2683468,0.6383197,-0.1107915,0.6954137,0.3109229,0,0,0.4236885,0.1324719,0.1173558,0.9757749,-0.2011908,0.01330443,-0.08490396
269954,0.0166667,41.4593244884163,1.085387,0.5445625,-0.2676368,0.6412581,-0.1057523,0.6925843,0.3129402,0,0,0.4233469,0.1333888,0.1167303,0.9752467,-0.2038786,0.01263584,-0.08466315
269954,0.0166683,41.4759927876294,1.086408,0.544119,-0.267552,0.6430026,-0.1042526,0.6911786,0.3129717,0,0,0.4226369,0.1353872,0.1155625,0.9740127,-0.2096919,0.009379565,-0.08509157
269954,0.0166657,41.4926584884524,1.088527,0.5432721,-0.2675115,0.6460535,-0.1032083,0.6889031,0.3120505,0,0,0.422552,0.1364079,0.115119,0.9734129,-0.2122437,0.009100951,-0.08565735
269954,0.0166683,41.5093267876655,1.08961,0.5428351,-0.2674,0.647087,-0.1041609,0.6877958,0.3120353,0,0,0.4225116,0.1385267,0.1142721,0.9725099,-0.2158608,0.01026688,-0.08673736
269954,0.0166651,41.5259918868542,1.091579,0.541999,-0.2672061,0.6491703,-0.108834,0.6846269,0.3130802,0,0,0.4224001,0.1396096,0.1138351,0.9723265,-0.2168536,0.01161946,-0.08614313
269954,0.0166671,41.5426589865237,1.092466,0.541602,-0.2671866,0.6504185,-0.1115605,0.6827963,0.3135271,0,0,0.4222062,0.1415792,0.112999,0.9721936,-0.2185691,0.0162028,-0.08249011
269954,0.0166669,41.5593258868903,1.094063,0.5403952,-0.267001,-0.6520847,0.1157591,-0.6794236,-0.3158624,0,0,0.4221868,0.1424661,0.112602,0.9720892,-0.2195518,0.01896041,-0.08049973
269954,0.0166679,41.5759937874973,1.094762,0.5397267,-0.2667356,-0.6527227,0.1184141,-0.6778268,-0.3169893,0,0,0.4220012,0.1440631,0.1113951,0.9719473,-0.2214804,0.0224681,-0.07589649
269954,0.0166671,41.5926608871669,1.096015,0.5382804,-0.266088,0.6533104,-0.1211268,0.6752459,0.3202455,0,0,0.4217357,0.1447623,0.1107267,0.9719614,-0.222048,0.02458913,-0.07335588
269954,0.016668,41.609328886494,1.096673,0.5376874,-0.265818,-0.6535659,0.1217967,-0.674263,-0.3215379,0,0,0.421088,0.1460152,0.1092804,0.9719338,-0.2234774,0.02595572,-0.06876715
269954,0.0166654,41.6259942855686,1.097467,0.536816,-0.2653649,0.6533154,-0.1227673,0.6727537,0.3248228,0,0,0.4208182,0.146673,0.1086874,0.9718778,-0.2241843,0.02617827,-0.06715526
269954,0.0166667,41.6426609847695,1.097802,0.5365415,-0.2652542,-0.6530876,0.1234218,-0.6725338,-0.3254877,0,0,0.420365,0.1474667,0.107816,0.9719302,-0.225068,0.02564312,-0.06354931
269954,0.0166665,41.6593274846673,1.098186,0.5361566,-0.2653263,-0.6519812,0.1258655,-0.6720071,-0.3278487,0,0,0.4202543,0.1478022,0.1075415,0.9720244,-0.2249089,0.02581352,-0.06259663
269954,0.0166689,41.6759963855147,1.098357,0.5361353,-0.2655992,0.6518904,-0.1260718,0.6718384,0.3282957,0,0,0.4203264,0.1481858,0.1071565,0.972445,-0.2239505,0.02635393,-0.05918196
269954,0.0166706,41.6926669850945,1.098444,0.536052,-0.2660285,0.6514993,-0.1264468,0.6714159,0.3297887,0,0,0.4205993,0.1483572,0.1071353,0.9724703,-0.2239834,0.02631161,-0.05865698
270014,0.0166675,41.7093344852328,1.098441,0.5361372,-0.2662408,0.6511005,-0.1266025,0.6714692,0.3304076,0,0,0.4210287,0.1484445,0.107052,0.9725568,-0.2240677,0.02586323,-0.05708048
270014,0.0166658,41.7260002847761,1.098298,0.5365055,-0.2666557,0.6501952,-0.1263793,0.671645,0.3319149,0,0,0.4212409,0.1484409,0.1071372,0.9726609,-0.2238104,0.0255457,-0.05645496
270014,0.0166661,41.7426663842052,1.098168,0.5367112,-0.2668937,0.6495327,-0.1264429,0.6717067,0.3330613,0,0,0.4216558,0.1482978,0.1075055,0.972851,-0.2234231,0.02431347,-0.05524341
270014,0.016668,41.7593343835324,1.097797,0.5370883,-0.2674195,0.6485927,-0.1255407,0.6721765,0.3342844,0,0,0.4218938,0.1481679,0.1077112,0.9730018,-0.2231016,0.02358382,-0.0541934
270014,0.0166669,41.776001283899,1.097511,0.5372571,-0.267682,-0.6482627,0.1249261,-0.6725093,-0.334485,0,0,0.4224196,0.1477967,0.1080883,0.9731601,-0.2227242,0.02187678,-0.05361655
270014,0.0166674,41.7926686834544,1.096856,0.5376796,-0.2682476,0.6476861,-0.1238997,0.673241,0.3345121,0,0,0.4226821,0.1475113,0.1082571,0.9732032,-0.2225673,0.02111476,-0.05379079
270014,0.0166663,41.8093349840492,1.096613,0.5380216,-0.2685826,-0.6476452,0.1229992,-0.6736666,-0.3340666,0,0,0.4232477,0.1468564,0.1086796,0.9732938,-0.2221361,0.01993898,-0.0543788
270036,0.0166669,41.8260018844157,1.09621,0.5384653,-0.2691743,0.6472152,-0.1209536,0.6745455,0.3338728,0,0,0.4235826,0.1466127,0.1090216,0.9732582,-0.2221216,0.01933535,-0.05528774
270036,0.016667,41.8426688835025,1.096,0.5388042,-0.2694588,0.6470122,-0.1206397,0.6749238,0.3336153,0,0,0.4241745,0.1462105,0.1094653,0.9732352,-0.222043,0.01748343,-0.05660805
270036,0.0166673,41.8593361843377,1.095632,0.5395902,-0.2698417,0.6467096,-0.120274,0.6756055,0.3329539,0,0,0.4244589,0.1460002,0.1098042,0.9732791,-0.2217605,0.01720538,-0.05704403
270036,0.0166668,41.8760029841214,1.095263,0.5403872,-0.2702768,-0.6464558,0.1187023,-0.676494,-0.3322058,0,0,0.4248418,0.1456321,0.1105902,0.9733626,-0.2211885,0.01697507,-0.05790449
270036,0.0166668,41.8926697839051,1.094496,0.5415401,-0.2709606,0.6467921,-0.1143738,0.6772375,0.3315541,0,0,0.4252769,0.1452628,0.1113871,0.9733394,-0.2209585,0.01581268,-0.05947904
270054,0.0167807,41.9094504844397,1.093961,0.5423244,-0.2713262,-0.6467695,0.1131819,-0.6776271,-0.3312111,0,0,0.4259607,0.1444955,0.1125401,0.9729146,-0.2222378,0.01268219,-0.06234411
270054,0.0166629,41.9261133838445,1.093136,0.5437355,-0.272104,0.6466874,-0.1108052,0.6786583,0.3300613,0,0,0.4263262,0.1439605,0.1133244,0.9728318,-0.2223779,0.01181646,-0.06330045
270054,0.0166673,41.9427806846797,1.092691,0.5445055,-0.2725047,-0.6470007,0.1086028,-0.6793974,-0.3286562,0,0,0.4271041,0.1431358,0.1147355,0.9726867,-0.2224085,0.01023995,-0.06565295
270054,0.0166665,41.9594471845776,1.091875,0.5460429,-0.2731559,-0.6471443,0.1060252,-0.6811127,-0.3256508,0,0,0.4275048,0.142691,0.1155055,0.9724464,-0.2227695,0.009120103,-0.06810796
270054,0.0166668,41.9761139843613,1.091278,0.5468465,-0.2734951,-0.6468027,0.1040017,-0.6824088,-0.3242657,0,0,0.428156,0.1418748,0.1170429,0.9722542,-0.2223249,0.008183835,-0.0722946
270054,0.016667,41.992780983448,1.090231,0.5482581,-0.2742361,0.6462843,-0.09687005,0.6853979,0.3211895,0,0,0.4284952,0.1412776,0.1178465,0.97219,-0.2218546,0.006846358,-0.07470199
270054,0.0166674,42.0094483830035,1.089622,0.5489821,-0.2746565,-0.6460738,0.09420579,-0.6865527,-0.3199366,0,0,0.4292362,0.1402312,0.1192581,0.9716747,-0.2218635,0.001869335,-0.08137209
270054,0.0166665,42.0261148829013,1.088553,0.5507236,-0.276042,0.6471049,-0.08740479,0.6887479,0.3150268,0,0,0.4296566,0.1396216,0.1199821,0.9714682,-0.2218134,4.435753E-05,-0.0839547
270054,0.0166671,42.0427819825709,1.087909,0.5515819,-0.2766545,-0.6473324,0.08421521,-0.6896855,-0.3133731,0,0,0.4310421,0.138553,0.1217235,0.9704897,-0.222895,-0.003105945,-0.09196665
270054,0.0166666,42.0594485830516,1.087003,0.5530268,-0.2774006,0.6471074,-0.07858741,0.6914853,0.3113266,0,0,0.4316546,0.1379085,0.1225819,0.9700645,-0.2233852,-0.004955853,-0.09512822
270054,0.0166667,42.0761152822524,1.086499,0.5537452,-0.2776836,-0.646597,0.07722755,-0.6922939,-0.3109303,0,0,0.4324007,0.1370028,0.1240268,0.9694386,-0.2238803,-0.008876368,-0.09993898
270054,0.0166683,42.0927835814655,1.085665,0.5552514,-0.278506,0.6467087,-0.07094563,0.6943632,0.3075616,0,0,0.4326838,0.136499,0.1247451,0.9694009,-0.2234892,-0.01010909,-0.1010555
270054,0.0166663,42.1094498820603,1.085455,0.5556693,-0.2788736,-0.6467025,0.06689882,-0.6949899,-0.3070663,0,0,0.4335061,0.135665,0.1262514,0.9685423,-0.2240631,-0.01386541,-0.1073744
270054,0.0166669,42.1261167824268,1.085217,0.55618,-0.2794297,0.6469976,-0.05923451,0.6963925,0.304833,0,0,0.4338737,0.1354554,0.1266693,0.9679811,-0.2250645,-0.01694211,-0.1098705
270054,0.0166664,42.1427831817418,1.085156,0.5563692,-0.2794695,-0.6474801,0.05542439,-0.6968976,-0.3033673,0,0,0.4344298,0.1352172,0.12718,0.9667808,-0.2268201,-0.02210393,-0.1157541
270054,0.0166671,42.1594502814114,1.085276,0.5565605,-0.2792442,0.6480075,-0.05041463,0.6972277,0.3023548,0,0,0.4344696,0.1351562,0.1273692,0.9660669,-0.2279687,-0.02434546,-0.1189634
270054,0.016668,42.1761182807386,1.085479,0.5565178,-0.27908,-0.6481396,0.04908973,-0.6972112,-0.3023274,0,0,0.4342443,0.1352759,0.1275605,0.9651346,-0.2297494,-0.02768516,-0.1223274
270054,0.0166665,42.1927847806364,1.086068,0.5562416,-0.2787691,0.6490568,-0.04402561,0.6972885,0.3009585,0,0,0.4340801,0.1354795,0.1275178,0.9648869,-0.2303152,-0.02866083,-0.122991
270114,0.0166678,42.2094525806606,1.086515,0.5561482,-0.2786736,0.6505737,-0.04063141,0.6973897,0.2979106,0,0,0.4337693,0.1360684,0.1272416,0.9638029,-0.2324611,-0.03168624,-0.1266562
270114,0.0166669,42.2261194810271,1.087548,0.5558791,-0.2784772,0.6529502,-0.03647906,0.6969439,0.2942701,0,0,0.4336737,0.136515,0.1271482,0.9627964,-0.2341215,-0.03241526,-0.1309944
270114,0.0166666,42.2427860815078,1.088204,0.5556127,-0.278217,-0.6531601,0.03655689,-0.6967494,-0.294255,0,0,0.4334773,0.1375485,0.1268791,0.9613928,-0.2368461,-0.033044,-0.1361473
270114,0.0166664,42.2594524808228,1.089591,0.5550402,-0.277814,0.6534758,-0.03754812,0.6968112,0.2932815,0,0,0.433217,0.1382039,0.1266127,0.9613502,-0.2370711,-0.03286088,-0.1361006
270114,0.0166684,42.2761208806187,1.09042,0.5546887,-0.2775778,-0.6537247,0.03803256,-0.6967245,-0.2928695,0,0,0.4328142,0.1395906,0.1260402,0.9614225,-0.236734,-0.03153293,-0.1364899
270114,0.0166659,42.2927867807448,1.092338,0.5541244,-0.2772139,0.6540537,-0.03857688,0.6960346,0.2937031,0,0.00517711509019136,0.4325779,0.1404195,0.1256887,0.9614329,-0.236712,-0.03085554,-0.13661
270114,0.0166668,42.3094535805285,1.093199,0.553726,-0.2768377,0.6551539,-0.03725579,0.6952043,0.2933877,0,0.0387045405805111,0.432214,0.1423379,0.1251244,0.9614539,-0.2372836,-0.03055493,-0.135534
270114,0.0166672,42.3261207807809,1.09477,0.5529205,-0.2762982,0.6578508,-0.03505412,0.6929966,0.2928472,0,0.0575759932398796,0.4318379,0.1431995,0.124726,0.9609218,-0.2389245,-0.0308801,-0.1363484
270114,0.0166669,42.3427876811475,1.095392,0.5522826,-0.2760034,0.6589865,-0.03402686,0.6916856,0.2935132,0,0.0593326725065708,0.4312983,0.1447704,0.1239205,0.9597878,-0.2427173,-0.03093653,-0.137618
270114,0.0166674,42.3594550807029,1.096594,0.5513283,-0.2757925,0.6605558,-0.03212071,0.6898659,0.2944819,0,0.0621031560003757,0.4310035,0.1453918,0.1232826,0.9593006,-0.2447213,-0.03137371,-0.1373669
270114,0.0166665,42.3761215806007,1.097244,0.5510377,-0.2758348,0.6612989,-0.03187942,0.6890253,0.2948081,0,0.0600997731089592,0.4307926,0.1465943,0.1223283,0.958532,-0.2476736,-0.03238004,-0.1372066
270114,0.0166671,42.3927886802703,1.098618,0.5504929,-0.276105,-0.6625669,0.03201514,-0.6873876,-0.2957676,0,0.0579141676425934,0.4308349,0.1472443,0.1220377,0.9582819,-0.2488033,-0.03228112,-0.1369326
270154,0.0166667,42.4094553794712,1.099343,0.5502586,-0.2761759,0.6635755,-0.03206445,0.6861263,0.2964293,0,0.0643250942230225,0.4311051,0.1486176,0.1214929,0.9579546,-0.2507229,-0.03182771,-0.1358231
270154,0.0166666,42.4261219799519,1.100734,0.5499021,-0.2764039,-0.6659986,0.03149062,-0.6830351,-0.2981903,0,0.0684080719947815,0.431176,0.1493431,0.1212586,0.9576786,-0.2522289,-0.03147451,-0.1350618
270154,0.0166684,42.4427903797477,1.101434,0.549883,-0.2765563,-0.6674396,0.03085667,-0.6814397,-0.2986843,0,0.0612532459199429,0.4314041,0.1507342,0.1209021,0.9568772,-0.2561531,-0.03123511,-0.1334011
270154,0.0166655,42.4594558794051,1.103103,0.5498422,-0.2769121,-0.6707475,0.03026361,-0.6775014,-0.3002898,0,0.0559106282889843,0.4315564,0.1514338,0.120883,0.9563353,-0.2583552,-0.03111607,-0.1330681
270154,0.0166687,42.4761245790869,1.10397,0.5497305,-0.2769302,0.6722711,-0.02976563,0.6754571,0.3015354,0,0.0342159979045391,0.4319122,0.1531027,0.1208422,0.9552257,-0.2633416,-0.03032799,-0.1314355
270154,0.0166655,42.4927900787443,1.105916,0.54906,-0.276947,-0.6752974,0.02781215,-0.6709312,-0.3050434,0,0.0373037718236446,0.4319303,0.1539701,0.1207305,0.9546613,-0.2659338,-0.03032772,-0.130312
270154,0.016667,42.509457077831,1.107074,0.5487093,-0.2770472,-0.67699,0.02634777,-0.6689273,-0.3058213,0,0.0395066477358341,0.4319471,0.1559163,0.12006,0.9533263,-0.2718594,-0.03146531,-0.1275596
270154,0.0166668,42.5261238776147,1.109688,0.5480551,-0.277347,0.6794903,-0.02776504,0.6657322,0.3071203,0,0.0365411899983883,0.4320472,0.157074,0.1197093,0.9525007,-0.2747996,-0.03195357,-0.1273049
270154,0.0166702,42.5427940767258,1.111085,0.5474553,-0.2772665,-0.6811115,0.02705461,-0.663397,-0.3086417,0,0.0417030155658722,0.4323471,0.1596883,0.119055,0.951925,-0.2780407,-0.02988907,-0.125056
270154,0.0166639,42.5594579763711,1.114,0.5460057,-0.2766382,-0.6849098,0.02396669,-0.6586299,-0.3106946,0,0.0331668183207512,0.4322667,0.1610849,0.1184552,0.9512282,-0.2809789,-0.03008727,-0.1237359
270154,0.0166667,42.5761246755719,1.115426,0.545411,-0.276244,0.6865983,-0.02436578,0.6559039,0.3126968,0,0.0227502826601267,0.4316383,0.1639996,0.1170057,0.9493133,-0.287701,-0.03111272,-0.1227371
270154,0.0166666,42.5927912760526,1.118288,0.5443734,-0.2758316,0.6901109,-0.02253337,0.651388,0.3145359,0,0.0245521273463964,0.4312442,0.1654261,0.116411,0.9487495,-0.2905932,-0.03055836,-0.1204004
270154,0.0166671,42.6094583757222,1.119775,0.5440316,-0.2755924,0.692106,-0.02181892,0.6488331,0.3154823,0,0.0435857139527798,0.4308317,0.1682881,0.1153734,0.9470958,-0.2964913,-0.03065407,-0.1190077
270154,0.0166667,42.626125074923,1.122627,0.5436281,-0.2751742,0.6958687,-0.02141882,0.6439705,0.317191,0,0.0436406098306179,0.4305926,0.1697746,0.1150316,0.9462008,-0.299702,-0.03040907,-0.1181445
270154,0.0166704,42.6427954751998,1.12381,0.5434563,-0.2748722,0.6973596,-0.01940586,0.6425854,0.3168552,0,0.0572260655462742,0.4301743,0.1726275,0.1146281,0.9446574,-0.305432,-0.02915967,-0.1161181
270154,0.016665,42.6594604756683,1.12596,0.5433165,-0.2744418,0.7017767,-0.01191363,0.6398723,0.3129396,0,0.0778877735137939,0.4298723,0.1738101,0.1144563,0.9437163,-0.3078743,-0.02976135,-0.1171637
270154,0.0166677,42.6761281751096,1.126979,0.5433143,-0.2742801,0.7042963,-0.007402636,0.6383923,0.3104309,0,0.0881225615739822,0.4294419,0.1759599,0.1143165,0.9406709,-0.3143586,-0.03167737,-0.1237475
270154,0.0166661,42.6927942745388,1.128108,0.5431131,-0.2738013,0.7073945,-0.004289925,0.6351537,0.3100876,0,0.089072659611702,0.4292802,0.1769791,0.1143143,0.9388398,-0.3180486,-0.03284227,-0.127853
270214,0.0166692,42.7094634752721,1.128674,0.5430359,-0.273622,0.7090577,-0.001593798,0.6338905,0.3088976,0,0.0906946808099747,0.4288014,0.178108,0.114113,0.9369571,-0.3229972,-0.03334165,-0.1291226
270214,0.0166647,42.7261281758547,1.129719,0.5429676,-0.2733544,0.7104498,-0.0002358034,0.6328698,0.3077936,0,0.0901556089520454,0.4286222,0.1786743,0.1140359,0.9357469,-0.3255698,-0.0340458,-0.1312365
270214,0.0166675,42.742795675993,1.130121,0.5429264,-0.2731744,0.7107716,1.180917E-05,0.6323518,0.3081152,0,0.102441288530827,0.4283544,0.1797188,0.1139676,0.93492,-0.3273703,-0.03388856,-0.132683
270214,0.0166665,42.7594621758908,1.131205,0.5431681,-0.2729463,0.7116295,0.001598142,0.631684,0.3075002,0,0.11504915356636,0.4281744,0.1801212,0.1139264,0.9347228,-0.3280204,-0.03400877,-0.1324365
270214,0.016666,42.7761281765997,1.131796,0.54326,-0.272792,0.7123969,0.002526857,0.6310084,0.3071036,0,0.117807045578957,0.4279464,0.1812049,0.1141681,0.9340431,-0.3294225,-0.03452123,-0.1336136
270214,0.0166669,42.7927950769663,1.133339,0.5434834,-0.2726955,0.7140504,0.004861243,0.6297457,0.3058252,0,0.118326611816883,0.4277921,0.1817961,0.11426,0.9335335,-0.3305764,-0.03465025,-0.1342899
270214,0.0166667,42.8094617761672,1.134196,0.5435764,-0.272638,0.7153047,0.007177435,0.6290633,0.3042484,0,0.113490104675293,0.4276957,0.1833389,0.1144834,0.9323668,-0.3329964,-0.03503312,-0.136302
270214,0.016667,42.8261287752539,1.136121,0.5439039,-0.2726176,0.7174031,0.009752549,0.6276153,0.3022198,0,0.111986517906189,0.4276381,0.1841958,0.1145764,0.9313687,-0.3347615,-0.03552678,-0.1386546
270214,0.0166672,42.8427959755063,1.137113,0.5439287,-0.2725395,0.7173669,0.008888669,0.6275741,0.3024179,0,0.107720375061035,0.4276177,0.1861213,0.1149039,0.929952,-0.3375377,-0.03555281,-0.1413988
270214,0.0166673,42.8594632763416,1.139152,0.5436233,-0.2723275,-0.7176095,-0.007378973,-0.6261964,-0.3047299,0,0.11012452095747,0.4275396,0.1871131,0.1149287,0.9301589,-0.3372712,-0.03497232,-0.1408177
270214,0.0166669,42.8761301767081,1.140394,0.5434257,-0.2722274,-0.7164786,-0.003154695,-0.6257148,-0.3084309,0,0.109422780573368,0.4273276,0.1891517,0.1146233,0.9303237,-0.3380816,-0.03448739,-0.1378744
270214,0.0166673,42.8927974775434,1.142772,0.5429249,-0.2719178,0.7172121,0.0005905852,0.6237011,0.310811,0,0.121120616793633,0.4272276,0.190394,0.1144257,0.9316195,-0.3367544,-0.0331967,-0.1325881
270254,0.0166659,42.9094633776695,1.144031,0.5426683,-0.2716707,0.7175831,-0.001796499,0.6223559,0.3126412,0,0.134387463331223,0.426918,0.1927724,0.1139249,0.9317678,-0.3378948,-0.03160921,-0.1289839
270254,0.0166668,42.9261301774532,1.146605,0.5426158,-0.2714027,0.7191136,-0.006865196,0.6189781,0.3157446,0,0.154408499598503,0.4266708,0.1940315,0.1136683,0.9320407,-0.3383811,-0.03017411,-0.1260471
270254,0.0166687,42.9427988771349,1.147935,0.5425439,-0.2712277,0.7202421,-0.009310327,0.6168027,0.317363,0,0.190564960241318,0.4264028,0.1966056,0.1136158,0.932287,-0.3400697,-0.02638996,-0.1204042
270254,0.0166653,42.9594641774893,1.150387,0.5423269,-0.2712063,-0.723531,0.01174824,-0.6119191,-0.3192492,0,0.184148967266083,0.4262278,0.1979347,0.1135439,0.9322025,-0.3414714,-0.02436725,-0.1174818
270254,0.0166673,42.9761314783245,1.151414,0.5420192,-0.2712622,-0.7254781,0.01147188,-0.6095102,-0.3194486,0,0.163176521658897,0.4262064,0.2003875,0.1133269,0.9310979,-0.3458922,-0.02113755,-0.1138799
270254,0.0166669,42.9927983786911,1.153547,0.5419791,-0.2714688,-0.7288058,0.01791654,-0.6040294,-0.3219779,0,0.151936948299408,0.4262623,0.2014144,0.1130192,0.9301302,-0.3486828,-0.02024859,-0.1134374
270254,0.0166707,43.0094690788537,1.154353,0.5418227,-0.2715684,-0.7309281,0.01775289,-0.6011338,-0.3225942,0,0.102004408836365,0.4264688,0.2035473,0.1129791,0.9296676,-0.3521598,-0.01403762,-0.1072596
270254,0.0166637,43.0261327791959,1.155505,0.541312,-0.2717176,-0.7359838,0.01236621,-0.5952917,-0.3221846,0,0.0950014367699623,0.4265685,0.2043534,0.1128227,0.9285701,-0.3553663,-0.01308881,-0.1063067
270254,0.0166665,43.0427992790937,1.156033,0.5410371,-0.2718202,-0.7382907,0.009669438,-0.5923934,-0.3223405,0,0.0933290421962738,0.4267177,0.2055047,0.112312,0.9250467,-0.3638413,-0.01409411,-0.1082105
270254,0.0166736,43.0594728793949,1.157091,0.5409412,-0.2720245,-0.7420888,0.006225593,-0.5878482,-0.3220249,0,0.0882442593574524,0.4268203,0.2060335,0.1120371,0.9233244,-0.3679745,-0.01484982,-0.1088414
270254,0.0166714,43.0761442799121,1.157588,0.5410115,-0.2723974,0.743472,-0.00578583,0.5869851,0.3204127,0,0.0889261588454247,0.4270247,0.2070909,0.1119412,0.9206829,-0.3742032,-0.01509524,-0.1099415
270254,0.016663,43.0928072798997,1.158267,0.5406567,-0.2726356,-0.744428,0.006598867,-0.5844157,-0.3228651,0,0.131275564432144,0.4273975,0.2075879,0.1120114,0.9199978,-0.3754937,-0.01401833,-0.1114099
270254,0.0166721,43.1094793807715,1.158501,0.5402694,-0.2724885,0.7448407,-0.006571233,0.5827607,0.3248987,0,0.165859088301659,0.4276357,0.2082669,0.1116567,0.9194601,-0.3776925,-0.01363863,-0.1084227
270254,0.0166624,43.1261417809874,1.159211,0.5396957,-0.2720181,0.7489074,0.001684569,0.5796579,0.321141,0,0.176623448729515,0.4274886,0.2085007,0.1112694,0.9190574,-0.3792397,-0.0141088,-0.1063566
270254,0.0166678,43.1428095810115,1.159453,0.5393971,-0.2716396,0.7506067,0.005134597,0.5783309,0.3195257,0,0.184592247009277,0.4270182,0.2092108,0.1106957,0.9154325,-0.3859313,-0.01673422,-0.1129622
270254,0.0166656,43.1594751812518,1.159905,0.5390244,-0.2711016,0.7552753,0.01266865,0.5755882,0.3132042,0,0.182893663644791,0.4266396,0.2094534,0.1103971,0.9138781,-0.3887319,-0.01780375,-0.1157474
270254,0.0166726,43.1761477813125,1.160071,0.5387906,-0.2707861,0.756669,0.01395787,0.5743469,0.3120624,0,0.177865520119667,0.4261017,0.2099056,0.1100243,0.9100819,-0.3949203,-0.01853416,-0.1242797
270254,0.0166661,43.1928138807416,1.160138,0.5380647,-0.2699193,0.7591231,0.01625068,0.5724059,0.3095473,0,0.173338413238525,0.4257862,0.2100713,0.1097906,0.9090846,-0.3967929,-0.01825706,-0.1256474
270314,0.0166671,43.2094809804112,1.159887,0.5377153,-0.2692958,0.7601941,0.01743911,0.5717049,0.3081469,0,0.173484951257706,0.4249194,0.2101378,0.1090647,0.9073401,-0.3998747,-0.01760406,-0.1285466
270314,0.0166663,43.226147281006,1.158937,0.5373551,-0.2679872,-0.7616554,-0.01965719,-0.5714502,-0.3048593,0,0.176422938704491,0.424296,0.2098873,0.1087153,0.9065472,-0.4011511,-0.01735633,-0.1301876
270314,0.0166684,43.2428156808019,1.158249,0.5372779,-0.2672056,-0.7619986,-0.02043182,-0.5715722,-0.3037205,0,0.175318121910095,0.4229873,0.208937,0.1083551,0.9054075,-0.4024736,-0.01699413,-0.1340282
270314,0.016665,43.2594806812704,1.156391,0.537323,-0.2654971,-0.7627374,-0.0223786,-0.57218,-0.3005677,0,0.172147557139397,0.4222057,0.2082493,0.1082779,0.9050997,-0.4027078,-0.01697586,-0.1353991
270314,0.0166733,43.2761539816856,1.155367,0.5375119,-0.2646794,0.7622992,0.0214529,0.5726404,0.3008701,0,0.156678631901741,0.4204972,0.2063914,0.108323,0.9044036,-0.402996,-0.01690216,-0.1391504
270314,0.0166624,43.2928163819015,1.153221,0.5381845,-0.263085,0.7614287,0.02121556,0.5744918,0.299559,0,0.151202768087387,0.4196795,0.2053667,0.1085119,0.9048651,-0.4021812,-0.01657044,-0.1385459
270314,0.0166663,43.3094826824963,1.152225,0.5386471,-0.2623259,-0.7601166,-0.02093353,-0.5766132,-0.2988341,0,0.15387487411499,0.4180852,0.2032215,0.1091845,0.9055043,-0.4002673,-0.0164754,-0.139917
270314,0.0166662,43.3261488825083,1.149884,0.5394663,-0.2605286,-0.7584757,-0.02307691,-0.5805321,-0.2952369,0,0.149230808019638,0.417326,0.2022256,0.1096471,0.9063621,-0.3979927,-0.01683136,-0.140806
270314,0.0166681,43.3428169824183,1.148553,0.5399604,-0.259731,-0.7575425,-0.02491944,-0.5825894,-0.2934246,0,0.126020312309265,0.4155286,0.199884,0.1104663,0.9069504,-0.3948408,-0.01824866,-0.1456325
270314,0.0166671,43.3594840820879,1.145685,0.5406259,-0.258177,0.7553894,0.02889526,0.5864611,0.2908872,0,0.115485116839409,0.4147311,0.1985527,0.1109604,0.9070968,-0.3933957,-0.01961516,-0.1484265
270314,0.0166663,43.3761503826827,1.144104,0.5408944,-0.2573401,-0.7547128,-0.03453962,-0.5877534,-0.2894161,0,0.0988293439149857,0.4131771,0.1956847,0.1116259,0.90738,-0.3907313,-0.02313116,-0.153152
270314,0.0166663,43.3928166832775,1.141328,0.54169,-0.2557078,0.7514908,0.03910701,0.5920802,0.288398,0,0.0942667275667191,0.4123402,0.1941038,0.1118944,0.9063417,-0.3912403,-0.0273806,-0.1572453
270354,0.0166697,43.4094863831997,1.140052,0.5424464,-0.2551209,0.7498458,0.03973328,0.5946772,0.2872484,0,0.120309539139271,0.4107079,0.1913285,0.11269,0.9068817,-0.3880606,-0.03254034,-0.1609836
270354,0.0166656,43.4261519834399,1.137389,0.5433149,-0.2534896,0.7472726,0.04197784,0.5988854,0.2848824,0,0.130883917212486,0.410121,0.1900519,0.1134464,0.9076121,-0.3855265,-0.03362818,-0.1627231
270354,0.0166692,43.4428211841732,1.136065,0.543591,-0.2527437,-0.7458531,-0.04306246,-0.6005434,-0.2849498,0,0.146397665143013,0.4084896,0.187389,0.1143149,0.9083973,-0.3818111,-0.03608692,-0.166531
270354,0.0166652,43.4594863839448,1.133596,0.5445385,-0.2513989,-0.7434669,-0.04662371,-0.6045626,-0.2821125,0,0.137330695986748,0.4077438,0.1860655,0.114591,0.9088211,-0.3803156,-0.03782086,-0.1672538
270354,0.0166666,43.4761529844254,1.13221,0.544916,-0.2508817,0.7428308,0.05212409,0.6061021,0.27951,0,0.125024825334549,0.406399,0.1835964,0.1155385,0.9090964,-0.3771905,-0.04098483,-0.1720212
270354,0.0166679,43.4928208850324,1.129607,0.5453465,-0.2494128,-0.7397708,-0.05935013,-0.6100523,-0.2775842,0,0.122182540595531,0.4058818,0.1822105,0.115916,0.9079087,-0.3773204,-0.04463217,-0.1770283
270354,0.0166699,43.5094907842577,1.128417,0.5456369,-0.2485847,0.7386618,0.06117993,0.6115365,0.2768737,0,0.112220846116543,0.4044129,0.1796067,0.1163465,0.9073378,-0.3751711,-0.05131252,-0.1826246
270354,0.0166638,43.5261545851827,1.125886,0.5459394,-0.2468848,-0.7365324,-0.06286688,-0.6143069,-0.2760341,0,0.114005699753761,0.4035848,0.1784173,0.1166369,0.9073387,-0.3740905,-0.05312101,-0.1843121
270354,0.0166664,43.5428209844977,1.124695,0.5462426,-0.2461799,-0.7357104,-0.0643678,-0.6159513,-0.2742101,0,0.110999971628189,0.4018849,0.175886,0.1169394,0.9078564,-0.3715318,-0.05539061,-0.1862599
270354,0.0166708,43.5594917852432,1.122278,0.5464985,-0.2450208,0.7319415,0.067698,0.6209441,0.2722263,0,0.106863439083099,0.40118,0.1746953,0.1172426,0.9078012,-0.3702455,-0.05635592,-0.1887838
270354,0.0166668,43.5761585850269,1.121084,0.5466402,-0.2442632,-0.7308065,-0.07076899,-0.6228508,-0.2701307,0,0.0915195420384407,0.4000209,0.172278,0.1174985,0.9085398,-0.3656868,-0.06042946,-0.1928134
270354,0.0166699,43.5928284842521,1.118775,0.5473996,-0.2429115,-0.7287176,-0.07547753,-0.6266323,-0.2657174,0,0.0825872793793678,0.3992633,0.171084,0.1176402,0.9081091,-0.3645197,-0.06266345,-0.1963073
270354,0.0166891,43.6095175836235,1.117719,0.5479319,-0.2424976,-0.7281815,-0.07724343,-0.6281002,-0.2632023,0,0.060357216745615,0.3979115,0.1687749,0.1183996,0.907541,-0.3617959,-0.06583477,-0.2028274
270354,0.0166667,43.6261842828244,1.115519,0.5493082,-0.2413684,-0.7268215,-0.08177143,-0.6316602,-0.2570007,0,0.0582700446248055,0.3974977,0.1677192,0.1189319,0.9071834,-0.3607586,-0.06654699,-0.2060173
270354,0.0166693,43.6428535822779,1.114774,0.5497422,-0.2408907,0.7264341,0.08485479,0.6328236,0.2542196,0,0.0627380460500717,0.3963684,0.1655188,0.1203082,0.9062,-0.358259,-0.06843966,-0.2139349
270354,0.0166634,43.6595169827342,1.113201,0.5508808,-0.2398459,-0.7256188,-0.0907962,-0.6349133,-0.2492363,0,0.0515737198293209,0.3958908,0.1647745,0.1207422,0.9052954,-0.3578807,-0.06994196,-0.2178753
270354,0.0166673,43.6761842835695,1.112506,0.5512483,-0.2393935,0.7246296,0.09209654,0.6361828,0.2483982,0,0.0152847114950418,0.394846,0.1632012,0.1218808,0.9035318,-0.3572506,-0.07300337,-0.2251062
270354,0.0166681,43.6928523834795,1.111382,0.5521941,-0.2383704,0.7225617,0.09293098,0.6391751,0.246422,0,0.000656753196381032,0.3943936,0.1625062,0.1222483,0.903491,-0.3561525,-0.07424934,-0.2265974
270414,0.0166663,43.7095186840743,1.11084,0.5527699,-0.2379583,0.7223955,0.09546856,0.6403381,0.2428948,0,0,0.3933705,0.161382,0.1231941,0.9040008,-0.3529957,-0.07534642,-0.2291276
270414,0.0166679,43.7261865846813,1.109565,0.5535308,-0.2368963,0.7213349,0.09791236,0.6429687,0.2380764,0,0,0.3929583,0.1608396,0.1237699,0.9030584,-0.3524394,-0.07599552,-0.2334452
270414,0.0166659,43.7428524848074,1.108925,0.5538191,-0.2361674,0.7206522,0.09798982,0.6444664,0.2360543,0,0,0.3918964,0.1595646,0.1245308,0.9024193,-0.3501844,-0.0765964,-0.2390469
270414,0.0166667,43.7595191840082,1.107426,0.5538133,-0.2346283,0.7195143,0.09928736,0.6468524,0.2324294,0,0,0.3911675,0.1589254,0.1248191,0.9025538,-0.3485381,-0.07627375,-0.2410399
270414,0.0166664,43.7761855833232,1.106716,0.5537398,-0.2338342,0.718314,0.1000217,0.6486259,0.2308792,0,0,0.3896284,0.1574259,0.1248133,0.9023499,-0.3461969,-0.07650841,-0.2450689
270414,0.0166671,43.7928526829928,1.105274,0.5538086,-0.2325809,0.7168663,0.1013464,0.6513628,0.2270646,0,0,0.3888343,0.1567164,0.1247398,0.9024804,-0.3443469,-0.07716061,-0.246983
270414,0.016667,43.8095196820796,1.104579,0.5537076,-0.2320594,0.7160949,0.100844,0.652639,0.2260554,0,0,0.387581,0.1552745,0.1248086,0.9023349,-0.3415673,-0.07751157,-0.2512282
270414,0.0166703,43.8261899817735,1.1036,0.5536563,-0.2312636,-0.7144319,-0.09948929,-0.6553338,-0.2241133,0,0.00772908236831427,0.3870595,0.1545795,0.1247076,0.9027322,-0.3399732,-0.07719095,-0.2520604
270414,0.0166643,43.8428542818874,1.103144,0.5535769,-0.2308711,0.7133185,0.09804102,0.6567818,0.2240596,0,0.0140282083302736,0.3862638,0.1536003,0.1246563,0.9036846,-0.3365189,-0.07638384,-0.253525
270414,0.0166668,43.8595210816711,1.102634,0.553459,-0.2303132,-0.7107381,-0.09268069,-0.6598454,-0.2255352,0,0.018621914088726,0.3858712,0.1531444,0.1245769,0.9045935,-0.3344548,-0.07592487,-0.253152
270414,0.0166672,43.8761882819235,1.102417,0.5533189,-0.2300342,0.7099752,0.09162167,0.6608108,0.2255436,0,0.0357295945286751,0.3853133,0.152634,0.124459,0.9074619,-0.3294578,-0.07397602,-0.2499962
270414,0.0166669,43.8928551822901,1.102027,0.5530345,-0.2294537,-0.7090019,-0.09008433,-0.6620046,-0.2257235,0,0.0364733561873436,0.3850343,0.1524168,0.1243189,0.9080942,-0.3280427,-0.07362469,-0.2496649
270454,0.0166672,43.9095223825425,1.101791,0.552869,-0.2292131,0.7088312,0.08977518,0.6623246,0.2254441,0,0.0401732698082924,0.3844538,0.1520274,0.1240344,0.9089701,-0.3262268,-0.07310141,-0.2490093
270454,0.0166668,43.9261891823262,1.101259,0.5523454,-0.2288748,-0.7080725,-0.08815943,-0.6634351,-0.2252008,0,0.044118195772171,0.3842131,0.1517907,0.123869,0.9091108,-0.3257755,-0.07285725,-0.249158
270454,0.0166684,43.9428575821221,1.100875,0.5518901,-0.2288207,-0.707877,-0.08871365,-0.6638767,-0.2242947,0,0.0528779737651348,0.3838749,0.151259,0.1233454,0.9098917,-0.3240477,-0.07198207,-0.2488149
270454,0.0166652,43.9595227818936,1.100072,0.5508873,-0.2288142,0.7067642,0.08690293,0.6653992,0.224,0,0.0586981512606144,0.3838208,0.1508752,0.1228901,0.9097112,-0.3236844,-0.07215634,-0.2498949
270454,0.0166665,43.9761892817914,1.09964,0.5502919,-0.2288461,-0.7063013,-0.0867324,-0.6659477,-0.2238968,0,0.0724699571728706,0.3838144,0.1500724,0.1218873,0.9106739,-0.3214079,-0.07131674,-0.2495675
270454,0.0166673,43.9928565826267,1.098603,0.5491643,-0.2289621,-0.7063226,-0.08950886,-0.6665199,-0.2210157,0,0.0778030753135681,0.3838462,0.1496397,0.1212919,0.9108883,-0.3207071,-0.07141466,-0.2496589
270454,0.0166667,44.0095232818276,1.097968,0.5486799,-0.2289796,-0.7064741,-0.09143311,-0.6667921,-0.218913,0,0.0770116746425629,0.3839622,0.1486025,0.1201643,0.9097434,-0.320797,-0.07235967,-0.2534173
270454,0.0166699,44.0261931810528,1.096439,0.5475292,-0.2289263,-0.7058208,-0.09342358,-0.6678958,-0.216805,0,0.0765787363052368,0.3839797,0.1479676,0.1196799,0.9088796,-0.3210016,-0.07289065,-0.2560914
270454,0.016665,44.0428581815213,1.095715,0.5470099,-0.2289406,0.7050382,0.09292441,0.6690171,0.2161075,0,0.0818188562989235,0.3839264,0.1464391,0.1185292,0.9082749,-0.320209,-0.07393087,-0.2589154
270454,0.0166667,44.0595248807222,1.094487,0.5460339,-0.2289118,-0.7033482,-0.08944153,-0.6713307,-0.2159093,0,0.0890109986066818,0.3839407,0.1457148,0.1180099,0.9086533,-0.3187471,-0.07372877,-0.2594487
270454,0.0166735,44.0761983804405,1.093948,0.5454707,-0.2288715,0.7025802,0.08812343,0.6722038,0.2162352,0,0.0958328023552895,0.3839119,0.1444872,0.1170339,0.9103616,-0.3150882,-0.07199637,-0.2584139
270454,0.0166664,44.0928647797555,1.092801,0.5444349,-0.2288147,-0.7011225,-0.08636294,-0.6741726,-0.2155457,0,0.0983710587024689,0.3838715,0.1439477,0.1164707,0.9110855,-0.3136908,-0.07157224,-0.2576795
270454,0.0166673,44.1095320805907,1.092156,0.5440045,-0.2289081,-0.7006955,-0.08693512,-0.6750355,-0.2139987,0,0.105748280882835,0.3838148,0.1428011,0.1154349,0.9120885,-0.3108673,-0.070804,-0.2577653
270454,0.0166666,44.1261986810714,1.090874,0.5429929,-0.2290778,-0.6993342,-0.08772961,-0.6768076,-0.2125249,0,0.106781795620918,0.3839082,0.1421562,0.1150045,0.9119031,-0.3099931,-0.07086451,-0.259452
270454,0.0166673,44.1428659819067,1.090399,0.5425171,-0.2291249,0.6981081,0.08618264,0.6781165,0.2130163,0,0.107394181191921,0.384078,0.1408737,0.1139929,0.9119707,-0.3080551,-0.07165526,-0.261299
270454,0.0166671,44.1595330815762,1.08943,0.541642,-0.2293367,-0.6961407,-0.08445099,-0.6803192,-0.2131243,0,0.121031999588013,0.3841249,0.140399,0.1135171,0.9129289,-0.3060514,-0.07138282,-0.2603801
270454,0.0166666,44.1761996820569,1.08887,0.5411845,-0.2294272,0.6955305,0.08384498,0.6809587,0.2133135,0,0.12530842423439,0.3843368,0.1394301,0.1126419,0.9141479,-0.3029022,-0.07123786,-0.2598253
270454,0.016667,44.1928666811436,1.087753,0.5402821,-0.2296975,-0.6947386,-0.0850094,-0.681865,-0.2125362,0,0.124317221343517,0.3844272,0.1388696,0.1121845,0.9145607,-0.3019556,-0.07120218,-0.2594839
270454,0.0166681,44.2095347810537,1.087188,0.5399271,-0.2298696,-0.6943413,-0.08552123,-0.6824101,-0.2118794,0,0.11376529186964,0.3846976,0.1377531,0.111282,0.9143782,-0.3011478,-0.07222274,-0.2607806
270454,0.0166659,44.2262006811798,1.086254,0.5392798,-0.2304073,-0.6935184,-0.08724074,-0.6837747,-0.2094604,0,0.11162756383419,0.3848697,0.1371878,0.1109271,0.9142801,-0.3006173,-0.07257292,-0.2616377
270454,0.0166678,44.2428684812039,1.085871,0.5388597,-0.2306948,0.6928648,0.08694994,0.6845719,0.2091405,0,0.103884421288967,0.3854074,0.1362537,0.1102798,0.9137511,-0.2994083,-0.07337096,-0.2646326
270454,0.016667,44.2595354802907,1.084884,0.5378569,-0.2312887,0.6918964,0.08893135,0.6861249,0.206406,0,0.0980711206793785,0.3856949,0.1358705,0.1098597,0.9140218,-0.2983532,-0.07339356,-0.2648827
270454,0.0166658,44.2762012798339,1.084258,0.5374401,-0.231581,-0.6920453,-0.09229331,-0.686307,-0.2038091,0,0.0923397615551949,0.3862888,0.1348842,0.1088569,0.9134061,-0.2969647,-0.07434078,-0.2682811
270454,0.016667,44.2928682789207,1.083316,0.536463,-0.2320776,-0.6910978,-0.09377808,-0.6877991,-0.2013011,0,0.0854992717504501,0.3865811,0.1342579,0.1084401,0.9119872,-0.2976021,-0.07574844,-0.2719826
270454,0.0166671,44.3095353785902,1.08298,0.5359534,-0.2323212,0.6901654,0.09258137,0.6891584,0.2004023,0,0.0731784924864769,0.3870776,0.1333159,0.107463,0.9115198,-0.2961349,-0.076392,-0.2749548
270454,0.0166668,44.3262021783739,1.082263,0.5346382,-0.2326731,-0.6886911,-0.09082621,-0.6912366,-0.1991161,0,0.0687678158283234,0.3873213,0.1329802,0.1069534,0.9120958,-0.2941585,-0.07565293,-0.27537
270454,0.0166669,44.3428690787405,1.081896,0.533914,-0.2328345,0.6882859,0.09040063,0.6917686,0.1988629,0,0.0670338422060013,0.3876732,0.1322625,0.1056382,0.9129681,-0.2911433,-0.07463952,-0.27596
270454,0.016667,44.3595360778272,1.08096,0.5324398,-0.2331263,0.6880763,0.09227857,0.6923413,0.1967216,0,0.0614689774811268,0.3878345,0.1318958,0.104914,0.9131997,-0.2903744,-0.07444385,-0.2760566
270454,0.0166668,44.3762028776109,1.080447,0.5317953,-0.2332311,0.6877803,0.0923756,0.6928446,0.1959382,0,0.052803210914135,0.3881264,0.13096,0.1034398,0.9123991,-0.2901312,-0.07511108,-0.2787655
0,0.0166671,44.3928699772805,1.079662,0.5306128,-0.233454,-0.6863381,-0.09111999,-0.6944755,-0.1958088,0,0.0511466488242149,0.3882312,0.1304467,0.1027953,0.9123616,-0.289528,-0.07503289,-0.2795353
270554,0.0166671,44.4095370769501,1.079486,0.5301029,-0.2336411,0.6853892,0.08887324,0.6954816,0.1965927,0,0.0445000827312469,0.3884541,0.1296619,0.1016128,0.9131924,-0.2871714,-0.07484348,-0.2793041
270554,0.0166663,44.4262033775449,1.079226,0.5289237,-0.2340865,-0.6836702,-0.08714049,-0.69724,-0.1971245,0,0.0425787456333637,0.3886413,0.1294857,0.1011028,0.9142963,-0.2853466,-0.07399752,-0.2777839
270554,0.016667,44.4428703766316,1.079313,0.5282446,-0.2343164,-0.6824529,-0.08733813,-0.6985108,-0.1967562,0,0.0396465174853802,0.3890866,0.1292265,0.09992369,0.9154307,-0.282691,-0.07386713,-0.2767961
270554,0.0166669,44.4595372769982,1.079968,0.5270023,-0.2346439,0.6794713,0.08373304,0.7014858,0.1980541,0,0.0419578775763512,0.3893165,0.1293131,0.09924461,0.9156864,-0.2811323,-0.07454833,-0.2773549
270554,0.0166677,44.4762049764395,1.080357,0.5263569,-0.2346326,-0.6785388,-0.08231014,-0.7022165,-0.1992543,0,0.0626012235879898,0.389644,0.1299682,0.09800227,0.9178557,-0.2764339,-0.07401178,-0.2750409
270554,0.0166661,44.4928710758686,1.081377,0.5251096,-0.2344288,0.6769091,0.07972025,0.7037586,0.200407,0,0.0694700181484222,0.3896326,0.1303568,0.09735693,0.9187178,-0.2751274,-0.0739405,-0.2734875
270554,0.0166674,44.5095384754241,1.081893,0.5243477,-0.2343137,-0.676311,-0.07759819,-0.7042325,-0.2015908,0,0.0819746181368828,0.3894289,0.1313773,0.09610964,0.9201259,-0.2724794,-0.07335098,-0.2715567
270554,0.0166666,44.5262050759047,1.082957,0.5230857,-0.2343833,-0.6751662,-0.07086362,-0.7052265,-0.2044127,0,0.0884066894650459,0.3893138,0.131893,0.09534772,0.9210889,-0.2713083,-0.07255246,-0.2696724
270554,0.0166674,44.5428724754602,1.083441,0.5225507,-0.2344807,-0.6748164,-0.06822903,-0.7055606,-0.2053101,0,0.133625268936157,0.3893834,0.1329568,0.09408571,0.9237728,-0.2682176,-0.06920883,-0.2644112
270554,0.0166666,44.5595390759408,1.084326,0.5214006,-0.2347591,-0.6742073,-0.06344061,-0.7058319,-0.207897,0,0.147908553481102,0.3894808,0.1334415,0.0935507,0.9247537,-0.267066,-0.06775825,-0.2625171
270554,0.0166668,44.5762058757246,1.08476,0.5207862,-0.2349466,0.6738792,0.06169148,0.7060457,0.2087597,0,0.161870405077934,0.3897591,0.134326,0.09240057,0.9266185,-0.2653582,-0.06548669,-0.2582144
270554,0.0166666,44.5928724762052,1.085504,0.5196996,-0.2356133,0.6737514,0.05939766,0.7061815,0.2093776,0,0.168238878250122,0.3899467,0.13476,0.09178616,0.9273115,-0.2645802,-0.06468,-0.2567242
270554,0.0166668,44.6095392759889,1.085827,0.5190549,-0.2360013,0.6737934,0.05796222,0.7062916,0.2092731,0,0.179012760519981,0.3906135,0.1355041,0.09069957,0.9280699,-0.2637532,-0.06324565,-0.2551875
270554,0.016667,44.6262062750757,1.086302,0.5175446,-0.2365851,0.6736261,0.05473452,0.7064035,0.2103007,0,0.182566493749619,0.3910013,0.1358269,0.09005488,0.9284505,-0.2632131,-0.06208146,-0.2546458
270554,0.0166666,44.6428728755564,1.086515,0.516769,-0.2369318,0.673582,0.0533904,0.7064219,0.2107253,0,0.190535038709641,0.3915852,0.1363023,0.08854462,0.9295166,-0.2621305,-0.06011559,-0.2523346
270554,0.0166674,44.6595402751118,1.08687,0.5152894,-0.2375321,0.6741775,0.05237968,0.7058716,0.210918,0,0.190165594220161,0.3919319,0.1365152,0.08776899,0.9299492,-0.2617121,-0.05928043,-0.2513705
270554,0.0166677,44.6762079745531,1.087057,0.5147303,-0.2378733,0.6742696,0.05015552,0.7058261,0.2113162,0,0.191586717963219,0.3925323,0.1368702,0.08628936,0.9300826,-0.2621264,-0.05825241,-0.2506849
270554,0.0166668,44.6928747743368,1.087063,0.5132809,-0.2384389,0.6744948,0.04594554,0.705557,0.2124507,0,0.195578068494797,0.3928733,0.1370574,0.08573033,0.9307103,-0.2615331,-0.05665424,-0.2493374
270554,0.0166676,44.7095423750579,1.087013,0.5125002,-0.2387922,0.6745422,0.04464322,0.705497,0.2127767,0,0.203883588314056,0.393439,0.1370633,0.08428086,0.9319113,-0.2606177,-0.05374977,-0.2464361
270554,0.0166667,44.7262090742588,1.08689,0.5110927,-0.2394509,0.6747524,0.04348399,0.7053325,0.2128959,0,0.203556209802628,0.3937923,0.1370125,0.08350022,0.932282,-0.260301,-0.05285243,-0.2455613
270554,0.0166667,44.7428757734597,1.08688,0.5104027,-0.2397776,-0.6744961,-0.04189564,-0.705529,-0.2133747,0,0.200779139995575,0.394451,0.1368898,0.08209266,0.9325439,-0.2601654,-0.05189129,-0.2449144
270554,0.0166678,44.7595435734838,1.086936,0.5090827,-0.2403061,0.6741327,0.04030736,0.7058248,0.2138505,0,0.203279539942741,0.3947777,0.1368805,0.08140261,0.9330887,-0.2594244,-0.05100245,-0.2438097
270554,0.0166686,44.7762121725827,1.08704,0.5083724,-0.2405082,0.6739764,0.04017463,0.7058094,0.2144182,0,0.204671770334244,0.3953062,0.1369358,0.08008273,0.9336601,-0.2585526,-0.05017097,-0.2427186
270554,0.0166671,44.7928792722523,1.087353,0.5071595,-0.2409494,0.6735352,0.0380082,0.7059621,0.2156934,0,0.2031130194664,0.3955083,0.1370404,0.07937242,0.9338011,-0.2585142,-0.05038329,-0.2421726
270554,0.0166665,44.8095457721502,1.08754,0.5066186,-0.2411128,0.6735402,0.03752586,0.7059988,0.2156418,0,0.202626526355743,0.3959495,0.1373525,0.07815947,0.9346271,-0.2576204,-0.04946863,-0.2401183
270554,0.0166665,44.826212272048,1.087929,0.5058093,-0.2413084,0.6731469,0.034559,0.7062016,0.2166985,0,0.202137783169746,0.3961129,0.1375399,0.07761855,0.9347448,-0.2574284,-0.04907281,-0.2399472
270554,0.016667,44.8428792711347,1.088093,0.5054827,-0.2413085,0.6729328,0.03271923,0.7062768,0.2174031,0,0.209679648280144,0.3963085,0.137929,0.0768093,0.9357302,-0.2562233,-0.04742314,-0.2377179
270554,0.0166668,44.8595460709184,1.088311,0.5048822,-0.2413762,0.6731018,0.03218835,0.7060557,0.2176772,0,0.212386503815651,0.3963086,0.1380926,0.07648273,0.9363325,-0.2555336,-0.04640187,-0.2362857
270554,0.016667,44.8762130700052,1.088375,0.5046175,-0.2414532,0.6730891,0.03081246,0.7060378,0.2179732,0,0.214468345046043,0.3963763,0.138311,0.07588221,0.9364486,-0.2556442,-0.04600742,-0.2357825
0,0.0166683,44.8928813692182,1.088578,0.504053,-0.2417156,0.6730798,0.02907825,0.7060111,0.2183269,0,0.218671709299088,0.3964533,0.1383753,0.07561745,0.9368297,-0.2552285,-0.04506845,-0.2348985
270654,0.0166663,44.909547669813,1.088736,0.5038189,-0.2418724,0.672853,0.02773429,0.7061324,0.2188081,0,0.22597162425518,0.3967156,0.1385778,0.07505293,0.9373031,-0.2547075,-0.04387264,-0.2337995
270654,0.0166666,44.9262142702937,1.08909,0.5034472,-0.2422293,-0.6725121,-0.02622087,-0.706387,-0.2192204,0,0.231774300336838,0.3968725,0.1387361,0.0748188,0.9377506,-0.2541104,-0.04314978,-0.2327873
270654,0.0166673,44.942881571129,1.089228,0.5033039,-0.2423862,-0.6724674,-0.02570117,-0.7064128,-0.2193356,0,0.238030105829239,0.3972295,0.1390904,0.07444717,0.938262,-0.2532876,-0.04233054,-0.2317715
270654,0.016667,44.9595485702157,1.089371,0.5031329,-0.2427226,-0.6723924,-0.02445333,-0.7064726,-0.2195159,0,0.237426713109016,0.3973863,0.1392277,0.07430382,0.938414,-0.2530849,-0.04199833,-0.2314376
270654,0.0166664,44.9762149695307,1.089353,0.503029,-0.2428786,-0.6724326,-0.02426007,-0.7064672,-0.219431,0,0.236978873610497,0.3977227,0.139371,0.07413287,0.9387588,-0.2526035,-0.04114408,-0.2307176
270654,0.0166669,44.9928818698972,1.089306,0.5027912,-0.2431182,-0.6725227,-0.0240444,-0.7064034,-0.2193842,0,0.238291636109352,0.3978787,0.1393533,0.07402892,0.9387859,-0.2525519,-0.04093789,-0.2307007
270654,0.0166678,45.0095496699214,1.089245,0.5026529,-0.2431687,-0.672639,-0.02422914,-0.7062904,-0.2193718,0,0.238771721720696,0.3981183,0.1393057,0.07379122,0.9388084,-0.2525672,-0.04070193,-0.2306338
270654,0.0166658,45.0262154694647,1.08922,0.5024382,-0.2433265,0.6727395,0.02467776,0.7062665,0.21909,0,0.240975484251976,0.3981687,0.1392453,0.07365294,0.9387298,-0.2527726,-0.04077592,-0.2307158
270654,0.0166674,45.0428828690201,1.089241,0.5023883,-0.2433267,0.6727068,0.02471101,0.7063872,0.2187974,0,0.240969181060791,0.3983266,0.1392196,0.07343824,0.938563,-0.2529574,-0.04095558,-0.2311598
270654,0.0166669,45.0595497693866,1.089282,0.5023525,-0.2431728,0.6726382,0.02468553,0.7066717,0.2180913,0,0.2415761500597,0.3983268,0.1392408,0.07338829,0.9385332,-0.2528236,-0.04088232,-0.2314394
270654,0.0166667,45.0762164685875,1.089264,0.502369,-0.242973,0.6726799,0.02481151,0.706799,0.2175349,0,0.241275191307068,0.3981729,0.1392818,0.07335253,0.9384842,-0.2524751,-0.04061777,-0.2320647
270654,0.016667,45.0928834676743,1.089133,0.502575,-0.2422556,0.6729665,0.0262367,0.7071371,0.2153719,0,0.240828424692154,0.3979731,0.1392644,0.07336904,0.9383828,-0.2523714,-0.04046952,-0.2326127
270654,0.0166681,45.1095515675843,1.088948,0.5027676,-0.2416969,0.6730103,0.02755728,0.7074462,0.2140508,0,0.240710750222206,0.3972557,0.1391333,0.07357498,0.937721,-0.2524645,-0.04054861,-0.2351531
270654,0.0166659,45.1262174677104,1.088665,0.5035353,-0.2406829,0.6726815,0.0282087,0.7085064,0.2114778,0,0.24018682539463,0.396697,0.1389475,0.07376762,0.9372383,-0.2525271,-0.04101748,-0.2369222
270654,0.0166677,45.1428851671517,1.088537,0.5039888,-0.2401136,0.6726753,0.02874806,0.7088363,0.2103157,0,0.239365234971046,0.395683,0.1386655,0.07453533,0.9368796,-0.2514427,-0.04066909,-0.2395397
270654,0.0166656,45.1595507673919,1.088472,0.5051847,-0.238848,0.6727391,0.02968556,0.70925,0.2085797,0,0.239092633128166,0.3951136,0.138537,0.0749888,0.9366144,-0.2512194,-0.04062207,-0.2408156
270654,0.016667,45.1762177664787,1.088519,0.5059876,-0.2383445,0.6727133,0.03005041,0.7094613,0.2078907,0,0.242179974913597,0.3938481,0.1384719,0.07618465,0.9361618,-0.2510257,-0.04061251,-0.2427714
270654,0.0166673,45.1928850673139,1.088691,0.5079942,-0.2374721,-0.6727112,-0.03124423,-0.7094767,-0.207669,0,0.242894187569618,0.3933446,0.1385189,0.07698758,0.9359968,-0.2508842,-0.04063104,-0.2435496
270654,0.0166674,45.2095524668694,1.08878,0.5091377,-0.2370695,0.6728122,0.03200497,0.709296,0.2078431,0,0.246990278363228,0.3924722,0.138691,0.07899423,0.935672,-0.2512422,-0.04146677,-0.2442862
270654,0.0166836,45.2262360677123,1.088807,0.5115123,-0.2363858,-0.6733797,-0.03261656,-0.7092181,-0.2061694,0,0.238285511732101,0.3920696,0.1387804,0.08013768,0.9354734,-0.251708,-0.04206983,-0.2444645
270654,0.0166658,45.2429018672556,1.088735,0.5127418,-0.2359381,-0.673793,-0.03348866,-0.7090094,-0.2053959,0,0.232009321451187,0.3913859,0.1388074,0.08251233,0.9349633,-0.2520388,-0.0415525,-0.2461575
270654,0.0166671,45.2595689669251,1.088418,0.5151855,-0.2351408,0.6750607,0.03428772,0.7081417,0.2040906,0,0.2290258705616,0.3909382,0.1387346,0.0837418,0.9345351,-0.2525957,-0.0416853,-0.2471881
270654,0.0166672,45.2762361671776,1.088206,0.5163644,-0.2347516,0.6758089,0.03450749,0.7074376,0.2040188,0,0.222359597682953,0.3901409,0.1384175,0.08618541,0.9338211,-0.2539892,-0.04107254,-0.2485573
270654,0.0166671,45.2929032668471,1.087503,0.5186574,-0.2338484,0.6773639,0.03496135,0.7059901,0.2037989,0,0.220325604081154,0.3897517,0.1382063,0.08736439,0.9335467,-0.2549655,-0.04079845,-0.2486337
270654,0.0166666,45.3095698673278,1.086882,0.51969,-0.2333895,-0.6782997,-0.03512923,-0.7052152,-0.2033404,0,0.21454644203186,0.3888485,0.137503,0.08965744,0.9329647,-0.2569703,-0.0401971,-0.2488519
270654,0.0166717,45.3262415677309,1.085646,0.5217676,-0.2326961,0.6803357,0.03687065,0.7038966,0.2007826,0,0.210512891411781,0.3883896,0.1368819,0.09069003,0.9325993,-0.2580246,-0.0396211,-0.2492231
270654,0.0166617,45.3429032675922,1.084995,0.5226592,-0.2323041,-0.680934,-0.03674404,-0.703411,-0.200479,0,0.198087930679321,0.3876961,0.1356464,0.09276761,0.9312516,-0.2602871,-0.03879637,-0.2520237
270654,0.016667,45.3595702666789,1.083629,0.5242552,-0.2316039,-0.6827353,-0.04083089,-0.7019368,-0.1987216,0,0.193120956420898,0.3873042,0.134995,0.09365918,0.9310728,-0.260873,-0.03824211,-0.2521633
270654,0.0166676,45.3762378674001,1.082981,0.5249001,-0.2313077,-0.6837289,-0.04430063,-0.7012253,-0.1970671,0,0.17292545735836,0.386604,0.1336289,0.09525515,0.9292634,-0.2640129,-0.0396768,-0.2553283
0,0.0166666,45.3929044678807,1.081603,0.5261325,-0.2303733,-0.6850687,-0.04828423,-0.7001651,-0.1952394,0,0.167222544550896,0.3863078,0.1329806,0.09590013,0.9278436,-0.2659714,-0.04112215,-0.2582144
270754,0.0166662,45.4095706678927,1.080879,0.5266367,-0.2297621,-0.6857765,-0.05069359,-0.6996841,-0.1938633,0,0.142517149448395,0.3853734,0.1316026,0.09713246,0.9261407,-0.2685052,-0.04269319,-0.2614301
270754,0.0166683,45.4262389671057,1.079466,0.5276967,-0.2286338,-0.6868998,-0.05496627,-0.6990353,-0.191042,0,0.129215061664581,0.3847622,0.130879,0.09763671,0.9250944,-0.2698238,-0.04358723,-0.2636205
270754,0.0166686,45.4429075662047,1.078863,0.5282,-0.2282625,-0.6871016,-0.05561757,-0.6991425,-0.1897319,0,0.107810199260712,0.3836339,0.1294661,0.09869672,0.9232047,-0.2718807,-0.04508477,-0.2678458
270754,0.0166663,45.4595738667995,1.077878,0.5286454,-0.2271291,-0.6872128,-0.05488621,-0.699214,-0.1892771,0,0.104056105017662,0.3832627,0.1288634,0.09920003,0.9227864,-0.2719313,-0.04493566,-0.2692576
270754,0.016665,45.476238867268,1.077464,0.5287209,-0.2265182,-0.6873305,-0.05494808,-0.6990755,-0.1893434,0,0.103640250861645,0.3821292,0.1278782,0.09964539,0.9228949,-0.2716322,-0.04412699,-0.2693211
270754,0.0166673,45.4929061681032,1.076703,0.5286884,-0.2254741,-0.6882347,-0.05769335,-0.698406,-0.1877065,0,0.102847389876843,0.3815182,0.1274644,0.09972085,0.922851,-0.271825,-0.04413553,-0.2692754
270754,0.0166668,45.5095729678869,1.076396,0.5286433,-0.2250307,-0.6888067,-0.05922524,-0.6979933,-0.1866634,0,0.0958229303359985,0.3804742,0.1267028,0.09968843,0.9215853,-0.2734458,-0.04506169,-0.2718042
270754,0.0166668,45.5262397676706,1.075869,0.5284152,-0.2242649,-0.6899889,-0.06178743,-0.6971337,-0.1846686,0,0.0903606116771698,0.3800308,0.126396,0.09964325,0.9208348,-0.2743932,-0.04548598,-0.2733179
270754,0.0166674,45.5429071672261,1.075646,0.5281926,-0.2239422,0.6904271,0.06230642,0.6968267,0.184014,0,0.0747154131531715,0.379265,0.1258691,0.0994152,0.9194654,-0.2761796,-0.04596362,-0.2760357
270754,0.0166669,45.5595740675926,1.07515,0.5275668,-0.223476,0.691234,0.06416843,0.6961417,0.1829342,0,0.0667315348982811,0.3789423,0.1256459,0.09919263,0.9190897,-0.2767048,-0.04584545,-0.2767794
270754,0.0166662,45.5762402676046,1.074895,0.5272439,-0.2232952,0.691521,0.06432296,0.6957885,0.1831388,0,0.061309427022934,0.3784761,0.1251503,0.09856679,0.9181514,-0.2780703,-0.04637054,-0.2784325
270754,0.0166677,45.5929079670459,1.074287,0.5263648,-0.2228787,0.6923462,0.06585136,0.6947813,0.1833012,0,0.0608514323830605,0.3782953,0.1248954,0.09824385,0.9180465,-0.2785583,-0.04641093,-0.2782837
270754,0.0166669,45.6095748674124,1.073997,0.5259715,-0.222777,0.6927041,0.06663135,0.6944159,0.1830522,0,0.0453164540231228,0.3778787,0.1242872,0.0973648,0.9173685,-0.2802421,-0.04717911,-0.2786998
270754,0.0166665,45.6262413673103,1.073509,0.5251851,-0.2227072,0.6931407,0.06729545,0.6938424,0.1833316,0,0.0373242869973183,0.3777771,0.1239968,0.09697153,0.9169939,-0.2809104,-0.04747016,-0.2792099
270754,0.0166669,45.6429082676768,1.073305,0.524693,-0.2226739,0.6931785,0.06718394,0.6937796,0.1834657,0,0.0226847063750029,0.3777073,0.1235088,0.0961851,0.9167019,-0.2818119,-0.04784503,-0.2791967
270754,0.016667,45.6595752667636,1.073042,0.5235983,-0.2224912,0.6933649,0.06751998,0.6935685,0.183437,0,0.0188599042594433,0.377674,0.1233051,0.09569301,0.9167413,-0.2818612,-0.04779361,-0.2790259
270754,0.0166799,45.6762551665306,1.073025,0.5229536,-0.2222303,0.6933653,0.06729162,0.6935369,0.1836383,0,0.0156657751649618,0.3774913,0.1230424,0.09459831,0.9165801,-0.2822165,-0.04793292,-0.2791725
270754,0.0166668,45.6929219663143,1.073234,0.5216124,-0.2214991,-0.6928524,-0.06401818,-0.6941367,-0.1844768,0,0.0166121758520603,0.3772303,0.1230248,0.09395362,0.9166751,-0.2821958,-0.04784117,-0.2788971
270754,0.016666,45.7095879670233,1.07343,0.5209343,-0.2210748,0.6926025,0.06288388,0.6943225,0.1851054,0,0.0284548159688711,0.3764992,0.1232341,0.0926124,0.9179059,-0.2805576,-0.04597683,-0.2768075
270754,0.0166673,45.7262552678585,1.074029,0.5196525,-0.2201573,-0.6923162,-0.0616946,-0.6944812,-0.1859791,0,0.0315898135304451,0.3760749,0.1234296,0.09193434,0.9183989,-0.2800168,-0.04550922,-0.2757952
270754,0.0166674,45.742922667414,1.074364,0.5191607,-0.2196931,-0.6922627,-0.06087738,-0.6945174,-0.1863112,0,0.0357646197080612,0.3751574,0.1240292,0.09065248,0.9189509,-0.2794943,-0.04511979,-0.274548
270754,0.0166674,45.7595900669694,1.074981,0.5184759,-0.2187979,-0.692072,-0.05856482,-0.6947775,-0.1867911,0,0.0405130013823509,0.3746932,0.1243642,0.09016074,0.9192469,-0.2792235,-0.0446612,-0.2739068
270754,0.0166658,45.7762558665127,1.075266,0.5181978,-0.2183388,-0.6919891,-0.05739571,-0.6948786,-0.1870843,0,0.0468033105134964,0.373798,0.1249807,0.08947583,0.9200293,-0.2782527,-0.04319651,-0.272499
270754,0.0166671,45.7929229661822,1.075848,0.5177773,-0.2175251,-0.6921996,-0.05649988,-0.6947866,-0.1869201,0,0.0490566566586494,0.373339,0.1252659,0.08919777,0.9204251,-0.2777976,-0.04246841,-0.27174
270754,0.0166671,45.8095900658518,1.076089,0.5176736,-0.2170719,-0.6923422,-0.0560861,-0.6947213,-0.1867597,0,0.0582817159593105,0.3725253,0.1258476,0.08877732,0.9205884,-0.2776586,-0.0415967,-0.2714636
270754,0.0166669,45.8262569662184,1.076391,0.5175245,-0.216037,-0.692795,-0.05548165,-0.694237,-0.1870618,0,0.063567042350769,0.372072,0.1260889,0.08867349,0.9206377,-0.2776222,-0.0411339,-0.2714039
270754,0.016667,45.8429239653051,1.076486,0.5175564,-0.2154597,0.6932861,0.05543799,0.6938004,0.1868753,0,0.0716930404305458,0.3710372,0.1263915,0.08852448,0.9207059,-0.2780587,-0.04053922,-0.2708145
270754,0.0166669,45.8595908656716,1.076606,0.5177919,-0.2143782,0.6945252,0.05589717,0.6926159,0.1865308,0,0.0718975737690926,0.3704598,0.1264856,0.08855636,0.9205381,-0.2785919,-0.0401525,-0.2708949
270754,0.0166666,45.8762574661523,1.07667,0.5180474,-0.2139988,-0.6953415,-0.05662479,-0.6919979,-0.1855615,0,0.070048488676548,0.3693783,0.1266056,0.08879186,0.9199701,-0.2802012,-0.03966383,-0.2712362
0,0.016667,45.892924465239,1.076742,0.5184022,-0.2134077,-0.696555,-0.05763869,-0.6909713,-0.1845204,0,0.0676556825637817,0.3689988,0.1266702,0.08904739,0.919373,-0.2811724,-0.03936318,-0.2722978
270854,0.0166666,45.9095910657197,1.076774,0.5184221,-0.2130958,-0.6968182,-0.05785244,-0.6906677,-0.1845962,0,0.0741279050707817,0.3684078,0.1267419,0.08940215,0.9185544,-0.2827299,-0.03902661,-0.2734934
270854,0.0166669,45.9262579660863,1.076895,0.518456,-0.2123893,0.6970019,0.05699351,0.6901838,0.185975,0,0.0813504830002785,0.3680959,0.1267739,0.08942206,0.9184196,-0.2831686,-0.03907223,-0.2734855
270854,0.0166674,45.9429253656417,1.076956,0.5184017,-0.2119616,-0.6971493,-0.05644438,-0.6899058,-0.1866196,0,0.10846122354269,0.3673894,0.1268952,0.08945604,0.9187917,-0.283539,-0.0388751,-0.2718754
270854,0.0166669,45.9595922660083,1.076991,0.5183287,-0.2109999,-0.6980495,-0.05605111,-0.6889777,-0.1868019,0,0.111779548227787,0.3669617,0.126956,0.08940174,0.918986,-0.2837332,-0.03863471,-0.2710492
270854,0.016667,45.976259265095,1.076927,0.5183135,-0.2105696,0.6988135,0.05558852,0.6883158,0.1865237,0,0.109671413898468,0.366,0.1269909,0.08932866,0.9188282,-0.2847751,-0.03789781,-0.270595
270854,0.0166667,45.9929259642959,1.076734,0.5181713,-0.209919,-0.7000987,-0.05504359,-0.6871974,-0.1859895,0,0.107113599777222,0.3655697,0.1269267,0.08931346,0.9186703,-0.2854619,-0.03699638,-0.2705322
270854,0.0166668,46.0095927640796,1.076627,0.5180483,-0.2096777,0.7005458,0.05516964,0.6868511,0.1855462,0,0.105555161833763,0.3649191,0.1267341,0.08917131,0.9183272,-0.2866864,-0.0356307,-0.2705857
270854,0.0166673,46.0262600649148,1.076311,0.5176489,-0.2091766,-0.7013697,-0.05551343,-0.6861311,-0.1849946,0,0.10468440502882,0.3646777,0.126627,0.08904828,0.9180837,-0.2871464,-0.03529184,-0.2709684
270854,0.0166664,46.0429264642298,1.076094,0.5174153,-0.2088587,0.7017382,0.05550419,0.6858312,0.1847116,0,0.100230798125267,0.3641767,0.1263114,0.08864887,0.9176384,-0.2881283,-0.03486096,-0.2714896
270854,0.016668,46.059594463557,1.075643,0.5169557,-0.2083195,-0.7025347,-0.05533358,-0.6853473,-0.1835278,0,0.0943501219153404,0.3638589,0.1260939,0.08841528,0.9174793,-0.2884927,-0.03452829,-0.2716825
270854,0.0166676,46.0762620642781,1.07543,0.5167083,-0.208056,0.7028146,0.05504738,0.6852572,0.1828775,0,0.0830746963620186,0.3633196,0.1256428,0.08795573,0.917098,-0.2890269,-0.03345965,-0.2725346
270854,0.0166654,46.0929274633527,1.075002,0.5160974,-0.2075497,0.7032375,0.05420484,0.6849825,0.1825324,0,0.0795708298683167,0.3630561,0.1254299,0.08770825,0.9169943,-0.289048,-0.03281462,-0.2729397
270854,0.0166669,46.1095943637192,1.074794,0.5157512,-0.207286,-0.7034938,-0.05430943,-0.6848013,-0.1821933,0,0.0763115957379341,0.3625498,0.1250024,0.0870973,0.9170393,-0.28914,-0.03178676,-0.2728123
270854,0.016667,46.126261362806,1.074363,0.5149598,-0.2067918,-0.7036455,-0.05322228,-0.6847163,-0.1822477,0,0.0748113915324211,0.362286,0.1247941,0.08675118,0.9168767,-0.2893884,-0.03158187,-0.2731194
270854,0.016667,46.1429283618927,1.074194,0.5146277,-0.2065787,-0.7036998,-0.05274106,-0.6846688,-0.1823561,0,0.0719103738665581,0.3617918,0.124363,0.08595981,0.9171355,-0.2891809,-0.0306844,-0.2725719
270854,0.0166669,46.1595952622592,1.073889,0.5140432,-0.2061934,0.7037987,0.05254823,0.6846423,0.1821302,0,0.0688202232122421,0.3615788,0.1241944,0.08562769,0.9172656,-0.2891018,-0.03032893,-0.2722573
270854,0.0166684,46.1762636620551,1.073794,0.5137938,-0.2059822,-0.7037984,-0.05236188,-0.6846805,-0.182041,0,0.0651783272624016,0.3611935,0.1238895,0.08504315,0.9172543,-0.2890757,-0.03003214,-0.2723564
270854,0.0166659,46.1929295621812,1.073702,0.5132937,-0.2053643,0.7035984,0.05202048,0.6849311,0.1819689,0,0.0639791265130043,0.3609822,0.1237944,0.08479376,0.9172935,-0.2889735,-0.02985289,-0.2723524
270854,0.0166663,46.209595862776,1.07369,0.5130819,-0.2050424,0.7035881,0.05193664,0.685064,0.1815326,0,0.0659632384777069,0.3603644,0.1237016,0.08429368,0.9174454,-0.2885655,-0.02967552,-0.2722931
270854,0.0166672,46.2262630630285,1.073748,0.5127665,-0.2044478,0.7034755,0.05151156,0.6854473,0.1806405,0,0.0653972774744034,0.3600424,0.1236899,0.0840819,0.917411,-0.2883715,-0.02943826,-0.2726396
270854,0.0166667,46.2429297622293,1.073797,0.5126621,-0.2041686,0.7034694,0.05134405,0.6855562,0.1802989,0,0.0635929182171822,0.3594479,0.1237476,0.08376648,0.9174408,-0.2877632,-0.02881045,-0.2732486
270854,0.016667,46.2595967613161,1.07388,0.5124933,-0.2035565,-0.7033041,-0.05068023,-0.6859021,-0.1798154,0,0.0622003898024559,0.3591686,0.1237972,0.08366205,0.9174407,-0.2875752,-0.02854525,-0.2734744
270854,0.0166669,46.2762636616826,1.073876,0.5124581,-0.2032781,-0.7032623,-0.05078325,-0.6860445,-0.1794054,0,0.0617506131529808,0.3585566,0.12388,0.08349331,0.9176102,-0.2869485,-0.02793161,-0.2736274
270854,0.0166681,46.2929317615926,1.073762,0.5124311,-0.2027271,-0.7031788,-0.05078393,-0.686197,-0.1791491,0,0.0604836530983448,0.3582782,0.1238764,0.08345808,0.9175375,-0.2867962,-0.02786609,-0.2740372
270854,0.016666,46.3095977623016,1.073642,0.5124479,-0.2024043,0.7032716,0.05097461,0.6861446,0.1789313,0,0.0591114796698093,0.3577271,0.123762,0.08343114,0.9175287,-0.2866042,-0.0278089,-0.2742732
270854,0.0166671,46.3262648619711,1.073314,0.5124754,-0.2018914,-0.7037439,-0.05134853,-0.6857515,-0.178474,0,0.054010983556509,0.3574044,0.1236425,0.08344783,0.917414,-0.2867205,-0.02781281,-0.2745349
270854,0.0166671,46.3429319616407,1.073184,0.5124768,-0.2016973,0.7038901,0.05154756,0.6856714,0.1781472,0,0.044091060757637,0.3568915,0.1233144,0.08347543,0.9170868,-0.2873051,-0.02764268,-0.2750335
270854,0.0166663,46.3595982622355,1.07311,0.5123873,-0.2012777,0.7039136,0.05129614,0.685779,0.1777131,0,0.0424303598701954,0.3566974,0.1231835,0.0834768,0.9169357,-0.2874554,-0.0275777,-0.2753865
270854,0.0166669,46.3762651626021,1.073181,0.5123827,-0.2010632,-0.7038468,-0.05103313,-0.6859124,-0.1775378,0,0.0444367974996567,0.3562778,0.1231101,0.08338727,0.9169345,-0.2872421,-0.02719291,-0.2756515
0,0.0166671,46.3929322622716,1.073309,0.5122699,-0.2005609,0.7036303,0.05031425,0.6861888,0.1775332,0,0.0460069142282009,0.3560633,0.1231807,0.08338268,0.9170039,-0.286998,-0.02695709,-0.2756979
270954,0.0166666,46.4095988627523,1.073369,0.5122275,-0.2002779,-0.7034805,-0.04983734,-0.6863517,-0.1776321,0,0.0486182123422623,0.355561,0.1233087,0.08326985,0.9172735,-0.2864484,-0.0265269,-0.2754145
270954,0.0166671,46.4262659624219,1.073532,0.5122343,-0.1996955,-0.7034544,-0.04950973,-0.6865099,-0.1772149,0,0.0492229945957661,0.355278,0.1233693,0.08322753,0.9174687,-0.2861105,-0.02628686,-0.2751383
270954,0.0166668,46.4429327622056,1.073587,0.5122064,-0.1994218,0.7034716,0.04917737,0.6865557,0.1770611,0,0.049067784100771,0.3546956,0.1235324,0.08323427,0.9175065,-0.2858119,-0.02587854,-0.2753613
270954,0.0166671,46.4595998618752,1.073613,0.5121324,-0.1989686,-0.7035391,-0.04894905,-0.6865459,-0.1768942,0,0.0495776496827602,0.3544219,0.1235874,0.08320643,0.917569,-0.285655,-0.02555025,-0.2753462
270954,0.0166675,46.4762673620135,1.07356,0.5120792,-0.1988255,0.703626,0.04890289,0.6864724,0.1768467,0,0.0476218983530998,0.3539687,0.1236127,0.08313234,0.9175844,-0.285597,-0.02526781,-0.2753814
270954,0.0166665,46.4929338619113,1.073366,0.5119427,-0.198726,0.7039053,0.04926749,0.6861721,0.1767997,0,0.0466753914952278,0.3538256,0.1235605,0.08307917,0.9175609,-0.2856731,-0.02516324,-0.2753903
270954,0.016667,46.509600860998,1.073287,0.5117872,-0.1987832,0.7038926,0.04934505,0.6862022,0.1767111,0,0.0453040413558483,0.3537261,0.1233664,0.08294274,0.9173608,-0.2861488,-0.02526477,-0.2755537
270954,0.0166665,46.5262673608959,1.073231,0.5112348,-0.1990613,-0.7036863,-0.04874601,-0.6863501,-0.1771246,0,0.0464593656361103,0.3537832,0.1232865,0.08278717,0.9173309,-0.2861325,-0.02529507,-0.2756671
270954,0.0166666,46.5429339613765,1.073268,0.5108607,-0.1992825,0.7034923,0.04827582,0.6864842,0.1775043,0,0.0512648783624172,0.3540614,0.1232312,0.08223481,0.9176238,-0.2857832,-0.02512282,-0.2750698
270954,0.0166671,46.5596010610461,1.073503,0.5100486,-0.1996751,-0.7030175,-0.04818003,-0.6869895,-0.1774556,0,0.0542827844619751,0.3542826,0.1232684,0.08186074,0.917872,-0.2854874,-0.02502837,-0.2745572
270954,0.0166667,46.576267760247,1.073678,0.5095595,-0.199805,0.7027569,0.04783578,0.6873068,0.1773529,0,0.0626573115587235,0.3546751,0.1235033,0.08104856,0.9180499,-0.2848354,-0.02520517,-0.2746233
270954,0.0166674,46.5929351598024,1.074197,0.5083672,-0.2000208,-0.7025084,-0.04733122,-0.6876909,-0.1769831,0,0.0653251856565475,0.3548051,0.123678,0.08055945,0.9182155,-0.2843409,-0.02504679,-0.2745966
270954,0.0166675,46.6096026599407,1.074621,0.5076677,-0.2000648,0.7023947,0.04718726,0.6878346,0.1769154,0,0.0681777819991112,0.3550209,0.1241966,0.07936724,0.918381,-0.2837113,-0.02464825,-0.2747301
270954,0.0166664,46.6262690592557,1.075613,0.5059453,-0.2001965,-0.7013254,-0.04245489,-0.6883236,-0.1804197,0,0.0709119886159897,0.3550649,0.124621,0.07866772,0.918448,-0.2834903,-0.02457445,-0.2747412
270954,0.0166666,46.6429356597364,1.076135,0.5050185,-0.2002571,-0.7007554,-0.03909766,-0.6884619,-0.1828493,0,0.0889525040984154,0.3551965,0.1256126,0.07694526,0.9205748,-0.2815385,-0.02298271,-0.269722
270954,0.0166676,46.6596032604575,1.077081,0.502933,-0.2002311,-0.7011901,-0.03698748,-0.687672,-0.1845852,0,0.0991142615675926,0.3552572,0.1261349,0.07601847,0.9219887,-0.2803868,-0.02171643,-0.266174
270954,0.0166662,46.6762694604695,1.077454,0.5017529,-0.2002549,0.7016772,0.03626635,0.6867696,0.1862299,0,0.108075924217701,0.3552312,0.1270807,0.07393296,0.9226338,-0.2807393,-0.0205524,-0.2636474
270954,0.0166669,46.692936360836,1.078265,0.4996184,-0.2003797,-0.7020056,-0.03329694,-0.6857973,-0.1891076,0,0.106900252401829,0.3552549,0.1274539,0.07275285,0.9228824,-0.2816485,-0.02039135,-0.2618137
270954,0.0166677,46.7096040602773,1.078734,0.4986435,-0.2005689,-0.7017397,-0.02867585,-0.6855647,-0.1916777,0,0.108271934092045,0.3553799,0.1282652,0.07061835,0.9239179,-0.2819518,-0.01908535,-0.2579045
270954,0.0166663,46.7262703608721,1.079552,0.4966331,-0.2008307,-0.7013858,-0.02136983,-0.6849642,-0.1960242,0,0.120949566364288,0.3555689,0.1287342,0.06964348,0.9255061,-0.2808028,-0.01670853,-0.2535925
270954,0.0166673,46.7429376617074,1.079824,0.4956899,-0.2009234,-0.701812,-0.02076406,-0.6844915,-0.1962152,0,0.139477178454399,0.3558308,0.1295524,0.06763308,0.9279642,-0.2792088,-0.01300943,-0.2464869
270954,0.0166709,46.7596085611731,1.080244,0.493894,-0.2009994,0.7026302,0.02048656,0.6837401,0.1959357,0,0.146771848201752,0.3559235,0.1298237,0.06668986,0.9279907,-0.2795944,-0.01237357,-0.2459822
270954,0.0166667,46.776275260374,1.08038,0.4930909,-0.2010778,-0.7033132,-0.0206752,-0.6831192,-0.195631,0,0.14337520301342,0.3559995,0.1302438,0.06489398,0.9277475,-0.2804295,-0.01157829,-0.2459876
270954,0.016667,46.7929422594607,1.08069,0.4918888,-0.2014143,0.7044806,0.02025808,0.6819714,0.1954779,0,0.13902448117733,0.3560779,0.13038,0.06409086,0.9274336,-0.2812544,-0.01121176,-0.2462466
270954,0.0166708,46.8096130602062,1.0809,0.4914124,-0.2015682,-0.7050648,-0.02014311,-0.681308,-0.1956977,0,0.131378263235092,0.3564144,0.1306904,0.06288876,0.9271173,-0.2825275,-0.01015888,-0.2460256
270954,0.0166652,46.8262782599777,1.081135,0.490707,-0.2017133,0.7059777,0.01951213,0.6801492,0.1964997,0,0.123123861849308,0.3565683,0.1309002,0.06241242,0.9269718,-0.2833028,-0.00982474,-0.2456957
270954,0.0166659,46.8429441601038,1.081221,0.4905007,-0.2018323,0.7063838,0.01908701,0.6797716,0.1963883,0,0.117557398974895,0.3567134,0.131135,0.06170694,0.9269061,-0.2845141,-0.009136887,-0.2445675
270954,0.0166673,46.8596114609391,1.081398,0.4901688,-0.2021274,0.7066002,0.01678376,0.6793898,0.1971398,0,0.118037216365337,0.3568323,0.1312214,0.06150071,0.9268537,-0.2848369,-0.008528792,-0.2444128
270954,0.016667,46.8762784600258,1.081497,0.490037,-0.202316,0.7065821,0.01564503,0.6793042,0.1975927,0,0.119826696813107,0.3571275,0.131398,0.06116874,0.927416,-0.2845471,-0.00691773,-0.2426617
0,0.0166671,46.8929455596954,1.081733,0.489708,-0.2026812,0.7062043,0.01349573,0.6793627,0.1988969,0,0.121144190430641,0.3573161,0.1314972,0.06103702,0.9277446,-0.2842753,-0.006225027,-0.2417409
271054,0.0166671,46.9096126593649,1.081853,0.4895507,-0.202861,-0.7059929,-0.0126405,-0.6794431,-0.1994285,0,0.126083552837372,0.3576813,0.1317335,0.06070797,0.9285328,-0.2834876,-0.005294851,-0.2396529
271054,0.0166667,46.9262793585658,1.08219,0.4892902,-0.203259,0.7056267,0.01161925,0.6796675,0.2000201,0,0.127956569194794,0.357861,0.1318532,0.06055067,0.9288671,-0.2831022,-0.004964296,-0.2388188
271054,0.016667,46.9429463576525,1.082452,0.4893236,-0.203472,0.7056937,0.01139471,0.6797415,0.1995451,0,0.129983752965927,0.3582591,0.1321898,0.06029017,0.9292988,-0.2824838,-0.004616666,-0.2378767
271054,0.0166669,46.9596132580191,1.082922,0.4890959,-0.2038361,-0.7054921,-0.01012736,-0.6799954,-0.1994611,0,0.13019697368145,0.3584721,0.1324518,0.06032358,0.9292716,-0.2823206,-0.004211489,-0.2381841
271054,0.0166666,46.9762798584998,1.083145,0.4890235,-0.2040176,-0.7055255,-0.009557709,-0.6800532,-0.1991737,0,0.12963131070137,0.3588362,0.1329218,0.06009586,0.9296218,-0.2815854,-0.003304412,-0.237702
271054,0.0166669,46.9929467588663,1.083569,0.4887573,-0.2043246,-0.7054563,-0.007928848,-0.6799644,-0.1997926,0,0.128895208239555,0.3590177,0.1331452,0.06002344,0.9297062,-0.2813243,-0.002724723,-0.2376883
271054,0.0166667,47.0096134580672,1.083636,0.4885484,-0.2044625,-0.7056641,-0.007343248,-0.6796725,-0.200074,0,0.127423495054245,0.3593246,0.1335693,0.0597573,0.9301723,-0.2808795,-0.001742762,-0.2363962
271054,0.0166674,47.0262808576226,1.083742,0.4881217,-0.2047085,-0.7062134,-0.006580025,-0.6790203,-0.200377,0,0.128117710351944,0.3594626,0.1336356,0.05954836,0.9302655,-0.2810361,-0.001280054,-0.2358456
271054,0.0166672,47.042948057875,1.083739,0.4878361,-0.2048328,0.7066368,0.006281674,0.6785115,0.2006173,0,0.126022592186928,0.3597085,0.1337424,0.05912165,0.930282,-0.2815717,-0.0004914997,-0.2351438
271054,0.0166678,47.0596158578992,1.083792,0.487482,-0.2053146,0.7074805,0.005392529,0.677714,0.2003651,0,0.123849287629128,0.3598328,0.1337391,0.05883608,0.9302295,-0.2820896,-0.0001126393,-0.234731
271054,0.0166657,47.0762815587223,1.083767,0.4873206,-0.2055744,-0.7079427,-0.005176574,-0.6771873,-0.2005191,0,0.11710836738348,0.3603147,0.1337922,0.05848197,0.930104,-0.2827597,0.001167864,-0.2344186
271054,0.0166673,47.0929488595575,1.083735,0.4870641,-0.2061266,-0.7088985,-0.005358838,-0.6762221,-0.2003949,0,0.114866733551025,0.3605745,0.1337667,0.05832053,0.9300078,-0.2833262,0.001539857,-0.234114
271094,0.0166663,47.1096151601523,1.083723,0.4869469,-0.2064263,-0.7093146,-0.005420603,-0.675807,-0.2003205,0,0.105268955230713,0.3611267,0.1337348,0.05806405,0.9296158,-0.2845627,0.001996518,-0.2341682
271094,0.0166669,47.1262820605189,1.083666,0.4864698,-0.2068409,-0.7101045,-0.00560879,-0.674969,-0.2003425,0,0.104759342968464,0.3614264,0.1337228,0.05794687,0.9294459,-0.2850881,0.002217464,-0.2342013
271094,0.016668,47.142950059846,1.083713,0.486189,-0.2071124,-0.7104346,-0.005061224,-0.6746379,-0.2003024,0,0.103466875851154,0.361841,0.1336663,0.05746974,0.9291254,-0.2861687,0.002515869,-0.2341519
271094,0.0166662,47.159616259858,1.083835,0.485629,-0.2074605,-0.7109846,-0.003762364,-0.6740009,-0.2005235,0,0.102296032011509,0.3621125,0.1337126,0.05718897,0.929125,-0.2863831,0.003150104,-0.2338838
271094,0.0166662,47.17628245987,1.083889,0.4853918,-0.2075526,-0.7113786,-0.002906181,-0.6734649,-0.2009413,0,0.101508609950542,0.3624606,0.1338351,0.05662895,0.9292414,-0.2867081,0.004393477,-0.2330012
271094,0.0166678,47.1929502598941,1.084019,0.4850857,-0.2077554,-0.7119081,-0.002422437,-0.6729198,-0.2008987,0,0.100180484354496,0.3625526,0.1338888,0.05639176,0.9293363,-0.2870603,0.005122064,-0.2321728
271094,0.0166667,47.209616959095,1.084053,0.4849581,-0.2079007,-0.7121693,-0.002550267,-0.672665,-0.2008235,0,0.0949869081377983,0.3627555,0.134019,0.05608566,0.9292468,-0.2875526,0.005823112,-0.2319053
271094,0.0166667,47.2262836582959,1.084185,0.4847911,-0.2083216,0.7125847,0.002661437,0.6722736,0.2006596,0,0.0927447900176048,0.3629008,0.1340528,0.05595804,0.9291157,-0.2879045,0.005904104,-0.231992
271094,0.0166688,47.2429524585605,1.084324,0.4847622,-0.2086068,0.7126489,0.002565928,0.6721903,0.2007122,0,0.0890801325440407,0.3633217,0.1341854,0.05579106,0.9289221,-0.2884159,0.006122787,-0.2321263
271094,0.0166653,47.2596177589148,1.084729,0.4847522,-0.2091671,0.712753,0.001792714,0.6719416,0.2011833,0,0.0891942903399467,0.3636069,0.1343239,0.05576218,0.9289257,-0.2884834,0.006213425,-0.2320254
271094,0.0166694,47.2762871589512,1.084978,0.4847682,-0.2093891,0.7127492,0.001189016,0.6718513,0.2015021,0,0.0894479677081108,0.3641672,0.1347294,0.0557522,0.9291109,-0.2885145,0.006688998,-0.231231
271094,0.0166651,47.2929522581398,1.085402,0.484946,-0.2097284,0.7126878,-0.0008949116,0.6719337,0.2014462,0,0.0894942358136177,0.3643891,0.1349779,0.0557682,0.92928,-0.288413,0.007031225,-0.230667
271094,0.0166673,47.3096195589751,1.085621,0.4850033,-0.2098721,-0.7125298,0.001652308,-0.6722055,-0.201093,0,0.0967027992010117,0.3647285,0.1354025,0.05594594,0.9297481,-0.2875898,0.008650701,-0.229752
271094,0.0166666,47.3262861594558,1.086092,0.485008,-0.2100911,0.7121165,-0.003087953,0.6727967,0.2005625,0,0.100162044167519,0.3648722,0.1356214,0.05600325,0.9299284,-0.2869993,0.009295405,-0.2297349
271094,0.016667,47.3429531585425,1.086354,0.4850038,-0.2101714,0.7121583,-0.003422841,0.672791,0.2004272,0,0.108489528298378,0.3650911,0.1360918,0.05600793,0.9303251,-0.2857852,0.01039624,-0.2295953
271094,0.0166675,47.3596206586808,1.086903,0.4849503,-0.2104281,-0.712214,0.003783539,-0.6728214,-0.2001209,0,0.112586252391338,0.3651715,0.1363536,0.05600373,0.9303658,-0.285675,0.01073764,-0.2295518
271094,0.0166667,47.3762873578817,1.087144,0.4848683,-0.2106178,-0.7121876,0.003797472,-0.6728839,-0.2000044,0,0.120110459625721,0.3654281,0.1369033,0.05595027,0.9303873,-0.2855126,0.01117616,-0.2296458
271094,0.0166678,47.3929551579058,1.087569,0.4848008,-0.2111509,0.7123987,-0.00388138,0.6729519,0.1990199,0,0.12594772875309,0.3656179,0.1371437,0.05586834,0.9303864,-0.2854326,0.01121881,-0.2297466
271154,0.0166661,47.4096212573349,1.087833,0.4846836,-0.2113997,0.7125469,-0.003419884,0.6729481,0.19851,0,0.135151535272598,0.366151,0.1375692,0.05580075,0.9302144,-0.2853237,0.01180337,-0.230548
271154,0.0166668,47.4262880571187,1.088466,0.4843571,-0.2118982,-0.7128634,0.002853423,-0.6728101,-0.1978493,0,0.135532200336456,0.3663998,0.1378332,0.05568353,0.9300034,-0.2854915,0.01173252,-0.231194
271154,0.0166671,47.4429551567882,1.088901,0.4841608,-0.2122932,-0.7129008,0.0029222,-0.6727506,-0.1979158,0,0.133923768997192,0.3668983,0.1384659,0.05535705,0.9296908,-0.2858577,0.0117375,-0.231997
271154,0.0166678,47.4596229568124,1.08949,0.4837518,-0.2129161,0.7132331,-0.002722628,0.6724722,0.1976677,0,0.13634467124939,0.3672933,0.1389011,0.05516074,0.9296998,-0.2859053,0.01178615,-0.2319002
271154,0.0166658,47.4762887563556,1.089749,0.4835767,-0.2132598,-0.7134313,0.002706409,-0.6724156,-0.1971443,0,0.138282477855682,0.3679162,0.1394904,0.05475176,0.9295074,-0.2863113,0.01192164,-0.2321631
271154,0.0166666,47.4929553568363,1.090174,0.48297,-0.2138579,0.7135317,-0.003193058,0.6724734,0.1965754,0,0.139899894595146,0.3682598,0.1397493,0.05457665,0.9293703,-0.2863853,0.01223467,-0.232604
271154,0.0166676,47.5096229575574,1.090321,0.4825826,-0.2140781,0.7135014,-0.003747627,0.6724708,0.1966848,0,0.144338592886925,0.3688579,0.1401744,0.05396996,0.9293703,-0.2861445,0.01290426,-0.2328641
271154,0.0166662,47.5262891575694,1.090589,0.4819884,-0.2144344,0.7136078,-0.003935404,0.6723204,0.1968096,0,0.145868942141533,0.3690782,0.1403211,0.05358259,0.9295123,-0.285953,0.01327759,-0.2325116
271154,0.016667,47.5429561566561,1.090701,0.4817036,-0.2145374,0.7137141,-0.003785983,0.6721992,0.19684,0,0.14521998167038,0.3694345,0.1405893,0.05298839,0.9295282,-0.2860683,0.0134359,-0.2322968
271154,0.0166675,47.5596236567944,1.0909,0.4813023,-0.2147157,-0.7144118,0.002298929,-0.6720936,-0.1946811,0,0.143281280994415,0.3695374,0.1407006,0.05270363,0.9294613,-0.2862668,0.0133679,-0.2323239
271154,0.0166674,47.5762910563499,1.091074,0.4811654,-0.2148416,-0.7148315,0.001236625,-0.6721723,-0.1928703,0,0.133894577622414,0.3697158,0.1408997,0.05230231,0.928632,-0.2869118,0.01347741,-0.2348247
271154,0.0166662,47.5929572563618,1.091461,0.480721,-0.2151912,0.7152648,-0.0003314316,0.6721379,0.1913816,0,0.122795857489109,0.3698416,0.1410735,0.05216537,0.9280302,-0.2871807,0.01362045,-0.2368582
271194,0.016667,47.6096242554486,1.091689,0.4806314,-0.215331,-0.7154023,0.0004616901,-0.6722272,-0.1905524,0,0.115479201078415,0.3701913,0.1414614,0.05172096,0.9274922,-0.2875283,0.01376524,-0.2385294
271194,0.0166665,47.6262907553464,1.091953,0.4804018,-0.2156176,0.7161602,-0.0007121786,0.6716065,0.1898915,0,0.110447391867638,0.370331,0.1416894,0.05163143,0.9273663,-0.2873693,0.01428331,-0.239179
271194,0.0166684,47.6429591551423,1.092076,0.4803028,-0.2157355,-0.7165425,0.0006386638,-0.6712807,-0.1896019,0,0.106978431344032,0.3706177,0.1419526,0.05140183,0.9270591,-0.2880228,0.0151864,-0.2395282
271194,0.0166656,47.6596247553825,1.092309,0.4800089,-0.2158383,-0.7170047,0.001087181,-0.670705,-0.1898897,0,0.105993367731571,0.3707356,0.1420761,0.05130271,0.9268659,-0.2884375,0.01546767,-0.239759
271194,0.0166996,47.6763243544847,1.092378,0.4799781,-0.2158625,-0.7173246,0.001263328,-0.6703597,-0.1898992,0,0.101992301642895,0.3708384,0.1423088,0.05100892,0.9268281,-0.2889751,0.01596995,-0.239224
271194,0.0166645,47.6929888539016,1.092527,0.4799881,-0.216043,-0.7175021,0.002126537,-0.6701062,-0.190116,0,0.0966850370168686,0.3708625,0.1423784,0.05097805,0.9267486,-0.289328,0.01628949,-0.2390835
271194,0.0166665,47.7096553537995,1.092649,0.4801016,-0.2162536,-0.7175117,0.002891935,-0.6700497,-0.1902692,0,0.094433568418026,0.3710431,0.1425267,0.05098812,0.9268954,-0.2893325,0.01698105,-0.2384605
271194,0.0166671,47.726322453469,1.092788,0.4801182,-0.2165713,-0.71754,0.003558151,-0.6699502,-0.1905004,0,0.0920114666223526,0.3712537,0.142649,0.05110152,0.9270746,-0.2891335,0.01752465,-0.2379652
271194,0.0166669,47.7429893538356,1.092901,0.4801023,-0.2167416,0.7174005,-0.0038184,0.670094,0.1905157,0,0.0945160314440727,0.3715714,0.1427885,0.05111812,0.9272348,-0.2890207,0.01796983,-0.2374442
271194,0.0166672,47.759656554088,1.093232,0.4800215,-0.2171066,-0.717037,0.004497185,-0.6706192,-0.1900208,0,0.0958235487341881,0.3717417,0.142901,0.05110226,0.9273438,-0.2887571,0.01808699,-0.2373303
271194,0.0166678,47.7763243541121,1.093362,0.4799895,-0.2172114,-0.7169788,0.004404612,-0.670819,-0.1895369,0,0.0995688810944557,0.3721067,0.1432317,0.0510215,0.9275604,-0.2878836,0.0186099,-0.2375046
271194,0.0166663,47.792990654707,1.093642,0.4798817,-0.2175337,-0.7172124,0.004527964,-0.6710424,-0.187851,0,0.100294299423695,0.3722114,0.1433621,0.05098946,0.9275015,-0.287672,0.01870003,-0.2379837
271194,0.0166667,47.8096573539078,1.093807,0.4797931,-0.2176846,0.717348,-0.004634239,0.671091,0.1871561,0,0.102543488144875,0.3725338,0.1436415,0.05088172,0.9272266,-0.2873424,0.01961752,-0.2393752
271194,0.0166667,47.8263240531087,1.094244,0.4795822,-0.2182034,-0.7176924,0.005896352,-0.671009,-0.1860908,0,0.102289654314518,0.3726847,0.1438072,0.05079303,0.9271095,-0.2872384,0.02006217,-0.2399161
271194,0.01667,47.8429940529168,1.094483,0.4793996,-0.2184399,0.7179812,-0.006006911,0.6708595,0.1855119,0,0.10344535857439,0.3732035,0.1442435,0.05058215,0.9271095,-0.286877,0.02168642,-0.2402069
271194,0.0166647,47.8596587534994,1.094936,0.4790054,-0.2189792,0.7185044,-0.007029831,0.6704593,0.1848963,0,0.104372419416904,0.37344,0.1444827,0.05039952,0.92695,-0.2870092,0.02217637,-0.2406193
271194,0.0166668,47.8763255532831,1.095122,0.478788,-0.2192604,0.7189502,-0.007825166,0.6700558,0.1845933,0,0.11198640614748,0.3739793,0.1449364,0.05000539,0.9268886,-0.2871172,0.02353411,-0.2405977
271194,0.0166685,47.8929940536618,1.095629,0.4783705,-0.2199484,-0.7194486,0.009276323,-0.6698498,-0.1833281,0,0.11955302208662,0.3742605,0.1451219,0.04978795,0.9268481,-0.287313,0.02454117,-0.2404197
271254,0.0166653,47.9096593540162,1.095881,0.4780433,-0.2203883,0.7196964,-0.009691663,0.6696682,0.1829963,0,0.125126525759697,0.3749485,0.1456292,0.04937045,0.9267942,-0.2870212,0.0264873,-0.2407689
271254,0.0166667,47.9263260532171,1.096314,0.4774004,-0.2212409,-0.7206169,0.009207271,-0.6690069,-0.1818143,0,0.127818673849106,0.3753884,0.1458815,0.04904331,0.9267427,-0.287084,0.02709327,-0.2408254
271254,0.0166669,47.9429929535836,1.096645,0.4770514,-0.2216863,0.721104,-0.009008735,0.6685823,0.1814548,0,0.131389573216438,0.376241,0.1463137,0.04840035,0.9261389,-0.2880264,0.0277295,-0.2419473
271254,0.0166671,47.9596600532532,1.09724,0.4763772,-0.2222409,-0.7221133,0.007909425,-0.6678905,-0.1800337,0,0.133793190121651,0.3766864,0.1466449,0.04805137,0.925866,-0.2885976,0.02800335,-0.2422798
271254,0.0166667,47.976326752454,1.097522,0.4760078,-0.222608,0.7228604,-0.006580926,0.6675493,0.1783473,0,0.136756002902985,0.377241,0.1472402,0.04737715,0.9250638,-0.2897858,0.02830711,-0.2438852
271254,0.0166685,47.9929952528328,1.09818,0.4752729,-0.22343,-0.7237393,0.006055728,-0.6670049,-0.1768318,0,0.138389155268669,0.3776081,0.1475218,0.04700772,0.9242715,-0.2906269,0.02838825,-0.2458706
271254,0.0166653,48.0096605531871,1.098511,0.4749283,-0.2237732,0.7243289,-0.005863138,0.6665687,0.1760675,0,0.140966355800629,0.3784301,0.1481801,0.04627291,0.9236153,-0.291424,0.0291086,-0.2473046
271254,0.0166676,48.0263281539083,1.098793,0.4739371,-0.2241358,0.7252588,-0.005975872,0.6655349,0.1761464,0,0.140910133719444,0.3787733,0.1485105,0.04592828,0.9232418,-0.2919911,0.02961443,-0.2479695
271254,0.0166667,48.0429948531091,1.098888,0.4734699,-0.2243243,-0.725508,0.005766183,-0.6653584,-0.175793,0,0.138220325112343,0.3791358,0.1487933,0.04493706,0.9229184,-0.2931809,0.03021312,-0.2476971
271254,0.0166667,48.05966155231,1.098778,0.4726076,-0.2247736,-0.725317,0.005012967,-0.6657623,-0.1750738,0,0.144173815846443,0.3793245,0.1488884,0.04446987,0.9227284,-0.2934549,0.03033896,-0.2480647
271254,0.0166668,48.0763283520937,1.098678,0.4722532,-0.2249366,0.7253334,-0.001246117,0.6663415,0.1728557,0,0.169359773397446,0.3797737,0.1487785,0.0436076,0.9225423,-0.2932224,0.02993108,-0.2490792
271254,0.0166668,48.0929951518774,1.098861,0.4719629,-0.2251675,-0.7246544,-0.009170189,-0.6692811,-0.1638745,0,0.175439447164536,0.3799367,0.1486781,0.04325322,0.9214165,-0.2937932,0.02789707,-0.2527825
271294,0.0166692,48.1096643526107,1.098701,0.4718336,-0.2253433,0.7245932,0.01493005,0.6704361,0.1589259,0,0.19188117980957,0.3801675,0.1488615,0.04296283,0.9180232,-0.2935615,0.02306184,-0.265562
271294,0.0166653,48.1263296529651,1.099042,0.472306,-0.2245346,0.7216901,0.01537621,0.6738311,0.1577305,0,0.226169645786285,0.3803434,0.148701,0.04283355,0.9159313,-0.2939033,0.02059106,-0.2725194
271294,0.0166668,48.1429964527488,1.099224,0.472711,-0.2239676,0.720203,0.01708288,0.6757574,0.1561024,0,0.254228085279465,0.3795347,0.1490422,0.043306,0.9167218,-0.289938,0.01905555,-0.2742154
271294,0.0166669,48.1596633531153,1.099281,0.4735872,-0.2230756,-0.7183946,-0.0242353,-0.6772731,-0.1569183,0,0.268717676401138,0.3789677,0.1492236,0.04371093,0.9166,-0.2881131,0.01754525,-0.2766359
271294,0.0166669,48.1763302534819,1.098996,0.4740675,-0.2221281,0.7192449,0.03388529,0.6763229,0.1553254,0.161278888583183,0.25409996509552,0.3780757,0.1492806,0.04458718,0.9156758,-0.2886506,0.0106035,-0.2794749
271294,0.0166677,48.1929979529232,1.098841,0.474347,-0.2187524,-0.7139097,-0.08572722,-0.6827481,-0.1297651,0.311692535877228,0.380716949701309,0.3771282,0.1489962,0.04506747,0.9126842,-0.29277,0.004289624,-0.2850875
271294,0.0166671,48.2096650525928,1.098472,0.4733939,-0.2182735,0.7086213,0.09447132,0.6868214,0.1311784,0.712179958820343,0.741383910179138,0.3737525,0.1488412,0.04534699,0.8951058,-0.2980674,-0.02762322,-0.3304215
271294,0.0166665,48.2263315524906,1.097951,0.4714012,-0.2181827,0.6996445,0.07907794,0.6906346,0.1651313,1,1,0.3732737,0.1484719,0.04439394,0.8944213,-0.2953658,-0.03785491,-0.3336715
271294,0.0167008,48.2430323529989,1.097822,0.4712335,-0.2180564,0.6967819,0.07121596,0.6916631,0.1761409,1,0.887093961238861,0.3731828,0.1479509,0.04240121,0.9083496,-0.288558,-0.04561254,-0.299257
271294,0.0166649,48.2596972528845,1.097754,0.471466,-0.2175186,0.693716,0.06674743,0.6931049,0.1841425,1,0.857754290103912,0.3730565,0.1478224,0.04223345,0.9133478,-0.2854876,-0.04581748,-0.2866941
271294,0.0166669,48.2763641532511,1.097846,0.4718834,-0.2173783,0.6931325,0.06625755,0.6932769,0.1858615,1,0.822677075862885,0.3725187,0.1477535,0.04246603,0.9167937,-0.2825927,-0.04743496,-0.2781736
271294,0.0166685,48.2930326536298,1.098215,0.4727223,-0.2174774,0.6924717,0.06856607,0.6942656,0.1837857,1,0.806594371795654,0.3723784,0.147846,0.04288332,0.9173594,-0.2822573,-0.04809482,-0.2765313
271294,0.0166659,48.3096985537559,1.098396,0.4728799,-0.2175649,-0.692646,-0.07109971,-0.6941139,-0.182736,1,0.819693386554718,0.3724775,0.1482149,0.04372225,0.9166032,-0.2816299,-0.04937701,-0.279437
271294,0.0166672,48.3263657540083,1.098823,0.4732261,-0.2175553,0.6925753,0.07367381,0.6942256,0.1815559,1,0.82832282781601,0.372565,0.1483958,0.04387982,0.915652,-0.2824906,-0.05077776,-0.2814287
271294,0.0166665,48.3430322539061,1.099049,0.4734705,-0.2175471,0.6924493,0.07430284,0.6944667,0.1808569,1,0.830829322338104,0.3725553,0.1488228,0.04422609,0.9147385,-0.283022,-0.05229154,-0.2835799
271294,0.0166691,48.3597013540566,1.099324,0.4737445,-0.2175939,-0.6923804,-0.0773269,-0.6945121,-0.179675,1,0.833315014839172,0.3725471,0.1490491,0.04447053,0.9144893,-0.2828778,-0.05255357,-0.2844781
271294,0.0166652,48.3763665538281,1.09938,0.4737925,-0.2175938,0.6923723,0.07910667,0.6944878,0.1790243,1,0.834608376026154,0.372594,0.1493245,0.04474447,0.9134265,-0.2835975,-0.05440404,-0.2868184
271294,0.0166666,48.3930331543088,1.099544,0.473896,-0.2177579,-0.6922621,-0.08176388,-0.6946134,-0.1777651,1,0.835227429866791,0.3725939,0.1493805,0.04479251,0.9127918,-0.2840802,-0.0554917,-0.2881499
271354,0.0166669,48.4097000546753,1.099675,0.4739316,-0.2178295,0.6921923,0.08299796,0.6947137,0.1770709,1,0.837071061134338,0.372758,0.1495438,0.04489599,0.9118252,-0.2845858,-0.05705036,-0.2903982
271354,0.0166673,48.4263673555106,1.099986,0.4739702,-0.2179909,-0.6922814,-0.08513349,-0.6946225,-0.1760636,1,0.840263605117798,0.3728296,0.1496747,0.0449316,0.9113625,-0.2847628,-0.05773868,-0.2915387
271354,0.0166664,48.4430337548256,1.100115,0.4739698,-0.2179967,0.6922503,0.08582524,0.6946471,0.1757535,1,0.842886984348297,0.372991,0.1499858,0.04497017,0.9105198,-0.2853992,-0.05889014,-0.2933136
271354,0.016667,48.4597007539123,1.100361,0.4740157,-0.2179492,-0.6921968,-0.08681719,-0.6946285,-0.1755491,1,0.843534111976624,0.3729967,0.1501146,0.04496978,0.9102668,-0.2855366,-0.05930325,-0.2938817
271354,0.0166667,48.4763674531132,1.10049,0.4740601,-0.217954,0.6922331,0.08733828,0.6945604,0.1754173,1,0.844573140144348,0.3729493,0.1503614,0.0450157,0.9099414,-0.285804,-0.05999931,-0.2944874
271354,0.016668,48.4930354524404,1.10072,0.4741429,-0.2180152,-0.6922317,-0.08819948,-0.6945272,-0.1751237,1,0.846698343753815,0.3729541,0.1504896,0.04506005,0.9097462,-0.2860167,-0.06031859,-0.2948185
271354,0.0166657,48.5097011532635,1.100833,0.474217,-0.2180238,-0.6922418,-0.08828723,-0.6945207,-0.1750652,1,0.851576268672943,0.3730153,0.1507204,0.0451429,0.9094308,-0.2862668,-0.06084935,-0.2954392
271354,0.0166675,48.5263686534017,1.101051,0.4743986,-0.2180758,0.6922092,0.08856025,0.6944968,0.1751511,1,0.855223894119263,0.3730239,0.1508327,0.04521702,0.9093911,-0.2862957,-0.06088582,-0.295526
271354,0.0166668,48.5430354531854,1.101084,0.4744655,-0.2180204,-0.6921001,-0.08886892,-0.6945733,-0.1751224,1,0.857299745082855,0.3730759,0.1510511,0.0453986,0.9093278,-0.2863948,-0.06114599,-0.2955708
271354,0.0166672,48.5597026534379,1.101086,0.4746929,-0.2180019,0.6921364,0.08926988,0.6945202,0.1749858,1,0.859799325466156,0.3730205,0.1510845,0.04546551,0.9092599,-0.2863747,-0.06142888,-0.2957406
271354,0.0166666,48.5763692539185,1.101072,0.4748331,-0.2180201,-0.6922268,-0.08967345,-0.6944288,-0.1747839,1,0.862023234367371,0.373002,0.1510857,0.04569284,0.9091009,-0.2865376,-0.06165508,-0.2960244
271354,0.0166663,48.5930355545133,1.101035,0.4750148,-0.2179891,-0.6922709,-0.0897425,-0.6943448,-0.1749082,1,0.86189740896225,0.3730202,0.1510723,0.04583312,0.908914,-0.2867477,-0.06182562,-0.2963592
271394,0.0166669,48.6097024548799,1.101097,0.4751696,-0.2180077,-0.6921716,-0.08960965,-0.6944016,-0.1751433,1,0.859781742095947,0.3729892,0.1510347,0.04601477,0.908897,-0.2868724,-0.06190425,-0.2962743
271394,0.016667,48.6263694539666,1.101162,0.4755275,-0.217933,0.6921183,0.08904579,0.6943535,0.1758306,1,0.859331488609314,0.3730078,0.1510969,0.04616956,0.9090055,-0.2867728,-0.0619569,-0.2960263
271394,0.0166681,48.6430375538766,1.101211,0.4756538,-0.2179067,-0.6921381,-0.08912556,-0.6941568,-0.1764887,1,0.855368494987488,0.3729331,0.1511622,0.04652752,0.909304,-0.2867067,-0.06184447,-0.295196
271394,0.0166659,48.6597034540027,1.101282,0.4760536,-0.2179183,-0.6922982,-0.08962588,-0.6939566,-0.1763937,1,0.848358392715454,0.3729067,0.1512111,0.04665376,0.9093705,-0.2869843,-0.06216512,-0.2946537
271394,0.0166672,48.6763706542552,1.101276,0.4761551,-0.2178899,0.6922947,0.08991201,0.6939352,0.1763466,1,0.846941590309143,0.3729184,0.1512824,0.04705356,0.9091473,-0.2873567,-0.06241367,-0.294927
271394,0.0166667,48.693037353456,1.101443,0.4762825,-0.2178604,-0.6923609,-0.09007759,-0.6936802,-0.177004,1,0.846200168132782,0.3728899,0.1512762,0.04715509,0.9090504,-0.2874532,-0.06261238,-0.2950895
271394,0.0166673,48.7097046542913,1.101563,0.4763243,-0.2178406,0.6923794,0.09007665,0.6935845,0.1773073,1,0.843265652656555,0.3728605,0.1514433,0.04728253,0.9090742,-0.2878243,-0.0629711,-0.2945776
271394,0.0166666,48.7263712547719,1.101831,0.4764415,-0.2177705,-0.6923486,-0.08967763,-0.6934033,-0.1783344,1,0.843047022819519,0.3728406,0.1515628,0.04732425,0.9091135,-0.2879488,-0.06308497,-0.2943103
271394,0.0166684,48.7430396545678,1.101956,0.4766414,-0.2177746,-0.6923212,-0.0897878,-0.693351,-0.178589,1,0.841942846775055,0.3727706,0.151831,0.04744143,0.9094008,-0.2880934,-0.06322394,-0.2932495
271394,0.0166654,48.7597050536424,1.102115,0.4770201,-0.2177749,0.6923457,0.08986524,0.6931407,0.1792701,1,0.839116096496582,0.3727747,0.1519564,0.04764132,0.9094115,-0.2881897,-0.06342745,-0.2930774
271394,0.0166815,48.7763865534216,1.10217,0.4771887,-0.2177985,-0.6923912,-0.08967333,-0.6929238,-0.1800278,1,0.834015548229218,0.372775,0.1521154,0.04802002,0.9094782,-0.2884818,-0.06375239,-0.2925122
271394,0.016667,48.7930535525084,1.102301,0.4774842,-0.217836,0.6925616,0.08916955,0.6922631,0.1821517,1,0.833205044269562,0.3727986,0.1521702,0.04818873,0.9096344,-0.2887162,-0.0638934,-0.2917634
271394,0.0166668,48.8097203522921,1.102446,0.4777164,-0.2178003,-0.6924015,-0.08883549,-0.6917164,-0.1849788,1,0.825547158718109,0.3728361,0.1523011,0.04848419,0.9100438,-0.2894437,-0.06428911,-0.2896713
271394,0.0166671,48.8263874519616,1.102619,0.4784232,-0.2178015,0.6918774,0.08905253,0.6910687,0.1892071,1,0.824465930461884,0.3728004,0.1524463,0.04871638,0.9105957,-0.2900704,-0.06528607,-0.2870755
271394,0.0166675,48.8430549520999,1.102556,0.478943,-0.2177278,0.6915089,0.09040602,0.6906566,0.1914048,1,0.82036417722702,0.3728015,0.1526187,0.04942323,0.9112661,-0.2909543,-0.06747434,-0.2835259
271394,0.0166671,48.8597220517695,1.102255,0.4799125,-0.2175967,0.6915136,0.09370679,0.6896411,0.193451,1,0.81961977481842,0.3727279,0.1525558,0.04994301,0.9112415,-0.2918049,-0.06960074,-0.2822137
271394,0.0166666,48.8763886522502,1.101969,0.4807581,-0.2174791,-0.6915299,-0.09504279,-0.6892961,-0.19397,1,0.812959253787994,0.3725967,0.1522551,0.05091248,0.9104441,-0.2938739,-0.07292136,-0.2818016
271394,0.0166664,48.8930550515652,1.101231,0.4820881,-0.2171412,0.6902173,0.09600151,0.6883831,0.2012773,1,0.813394963741302,0.3724792,0.151969,0.05175809,0.9100723,-0.2946247,-0.07413018,-0.2819031
271454,0.016667,48.9097220506519,1.10071,0.4835375,-0.2171338,0.6890689,0.09684314,0.6880597,0.2058629,1,0.796178698539734,0.3721412,0.1512311,0.05308811,0.9110758,-0.2959399,-0.07855535,-0.2760248
271454,0.0166667,48.9263887498528,1.099674,0.486955,-0.2172449,0.6866347,0.09579708,0.6889635,0.211389,1,0.791096091270447,0.3721339,0.1507102,0.05453752,0.911697,-0.2964776,-0.08168715,-0.2724645
271454,0.0166669,48.9430556502193,1.097887,0.4907078,-0.2176564,0.6833678,0.09368839,0.6897756,0.2200924,1,0.785575747489929,0.372245,0.1496738,0.05795501,0.9134146,-0.294982,-0.08449266,-0.2674331
271454,0.0166668,48.959722450003,1.096826,0.4927281,-0.2177411,0.6808005,0.09027153,0.6908154,0.2261325,1,0.801696300506592,0.3726565,0.1478868,0.06170784,0.916006,-0.2931961,-0.08822041,-0.2592034
271454,0.0166673,48.9763897508383,1.09443,0.4976105,-0.2183911,0.6762608,0.08724551,0.6923332,0.2360815,1,0.801286458969116,0.3727412,0.1468261,0.06372805,0.9184603,-0.29082,-0.08948459,-0.2526794
271454,0.0166666,48.993056351319,1.093101,0.5002553,-0.2184282,-0.6737842,-0.0848814,-0.6950457,-0.2360543,1,0.800012290477753,0.3733912,0.1444297,0.06861047,0.9216411,-0.2876583,-0.09367118,-0.2430146
271454,0.0166674,49.0097237508744,1.091424,0.5029947,-0.2185814,0.6696909,0.07944432,0.6986146,0.2390407,1,0.776105880737305,0.3734283,0.1431013,0.07125528,0.9231114,-0.2836225,-0.09325505,-0.2423369
271454,0.0166667,49.0263904500753,1.089171,0.5078341,-0.2194667,-0.6626042,-0.06396779,-0.702402,-0.251983,1,0.764820992946625,0.3735815,0.1414238,0.07399471,0.9262102,-0.2775048,-0.09258761,-0.2378094
271454,0.0166674,49.0430578496307,1.087665,0.5107404,-0.2201204,0.6556466,0.05089837,0.7058664,0.2632293,1,0.727664828300476,0.3744668,0.1391707,0.07883413,0.933717,-0.2676078,-0.08979656,-0.2202168
271454,0.0166668,49.0597246494144,1.085236,0.5157565,-0.2211782,0.6478311,0.04058892,0.7090501,0.275528,1,0.692024111747742,0.3751205,0.1376646,0.08174039,0.9399198,-0.2584321,-0.08798365,-0.2049937
271454,0.0166679,49.0763925500214,1.08363,0.5185886,-0.2217731,0.642997,0.03536014,0.7111288,0.2821357,1,0.668715596199036,0.3761783,0.1352356,0.08675654,0.9452695,-0.2499029,-0.08906221,-0.1899527
271454,0.016666,49.0930585507303,1.081057,0.5226313,-0.222276,0.6373528,0.02765208,0.7133509,0.2900819,1,0.644010961055756,0.3767733,0.1336296,0.0895886,0.9480682,-0.2447586,-0.09018526,-0.1820071
271494,0.0166666,49.109725151211,1.079517,0.5252995,-0.2225873,0.6334571,0.02372821,0.7141553,0.296903,1,0.634947597980499,0.3772761,0.1310566,0.09363128,0.951603,-0.2383409,-0.09030428,-0.1717281
271494,0.0166669,49.1263920515776,1.077065,0.5301595,-0.2233018,-0.6257471,-0.01103262,-0.7170522,-0.3068472,1,0.62607479095459,0.3775874,0.1295174,0.09629954,0.9536334,-0.2350272,-0.09194705,-0.1639857
271494,0.0166672,49.14305925183,1.075726,0.5325013,-0.2237826,0.6220869,0.005231299,0.7183813,0.311302,1,0.622280597686768,0.3783019,0.1270652,0.1011595,0.9585065,-0.225375,-0.08995697,-0.1495971
271494,0.0166669,49.1597261521965,1.073317,0.5362862,-0.2247743,-0.6149563,0.01121751,-0.7207636,-0.319692,1,0.613397300243378,0.3787827,0.1257263,0.1035013,0.9606423,-0.2208352,-0.08905464,-0.1430643
271494,0.0166668,49.1763929519802,1.071984,0.5379933,-0.225226,0.6119416,-0.01647814,0.7222314,0.3219283,1,0.607044577598572,0.3797744,0.1233173,0.1072862,0.9656562,-0.2102362,-0.08308475,-0.1280857
271494,0.0166669,49.1930598523468,1.069444,0.5411742,-0.2259958,-0.6073254,0.02685902,-0.7233564,-0.3273987,1,0.591452360153198,0.3802261,0.1219838,0.1089933,0.9673142,-0.2058445,-0.08137476,-0.1237316
271494,0.0166665,49.2097263522446,1.068068,0.5426733,-0.2265238,0.6045552,-0.03168564,0.7237043,0.3313023,1,0.595299661159515,0.3809959,0.1194444,0.1121742,0.9701887,-0.1992795,-0.07764754,-0.1139845
271494,0.0166683,49.2263946514577,1.065571,0.5454785,-0.2276139,0.5991759,-0.03696678,0.7239059,0.339974,1,0.603640258312225,0.3815239,0.1180683,0.1136733,0.9715691,-0.1961148,-0.07672918,-0.1081908
271494,0.0166656,49.2430602516979,1.064239,0.5471113,-0.228091,-0.596894,0.03886168,-0.7251584,-0.3411054,1,0.604390740394592,0.382614,0.1155716,0.1164785,0.9733709,-0.1918499,-0.07855868,-0.09783304
271494,0.0166669,49.2597271520644,1.062033,0.5499192,-0.2293174,0.5927777,-0.04490504,0.7273753,0.3428169,1,0.610639572143555,0.3830912,0.1142388,0.1181113,0.9740894,-0.1890633,-0.0786676,-0.09600187
271494,0.0166671,49.276394251734,1.060933,0.5512992,-0.2300638,-0.5904706,0.0460228,-0.7294729,-0.3421926,1,0.617944836616516,0.3843175,0.1120329,0.1209192,0.9758066,-0.1830726,-0.07664431,-0.09171473
271494,0.0166671,49.2930613514036,1.059187,0.553288,-0.231142,0.5857888,-0.0538699,0.7319912,0.3437132,1,0.622116982936859,0.3850639,0.1109326,0.1222992,0.9763967,-0.1797609,-0.07673325,-0.09191049
271494,0.0166669,49.3097282517701,1.058175,0.5542756,-0.2315407,-0.5837999,0.0586113,-0.7327736,-0.3446524,1,0.627370834350586,0.3861422,0.1091869,0.124288,0.97841,-0.1725179,-0.07346945,-0.0869121
271494,0.0166665,49.326394751668,1.056488,0.5552381,-0.2323667,-0.5782661,0.0749342,-0.7330896,-0.3501042,1,0.635308384895325,0.3865408,0.1081749,0.1252756,0.9794474,-0.1691497,-0.07105482,-0.083801
271494,0.0166674,49.3430621512234,1.055286,0.5555108,-0.2328524,0.5742153,-0.08309451,0.7335699,0.3539033,1,0.678939402103424,0.3873668,0.1064876,0.1262381,0.9825402,-0.1601745,-0.06280746,-0.07081085
271494,0.0166667,49.3597288504243,1.053039,0.556042,-0.2334471,-0.5695903,0.09164458,-0.7348534,-0.3565933,1,0.681489288806915,0.3878525,0.1052859,0.1265108,0.9841117,-0.1547634,-0.05970243,-0.06330934
271494,0.0166682,49.3763970509171,1.05169,0.556511,-0.233911,0.5682139,-0.09245243,0.7357804,0.3566693,1,0.692937314510345,0.3884472,0.1030393,0.127042,0.9857432,-0.1481513,-0.05614721,-0.05664935
271494,0.0166658,49.3930628504604,1.048973,0.5577561,-0.2349721,0.5661093,-0.09197953,0.7384298,0.3546569,1,0.698915958404541,0.3889111,0.1016904,0.127511,0.9860275,-0.1463753,-0.05622918,-0.05623611
271554,0.0166668,49.4097296502441,1.047392,0.5583278,-0.2356129,0.5643333,-0.08900275,0.7410097,0.3528618,1,0.710390448570251,0.3899722,0.09897286,0.1287561,0.9863174,-0.1432164,-0.05696466,-0.05849849
271554,0.0166667,49.426396349445,1.044472,0.559755,-0.2371265,0.5578953,-0.0859696,0.7478379,0.3494294,1,0.708804666996002,0.390613,0.09739262,0.1293278,0.9862392,-0.1412648,-0.05963391,-0.06180812
271554,0.0166672,49.4430635496974,1.043001,0.5603399,-0.2379706,0.55484,-0.08550522,0.7509949,0.3476327,1,0.707869112491608,0.3921266,0.09447199,0.130755,0.986729,-0.13334,-0.06412309,-0.06689316
271554,0.0166673,49.4597308505327,1.03992,0.5615507,-0.2392974,0.5492593,-0.08244801,0.7578496,0.3423164,1,0.715794801712036,0.3929707,0.09300107,0.1313399,0.9870489,-0.1292428,-0.06539314,-0.06895301
271554,0.0166666,49.4763974510133,1.037934,0.5623661,-0.2400362,0.5478876,-0.08053163,0.7612503,0.33739,1,0.732311844825745,0.3942975,0.08991998,0.1325507,0.9873003,-0.1215773,-0.06872837,-0.07572016
271572,0.0166672,49.4930646512657,1.033891,0.5642275,-0.2410148,0.5469086,-0.07423145,0.7682401,0.3243271,1,0.758063435554504,0.3950363,0.08793432,0.133366,0.9871956,-0.1185117,-0.06914054,-0.08136013
271572,0.0166665,49.5097311511636,1.032098,0.5647391,-0.2414326,0.546394,-0.06805292,0.7720861,0.3173415,1,0.79126763343811,0.396015,0.08389121,0.1352275,0.9863083,-0.1138365,-0.06982519,-0.09675618
271572,0.0166665,49.5263976510614,1.028143,0.5658051,-0.242707,0.5449143,-0.06052274,0.7773056,0.3085474,1,0.816862642765045,0.3964327,0.08209831,0.1357391,0.9853138,-0.1122696,-0.07241251,-0.1063421
271572,0.0166671,49.543064750731,1.02578,0.5662075,-0.243408,0.5437064,-0.05746275,0.7804304,0.3033312,1,0.844726860523224,0.397707,0.07814282,0.1368051,0.9840229,-0.1093823,-0.07584654,-0.1182448
271572,0.0166669,49.5597316510975,1.022116,0.56686,-0.2444781,0.5393399,-0.05189738,0.7867892,0.2956043,1,0.864845871925354,0.3984081,0.07578009,0.1372075,0.9834301,-0.1069086,-0.07690256,-0.124586
271572,0.0166669,49.5763985514641,1.019689,0.5669144,-0.2444625,0.5368222,-0.04577759,0.7903826,0.291585,1,0.900342106819153,0.3994782,0.07211572,0.13786,0.982479,-0.1007756,-0.08054635,-0.1345048
271572,0.0166669,49.5930654518306,1.015781,0.5671809,-0.2448922,0.5335894,-0.04050782,0.7944899,0.2871017,1,0.938695251941681,0.3994626,0.06968874,0.1379144,0.9813941,-0.09837972,-0.08511574,-0.1412176
271594,0.0166678,49.6097332518548,1.013618,0.5679133,-0.2454608,0.5329336,-0.03779511,0.7961729,0.2840108,1,0.950055658817291,0.3998924,0.06578141,0.1381809,0.9804004,-0.09478733,-0.08916225,-0.1479201
271594,0.0166663,49.6263995524496,1.009187,0.5689098,-0.2468241,0.5315394,-0.02946216,0.7992694,0.2788662,1,0.961861133575439,0.4004609,0.063618,0.1389133,0.9797503,-0.09376001,-0.09043526,-0.1520526
271594,0.0166669,49.6430664528161,1.006763,0.5691843,-0.2472231,0.5291644,-0.02188051,0.8025554,0.2746111,1,0.977738201618195,0.4018243,0.05918652,0.1399098,0.9779305,-0.09300198,-0.09571426,-0.1607522
271594,0.0166669,49.6597333531827,1.002395,0.5693721,-0.247582,0.5245314,-0.003707841,0.8092407,0.2645425,1,0.990434527397156,0.4022232,0.05676264,0.1401843,0.9762728,-0.09131853,-0.1012025,-0.1682571
271594,0.0166668,49.6764001529664,0.9998885,0.5693057,-0.2477171,-0.5220813,-7.592142E-05,-0.8113369,-0.26299,1,1,0.4025821,0.05239528,0.1403721,0.971907,-0.08869867,-0.1137918,-0.1859591
271594,0.0166667,49.6930668521672,0.9949428,0.5699562,-0.2479329,-0.5206503,-0.004536942,-0.8136172,-0.2587083,1,1,0.4027172,0.04988855,0.1403057,0.9710444,-0.08677814,-0.1173362,-0.1891417
271594,0.0166677,49.7097345516086,0.9922466,0.5706222,-0.2482578,-0.5193692,-0.005100116,-0.8152136,-0.2562352,1,1,0.402933,0.04494286,0.1409562,0.969707,-0.08521391,-0.1198212,-0.1950637
271594,0.016666,49.7264005523175,0.9868032,0.5720762,-0.2487575,-0.5174087,-0.006992728,-0.8186551,-0.249085,1,1,0.4032579,0.04224664,0.1416222,0.9693773,-0.08312409,-0.1198976,-0.1975417
271594,0.0166673,49.7430678531528,0.9839099,0.5727232,-0.2491478,-0.5150235,-0.008851588,-0.8211094,-0.2458697,1,1,0.4037576,0.03680319,0.1430762,0.9682615,-0.07908785,-0.1194653,-0.2047994
271594,0.0166667,49.7597345523536,0.9785016,0.5740598,-0.2495037,-0.5103801,-0.01479229,-0.8263004,-0.2377413,1,1,0.4041479,0.03390992,0.1437231,0.967549,-0.07602139,-0.1207795,-0.2085234
271594,0.0166674,49.7764019519091,0.9757652,0.5744833,-0.2496233,-0.5079569,-0.01981585,-0.8286016,-0.2345351,1,1,0.4045038,0.02850163,0.1450598,0.9653327,-0.07026078,-0.1243729,-0.2184663
271594,0.0166672,49.7930691521615,0.9703813,0.5758076,-0.2499827,-0.505513,-0.0283492,-0.8313898,-0.2290065,1,1,0.4046234,0.02576524,0.1454833,0.9637998,-0.06833793,-0.1281507,-0.223601
271594,0.0166662,49.8097353521734,0.967491,0.5768517,-0.2502092,-0.5047399,-0.02989873,-0.8325913,-0.2261312,1,1,0.4049827,0.02038127,0.1468076,0.9610711,-0.06688811,-0.1337052,-0.2323604
271594,0.0166673,49.8264026530087,0.961659,0.5786345,-0.2506785,-0.5024079,-0.03593338,-0.8353804,-0.2200792,1,1,0.4052093,0.01749098,0.1478517,0.9603158,-0.06563634,-0.1341043,-0.2355874
271594,0.0166671,49.8430697526783,0.9589146,0.5795735,-0.2510379,-0.5018306,-0.03706775,-0.8363087,-0.2176695,0.99148553609848,1,0.4056786,0.01165903,0.1496345,0.9579995,-0.06329183,-0.1374179,-0.2436135
271594,0.0166663,49.8597360532731,0.95323,0.5813272,-0.2516708,-0.5013969,-0.04011476,-0.8381374,-0.2109921,0.976432919502258,1,0.406038,0.008914649,0.1505735,0.9573734,-0.06227778,-0.137582,-0.2462291
271594,0.0166673,49.8764033541083,0.9505014,0.5819832,-0.2519946,-0.500759,-0.04371956,-0.8392799,-0.2072155,0.935279786586761,1,0.406671,0.003230035,0.1523272,0.9556223,-0.06069527,-0.137395,-0.2534262
271594,0.0166668,49.893070153892,0.9446808,0.5833454,-0.2528966,-0.4982357,-0.05394948,-0.8428274,-0.1961953,0.922970056533813,1,0.4069947,0.0005013943,0.1529832,0.9541253,-0.0600961,-0.138923,-0.2583287
271654,0.0166673,49.9097374547273,0.9422302,0.5835297,-0.2529627,-0.4970174,-0.05612031,-0.8438677,-0.1941947,0.887538492679596,1,0.4078967,-0.005319238,0.1543454,0.9496779,-0.05762887,-0.1434319,-0.2724301
271654,0.0166673,49.9264047555625,0.9368702,0.5845602,-0.253453,-0.4967542,-0.06118966,-0.845372,-0.186648,0.861063063144684,1,0.4079627,-0.007769823,0.1545297,0.9487576,-0.05650916,-0.1448463,-0.2751098
271654,0.0166664,49.9430711548775,0.9342767,0.5850388,-0.2536967,-0.4952815,-0.06312507,-0.8467008,-0.1838734,0.845663905143738,1,0.408453,-0.01312983,0.1555602,0.9460914,-0.05572651,-0.1457076,-0.2838573
271654,0.0166668,49.9597379546613,0.9290038,0.5858831,-0.2539154,-0.4941767,-0.06654834,-0.848424,-0.1775881,0.835903167724609,1,0.4086968,-0.01572329,0.1560388,0.9450603,-0.0540231,-0.1467267,-0.2870784
271654,0.0166669,49.9764048550278,0.9262745,0.5861512,-0.2541157,-0.4938259,-0.06938652,-0.8490851,-0.1742875,0.825969099998474,1,0.4089155,-0.02099615,0.1568831,0.9429674,-0.05217991,-0.147228,-0.2939621
271672,0.0166667,49.9930715542287,0.9211918,0.5864557,-0.2547333,-0.4935066,-0.07331466,-0.8502445,-0.1678119,0.821770131587982,1,0.4091159,-0.02372545,0.1571512,0.9415591,-0.05186738,-0.1481739,-0.2980282
271672,0.0166686,50.0097401533276,0.9185131,0.5863767,-0.2550904,-0.4927507,-0.07858543,-0.8511844,-0.1628078,0.804581940174103,1,0.4097335,-0.02880824,0.1574557,0.9392161,-0.05103737,-0.1485866,-0.3052712
271672,0.0166659,50.0264060534537,0.9140629,0.5865602,-0.2559377,-0.4905577,-0.08535028,-0.8528373,-0.1572803,0.799493312835693,1,0.4100904,-0.03148687,0.1573767,0.9367176,-0.05075349,-0.1508432,-0.3118182
271672,0.0166659,50.0430719535798,0.9118218,0.5864615,-0.2563488,-0.4891534,-0.08719486,-0.8537353,-0.1557632,0.796789169311523,1,0.4109378,-0.03593707,0.1575602,0.9336004,-0.04941651,-0.1546795,-0.3194099
271672,0.0166673,50.059739254415,0.9076826,0.5862306,-0.2572767,-0.486428,-0.09016859,-0.8555847,-0.1524218,0.796414732933044,1,0.4113489,-0.03817821,0.1574614,0.9327204,-0.04820897,-0.1560981,-0.3214685
271672,0.0166666,50.0764058548957,0.9055122,0.5861183,-0.2579376,-0.485145,-0.09173818,-0.8564969,-0.150438,0.786149144172668,1,0.4122768,-0.04231739,0.1572306,0.9310895,-0.04551896,-0.158214,-0.3255284
271672,0.0166673,50.093073155731,0.9012364,0.5859623,-0.2592753,-0.4820101,-0.09623954,-0.858771,-0.1446269,0.784966766834259,1,0.4129376,-0.04448777,0.1571183,0.9301748,-0.0442031,-0.1591599,-0.3278552
271694,0.0166668,50.1097399555147,0.8991868,0.5859206,-0.260075,-0.4820164,-0.09753326,-0.8593823,-0.1400343,0.789042711257935,1,0.4142754,-0.04876369,0.1569623,0.9274957,-0.04098949,-0.1615525,-0.3346229
271694,0.0166675,50.126407455653,0.8958451,0.5847253,-0.2612205,-0.4799432,-0.09780147,-0.8612882,-0.1351743,0.787738800048828,1,0.4150751,-0.05081314,0.1569206,0.926101,-0.04016318,-0.1605496,-0.3390394
271694,0.0166669,50.1430743560195,0.8941032,0.5842524,-0.2617056,-0.47988,-0.09664045,-0.8618853,-0.1323997,0.782508790493011,1,0.4162205,-0.05415493,0.1557253,0.9248777,-0.03668821,-0.1596216,-0.3431854
271694,0.0166659,50.1597402561456,0.8909303,0.5828081,-0.2627342,-0.4783027,-0.09965657,-0.8629977,-0.1285704,0.779772877693176,1,0.4167057,-0.05589682,0.1552524,0.924603,-0.03535481,-0.1575664,-0.3450103
271694,0.0166668,50.1764070559293,0.8893322,0.5819554,-0.2631377,-0.4777189,-0.1004628,-0.86374,-0.1250814,0.790538907051086,1,0.4177343,-0.05906969,0.1538081,0.9227526,-0.03381768,-0.1589287,-0.3494649
271694,0.0166671,50.1930741555989,0.8867071,0.5802627,-0.2643529,-0.4733474,-0.1045606,-0.8664882,-0.1191959,0.789808690547943,1,0.4181378,-0.06066781,0.1529554,0.9216739,-0.03253754,-0.1582932,-0.3527066
271694,0.0166672,50.2097413558513,0.8853816,0.5797683,-0.2650079,-0.4715592,-0.1062267,-0.8674782,-0.1175986,0.781887710094452,1,0.4193531,-0.06329292,0.1512627,0.9188499,-0.02797727,-0.1608674,-0.3592407
271694,0.016667,50.226408354938,0.882812,0.5784686,-0.2660699,-0.4696519,-0.1081501,-0.8692471,-0.1101824,0.784727334976196,1,0.420008,-0.06461841,0.1507683,0.9178734,-0.02634654,-0.1622621,-0.3612275
271694,0.0166672,50.2430755551904,0.8816004,0.5779305,-0.2665001,0.4682406,0.1058329,0.8705581,0.1080677,0.771092236042023,1,0.42107,-0.06718796,0.1494686,0.9153731,-0.02308695,-0.1613487,-0.368138
271694,0.0166666,50.2597421556711,0.8794063,0.5768902,-0.2674259,-0.4669969,-0.100989,-0.8722158,-0.1046658,0.767484664916992,1,0.4215001,-0.06839961,0.1489304,0.9155077,-0.02010481,-0.1593195,-0.3688615
271694,0.0166663,50.2764084562659,0.8785878,0.5763102,-0.2679271,0.4654959,0.09941505,0.8733759,0.1031738,0.764754176139832,1,0.422426,-0.07059366,0.1478902,0.9160921,-0.01593484,-0.154726,-0.369569
271694,0.0166672,50.2930756565183,0.8769008,0.5759035,-0.2692068,-0.4638765,-0.09259935,-0.8756495,-0.09737557,0.759448528289795,1,0.4229272,-0.07141215,0.1473102,0.9161219,-0.01334631,-0.1535687,-0.3700801
271694,0.016667,50.3097426556051,0.8761171,0.5757502,-0.2696133,0.4627034,0.08899502,0.8771227,0.09295975,0.718335449695587,1,0.4242069,-0.0730992,0.1469035,0.9166077,-0.007389381,-0.1465744,-0.3718761
271694,0.016667,50.3264096546918,0.874644,0.5747527,-0.2700738,0.4586894,0.0858429,0.8808163,0.07998519,0.627323687076569,1,0.4246134,-0.07388288,0.1467502,0.9164595,-0.003572128,-0.1424136,-0.3739085
271694,0.0169291,50.3433387540281,0.8737026,0.5743161,-0.2704729,0.4578329,0.08465359,0.8821709,0.07069264,0.284269839525223,0.379346638917923,0.4250739,-0.07535595,0.1457527,0.9136504,0.005206159,-0.1360751,-0.3830137
271694,0.0166675,50.3600062541664,0.8730754,0.5738568,-0.2705373,0.4580238,0.08574056,0.8825245,0.06335071,0,0,0.425473,-0.07629746,0.1453161,0.911339,0.008937374,-0.1313909,-0.3900228
271694,0.0166673,50.3766735550016,0.8720125,0.5730072,-0.2710296,0.4583781,0.087646,0.8831027,0.04834866,0,0,0.4255374,-0.07692462,0.1448568,0.9089178,0.01016627,-0.1288209,-0.3964471
271694,0.0166659,50.3933394551277,0.8716125,0.5726607,-0.2714487,-0.4581565,-0.08483513,-0.883642,-0.04552704,0,0,0.4260297,-0.07798749,0.1440071,0.903909,0.01274747,-0.1233034,-0.4093682
271754,0.0166681,50.4100075550377,0.8710027,0.5724751,-0.2714115,0.458279,0.08140121,0.8841306,0.04083397,0,0,0.4264488,-0.07838744,0.1436607,0.9038563,0.01476163,-0.1199763,-0.4104043
271754,0.0166662,50.4266737550497,0.8705741,0.5719212,-0.271619,0.4573868,0.08154331,0.8847458,0.03705479,0,0,0.4264116,-0.07899731,0.1434751,0.9034093,0.01710459,-0.1151557,-0.4126722
271754,0.0166678,50.4433415550739,0.8704916,0.5714854,-0.2716448,-0.4563448,-0.07971859,-0.8854992,-0.03585623,0,0,0.4266191,-0.07942587,0.1429212,0.9021298,0.01886065,-0.113944,-0.4157197
271754,0.0166668,50.4600083548576,0.8705865,0.5708528,-0.2716799,0.4551148,0.07704055,0.8864609,0.03350138,0,0,0.4266449,-0.07950836,0.1424854,0.9022118,0.02092314,-0.1124797,-0.4158419
271754,0.0166662,50.4766745548695,0.8707887,0.5704573,-0.2716293,-0.4546928,-0.07510266,-0.8868861,-0.03236304,0,0,0.42668,-0.07941347,0.1418528,0.9021521,0.02377728,-0.1099168,-0.4165027
271754,0.016667,50.4933415539563,0.8712458,0.5696864,-0.2715206,0.4547055,0.07297619,0.887085,0.03158915,0,0,0.4266295,-0.07921129,0.1414573,0.9023122,0.02522697,-0.1081054,-0.416545
271772,0.017513,50.5108545534313,0.8714627,0.569383,-0.2715916,-0.4552091,-0.07238911,-0.8869176,-0.03036097,0,0,0.4265208,-0.07875425,0.1406864,0.9026657,0.02621673,-0.1061164,-0.4162291
271772,0.0166663,50.5275208540261,0.8722877,0.5686741,-0.271388,-0.4555855,-0.07104843,-0.8868551,-0.02969896,0,0,0.4265917,-0.07853729,0.140383,0.9024704,0.02621415,-0.104871,-0.4169679
271772,0.016667,50.5441878531128,0.8728101,0.568396,-0.271372,0.4554832,0.07037071,0.8869646,0.02961425,0,0,0.4263881,-0.07771236,0.1396741,0.9026578,0.02649955,-0.103367,-0.4169197
271772,0.0166668,50.5608546528965,0.8739109,0.5676453,-0.2711526,-0.4551514,-0.06927378,-0.8872296,-0.02936263,0,0,0.4263721,-0.07718986,0.139396,0.9028131,0.02688482,-0.1028557,-0.4166851
271772,0.0166684,50.5775230526924,0.8745701,0.5670956,-0.2710189,-0.4546213,-0.06941415,-0.8874997,-0.02907681,0,0,0.4261526,-0.07608908,0.1386453,0.9030159,0.02770445,-0.1020515,-0.4163897
271772,0.0166658,50.5941888522357,0.8755581,0.5661722,-0.2707874,0.4540707,0.06875569,0.8878711,0.02788702,0,0,0.4260189,-0.07542986,0.1380956,0.90285,0.02825905,-0.1022706,-0.4166583
271794,0.0166671,50.6108559519053,0.8765427,0.5653938,-0.270658,0.4529664,0.06883617,0.888458,0.02693962,0,0,0.4257875,-0.07444185,0.1371722,0.9026126,0.02935068,-0.1014705,-0.4172923
271794,0.0166659,50.6275218520314,0.8770431,0.564931,-0.2706285,0.4526052,0.06884621,0.8886527,0.02655441,0,0,0.4256582,-0.0734573,0.1363938,0.9022094,0.03066754,-0.1016017,-0.4180368
271794,0.0166677,50.6441895514727,0.8776469,0.5643363,-0.2704735,-0.452128,-0.06849914,-0.8889325,-0.02621732,0,0,0.4256285,-0.07295686,0.135931,0.9020572,0.03112147,-0.1015973,-0.4183328
271794,0.0166665,50.6608560513705,0.8785512,0.5633087,-0.2700542,-0.4514918,-0.06865039,-0.8892797,-0.02498136,0,0,0.4254736,-0.07235307,0.1353363,0.9020113,0.03181975,-0.1013943,-0.4184284
271794,0.0166679,50.6775239519775,0.8790072,0.5627025,-0.2698312,0.4511334,0.06739534,0.8895848,0.02398863,0,0,0.4250543,-0.07144874,0.1343087,0.9015236,0.03269571,-0.1012314,-0.4194502
271794,0.0166662,50.6941901519895,0.8796966,0.5616651,-0.2694809,-0.4508176,-0.06544612,-0.8899292,-0.02250577,0,0,0.4248313,-0.07099277,0.1337025,0.901522,0.03377045,-0.09997483,-0.4196697
271794,0.0166673,50.7108574528247,0.880105,0.5609778,-0.2692513,0.4505663,0.06486148,0.8901155,0.0218523,0,0,0.424481,-0.07030338,0.1326651,0.9015511,0.03517764,-0.09793903,-0.4199715
271794,0.0166668,50.7275242526084,0.8805344,0.5602332,-0.2691822,-0.4503168,-0.06375847,-0.8903306,-0.02147667,0,0,0.4242515,-0.06989497,0.1319778,0.9014792,0.03580645,-0.09730329,-0.4202205
271794,0.0166665,50.7441907525063,0.8807174,0.5599481,-0.2691186,0.4497887,0.0636628,0.8906055,0.02143018,0,0,0.4241824,-0.06946558,0.1312331,0.9016395,0.03656721,-0.09639692,-0.4200199
271794,0.0166672,50.7608579527587,0.8808712,0.5595955,-0.2689373,-0.4490445,-0.06315855,-0.891023,-0.02117424,0,0,0.4241187,-0.06928259,0.1309481,0.9016126,0.03715284,-0.0965434,-0.4199927
271794,0.0166668,50.7775247525424,0.8809973,0.5593839,-0.2687832,0.4488261,0.06276369,0.8911627,0.02109741,0,0,0.4239374,-0.06912881,0.1305955,0.901612,0.0381617,-0.09637783,-0.4199413
271794,0.0166668,50.7941915523261,0.8812108,0.5591782,-0.2686193,-0.448796,-0.06221768,-0.8912187,-0.02099025,0,0,0.4237833,-0.06900269,0.1303839,0.9016783,0.03855199,-0.09613879,-0.4198182
271794,0.0166671,50.8108586519957,0.881434,0.5590775,-0.2685074,-0.4488655,-0.06136388,-0.8912448,-0.02090393,0,0,0.4236194,-0.06878918,0.1301782,0.9017892,0.03881476,-0.09568354,-0.4196599
271794,0.0166663,50.8275249525905,0.8818235,0.5589012,-0.2683042,0.448887,0.06044504,0.8912876,0.0212926,0,0,0.4235075,-0.06856602,0.1300775,0.9019972,0.03908798,-0.09495582,-0.4193526
271794,0.0166671,50.84419205226,0.8819957,0.5588677,-0.2682184,0.4488368,0.06032027,0.8913181,0.02142648,0,0,0.4233043,-0.06817645,0.1299012,0.902375,0.03932628,-0.09441946,-0.4186381
271794,0.0166671,50.8608591519296,0.8821505,0.5586843,-0.2680954,-0.4488023,-0.06077746,-0.8913071,-0.02131663,0,0,0.4232185,-0.06800431,0.1298677,0.902449,0.03939415,-0.09440835,-0.4184746
271794,0.0166669,50.8775260522962,0.8821894,0.5585136,-0.2680295,0.4487564,0.06140094,0.8912842,0.02145448,0,0,0.4230955,-0.06784946,0.1296843,0.9022869,0.03928097,-0.09472478,-0.4187631
271794,0.016668,50.8941940516233,0.8823472,0.5582803,-0.2679612,0.4488733,0.06150812,0.8912134,0.02164536,0,0,0.4230296,-0.0678106,0.1295136,0.9021603,0.03905964,-0.09528862,-0.4189286
271854,0.0166661,50.9108601510525,0.8826298,0.5583234,-0.26799,-0.4493832,-0.06044321,-0.8910134,-0.02228313,0,0,0.4229613,-0.06765276,0.1292803,0.9022026,0.03885636,-0.09540584,-0.4188298
271854,0.0166665,50.9275266509503,0.8836576,0.5588868,-0.2681023,0.4499706,0.05931512,0.8907386,0.02435167,0,0,0.4229901,-0.06737024,0.1293234,0.9027368,0.03859536,-0.09464914,-0.4178734
271854,0.0166671,50.9441937506199,0.8844239,0.5594559,-0.2681841,-0.4504182,-0.0578508,-0.8905638,-0.02594344,0,0,0.4231023,-0.06634241,0.1298868,0.9037595,0.03795061,-0.09446857,-0.4157574
271854,0.0166671,50.9608608502895,0.8862931,0.5606397,-0.2682353,0.4509102,0.05626341,0.8903091,0.02939773,0,0,0.4231843,-0.06557614,0.1304559,0.9047023,0.03768218,-0.09387193,-0.4138621
271854,0.0166665,50.9775273501873,0.8877887,0.5614771,-0.2682235,-0.4512367,-0.05510003,-0.8900837,-0.03317261,0,0,0.4232355,-0.06370693,0.1316397,0.9062774,0.03698105,-0.09401684,-0.4104321
271854,0.016667,50.994194349274,0.890908,0.5631204,-0.2682108,0.4523179,0.05123457,0.8894439,0.04090352,0,0,0.4232237,-0.06221133,0.1324771,0.9078177,0.03620625,-0.09470758,-0.4069234
271872,0.0166695,51.0108638498932,0.8934951,0.5641775,-0.2679631,-0.4525703,-0.04790527,-0.8891581,-0.04778426,0,0,0.4232109,-0.05909199,0.1341204,0.9113466,0.03472841,-0.09477853,-0.399072
271872,0.0166646,51.027528449893,0.8990201,0.5653701,-0.2669974,0.4544308,0.03128619,0.8880336,0.06253183,0,0,0.4229632,-0.05650491,0.1351775,0.9143536,0.0340633,-0.09523692,-0.3920806
271872,0.0166675,51.0441959500313,0.9025986,0.5662717,-0.2664036,-0.4542735,-0.01430418,-0.8877851,-0.0725859,0,0,0.4219975,-0.05097991,0.1363701,0.9230696,0.03466078,-0.08822036,-0.3727712
271872,0.0166668,51.060862749815,0.9091924,0.5668184,-0.2635377,0.4520573,-0.02111506,0.8870876,0.09096161,0,0,0.4214037,-0.04740137,0.1372717,0.9299759,0.03839183,-0.07961678,-0.3568363
271872,0.0166667,51.0775294490159,0.9136699,0.5668813,-0.261766,-0.4477244,0.05092868,-0.8865261,-0.1049807,0,0,0.4185379,-0.0408076,0.1378184,0.9424557,0.04813114,-0.06107732,-0.3251618
271872,0.0166667,51.0941961482167,0.921122,0.5660558,-0.2578345,-0.4350803,0.1123735,-0.8825204,-0.138691,0,0,0.416766,-0.03633004,0.1378813,0.9513236,0.058588,-0.04565821,-0.2991091
271894,0.0166687,51.1108648478985,0.925463,0.566775,-0.2561932,0.4289523,-0.1455504,0.878471,0.1519989,0,0,0.4128346,-0.02887803,0.1370558,0.9673072,0.08067331,-0.01680537,-0.2398466
271894,0.0166656,51.1275304481387,0.9333195,0.5671753,-0.2527543,0.4100718,-0.1990977,0.8704259,0.1859033,0,0,0.4111933,-0.02453703,0.137775,0.9730852,0.09222905,0.001712904,-0.2111777
271894,0.016669,51.1441994477063,0.9382877,0.5673083,-0.2508014,0.399735,-0.2192674,0.8671527,0.2004501,0,0,0.4077544,-0.01668048,0.1381753,0.9813451,0.114525,0.0229956,-0.1526991
271894,0.0166646,51.1608640477061,0.9466938,0.5676445,-0.2482657,0.3862751,-0.289087,0.8453817,0.2292381,0,0,0.4058015,-0.01171231,0.1383083,0.9833758,0.1249513,0.02911367,-0.1284974
271894,0.0166668,51.1775308474898,0.9512451,0.5679545,-0.2471153,0.3789994,-0.331606,0.82882,0.2438326,0,0,0.4032659,-0.00330615,0.1386445,0.9851643,0.1433493,0.07039432,-0.06282485
271894,0.0166668,51.1941976472735,0.9592724,0.5671262,-0.2449411,0.3612382,-0.4262112,0.7828244,0.2739291,0.00684602558612823,0,0.4021153,0.001245141,0.1389545,0.9830751,0.1529239,0.09794243,-0.02418347
271894,0.0166688,51.2108664475381,0.9634753,0.5663375,-0.2439195,0.3521086,-0.4930193,0.7414685,0.2884025,0.102901168167591,0.0161887761205435,0.3999411,0.009272456,0.1381261,0.9697006,0.1716998,0.1617832,0.06345197
271894,0.0166657,51.2275321483612,0.9698771,0.5650121,-0.2415094,0.3328936,-0.5811901,0.6761823,0.3068837,0.143702507019043,0.341830730438232,0.3989196,0.0134753,0.1373375,0.9525421,0.1796059,0.2131447,0.1223716
271894,0.0166668,51.2441989481449,0.9729638,0.563948,-0.2395804,0.3159513,-0.6273889,0.6366314,0.3182118,0.147720545530319,0.633874893188477,0.3965095,0.01987714,0.1360121,0.9179439,0.1907841,0.2810489,0.2049197
271894,0.0166668,51.2608657479286,0.9773915,0.5632468,-0.2356439,0.3016478,-0.6646099,0.6010503,0.3256392,0.128258571028709,0.727980256080627,0.3945805,0.02296376,0.1349479,0.8929881,0.1991727,0.3146283,0.2528073
271894,0.0166671,51.2775328475982,0.980221,0.5638245,-0.2338727,0.2979195,-0.6834317,0.5811338,0.3262649,0.145288243889809,0.897645950317383,0.390644,0.02739149,0.1342468,0.8690748,0.2050744,0.3430546,0.2914912
271894,0.016667,51.2941998466849,0.9846092,0.5662477,-0.2318798,0.2901892,-0.7064983,0.5556315,0.3285183,0.144449710845947,0.946112871170044,0.3888728,0.03022099,0.1348245,0.8560252,0.2050921,0.3605274,0.3085096
271894,0.0166709,51.3108707461506,0.9869578,0.5670727,-0.2306793,-0.2760337,0.7210072,-0.5426333,-0.3309129,0.17765699326992,0.986385703086853,0.3868799,0.03460926,0.1372477,0.8382145,0.2067568,0.3803841,0.3315963
271894,0.0166643,51.3275350462645,0.9908202,0.5674778,-0.2287095,0.2581096,-0.7358334,0.5281707,0.3361019,0.181690245866776,0.971698045730591,0.3856794,0.0369578,0.1380727,0.8253911,0.2162948,0.3885278,0.3478396
271894,0.016666,51.3442010469735,0.9927732,0.5680479,-0.2277074,-0.2519442,0.7394144,-0.5245833,-0.3385305,0.160906121134758,1,0.3837096,0.04082024,0.1384778,0.8106989,0.2276054,0.3946213,0.3677459
271894,0.0166669,51.36086794734,0.9955782,0.5693065,-0.2268495,0.2472833,-0.7434705,0.5203011,0.3396901,0.162610054016113,1,0.3827075,0.04277319,0.1390479,0.8066269,0.2314771,0.3949259,0.3739052
271894,0.0166671,51.3775350470096,0.9974462,0.5700948,-0.2264594,-0.2459603,0.7443761,-0.5196676,-0.3396374,0.150987342000008,1,0.3818496,0.04557818,0.1403065,0.8023754,0.2342854,0.3968693,0.3792081
271894,0.0166668,51.3942018467933,1.000696,0.5702629,-0.2260309,-0.2459003,0.7456133,-0.5187747,-0.3383294,0.14919276535511,1,0.3814595,0.04744631,0.1410948,0.8014387,0.2353519,0.3972808,0.3800968
271954,0.0166672,51.4108690470457,1.002135,0.5698501,-0.2254892,-0.2449266,0.7469239,-0.5177419,-0.3377263,0.147245779633522,1,0.381031,0.05069584,0.1412629,0.8005245,0.2356951,0.3990341,0.3799739
271954,0.0166676,51.4275366477668,1.004521,0.5695169,-0.2247605,-0.2469614,0.7471883,-0.5170151,-0.3367717,0.142505094408989,0.985100865364075,0.3804893,0.05213481,0.1408501,0.7993346,0.2365613,0.4002283,0.3806841
271954,0.0166664,51.4442030470818,1.006055,0.5691278,-0.224128,-0.2487024,0.7458953,-0.51829,-0.3363972,0.140901923179626,0.943963885307312,0.3797606,0.05452102,0.1405169,0.7994419,0.2349262,0.4017463,0.3798715
271954,0.0166668,51.4608698468655,1.008348,0.5691529,-0.2234346,0.2517129,-0.7424613,0.5215194,0.3367631,0.143866971135139,0.907485604286194,0.3791281,0.05605477,0.1401278,0.800844,0.23379,0.4012372,0.3781533
271954,0.0166658,51.4775356464088,1.009395,0.569211,-0.2231712,-0.2517259,0.7422732,-0.521512,-0.3371792,0.161026984453201,0.86404275894165,0.3784347,0.058348,0.1401528,0.8041644,0.2316681,0.3987226,0.37506
271954,0.0166675,51.4942031465471,1.011269,0.568495,-0.222257,-0.2499406,0.7444605,-0.5180896,-0.3389568,0.1631770581007,0.846306502819061,0.3781713,0.05939466,0.140211,0.8042685,0.2314989,0.3983868,0.3752978
271972,0.0166672,51.5108703467995,1.012279,0.5679514,-0.2215534,0.2511736,-0.7458428,0.5146017,0.3403167,0.165236964821815,0.840555906295776,0.3772571,0.0612691,0.139495,0.8018446,0.2316729,0.3993905,0.3792891
271972,0.0166667,51.5275370460004,1.014505,0.5669084,-0.2203999,-0.25516,0.7454494,-0.5117627,-0.3424876,0.154474645853043,0.823371171951294,0.3765535,0.06227857,0.1389514,0.8004607,0.2292624,0.4010222,0.3819458
271972,0.0166685,51.5442055463791,1.015704,0.5665832,-0.2200004,-0.2593713,0.7436237,-0.5115458,-0.3436149,0.156745836138725,0.80296117067337,0.3753999,0.06450528,0.1379084,0.8007692,0.2242052,0.4017,0.3835855
271972,0.0166656,51.5608711466193,1.017678,0.5654311,-0.2193109,-0.267199,0.7399687,-0.5128518,-0.3435612,0.159880116581917,0.799624443054199,0.3750005,0.06570381,0.1375832,0.802564,0.2199258,0.4012536,0.3827782
271972,0.0166668,51.577537946403,1.018909,0.5647199,-0.2188693,-0.2728906,0.7361976,-0.5156369,-0.3430198,0.159650713205338,0.84391862154007,0.374311,0.06767768,0.1364311,0.8064353,0.2131451,0.400853,0.3788774
271972,0.0166668,51.5942047461867,1.020492,0.5635914,-0.2180408,0.2815131,-0.7276622,0.5232372,0.3427551,0.162560686469078,0.846993327140808,0.3738694,0.06890887,0.1357199,0.8102723,0.2087946,0.3995266,0.3744892
271994,0.0166674,51.6108721457422,1.021441,0.5631782,-0.2177895,-0.2913934,0.7146132,-0.5356433,-0.3427891,0.17333747446537,0.852198779582977,0.3730409,0.07049221,0.1345914,0.8183154,0.2026829,0.3943136,0.365782
271994,0.0166667,51.627538844943,1.022825,0.5626103,-0.2174169,0.3116391,-0.6831368,0.5666823,0.3392292,0.186937376856804,0.791356265544891,0.3727896,0.07144135,0.1341782,0.829837,0.1961986,0.3848207,0.3532559
271994,0.0166674,51.6442062444985,1.023689,0.56249,-0.2174202,-0.3209375,0.6714176,-0.576784,-0.3369241,0.189059376716614,0.677647173404694,0.372417,0.07282513,0.1336103,0.8555588,0.1846771,0.3621367,0.3205784
271994,0.016666,51.6608722452074,1.0247,0.5618477,-0.2172974,-0.3272093,0.6656768,-0.580372,-0.3361205,0.183352708816528,0.594475269317627,0.3724203,0.07368857,0.13349,0.8644783,0.1785406,0.3550761,0.3077686
271994,0.0166672,51.6775394454598,1.02513,0.5613068,-0.2173606,0.3288182,-0.6660178,0.5791472,0.3359876,0.163144901394844,0.484846979379654,0.3722975,0.07469982,0.1328477,0.8686975,0.1734831,0.3523568,0.3018495
271994,0.0166666,51.6942060459405,1.025567,0.5607296,-0.2175209,-0.3302718,0.6705121,-0.5734305,-0.3354277,0.149051517248154,0.405415326356888,0.3723606,0.07512981,0.1323068,0.8685177,0.1717974,0.3535106,0.3019818
271994,0.016669,51.7108750455081,1.025601,0.5606117,-0.2174624,0.3314486,-0.6733537,0.5695909,0.3351162,0.113344676792622,0.158661618828774,0.372521,0.07556683,0.1317296,0.8654978,0.16967,0.3590373,0.305316
271994,0.0166653,51.7275403458625,1.025797,0.5605627,-0.217198,0.3343681,-0.6734895,0.5682182,0.3342725,0.107216276228428,0.114918366074562,0.3724625,0.07560128,0.1316117,0.8635475,0.1680085,0.3626501,0.3074797
271994,0.0166677,51.7442080453038,1.025942,0.5607846,-0.2171516,0.3371618,-0.6728379,0.567908,0.3333043,0.0971875786781311,0.05210230499506,0.3721981,0.0757975,0.1315627,0.8635729,0.1653097,0.364463,0.3067267
271994,0.0166665,51.7608745452017,1.026085,0.560634,-0.216892,-0.3403173,0.6736472,-0.5658212,-0.3320089,0.0920861512422562,0.0348537787795067,0.3721517,0.0759421,0.1317846,0.8641581,0.1629594,0.3654433,0.305166
271994,0.0166665,51.7775410450995,1.026249,0.5604789,-0.2166555,-0.3412667,0.6733139,-0.5657915,-0.3317615,0.0812638476490974,0.00951048545539379,0.3718921,0.07608491,0.131634,0.8637233,0.1600739,0.368232,0.3045711
271994,0.0166665,51.7942075449973,1.026734,0.5601199,-0.2162653,-0.3441866,0.6733365,-0.5646507,-0.3306406,0.0807668194174767,0.00290332641452551,0.3716556,0.07624918,0.1314789,0.8639855,0.159254,0.3684229,0.304026
271994,0.0166673,51.8108748458326,1.027201,0.5597752,-0.2159549,-0.3463221,0.6721096,-0.565123,-0.3300995,0.085512638092041,0,0.3712654,0.07673448,0.1311199,0.864072,0.156684,0.3702267,0.3029223
271994,0.0166666,51.8275414463133,1.028288,0.5591063,-0.2155139,-0.350181,0.6689,-0.566499,-0.3301898,0.0889678150415421,0,0.370955,0.07720095,0.1307752,0.8649864,0.1549226,0.3701583,0.301298
271994,0.016685,51.8442264460027,1.029113,0.5586603,-0.2153448,-0.3530852,0.6662399,-0.5680993,-0.3297253,0.0962414368987083,0,0.370514,0.0782885,0.1301063,0.8672038,0.1514075,0.3686447,0.2985539
271994,0.0166681,51.8608945459127,1.030593,0.5576986,-0.2151284,-0.3568308,0.6629763,-0.5695386,-0.329788,0.0928797423839569,0,0.3703449,0.07911271,0.1296603,0.8690771,0.1490563,0.3674405,0.2957611
271994,0.0166651,51.8775596451014,1.031279,0.5569689,-0.2149974,-0.359235,0.6627755,-0.5683104,-0.3297,0.0879518687725067,0,0.3701285,0.08059281,0.1286986,0.8712702,0.1456469,0.3658445,0.2929728
271994,0.0166669,51.894226545468,1.032215,0.5557094,-0.2145489,0.3598859,-0.6638699,0.5663741,0.3301201,0.0815814733505249,0,0.3699975,0.08127862,0.1279689,0.8713578,0.1431385,0.3668302,0.2927159
272054,0.0166673,51.9108938463032,1.032597,0.5549405,-0.2142968,-0.3607048,0.6646667,-0.564675,-0.3305335,0.0665082260966301,0,0.369549,0.08221489,0.1267094,0.8705282,0.1420129,0.368137,0.2940886
272054,0.0166671,51.9275609459728,1.033128,0.5542556,-0.2140381,0.3633823,-0.6657186,0.5621299,0.3298215,0.0642093792557716,0,0.3692968,0.08259732,0.1259405,0.8698963,0.1407645,0.3692207,0.295198
272054,0.0166668,51.9442277457565,1.033432,0.5540674,-0.2139648,0.3647347,-0.6649273,0.5624057,0.3294545,0.0557419992983341,0,0.3690382,0.08312768,0.1252556,0.8691343,0.1379972,0.3718598,0.2954364
272054,0.016667,51.9608947448432,1.033948,0.5536889,-0.2138615,0.3678743,-0.662887,0.563311,0.3285272,0.0513584911823273,0,0.3689649,0.08343202,0.1250674,0.8696836,0.1368711,0.3718217,0.2943901
272054,0.0166669,51.9775616452098,1.034216,0.5532365,-0.2138389,0.3687805,-0.6622913,0.5634906,0.3284048,0.0515992492437363,0,0.3688615,0.08394808,0.1246889,0.871096,0.1343264,0.3715518,0.2917148
272072,0.0166664,51.9942280445248,1.034347,0.5523615,-0.2136346,0.369696,-0.6619672,0.5634196,0.3281506,0.051518265157938,0,0.368839,0.08421606,0.1242365,0.8714886,0.1335199,0.3714184,0.2910817
272072,0.0166671,52.0108951441944,1.034399,0.5519128,-0.2135757,-0.3702826,0.6623854,-0.5627031,-0.3278747,0.0496444143354893,0,0.3686346,0.08434743,0.1233615,0.8717023,0.1327119,0.371617,0.2905574
272072,0.0166668,52.0275619439781,1.034451,0.5514648,-0.213213,0.3718516,-0.6627597,0.561475,0.3274478,0.0465734973549843,0,0.3685758,0.08439857,0.1229128,0.8714098,0.1321226,0.3724327,0.2906586
272072,0.0166671,52.0442290436476,1.034595,0.5513742,-0.21303,0.3730033,-0.6624945,0.5612041,0.3271386,0.042027935385704,0,0.368213,0.08445054,0.1224648,0.8711138,0.1305419,0.3737369,0.290586
272072,0.0166668,52.0608958434314,1.034991,0.5515355,-0.2128556,0.3759226,-0.6611513,0.5615041,0.3259975,0.0423984751105309,0,0.3680301,0.08459467,0.1223742,0.8712751,0.1294879,0.3741328,0.2900644
272072,0.0166673,52.0775631442666,1.035147,0.5514014,-0.2127868,0.3768829,-0.6604218,0.561843,0.3257837,0.042350847274065,0,0.3678557,0.08499128,0.1225355,0.872187,0.1271216,0.3745636,0.2878058
272072,0.0166666,52.0942297447473,1.035434,0.5512134,-0.2131139,0.3799106,-0.658166,0.5629251,0.324963,0.0430818535387516,0,0.3677869,0.08514708,0.1224014,0.8726689,0.1263204,0.3743522,0.2869713
272094,0.0166674,52.1108971443027,1.035474,0.5510237,-0.2131821,0.3814024,-0.6569805,0.5635558,0.324521,0.041733093559742,0,0.368114,0.08543438,0.1222134,0.8741578,0.123848,0.3737866,0.2842418
272094,0.0166665,52.1275636442006,1.035352,0.5505128,-0.2129244,0.3827788,-0.6559069,0.5639825,0.324331,0.0397896654903889,0,0.3681822,0.08547443,0.1220237,0.8749387,0.1226579,0.3734463,0.2827989
272094,0.016668,52.1442316435277,1.035233,0.5503469,-0.2127426,0.3828348,-0.6559089,0.5638674,0.3244605,0.0367253348231316,0,0.3679245,0.085352,0.1215128,0.8756176,0.121447,0.37308,0.2817016
272094,0.0166656,52.160897243768,1.034719,0.5502106,-0.2122768,-0.382956,0.6563451,-0.5632038,-0.3245883,0.0360052175819874,0,0.3677427,0.08523327,0.1213468,0.8755992,0.121322,0.3730655,0.2818319
272094,0.0166702,52.1775674428791,1.03442,0.5501601,-0.2120599,-0.3829034,0.6569148,-0.5625042,-0.3247111,0.0354223400354385,0,0.3672768,0.084719,0.1212106,0.8752748,0.1210407,0.3735333,0.2823403
272094,0.0166649,52.1942323427647,1.033877,0.5503011,-0.2119112,0.3831036,-0.6577036,0.5613154,0.3249353,0.0354036875069141,0,0.3670599,0.08441955,0.12116,0.8748683,0.1209263,0.3740556,0.2829573
272094,0.0166667,52.2108990419656,1.033564,0.5503392,-0.2118911,-0.3835185,0.6580126,-0.5607744,-0.3247541,0.0387306585907936,0,0.3669113,0.08387715,0.1213011,0.8742793,0.1204394,0.3748959,0.2838716
272094,0.0166661,52.2275651413947,1.033037,0.5503154,-0.2119524,-0.3835605,0.6580035,-0.5606433,-0.3249494,0.0402689501643181,0,0.3668911,0.0835641,0.1213392,0.8740535,0.1200082,0.3754841,0.2839721
272094,0.0166669,52.2442320417613,1.032756,0.5501654,-0.2121195,0.383538,-0.6575392,0.5610946,0.3251365,0.0453541986644268,0,0.3669525,0.08303744,0.1213154,0.8740363,0.1198685,0.3754288,0.2841573
272094,0.0166674,52.2608994413167,1.032261,0.5497872,-0.2124253,-0.3835432,0.6570395,-0.5614722,-0.3254888,0.0507716313004494,0,0.3671196,0.08275622,0.1211654,0.8743439,0.1198952,0.3748719,0.2839349
272094,0.0166673,52.277566742152,1.032008,0.5495378,-0.2125906,-0.3833098,0.6565449,-0.5620723,-0.325726,0.0534586422145367,0,0.3674254,0.08226126,0.1207872,0.8746562,0.1198175,0.3742357,0.2838449
272094,0.0166665,52.2942332420498,1.03228,0.5488521,-0.2129753,0.3823443,-0.6562364,0.5626506,0.3264829,0.056946899741888,0,0.3675907,0.08200842,0.1205378,0.8749925,0.1200576,0.3735262,0.2836416
272094,0.0166697,52.310902941972,1.032542,0.5483876,-0.2131422,-0.3813926,0.6564572,-0.5627798,-0.3269291,0.0614679902791977,0,0.3679754,0.08227998,0.1198521,0.8751905,0.120813,0.3724698,0.2840986
272094,0.0166643,52.3275672420859,1.033028,0.547461,-0.2133982,0.380811,-0.6568855,0.5624684,0.3272826,0.0635167509317398,0,0.3681422,0.08254188,0.1193876,0.8750498,0.1215991,0.3720755,0.2847127
272094,0.0166673,52.3442345429212,1.033784,0.5465409,-0.2138972,-0.3798534,0.6571229,-0.5625644,-0.3277535,0.0657153427600861,0,0.3683982,0.0830279,0.1184609,0.8747497,0.1219814,0.3721111,0.2854241
272094,0.0166662,52.3609007429332,1.03421,0.5460792,-0.2140366,0.3799325,-0.6569079,0.5625936,0.3280427,0.0675408393144608,0,0.3688973,0.08378357,0.1175409,0.8745924,0.122757,0.3717233,0.2860781
272094,0.0166682,52.377568943426,1.034833,0.545668,-0.214003,-0.3812018,0.655237,-0.5638671,-0.3277252,0.068012923002243,0,0.3690367,0.0842101,0.1170792,0.8747061,0.1225712,0.3714409,0.2861769
272094,0.0166669,52.3942358437926,1.03585,0.545194,-0.2138984,0.3828243,-0.6533362,0.5651483,0.3274218,0.0639507248997688,0,0.3690031,0.08483297,0.116668,0.8758247,0.1216602,0.3704454,0.2844294
272094,0.0166673,52.4109031446278,1.036327,0.5449418,-0.2137629,0.3838143,-0.6522202,0.5659045,0.3271813,0.0635776594281197,0,0.3688985,0.08584958,0.116194,0.8770695,0.120393,0.3693845,0.2825063
272094,0.016666,52.4275691453367,1.037059,0.5445536,-0.2134916,-0.3861352,0.6490788,-0.567841,-0.3273425,0.0634903907775879,0,0.368763,0.08632666,0.1159418,0.8777993,0.1196352,0.3688029,0.2813188
272094,0.016667,52.4442361444235,1.037465,0.544446,-0.2133716,0.3872917,-0.6479024,0.5683844,0.3273636,0.0641857981681824,0,0.3684916,0.08705908,0.1155536,0.8797765,0.1175953,0.3666537,0.2788008
272094,0.0166668,52.4609029442072,1.038225,0.5443255,-0.2131826,0.3887017,-0.6468896,0.5687239,0.3271058,0.0647442042827606,0,0.3683717,0.08746535,0.115446,0.8804952,0.1165297,0.3660065,0.277828
272094,0.0166682,52.4775711447001,1.038655,0.5443655,-0.2130148,0.3887669,-0.6468813,0.568431,0.3275537,0.0645702704787254,0,0.3681827,0.08822459,0.1153255,0.8811111,0.1152876,0.3657499,0.2767291
272094,0.0166656,52.4942367449403,1.039407,0.5450629,-0.2124761,0.3889174,-0.6471837,0.5668446,0.3295208,0.0641080811619759,0,0.3680149,0.0886547,0.1153654,0.881066,0.1149997,0.3656201,0.2771638
272172,0.0166683,52.5109050441533,1.039796,0.5459785,-0.2120723,-0.3893422,0.6475605,-0.5652994,-0.3309302,0.0613668113946915,0,0.3674762,0.08940679,0.1160629,0.8806428,0.1138191,0.3653336,0.2793649
272172,0.0166656,52.5275706443936,1.039848,0.548563,-0.2115135,-0.3910804,0.6472992,-0.5621348,-0.3347602,0.0621381886303425,0,0.3670724,0.08979648,0.1169785,0.8802025,0.1125896,0.3654526,0.2810902
272172,0.0166683,52.5442389436066,1.039935,0.549996,-0.211007,0.3921908,-0.6464293,0.5616133,0.3360152,0.0613020099699497,0,0.3665136,0.08984762,0.119563,0.8798103,0.1088279,0.3647476,0.284692
272172,0.0166653,52.560904243961,1.040091,0.5523142,-0.2105677,0.3927876,-0.6454677,0.5594709,0.3407077,0.063335046172142,0,0.366007,0.08993512,0.120996,0.8801685,0.1071399,0.3639784,0.2852091
272172,0.0166677,52.5775719434023,1.040089,0.5538188,-0.2101332,0.3937674,-0.6449067,0.5574651,0.3439119,0.0774790048599243,0.00947223324328661,0.3655678,0.09009105,0.1233142,0.8801918,0.1043198,0.3617033,0.2890511
272172,0.016667,52.594238942489,1.039527,0.5573634,-0.2092503,-0.3972129,0.6397625,-0.5587723,-0.3474183,0.0839024633169174,0.022903511300683,0.3651333,0.09008926,0.1248188,0.8800705,0.1017254,0.3605413,0.291784
272194,0.0166813,52.6109202429652,1.039092,0.5591809,-0.2092164,-0.3966527,0.6397423,-0.5573237,-0.3504095,0.0928328558802605,0.0268791411072016,0.3642504,0.08952671,0.1283634,0.8828092,0.09708929,0.3557865,0.2909255
272194,0.0166646,52.627584842965,1.038826,0.5617707,-0.2088825,0.3928427,-0.6364097,0.5603685,0.3558715,0.0918045938014984,0.0595655255019665,0.3642164,0.08909231,0.1301809,0.8824478,0.09619588,0.3544918,0.2938842
272194,0.0166673,52.6442521438003,1.038498,0.5632976,-0.2089117,-0.3885956,0.6382844,-0.5588634,-0.359525,0.085753820836544,0.217027872800827,0.3638825,0.088826,0.1327707,0.8842286,0.09826204,0.3473437,0.2963728
272194,0.0166666,52.6609187442809,1.037922,0.565639,-0.2094091,0.3726687,-0.647043,0.5546049,0.3672423,0.0858482867479324,0.291103214025497,0.3639117,0.08849758,0.1342976,0.8827403,0.1007456,0.3459546,0.3015548
272194,0.0166861,52.6776048447937,1.038262,0.5665067,-0.2097828,-0.3617993,0.6544824,-0.5521712,-0.3685937,0.104503273963928,0.327004194259644,0.3644091,0.0879218,0.136639,0.8765397,0.1126045,0.3445958,0.3166261
272194,0.0166654,52.6942702438682,1.039108,0.5678502,-0.2099915,0.3382462,-0.6709277,0.5459302,0.3706829,0.112423993647099,0.203318774700165,0.364783,0.0882625,0.1375067,0.8716341,0.1222752,0.3465417,0.3243635
272194,0.0166696,52.7109398432076,1.039729,0.56852,-0.2101359,-0.3297842,0.6743376,-0.5475638,-0.3697096,0.122315086424351,0.0378191918134689,0.3649915,0.08910781,0.1388501,0.8600253,0.1430731,0.3516144,0.3409602
272194,0.0166647,52.7276045437902,1.040621,0.5708754,-0.2104576,-0.3180609,0.6721092,-0.5573401,-0.3694299,0.135727688670158,0,0.365136,0.08972877,0.1395199,0.8577502,0.1518621,0.3514456,0.3430575
272194,0.0166679,52.7442724443972,1.041196,0.572067,-0.2110482,-0.3124037,0.6667074,-0.5662863,-0.3704392,0.141152605414391,0,0.3654576,0.09062093,0.1418754,0.8593493,0.1649021,0.3436373,0.3409392
272194,0.0166661,52.7609385438263,1.043015,0.5747722,-0.2130413,0.3204419,-0.6357734,0.5966768,0.3702517,0.135630309581757,0,0.3660483,0.09119636,0.143067,0.8628938,0.1714194,0.3350286,0.3373212
272194,0.0166715,52.7776100430638,1.044055,0.5763577,-0.2144046,-0.3348128,0.6032677,-0.6214806,-0.3711206,0.111336670815945,0,0.3680414,0.09301478,0.1457722,0.883691,0.1686162,0.3070906,0.3104098
272194,0.0166636,52.7942736428231,1.04531,0.5792462,-0.2155133,0.3833327,-0.4830551,0.7010052,0.3581978,0.0898987054824829,0,0.3694047,0.09405524,0.1473577,0.9030984,0.1574652,0.2808392,0.2841609
272194,0.0166665,52.8109401427209,1.045624,0.5810103,-0.2159927,-0.4058482,0.3920139,-0.7490513,-0.347181,0,0.0676028728485107,0.3705134,0.09530956,0.1502462,0.9575377,0.117643,0.1923352,0.1796909
272194,0.0166687,52.8276088424027,1.046301,0.5829922,-0.2173261,0.421912,-0.2816861,0.7932461,0.3367552,0,0,0.3709928,0.09562451,0.1520103,0.9821448,0.09320545,0.1235763,0.1069258
272194,0.0166684,52.8442772421986,1.046598,0.5836327,-0.2183178,-0.4238677,0.2488104,-0.8035743,-0.3357053,0,0,0.3723262,0.09630066,0.1539922,0.9967452,0.06519021,0.0380238,0.02834532
272194,0.0166636,52.8609408419579,1.047601,0.5840192,-0.2200701,0.4245143,-0.2066639,0.8157637,0.3340768,0,0,0.3733179,0.09659797,0.1546327,0.9982618,0.05728645,0.01120086,0.008142043
272194,0.0166689,52.8776097428054,1.048321,0.5844032,-0.2209643,-0.4274355,0.178344,-0.8222386,-0.3307813,0,0,0.3750702,0.09760052,0.1550192,0.9984145,0.04818108,-0.02347271,-0.01721116
272194,0.0166651,52.894274841994,1.04965,0.585865,-0.2224155,0.4331748,-0.1207149,0.834506,0.3184138,0,0,0.3759643,0.0983215,0.1554032,0.9975702,0.0397898,-0.04450632,-0.03591409
272194,0.0166675,52.9109423421323,1.050068,0.5862543,-0.2230321,-0.4364691,0.09493458,-0.8380936,-0.3131796,0,0,0.3774156,0.09964973,0.156865,0.9930768,0.02367698,-0.08453628,-0.07804815
272194,0.0166668,52.927609141916,1.051048,0.5869151,-0.224292,0.4431251,-0.06429464,0.8407555,0.3043627,0,0,0.3780321,0.1000679,0.1572542,0.9900215,0.01494658,-0.1019188,-0.09615997
272194,0.016668,52.9442771412432,1.051516,0.5872352,-0.2248207,-0.4450569,0.05763875,-0.8412513,-0.3014939,0,0,0.3792921,0.1010483,0.1579151,0.985514,0.002237189,-0.1200646,-0.1197569
272194,0.0166672,52.9609443414956,1.052507,0.5875756,-0.2255825,-0.4467492,0.05487499,-0.8409263,-0.3004111,0,0,0.3798208,0.1015156,0.1582352,0.9843659,-0.0007362496,-0.123374,-0.1257064
272194,0.0166697,52.9776140414178,1.053074,0.5876461,-0.2258817,0.4476728,-0.05446814,0.8406181,0.2999726,0,0,0.3805826,0.1025067,0.1585755,0.9839272,-0.002939848,-0.1243745,-0.1281003
272194,0.0166633,52.9942773412913,1.054069,0.5876787,-0.226402,0.4515595,-0.04953018,0.8396189,0.2977935,0,0,0.3808818,0.1030737,0.1586461,0.9838768,-0.003853961,-0.1241003,-0.1287271
272272,0.0166672,53.0109445415437,1.054797,0.5876834,-0.2268013,0.4554698,-0.04354268,0.8390646,0.2943162,0,0,0.3814021,0.1040691,0.1586787,0.9830834,-0.008610011,-0.1253828,-0.1332373
272272,0.0166729,53.0276174414903,1.056181,0.5870715,-0.2272778,-0.4613206,0.03498475,-0.8383473,-0.2883283,0,0,0.3818014,0.1047967,0.1586834,0.9819708,-0.01326013,-0.1269688,-0.1394149
272272,0.0166666,53.044284041971,1.056994,0.5866143,-0.2274265,0.4637883,-0.03252281,0.8378347,0.2861399,0,0,0.3822778,0.1061812,0.1580715,0.980208,-0.01985604,-0.1286853,-0.1491246
272272,0.016666,53.0609500426799,1.058442,0.5859889,-0.2275848,0.4652663,-0.03169738,0.8370091,0.2862488,0,0,0.3824266,0.1069942,0.1576142,0.9796656,-0.02241043,-0.1286222,-0.1523464
272272,0.016669,53.0776190422475,1.059254,0.5857236,-0.2276244,0.466598,-0.03233364,0.8362882,0.2861171,0,0,0.3825849,0.1084417,0.1569889,0.9795688,-0.02426467,-0.1286272,-0.1526803
272272,0.016665,53.094284042716,1.060464,0.5855726,-0.227796,-0.4704841,0.03297038,-0.8346877,-0.2843486,0,0,0.3826245,0.1092539,0.1567236,0.9797186,-0.02539525,-0.1274481,-0.1525239
272294,0.0166678,53.1109518427402,1.061146,0.5853708,-0.2278543,0.4735328,-0.03272593,0.8333748,0.2831645,0,0,0.3827961,0.1104637,0.1565726,0.9798045,-0.02858323,-0.1244251,-0.1538977
272294,0.0166658,53.1276176422834,1.062453,0.5850973,-0.227824,-0.4785567,0.03306802,-0.8312388,-0.2809488,0,0,0.3828544,0.1111463,0.1563708,0.9797365,-0.03141369,-0.1227189,-0.1551439
272294,0.0166685,53.1442861426622,1.063376,0.5851339,-0.2277633,0.4824243,-0.03355643,0.829431,0.279616,0,0,0.3828241,0.1124528,0.1560973,0.9797154,-0.03574888,-0.1192062,-0.1570659
272294,0.0166672,53.1609533429146,1.065359,0.5848953,-0.2277911,-0.4907691,0.03732583,-0.8241104,-0.280347,0,0,0.3827634,0.1133764,0.1561338,0.9797496,-0.03916534,-0.1164645,-0.1580915
272294,0.016667,53.1776203420013,1.066571,0.5846441,-0.2279907,0.4960921,-0.04072867,0.820039,0.2824356,0,0,0.3827912,0.1153591,0.1558952,0.9805529,-0.04703806,-0.1097998,-0.1557159
272294,0.0166667,53.1942870412022,1.068734,0.5846325,-0.2286419,0.5052253,-0.05276804,0.8129034,0.2848701,0,0,0.3829908,0.1165705,0.1556441,0.9813147,-0.05238109,-0.1053778,-0.1522274
272294,0.0166663,53.210953341797,1.069961,0.5841722,-0.2292777,-0.5147802,0.05551454,-0.8059125,-0.2870972,0,0,0.383642,0.1187344,0.1556325,0.9834488,-0.05921439,-0.09236322,-0.1441915
272294,0.0166665,53.2276198416948,1.071989,0.5833921,-0.2301733,0.5348664,-0.0704031,0.7886662,0.2949015,0,0,0.3842778,0.1199613,0.1551721,0.9838074,-0.06949562,-0.08641654,-0.1408036
272294,0.0166678,53.244287641719,1.073199,0.5828816,-0.230433,-0.5455189,0.07354981,-0.7798098,-0.298155,0.00610040361061692,0,0.3851735,0.1219893,0.1543921,0.9856243,-0.08980913,-0.0676818,-0.1260883
272294,0.0166662,53.260953841731,1.074983,0.5825472,-0.2306422,0.56317,-0.07995868,0.7640857,0.3043342,0,0,0.385433,0.1231986,0.1538816,0.985478,-0.1019055,-0.06111567,-0.1212986
272294,0.0166667,53.2776205409318,1.075884,0.5825577,-0.2309688,-0.5744393,0.08248755,-0.7538995,-0.3079789,0,0,0.3856423,0.1249827,0.1535472,0.9849467,-0.1221949,-0.04944075,-0.1118216
272294,0.0166688,53.2942893411964,1.076868,0.5815318,-0.2315339,-0.5901392,0.08142891,-0.7388777,-0.3149047,0,0,0.3859689,0.1258844,0.1535577,0.9840491,-0.1356957,-0.04303893,-0.1066856
272294,0.0166664,53.3109557405114,1.076988,0.5807255,-0.2320697,-0.5999776,0.07848968,-0.7294388,-0.3190382,0,0,0.386534,0.1268678,0.1525318,0.9817973,-0.1568856,-0.03839348,-0.09993556
272294,0.0166678,53.3276235405356,1.077478,0.5805357,-0.2334571,-0.6131005,0.07481825,-0.7171851,-0.3227318,0,0,0.3870698,0.1269885,0.1517254,0.9798012,-0.1709225,-0.03716324,-0.09692231
272294,0.0166713,53.34429484047,1.077582,0.5804365,-0.2343943,0.6182255,-0.07562952,0.7117943,0.3246947,0,0,0.3884572,0.1274777,0.1515356,0.9768237,-0.1890074,-0.03454946,-0.09432934
272294,0.0166635,53.3609583396465,1.076867,0.5807337,-0.236523,-0.6285103,0.0825701,-0.6996172,-0.329686,0,0,0.3893944,0.1275821,0.1514365,0.9758541,-0.1956856,-0.03188191,-0.09164916
272294,0.0166652,53.377623539418,1.076299,0.580781,-0.2376559,0.6332725,-0.08352011,0.6939918,0.3322136,0,0,0.3915231,0.1268666,0.1517337,0.9743608,-0.208104,-0.02256412,-0.08249084
272294,0.0166685,53.3942920397967,1.074836,0.5804998,-0.2395224,-0.6422155,0.08687338,-0.6834456,-0.3360277,0,0,0.392656,0.1262994,0.151781,0.9732642,-0.2146818,-0.02012708,-0.07914331
272294,0.0166661,53.4109581392258,1.073947,0.5804775,-0.2405372,0.6460477,-0.08732008,0.6785756,0.3384269,0,0,0.3945225,0.1248363,0.1514998,0.9712346,-0.2262785,-0.01388917,-0.07286008
272294,0.0166672,53.4276253394783,1.072352,0.5800865,-0.24224,-0.6495582,0.08509388,-0.6734051,-0.3425769,0,0,0.3955373,0.1239467,0.1514775,0.9701415,-0.2319217,-0.01227342,-0.06990942
272294,0.0166682,53.4442935399711,1.071487,0.579926,-0.242941,0.6499521,-0.08333854,0.6727744,0.3434994,0,0,0.3972401,0.1223519,0.1510865,0.9686917,-0.2387618,-0.01361665,-0.06666239
272294,0.0166654,53.4609589390457,1.069947,0.5800104,-0.2442658,-0.6504388,0.08140194,-0.6721237,-0.3443154,0,0,0.3979412,0.1214867,0.150926,0.9683219,-0.2401752,-0.01514945,-0.06662632
272294,0.0166677,53.477626638487,1.069125,0.5801518,-0.2448946,0.6508002,-0.08026638,0.672008,0.3441247,0,0,0.3992659,0.119947,0.1510104,0.9679037,-0.2417106,-0.01673787,-0.06677162
272294,0.0166656,53.4942922387272,1.06784,0.5804034,-0.2457213,-0.6520908,0.08015468,-0.6720228,-0.3416702,0,0,0.3998947,0.1191254,0.1511518,0.9676696,-0.2424012,-0.01738768,-0.06748986
272372,0.0166705,53.5109627395868,1.067134,0.580586,-0.2462339,0.6528964,-0.07986286,0.6721475,0.3399505,0,0,0.4007214,0.1178401,0.1514034,0.967407,-0.2429122,-0.01588251,-0.06974982
272372,0.0166632,53.5276259388775,1.066271,0.5809466,-0.2470503,-0.6532996,0.08102287,-0.6721809,-0.3388334,0,0,0.401234,0.1171344,0.151586,0.9672203,-0.2432139,-0.01505429,-0.07145131
272372,0.016668,53.5442939382046,1.065842,0.5813414,-0.2475663,0.6535655,-0.08164065,0.6721204,0.3382918,0,0,0.4020504,0.1162706,0.1519466,0.967298,-0.2428688,-0.01349044,-0.07188324
272372,0.0166665,53.5609604381025,1.065056,0.5826467,-0.2487484,-0.6547251,0.08281836,-0.671811,-0.3363726,0,0,0.4025664,0.1158424,0.1523414,0.9673207,-0.2427734,-0.01264779,-0.07205541
272372,0.0166724,53.5776328388602,1.06455,0.5836346,-0.2495554,0.6555676,-0.08275072,0.6714486,0.3354706,0,0,0.4037486,0.1150563,0.1536467,0.9672083,-0.2430012,-0.01035798,-0.07315209
272372,0.0166624,53.594295239076,1.063625,0.5851632,-0.2513498,0.6569268,-0.08184463,0.6699145,0.3361003,0,0,0.4045555,0.1145497,0.1546346,0.9669901,-0.2436587,-0.009617914,-0.07394699
272394,0.0166682,53.6109634395689,1.062971,0.5860364,-0.2523419,0.6574311,-0.08146533,0.6692294,0.3365706,0,0,0.40635,0.1136249,0.1561632,0.9664461,-0.245892,-0.009817263,-0.07363856
272394,0.0166655,53.6276289392263,1.06188,0.5873799,-0.2536748,0.658309,-0.08005213,0.6682791,0.3370818,0,0,0.407342,0.1129711,0.1570364,0.9662265,-0.2468411,-0.01001054,-0.07331848
272394,0.0166663,53.6442952398211,1.061217,0.5881311,-0.254384,0.6595333,-0.07842787,0.6678135,0.3359913,0,0,0.4086749,0.1118801,0.1583799,0.9657637,-0.248575,-0.01084553,-0.07343856
272394,0.016667,53.6609622389078,1.060228,0.589222,-0.2552834,0.6634676,-0.07266237,0.6669925,0.3311375,0,0,0.4093841,0.1112166,0.1591311,0.9652403,-0.2500801,-0.01108183,-0.07515558
272394,0.0166703,53.6776325386018,1.059782,0.5897105,-0.2555712,0.6663496,-0.06820583,0.6655211,0.3292536,0,0,0.4102834,0.1102276,0.1602219,0.9634997,-0.2544982,-0.0117844,-0.08222021
272394,0.0166641,53.6942966394126,1.059222,0.5903465,-0.255955,-0.6711305,0.05417575,-0.6641685,-0.3248524,0,0,0.4105713,0.109782,0.1607105,0.9620736,-0.2585844,-0.01307459,-0.08589233
272394,0.0166674,53.7109640389681,1.058786,0.5905504,-0.2561846,0.6721225,-0.04779796,0.6639366,0.3242762,0,0,0.4109551,0.1092215,0.1613465,0.9586787,-0.266885,-0.02005387,-0.09646424
272394,0.0166661,53.7276301383972,1.058102,0.5909627,-0.2565544,-0.6729171,0.0422546,-0.6639482,-0.323373,0,0,0.4111847,0.1087857,0.1615504,0.9573784,-0.2698626,-0.02438591,-0.1000312
272394,0.016667,53.744297137484,1.057817,0.5910865,-0.2567831,0.6746998,-0.04017434,0.6637979,0.3202168,0,0,0.4115545,0.1081019,0.1619626,0.9562438,-0.2722107,-0.02803281,-0.1035061
272394,0.0166672,53.7609643377364,1.057523,0.5910844,-0.2569202,0.6781967,-0.03395217,0.662919,0.3153333,0,0,0.4117833,0.1078172,0.1620865,0.9554114,-0.2737167,-0.02753504,-0.1072851
272394,0.0166681,53.7776324376464,1.057277,0.5908798,-0.2569183,-0.6815663,0.02386688,-0.6620184,-0.310853,0,0,0.4119204,0.1075235,0.1620844,0.9533117,-0.2779714,-0.02872099,-0.1144717
272394,0.0166665,53.7942989375442,1.056935,0.5904164,-0.2572896,0.6846573,-0.008246675,0.6614814,0.3059716,0,0,0.4119183,0.1072775,0.1618798,0.9504386,-0.2835668,-0.03316136,-0.123113
272394,0.0166674,53.8109663370997,1.056715,0.5901777,-0.257633,-0.6861879,0.0003524721,-0.6615197,-0.3025522,0,0,0.4122897,0.1069348,0.1614164,0.9463813,-0.2906108,-0.04192605,-0.1347217
272394,0.0166657,53.8276320379227,1.056408,0.5899163,-0.2580668,0.6889712,0.008862577,0.6615366,0.2959893,0,0,0.4126331,0.106715,0.1611777,0.9442275,-0.293795,-0.04598844,-0.1414354
272394,0.0166668,53.8442988377064,1.056249,0.589483,-0.2580603,-0.6901679,-0.01218539,-0.6613438,-0.2935036,0,0,0.4130669,0.1064079,0.1609163,0.9412638,-0.2977483,-0.04917625,-0.1514933
272394,0.016667,53.8609658367932,1.05613,0.5887299,-0.2580113,0.6912727,0.01765055,0.6614533,0.2903624,0,0,0.4130605,0.1062489,0.160483,0.9400881,-0.2993923,-0.05015972,-0.155186
272394,0.016667,53.8776328358799,1.05625,0.5883174,-0.2579507,-0.6915457,-0.03099021,-0.6620893,-0.2871271,0,0,0.4130113,0.1061297,0.1597299,0.9384142,-0.3014255,-0.05261261,-0.160479
272394,0.0166681,53.8943009357899,1.056579,0.5876218,-0.2574324,0.6885962,0.0600909,0.6637475,0.2857687,0,0,0.4129508,0.1062503,0.1593174,0.935025,-0.3052776,-0.06159379,-0.1695292
272394,0.016666,53.9109669364989,1.056831,0.5875624,-0.2574151,-0.6882983,-0.0804096,-0.663458,-0.2821404,0,0,0.4124325,0.1065794,0.1586218,0.9281672,-0.3120123,-0.08514131,-0.1841331
272394,0.016667,53.9276339355856,1.057374,0.5877113,-0.2572917,0.6881177,0.1061728,0.6619583,0.277548,0,0,0.4124152,0.1068309,0.1585624,0.9221371,-0.3181904,-0.09940412,-0.1963081
272394,0.0166666,53.9443005360663,1.057767,0.5879412,-0.2572196,-0.6874746,-0.1138225,-0.6619791,-0.276056,0,0,0.4122918,0.1073743,0.1587113,0.9136986,-0.3267096,-0.1171785,-0.2113879
272394,0.0166669,53.9609674364328,1.058457,0.5881506,-0.257021,0.6880233,0.1282848,0.6598276,0.273486,0,0,0.4122197,0.1077669,0.1589412,0.9112383,-0.3285316,-0.1227021,-0.2160003
272394,0.0166669,53.9776343367994,1.058549,0.5881923,-0.2568669,-0.6923022,-0.1428481,-0.6565732,-0.2631046,0,0,0.412021,0.1084569,0.1591506,0.905782,-0.334437,-0.1321738,-0.2241449
272394,0.0166691,53.9943034369498,1.05822,0.5871514,-0.2540553,-0.6910698,-0.1369255,-0.6578312,-0.2663307,0,0,0.411867,0.1085494,0.1591923,0.8984684,-0.3421226,-0.1365379,-0.2388812
272472,0.0166649,54.0109683368355,1.057141,0.5851232,-0.2537708,-0.6893023,-0.1245969,-0.6605014,-0.2703258,0,0,0.4090553,0.1082202,0.1581514,0.9012827,-0.3392097,-0.1341071,-0.2337556
272472,0.0166669,54.027635237202,1.056334,0.5813203,-0.2551378,0.6886776,0.1413302,0.6586466,0.2682046,0,0,0.408771,0.1071408,0.1561232,0.9066084,-0.3331574,-0.127509,-0.225408
272472,0.0166667,54.0443019364029,1.056381,0.5801648,-0.2550882,-0.6886169,-0.1456895,-0.6575309,-0.2687651,0,0,0.410138,0.106334,0.1523203,0.9005001,-0.3388916,-0.1394418,-0.2341115
272472,0.0166672,54.0609691366553,1.056633,0.5789211,-0.2548777,0.6893412,0.1457075,0.6565154,0.2693807,0,0,0.4100884,0.106381,0.1511648,0.8988478,-0.3410021,-0.1428983,-0.2353091
272472,0.0166671,54.0776362363249,1.056673,0.5784936,-0.2546629,0.689815,0.1435539,0.6564815,0.2694064,0,0,0.4098778,0.1066328,0.1499211,0.8986008,-0.3421839,-0.1427283,-0.2346392
272472,0.016667,54.0943032354116,1.056359,0.5779088,-0.2542843,0.6905541,0.1453056,0.6561788,0.267303,0,0,0.409663,0.1066733,0.1494936,0.8992714,-0.341828,-0.1408811,-0.2337033
272494,0.0166685,54.1109717357904,1.056019,0.5777017,-0.2542031,-0.6905138,-0.1475757,-0.6561911,-0.2661306,0,0,0.4092844,0.1063588,0.1489087,0.898269,-0.3427015,-0.1409477,-0.2362249
272494,0.0166651,54.1276368349791,1.055823,0.5771838,-0.2544788,0.6880417,0.1476695,0.6590117,0.2655112,0,0,0.4092031,0.1060186,0.1487017,0.8973604,-0.3431993,-0.1421948,-0.2382
272494,0.016667,54.1443038340658,1.055863,0.5769095,-0.2544733,0.686332,0.1472317,0.6605082,0.2664586,0,0,0.4094789,0.1058226,0.1481838,0.8981788,-0.3398425,-0.1434493,-0.2391739
272494,0.0166667,54.1609705332667,1.056197,0.5770413,-0.2545958,-0.6838362,-0.1403636,-0.6638397,-0.2682969,0,0,0.4094734,0.1058632,0.1479095,0.8989764,-0.3378567,-0.1444677,-0.2383767
272494,0.0166673,54.1776378341019,1.056325,0.5767969,-0.2546175,0.6829846,0.1357876,0.6655622,0.2685536,0,0,0.4095958,0.1061967,0.1480413,0.9025469,-0.3323553,-0.1415358,-0.2343433
272494,0.0166666,54.1943044345826,1.056575,0.5766565,-0.2547727,-0.6814296,-0.1308338,-0.6671771,-0.2709453,0,0,0.4096176,0.1063247,0.1477969,0.904579,-0.329348,-0.1387401,-0.2324174
272494,0.0166692,54.2109736353159,1.056678,0.5771343,-0.2549679,-0.6803389,-0.1306123,-0.6677521,-0.2723719,0,0,0.4097728,0.1065748,0.1476565,0.9070221,-0.3261714,-0.1368676,-0.2284525
272494,0.0166669,54.2276405356824,1.056626,0.5779793,-0.2553665,-0.6790571,-0.1311497,-0.6687664,-0.2728239,0,0,0.4099681,0.1066781,0.1481342,0.9075068,-0.3252804,-0.1378647,-0.2271948
272494,0.0166655,54.2443060353398,1.05661,0.5781093,-0.255472,0.6785068,0.1311493,0.6693002,0.2728843,0,0,0.4103666,0.1066261,0.1489793,0.9077427,-0.3240867,-0.1391622,-0.2271667
272494,0.0166661,54.260972134769,1.056841,0.5778478,-0.2555417,-0.6778154,-0.1250471,-0.6711673,-0.2728811,0,0,0.4104721,0.1066099,0.1491093,0.9079248,-0.3234191,-0.1394971,-0.2271855
272494,0.0166675,54.2776396349072,1.05698,0.5772972,-0.2554636,-0.6778687,-0.1218641,-0.671995,-0.2721506,0,0,0.4105418,0.1068411,0.1488478,0.9103855,-0.319883,-0.13536,-0.2248348
272494,0.0166667,54.2943063341081,1.057149,0.5768405,-0.255436,-0.6780886,-0.1200663,-0.6723741,-0.2714648,0,0,0.4104637,0.1069801,0.1482972,0.9114948,-0.3182732,-0.1326858,-0.2242186
272494,0.0166672,54.3109735343605,1.057172,0.5767472,-0.255529,0.6780583,0.1197914,0.6724942,0.2713647,0,0,0.4104361,0.1071494,0.1478405,0.9120457,-0.3174949,-0.1309624,-0.2240948
272494,0.0166671,54.3276406340301,1.057233,0.5771475,-0.2557698,-0.6776606,-0.1190176,-0.6728441,-0.2718307,0,0,0.4105291,0.1071716,0.1477472,0.9121504,-0.3172977,-0.1307368,-0.2240799
272494,0.0166665,54.3443071339279,1.057245,0.577287,-0.2558545,0.6774199,0.1181044,0.6731863,0.2719815,0,0,0.4107699,0.1072331,0.1481475,0.9125683,-0.3166547,-0.1305625,-0.2233886
272494,0.0166665,54.3609736338258,1.057281,0.5769856,-0.256021,0.6773653,0.1128888,0.6742995,0.2715746,0,0,0.4108546,0.1072455,0.148287,0.9129742,-0.3160214,-0.1300754,-0.2229103
272494,0.0166675,54.3776411339641,1.057442,0.5764722,-0.2559897,0.6777187,0.1100041,0.6749015,0.2703787,0,0,0.4110211,0.107281,0.1479856,0.9148095,-0.3135572,-0.1260595,-0.2211663
272494,0.0166668,54.3943079337478,1.05786,0.5760475,-0.2560555,0.6782203,0.1081591,0.6752278,0.2690467,0,0,0.4109898,0.107442,0.1474722,0.9156557,-0.3122908,-0.1232482,-0.2210406
272494,0.0166669,54.4109748341143,1.058069,0.5761716,-0.2563452,0.6783568,0.1075143,0.6753955,0.2685401,0,0,0.4110556,0.1078601,0.1470475,0.9160828,-0.3116015,-0.1210765,-0.2214439
272494,0.0166672,54.4276420343667,1.058308,0.5763516,-0.2560793,0.6772935,0.1066926,0.6759122,0.2702464,0,0,0.4113453,0.1080688,0.1471716,0.9162415,-0.3112961,-0.1203234,-0.2216272
272494,0.0166664,54.4443084336817,1.05869,0.5767325,-0.2546204,0.6734883,0.1013142,0.6775071,0.2777287,0,0,0.4110793,0.1083081,0.1473516,0.9169204,-0.3103057,-0.1209588,-0.2198555
272494,0.016667,54.4609754327685,1.059391,0.5780257,-0.252342,-0.6636258,-0.08399774,-0.6862407,-0.2856904,0,0,0.4096205,0.1086901,0.1477325,0.9201574,-0.3063311,-0.121911,-0.2112095
272494,0.0166667,54.4776421319693,1.059356,0.5786195,-0.2515976,0.6603915,0.07600299,0.6905919,0.2849378,0,0,0.4073421,0.109391,0.1490257,0.9289091,-0.2902287,-0.117387,-0.1977765
272494,0.0166668,54.494308931753,1.05907,0.5781986,-0.250321,-0.6570661,-0.06980701,-0.6967693,-0.2791125,0,0,0.4065977,0.109356,0.1496195,0.9322769,-0.2827191,-0.1128391,-0.1954407
272572,0.016667,54.5109759308398,1.059065,0.5779772,-0.2500393,-0.6559674,-0.07123813,-0.6995586,-0.2743169,0,0,0.4053211,0.1090696,0.1491985,0.9348798,-0.2738105,-0.1077566,-0.1985346
272572,0.0166749,54.5276508312672,1.05912,0.5770334,-0.2490516,-0.6527846,-0.0707994,-0.7039365,-0.270801,0,0,0.4050394,0.1090654,0.1489772,0.9345745,-0.2711043,-0.1076225,-0.2036919
272572,0.0166599,54.5443107318133,1.059261,0.5761471,-0.2482331,0.650781,0.06882308,0.7061432,0.2703874,0,0,0.4040517,0.1091197,0.1480334,0.9353895,-0.2656501,-0.1076903,-0.2070732
272572,0.016667,54.5609777309,1.059441,0.5746981,-0.2465318,-0.6483689,-0.06268635,-0.7088342,-0.2706332,0,0,0.4032332,0.1092609,0.1471471,0.9364663,-0.2622724,-0.1071232,-0.2068063
272572,0.0166673,54.5776450317353,1.059504,0.5738541,-0.245425,0.6470042,0.06017765,0.7104989,0.2701031,0,0,0.4015319,0.1094411,0.1456981,0.9388621,-0.2570451,-0.1038521,-0.2041579
272572,0.0166663,54.5943113323301,1.059465,0.5726616,-0.2434697,0.6449689,0.0586287,0.7136319,0.2670349,0,0,0.4004251,0.1095036,0.1448541,0.9398877,-0.254211,-0.102474,-0.2036834
272594,0.0166674,54.6109787318856,1.059666,0.5724657,-0.2426552,0.6443086,0.05924507,0.7164072,0.2609929,0,0,0.3984697,0.1094654,0.1436615,0.9406599,-0.2499488,-0.1012127,-0.206011
272594,0.0166667,54.6276454310864,1.060153,0.5715013,-0.2408858,0.6432722,0.06068061,0.7199253,0.2534295,0,0,0.3976552,0.1096657,0.1434657,0.940292,-0.2470393,-0.09970225,-0.2118541
272594,0.0166677,54.6443131305277,1.060511,0.5709518,-0.2398175,-0.643096,-0.05864621,-0.7210162,-0.2512449,0,0,0.3958859,0.1101525,0.1425012,0.9396237,-0.2434428,-0.09841409,-0.2194486
272594,0.0166665,54.6609796304256,1.061255,0.5701044,-0.2379192,-0.6432174,-0.05589353,-0.7216851,-0.2496358,0,0,0.3948176,0.1105111,0.1419518,0.9400774,-0.2416143,-0.09609681,-0.2205501
272594,0.0166664,54.6776460297406,1.061591,0.5697626,-0.2369686,0.6431938,0.05488301,0.7220291,0.2489253,0,0,0.3929192,0.1112552,0.1411044,0.9406954,-0.2400914,-0.09329089,-0.2207828
272594,0.0166671,54.6943131294101,1.061821,0.5695963,-0.2353933,0.6430973,0.05487625,0.7227342,0.2471229,0,0,0.3919688,0.1115914,0.1407626,0.9409259,-0.2394068,-0.09224991,-0.2209816
272594,0.0166671,54.7109802290797,1.061807,0.5695206,-0.2345135,0.6432367,0.05529405,0.7230096,0.2458585,0,0,0.3903934,0.1118205,0.1405963,0.9408082,-0.2386088,-0.09158849,-0.2226146
272594,0.016667,54.7276472281665,1.061823,0.5691782,-0.232927,0.6431687,0.0553723,0.7236258,0.2442,0,0,0.3895136,0.1118067,0.1405206,0.9405591,-0.2384605,-0.09133597,-0.2239264
272594,0.016668,54.7443152274936,1.061831,0.5689048,-0.2320874,-0.6431093,-0.05488666,-0.7238699,-0.2437428,0,0,0.3879271,0.1118227,0.1401782,0.9404167,-0.237787,-0.09077918,-0.2254617
272594,0.016666,54.7609812282026,1.06181,0.5684612,-0.2305071,0.6430538,0.05372375,0.7242618,0.2429827,0,0,0.3870875,0.1118315,0.1399048,0.9405263,-0.2373584,-0.09025858,-0.2256648
272594,0.0166671,54.7776483278722,1.061735,0.5683197,-0.2297062,0.6432551,0.05365002,0.7246402,0.2413322,0,0,0.3855072,0.1118103,0.1394612,0.9407952,-0.2365629,-0.08909641,-0.225841
272594,0.0166667,54.794315027073,1.061402,0.5681435,-0.2283283,0.6436844,0.05372854,0.7251311,0.2386812,0,0,0.3847063,0.1117352,0.1393197,0.9406281,-0.2361605,-0.08827923,-0.2272746
272594,0.0166667,54.8109817262739,1.061205,0.5680395,-0.2276813,0.6438047,0.05390804,0.7253229,0.2377314,0,0,0.3833284,0.1114023,0.1391435,0.9402749,-0.2357201,-0.0870587,-0.2296518
272594,0.0166667,54.8276484254748,1.060912,0.5677211,-0.2265287,0.6436588,0.05378139,0.7257859,0.2367405,0,0,0.3826814,0.1112054,0.1390395,0.9401124,-0.2355813,-0.08675513,-0.2305725
272594,0.016688,54.8443364258856,1.060796,0.5674877,-0.225918,-0.643384,-0.05269544,-0.7260001,-0.2370744,0,0,0.3815288,0.1109117,0.1387211,0.9400899,-0.2349918,-0.08634378,-0.2314189
272594,0.0166661,54.8610025253147,1.060575,0.5670922,-0.2247699,0.6426962,0.04947186,0.7264711,0.2381886,0,0,0.3809181,0.1107958,0.1384877,0.9404806,-0.2343713,-0.08579104,-0.2306646
272594,0.0166655,54.8776680249721,1.060323,0.5667212,-0.2241348,-0.6421028,-0.04712649,-0.7268269,-0.2391777,0,0,0.37977,0.1105748,0.1380922,0.9416141,-0.2327333,-0.08412759,-0.2282996
272594,0.0166667,54.894334724173,1.059686,0.5662252,-0.2230918,0.6418822,0.04627847,0.7272767,0.2385673,0,0,0.3791348,0.110323,0.1377212,0.9424673,-0.2315012,-0.08303589,-0.2264235
272594,0.0166669,54.9110016245395,1.059333,0.5659585,-0.2226177,-0.6416885,-0.04565397,-0.7275019,-0.2385223,0,0,0.3780919,0.109686,0.1372252,0.9426882,-0.2306911,-0.08226031,-0.2266139
272594,0.0166673,54.9276689253747,1.058682,0.565348,-0.2217593,0.6405629,0.0412337,0.7282862,0.2399545,0,0,0.3776178,0.1093331,0.1369585,0.9428937,-0.2302073,-0.08186616,-0.2263935
272594,0.0166667,54.9443356245756,1.058259,0.5648535,-0.221466,-0.6388667,-0.03649476,-0.7287965,-0.2436668,0,0,0.3767594,0.1086825,0.136348,0.9444378,-0.2277328,-0.07963397,-0.223234
272594,0.0166672,54.961002824828,1.057337,0.5639939,-0.2213922,0.6351183,0.02768128,0.7298465,0.2513613,0,0,0.3764661,0.108259,0.1358535,0.9463617,-0.2253228,-0.07835671,-0.2179205
272594,0.0166671,54.9776699244976,1.056856,0.5637389,-0.2217735,-0.6331424,-0.02184239,-0.7304796,-0.2550553,0,0,0.3763922,0.1073368,0.1349939,0.9500167,-0.2204994,-0.0765792,-0.2073255
272594,0.0166669,54.9943368248641,1.055689,0.5630364,-0.2227495,0.6276597,0.004309922,0.7342112,0.2587638,0,0,0.3767736,0.1068559,0.1347389,0.9521383,-0.2174265,-0.07455555,-0.2014941
272672,0.0166665,55.011003324762,1.05512,0.5625291,-0.2232744,0.6250707,-0.007147923,0.7354258,0.2615046,0,0,0.3777496,0.1056886,0.1340364,0.9575871,-0.2060967,-0.06526809,-0.1905026
272672,0.0166668,55.0276701245457,1.05405,0.5616317,-0.2239435,0.6205728,-0.03001474,0.7363744,0.2678463,0,0,0.3782745,0.1051195,0.1335291,0.9607639,-0.200112,-0.05873605,-0.1828608
272672,0.0166668,55.0443369243294,1.053395,0.5609919,-0.2240407,0.6201646,-0.03891119,0.7353098,0.2705575,0,0,0.3789435,0.1040505,0.1326317,0.9665638,-0.1895711,-0.04555509,-0.166559
272672,0.0169815,55.061318423599,1.052161,0.5599629,-0.2239552,0.6200976,-0.0500266,0.7337299,0.2731613,0,0,0.3790409,0.1033953,0.1319919,0.9684094,-0.1872441,-0.03976398,-0.1598181
272672,0.0166683,55.0779867228121,1.05155,0.5595794,-0.2239122,0.6204473,-0.05332425,0.733375,0.272696,0,0,0.3789553,0.1021615,0.1309629,0.9704539,-0.1846309,-0.03195396,-0.1520189
272672,0.0166653,55.0946520231664,1.05047,0.5586882,-0.2236661,-0.6212559,0.0541679,-0.7332513,-0.271016,0,0,0.3789123,0.1015502,0.1305794,0.9708921,-0.1838238,-0.02895455,-0.1507944
272694,0.0166671,55.111319122836,1.049912,0.5581834,-0.2234706,-0.6214576,0.05686519,-0.7330543,-0.2705329,0,0,0.3786662,0.1004699,0.1296882,0.9707721,-0.1838578,-0.02720051,-0.1518485
272694,0.0166668,55.1279859226197,1.049123,0.5573822,-0.2228593,-0.6219384,0.06000729,-0.7326722,-0.2697841,0,0,0.3784706,0.09991246,0.1291834,0.9711288,-0.1830657,-0.02474887,-0.1509413
272694,0.0166668,55.1446527224034,1.048763,0.5570349,-0.2223782,0.6224405,-0.06067789,0.732403,0.2692065,0,0,0.3778593,0.09912282,0.1283822,0.9714746,-0.1823665,-0.02168728,-0.1500306
272694,0.0166682,55.1613209228963,1.048115,0.5564706,-0.2213986,-0.6232223,0.06156581,-0.7323028,-0.2674629,0,0,0.3773783,0.09876329,0.1280348,0.971443,-0.1825274,-0.02065913,-0.1501849
272694,0.0166665,55.1779874227941,1.047724,0.5562272,-0.2209221,0.6237083,-0.06189208,0.7325642,0.265532,0,0,0.3763987,0.09811527,0.1274706,0.9713163,-0.1825004,-0.01885504,-0.1512704
272694,0.0166663,55.1946537233889,1.04687,0.555467,-0.2201362,-0.6242282,0.06351289,-0.732911,-0.262958,0,0,0.3759222,0.09772402,0.1272272,0.9711478,-0.182227,-0.01758463,-0.1528268
272694,0.0166671,55.2113208230585,1.046424,0.5550233,-0.2197369,-0.6244112,0.06449348,-0.7328765,-0.26238,0,0,0.3751363,0.09686953,0.126467,0.9711191,-0.1813511,-0.01500609,-0.1543189
272694,0.0166665,55.2279873229563,1.045676,0.5544218,-0.2191026,-0.6247544,0.06567843,-0.7326456,-0.261914,0,0,0.374737,0.09642416,0.1260233,0.9711893,-0.1810446,-0.01389667,-0.154341
272694,0.0166669,55.2446542233229,1.045246,0.5542507,-0.2188174,-0.6248835,0.06537097,-0.732688,-0.2615642,0,0,0.3741027,0.09567648,0.1254218,0.9712635,-0.1809085,-0.01258117,-0.1541463
272694,0.0166672,55.2613214235753,1.044249,0.5541735,-0.2183241,-0.6252782,0.06387704,-0.7331988,-0.259551,0,0,0.3738175,0.09524614,0.1252507,0.9711688,-0.1810209,-0.01262285,-0.1546067
272694,0.0166674,55.2779888231307,1.043724,0.5541028,-0.2180483,-0.6251433,0.06378853,-0.7334267,-0.2592528,0,0,0.3733242,0.09424907,0.1251735,0.9707301,-0.1811744,-0.01282572,-0.1571453
272694,0.0166667,55.2946555223316,1.043049,0.5539747,-0.2174939,-0.6252199,0.06425379,-0.7337959,-0.2579056,0,0,0.3730484,0.09372383,0.1251028,0.9707229,-0.1809284,-0.0128519,-0.1574703
272694,0.0166669,55.3113224226981,1.042826,0.5538701,-0.2171418,-0.625221,0.06459296,-0.7340491,-0.2570967,0,0,0.372494,0.09304887,0.1249747,0.9706803,-0.1803621,-0.01191108,-0.1584531
272694,0.0166665,55.327988922596,1.042493,0.5536308,-0.21631,-0.6252529,0.06474174,-0.734274,-0.2563378,0,0,0.3721419,0.09282595,0.1248701,0.9706715,-0.1799514,-0.01132175,-0.1590165
272694,0.0166669,55.3446558229625,1.042362,0.5535041,-0.2158303,-0.6253191,0.06478605,-0.7343929,-0.2558241,0,0,0.3713101,0.09249347,0.1246308,0.9706312,-0.1796551,-0.01088815,-0.1596266
272694,0.016667,55.3613228220493,1.042176,0.5532657,-0.2149416,-0.625608,0.06439799,-0.7346382,-0.2545082,0,0,0.3708304,0.09236163,0.1245041,0.9705863,-0.1795246,-0.01061611,-0.160064
272694,0.0166674,55.3779902216047,1.042114,0.5530717,-0.2143804,0.6258875,-0.06424244,0.7347616,0.2535022,0,0,0.3699417,0.09217626,0.1242657,0.970372,-0.179486,-0.01025771,-0.1614242
272694,0.016667,55.3946572206914,1.042091,0.5526628,-0.2133405,0.6263369,-0.06303569,0.7350647,0.2518109,0,0,0.3693805,0.09211403,0.1240717,0.9702159,-0.1794835,-0.00983891,-0.1623884
272694,0.0166665,55.4113237205893,1.042101,0.5523336,-0.2127253,0.6264769,-0.06260037,0.7351383,0.2513558,0,0,0.3683406,0.09209138,0.1236628,0.9698141,-0.1797468,-0.009903222,-0.1644803
272694,0.0166669,55.4279906209558,1.042186,0.5517527,-0.211578,-0.6270235,0.06102548,-0.7352414,-0.2500755,0,0,0.3677254,0.09210104,0.1233336,0.9696847,-0.1798748,-0.00999881,-0.1650962
272694,0.0166667,55.4446573201567,1.042261,0.5513162,-0.2111682,0.6271859,-0.05949715,0.7355279,0.2491922,0,0,0.3665781,0.09218627,0.1227527,0.9692347,-0.1805247,-0.01046654,-0.1669896
272694,0.0166669,55.4613242205232,1.042281,0.5504121,-0.2105015,0.6274008,-0.05819584,0.7359895,0.2475908,0,0,0.3661683,0.0922609,0.1223161,0.9688969,-0.1808578,-0.01125662,-0.1685307
272694,0.0166675,55.4779917206615,1.042232,0.5498514,-0.2101347,0.627492,-0.05820215,0.7361691,0.2468231,0,0,0.3655016,0.09228116,0.1214121,0.9685203,-0.1809158,-0.0115528,-0.1706006
272694,0.0166674,55.494659120217,1.042185,0.5487643,-0.209359,0.6277619,-0.05786596,0.7364569,0.2453532,0,0,0.3651348,0.09223205,0.1208513,0.9684381,-0.1807346,-0.01119627,-0.1712813
272772,0.0166666,55.5113257206976,1.042194,0.5481374,-0.2088736,0.627906,-0.05737082,0.7365934,0.2446892,0,0,0.3643591,0.09218484,0.1197643,0.9682059,-0.1806099,-0.01074114,-0.1727484
272772,0.016667,55.5279927197844,1.042423,0.5470768,-0.207751,-0.6285318,0.05763944,-0.73663,-0.2429031,0,0,0.3638737,0.09219402,0.1191374,0.9680423,-0.1806872,-0.01079813,-0.1735788
272772,0.0166667,55.5446594189852,1.042547,0.5464056,-0.2070578,-0.6287017,0.05828346,-0.7366154,-0.2423537,0,0,0.3627511,0.0924235,0.1180768,0.9678008,-0.18068,-0.009543243,-0.1750008
272772,0.0166673,55.5613267198205,1.042559,0.5453523,-0.2059398,-0.6287714,0.05874532,-0.737196,-0.240287,0,0,0.3620579,0.09254664,0.1174056,0.9678174,-0.180477,-0.008719631,-0.1751619
272772,0.0166668,55.5779935196042,1.042516,0.5447665,-0.2054354,-0.6286613,0.05908713,-0.7376258,-0.2391697,0,0,0.3609398,0.0925588,0.1163523,0.9676865,-0.1796518,-0.007493421,-0.176782
272772,0.016667,55.5946605186909,1.042391,0.5437015,-0.2046149,-0.6286005,0.05953742,-0.7380309,-0.2379645,0,0,0.3604355,0.09251565,0.1157665,0.9676575,-0.1790037,-0.00683475,-0.1776231
272794,0.0166669,55.6113274190575,1.042333,0.5432647,-0.2042281,0.6286557,-0.0596986,0.7381047,0.2375492,0,0,0.359615,0.09239072,0.1147015,0.9676253,-0.1783491,-0.006027587,-0.1784844
272794,0.0166663,55.6279937196523,1.042384,0.5427595,-0.2034947,0.6289486,-0.06081533,0.738044,0.2366781,0,0,0.3592282,0.0923329,0.1142647,0.9675994,-0.1782119,-0.005703968,-0.1787721
272794,0.0166684,55.6446621194482,1.042424,0.5425786,-0.2030647,-0.6291146,0.06098154,-0.7380112,-0.2362962,0,0,0.3584948,0.09238416,0.1137595,0.9676278,-0.1778927,-0.004307016,-0.1789749
272794,0.016667,55.6613291185349,1.042323,0.5425099,-0.2023203,-0.6291096,0.0613278,-0.7380394,-0.2361314,0,0,0.3580648,0.09242374,0.1135786,0.9675831,-0.1778976,-0.003933458,-0.1792209
272794,0.0166671,55.6779962182045,1.042189,0.5425484,-0.2019144,-0.6289477,0.06223717,-0.7380365,-0.2363337,0,0,0.3573204,0.09232289,0.1135099,0.9676206,-0.1777244,-0.003593012,-0.1791969
272794,0.0166669,55.694663118571,1.04191,0.5427532,-0.2011472,-0.6284875,0.06480266,-0.7380595,-0.2367962,0,0,0.3569145,0.09218866,0.1135484,0.9678101,-0.1773268,-0.003030803,-0.1785772
272794,0.0166691,55.7113322187215,1.041756,0.5428784,-0.2007426,-0.6283634,0.06595532,-0.7380225,-0.2369228,0,0,0.3561472,0.09191018,0.1137532,0.9683296,-0.176164,-0.001402107,-0.176924
272794,0.0166647,55.7279969193041,1.041579,0.5430249,-0.1999636,-0.6274723,0.07157464,-0.737688,-0.2386886,0,0,0.3557427,0.09175605,0.1138784,0.9685363,-0.1757108,-0.0005933587,-0.1762463
272794,0.0166666,55.7446635197848,1.041523,0.5430575,-0.199559,-0.6263968,0.0769283,-0.7373928,-0.2407513,0,0,0.3549637,0.09157866,0.1140249,0.9696892,-0.1735985,0.002746269,-0.1719269
272794,0.0166669,55.7613304201514,1.041297,0.5430588,-0.1985981,-0.6198603,0.101471,-0.735714,-0.2533812,0,0,0.3545591,0.09152335,0.1140575,0.9708323,-0.1714801,0.005666395,-0.1674728
272794,0.0166671,55.7779975198209,1.041188,0.5431679,-0.1979668,-0.6165599,0.1139391,-0.7346144,-0.2592557,0,0,0.3535982,0.09129697,0.1140587,0.9761699,-0.1613503,0.0170818,-0.1441065
272794,0.0166667,55.7946642190218,1.040891,0.5435054,-0.19669,-0.612693,0.1353267,-0.7314938,-0.2668539,0,0,0.3529668,0.09118754,0.1141679,0.9785095,-0.156218,0.02319471,-0.1325789
272794,0.0166678,55.8113320190459,1.040781,0.543763,-0.1963967,-0.6118022,0.1447979,-0.7298672,-0.268376,0,0,0.35169,0.09089094,0.1145054,0.9815327,-0.1488598,0.0357306,-0.1147067
272794,0.0166665,55.8279985189438,1.040295,0.5433201,-0.1952805,-0.6063302,0.1698374,-0.7253674,-0.278139,0,0,0.3513967,0.09078056,0.114763,0.9824235,-0.1459602,0.04248191,-0.1083286
272794,0.0166669,55.8446654193103,1.040032,0.5432439,-0.1950607,-0.601904,0.1836813,-0.723482,-0.2838075,0,0,0.3502806,0.09029466,0.1143201,0.9851598,-0.137189,0.05660778,-0.08622618
272794,0.0166667,55.8613321185112,1.039271,0.5426372,-0.1948391,0.5891339,-0.211043,0.7199249,0.3001504,0,0,0.3500608,0.09003156,0.1142439,0.986584,-0.1310192,0.0636738,-0.0736998
272794,0.0166666,55.8779987189919,1.038976,0.5424608,-0.1950232,-0.5848805,0.2201986,-0.7184685,-0.3053369,0,0,0.3498392,0.08927113,0.1136372,0.9894378,-0.1167087,0.07380231,-0.04410324
272794,0.0166668,55.8946655187756,1.038111,0.5419747,-0.1958587,0.5719503,-0.2394999,0.717059,0.3183383,0,0,0.3500233,0.0889762,0.1134608,0.9900953,-0.1119988,0.07738788,-0.03433257
272794,0.0166968,55.9113623183221,1.037505,0.5417922,-0.1963161,-0.5645186,0.2518994,-0.7157562,-0.3248979,0,0,0.3508588,0.08811086,0.1129747,0.9916487,-0.09863662,0.08224269,-0.01183324
272794,0.016667,55.9280293174088,1.03604,0.5413413,-0.1970583,0.5518614,-0.2776492,0.7114114,0.3350433,0,0,0.3513163,0.08750504,0.1127921,0.9921211,-0.09053496,0.08658973,0.001164838
272794,0.0166665,55.9446958173066,1.035521,0.5412081,-0.1974121,-0.5463818,0.2886849,-0.7094076,-0.3389232,0,0,0.3520584,0.08604008,0.1123413,0.9919071,-0.07589844,0.09856235,0.02540198
272794,0.0166692,55.9613650180399,1.034506,0.5408046,-0.1980374,0.5332019,-0.3106934,0.7048137,0.3498616,0,0,0.3524122,0.0855214,0.1122081,0.991516,-0.06954715,0.103924,0.03548392
272794,0.0166649,55.9780299179256,1.034139,0.5407667,-0.1984937,-0.5266277,0.3216588,-0.7021703,-0.3551844,0,0,0.3530375,0.08450609,0.1118046,0.9903274,-0.05608984,0.1124673,0.0587934
272794,0.0166669,55.9946968182921,1.033659,0.5403513,-0.1990372,0.514648,-0.3407553,0.6971548,0.3646898,0,0,0.3534938,0.08413905,0.1117667,0.9894098,-0.04951716,0.1168573,0.07043238
272872,0.0166672,56.0113640185446,1.033402,0.5402133,-0.1992481,-0.5106341,0.3473396,-0.6953279,-0.3675966,0,0,0.3540373,0.08365947,0.1113513,0.9873229,-0.03789866,0.1242977,0.09114455
272872,0.0166676,56.0280316192657,1.033182,0.5397811,-0.1994551,0.4992993,-0.3617153,0.6919048,0.3756726,0,0,0.3542482,0.08340174,0.1112133,0.9864526,-0.03394929,0.1270979,0.09800427
272872,0.0166658,56.0446974188089,1.033308,0.5393432,-0.1998727,-0.4878076,0.3784146,-0.6873477,-0.3826219,0,0,0.3544552,0.08318156,0.1107811,0.984395,-0.02342284,0.1313872,0.1146969
272872,0.0166667,56.0613641180098,1.03348,0.5393809,-0.2000397,-0.4853763,0.3839811,-0.685232,-0.3839605,0,0,0.3548728,0.08330792,0.1103432,0.9814872,-0.0122517,0.1382146,0.1320209
272872,0.016667,56.0780311170965,1.033841,0.5395337,-0.2002044,-0.4832474,0.3900107,-0.6830227,-0.3845046,0,0,0.3550398,0.08348018,0.1103809,0.9803649,-0.009691167,0.1415631,0.1369337
272872,0.0166664,56.0946975164115,1.034135,0.5397661,-0.200311,-0.4831265,0.3909994,-0.682475,-0.3846248,0,0,0.3552044,0.08384091,0.1105337,0.9791346,-0.007078196,0.1457712,0.1414076
272894,0.0166679,56.1113654170185,1.034575,0.5400425,-0.2003598,-0.483911,0.3902676,-0.682489,-0.3843569,0,0,0.3553111,0.08413535,0.1107661,0.9789051,-0.006921936,0.1465663,0.1421805
272894,0.0166669,56.1280323173851,1.035327,0.5404315,-0.2004833,0.4846831,-0.3887608,0.6828667,0.3842404,0,0,0.3553599,0.08457512,0.1110425,0.9790311,-0.007726301,0.1463878,0.1414537
272894,0.0166687,56.1447010170668,1.035713,0.5406219,-0.2006004,-0.4851258,0.3876209,-0.6830953,-0.3844269,0,0,0.3554834,0.08532733,0.1114315,0.9793207,-0.008653036,0.1454484,0.1403595
272894,0.0166648,56.1613658163697,1.036065,0.5409292,-0.20086,-0.4848304,0.3867274,-0.6831264,-0.3856421,0,0,0.3556005,0.08571321,0.1116219,0.9795247,-0.009329612,0.1445725,0.1397973
272894,0.0166668,56.1780326161534,1.036159,0.5411177,-0.2010758,-0.4840327,0.3869243,-0.6830342,-0.3866087,0,0,0.3558601,0.08606464,0.1119292,0.9796398,-0.009657609,0.143195,0.140385
272894,0.0166669,56.1946995165199,1.036219,0.5415602,-0.2014116,-0.4834709,0.3868454,-0.6831099,-0.3872565,0,0,0.3560759,0.08615857,0.1121177,0.9795733,-0.009216837,0.1426402,0.1414393
272894,0.0166668,56.2113663163036,1.036202,0.5419106,-0.2015872,0.4834632,-0.3860066,0.6834166,0.3875618,0,0,0.3564116,0.08621937,0.1125602,0.979578,-0.008909097,0.142064,0.1420052
272894,0.0166671,56.2280334159732,1.036097,0.542614,-0.2017824,-0.4838896,0.3836748,-0.6842273,-0.3879144,0,0,0.3565873,0.08620197,0.1129106,0.979739,-0.009117351,0.141195,0.1417473
272894,0.0166676,56.2447010166943,1.036009,0.5431131,-0.2019073,0.4843579,-0.3822082,0.6845838,0.3881488,0,0,0.3567825,0.0860973,0.113614,0.9801908,-0.009959363,0.139176,0.1405595
272894,0.0166665,56.2613675165921,1.035851,0.544099,-0.2018965,0.4871861,-0.3785014,0.6852487,0.3870669,0,0,0.3569074,0.08600873,0.1141131,0.9804526,-0.01072021,0.1380029,0.1398322
272894,0.0166671,56.2780346162617,1.035807,0.5446358,-0.2018168,0.4891784,-0.3764159,0.6856948,0.385796,0,0,0.3568966,0.08585113,0.115099,0.9811162,-0.01367893,0.1364436,0.1364079
272894,0.0166668,56.2947014160454,1.035897,0.5456202,-0.2015676,0.4939831,-0.3721743,0.6864886,0.3823617,0,0,0.3568169,0.08580726,0.1156358,0.9815031,-0.0154808,0.1359997,0.1338508
272934,0.0166672,56.3113686162978,1.036058,0.5459704,-0.2012479,0.4970532,-0.3696053,0.687011,0.3799292,0,0,0.3565677,0.08589727,0.1166202,0.9822582,-0.019604,0.1357801,0.1278605
272934,0.0166665,56.3280351161957,1.03644,0.5463904,-0.2005751,0.5015016,-0.3654234,0.6881481,0.3760509,0,0,0.356248,0.08605844,0.1169704,0.9827003,-0.0221307,0.1358583,0.1239072
272934,0.0166671,56.3447022158653,1.036645,0.546391,-0.2000487,0.5040213,-0.3620021,0.6891654,0.3741232,0,0,0.3555752,0.08643955,0.1173904,0.9834163,-0.02569723,0.1356948,0.117555
272934,0.0166674,56.3613696154207,1.037028,0.5462093,-0.1989617,0.5089464,-0.3557962,0.6907999,0.370376,0,0,0.3550488,0.08664507,0.117391,0.9839796,-0.02796727,0.134571,0.113546
272934,0.0166669,56.3780365157872,1.037275,0.5459869,-0.1983789,0.5107972,-0.3544225,0.6909958,0.3687764,0,0,0.3539618,0.08702821,0.1172093,0.984915,-0.03240666,0.1328184,0.1060741
272934,0.0166663,56.3947028163821,1.037684,0.5456586,-0.1973629,0.5134093,-0.3523012,0.6912532,0.3666933,0,0,0.353379,0.08727485,0.1169869,0.9850798,-0.03389586,0.1330907,0.1037097
272934,0.0166669,56.4113697167486,1.037835,0.5454041,-0.196892,0.5150487,-0.3507983,0.691646,0.3650911,0,0,0.3523629,0.08768374,0.1166586,0.9853188,-0.03610781,0.1332547,0.1004307
272934,0.0166669,56.4280366171151,1.037944,0.5450503,-0.1960773,0.5186567,-0.3472166,0.6927276,0.3613371,0,0,0.3518921,0.08783454,0.1164041,0.9855102,-0.03738368,0.1333109,0.09798125
272934,0.016667,56.4447036162019,1.037927,0.5447993,-0.1957152,-0.519354,0.3459911,-0.6934721,-0.3600807,0,0,0.3510774,0.08794373,0.1160503,0.9859632,-0.04013615,0.1332794,0.09220836
272934,0.0166674,56.4613710157573,1.037703,0.5442644,-0.1952054,0.5203653,-0.3441761,0.6948498,0.3576962,0,0,0.3507153,0.08792669,0.1157993,0.9861702,-0.04048816,0.1329877,0.09024131
272934,0.0166664,56.4780374150723,1.03756,0.543926,-0.1950008,0.5205216,-0.3436577,0.6953452,0.3570039,0,0,0.3502055,0.08770305,0.1152644,0.9865001,-0.0407506,0.1327334,0.08682688
272934,0.016667,56.4947044141591,1.03723,0.5432987,-0.1946539,0.5206101,-0.3430699,0.6960956,0.3559763,0,0,0.3500009,0.08755952,0.114926,0.9866082,-0.04067168,0.1325978,0.08583619
272972,0.0166663,56.5113707147539,1.037067,0.5430247,-0.1945026,0.5206436,-0.3428527,0.6964961,0.355353,0,0,0.349654,0.08723003,0.1142987,0.986753,-0.04037185,0.1324857,0.08447631
272972,0.016667,56.5280377138406,1.036729,0.5425031,-0.1941431,0.5204846,-0.3429074,0.6970366,0.3544719,0,0,0.3495026,0.08706707,0.1140247,0.9868186,-0.04015129,0.1325318,0.08373995
272972,0.016667,56.5447047129273,1.036545,0.5422177,-0.1938928,0.5202106,-0.3432596,0.6973379,0.3539404,0,0,0.3491432,0.08672887,0.1135031,0.9868734,-0.03956421,0.1328142,0.08292195
272972,0.0166682,56.5613729134202,1.036156,0.5416875,-0.1933689,-0.5187336,0.3451828,-0.6978799,-0.3531685,0,0,0.3488929,0.08654493,0.1132177,0.9868729,-0.03897106,0.133178,0.0826248
272972,0.0166659,56.5780388135463,1.035906,0.5413973,-0.1930744,0.5181257,-0.3460435,0.6980748,0.3528336,0,0,0.348369,0.08615595,0.1126875,0.9867555,-0.03672497,0.1344147,0.08305081
272972,0.0166672,56.5947060137987,1.035455,0.5410477,-0.1925618,0.5175699,-0.3472829,0.6983513,0.3518831,0,0,0.3480745,0.08590561,0.1123973,0.9866942,-0.03578578,0.1349919,0.08325466
272994,0.0166673,56.611373314634,1.035261,0.54087,-0.1921992,-0.5171915,0.3477446,-0.6986679,-0.3513542,0,0,0.3475619,0.08545536,0.1120477,0.9865892,-0.0345844,0.1361541,0.08311369
272994,0.0166665,56.6280398145318,1.034788,0.5406067,-0.1914665,-0.5166067,0.3492006,-0.698922,-0.3502637,0,0,0.3471993,0.08526117,0.1118699,0.9865767,-0.03386486,0.1365629,0.08288722
272994,0.0166669,56.6447067148983,1.034528,0.540476,-0.1911709,-0.5161402,0.3501391,-0.6990505,-0.3497574,0,0,0.3464666,0.08478802,0.1116066,0.9864388,-0.03254554,0.137955,0.0827517
272994,0.0166669,56.6613736152649,1.033934,0.5402439,-0.1906323,-0.5152714,0.3528645,-0.6988974,-0.3486038,0,0,0.346171,0.08452791,0.111476,0.9863489,-0.03168412,0.1387369,0.08285023
272994,0.0166677,56.6780413147062,1.033544,0.5401584,-0.1903626,0.5147772,-0.3537078,0.6990214,0.3482304,0,0,0.3456324,0.08393401,0.1112439,0.9860123,-0.02987769,0.1411424,0.08346193
272994,0.016666,56.6947073154151,1.032843,0.5402408,-0.1898928,-0.5135736,0.3555631,-0.6995364,-0.3470823,0,0,0.3453627,0.08354396,0.1111584,0.9859315,-0.02905867,0.141779,0.08362757
272994,0.0166678,56.7113751154393,1.032421,0.5403408,-0.1896254,-0.5131438,0.3566714,-0.6997126,-0.3462242,0,0,0.3448929,0.08284265,0.1112408,0.9857752,-0.02698137,0.1432392,0.08367716
272994,0.0166665,56.7280416153371,1.031526,0.5406408,-0.1891323,-0.511876,0.3593382,-0.7000153,-0.3447286,0,0,0.3446255,0.082421,0.1113408,0.9856544,-0.02599105,0.1443209,0.08355494
272994,0.0166674,56.7447090148926,1.03106,0.5407877,-0.1888932,0.5112868,-0.3602148,0.7003525,0.3440024,0,0,0.3441324,0.08152598,0.1116408,0.9853569,-0.0236054,0.1466029,0.08379919
272994,0.0166667,56.7613757140934,1.030257,0.5413335,-0.1884979,0.5103589,-0.3613681,0.701371,0.3420907,0,0,0.3438932,0.08105987,0.1117877,0.9852831,-0.0225241,0.1473514,0.08365051
272994,0.0166688,56.778044514358,1.029883,0.54158,-0.1883165,0.5099565,-0.3612723,0.7020131,0.3414739,0,0,0.3434979,0.08025748,0.1123335,0.9852327,-0.02050605,0.1486051,0.08253906
272994,0.0166646,56.7947091143578,1.029145,0.5421373,-0.1880469,0.5092517,-0.3611779,0.7031767,0.3402293,0,0,0.3433165,0.07988256,0.11258,0.9853126,-0.01979028,0.1485395,0.08187507
273034,0.0166672,56.8113763146102,1.028787,0.5424718,-0.1879948,0.508909,-0.3612272,0.7038333,0.3393308,0,0,0.343047,0.07914454,0.1131373,0.9854416,-0.01845732,0.1485501,0.08060419
273034,0.0166666,56.8280429150909,1.028103,0.5429127,-0.1879868,0.5082505,-0.3611189,0.7048402,0.3383415,0,0,0.3429949,0.07878727,0.1134718,0.9854942,-0.01767011,0.1487474,0.07976939
273034,0.016667,56.8447099141777,1.027806,0.5430796,-0.1880082,0.50791,-0.3610056,0.7052643,0.33809,0,0,0.3429869,0.07810301,0.1139127,0.985608,-0.01650689,0.1486779,0.07873646
273034,0.0168141,56.8615240138024,1.027238,0.5433311,-0.1881658,0.5073695,-0.3603506,0.7061118,0.3378309,0,0,0.3430083,0.07780558,0.1140795,0.9856691,-0.01602666,0.1484963,0.07841282
273034,0.0166673,56.8781913146377,1.026932,0.5433892,-0.1882824,0.5072116,-0.3598497,0.7066241,0.3375308,0,0,0.3431658,0.0772379,0.1143311,0.9858484,-0.01537858,0.1477329,0.0777262
273034,0.016668,56.8948593139648,1.026394,0.5433494,-0.1885395,0.5068752,-0.3586956,0.707842,0.3367117,0,0,0.3432825,0.07693225,0.1143892,0.9859631,-0.01512454,0.1473148,0.07711311
273034,0.0166665,56.9115258138627,1.026136,0.5432376,-0.1887346,0.5067819,-0.3584281,0.7082582,0.3362618,0,0,0.3435395,0.07639402,0.1143494,0.9862252,-0.01451539,0.1464127,0.07558157
273034,0.0166669,56.9281927142292,1.025755,0.5427623,-0.1890655,0.5066876,-0.3578069,0.7090195,0.33546,0,0,0.3437347,0.07613617,0.1142376,0.9862932,-0.01424328,0.1462908,0.07497962
273034,0.0166672,56.9448599144816,1.025591,0.5423878,-0.1891931,0.5066215,-0.3571222,0.7095635,0.335139,0,0,0.3440656,0.07575518,0.1137623,0.9864323,-0.01385564,0.1459811,0.07381689
273034,0.016667,56.9615269135684,1.025463,0.5413839,-0.1894763,0.5061807,-0.356793,0.7100301,0.3351674,0,0,0.3441932,0.0755915,0.1133878,0.9865676,-0.01371802,0.1454539,0.07307068
273034,0.016667,56.9781939126551,1.025553,0.5407165,-0.1896952,-0.5052452,0.3568774,-0.7105358,-0.3354173,0,0,0.3444764,0.07546288,0.1123839,0.9866657,-0.01327518,0.1449285,0.0728724
273034,0.0166671,56.9948610123247,1.025785,0.5396975,-0.1901964,0.5040159,-0.3570182,0.7114451,0.3351893,0,0,0.3446953,0.07555264,0.1117165,0.9867297,-0.01233072,0.144443,0.07313457
273072,0.0166659,57.0115269124508,1.025974,0.5390886,-0.190594,-0.5030944,0.3570737,-0.7118232,-0.3357115,0,0,0.3451965,0.0757851,0.1106975,0.9868187,-0.01084425,0.1440356,0.07297207
273072,0.0166673,57.028194213286,1.026567,0.5377319,-0.1915648,0.5011629,-0.3579907,0.71216,0.3369076,0,0,0.345594,0.07597429,0.1100886,0.9868777,-0.01003947,0.1434328,0.07347539
273072,0.016667,57.0448612123728,1.026951,0.5368771,-0.1921728,-0.4996879,0.3586134,-0.7124035,-0.3379199,0,0,0.3465648,0.07656747,0.1087319,0.9868531,-0.008309289,0.1428477,0.0751425
273072,0.016667,57.0615282114595,1.02759,0.5350125,-0.193242,-0.4971624,0.3577863,-0.7138275,-0.3395127,0,0,0.3471729,0.07695109,0.1078771,0.9868413,-0.007042971,0.142297,0.0764616
273072,0.0166671,57.0781953111291,1.027909,0.533933,-0.1938305,0.4962511,-0.3581334,0.7140797,0.3399493,0,0,0.348242,0.07758981,0.1060125,0.9871508,-0.005031398,0.1397181,0.07737514
273072,0.0166673,57.0948626119643,1.028689,0.5316696,-0.1948964,-0.4951799,0.3589473,-0.7146515,-0.3394511,0,0,0.3488305,0.07790917,0.104933,0.9871494,-0.004173583,0.1394145,0.07798924
273094,0.0166664,57.1115290112793,1.029211,0.5302783,-0.1955282,-0.4948819,0.3590242,-0.7150358,-0.3389949,0,0,0.3498965,0.07868904,0.1026696,0.9870998,-0.002676203,0.1397888,0.07801275
273094,0.0166678,57.1281968113035,1.030125,0.5280305,-0.1962551,-0.4942898,0.3588471,-0.7157691,-0.3384983,0,0,0.3505283,0.07921129,0.1012783,0.9871197,-0.002137513,0.1398753,0.07762227
273094,0.016667,57.1448638103902,1.030663,0.5267196,-0.1966666,-0.493887,0.3585553,-0.7162688,-0.3383383,0,0,0.3512551,0.08012491,0.09903051,0.9872064,-0.001284825,0.139604,0.07702388
273094,0.0166661,57.1615299098194,1.031595,0.5243802,-0.1974528,-0.4935642,0.3578509,-0.7171152,-0.3377618,0,0,0.3516666,0.0806635,0.09771957,0.9872907,-0.0008024244,0.1392021,0.0766758
273094,0.016667,57.1781969089061,1.032038,0.5232648,-0.197766,0.4932381,-0.3580471,0.7172943,0.3376499,0,0,0.3524528,0.08159548,0.0953802,0.9874499,-0.0002738651,0.138624,0.07567066
273094,0.0166672,57.1948641091585,1.032755,0.5213058,-0.1985543,0.4930052,-0.358248,0.7174842,0.3373734,0,0,0.3527661,0.08203775,0.09426476,0.9874414,0.0001577541,0.1386779,0.07568307
273094,0.016668,57.2115321084857,1.033045,0.5203876,-0.1988912,-0.4930932,0.3584822,-0.7175177,-0.3369244,0,0,0.3535543,0.08275491,0.09230579,0.9874287,0.0005586929,0.1388424,0.07554486
273094,0.0166659,57.2281980086118,1.033465,0.5190768,-0.1995395,0.4936003,-0.3583339,0.7176309,0.3360975,0,0,0.3538913,0.08304507,0.09138764,0.9873908,0.000684103,0.1392591,0.07527184
273094,0.0166672,57.2448652088642,1.033668,0.5184093,-0.1998787,0.4935807,-0.3585421,0.7175499,0.3360774,0,0,0.3545396,0.08346492,0.09007682,0.987397,0.000467449,0.1396812,0.07440554
273094,0.0166668,57.2615320086479,1.034084,0.5172873,-0.200529,0.4935623,-0.359538,0.7172239,0.3357363,0,0,0.3548787,0.08366805,0.08940931,0.9873624,0.0005216307,0.1398644,0.07451947
273094,0.0166666,57.2781986091286,1.034325,0.5167393,-0.2009977,-0.493653,0.3597742,-0.7172437,-0.3353071,0,0,0.355529,0.08408386,0.08828725,0.9871956,0.0008037266,0.1408682,0.07483507
273094,0.0166675,57.2948661092669,1.034879,0.5156021,-0.2019434,-0.4935766,0.360269,-0.7172704,-0.3348309,0,0,0.3559977,0.08432454,0.0877393,0.9871556,0.0009170214,0.1412811,0.07458265
273134,0.0166696,57.3115357086062,1.035226,0.5150074,-0.2024139,-0.4932853,0.3613187,-0.7170588,-0.3345823,0,0,0.3569434,0.08487934,0.08660205,0.9870825,0.001264601,0.141859,0.07444815
273134,0.0166639,57.3281996082515,1.035836,0.5141158,-0.2030544,-0.4931993,0.3619738,-0.7169316,-0.3342733,0,0,0.3574139,0.08522636,0.08600737,0.9869216,0.001812611,0.1427422,0.07488068
273134,0.0166676,57.3448672089726,1.036281,0.5135721,-0.2034038,-0.4930587,0.3627225,-0.7166747,-0.3342198,0,0,0.3580545,0.08583611,0.08511575,0.9868163,0.002115092,0.1433975,0.07500778
273134,0.0166669,57.3615341093391,1.037259,0.5125685,-0.2039496,-0.4928873,0.3644912,-0.7158792,-0.3342535,0,0,0.3584039,0.08628064,0.08457209,0.9866931,0.002377094,0.1440158,0.07543559
273134,0.0166662,57.3782003093511,1.037887,0.5119802,-0.2041849,-0.4931265,0.365617,-0.715429,-0.3336343,0,0,0.3589497,0.08725923,0.08356853,0.9863847,0.002746944,0.1454986,0.07660238
273134,0.0166668,57.3948671091348,1.038942,0.5110108,-0.2045539,-0.4937685,0.3669096,-0.7148041,-0.332604,0,0,0.359185,0.08788651,0.08298017,0.9861726,0.002874559,0.1468506,0.07674816
273134,0.0166676,57.4115347098559,1.039497,0.5104064,-0.2047685,0.4944546,-0.3667952,0.7146621,0.332015,0,0,0.359554,0.08894211,0.08201076,0.9859051,0.002752053,0.1487034,0.07662322
273134,0.0166668,57.4282015096396,1.040263,0.5094071,-0.2052187,0.495692,-0.3659612,0.7146515,0.3311121,0,0,0.3597686,0.08949667,0.08140631,0.9858851,0.002236069,0.1491584,0.07600908
273134,0.0166663,57.4448678102344,1.04062,0.508846,-0.2054778,0.4964499,-0.3655493,0.7145924,0.3305585,0,0,0.3602188,0.09026319,0.0804071,0.9859605,0.001167435,0.1493595,0.07464743
273134,0.0166673,57.4615351110697,1.041248,0.507953,-0.2057827,0.4975212,-0.3650848,0.7144074,0.3298607,0,0,0.3604779,0.09061974,0.07984598,0.9859869,0.0005228833,0.1495718,0.07387748
273134,0.0166665,57.4782016109675,1.041615,0.5075393,-0.2059647,-0.4980571,0.3651939,-0.7141932,-0.3293946,0,0,0.3607827,0.09124833,0.07895304,0.9859995,-0.0004130606,0.1499465,0.0729458
273134,0.0166669,57.4948685113341,1.042108,0.5069698,-0.2063086,0.4993297,-0.3646315,0.7141267,0.3282331,0,0,0.3609648,0.09161478,0.07853927,0.9859437,-0.0007941441,0.1504826,0.07259006
273172,0.0166675,57.5115360114723,1.042474,0.5064768,-0.206689,-0.5001206,0.3639272,-0.7143044,-0.3274226,0,0,0.3613087,0.09210831,0.0779698,0.9859609,-0.001765933,0.1510416,0.07116456
273172,0.0166668,57.5282028112561,1.042641,0.5061774,-0.2068801,0.5002398,-0.3638745,0.7143793,0.3271357,0,0,0.361689,0.09247404,0.07747675,0.9860356,-0.002371775,0.1511051,0.06996726
273172,0.0166669,57.5448697116226,1.042846,0.5058947,-0.2070782,-0.5004701,0.3640532,-0.7143595,-0.3266279,0,0,0.3618802,0.0926407,0.07717736,0.9860388,-0.002386215,0.1512231,0.06966595
273172,0.0166669,57.5615366119891,1.043087,0.50542,-0.2072543,0.5008233,-0.3641297,0.7143953,0.325922,0,0,0.3620783,0.0928461,0.0768946,0.9859931,-0.002403709,0.1516849,0.06930865
273172,0.0166679,57.5782045125961,1.04316,0.505208,-0.2073402,-0.5010586,0.364114,-0.7143865,-0.3255971,0,0,0.3622544,0.09308749,0.07641996,0.9859575,-0.002484136,0.1521897,0.06870249
273172,0.0166661,57.5948706120253,1.043187,0.5047857,-0.2075332,-0.5012378,0.3645301,-0.7142524,-0.3251495,0,0,0.3623403,0.09315962,0.07620795,0.9859443,-0.0026077,0.152413,0.0683926
273194,0.0166676,57.6115382127464,1.043134,0.5045766,-0.2076339,0.5012883,-0.3647109,0.7143524,0.3246489,0,0,0.3625333,0.09318668,0.07578571,0.9858575,-0.00256908,0.1530395,0.06824424
273194,0.0166667,57.6282049119473,1.042971,0.5042475,-0.207813,-0.5014113,0.3648909,-0.7145544,-0.3238108,0,0,0.362634,0.09313422,0.07557656,0.9858247,-0.002390595,0.153411,0.0678908
273194,0.0166661,57.6448710113764,1.042832,0.5040669,-0.2079127,0.5014138,-0.3649746,0.7146854,0.3234233,0,0,0.3628131,0.0929715,0.07524754,0.9857882,-0.002148399,0.1539428,0.06722152
273194,0.0166675,57.6615385115147,1.04259,0.5038368,-0.2080175,-0.5013994,0.3651795,-0.7150288,-0.3224539,0,0,0.3629128,0.09283215,0.07506694,0.9857754,-0.001976045,0.1541619,0.06691098
273194,0.0166663,57.6782048121095,1.04245,0.5037566,-0.2080937,0.5014724,-0.3655097,0.7151299,0.3217413,0,0,0.3630176,0.09259039,0.07483681,0.9857452,-0.001522977,0.1546962,0.06613109
273194,0.0166689,57.6948737129569,1.042274,0.503549,-0.2081719,0.5014542,-0.3664987,0.7150553,0.3208091,0,0,0.3630938,0.09245032,0.07475658,0.9856823,-0.001263644,0.1552914,0.06567626
273212,0.0166653,57.7115390133113,1.042202,0.5033994,-0.2081917,-0.5013766,0.3666727,-0.7152623,-0.3202697,0,0,0.363172,0.09227401,0.07454903,0.9855057,-0.0007385432,0.1565118,0.06543811
273212,0.0166671,57.7282061129808,1.041995,0.5031574,-0.2081689,0.5016062,-0.3669426,0.7154746,0.3191248,0,0,0.3631918,0.09220237,0.07439943,0.9854817,-0.0004036107,0.1568284,0.06504169
273212,0.0166672,57.7448733132333,1.041797,0.502937,-0.2081033,-0.5016649,0.3669302,-0.7156062,-0.3187518,0,0,0.363169,0.09199542,0.07415737,0.9854159,-0.0001423203,0.1576089,0.06414737
273212,0.0166666,57.7615399137139,1.041497,0.5026385,-0.2081354,0.5020009,-0.3668242,0.7157532,0.3180135,0,0,0.3631034,0.09179717,0.07393701,0.9854141,-5.029638E-05,0.1577654,0.06379094
273212,0.0166672,57.7782071139663,1.04131,0.5024238,-0.2081081,-0.5022027,0.3667128,-0.7158356,-0.3176377,0,0,0.3631355,0.09149748,0.07363851,0.9854068,-0.0001216461,0.1581123,0.06303909
273212,0.0166666,57.794873714447,1.040994,0.5020911,-0.2079712,0.5022683,-0.3669099,0.7158992,0.3171628,0,0,0.3631082,0.09130973,0.0734237,0.9854109,-0.0001985119,0.158253,0.06262029
273234,0.016667,57.8115407135338,1.040776,0.5019788,-0.2078876,-0.5023717,0.3671243,-0.715933,-0.3166741,0,0,0.3629712,0.0909937,0.07309099,0.985369,-4.878084E-05,0.1586384,0.06230395
273234,0.0166667,57.8282074127346,1.040377,0.5018753,-0.20784,-0.5022682,0.3679598,-0.715913,-0.3159131,0,0,0.3628877,0.09077615,0.07297881,0.9853204,6.642558E-05,0.1590635,0.0619872
273234,0.016668,57.8448754120618,1.040039,0.5019472,-0.2078372,-0.5022071,0.368393,-0.7159187,-0.3154922,0,0,0.3628401,0.09037739,0.07287528,0.9851729,0.0005934791,0.1600421,0.06181107
273234,0.016666,57.8615414127707,1.039504,0.5021447,-0.2078338,-0.5019766,0.3694248,-0.7158378,-0.3148354,0,0,0.3628373,0.09003919,0.07294716,0.9850964,0.0008858009,0.1605558,0.06169498
273234,0.0166682,57.8782096132636,1.039228,0.5023707,-0.2078157,-0.5021031,0.3704261,-0.715584,-0.3140327,0,0,0.3628339,0.08950418,0.07314469,0.9849205,0.001529515,0.1616085,0.06174076
273234,0.0166666,57.8948762137443,1.038804,0.5028403,-0.2075406,-0.5021644,0.3717254,-0.7151286,-0.3134365,0,0,0.3628158,0.08922774,0.07337065,0.9847189,0.001833698,0.1628671,0.06164075
273234,0.0166664,57.9115426130593,1.038536,0.5032142,-0.207232,-0.5020602,0.3724328,-0.714916,-0.3132485,0,0,0.3625407,0.0888043,0.07384034,0.9844651,0.002153669,0.1642836,0.06192603
273234,0.0166677,57.9282103125006,1.038038,0.5039343,-0.2066898,-0.5018523,0.3741826,-0.7141811,-0.3131726,0,0,0.3622321,0.08853608,0.07421418,0.9843378,0.002422452,0.1649355,0.06220585
273234,0.0166665,57.9448768123984,1.037508,0.5050397,-0.2062089,-0.5023377,0.3755277,-0.7134712,-0.3124015,0,0,0.3616899,0.08803755,0.0749342,0.9840177,0.002866402,0.1664289,0.06326491
273234,0.0166677,57.9615445118397,1.037243,0.5055943,-0.2059347,0.5026569,-0.3758639,0.7132778,0.3119251,0,0,0.361209,0.0875079,0.07603969,0.9837119,0.002789132,0.1681657,0.06343106
273234,0.0166716,57.97821611166,1.036824,0.5063698,-0.2052848,0.5025479,-0.37632,0.712988,0.3122133,0,0,0.3609348,0.08724338,0.07659431,0.9836168,0.002668582,0.1688045,0.06321307
273234,0.0166663,57.9948824122548,1.036687,0.5068839,-0.204932,0.5028548,-0.3762064,0.7128361,0.3122029,0,0,0.3602849,0.086824,0.07736982,0.9835378,0.002714626,0.1690521,0.0637764
273272,0.0166676,58.0115500129759,1.036388,0.5081062,-0.2040742,0.5035193,-0.375366,0.712759,0.3123193,0,0,0.3599321,0.08668739,0.07788379,0.983534,0.002366062,0.1691075,0.06370143
273272,0.0189963,58.0305463131517,1.036299,0.5083517,-0.2037767,-0.5034509,0.3750026,-0.7128571,-0.3126423,0,0,0.3590743,0.08638769,0.07910617,0.9836426,0.001492091,0.1686423,0.06328252
273272,0.016668,58.0472143124789,1.036055,0.5092984,-0.202835,-0.5034517,0.3748606,-0.7126814,-0.3132112,0,0,0.3587768,0.086299,0.07935174,0.983721,0.001395145,0.1681616,0.06334651
273272,0.0166667,58.0638810116798,1.035893,0.5096175,-0.2022822,-0.503428,0.3747654,-0.7125546,-0.3136515,0,0,0.3578351,0.08605462,0.08029838,0.9837507,0.001139832,0.1678228,0.06378663
273272,0.0166678,58.0805488117039,1.035411,0.5102321,-0.200882,0.5037632,-0.3744726,0.7120796,0.3145405,0,0,0.3572823,0.08589321,0.0806175,0.9837727,0.0009705331,0.1675617,0.06413631
273272,0.0166663,58.0972151122987,1.035197,0.5105008,-0.2002898,0.5038438,-0.3743603,0.7117969,0.3151843,0,0,0.355882,0.08541149,0.08123209,0.9838029,0.0001915622,0.1671362,0.06478832
273294,0.0166669,58.1138820126653,1.03468,0.5107404,-0.1992682,-0.5035241,0.3728611,-0.7120274,-0.3169465,0,0,0.3552899,0.08519703,0.08150078,0.9838185,-0.0001822198,0.1668366,0.06532102
273294,0.0166685,58.130550513044,1.034422,0.5108601,-0.1987901,0.5034117,-0.3721726,0.7121411,0.317678,0,0,0.3542684,0.08468002,0.08174039,0.9841373,-0.0007270486,0.1646774,0.06598997
273294,0.0166656,58.1472161132842,1.033883,0.5113198,-0.1980288,-0.5037573,0.3708798,-0.7124474,-0.3179553,0,0,0.3537902,0.08442169,0.08186014,0.9842789,-0.0009836458,0.1637323,0.06622609
273294,0.0166679,58.1638840138912,1.033573,0.5115362,-0.1977065,0.5039878,-0.3699384,0.7126108,0.3183204,0,0,0.3530288,0.08388346,0.08231981,0.9844966,-0.001620693,0.1626436,0.06565766
273294,0.0166662,58.1805502139032,1.032993,0.511943,-0.1971589,-0.5049354,0.3680504,-0.7125526,-0.3191366,0,0,0.3527066,0.08357292,0.08253618,0.9846553,-0.002131167,0.1617801,0.06539685
273294,0.0166669,58.1972171142697,1.032701,0.5121161,-0.1967738,0.5051618,-0.367258,0.7125883,0.3196111,0,0,0.352159,0.08299261,0.08294304,0.9849271,-0.003733878,0.1602616,0.06496869
273312,0.0166669,58.2138840146363,1.032159,0.5123161,-0.1959985,-0.5054364,0.3664341,-0.7126268,-0.3200361,0,0,0.3517738,0.08270079,0.08311607,0.9850541,-0.004272737,0.1594899,0.0649086
273312,0.0166671,58.2305511143059,1.031866,0.5123842,-0.1956437,0.5055981,-0.3662309,0.7125963,0.3200814,0,0,0.3509986,0.08215898,0.0833161,0.9851819,-0.004848381,0.1587329,0.06478347
273312,0.0166663,58.2472174149007,1.031234,0.5123878,-0.1949038,-0.5061381,0.3657895,-0.7126758,-0.3195555,0,0,0.3506438,0.08186632,0.08338423,0.9852053,-0.005069806,0.1586154,0.06469955
273312,0.016667,58.2638844139874,1.030929,0.5123843,-0.1944811,0.5063648,-0.3656658,0.7127068,0.3192683,0,0,0.3499039,0.08123428,0.08338775,0.9852415,-0.005495096,0.1586859,0.06393661
273312,0.0166668,58.2805512137711,1.03043,0.5123,-0.1935002,-0.5068514,0.3651198,-0.7128735,-0.3187487,0,0,0.3494812,0.08092934,0.08338423,0.9852452,-0.005638971,0.1587953,0.06359395
273312,0.0166695,58.2972207143903,1.030218,0.5123156,-0.1929616,0.5073034,-0.3647686,0.7129202,0.3183269,0,0,0.3485003,0.08043045,0.08329995,0.9853042,-0.0060195,0.1587434,0.06276821
273334,0.0166657,58.3138864152133,1.029946,0.5123218,-0.1917994,0.5083238,-0.3632922,0.7133738,0.3173699,0,0,0.3479617,0.08021849,0.08331557,0.9853295,-0.006382368,0.1588124,0.06215943
273334,0.0166682,58.3305546157062,1.029851,0.5123129,-0.1912208,0.5088313,-0.3627875,0.7133841,0.317111,0,0,0.3467994,0.07994622,0.08332182,0.9855092,-0.007275523,0.1583595,0.06034082
273334,0.016666,58.3472206164151,1.029615,0.5124425,-0.1900349,0.5098945,-0.3620649,0.7133567,0.3162894,0,0,0.3462208,0.07985121,0.08331288,0.9855551,-0.007787637,0.1582593,0.05978848
273334,0.0166667,58.363887315616,1.029437,0.5125266,-0.189487,-0.5102907,0.3620063,-0.7132507,-0.3159562,0,0,0.345035,0.07961458,0.08344246,0.9855885,-0.00870654,0.1584527,0.05858621
273334,0.0166669,58.3805542159826,1.029021,0.5127841,-0.1884237,0.5109116,-0.3623549,0.7129183,0.3153029,0,0,0.3444871,0.07943708,0.08352663,0.9855621,-0.009014606,0.1587232,0.05824873
273334,0.0166678,58.3972220160067,1.02883,0.5129425,-0.1880152,-0.5111872,0.3625359,-0.7127427,-0.3150452,0,0,0.3434238,0.07902092,0.08378406,0.9854404,-0.009393645,0.1595896,0.05788096
273334,0.0166663,58.4138883166015,1.028494,0.5132624,-0.187299,-0.5116131,0.3621331,-0.7127301,-0.3148456,0,0,0.3430153,0.07882959,0.08394249,0.9853813,-0.009572908,0.1599856,0.05776495
273334,0.0166665,58.4305548164994,1.028355,0.5134596,-0.1869661,-0.5118396,0.3618342,-0.7126998,-0.3148895,0,0,0.3422991,0.07849354,0.08426239,0.9854137,-0.01000913,0.1599142,0.05733239
273334,0.0166669,58.4472217168659,1.028129,0.5138243,-0.1863229,0.5120016,-0.3613431,0.7129103,0.3147134,0,0,0.3419662,0.07835513,0.08445956,0.9854465,-0.01031417,0.1597447,0.05718854
273334,0.0166674,58.4638891164213,1.028003,0.513968,-0.1860932,-0.5120305,0.3611785,-0.7129683,-0.3147238,0,0,0.341323,0.07812887,0.08482428,0.9855195,-0.01047521,0.159453,0.05671284
273334,0.0166673,58.4805564172566,1.027708,0.5141969,-0.1858682,-0.5119918,0.3610452,-0.7130792,-0.3146887,0,0,0.3410932,0.07800299,0.08496799,0.9855464,-0.01053029,0.1593167,0.05661757
273334,0.0166669,58.4972233176231,1.027554,0.5142858,-0.1858596,0.5119067,-0.3610632,0.713107,0.3147435,0,0,0.3408683,0.07770818,0.08519687,0.9855741,-0.01048678,0.1591912,0.05649759
273372,0.0177531,58.5149764176458,1.027304,0.5143466,-0.1860089,-0.5114838,0.3610911,-0.7133269,-0.3149007,0,0,0.3408597,0.07755429,0.08528574,0.985579,-0.01041281,0.1591441,0.05655768
273372,0.0166711,58.5316475182772,1.027204,0.5143023,-0.1861031,-0.5111982,0.3609087,-0.713601,-0.3149528,0,0,0.341009,0.07730395,0.08534659,0.9856143,-0.01000306,0.1588978,0.05670906
273372,0.016663,58.5483105182648,1.02714,0.5141796,-0.1863621,-0.5105359,0.3606942,-0.7139152,-0.31556,0,0,0.3411031,0.07720429,0.08530231,0.9856741,-0.009725866,0.1585719,0.05663123
273372,0.0166673,58.5649778191,1.027157,0.5141183,-0.1864923,0.510278,-0.3602334,0.7141809,0.315902,0,0,0.3413622,0.07714027,0.08517964,0.9857752,-0.009266288,0.1578218,0.05704098
273372,0.0166667,58.5816445183009,1.027357,0.5138424,-0.186762,-0.5099688,0.3594027,-0.7146668,-0.3162487,0,0,0.3414924,0.0771566,0.08511825,0.9858819,-0.009174298,0.1571537,0.05705705
273372,0.0166692,58.5983137190342,1.027492,0.5136288,-0.1868913,0.5097238,-0.3587782,0.7150589,0.3164663,0,0,0.3417621,0.07735652,0.0848424,0.9860584,-0.009068774,0.1561281,0.05683844
273394,0.0166647,58.6149784196168,1.02779,0.5129364,-0.1871436,-0.5092257,0.3574075,-0.7159486,-0.3168073,0,0,0.3418913,0.0774923,0.08462884,0.9861915,-0.00895781,0.155367,0.0566339
273394,0.0166722,58.6316506192088,1.027968,0.5125737,-0.1873177,0.508957,-0.3564954,0.7165698,0.3168624,0,0,0.3421436,0.07779044,0.08393635,0.9864772,-0.008702116,0.1537678,0.05605897
273394,0.0166615,58.6483121197671,1.028364,0.5117737,-0.1877059,-0.508426,0.3555334,-0.7171969,-0.3173765,0,0,0.3423178,0.07796758,0.08357365,0.9866597,-0.008530101,0.1527995,0.05551814
273394,0.016667,58.6649791188538,1.028613,0.5113535,-0.1879762,0.5082058,-0.3552156,0.7173639,0.3177074,0,0,0.3427059,0.07836396,0.0827737,0.986873,-0.008266794,0.1514851,0.05536827
273394,0.0166668,58.6816459186375,1.029247,0.5103508,-0.188212,0.5078302,-0.3554502,0.7171648,0.3184938,0,0,0.3429763,0.07861286,0.08235343,0.9869471,-0.008198374,0.1509687,0.05546868
273394,0.0166786,58.6983245182782,1.029542,0.5098955,-0.1881954,0.5076686,-0.3554673,0.7171099,0.3188559,0,0,0.3432121,0.0792473,0.08135082,0.9869398,-0.008086083,0.1506976,0.05634501
273412,0.0166558,58.7149803191423,1.029982,0.5093521,-0.1882765,-0.5079665,0.3548588,-0.7169511,-0.319416,0,0,0.3431955,0.0795421,0.08089544,0.9869508,-0.008057686,0.1504974,0.05669075
273412,0.0166669,58.7316472195089,1.030156,0.5091065,-0.1883431,-0.5079643,0.3548665,-0.7167645,-0.3198295,0,0,0.3432766,0.07998234,0.08035214,0.9870284,-0.008698215,0.1498969,0.05683583
273412,0.0166673,58.7483145203441,1.0304,0.5086193,-0.1884525,-0.507859,0.3551106,-0.7165721,-0.3201566,0,0,0.3433432,0.08015591,0.08010645,0.9870266,-0.008870592,0.1497492,0.05722858
273412,0.016668,58.7649825196713,1.030533,0.5083317,-0.1886613,0.5073718,-0.3559772,0.71638,0.3203964,0,0,0.3434525,0.08039993,0.0796193,0.9869933,-0.008864013,0.1497928,0.05768868
273412,0.0166664,58.7816489189863,1.030749,0.5075395,-0.1889672,-0.5063768,0.3575906,-0.7162559,-0.3204513,0,0,0.3436614,0.08053309,0.07933165,0.9868861,-0.008322872,0.1502319,0.05845401
273412,0.0166668,58.79831571877,1.030891,0.5070987,-0.1891706,-0.5058278,0.35877,-0.7160061,-0.3205586,0,0,0.3439673,0.08074886,0.07853939,0.9866925,-0.007052541,0.1511512,0.05950986
273434,0.0166663,58.8149820193648,1.031193,0.5060391,-0.189625,-0.5049392,0.3609118,-0.7155099,-0.3206629,0,0,0.3441706,0.08089131,0.07809867,0.986533,-0.006352583,0.1518882,0.06035099
273434,0.0166687,58.8316507190466,1.031355,0.5054953,-0.1898224,0.5043912,-0.3619356,0.7153533,0.3207209,0,0,0.3446251,0.08119351,0.07703908,0.9862294,-0.005166494,0.1533161,0.06179893
273434,0.0166669,58.8483176194131,1.031745,0.5043449,-0.19019,0.5037367,-0.3641463,0.7146651,0.3207814,0,0,0.3448225,0.08135468,0.0764953,0.9860926,-0.004467004,0.1539345,0.06249605
273434,0.0166655,58.8649831190705,1.031969,0.5036424,-0.1903836,0.5035262,-0.3653487,0.7142796,0.3206033,0,0,0.34519,0.08174545,0.07534494,0.9857475,-0.003520782,0.1555597,0.06395791
273434,0.0166673,58.8816504199058,1.032406,0.5021924,-0.1907319,0.5030253,-0.3669788,0.7139276,0.3203117,0,0,0.3453836,0.08196896,0.07464232,0.9855458,-0.003079495,0.1565954,0.06456
273434,0.0166669,58.8983173202723,1.032644,0.5013535,-0.1909364,0.5026886,-0.3676685,0.7138474,0.3202281,0,0,0.345732,0.08240563,0.07319237,0.9852878,-0.002221809,0.1579109,0.06532441
273434,0.0166671,58.9149844199419,1.033157,0.4997053,-0.1914738,0.5025018,-0.369574,0.7130466,0.3201119,0,0,0.3459365,0.08264393,0.0723535,0.9851879,-0.00173768,0.1583906,0.06568214
273434,0.0166683,58.931652719155,1.033425,0.4989995,-0.1917293,0.5025253,-0.3706039,0.71255,0.3199902,0,0,0.3464739,0.08315724,0.07070531,0.9848458,-0.001278209,0.1600464,0.06680062
273434,0.0166664,58.94831911847,1.033851,0.4976569,-0.1923339,0.5026901,-0.3729744,0.7112937,0.319772,0,0,0.3467294,0.08342463,0.06999947,0.9846486,-0.001144327,0.1610258,0.06735415
273434,0.0166673,58.9649864193052,1.033953,0.4970266,-0.1927097,0.5030355,-0.3742251,0.7105906,0.3193303,0,0,0.347334,0.08385092,0.06865688,0.9841793,-0.0009895018,0.1633145,0.06869225
273434,0.0166658,58.9816522188485,1.034289,0.4957983,-0.1931674,0.5036792,-0.3767927,0.7094737,0.3177763,0,0,0.3477097,0.0839532,0.06802662,0.9839075,-0.001058319,0.1647732,0.06910034
273434,0.0166716,58.9983238186687,1.034433,0.4953695,-0.1932478,-0.5044907,0.3777449,-0.7091226,-0.3161379,0,0,0.3481675,0.0842889,0.06679823,0.9833495,-0.000855425,0.1679768,0.06933185
273472,0.0166639,59.0149877183139,1.034859,0.4946122,-0.1934196,-0.5052938,0.3794521,-0.7082172,-0.3148377,0,0,0.3482479,0.0844329,0.06636952,0.9830906,-0.0009693741,0.1698467,0.06843953
273472,0.0166667,59.0316544175148,1.035151,0.4943655,-0.1934603,-0.5055785,0.3805305,-0.7076693,-0.3143111,0,0,0.3484197,0.0848586,0.06561218,0.9826747,-0.001146573,0.1722673,0.06835955
273472,0.0166669,59.0483213178813,1.035801,0.4940512,-0.1934162,-0.5058399,0.382264,-0.7067164,-0.3139303,0,0,0.3484604,0.08515102,0.06536545,0.9824291,-0.001136811,0.1735759,0.06857985
273472,0.0166696,59.0649909172207,1.036103,0.4940494,-0.1934968,-0.5059135,0.3842972,-0.7053706,-0.3143559,0,0,0.3484163,0.08580071,0.06505124,0.9820482,-0.001101957,0.1754094,0.06936635
273472,0.0166647,59.0816556178033,1.036502,0.4941003,-0.1936538,-0.5061237,0.3882121,-0.7027327,-0.3151146,0,0,0.3484969,0.08610338,0.06504939,0.9816168,-0.001174186,0.1771204,0.07110205
273472,0.016668,59.0983236171305,1.036677,0.494005,-0.1936357,-0.5062628,0.3885889,-0.7025602,-0.314811,0.032140102237463,0.241293415427208,0.3486539,0.08650202,0.0651003,0.9807604,-0.001375612,0.1804775,0.07439764
273494,0.0166658,59.1149894166738,1.037172,0.4945516,-0.1932984,-0.5053036,0.3853151,-0.705299,-0.3142517,0.108692675828934,0.389110684394836,0.3486358,0.08667701,0.06500493,0.9806665,-0.001368404,0.1810003,0.07436577
273494,0.0166674,59.1316568162292,1.037307,0.4954343,-0.1928433,-0.5072742,0.3770672,-0.7110002,-0.3081754,0.410931646823883,0.768604278564453,0.3482985,0.08717245,0.06555159,0.9814599,-0.0003534612,0.1777702,0.07165328
273494,0.0166668,59.1483236160129,1.038275,0.4965296,-0.1921512,-0.5113592,0.3457865,-0.7304812,-0.2921317,0.470010966062546,0.731494426727295,0.3478433,0.08730656,0.06643428,0.9829482,-0.0007824264,0.1735984,0.060629
273494,0.0166682,59.1649918165058,1.038689,0.4969641,-0.1918201,0.5113267,-0.3281777,0.7399025,0.2887713,0.535119235515594,0.834396958351135,0.3471513,0.08827513,0.0675296,0.9877645,-0.002272598,0.1537903,0.02578217
273494,0.016666,59.1816578172147,1.038967,0.4975363,-0.1913975,-0.5070282,0.3093077,-0.7498349,-0.2915457,0.655857682228088,1,0.3468202,0.08868891,0.06796406,0.9901464,-0.003235671,0.1395132,0.01165109
273494,0.0166668,59.1983246169984,1.039043,0.4978555,-0.1912377,0.5059574,-0.3035142,0.7521433,0.2935421,0.784839570522308,1,0.3463976,0.0889675,0.0685363,0.9927937,-0.002385538,0.1197869,0.002483356
273512,0.0166664,59.2149910163134,1.039248,0.4984818,-0.1910539,-0.5059836,0.2990395,-0.7535058,-0.294593,0.814086675643921,1,0.3462378,0.0890432,0.06885542,0.99354,-0.002913879,0.1134426,0.0007690575
273512,0.0166671,59.231658115983,1.039366,0.4988163,-0.1911337,0.5060751,-0.2973984,0.7539616,0.2949306,0.858253538608551,1,0.346054,0.08924812,0.06948178,0.9940155,-0.004080605,0.1091597,-0.0009786261
273512,0.0166668,59.2483249157667,1.03943,0.4993146,-0.1913131,-0.5060674,0.2949881,-0.7548265,-0.2951523,0.865555346012115,1,0.3461338,0.08936566,0.06981631,0.994177,-0.00458284,0.1076493,-0.001659459
273512,0.0166669,59.2649918161333,1.039442,0.4994869,-0.1915466,0.5060712,-0.2939587,0.7552644,0.2950525,0.878996610641479,1,0.3463132,0.08943039,0.07031457,0.9944057,-0.005058251,0.1054672,-0.002911436
273512,0.0166671,59.2816589158028,1.039405,0.4996347,-0.1917983,-0.5063827,0.2925971,-0.7557287,-0.2946825,0.88965767621994,1,0.3465467,0.0894416,0.07048689,0.9944928,-0.00519282,0.104614,-0.003623733
273512,0.0166671,59.2983260154724,1.039417,0.4996548,-0.1918627,0.5066401,-0.2919709,0.7558412,0.2945723,0.89666736125946,1,0.3467984,0.08940524,0.07063471,0.9945784,-0.005612846,0.1037278,-0.004778925
273534,0.016667,59.3149930145592,1.039479,0.4996733,-0.1918703,0.5069051,-0.2921357,0.755623,0.2945126,0.898778080940247,1,0.3468628,0.08941704,0.07065479,0.994613,-0.005955762,0.1033539,-0.005252921
273534,0.0166674,59.3316604141146,1.039523,0.499644,-0.1918489,0.507013,-0.292053,0.7555625,0.2945646,0.904813587665558,1,0.3468704,0.08947891,0.07067333,0.9945809,-0.006195055,0.1036503,-0.005204199
273534,0.0166663,59.3483267147094,1.039649,0.4995576,-0.1917472,0.5073135,-0.2920089,0.7554179,0.2944617,0.90661084651947,1,0.346849,0.08952326,0.07064395,0.994584,-0.006347905,0.1036118,-0.005204493
273534,0.0166686,59.3649953138083,1.039685,0.4995453,-0.1917121,0.5074235,-0.2919889,0.7553297,0.2945186,0.908658087253571,1,0.3467472,0.08964866,0.07055758,0.9945658,-0.006643941,0.1037612,-0.005320637
273534,0.0166658,59.3816611133516,1.03966,0.4995865,-0.1916715,0.5078604,-0.2915965,0.7551545,0.2946033,0.910049200057983,1,0.3467122,0.08968502,0.0705453,0.9945635,-0.006790572,0.1037762,-0.005278425
273534,0.0166669,59.3983280137181,1.039654,0.4996552,-0.1917368,0.5080169,-0.2915586,0.7550396,0.2946655,0.912137448787689,1,0.3466715,0.08965963,0.07058649,0.994575,-0.007369533,0.103619,-0.005429321
273534,0.0166662,59.4149942137301,1.039562,0.4997561,-0.1919464,0.5084593,-0.2908702,0.7550342,0.2945963,0.913301467895508,1,0.3467368,0.08965415,0.07065524,0.9945715,-0.007572554,0.1036395,-0.005392307
273534,0.0166668,59.4316610135138,1.039456,0.4998168,-0.1920654,0.5086811,-0.2904851,0.7551275,0.2943546,0.919174790382385,1,0.3469465,0.08956236,0.07075606,0.994601,-0.008145843,0.1032875,-0.005862369
273534,0.0166676,59.4483286142349,1.039245,0.4998673,-0.192412,-0.5089819,0.2896777,-0.7554191,-0.2938815,0.921698033809662,0.999259889125824,0.3470654,0.08945602,0.07081677,0.9946101,-0.00835742,0.1031556,-0.006312151
273534,0.0166674,59.4649960137904,1.039167,0.4998173,-0.1925551,0.5091321,-0.2895245,0.755509,0.2935413,0.929559826850891,0.980400860309601,0.347412,0.08924526,0.07086734,0.9946399,-0.008634932,0.1027856,-0.007226771
273534,0.0166667,59.4816627129912,1.039136,0.4995266,-0.1926793,-0.5094627,0.2899745,-0.7554417,-0.2926955,0.931421518325806,0.976117551326752,0.3475551,0.08916682,0.07081725,0.994629,-0.008690221,0.1028574,-0.007628667
273534,0.0166695,59.4983322136104,1.039185,0.4993484,-0.1926367,-0.5097183,0.2906289,-0.7552805,-0.2920168,0.934571981430054,0.971334397792816,0.3476794,0.08913583,0.07052664,0.9945343,-0.008640992,0.1037348,-0.008129188
273572,0.0166642,59.5149964131415,1.039362,0.498899,-0.1924053,0.5098929,-0.2910841,0.7552416,0.2913583,0.935918211936951,0.970062792301178,0.3476368,0.08918506,0.0703484,0.9944333,-0.008542022,0.1046884,-0.008354355
273572,0.0166823,59.5316787138581,1.039447,0.4987004,-0.1923032,0.5098934,-0.2912447,0.7552126,0.2912718,0.939383447170258,0.965408861637115,0.3474054,0.08936197,0.06989898,0.9943542,-0.008396024,0.105422,-0.008681797
273572,0.016666,59.5483447145671,1.039522,0.4985149,-0.192156,-0.5101545,0.2909831,-0.7552719,-0.2909223,0.940963804721832,0.96216893196106,0.3473032,0.08944672,0.06970041,0.9943366,-0.008335415,0.1055947,-0.008664477
273572,0.016667,59.5650117136538,1.039539,0.4984736,-0.1921144,0.5102716,-0.2909508,0.7552707,0.2907521,0.945277512073517,0.956055283546448,0.347156,0.08952194,0.06951489,0.9943269,-0.008527456,0.1056311,-0.009137795
273572,0.016667,59.5816787127405,1.039559,0.4984461,-0.1920469,0.510333,-0.2907787,0.7553846,0.2905204,0.946468830108643,0.955227255821228,0.3471145,0.08953851,0.06947361,0.9943146,-0.008594108,0.1057263,-0.009311172
273572,0.0166688,59.5983475130051,1.039566,0.4984709,-0.1920267,0.5103772,-0.2906815,0.7554707,0.2903164,0.949217259883881,0.95283168554306,0.347047,0.08955926,0.06944607,0.9943147,-0.008598548,0.1056964,-0.009625929
273594,0.016666,59.6150135137141,1.03957,0.4984992,-0.1919434,0.5104892,-0.2904523,0.7556258,0.2899447,0.950076639652252,0.951861023902893,0.3470268,0.08956569,0.06947087,0.9943107,-0.008582524,0.1057122,-0.009870778
273594,0.0166669,59.6316804140806,1.039597,0.4985819,-0.1919019,-0.5107441,0.2903078,-0.7557006,-0.2894454,0.950812518596649,0.950471818447113,0.3469434,0.08956999,0.06949921,0.9943058,-0.008596869,0.1057118,-0.01034725
273594,0.0166673,59.6483477149159,1.039666,0.4986161,-0.1917787,-0.5113034,0.2892895,-0.7559206,-0.2889025,0.951560080051422,0.949828326702118,0.346902,0.08959728,0.06958191,0.9942787,-0.008703603,0.1059044,-0.01088721
273594,0.0166663,59.6650140155107,1.039733,0.4986691,-0.1917506,0.5115308,-0.2889264,0.7560333,0.2885681,0.952889144420624,0.94663667678833,0.3467787,0.08966583,0.06961606,0.994303,-0.009275244,0.1055071,-0.01198617
273594,0.016667,59.6816810145974,1.039869,0.4988169,-0.1917557,-0.5120475,0.2882834,-0.7562043,-0.2878461,0.953010439872742,0.945609390735626,0.3467507,0.08973283,0.06966911,0.9943027,-0.009454471,0.1054336,-0.01250629
273594,0.0166684,59.6983494143933,1.03994,0.4988652,-0.1917669,0.5121548,-0.2881254,0.7562513,0.2876899,0.953480303287506,0.943569362163544,0.3467558,0.08986932,0.06981687,0.9942879,-0.0098464,0.1054099,-0.01354389
273612,0.016666,59.7150154151022,1.040082,0.498873,-0.1917861,-0.5123657,0.2877742,-0.7563577,-0.287386,0.953601837158203,0.942927360534668,0.3467669,0.08994037,0.06986515,0.9942863,-0.009929527,0.1053863,-0.01377972
273612,0.0166663,59.7316817156971,1.04016,0.4988392,-0.1918201,0.5124816,-0.2872783,0.7564741,0.2873689,0.95365184545517,0.942219972610474,0.3467862,0.09008175,0.06987299,0.9942865,-0.01010129,0.1053034,-0.01426467
273612,0.0166672,59.7483489159495,1.040375,0.4987821,-0.1919138,-0.5125232,0.2865915,-0.7565222,-0.2878531,0.953599631786346,0.942551553249359,0.3468202,0.09016007,0.06983922,0.9943185,-0.01030629,0.104938,-0.01457545
273612,0.0166666,59.7650155164301,1.04047,0.4988059,-0.1919556,0.5121996,-0.2857492,0.7566993,0.2887999,0.954115986824036,0.945860385894775,0.3469139,0.09037501,0.06978209,0.9943953,-0.0106601,0.1041776,-0.01454284
273612,0.0166674,59.7816829159856,1.040444,0.4994625,-0.1920536,-0.5118147,0.282818,-0.7572588,-0.2908934,0.955091714859009,0.950257837772369,0.3469556,0.09047025,0.06980594,0.9945292,-0.0108217,0.1029244,-0.01418628
273612,0.0166684,59.7983513157815,1.040416,0.5001417,-0.1922665,-0.5114993,0.2817156,-0.757264,-0.2924998,0.955281913280487,0.964213728904724,0.3470537,0.09044415,0.07046251,0.9948801,-0.0117311,0.09939442,-0.01402736
273634,0.0166662,59.8150175157934,1.040281,0.5021635,-0.1928877,0.5105613,-0.2760886,0.7580512,0.2974234,0.954642295837402,0.973585546016693,0.3472665,0.09041625,0.07114173,0.9950562,-0.01221291,0.09766915,-0.01321756
273634,0.0166664,59.8316839151084,1.040143,0.5034655,-0.1932511,-0.5105338,0.2715305,-0.7587382,-0.2999048,0.953756868839264,0.973143041133881,0.3478877,0.09028131,0.07316352,0.9957266,-0.01413284,0.09046278,-0.01206104
273634,0.0166664,59.8483503144234,1.039572,0.5064979,-0.1938431,0.5118675,-0.2633662,0.7591887,0.3037478,0.953218400478363,0.974390208721161,0.3482512,0.09014302,0.07446553,0.9961266,-0.01591219,0.08557361,-0.01248045
273634,0.0166671,59.865017414093,1.03913,0.5080625,-0.1940049,-0.5114374,0.2595445,-0.7593617,-0.3073086,0.952850639820099,0.97260594367981,0.3488432,0.08957225,0.0774978,0.9966695,-0.02041688,0.07774715,-0.01373157
273634,0.0166666,59.8816840145737,1.037855,0.5117223,-0.1942387,-0.5081045,0.2587501,-0.757264,-0.31848,0.949762582778931,0.967687785625458,0.349005,0.08912998,0.07906242,0.9970134,-0.02209906,0.07290169,-0.01269535
273634,0.0166676,59.8983516152948,1.037018,0.5138556,-0.1944656,-0.5065611,0.2566448,-0.7571339,-0.3229204,0.921250820159912,0.965742826461792,0.3492387,0.08785516,0.08272232,0.9975231,-0.02316548,0.06635368,-0.002863521
273634,0.016667,59.9150186143816,1.035042,0.518741,-0.1949556,-0.5015942,0.2499655,-0.7586836,-0.3321442,0.920360386371613,0.965411305427551,0.3494657,0.0870176,0.08485557,0.997787,-0.02371104,0.06212052,1.085839E-05
273634,0.0166667,59.9316853135824,1.034036,0.5214967,-0.1952631,0.5002109,-0.247358,0.759323,0.3347116,0.926239013671875,0.960483491420746,0.3499557,0.0850417,0.08974095,0.9984379,-0.02341598,0.05051416,0.004652403
273634,0.016667,59.9483523126692,1.031968,0.5270749,-0.1961481,-0.4980619,0.2445327,-0.7602586,-0.3378536,0.928613603115082,0.955164611339569,0.3502632,0.08403641,0.09249665,0.9986196,-0.02349593,0.04665192,0.00552239
273634,0.0166669,59.9650192130357,1.030969,0.5298496,-0.1965877,-0.4965532,0.2439152,-0.7606757,-0.3395778,0.918500185012817,0.964434385299683,0.3511482,0.08196813,0.09807481,0.9988279,-0.02303794,0.04202029,0.006803749
273634,0.0166669,59.9816861134022,1.028556,0.5354837,-0.1971803,0.4947191,-0.2426748,0.7618749,0.340454,0.916116654872894,0.972818970680237,0.3515878,0.08096939,0.1008496,0.9989149,-0.02224937,0.04011573,0.008047792
273634,0.0166671,59.9983532130718,1.027277,0.5383624,-0.1974651,0.4946422,-0.2430366,0.7618126,0.3404466,0.9061399102211,0.981799423694611,0.3521804,0.07855648,0.1064837,0.9990329,-0.02087294,0.03783708,0.008135125
273672,0.0166668,60.0150200128555,1.024274,0.543825,-0.1979374,-0.4936293,0.2401735,-0.7636403,-0.3398536,0.903624415397644,0.983383357524872,0.3524652,0.07727748,0.1093624,0.999024,-0.02071446,0.03811074,0.008336682
273672,0.0166696,60.0316896121949,1.02273,0.5466354,-0.1983533,0.4929163,-0.2365502,0.7653788,0.3395187,0.904605686664581,0.979474365711212,0.3529375,0.07427377,0.114825,0.9991559,-0.0199333,0.03539682,0.006118029
273672,0.0166663,60.0483559127897,1.01953,0.5521013,-0.1991783,-0.4926437,0.2261401,-0.7695097,-0.337665,0.907480657100677,0.976348400115967,0.3533533,0.07273024,0.1176354,0.999283,-0.01974889,0.03209022,0.003712267
273672,0.0166669,60.0650228131562,1.017949,0.5545592,-0.199483,0.4923174,-0.2205549,0.7715276,0.3372306,0.913467824459076,0.969323635101318,0.3541784,0.06953019,0.1231012,0.9994918,-0.0208211,0.02381138,-0.003982723
273672,0.0166669,60.0816897135228,1.014802,0.5596761,-0.2004412,0.4918128,-0.2166782,0.7736037,0.3357205,0.916074514389038,0.966756105422974,0.3544831,0.06794935,0.1255592,0.9995587,-0.02146931,0.01908819,-0.007564385
273672,0.0166682,60.0983579140157,1.013339,0.5619795,-0.2010173,0.4918648,-0.2142784,0.7748839,0.334229,0.918930947780609,0.965585649013519,0.3554413,0.06480223,0.130676,0.9995843,-0.02112394,0.0161318,-0.01117167
273694,0.0166665,60.1150244139135,1.009898,0.566812,-0.2024404,0.4912831,-0.208058,0.7780362,0.3316816,0.91448575258255,0.963306307792664,0.3560173,0.06333941,0.1329795,0.9995731,-0.02107709,0.01468959,-0.01391818
273694,0.0166679,60.1316923145205,1.008188,0.5690808,-0.2032321,0.4904287,-0.2067138,0.779263,0.3309054,0.911617636680603,0.956330060958862,0.3574405,0.0598982,0.137812,0.9995374,-0.02075801,0.01012187,-0.01979108
273694,0.0166659,60.1483582146466,1.004732,0.5735894,-0.2047543,0.4895627,-0.202958,0.781594,0.3290096,0.905963599681854,0.954372704029083,0.3582322,0.05818814,0.1400808,0.9995381,-0.0198142,0.008868746,-0.02126878
273694,0.016668,60.1650262139738,1.003068,0.5756729,-0.2055777,-0.4893993,0.2009838,-0.7825113,-0.3282836,0.902645289897919,0.954298675060272,0.3597544,0.0547325,0.1445894,0.9994867,-0.01894086,0.006006484,-0.0251321
273694,0.0166664,60.1816926132888,0.9991949,0.5798443,-0.2072356,-0.4907288,0.1916183,-0.786247,-0.3229297,0.90158224105835,0.953238546848297,0.3605778,0.0530681,0.1466729,0.9994487,-0.01891294,0.004543671,-0.02690711
273694,0.0166665,60.1983591131866,0.9972188,0.5816685,-0.2080529,-0.4906006,0.1866615,-0.7884203,-0.3207212,0.895487070083618,0.959644436836243,0.3622356,0.04919487,0.1508442,0.9991063,-0.02030336,-0.0006382639,-0.03706573
273712,0.0180868,60.2164459135383,0.9936464,0.58485,-0.2099186,-0.4880576,0.1800756,-0.7925086,-0.3182809,0.897427022457123,0.962254166603088,0.363053,0.04721886,0.1526685,0.9989074,-0.02043142,-0.004004637,-0.04184042
273712,0.016667,60.2331129126251,0.9915237,0.5866027,-0.210838,0.4871019,-0.1744077,0.7950258,0.3166194,0.895574748516083,0.971706628799438,0.3649186,0.04364645,0.1558499,0.9986462,-0.01828855,-0.00979335,-0.04770062
273712,0.0166693,60.2497822120786,0.9876395,0.5892099,-0.2122084,0.4849422,-0.1675434,0.7988969,0.3138859,0.894368350505829,0.983025074005127,0.3658381,0.04152375,0.1576027,0.9983658,-0.01797318,-0.01433459,-0.05231933
273712,0.0166655,60.266447711736,0.985153,0.5908622,-0.2130509,0.4849843,-0.1627583,0.8016493,0.309287,0.892639577388763,1,0.3672084,0.03763956,0.1602099,0.9979513,-0.01626533,-0.02002404,-0.05854706
273712,0.0166657,60.283113412559,0.9808882,0.5925103,-0.2141318,0.4829578,-0.1587734,0.8054597,0.3045939,0.889890253543854,1,0.368051,0.03515297,0.1618621,0.997492,-0.01567849,-0.02220491,-0.06535234
273712,0.0166672,60.2997806128114,0.9786299,0.5935912,-0.2148098,0.4815671,-0.1557737,0.8084733,0.3003307,0.887666821479797,1,0.3691319,0.03088826,0.1635103,0.9970351,-0.01267784,-0.02466311,-0.0717769
273734,0.0166666,60.3164472132921,0.9745796,0.5957379,-0.2161152,0.4782225,-0.1513887,0.8138593,0.2932881,0.88438355922699,1,0.3698099,0.0286299,0.1645912,0.9966142,-0.01029849,-0.02615671,-0.07726509
273734,0.0166673,60.3331145141274,0.9724526,0.597062,-0.2169014,0.4771058,-0.1496987,0.8159747,0.2900787,0.888809621334076,1,0.3711154,0.02457958,0.1667379,0.9958721,-0.005158792,-0.02862976,-0.08597934
273734,0.0166669,60.3497814144939,0.9682419,0.5994495,-0.2183053,0.4752139,-0.1476555,0.8194541,0.2843674,0.893600344657898,1,0.3719015,0.02245259,0.168062,0.9955257,-0.003187086,-0.0293001,-0.08977686
273734,0.0166672,60.3664486147463,0.9660329,0.6007313,-0.2190313,0.4753918,-0.1471312,0.8207415,0.2806041,0.900976240634918,1,0.3733054,0.01824188,0.1704495,0.9949392,0.0004488365,-0.0296427,-0.09600563
273734,0.0166666,60.383115215227,0.9613349,0.6025198,-0.220108,0.4745418,-0.1443365,0.8249205,0.271078,0.90405136346817,1,0.3740314,0.01603293,0.1717312,0.9946093,0.001544503,-0.02851158,-0.09968498
273734,0.0166665,60.3997817151248,0.9587576,0.6033614,-0.2208876,0.4743666,-0.1445938,0.8272316,0.2641158,0.902506470680237,1,0.3751081,0.01133496,0.1735197,0.9935693,0.005256668,-0.02744912,-0.1097225
273734,0.0166669,60.4164486154914,0.954129,0.604128,-0.2217636,0.472538,-0.1437148,0.8307317,0.2567857,0.895459890365601,1,0.3758877,0.008757651,0.1743614,0.9929336,0.008072369,-0.02455496,-0.1158219
273734,0.0166673,60.4331159163266,0.9514046,0.6049714,-0.222434,0.4717754,-0.1407607,0.8331115,0.2520711,0.919317960739136,1,0.3767636,0.004128993,0.175128,0.9920828,0.01242378,-0.02321124,-0.1227956
273734,0.0166664,60.4497823156416,0.9465878,0.6063354,-0.2239264,0.4687925,-0.1362238,0.8373173,0.2461229,0.924869298934937,1,0.3774341,0.001404583,0.1759714,0.9913118,0.01412848,-0.02410259,-0.1285319
273734,0.0166674,60.4664497151971,0.9437432,0.6068343,-0.2246895,0.4676767,-0.132458,0.8397086,0.2421222,0.927335143089294,1,0.3789265,-0.003412187,0.1773354,0.9901618,0.01814327,-0.0268246,-0.1361279
273734,0.0166668,60.4831165149808,0.9388848,0.6068153,-0.225425,0.4650949,-0.1278083,0.8446519,0.2321962,0.934541821479797,1,0.3796896,-0.006256819,0.1778343,0.989307,0.01969319,-0.02881074,-0.1416118
273772,0.0172905,60.5004070159048,0.9338074,0.6065218,-0.2264745,0.4635574,-0.1244207,0.8488338,0.2216195,0.951410949230194,1,0.380425,-0.01111519,0.1778153,0.9875153,0.02456125,-0.0297823,-0.15272
273772,0.0166653,60.5170723162591,0.9313406,0.6067117,-0.2273062,0.4629911,-0.122744,0.8498479,0.2198456,0.951136469841003,1,0.3814746,-0.01619256,0.1775218,0.9856625,0.02883495,-0.0289329,-0.1637098
273772,0.0166676,60.5337399169803,0.9284037,0.6067594,-0.2281491,0.4618883,-0.1199245,0.8515172,0.2172462,0.960241436958313,1,0.3823063,-0.01865935,0.1777117,0.9852122,0.0295542,-0.02983389,-0.1661131
273772,0.0166668,60.550406716764,0.9232701,0.6064746,-0.2294086,0.4603558,-0.1142867,0.8547786,0.2106291,0.971276044845581,1,0.3831492,-0.02159631,0.1777594,0.9844901,0.03078162,-0.03157277,-0.1698087
273772,0.0166671,60.5670738164335,0.9205509,0.606326,-0.2305135,0.4599054,-0.1129717,0.8561577,0.2066844,0.994531571865082,1,0.3844087,-0.02672988,0.1774746,0.9828072,0.0329811,-0.03413592,-0.1784294
273772,0.0166666,60.5837404169142,0.915953,0.6059898,-0.2324871,-0.4583562,0.1159218,-0.8577026,-0.2020352,1,1,0.3855136,-0.02944911,0.177326,0.982021,0.03437623,-0.03377756,-0.1825161
273772,0.0166688,60.6004092171788,0.9133691,0.6055034,-0.2334687,0.456566,-0.1178407,0.8590404,0.1992754,1,1,0.3874872,-0.03404695,0.1769898,0.9815304,0.0383449,-0.03016641,-0.1849807
273794,0.0166655,60.6170747168362,0.9088184,0.6046805,-0.2351866,0.4545251,-0.1183845,0.8608658,0.1957096,1,1,0.3884688,-0.03663093,0.1765034,0.9811983,0.04163773,-0.02828526,-0.1863229
273794,0.0166669,60.6337416172028,0.9061558,0.6044455,-0.2361169,0.4530304,-0.1181717,0.8621783,0.1935136,1,1,0.3901867,-0.04118162,0.1756805,0.9805527,0.04505151,-0.02729742,-0.1890544
273794,0.0166669,60.6504085175693,0.9018101,0.6030264,-0.2373261,0.4510391,-0.1173918,0.8642008,0.1895787,1,1,0.391117,-0.04384422,0.1754455,0.980073,0.04723792,-0.02724158,-0.1910066
273794,0.0166672,60.6670757178217,0.8995328,0.6023623,-0.2383471,-0.449593,0.1199567,-0.8647124,-0.1890746,1,1,0.3923262,-0.04818994,0.1740264,0.9791899,0.05032485,-0.02714362,-0.1947252
273794,0.016669,60.6837447173893,0.8958009,0.6005998,-0.2395543,-0.4468432,0.1206103,-0.866652,-0.1862757,1,1,0.3933472,-0.05046719,0.1733623,0.9792953,0.05269769,-0.02551209,-0.1937857
273812,0.0166656,60.7004103176296,0.8917643,0.5992374,-0.2410302,0.4465419,-0.1225158,0.8675783,0.1813785,1,1,0.3945544,-0.05419904,0.1715998,0.9786983,0.05659224,-0.02506787,-0.1957513
273812,0.0166658,60.7170761171728,0.8899839,0.5987194,-0.2417835,0.4465424,-0.1263095,0.8673924,0.1796559,1,1,0.3960303,-0.0582357,0.1702374,0.9779939,0.05898479,-0.02159144,-0.1989538
273812,0.0166685,60.7337446175516,0.8879554,0.598146,-0.2424921,-0.4466385,0.12602,-0.8680989,-0.1761747,1,1,0.3967836,-0.0600161,0.1697194,0.9780719,0.06058937,-0.01777379,-0.1984655
273812,0.0166657,60.7504103183746,0.8842719,0.5973346,-0.2441148,-0.4456596,0.1266663,-0.8694667,-0.1713796,1,1,0.3974922,-0.06204456,0.169146,0.9773974,0.06149808,-0.01649307,-0.2015944
273812,0.0166675,60.7670778185129,0.8825277,0.5967304,-0.2448745,-0.4436274,0.1260689,-0.8712807,-0.1678438,1,1,0.3991149,-0.06572813,0.1683346,0.9764848,0.06416805,-0.01438199,-0.2053121
273812,0.0166666,60.7837444189936,0.8798071,0.5957255,-0.2463122,-0.4403135,0.127113,-0.8735917,-0.1637191,1,1,0.3998746,-0.06747228,0.1677303,0.9755976,0.06716645,-0.01429673,-0.2085515
273812,0.0166682,60.8004126194865,0.8780448,0.5951461,-0.247366,-0.4394314,0.1262853,-0.8746902,-0.1608392,1,1,0.4013123,-0.07019287,0.1667255,0.9746516,0.07209967,-0.01320335,-0.21138
273834,0.0166661,60.8170787189156,0.8756492,0.593998,-0.2490097,-0.4371398,0.1242545,-0.8768827,-0.1566729,1,1,0.402366,-0.07195526,0.1661461,0.9739196,0.07364054,-0.01305024,-0.2142137
273834,0.0166679,60.8337466195226,0.8746611,0.5929978,-0.2497416,-0.4353714,0.1241596,-0.8781022,-0.1548315,1,1,0.4040098,-0.07435077,0.164998,0.9726779,0.07665755,-0.01396539,-0.2186925
273834,0.0166879,60.8504345193505,0.8729976,0.5917217,-0.2509383,0.4346423,-0.1275614,0.8782781,0.1531078,0.995967626571655,1,0.4047416,-0.0753389,0.1639978,0.972146,0.07897913,-0.01405795,-0.22022
273834,0.016665,60.867099519819,0.8720968,0.5910008,-0.2515055,0.4348678,-0.1302571,0.8779473,0.152091,0.973312556743622,1,0.4059384,-0.07700235,0.1627216,0.972081,0.08118835,-0.01087878,-0.2198835
273834,0.016667,60.8837665189058,0.871094,0.5894613,-0.2521817,0.4354319,-0.1368199,0.8767517,0.1516107,0.967799782752991,1,0.4065056,-0.07790321,0.1620008,0.9721581,0.0820144,-0.008141468,-0.2193538
273834,0.0166674,60.9004339184612,0.8707876,0.5884526,-0.2524436,0.4351958,-0.1410135,0.8760647,0.1524159,0.96118688583374,1,0.4071818,-0.078906,0.1604613,0.9727404,0.0833988,-0.002320491,-0.2163692
273834,0.0166673,60.9171012192965,0.8699101,0.5871469,-0.2530876,0.4379169,-0.1454619,0.8744013,0.1499734,0.94192636013031,1,0.4074436,-0.07921249,0.1594526,0.9732802,0.08454575,0.0006553045,-0.2134882
273834,0.0166666,60.9337678197771,0.8695713,0.5866383,-0.2532966,-0.4408553,0.1461428,-0.8730338,-0.148664,0.899690985679626,1,0.4080877,-0.08008987,0.1581469,0.9733641,0.08371194,0.006588171,-0.2133339
273834,0.0166671,60.9504349194467,0.8684026,0.5852472,-0.2525566,-0.4372712,0.1358938,-0.8781477,-0.1385046,0.833078563213348,1,0.4082968,-0.08042866,0.1576383,0.9733586,0.08129116,0.009051304,-0.2142028
273834,0.0166666,60.9671015199274,0.8677131,0.5845209,-0.2526973,-0.4356379,0.1323946,-0.8802387,-0.1336835,0.535828828811646,0.474541395902634,0.4075567,-0.08159739,0.1562472,0.9699375,0.08512849,0.003417037,-0.2279533
273834,0.0166667,60.9837682191283,0.8676809,0.5836366,-0.2539288,-0.4336873,0.1311871,-0.8822436,-0.1278735,0.403092920780182,0.274781703948975,0.4076974,-0.08228689,0.1555209,0.9683782,0.0872139,0.001908387,-0.2337388
273834,0.0166669,61.0004351194948,0.8679355,0.5833415,-0.2546422,-0.433875,0.1338258,-0.8819531,-0.1264987,0.19043904542923,0.155556336045265,0.4089289,-0.08231908,0.1546366,0.966756,0.09051848,0.002565715,-0.239129
273872,0.0166681,61.0171032194048,0.8679279,0.5829682,-0.2554965,-0.4352314,0.1364661,-0.8815623,-0.1216493,0.0669784694910049,0,0.4096423,-0.08206445,0.1543415,0.9667102,0.0914507,0.00540374,-0.2389124
273872,0.0166659,61.0337691195309,0.8678694,0.5826293,-0.2558551,-0.4361697,0.1397636,-0.8808815,-0.1194572,0,0,0.4104967,-0.08207208,0.1539682,0.9659246,0.09217398,0.0102951,-0.2416354
273872,0.0166676,61.050436720252,0.8682991,0.583039,-0.2572559,-0.4376403,0.1449812,-0.8799674,-0.1144942,0,0,0.4108552,-0.08213061,0.1536293,0.9657824,0.09274185,0.0143767,-0.241778
273872,0.0166666,61.0671033207327,0.8693513,0.5833302,-0.2584108,0.4358425,-0.1501044,0.8798454,0.1156818,0,0,0.4122559,-0.08170086,0.154039,0.9651593,0.09405142,0.02149336,-0.2432283
273872,0.0166673,61.083770621568,0.8704979,0.5838243,-0.2596015,-0.4330956,0.1615588,-0.878649,-0.1195954,0,0,0.4134108,-0.08064872,0.1543301,0.9657463,0.09692629,0.02435338,-0.2394711
273872,0.016667,61.1004376206547,0.8703516,0.5836631,-0.259727,0.4310989,-0.1689676,0.8777431,0.1231702,0,0,0.4146015,-0.07950205,0.1548243,0.9673674,0.1016522,0.0308021,-0.2300399
273894,0.0166671,61.1171047203243,0.8702372,0.5837954,-0.2599947,0.428946,-0.1749116,0.8769313,0.128073,0,0,0.414727,-0.07964844,0.1546631,0.9685724,0.1045935,0.03443763,-0.2230288
273894,0.0166784,61.133783120662,0.8709787,0.5840456,-0.2600217,-0.4296715,0.1750769,-0.8764452,-0.1287421,0,0,0.4149948,-0.07976276,0.1547954,0.9699224,0.1069043,0.03623014,-0.2156607
273894,0.0166665,61.1504496205598,0.8727205,0.5844449,-0.2601062,0.4311011,-0.1762339,0.875342,0.1298846,0,0,0.4150218,-0.07902128,0.1550456,0.9701489,0.1060212,0.03640432,-0.2150476
273894,0.0166669,61.1671165209264,0.8732557,0.583979,-0.2598812,-0.4319495,0.1770776,-0.8745812,-0.131038,0,0,0.4151063,-0.07727951,0.1554449,0.9706007,0.1045402,0.03751275,-0.2135379
273894,0.0166668,61.1837833207101,0.8739898,0.5828013,-0.2595402,-0.4311595,0.1798896,-0.8738254,-0.1347982,0,0,0.4148813,-0.07674426,0.154979,0.9709851,0.1035632,0.03809425,-0.2121594
273894,0.0166676,61.2004509214312,0.8747058,0.5826957,-0.2594799,-0.4319224,0.1794738,-0.873541,-0.1347534,0,0,0.4145403,-0.07601017,0.1538013,0.9719399,0.1039914,0.03842883,-0.2074653
273912,0.0166666,61.2171175219119,0.8764455,0.5826439,-0.2594346,-0.4324735,0.1773695,-0.8737096,-0.1346794,0,0,0.41448,-0.0752942,0.1536957,0.9719681,0.103126,0.03845078,-0.2077612
273912,0.0166676,61.233785122633,0.8770449,0.5825498,-0.2595474,0.4325345,-0.1757684,0.8739738,0.1348679,0,0,0.4144347,-0.07355446,0.1536439,0.971876,0.1020576,0.03699186,-0.2089809
273912,0.0166662,61.2504513226449,0.8774917,0.5819877,-0.2599037,-0.4346714,0.1768582,-0.8724972,-0.1361277,0,0,0.4145475,-0.07295507,0.1535498,0.9718301,0.101536,0.0356133,-0.2096866
273912,0.0166674,61.2671187222004,0.8780422,0.5818111,-0.2601874,0.4355713,-0.1768691,0.8718855,0.1371519,0,0,0.4149038,-0.07250828,0.1529877,0.9723462,0.09927759,0.036941,-0.20814
273912,0.0166662,61.2837849222124,0.8796493,0.5814284,-0.2606029,0.4365935,-0.1759694,0.8712863,0.1388565,0,0,0.4151875,-0.07195777,0.1528111,0.9726461,0.09806845,0.03691608,-0.207315
273912,0.016667,61.3004519212991,0.880055,0.5811795,-0.2609364,-0.4373462,0.1761866,-0.870653,-0.1401791,0,0,0.415603,-0.07035071,0.1524284,0.9730519,0.09630544,0.03589964,-0.2064134
273934,0.0166671,61.3171190209687,0.8805329,0.5805132,-0.2612154,-0.4373444,0.1754409,-0.8703751,-0.1428205,0,0,0.4159365,-0.06994504,0.1521795,0.9734143,0.09520861,0.03585034,-0.2052187
273934,0.0166672,61.3337862212211,0.8807323,0.5802511,-0.2612455,-0.4371387,0.1754082,-0.8702469,-0.1442642,0,0,0.4162155,-0.06946713,0.1515132,0.9739523,0.09424856,0.03409111,-0.203401
273934,0.0166667,61.350452920422,0.8813452,0.5800208,-0.261382,-0.4376318,0.1741394,-0.8700324,-0.1455941,0,0,0.4162456,-0.06926769,0.1512511,0.9742505,0.0940256,0.033347,-0.2021961
273934,0.0166674,61.3671203199774,0.881743,0.5799421,-0.2613559,-0.4380575,0.1729471,-0.8700349,-0.1457202,0,0,0.4163821,-0.06865484,0.1510208,0.9745002,0.09280982,0.03194918,-0.2017796
273934,0.0166661,61.3837864194065,0.8823502,0.5798314,-0.2613233,-0.4388729,0.1720441,-0.8697109,-0.1462689,0,0,0.416356,-0.06825703,0.1509421,0.9744866,0.09203576,0.03110365,-0.2023313
273934,0.0166671,61.4004535190761,0.882501,0.5796839,-0.2612534,-0.4391988,0.1711382,-0.8696467,-0.1467339,0,0,0.4163234,-0.06764978,0.1508314,0.9746089,0.0908127,0.03049341,-0.2023875
273934,0.0166667,61.417120218277,0.8828238,0.5793357,-0.2611156,0.4392256,-0.1704347,0.8695835,0.1478436,0,0,0.4162535,-0.06749898,0.1506839,0.9746764,0.09011179,0.0296935,-0.202495
273934,0.0166672,61.4337874185294,0.8830936,0.5793145,-0.2611262,-0.4395884,0.1705161,-0.8693482,-0.1480543,0,0,0.4161157,-0.06717616,0.1503357,0.9748725,0.0895763,0.02864662,-0.2019383
273934,0.0166683,61.4504557177424,0.8837003,0.5792664,-0.2610713,0.4404468,-0.1709401,0.8687272,0.1486586,0,0,0.4161263,-0.06690639,0.1503145,0.9749488,0.0891647,0.02878901,-0.2017321
273934,0.0166657,61.4671214185655,0.8840656,0.5791638,-0.2609025,-0.4406149,0.1711468,-0.8684902,-0.1493053,0,0,0.4160714,-0.06629974,0.1502664,0.9751654,0.08821835,0.0292717,-0.2010306
273934,0.0166673,61.4837887194008,0.8852834,0.5788738,-0.2603096,-0.442351,0.1691211,-0.8677781,-0.1506155,0,0,0.4159026,-0.06593436,0.1501638,0.9753279,0.0879076,0.02924111,-0.2003814
273934,0.0166668,61.5004555191845,0.8863164,0.5788829,-0.2600212,-0.4445013,0.1685769,-0.8665656,-0.1518701,0,0,0.4153097,-0.06471664,0.1498737,0.9755979,0.08522663,0.02779943,-0.2004306
273972,0.0166673,61.5171228200197,0.8893903,0.5788713,-0.259596,0.4456955,-0.1716639,0.8643955,0.1571862,0,0,0.4150214,-0.06368357,0.1498829,0.9759713,0.08251426,0.02779679,-0.1997466
273972,0.0166668,61.5337896198034,0.8912987,0.5788642,-0.2593284,0.4450507,-0.1740555,0.8636135,0.1606428,0,0,0.4145961,-0.06060964,0.1498712,0.9773462,0.0804853,0.0286157,-0.1936434
273972,0.0166664,61.5504560191184,0.8957951,0.5787196,-0.2588887,0.4440762,-0.1732902,0.8631587,0.1665051,0,0,0.4143285,-0.05870134,0.1498642,0.978152,0.08070723,0.02881893,-0.189406
273972,0.0166668,61.5671228189021,0.899035,0.5782346,-0.258203,-0.443193,0.1685444,-0.8638153,-0.1702819,0,0,0.4138889,-0.05420488,0.1497196,0.9792118,0.07972174,0.02523899,-0.1848019
273972,0.0166666,61.5837894193828,0.9060326,0.5771339,-0.2566547,-0.4358041,0.1724777,-0.8635422,-0.1860678,0,0,0.4132031,-0.05096501,0.1492345,0.9795977,0.07825268,0.01930636,-0.1840982
273972,0.016667,61.6004564184695,0.9100698,0.5767136,-0.2557334,-0.4325542,0.1763039,-0.8629842,-0.1925412,0.0538703724741936,0,0.4116548,-0.04396743,0.1481339,0.9822691,0.08185991,0.01249989,-0.1681967
273972,0.0166674,61.617123818025,0.9171362,0.5763314,-0.2541286,-0.4266449,0.1819512,-0.8625907,-0.2020033,0.0656270608305931,0,0.4107334,-0.03993022,0.1477136,0.9833921,0.08407234,0.01146285,-0.1604387
273972,0.0166668,61.6337906178087,0.9215987,0.5763774,-0.25344,-0.423298,0.18331,-0.8634608,-0.2040877,0.0627819076180458,0,0.4091287,-0.0328638,0.1473314,0.9848341,0.08843036,0.009495469,-0.1489689
273972,0.0166963,61.6504869181663,0.9310796,0.5757482,-0.25163,-0.4183422,0.1879283,-0.8636391,-0.2092854,0.0982080549001694,0,0.4084401,-0.02840126,0.1473774,0.9849703,0.0914797,0.008233867,-0.146278
273972,0.0166666,61.667153518647,0.9362499,0.5751582,-0.2502213,0.4176343,-0.1891298,0.8635809,0.2098563,0.155403643846512,0,0.4066301,-0.01892042,0.1467482,0.9856009,0.09592434,0.007661117,-0.1390354
273972,0.0166669,61.6838204190135,0.945731,0.5746419,-0.247586,0.4157553,-0.1900778,0.8634244,0.2133457,0.158094331622124,0,0.4052213,-0.01375014,0.1461582,0.9856831,0.09674568,0.008102109,-0.1378528
273972,0.0166669,61.70048731938,0.9510453,0.5742835,-0.2458767,0.4134498,-0.1879413,0.8639207,0.2176661,0.190886974334717,0.0102225719019771,0.402586,-0.004269004,0.1456419,0.9861005,0.0977179,0.006594572,-0.1342145
274012,0.0166664,61.717153718695,0.9611117,0.5735377,-0.2427385,-0.4121843,0.1826484,-0.8639486,-0.2243583,0.188458904623985,0.00577242486178875,0.4008768,0.001045346,0.1452835,0.9864504,0.09807728,0.00199242,-0.1315014
274012,0.0166669,61.7338206190616,0.9666692,0.5732001,-0.2408935,0.4131222,-0.1782795,0.8638465,0.2265297,0.196291238069534,0.00467526679858565,0.3977386,0.01111174,0.1445377,0.9870598,0.09579186,-0.005728204,-0.1284682
274012,0.0166675,61.7504881191999,0.9759591,0.5721581,-0.238408,-0.4165651,0.1822857,-0.8588986,-0.2356666,0.209700331091881,0.0208326615393162,0.3958936,0.01666921,0.1442001,0.9872263,0.09302027,-0.009817715,-0.128977
274012,0.0166669,61.7671550195664,0.9807078,0.5716742,-0.2369286,0.4185198,-0.1895539,0.8549706,0.2406989,0.221472799777985,0.0697520822286606,0.393408,0.02595907,0.1431581,0.9890033,0.08742276,-0.008681199,-0.1189727
274012,0.016667,61.7838220186532,0.9890968,0.571314,-0.2347024,-0.4212072,0.1962409,-0.8499501,-0.2483122,0.221189677715302,0.0771510899066925,0.3919287,0.03070784,0.1426742,0.9901638,0.0854912,-0.003808811,-0.1106912
274012,0.0166672,61.8004892189056,0.9934608,0.5713494,-0.2336032,0.4243125,-0.1978953,0.8471316,0.2513255,0.24908846616745,0.116347059607506,0.3897025,0.03909683,0.142314,0.9915821,0.08171356,-0.0001067924,-0.1004384
274034,0.0166668,61.8171560186893,1.00098,0.5712267,-0.2316126,-0.4284565,0.2008359,-0.840931,-0.2625358,0.233307614922524,0.120699465274811,0.3886033,0.04346079,0.1423494,0.9922314,0.07788546,0.001470809,-0.09699766
274034,0.0166665,61.8338225185871,1.004803,0.5712125,-0.2306511,0.4322819,-0.2042423,0.8366275,0.2673424,0.235105454921722,0.0870168283581734,0.3866127,0.05098003,0.1422267,0.9938445,0.07033353,0.001318584,-0.08558353
274034,0.0166668,61.8504893183708,1.011305,0.5715778,-0.2291968,-0.4419576,0.2135453,-0.8269089,-0.2743969,0.22916667163372,0.0649027824401855,0.3856512,0.05480307,0.1422125,0.99467,0.0654676,0.004002542,-0.07955885
274034,0.0166679,61.8671572189778,1.014499,0.5720096,-0.2285609,0.4480802,-0.2170212,0.8213651,0.2783624,0.227199748158455,0.0275578815490007,0.3841969,0.06130499,0.1425778,0.9960469,0.05504958,0.01346232,-0.06840249
274034,0.0166667,61.8838239181787,1.019963,0.5727234,-0.2280808,-0.4583599,0.2241958,-0.8107768,-0.2868512,0.207291781902313,0,0.383561,0.06449872,0.1430096,0.9966971,0.04801052,0.01766115,-0.06307095
274034,0.0166677,61.90049161762,1.022588,0.5731286,-0.2277793,0.4634644,-0.2252761,0.8063736,0.290195,0.180277228355408,0,0.3830809,0.0699628,0.1437234,0.9977125,0.03566224,0.02518139,-0.05161429
274034,0.0166656,61.9171572178602,1.026735,0.5734966,-0.2270757,-0.4698158,0.2376226,-0.7965378,-0.2972144,0.174439623951912,0,0.3827794,0.07258826,0.1441286,0.9980453,0.02925594,0.0271931,-0.04806541
274034,0.016667,61.933824216947,1.028582,0.5736303,-0.22679,0.4729683,-0.2403661,0.7926322,0.3004323,0.164407253265381,0,0.3820757,0.07673472,0.1444966,0.9984237,0.02245301,0.03792347,-0.03475276
274034,0.0166667,61.9504909161478,1.031867,0.5740002,-0.2266282,-0.4779691,0.2440599,-0.7861379,-0.3065416,0.162607714533806,0,0.38179,0.07858235,0.1446303,0.9985506,0.01841388,0.04051068,-0.03027509
274034,0.016667,61.9671579152346,1.033425,0.5744451,-0.2268921,0.4811584,-0.2472752,0.7820116,0.3095151,0.141932144761086,0,0.3816283,0.08186656,0.1450002,0.9987243,0.0114206,0.04369418,-0.02258866
274034,0.0166674,61.98382531479,1.036035,0.5751381,-0.2278922,-0.4864774,0.254068,-0.7728467,-0.3185863,0.13623172044754,0,0.3818922,0.0834251,0.145445,0.9987127,0.00746655,0.04682587,-0.01801321
274034,0.0166659,62.0004912149161,1.037392,0.5758577,-0.2284951,0.4888571,-0.2550383,0.7699484,0.3211758,0.129479050636292,0,0.3828923,0.08603472,0.1461381,0.9986441,-0.0005890353,0.05174208,-0.005698492
274072,0.0166672,62.0171584151685,1.039262,0.5767834,-0.2297944,-0.489645,0.2547645,-0.7671657,-0.3268025,0.129908591508865,0,0.3834952,0.08739239,0.1468576,0.9985961,-0.004031934,0.05274699,-0.0027246
274072,0.0166669,62.0338253155351,1.040082,0.5773501,-0.2306258,-0.4911784,0.2539188,-0.7658112,-0.3283329,0.108933731913567,0,0.3847945,0.08926195,0.1477834,0.9986807,-0.007264341,0.05077929,0.002351933
274072,0.016667,62.0504923146218,1.041195,0.5782238,-0.2324658,0.4919123,-0.2534189,0.7639304,0.3319815,0.103924699127674,0,0.3856259,0.09008163,0.1483501,0.998685,-0.009724333,0.05022785,0.003294059
274072,0.0166672,62.0671595148742,1.04168,0.5788655,-0.2338639,0.4929555,-0.2525712,0.7631688,0.3328305,0.103423655033112,0,0.3874659,0.09119493,0.1492238,0.9987146,-0.01214293,0.04879339,0.00641343
274072,0.0166675,62.0838270150125,1.042161,0.5797482,-0.2364826,-0.4938315,0.2511902,-0.7619392,-0.3353847,0.102068394422531,0,0.3888641,0.09167951,0.1498655,0.998717,-0.01379477,0.04826016,0.006721086
274072,0.0166666,62.1004936154932,1.042218,0.5800576,-0.2381657,-0.4924695,0.251886,-0.7611524,-0.3386362,0.0971215963363647,0,0.3914828,0.09216136,0.1507481,0.9987515,-0.01608921,0.04655525,0.008314088
274072,0.0166668,62.1171604152769,1.042152,0.5807599,-0.2411906,-0.4910865,0.2536055,-0.7599113,-0.3421303,0.0966395512223244,0,0.3931658,0.09221774,0.1510576,0.9987795,-0.01585277,0.04527757,0.01175522
274072,0.0166671,62.1338275149465,1.042137,0.5812236,-0.2429661,-0.4899185,0.2545123,-0.7593951,-0.3442712,0.102784462273121,0,0.3961907,0.09215242,0.1517599,0.9987479,-0.01550892,0.04477957,0.01602729
274072,0.0166666,62.1504941154271,1.042019,0.5822467,-0.2459471,-0.48772,0.2548348,-0.7595568,-0.3467883,0.102898292243481,0,0.3979662,0.09213656,0.1522236,0.9987381,-0.01498394,0.04419521,0.01856095
274072,0.016667,62.1671611145139,1.041839,0.5826739,-0.2476642,0.4864643,-0.2534121,0.7605236,0.3474747,0.0986230596899986,0,0.4009472,0.09201854,0.1532467,0.998782,-0.01361926,0.04247211,0.0211038
274072,0.0166686,62.1838297136128,1.041415,0.5832689,-0.250713,-0.4854169,0.2501866,-0.7624856,-0.3469768,0.103244237601757,0,0.4026643,0.09183949,0.1536739,0.9988828,-0.0128269,0.04039077,0.02091258
274072,0.0166696,62.2004993129522,1.041271,0.5834045,-0.2523408,-0.4845556,0.2504459,-0.7624627,-0.3480423,0.101027205586433,0,0.4057131,0.09141487,0.1542689,0.9990582,-0.01210245,0.03730737,0.01855982
274112,0.0166641,62.217163413763,1.041067,0.583093,-0.2547051,0.4833829,-0.2483965,0.7631838,0.3495581,0.0994559973478317,0,0.4073408,0.09127134,0.1544045,0.9990642,-0.01157921,0.03671809,0.01971043
274112,0.0166668,62.2338302135468,1.040951,0.5828834,-0.2557014,-0.4827412,0.2462275,-0.7641485,-0.3498716,0.106376521289349,0,0.4097052,0.09106714,0.1540929,0.9991637,-0.01136421,0.03384008,0.01994341
274112,0.016667,62.2504972126335,1.040646,0.5822921,-0.2575009,0.4814017,-0.2445278,0.7651092,0.3508086,0.104530297219753,0,0.4107015,0.09095079,0.1538834,0.9992585,-0.01123236,0.03156227,0.01897885
274112,0.0166669,62.267164113,1.040656,0.5818726,-0.2581471,-0.4806629,0.2444073,-0.7655129,-0.351025,0.106598272919655,0,0.412501,0.09064573,0.1532921,0.9993423,-0.01052783,0.02911894,0.01887482
274112,0.0166671,62.2838312126696,1.040874,0.5805665,-0.2589158,-0.4799553,0.24328,-0.7668308,-0.3498975,0.109632328152657,0,0.4131472,0.09065646,0.1528726,0.9993623,-0.00984908,0.02857909,0.01900783
274112,0.0166676,62.3004988133907,1.041047,0.5797714,-0.2592684,0.4801725,-0.2430023,0.7670729,0.3492614,0.112885966897011,0,0.4139159,0.09087425,0.1515665,0.999428,-0.008826216,0.02769146,0.01729282
274134,0.0166663,62.3171651139855,1.041688,0.5778968,-0.2603124,0.4791287,-0.2437726,0.7669415,0.3504448,0.109390318393707,0,0.4142684,0.09104747,0.1507714,0.9994379,-0.008841889,0.02779431,0.01653346
274134,0.0166671,62.3338322136551,1.042085,0.5768882,-0.2607889,0.47863,-0.2452604,0.7665915,0.3508533,0.117845445871353,0,0.4153125,0.09168845,0.1488968,0.9994252,-0.00807423,0.02751028,0.01809246
274134,0.0166665,62.350498713553,1.042921,0.5744544,-0.2620438,-0.4769283,0.2468957,-0.7670381,-0.351048,0.120220571756363,0,0.4157891,0.09208494,0.1478882,0.9993824,-0.007418554,0.02838741,0.01933774
274134,0.0166667,62.3671654127538,1.043277,0.5732173,-0.2627931,0.4753535,-0.2497896,0.7667091,0.351854,0.121656306087971,0,0.4170439,0.09292096,0.1454544,0.9993588,-0.005350429,0.02888928,0.02046813
274134,0.0166668,62.3838322125375,1.043791,0.5708466,-0.2639279,0.4731712,-0.2570458,0.7653618,0.3525025,0.120987854897976,0,0.4177932,0.09327692,0.1442173,0.9992723,-0.003439317,0.03030348,0.02290786
274134,0.0166679,62.4005001131445,1.044045,0.5697246,-0.2642466,0.4724701,-0.259376,0.7652593,0.3519581,0.121568217873573,0,0.418928,0.09379107,0.1418466,0.9989944,2.213744E-05,0.03521848,0.02774884
274134,0.0166661,62.4171662125736,1.044237,0.5673981,-0.2650725,0.4715549,-0.2637839,0.7645867,0.3513707,0.111578911542892,0,0.4192467,0.09404498,0.1407246,0.9989021,0.001451458,0.03707703,0.02859914
274134,0.0166676,62.4338338132948,1.044228,0.5662171,-0.2652263,0.4714684,-0.2654426,0.7645948,0.3502181,0.108299911022186,0,0.4200726,0.09423763,0.1383981,0.9986984,0.003513375,0.0406324,0.03063141
274134,0.0166667,62.4505005124956,1.044019,0.5641745,-0.2653841,-0.4724673,0.2688886,-0.7652263,-0.3448224,0.112419687211514,0,0.4202264,0.09422761,0.1372171,0.9986231,0.004411204,0.04243874,0.03051974
274134,0.0166666,62.4671671129763,1.043947,0.5628114,-0.2653378,0.4724775,-0.2697813,0.7656951,0.3430659,0.11896675080061,0,0.4203842,0.094019,0.1351744,0.998456,0.006290858,0.04787094,0.02746744
274134,0.016667,62.4838341120631,1.044392,0.5599616,-0.2649136,0.4716073,-0.273044,0.7655653,0.3419698,0.122401677072048,0,0.4203379,0.09394699,0.1338114,0.998411,0.007192856,0.04929328,0.02634353
274134,0.0166672,62.5005013123155,1.044818,0.5587938,-0.264712,0.4713363,-0.2762153,0.7647933,0.3415238,0.121556341648102,0,0.4199137,0.09439164,0.1309616,0.9982286,0.009185444,0.05208736,0.02724355
274172,0.0166672,62.5171685125679,1.046005,0.5565253,-0.2640169,0.471444,-0.2805932,0.7634251,0.3408671,0.116356462240219,0,0.4197121,0.09481794,0.1297938,0.9980293,0.01023588,0.05485339,0.02870366
274172,0.0166666,62.5338351130486,1.046727,0.555419,-0.2635947,0.4715294,-0.2815095,0.7631061,0.3407074,0.116113007068634,0,0.419017,0.0960055,0.1275253,0.9977282,0.01117584,0.05892393,0.03068771
274172,0.0166666,62.5505017135292,1.048847,0.5536369,-0.2632369,-0.4717029,0.2827723,-0.7622332,-0.3413749,0.118649035692215,0,0.4185949,0.09672743,0.126419,0.9976612,0.01131307,0.0598153,0.03108324
274172,0.0166669,62.5671686138958,1.05022,0.5527899,-0.2631817,0.4715669,-0.2836893,0.7616171,0.3421761,0.122170835733414,0,0.418237,0.09884745,0.1246369,0.9975641,0.01106335,0.06074192,0.03246225
274172,0.0166672,62.5838358141482,1.052945,0.5515379,-0.2633221,-0.4722323,0.2842776,-0.7603407,-0.3436059,0.120319396257401,0,0.4181818,0.1002198,0.1237899,0.9974951,0.01102704,0.06117208,0.03376215
274172,0.016667,62.6005028132349,1.054319,0.5510815,-0.2632577,-0.4736007,0.2833298,-0.7597145,-0.3438906,0.112429454922676,0,0.4183223,0.1029449,0.1225379,0.9974306,0.009803762,0.06147258,0.03545677
274172,0.0166676,62.617170413956,1.057344,0.5504869,-0.2633165,-0.4755333,0.2819441,-0.7581797,-0.3457445,0.112091451883316,0,0.4182578,0.1043194,0.1220815,0.9974732,0.00804791,0.06120827,0.03515791
274172,0.0166661,62.6338365133852,1.058964,0.5505017,-0.2633966,-0.4768163,0.2804515,-0.7578965,-0.3458124,0.11236546933651,0,0.4183167,0.107344,0.1214869,0.9975184,0.004933143,0.06026038,0.03607721
274172,0.0166671,62.6505036130548,1.061837,0.5504998,-0.2639054,-0.482514,0.2746166,-0.7553537,-0.348148,0.112607218325138,0,0.4183968,0.1089643,0.1215017,0.9975963,0.003262069,0.0595666,0.03525315
274172,0.0166666,62.6671702135354,1.063866,0.5505604,-0.2646496,-0.4848935,0.2723877,-0.7535686,-0.3504536,0.128367051482201,0,0.4189055,0.1118367,0.1214998,0.9978149,-0.004924347,0.0564352,0.03400468
274172,0.0166668,62.6838370133191,1.066793,0.551136,-0.2656566,-0.4905961,0.2668764,-0.7510696,-0.3521178,0.130845308303833,0,0.4196498,0.1138662,0.1215604,0.9978471,-0.008897188,0.0548252,0.03487385
274172,0.0166672,62.7005042135715,1.068817,0.5516345,-0.2660813,-0.4927168,0.264529,-0.7502352,-0.3527066,0.128149017691612,0,0.4206567,0.116793,0.122136,0.9979392,-0.01680908,0.05225326,0.03323445
274212,0.0166668,62.7171710133553,1.072025,0.5519729,-0.2668618,-0.4964008,0.261112,-0.747744,-0.3553672,0.12932750582695,0,0.4210814,0.1188167,0.1226344,0.9979727,-0.01980397,0.05105712,0.03242888
274212,0.0166677,62.7338387127966,1.073951,0.5522616,-0.26768,0.4984843,-0.2613478,0.7454093,0.3571774,0.127996280789375,0,0.4218619,0.1220251,0.1229729,0.9979274,-0.02561883,0.04895676,0.03298358
274212,0.0166663,62.7505050133914,1.076748,0.5524484,-0.2684768,0.5013795,-0.2598832,0.7427588,0.3597069,0.126858338713646,0,0.4226802,0.1239508,0.1232616,0.9977526,-0.02865265,0.04952549,0.03487205
274212,0.016667,62.7671720124781,1.078183,0.5522373,-0.2687274,0.5029337,-0.2577209,0.7412992,0.3620957,0.125365659594536,0,0.4234769,0.1267479,0.1234484,0.9975911,-0.03321699,0.04877634,0.03646296
274212,0.0166668,62.7838388122618,1.0807,0.5521718,-0.2695516,0.5063571,-0.2545037,0.7389762,0.3643415,0.121186688542366,0,0.4237275,0.1281834,0.1232373,0.9975359,-0.03638596,0.0468223,0.03749419
274212,0.0166669,62.8005057126284,1.081933,0.5517285,-0.2701979,-0.5079675,0.2510194,-0.737709,-0.3670746,0.11871150135994,0,0.4245518,0.1306999,0.1231718,0.9973997,-0.04175854,0.0449454,0.03781528
274234,0.0166671,62.8171728122979,1.083997,0.5506064,-0.2713057,0.5101866,-0.246549,0.7359118,0.3706172,0.113849796354771,0,0.425198,0.131933,0.1227285,0.9973547,-0.04541591,0.04177251,0.03841933
274234,0.0166683,62.833841111511,1.08521,0.5502571,-0.2722892,0.5132509,-0.2436061,0.7348232,0.3704923,0.11173639446497,0,0.4263058,0.1339973,0.1216064,0.9972467,-0.05031598,0.03777525,0.03924888
274234,0.0166655,62.8505066111684,1.086702,0.5497047,-0.2741168,0.5146897,-0.2427862,0.7337015,0.3712567,0.113029964268208,0,0.4272893,0.1352101,0.1212571,0.9971451,-0.05422127,0.03682911,0.03748975
274234,0.0166667,62.8671733103693,1.087525,0.5493282,-0.2751824,-0.5151779,0.2432039,-0.7328788,-0.3719307,0.120737567543983,0,0.4291168,0.1367016,0.1207047,0.9970269,-0.05632336,0.03657261,0.03778343
274234,0.0166668,62.883840110153,1.088722,0.5481631,-0.2769252,-0.5158777,0.243069,-0.7322503,-0.3722868,0.122873112559319,0,0.4301825,0.1375247,0.1203282,0.9969352,-0.05709125,0.03693277,0.03868688
274234,0.0166671,62.9005072098225,1.089205,0.5476314,-0.2777673,0.5162676,-0.2432107,0.7317958,0.3725471,0.119592845439911,0,0.4319252,0.1387225,0.1191631,0.9968645,-0.05805742,0.03704004,0.03896964
274234,0.016667,62.9171742089093,1.090287,0.5467662,-0.2794669,0.5173233,-0.2426879,0.7311356,0.3727199,0.121195733547211,0,0.4327674,0.1392046,0.1186314,0.9968119,-0.05858235,0.03726337,0.03931326
274234,0.0166673,62.9338415097445,1.090744,0.5464044,-0.280215,0.5185515,-0.2418418,0.7308098,0.3722018,0.124922826886177,0,0.434467,0.140287,0.1177662,0.9967349,-0.05993714,0.03728309,0.03920496
274234,0.0166672,62.9505087099969,1.09138,0.5454053,-0.2815151,0.5201303,-0.2413145,0.7298952,0.3721358,0.121732674539089,0,0.4352151,0.140744,0.1174044,0.9966903,-0.06123339,0.03735989,0.03825071
274234,0.0166662,62.9671749100089,1.091558,0.5449765,-0.2821276,-0.5207188,0.2416325,-0.7295359,-0.3718108,0.129916906356812,0,0.4365152,0.1413801,0.1164053,0.9965746,-0.06306683,0.03772458,0.03792828
274234,0.0166669,62.9838418103755,1.091588,0.5439396,-0.2834089,-0.5220113,0.2432255,-0.7287481,-0.3705024,0.135918855667114,0,0.4371276,0.1415585,0.1159765,0.9965242,-0.06351493,0.03840809,0.03781966
274234,0.016667,63.0005088094622,1.091421,0.5433867,-0.2838358,0.5225355,-0.2430685,0.728691,0.3699782,0.142524883151054,0,0.438409,0.1415876,0.1149396,0.9964015,-0.06405836,0.04088753,0.03753303
274272,0.0166669,63.0171757098287,1.091294,0.5427837,-0.2845408,-0.5238494,0.2434523,-0.7284657,-0.3683078,0.143504500389099,0,0.4388359,0.1414207,0.1143867,0.9963857,-0.06443678,0.04120415,0.03695525
274272,0.0166681,63.0338438097388,1.091245,0.5425888,-0.2846423,0.5247388,-0.2429132,0.7284477,0.3674322,0.145889163017273,0,0.4395409,0.1412938,0.1137837,0.9963259,-0.06507613,0.04279122,0.03561959
274272,0.0166666,63.0505104102194,1.091028,0.5421999,-0.2849045,0.526472,-0.2408592,0.7283387,0.3665202,0.146798759698868,0,0.4396424,0.1412452,0.1135888,0.9963064,-0.06577893,0.04309108,0.0344952
274272,0.0166663,63.0671767108142,1.090867,0.5420799,-0.2851742,0.5268712,-0.2403359,0.7282237,0.3665185,0.147400468587875,0,0.4399046,0.1410277,0.1131998,0.996269,-0.06770393,0.04253431,0.0324829
274272,0.016667,63.083843709901,1.090319,0.5421966,-0.2860156,0.5261254,-0.2407001,0.7282688,0.3672604,0.146406456828117,0,0.4401743,0.1408666,0.1130798,0.9962515,-0.06825197,0.0422889,0.03219045
274272,0.016667,63.1005107089877,1.089964,0.5423696,-0.2865775,-0.5257277,0.2408626,-0.7285929,-0.3670806,0.144635945558548,0,0.4410158,0.1403192,0.1131966,0.9962751,-0.06768082,0.04195841,0.03308786
274272,0.016667,63.1171777080745,1.089212,0.5429037,-0.2880509,-0.5254596,0.2405901,-0.7293943,-0.3660504,0.146147474646568,0,0.4415776,0.1399637,0.1133696,0.9963158,-0.0671224,0.04196129,0.03299649
274272,0.0166667,63.1338444072753,1.088878,0.54301,-0.2887529,-0.5252878,0.240295,-0.7297524,-0.3657769,0.147100105881691,0,0.443051,0.139212,0.1139037,0.9964011,-0.06640916,0.04196254,0.03184154
274272,0.0166682,63.1505126077682,1.08802,0.543114,-0.2903999,-0.5248096,0.2388066,-0.7307731,-0.3654003,0.143966123461723,0,0.4437529,0.1388779,0.11401,0.9964424,-0.06615045,0.04172185,0.03140215
274272,0.016666,63.1671786084771,1.087579,0.5431665,-0.2912643,0.5242541,-0.2375543,0.7313079,0.3659433,0.143000021576881,0,0.4454001,0.1380203,0.114114,0.9965649,-0.06573448,0.04034444,0.03016021
274272,0.0166671,63.1838457081467,1.086721,0.5433719,-0.2926057,0.5235933,-0.2370313,0.7324796,0.3648835,0.144774898886681,0,0.4462644,0.1375793,0.1141665,0.9966418,-0.06560223,0.03880061,0.02993478
274272,0.016667,63.2005127072334,1.08648,0.5432698,-0.2932115,0.5228155,-0.2363794,0.7334322,0.3645079,0.152863338589668,0,0.4476058,0.1367214,0.1143719,0.9967692,-0.06448899,0.03840268,0.02859591
274312,0.0166668,63.2171795070171,1.086138,0.542924,-0.2945495,0.5219084,-0.235166,0.7347801,0.3638777,0.153316840529442,0,0.4482116,0.1364797,0.1142697,0.9968801,-0.06357954,0.03759082,0.02783442
274312,0.0166682,63.23384770751,1.086101,0.5430517,-0.2954613,-0.5218778,0.2356612,-0.7351496,-0.3628534,0.149971723556519,0,0.4495496,0.1361378,0.113924,0.99703,-0.0625241,0.03632736,0.02650162
274312,0.0166669,63.2505146078765,1.086189,0.5430171,-0.296882,0.5215125,-0.2347263,0.7356701,0.3629296,0.149438425898552,0,0.4504614,0.1361011,0.1140517,0.9970564,-0.06193323,0.03710333,0.02580881
274312,0.0166664,63.2671810071915,1.086249,0.5429848,-0.2974482,-0.5213213,0.2342765,-0.7358741,-0.3630815,0.151012778282166,0,0.4518821,0.1361886,0.1140171,0.9971174,-0.0617453,0.03609561,0.02532979
274312,0.0166666,63.2838476076722,1.086477,0.5428569,-0.2982984,0.5210249,-0.2333351,0.7360715,0.3637124,0.153860658407211,0,0.4524484,0.1362489,0.1139848,0.9971431,-0.06168941,0.03556159,0.02520911
274312,0.0166674,63.3005150072277,1.086755,0.5428236,-0.2986615,0.5210522,-0.2331307,0.7362243,0.3634949,0.15886627137661,0,0.4532984,0.1364773,0.1138569,0.9971745,-0.06182881,0.03438329,0.02525884
274334,0.0166666,63.3171816077083,1.087452,0.5424404,-0.2989929,0.5214168,-0.2323829,0.7365337,0.3628235,0.158657476305962,0,0.4536616,0.1367548,0.1138235,0.9971871,-0.06180275,0.03430129,0.02493395
274334,0.0166666,63.333848208189,1.087867,0.5421498,-0.29918,0.5214024,-0.2322489,0.7367184,0.3625551,0.156047061085701,0,0.453993,0.1374524,0.1134404,0.9972045,-0.06205819,0.03408898,0.02387183
274334,0.0166669,63.3505151085556,1.088626,0.5414559,-0.299612,0.5213584,-0.2319693,0.7368919,0.3624447,0.156122237443924,0,0.4541801,0.1378668,0.1131498,0.9972201,-0.061949,0.03406443,0.02353784
274334,0.0166675,63.3671826086938,1.088928,0.5410894,-0.2997515,0.5214328,-0.2317549,0.7369696,0.3623169,0.156097173690796,0,0.4546121,0.1386257,0.1124559,0.9972365,-0.06190667,0.03384408,0.02326988
274334,0.0166664,63.3838490080088,1.089379,0.5405859,-0.3000934,0.5218943,-0.2311973,0.7366676,0.3626227,0.157758146524429,0,0.4547516,0.1389275,0.1120894,0.9972413,-0.06197548,0.03374485,0.02302641
274334,0.0166671,63.4005161076784,1.089602,0.5403389,-0.3001806,-0.5221218,0.231037,-0.7363459,-0.3630502,0.159529387950897,0,0.4550936,0.1393788,0.1115859,0.9972059,-0.06273827,0.03339094,0.02301029
274334,0.016667,63.4171831067652,1.089901,0.5397838,-0.3002299,0.5225582,-0.2308779,0.735832,0.3635653,0.162391543388367,0,0.4551808,0.1396022,0.1113389,0.9971741,-0.06321521,0.03321434,0.02333273
274334,0.0166703,63.4338534064591,1.090018,0.5388306,-0.3005206,0.5228087,-0.2305893,0.73555,0.3639588,0.166821032762527,0,0.45523,0.1399015,0.1107838,0.99712,-0.06396422,0.03311199,0.02374603
274334,0.0166658,63.4505192060024,1.090071,0.5383533,-0.3007911,-0.5229307,0.2309295,-0.7352796,-0.3641141,0.166557103395462,0,0.4555207,0.140018,0.1098306,0.9970904,-0.06447786,0.03285006,0.0239631
274334,0.0166683,63.4671875052154,1.090145,0.5378988,-0.3011562,-0.5230869,0.2316064,-0.7349672,-0.3640907,0.165831565856934,0,0.4557912,0.140071,0.1093533,0.9970633,-0.06461526,0.03314499,0.02431137
274334,0.0166669,63.483854405582,1.090477,0.5373363,-0.3016587,-0.5235357,0.2323118,-0.734551,-0.363836,0.162090495228767,0,0.4561563,0.1401451,0.1088988,0.9970301,-0.06464333,0.03380825,0.02468419
274334,0.0166671,63.5005215052515,1.090776,0.5369804,-0.3017597,-0.5238869,0.2332535,-0.7341568,-0.3635231,0.157606676220894,0,0.4566588,0.1404772,0.1083363,0.9969782,-0.0648891,0.0347261,0.02486174
274372,0.0166668,63.5171883050352,1.09171,0.5361482,-0.30186,-0.5243579,0.2356807,-0.7336802,-0.3622388,0.156603500247002,0,0.4567598,0.1407762,0.1079804,0.996929,-0.06495328,0.03581753,0.02511769
274372,0.0166667,63.5338550042361,1.092322,0.5355473,-0.3018982,-0.5239166,0.2374837,-0.7335418,-0.3619797,0.149088934063911,0,0.4568601,0.1417101,0.1071481,0.9968552,-0.06442316,0.03858643,0.02530972
274372,0.016667,63.5505220033228,1.09363,0.5343866,-0.3020014,-0.522686,0.2418901,-0.7335575,-0.3608074,0.149214327335358,0,0.4568983,0.1423221,0.1065473,0.9968412,-0.06345922,0.03999661,0.02609325
274372,0.0166665,63.5671885032207,1.09446,0.5333914,-0.3018834,-0.5228919,0.2425376,-0.7334182,-0.3603573,0.147220656275749,0,0.4570015,0.1436298,0.1053866,0.9968256,-0.06070229,0.04356547,0.0274958
274372,0.016667,63.5838555023074,1.096137,0.5316207,-0.3015203,0.5250936,-0.2404691,0.7338464,0.3576604,0.151229664683342,0,0.4568835,0.1444605,0.1043914,0.9967966,-0.06060613,0.04438486,0.02744963
274372,0.0166672,63.6005227025598,1.097034,0.5306197,-0.301138,-0.5262572,0.2390782,-0.7341987,-0.3561565,0.152424871921539,0,0.4565204,0.1461373,0.1026207,0.9967755,-0.06226538,0.04469746,0.02374405
274372,0.0166668,63.6171895023435,1.098387,0.5285664,-0.3003772,0.5269122,-0.2369116,0.7342404,0.3565499,0.153855383396149,0,0.4561381,0.1470335,0.1016197,0.9967713,-0.06316978,0.04463887,0.02154112
274372,0.016667,63.6338565014303,1.099108,0.5275014,-0.3002287,-0.5275536,0.235261,-0.7341337,-0.3569138,0.167811721563339,0,0.4553773,0.1483875,0.09956636,0.9967772,-0.06450176,0.04297627,0.02068015
274372,0.0166672,63.6505237016827,1.09998,0.5254704,-0.3003358,0.5281876,-0.2335293,0.733783,0.3578333,0.17094099521637,0,0.4552287,0.1491078,0.09850134,0.9967624,-0.06570671,0.04175911,0.02009176
274372,0.0166668,63.6671905014664,1.100268,0.5236604,-0.3007506,0.5293441,-0.2325413,0.73339,0.3575734,0.175647795200348,0,0.455336,0.1499804,0.09647037,0.9967284,-0.06716847,0.04026912,0.01998714
274372,0.0166662,63.6838567014784,1.100213,0.5227964,-0.3008018,0.5297787,-0.232436,0.73313,0.3575311,0.179091736674309,0,0.4557507,0.1502684,0.09466042,0.9966565,-0.0685453,0.04010374,0.01920776
274412,0.0166698,63.7005265019834,1.099996,0.5212461,-0.3008189,0.5304793,-0.2320892,0.7324544,0.3581021,0.178104043006897,0,0.4558018,0.1502131,0.09379639,0.9966186,-0.06903475,0.0402484,0.01912158
274412,0.0166645,63.7171910014004,1.0999,0.5208069,-0.3008465,0.5309106,-0.2333795,0.7316839,0.3581994,0.177958726882935,0,0.455819,0.1499959,0.09224607,0.9965401,-0.07014363,0.04009961,0.01948975
274412,0.0166669,63.7338579017669,1.099404,0.5200497,-0.3008143,0.5314917,-0.2359038,0.730465,0.3581716,0.17778117954731,0,0.4558465,0.1499003,0.0918069,0.9964514,-0.07041426,0.04138191,0.02034344
274412,0.0171861,63.7510440014303,1.09905,0.5197523,-0.3007425,0.5314188,-0.237508,0.7299767,0.3582153,0.17864665389061,0,0.4558144,0.1494041,0.09104969,0.9963056,-0.07055587,0.04383857,0.02179943
274412,0.0166685,63.767712501809,1.098366,0.519235,-0.300597,0.5308121,-0.2398925,0.7294537,0.358591,0.178631573915482,0,0.4557426,0.1490503,0.09075226,0.9962518,-0.07017889,0.04515537,0.02276897
274412,0.0166662,63.784378701821,1.098057,0.5190626,-0.3005845,-0.5300305,0.2414594,-0.7292761,-0.3590565,0.178334385156631,0,0.4555972,0.1483665,0.09023501,0.9962057,-0.06920061,0.04675028,0.02449121
274412,0.0166675,63.8010462019593,1.097756,0.5189425,-0.3006669,-0.528918,0.2440703,-0.728876,-0.3597436,0.177935600280762,0,0.4555846,0.148057,0.09006263,0.9962025,-0.0682276,0.04752702,0.02581938
274434,0.0166667,63.8177129011601,1.097499,0.5188035,-0.3007209,-0.5269908,0.2482226,-0.7286123,-0.3602644,0.179071024060249,0,0.455667,0.1477559,0.08994253,0.9961737,-0.06678453,0.04895128,0.02795824
274434,0.0166674,63.8343803007156,1.097341,0.518749,-0.3007098,-0.5260601,0.2506942,-0.7284071,-0.3603283,0.177264302968979,0,0.455721,0.1474991,0.08980353,0.9961472,-0.06406748,0.05134814,0.03081638
274434,0.0166663,63.8510466013104,1.09712,0.5186198,-0.3007435,-0.5252709,0.2534507,-0.7279822,-0.3604096,0.176592022180557,0,0.4557099,0.1473413,0.08974899,0.9961091,-0.06258906,0.0529756,0.03229481
274434,0.0166669,63.8677135016769,1.097005,0.5185673,-0.3008549,-0.5249853,0.2545832,-0.7279062,-0.3601815,0.178473174571991,0,0.4557436,0.1471203,0.08961983,0.996033,-0.06122899,0.05491478,0.03396558
274434,0.0166668,63.8843803014606,1.096783,0.5185018,-0.3012174,-0.5245596,0.2559999,-0.7280018,-0.3596037,0.17771865427494,0,0.455855,0.1470047,0.08956726,0.9960059,-0.06059759,0.0558258,0.03440459
274434,0.016667,63.9010473005474,1.09677,0.5183457,-0.3018833,0.5234476,-0.2573185,0.7281768,0.3599287,0.173521265387535,0,0.4562175,0.1467827,0.08950181,0.9959881,-0.0596019,0.05703718,0.03467312
274434,0.0166665,63.9177138004452,1.096824,0.5182022,-0.3022609,-0.5229486,0.2578702,-0.7283032,-0.3600034,0.177927508950233,0,0.4568834,0.1467696,0.08934565,0.996004,-0.0582611,0.05749375,0.03572419
274434,0.0166674,63.9343812000006,1.096889,0.5177004,-0.3029907,-0.5222296,0.2582533,-0.7291943,-0.3589668,0.178795710206032,0,0.457261,0.1468239,0.08920212,0.9960153,-0.05763539,0.05769021,0.03610489
274434,0.0166661,63.9510472994298,1.096821,0.5172675,-0.3031983,-0.5220166,0.2580802,-0.7299791,-0.3578043,0.177858278155327,0,0.4579908,0.1468888,0.08870031,0.9961002,-0.05629778,0.0580318,0.03531788
274434,0.0166675,63.9677147995681,1.096543,0.5164149,-0.3037021,0.5221292,-0.25797,0.7312621,0.3550895,0.173151403665543,0,0.4581984,0.1468206,0.08826746,0.9961738,-0.05557244,0.05819555,0.03409962
274434,0.016667,63.9843817986548,1.09638,0.5159605,-0.3038313,-0.5220751,0.2584366,-0.7317449,-0.3538327,0.170109778642654,0,0.4587021,0.1465426,0.08741494,0.996264,-0.05451091,0.0591394,0.03145095
274434,0.016667,64.0010487977415,1.096108,0.5149643,-0.30392,0.5220634,-0.2590213,0.7324547,0.351949,0.170440748333931,0,0.4587021,0.1465426,0.08741494,0.996264,-0.05451091,0.0591394,0.03145095
274434,0.0166664,64.0177151970565,1.095985,0.5143838,-0.3037941,0.5218029,-0.2588065,0.7329417,0.3514791,0.169529691338539,0,0.4587021,0.1465426,0.08741494,0.996264,-0.05451091,0.0591394,0.03145095
274434,0.0166672,64.0343823973089,1.095746,0.5136926,-0.303614,0.5219719,-0.2584592,0.7335009,0.350315,0.169854253530502,0,0.4587021,0.1465426,0.08741494,0.996264,-0.05451091,0.0591394,0.03145095
274434,0.0166673,64.0510496981442,1.095359,0.5125121,-0.3033968,-0.5219169,0.258684,-0.7343977,-0.3483468,0.169099554419518,0,0.4587021,0.1465426,0.08741494,0.996264,-0.05451091,0.0591394,0.03145095
274434,0.0166668,64.0677164979279,1.094728,0.5113125,-0.3033142,0.5207218,-0.2609733,0.7351626,0.3468112,0.16869392991066,0,0.4587021,0.1465426,0.08741494,0.996264,-0.05451091,0.0591394,0.03145095
274434,0.0166666,64.0843830984086,1.094366,0.510833,-0.303325,0.5203791,-0.2620194,0.7355564,0.3456998,0.166919842362404,0,0.4587021,0.1465426,0.08741494,0.996264,-0.05451091,0.0591394,0.03145095
274434,0.0166673,64.1010503992438,1.094131,0.5104279,-0.3032585,-0.5200889,0.2634355,-0.7361179,-0.3438601,0.164491906762123,0,0.4587021,0.1465426,0.08741494,0.996264,-0.05451091,0.0591394,0.03145095
274434,0.0166688,64.1177191995084,1.094159,0.5100364,-0.3031623,0.5202098,-0.2638677,0.7371302,0.3411668,0.162445440888405,0,0.4587021,0.1465426,0.08741494,0.996264,-0.05451091,0.0591394,0.03145095
274434,0.0166655,64.1343846991658,1.094432,0.5097995,-0.3032569,0.520131,-0.2637091,0.7378902,0.3397639,0.162736609578133,0,0.4587021,0.1465426,0.08741494,0.996264,-0.05451091,0.0591394,0.03145095
274434,0.0166668,64.1510514989495,1.094672,0.5094402,-0.3034257,0.5199888,-0.2632884,0.7386717,0.3386077,0.161412701010704,0,0.4587021,0.1465426,0.08741494,0.996264,-0.05451091,0.0591394,0.03145095
274434,0.0166667,64.1677181981504,1.094802,0.509179,-0.3034937,0.5197905,-0.2630652,0.7391647,0.3380094,0.160948157310486,0,0.4587021,0.1465426,0.08741494,0.996264,-0.05451091,0.0591394,0.03145095
274434,0.0166671,64.18438529782,1.095065,0.508661,-0.3035321,0.51926,-0.2626053,0.740486,0.336286,0.160753801465034,0,0.4587021,0.1465426,0.08741494,0.996264,-0.05451091,0.0591394,0.03145095
274512,0.0166668,64.2010520976037,1.095067,0.5080439,-0.3036438,0.5188993,-0.2621517,0.7412094,0.3356021,0.154180094599724,0,0.4587021,0.1465426,0.08741494,0.996264,-0.05451091,0.0591394,0.03145095
274512,0.0166661,64.2177181970328,1.094946,0.5077335,-0.3036052,-0.5186548,0.2624223,-0.7413233,-0.3355172,0.151422366499901,0,0.4587021,0.1465426,0.08741494,0.996264,-0.05451091,0.0591394,0.03145095
274512,0.016668,64.23438619636,1.094561,0.5072078,-0.3035131,0.5183909,-0.2630096,0.7414637,0.3351544,0.152722984552383,0,0.4587021,0.1465426,0.08741494,0.996264,-0.05451091,0.0591394,0.03145095
274512,0.0166675,64.2510536964983,1.094396,0.507024,-0.3035301,0.518452,-0.2632362,0.741392,0.3350406,0.155134409666061,0,0.4587021,0.1465426,0.08741494,0.996264,-0.05451091,0.0591394,0.03145095
274512,0.0166666,64.267720296979,1.094287,0.5068573,-0.3035575,0.5184813,-0.263034,0.7415526,0.3347986,0.159029737114906,0,0.4587021,0.1465426,0.08741494,0.996264,-0.05451091,0.0591394,0.03145095
274512,0.0166683,64.284388596192,1.094559,0.5065884,-0.303714,0.5184273,-0.2625133,0.7423635,0.3334915,0.160138353705406,0,0.4587021,0.1465426,0.08741494,0.996264,-0.05451091,0.0591394,0.03145095
274512,0.0166653,64.3010538965464,1.095161,0.5060027,-0.3035587,0.5179785,-0.2611485,0.7434024,0.3329456,0.158702552318573,0,0.4587021,0.1465426,0.08741494,0.996264,-0.05451091,0.0591394,0.03145095
274534,0.0166685,64.3177223969251,1.095571,0.505682,-0.3035361,0.5174695,-0.2606793,0.7439804,0.3328138,0.160337507724762,0,0.4587021,0.1465426,0.08741494,0.996264,-0.05451091,0.0591394,0.03145095
274534,0.0166663,64.3343886975199,1.096004,0.5052799,-0.3033993,-0.5167729,0.2606107,-0.7444303,-0.3329436,0.159378424286842,0,0.4587021,0.1465426,0.08741494,0.996264,-0.05451091,0.0591394,0.03145095
274534,0.0166662,64.3510548975319,1.09665,0.504882,-0.3029994,0.5159009,-0.2610168,0.7446724,0.3334362,0.159441947937012,0,0.4587021,0.1465426,0.08741494,0.996264,-0.05451091,0.0591394,0.03145095
274534,0.0166666,64.3677214980125,1.09695,0.5048056,-0.3024266,0.5157463,-0.2618417,0.744293,0.3338755,0.160486787557602,0,0.4587021,0.1465426,0.08741494,0.996264,-0.05451091,0.0591394,0.03145095
274534,0.0178374,64.3855588976294,1.097391,0.5053993,-0.3010134,-0.5173094,0.2621135,-0.7427456,-0.3346887,0.161112606525421,0,0.4587021,0.1465426,0.08741494,0.996264,-0.05451091,0.0591394,0.03145095
274534,0.0166667,64.4022255968302,1.098208,0.5069384,-0.2995501,0.5194619,-0.2612462,0.7400751,0.3379328,0.170332014560699,0,0.4587021,0.1465426,0.08741494,0.996264,-0.05451091,0.0591394,0.03145095
274534,0.0166672,64.4188927970827,1.098721,0.5080476,-0.2989722,-0.5199111,0.2611758,-0.7389364,-0.3397833,0.178459048271179,0,0.4587021,0.1465426,0.08741494,0.996264,-0.05451091,0.0591394,0.03145095
274534,0.0166671,64.4355598967522,1.099983,0.5107718,-0.2986922,-0.5213263,0.2589711,-0.7374845,-0.3424466,0.187531143426895,0,0.4587021,0.1465426,0.08741494,0.996264,-0.05451091,0.0591394,0.03145095
274534,0.0166667,64.4522265959531,1.10048,0.5119508,-0.2985619,0.522079,-0.2580502,0.7365899,0.3439172,0.197585865855217,0,0.4587021,0.1465426,0.08741494,0.996264,-0.05451091,0.0591394,0.03145095
274534,0.0166676,64.4688941966742,1.101327,0.5143394,-0.2987375,0.5248029,-0.2555604,0.7340479,0.347051,0.203607380390167,0,0.4587021,0.1465426,0.08741494,0.996264,-0.05451091,0.0591394,0.03145095
274534,0.0166665,64.4855606965721,1.101544,0.5152858,-0.2987845,0.5258079,-0.2541423,0.7330358,0.3487067,0.206046268343925,0,0.4587021,0.1465426,0.08741494,0.996264,-0.05451091,0.0591394,0.03145095
274534,0.0166663,64.5022269971669,1.1017,0.5169178,-0.2988716,-0.5273221,0.2532161,-0.7308984,-0.3515688,0.198106333613396,0,0.4587021,0.1465426,0.08741494,0.996264,-0.05451091,0.0591394,0.03145095
274534,0.0166666,64.5188935976475,1.101759,0.5176479,-0.2989941,0.5278175,-0.253482,0.7301976,0.3520896,0.194180116057396,0,0.4587021,0.1465426,0.08741494,0.996264,-0.05451091,0.0591394,0.03145095
274534,0.0166671,64.5355606973171,1.101728,0.5187533,-0.2991669,0.5286838,-0.252039,0.7292892,0.3537049,0.192695781588554,0,0.4587021,0.1465426,0.08741494,0.996264,-0.05451091,0.0591394,0.03145095
274534,0.0166669,64.5522275976837,1.101679,0.5191343,-0.2993321,-0.5289738,0.2509832,-0.72899,-0.3546377,0.188979491591454,0,0.4587021,0.1465426,0.08741494,0.996264,-0.05451091,0.0591394,0.03145095
274534,0.0166679,64.5688954982907,1.10168,0.5197128,-0.2997677,0.5296201,-0.2481707,0.7290099,0.3556102,0.186342388391495,0,0.4587021,0.1465426,0.08741494,0.996264,-0.05451091,0.0591394,0.03145095
274534,0.0166651,64.5855605974793,1.101722,0.5196824,-0.2999578,-0.5300205,0.2471399,-0.7291201,-0.3555055,0.18299201130867,0,0.4587021,0.1465426,0.08741494,0.996264,-0.05451091,0.0591394,0.03145095
274534,0.0166686,64.6022291965783,1.102209,0.5193512,-0.3005556,0.5347077,-0.2373466,0.7299917,0.3533645,0.18299201130867,0,0.4587021,0.1465426,0.08741494,0.996264,-0.05451091,0.0591394,0.03145095
274534,0.0166662,64.6188953965902,1.102325,0.519136,-0.3006462,0.5410051,-0.2256525,0.730612,0.3501439,0.146646916866302,0,0.4587021,0.1465426,0.08741494,0.996264,-0.05451091,0.0591394,0.03145095
274534,0.0166667,64.6355620957911,1.101807,0.5195823,-0.3015504,0.5641919,-0.1946449,0.7213153,0.3514333,0.136178448796272,0,0.4587021,0.1465426,0.08741494,0.996264,-0.05451091,0.0591394,0.03145095
274534,0.0166674,64.6522294953465,1.101012,0.5198405,-0.3029087,0.5793925,-0.1781136,0.710043,0.358356,0.116728819906712,0,0.4587021,0.1465426,0.08741494,0.996264,-0.05451091,0.0591394,0.03145095
274534,0.0166673,64.6688967961818,1.099327,0.5201206,-0.3062419,0.6050947,-0.1452076,0.6877382,0.3738872,0.113394804298878,0,0.4587021,0.1465426,0.08741494,0.996264,-0.05451091,0.0591394,0.03145095
274534,0.0166661,64.6855628956109,1.09864,0.5208683,-0.3079258,0.6134187,-0.1267163,0.6809859,0.3793664,0.0842158868908882,0,0.4587021,0.1465426,0.08741494,0.996264,-0.05451091,0.0591394,0.03145095
274612,0.0166676,64.702230496332,1.09772,0.5230362,-0.3115664,0.6179298,-0.1166733,0.6736169,0.3883176,0.0685560628771782,0,0.4587021,0.1465426,0.08741494,0.996264,-0.05451091,0.0591394,0.03145095
274612,0.0166661,64.7188965957612,1.097146,0.5241444,-0.3129036,-0.6193236,0.1127562,-0.6700977,-0.3933112,0.0295859482139349,0,0.4587021,0.1465426,0.08741494,0.996264,-0.05451091,0.0591394,0.03145095
274612,0.0166676,64.7355641964823,1.095972,0.5264193,-0.3153089,0.6206154,-0.1033148,0.6648892,0.402598,0.0110039636492729,0,0.4587021,0.1465426,0.08741494,0.996264,-0.05451091,0.0591394,0.03145095
274612,0.0166667,64.7522308956832,1.095496,0.5276786,-0.3164447,-0.6219473,0.0972898,-0.6626358,-0.4057464,0,0,0.4587021,0.1465426,0.08741494,0.996264,-0.05451091,0.0591394,0.03145095
274612,0.016667,64.7688978947699,1.095308,0.5300931,-0.3191868,0.6233214,-0.08699944,0.660122,0.4100496,0,0,0.4587021,0.1465426,0.08741494,0.996264,-0.05451091,0.0591394,0.03145095
274612,0.0166667,64.7855645939708,1.095439,0.5310093,-0.320506,-0.6252617,0.08036084,-0.6591678,-0.4099852,0,0,0.4587021,0.1465426,0.08741494,0.996264,-0.05451091,0.0591394,0.03145095
274612,0.0166668,64.8022313937545,1.095639,0.5326509,-0.3226108,-0.6294493,0.07008946,-0.6569308,-0.4090515,0,0,0.4587021,0.1465426,0.08741494,0.996264,-0.05451091,0.0591394,0.03145095
274634,0.0166664,64.8188977930695,1.095781,0.5332448,-0.3234497,-0.6321804,0.06702289,-0.6554547,-0.4077195,0,0,0.4587021,0.1465426,0.08741494,0.996264,-0.05451091,0.0591394,0.03145095
274634,0.0166671,64.8355648927391,1.09652,0.5339912,-0.3243185,-0.6363187,0.06301101,-0.6540216,-0.4042078,0,0,0.4587021,0.1465426,0.08741494,0.996264,-0.05451091,0.0591394,0.03145095
274634,0.016667,64.8522318918258,1.096964,0.5342388,-0.3245348,-0.6381932,0.05976683,-0.6536171,-0.4023954,0,0,0.4587021,0.1465426,0.08741494,0.996264,-0.05451091,0.0591394,0.03145095
274634,0.016667,64.8688988909125,1.097938,0.5344207,-0.3246578,0.6425402,-0.0491842,0.6533375,0.3973327,0,0,0.4587021,0.1465426,0.08741494,0.996264,-0.05451091,0.0591394,0.03145095
274634,0.0166683,64.8855671901256,1.098419,0.5344321,-0.3246279,-0.6441808,0.04563694,-0.6532904,-0.395171,0,0,0.4587021,0.1465426,0.08741494,0.996264,-0.05451091,0.0591394,0.03145095
274634,0.0166664,64.9022335894406,1.099252,0.53421,-0.3245143,0.6463371,-0.04085074,0.652939,0.3927473,0,0,0.4587021,0.1465426,0.08741494,0.996264,-0.05451091,0.0591394,0.03145095
274634,0.0166658,64.9188993889838,1.099613,0.5339959,-0.3243053,-0.6469697,0.04026382,-0.6527693,-0.3920477,0,0,0.4587021,0.1465426,0.08741494,0.996264,-0.05451091,0.0591394,0.03145095
274634,0.0166671,64.9355664886534,1.100156,0.5334749,-0.3237591,-0.6483651,0.03878085,-0.6519505,-0.3912537,0,0,0.4587021,0.1465426,0.08741494,0.996264,-0.05451091,0.0591394,0.03145095
274634,0.0166669,64.95223338902,1.100319,0.5332091,-0.3234772,-0.6488215,0.03846282,-0.6514826,-0.3913078,0,0,0.4587021,0.1465426,0.08741494,0.996264,-0.05451091,0.0591394,0.03145095
274634,0.0166673,64.9689006898552,1.100298,0.53306,-0.3231731,-0.6498033,0.03613681,-0.6507507,-0.3911184,0,0,0.4587021,0.1465426,0.08741494,0.996264,-0.05451091,0.0591394,0.03145095
274634,0.016667,64.985567688942,1.100209,0.5330656,-0.3230516,0.6501073,-0.03482863,0.6506214,0.3909469,0,0,0.4587021,0.1465426,0.08741494,0.996264,-0.05451091,0.0591394,0.03145095
274634,0.0166673,65.0022349897772,1.099878,0.5330426,-0.3228765,-0.6498727,0.03393342,-0.6504561,-0.3916901,0,0,0.4587021,0.1465426,0.08741494,0.996264,-0.05451091,0.0591394,0.03145095
274634,0.0166661,65.0189010892063,1.099723,0.5330362,-0.3228019,-0.6491419,0.03458617,-0.6505088,-0.3927559,0,0,0.4587021,0.1465426,0.08741494,0.996264,-0.05451091,0.0591394,0.03145095
274634,0.0166673,65.0355683900416,1.099442,0.5329356,-0.3226539,-0.6471481,0.03594403,-0.6507367,-0.3955368,0,0,0.4587021,0.1465426,0.08741494,0.996264,-0.05451091,0.0591394,0.03145095
274634,0.0166667,65.0522350892425,1.09934,0.532885,-0.3225677,0.6460925,-0.03702536,0.6510749,0.3966044,0,0,0.4587021,0.1465426,0.08741494,0.996264,-0.05451091,0.0591394,0.03145095
274634,0.0166676,65.0689026899636,1.099247,0.5328031,-0.3224809,-0.6447043,0.03801278,-0.6519179,-0.3973847,0,0,0.4587021,0.1465426,0.08741494,0.996264,-0.05451091,0.0591394,0.03145095
274634,0.0166717,65.0855743903667,1.099288,0.5328087,-0.3224862,-0.6437556,0.03739169,-0.6524303,-0.39814,0,0,0.4587021,0.1465426,0.08741494,0.996264,-0.05451091,0.0591394,0.03145095
274634,0.0166673,65.1022416912019,1.099512,0.5328779,-0.32227,-0.6401427,0.03669292,-0.6537415,-0.4018621,0,0,0.4587021,0.1465426,0.08741494,0.996264,-0.05451091,0.0591394,0.03145095
274634,0.0166662,65.1189078912139,1.099746,0.5329579,-0.3221883,0.6383667,-0.03379317,0.6554103,0.4022231,0,0,0.4587021,0.1465426,0.08741494,0.996264,-0.05451091,0.0591394,0.03145095
274634,0.0166673,65.1355751920491,1.100092,0.5331326,-0.322475,0.6319271,-0.02692462,0.6594779,0.4062416,0,0,0.4587021,0.1465426,0.08741494,0.996264,-0.05451091,0.0591394,0.03145095
274634,0.0166671,65.1522422917187,1.100167,0.5332181,-0.3226514,0.6286799,-0.02433391,0.6610711,0.4088455,0,0,0.4587021,0.1465426,0.08741494,0.996264,-0.05451091,0.0591394,0.03145095
274634,0.0166669,65.1689091920853,1.100034,0.5326742,-0.3233493,0.6187633,-0.01375723,0.6655118,0.4171773,0,0,0.4587021,0.1465426,0.08741494,0.996264,-0.05451091,0.0591394,0.03145095
274634,0.0166665,65.1855756919831,1.100085,0.5325439,-0.3241498,0.6126083,-0.009630188,0.6677309,0.422793,0.0860441476106644,0,0.4587021,0.1465426,0.08741494,0.996264,-0.05451091,0.0591394,0.03145095
274712,0.0166679,65.2022435925901,1.100124,0.5331767,-0.3259069,0.6041824,-0.003326096,0.67011,0.4311675,0.161247000098228,0,0.4587021,0.1465426,0.08741494,0.996264,-0.05451091,0.0591394,0.03145095
274712,0.0166666,65.2189101930708,1.100253,0.5332024,-0.3267443,0.5978415,0.0008612275,0.670951,0.4386454,0.386075437068939,0.187625825405121,0.4587021,0.1465426,0.08741494,0.996264,-0.05451091,0.0591394,0.03145095
274712,0.0166667,65.2355768922716,1.100173,0.5327941,-0.3285395,0.5872092,-0.001115687,0.6718814,0.4513977,0.617581486701965,0.446326732635498,0.4587021,0.1465426,0.08741494,0.996264,-0.05451091,0.0591394,0.03145095
274712,0.0166657,65.2522425930947,1.099797,0.531984,-0.3294156,0.5829275,-0.004067026,0.6731967,0.4549564,0.780306994915009,0.612171471118927,0.4587021,0.1465426,0.08741494,0.996264,-0.05451091,0.0591394,0.03145095
274712,0.0166676,65.2689101938158,1.099293,0.5290425,-0.33184,-0.566883,0.0111909,-0.68054,-0.4640948,0.840683221817017,0.667945325374603,0.4587021,0.1465426,0.08741494,0.996264,-0.05451091,0.0591394,0.03145095
274712,0.0166669,65.2855770941824,1.099235,0.5283013,-0.332839,0.5585144,-0.01709424,0.6862206,0.4656938,0.939124405384064,0.727658569812775,0.4587021,0.1465426,0.08741494,0.996264,-0.05451091,0.0591394,0.03145095
274712,0.0166672,65.3022442944348,1.098671,0.5270821,-0.334151,-0.5409529,0.02690596,-0.6972,-0.4696364,0.955612778663635,0.773594379425049,0.4587021,0.1465426,0.08741494,0.996264,-0.05451091,0.0591394,0.03145095
274734,0.0166673,65.31891159527,1.098863,0.5258411,-0.3348114,-0.5343729,0.02489887,-0.7042863,-0.4666975,1,0.873240768909454,0.4587021,0.1465426,0.08741494,0.996264,-0.05451091,0.0591394,0.03145095
274734,0.0166664,65.335577994585,1.099177,0.5233616,-0.3359733,0.5246481,-0.02595049,0.7160732,0.4596852,1,0.906005084514618,0.4587021,0.1465426,0.08741494,0.996264,-0.05451091,0.0591394,0.03145095
274734,0.0166671,65.3522450942546,1.09953,0.5219944,-0.3367975,0.5231886,-0.02439862,0.7212621,0.4532765,1,0.964087069034576,0.4587021,0.1465426,0.08741494,0.996264,-0.05451091,0.0591394,0.03145095
274734,0.0166669,65.3689119946212,1.100182,0.5188171,-0.338207,-0.5180466,0.02679434,-0.7282451,-0.4478492,0.986867547035217,1,0.4587021,0.1465426,0.08741494,0.996264,-0.05451091,0.0591394,0.03145095
274734,0.0166663,65.385578295216,1.100491,0.5171784,-0.3387702,0.5148494,-0.0326646,0.7310883,0.4465125,0.887896418571472,1,0.4587021,0.1465426,0.08741494,0.996264,-0.05451091,0.0591394,0.03145095
274734,0.0166887,65.4022669959813,1.101339,0.5129694,-0.339936,-0.5093423,0.04519186,-0.7354168,-0.4446238,0.883666455745697,1,0.4587021,0.1465426,0.08741494,0.996264,-0.05451091,0.0591394,0.03145095
274734,0.0166678,65.4189347960055,1.101864,0.5107244,-0.3405107,0.5075287,-0.0497958,0.7372023,0.443247,0.895028173923492,1,0.4587021,0.1465426,0.08741494,0.996264,-0.05451091,0.0591394,0.03145095
274734,0.0166659,65.4356006961316,1.103464,0.5065628,-0.3421423,0.50426,-0.05973785,0.7401914,0.4407609,0.920141756534576,1,0.4587021,0.1465426,0.08741494,0.996264,-0.05451091,0.0591394,0.03145095
274734,0.0166926,65.4522932954133,1.104228,0.5052416,-0.342912,-0.5049111,0.05983002,-0.7413589,-0.4380324,0.918950021266937,1,0.4587021,0.1465426,0.08741494,0.996264,-0.05451091,0.0591394,0.03145095
274734,0.0166684,65.4689616952091,1.106062,0.501468,-0.3449273,-0.5054318,0.06958088,-0.7433049,-0.4326604,0.941477596759796,1,0.4587021,0.1465426,0.08741494,0.996264,-0.05451091,0.0591394,0.03145095
274734,0.0166665,65.485628195107,1.107105,0.4992026,-0.3457571,-0.5054881,0.07478043,-0.7436065,-0.4312068,1,1,0.4587021,0.1465426,0.08741494,0.996264,-0.05451091,0.0591394,0.03145095
274734,0.0166676,65.5022957958281,1.109238,0.4942319,-0.347259,-0.5069901,0.08728373,-0.7435637,-0.4271484,1,1,0.4587021,0.1465426,0.08741494,0.996264,-0.05451091,0.0591394,0.03145095
274734,0.0166671,65.5189628954977,1.110298,0.4919866,-0.3482682,-0.5085877,0.09305427,-0.7425458,-0.4257995,1,1,0.4587021,0.1465426,0.08741494,0.996264,-0.05451091,0.0591394,0.03145095
274734,0.0166681,65.5356309954077,1.112042,0.4867591,-0.3500879,-0.5087163,0.1069282,-0.7403826,-0.4261548,1,1,0.4587021,0.1465426,0.08741494,0.996264,-0.05451091,0.0591394,0.03145095
274734,0.0166657,65.5522966962308,1.113137,0.4838867,-0.3513757,-0.5082983,0.1123116,-0.7393043,-0.4271398,1,1,0.4587021,0.1465426,0.08741494,0.996264,-0.05451091,0.0591394,0.03145095
274734,0.0166669,65.5689635965973,1.115331,0.4792033,-0.3542201,-0.5080276,0.1280489,-0.7371545,-0.426749,1,1,0.4587021,0.1465426,0.08741494,0.996264,-0.05451091,0.0591394,0.03145095
274734,0.0166665,65.5856300964952,1.116468,0.4769928,-0.3559794,-0.5096598,0.1355604,-0.7358652,-0.4247032,1,1,0.4587021,0.1465426,0.08741494,0.996264,-0.05451091,0.0591394,0.03145095
274734,0.0166671,65.6022971961647,1.118598,0.4726717,-0.3595799,-0.5152432,0.1506925,-0.7326415,-0.4183934,1,1,0.4587021,0.1465426,0.08741494,0.996264,-0.05451091,0.0591394,0.03145095
274734,0.0177237,65.6200208961964,1.119808,0.4704204,-0.3616261,-0.5190084,0.1581711,-0.7305425,-0.4146325,1,1,0.4587021,0.1465426,0.08741494,0.996264,-0.05451091,0.0591394,0.03145095
274734,0.0166668,65.6366876959801,1.122601,0.4658657,-0.3659521,0.5269539,-0.1689289,0.729616,0.4017998,1,1,0.4587021,0.1465426,0.08741494,0.996264,-0.05451091,0.0591394,0.03145095
274734,0.0166722,65.6533598955721,1.123671,0.4627028,-0.3676378,0.5273814,-0.1721722,0.7290554,0.400879,1,1,0.4587021,0.1465426,0.08741494,0.996264,-0.05451091,0.0591394,0.03145095
274734,0.0166615,65.6700213961303,1.125706,0.457348,-0.3725706,-0.5347414,0.1849618,-0.7272074,-0.3886008,1,1,0.4587021,0.1465426,0.08741494,0.996264,-0.05451091,0.0591394,0.03145095
274734,0.016667,65.6866883952171,1.127264,0.4548802,-0.3761938,-0.5378191,0.1938149,-0.726374,-0.3815328,1,1,0.4587021,0.1465426,0.08741494,0.996264,-0.05451091,0.0591394,0.03145095
274812,0.0166677,65.7033560946584,1.13077,0.4497326,-0.3831143,-0.5394572,0.2091936,-0.7273814,-0.3689722,1,1,0.4587021,0.1465426,0.08741494,0.996264,-0.05451091,0.0591394,0.03145095
274812,0.0166659,65.7200219947845,1.132382,0.4466039,-0.386425,-0.5406508,0.21866,-0.7267103,-0.3630108,1,1,0.4587021,0.1465426,0.08741494,0.996264,-0.05451091,0.0591394,0.03145095
274812,0.0166675,65.7366894949228,1.136393,0.441434,-0.3928704,-0.5374485,0.2364002,-0.7300985,-0.3496006,1,1,0.4587021,0.1465426,0.08741494,0.996264,-0.05451091,0.0591394,0.03145095
274812,0.0166676,65.7533570956439,1.138571,0.4396553,-0.3973837,-0.5385898,0.2485661,-0.7285255,-0.3426173,1,1,0.4587021,0.1465426,0.08741494,0.996264,-0.05451091,0.0591394,0.03145095
274812,0.0166664,65.7700234949589,1.1425,0.4349879,-0.405139,-0.5436247,0.2666144,-0.7272353,-0.3232923,1,1,0.4587021,0.1465426,0.08741494,0.996264,-0.05451091,0.0591394,0.03145095
274812,0.0166673,65.7866907957941,1.145107,0.4316917,-0.4076794,0.5391725,-0.2744707,0.7309102,0.3157995,0.990480482578278,1,0.4587021,0.1465426,0.08741494,0.996264,-0.05451091,0.0591394,0.03145095
274812,0.0166665,65.803357295692,1.150416,0.4279643,-0.4109737,0.5292786,-0.2998197,0.738349,0.291227,0.981298685073853,1,0.4587021,0.1465426,0.08741494,0.996264,-0.05451091,0.0591394,0.03145095
274834,0.0166665,65.8200237955898,1.153719,0.4262274,-0.4120405,0.5237345,-0.3156825,0.7398757,0.2804121,0.947150230407715,1,0.4587021,0.1465426,0.08741494,0.996264,-0.05451091,0.0591394,0.03145095
274834,0.0166669,65.8366906959563,1.160876,0.4214781,-0.4139218,-0.5056937,0.3451325,-0.7485535,-0.254608,0.859782159328461,1,0.4587021,0.1465426,0.08741494,0.996264,-0.05451091,0.0591394,0.03145095
274834,0.016668,65.8533586952835,1.16493,0.4193164,-0.4148375,-0.4957102,0.3707272,-0.7497491,-0.2338998,0.700947105884552,0.986346900463104,0.4587021,0.1465426,0.08741494,0.996264,-0.05451091,0.0591394,0.03145095
274834,0.0166676,65.8700262960047,1.174056,0.4184315,-0.4177358,-0.4718199,0.4079958,-0.7602229,-0.1816223,0.531233191490173,0.867263674736023,0.4587021,0.1465426,0.08741494,0.996264,-0.05451091,0.0591394,0.03145095
274834,0.016665,65.8866912964731,1.177539,0.4192707,-0.4203278,0.468734,-0.4116683,0.766166,0.1542972,0.162853762507439,0.530287742614746,0.4587021,0.1465426,0.08741494,0.996264,-0.05451091,0.0591394,0.03145095
274834,0.0166677,65.9033589959145,1.182213,0.4126731,-0.4290082,0.4594522,-0.4028834,0.777236,0.1499766,0.0804001837968826,0.381447792053223,0.4587021,0.1465426,0.08741494,0.996264,-0.05451091,0.0591394,0.03145095
274834,0.0166661,65.9200250953436,1.185025,0.4112213,-0.4329526,0.4541178,-0.3940331,0.7865855,0.1407065,0,0.157647177577019,0.4587021,0.1465426,0.08741494,0.996264,-0.05451091,0.0591394,0.03145095
274834,0.0166675,65.9366925954819,1.185025,0.4112213,-0.4329526,0.4541178,-0.3940331,0.7865855,0.1407065,0,0.105103179812431,0.4587021,0.1465426,0.08741494,0.996264,-0.05451091,0.0591394,0.03145095
274834,0.0166866,65.9533791951835,1.185025,0.4112213,-0.4329526,0.4541178,-0.3940331,0.7865855,0.1407065,0,0.105103179812431,0.4587021,0.1465426,0.08741494,0.996264,-0.05451091,0.0591394,0.03145095
274834,0.0166693,65.970048494637,1.185025,0.4112213,-0.4329526,0.4541178,-0.3940331,0.7865855,0.1407065,0,0.105103179812431,0.4587021,0.1465426,0.08741494,0.996264,-0.05451091,0.0591394,0.03145095
274834,0.0166653,65.9867137949914,1.185025,0.4112213,-0.4329526,0.4541178,-0.3940331,0.7865855,0.1407065,0,0.105103179812431,0.4587021,0.1465426,0.08741494,0.996264,-0.05451091,0.0591394,0.03145095
274834,0.0166678,66.0033815950155,1.185025,0.4112213,-0.4329526,0.4541178,-0.3940331,0.7865855,0.1407065,0,0.105103179812431,0.4587021,0.1465426,0.08741494,0.996264,-0.05451091,0.0591394,0.03145095
274834,0.0166668,66.0200483947992,1.185025,0.4112213,-0.4329526,0.4541178,-0.3940331,0.7865855,0.1407065,0,0.105103179812431,0.4587021,0.1465426,0.08741494,0.996264,-0.05451091,0.0591394,0.03145095
274834,0.0166663,66.036714695394,1.185025,0.4112213,-0.4329526,0.4541178,-0.3940331,0.7865855,0.1407065,0,0.105103179812431,0.4587021,0.1465426,0.08741494,0.996264,-0.05451091,0.0591394,0.03145095
274834,0.0166672,66.0533818956465,1.185025,0.4112213,-0.4329526,0.4541178,-0.3940331,0.7865855,0.1407065,0,0.105103179812431,0.4587021,0.1465426,0.08741494,0.996264,-0.05451091,0.0591394,0.03145095
274834,0.0166675,66.0700493957847,1.185025,0.4112213,-0.4329526,0.4541178,-0.3940331,0.7865855,0.1407065,0,0.105103179812431,0.4587021,0.1465426,0.08741494,0.996264,-0.05451091,0.0591394,0.03145095
274834,0.0166672,66.0867165960371,1.185025,0.4112213,-0.4329526,0.4541178,-0.3940331,0.7865855,0.1407065,0,0.105103179812431,0.4587021,0.1465426,0.08741494,0.996264,-0.05451091,0.0591394,0.03145095
274834,0.0166661,66.1033826954663,1.185025,0.4112213,-0.4329526,0.4541178,-0.3940331,0.7865855,0.1407065,0,0.105103179812431,0.4587021,0.1465426,0.08741494,0.996264,-0.05451091,0.0591394,0.03145095
274834,0.0166664,66.1200490947813,1.185025,0.4112213,-0.4329526,0.4541178,-0.3940331,0.7865855,0.1407065,0,0.105103179812431,0.4587021,0.1465426,0.08741494,0.996264,-0.05451091,0.0591394,0.03145095
274834,0.0166673,66.1367163956165,1.185025,0.4112213,-0.4329526,0.4541178,-0.3940331,0.7865855,0.1407065,0,0.105103179812431,0.4587021,0.1465426,0.08741494,0.996264,-0.05451091,0.0591394,0.03145095
274834,0.016668,66.1533843949437,1.185025,0.4112213,-0.4329526,0.4541178,-0.3940331,0.7865855,0.1407065,0,0.105103179812431,0.4587021,0.1465426,0.08741494,0.996264,-0.05451091,0.0591394,0.03145095
274834,0.0166665,66.1700508948416,1.185025,0.4112213,-0.4329526,0.4541178,-0.3940331,0.7865855,0.1407065,0,0.105103179812431,0.4587021,0.1465426,0.08741494,0.996264,-0.05451091,0.0591394,0.03145095
274834,0.0166674,66.186718294397,1.185025,0.4112213,-0.4329526,0.4541178,-0.3940331,0.7865855,0.1407065,0,0.105103179812431,0.4587021,0.1465426,0.08741494,0.996264,-0.05451091,0.0591394,0.03145095
274912,0.0166662,66.203384494409,1.185025,0.4112213,-0.4329526,0.4541178,-0.3940331,0.7865855,0.1407065,0,0.105103179812431,0.4587021,0.1465426,0.08741494,0.996264,-0.05451091,0.0591394,0.03145095
274912,0.0166669,66.2200513947755,1.185025,0.4112213,-0.4329526,0.4541178,-0.3940331,0.7865855,0.1407065,0,0.105103179812431,0.4587021,0.1465426,0.08741494,0.996264,-0.05451091,0.0591394,0.03145095
274912,0.0166668,66.2367181945592,1.185025,0.4112213,-0.4329526,0.4541178,-0.3940331,0.7865855,0.1407065,0,0.105103179812431,0.4587021,0.1465426,0.08741494,0.996264,-0.05451091,0.0591394,0.03145095
274912,0.0166667,66.2533848937601,1.185025,0.4112213,-0.4329526,0.4541178,-0.3940331,0.7865855,0.1407065,0,0.105103179812431,0.4587021,0.1465426,0.08741494,0.996264,-0.05451091,0.0591394,0.03145095
274912,0.016667,66.2700518928468,1.185025,0.4112213,-0.4329526,0.4541178,-0.3940331,0.7865855,0.1407065,0,0.105103179812431,0.4587021,0.1465426,0.08741494,0.996264,-0.05451091,0.0591394,0.03145095
274912,0.0166681,66.2867199927568,1.185025,0.4112213,-0.4329526,0.4541178,-0.3940331,0.7865855,0.1407065,0,0.105103179812431,0.4587021,0.1465426,0.08741494,0.996264,-0.05451091,0.0591394,0.03145095
274912,0.0166658,66.3033857923001,1.185025,0.4112213,-0.4329526,0.4541178,-0.3940331,0.7865855,0.1407065,0,0.105103179812431,0.4587021,0.1465426,0.08741494,0.996264,-0.05451091,0.0591394,0.03145095
274934,0.0166668,66.3200525920838,1.185025,0.4112213,-0.4329526,0.4541178,-0.3940331,0.7865855,0.1407065,0,0.105103179812431,0.4587021,0.1465426,0.08741494,0.996264,-0.05451091,0.0591394,0.03145095
274934,0.0166678,66.336720392108,1.185025,0.4112213,-0.4329526,0.4541178,-0.3940331,0.7865855,0.1407065,0,0.105103179812431,0.4587021,0.1465426,0.08741494,0.996264,-0.05451091,0.0591394,0.03145095
274934,0.0166667,66.3533870913088,1.185025,0.4112213,-0.4329526,0.4541178,-0.3940331,0.7865855,0.1407065,0,0.105103179812431,0.4587021,0.1465426,0.08741494,0.996264,-0.05451091,0.0591394,0.03145095
274934,0.0166669,66.3700539916754,1.185025,0.4112213,-0.4329526,0.4541178,-0.3940331,0.7865855,0.1407065,0,0.105103179812431,0.4587021,0.1465426,0.08741494,0.996264,-0.05451091,0.0591394,0.03145095
274934,0.016667,66.3867209907621,1.185025,0.4112213,-0.4329526,0.4541178,-0.3940331,0.7865855,0.1407065,0,0.105103179812431,0.4587021,0.1465426,0.08741494,0.996264,-0.05451091,0.0591394,0.03145095
274952,0.0166691,66.4033900909126,1.185025,0.4112213,-0.4329526,0.4541178,-0.3940331,0.7865855,0.1407065,0,0.105103179812431,0.4587021,0.1465426,0.08741494,0.996264,-0.05451091,0.0591394,0.03145095
274952,0.0166643,66.4200543910265,1.185025,0.4112213,-0.4329526,0.4541178,-0.3940331,0.7865855,0.1407065,0,0.105103179812431,0.4587021,0.1465426,0.08741494,0.996264,-0.05451091,0.0591394,0.03145095
274952,0.0166671,66.4367214906961,1.185025,0.4112213,-0.4329526,0.4541178,-0.3940331,0.7865855,0.1407065,0,0.105103179812431,0.4587021,0.1465426,0.08741494,0.996264,-0.05451091,0.0591394,0.03145095
274952,0.0166659,66.4533873908222,1.185025,0.4112213,-0.4329526,0.4541178,-0.3940331,0.7865855,0.1407065,0,0.105103179812431,0.4587021,0.1465426,0.08741494,0.996264,-0.05451091,0.0591394,0.03145095
274952,0.0166674,66.4700547903776,1.185025,0.4112213,-0.4329526,0.4541178,-0.3940331,0.7865855,0.1407065,0,0.105103179812431,0.4587021,0.1465426,0.08741494,0.996264,-0.05451091,0.0591394,0.03145095
274952,0.0166677,66.4867224898189,1.185025,0.4112213,-0.4329526,0.4541178,-0.3940331,0.7865855,0.1407065,0,0.105103179812431,0.4587021,0.1465426,0.08741494,0.996264,-0.05451091,0.0591394,0.03145095
274952,0.016667,66.5033894889057,1.185025,0.4112213,-0.4329526,0.4541178,-0.3940331,0.7865855,0.1407065,0,0.105103179812431,0.4587021,0.1465426,0.08741494,0.996264,-0.05451091,0.0591394,0.03145095
274952,0.0166657,66.5200551897287,1.185025,0.4112213,-0.4329526,0.4541178,-0.3940331,0.7865855,0.1407065,0,0.105103179812431,0.4587021,0.1465426,0.08741494,0.996264,-0.05451091,0.0591394,0.03145095
274952,0.0166677,66.5367228891701,1.185025,0.4112213,-0.4329526,0.4541178,-0.3940331,0.7865855,0.1407065,0,0.105103179812431,0.4587021,0.1465426,0.08741494,0.996264,-0.05451091,0.0591394,0.03145095
274952,0.0166671,66.5533899888396,1.185025,0.4112213,-0.4329526,0.4541178,-0.3940331,0.7865855,0.1407065,0,0.105103179812431,0.4587021,0.1465426,0.08741494,0.996264,-0.05451091,0.0591394,0.03145095
274952,0.0166678,66.5700577888638,1.185025,0.4112213,-0.4329526,0.4541178,-0.3940331,0.7865855,0.1407065,0,0.105103179812431,0.4587021,0.1465426,0.08741494,0.996264,-0.05451091,0.0591394,0.03145095
274952,0.0166673,66.586725089699,1.185025,0.4112213,-0.4329526,0.4541178,-0.3940331,0.7865855,0.1407065,0,0.105103179812431,0.4587021,0.1465426,0.08741494,0.996264,-0.05451091,0.0591394,0.03145095
274952,0.0171116,66.6038366891444,1.185025,0.4112213,-0.4329526,0.4541178,-0.3940331,0.7865855,0.1407065,0,0.105103179812431,0.4587021,0.1465426,0.08741494,0.996264,-0.05451091,0.0591394,0.03145095
274952,0.0166676,66.6205042898655,1.185025,0.4112213,-0.4329526,0.4541178,-0.3940331,0.7865855,0.1407065,0,0.105103179812431,0.4587021,0.1465426,0.08741494,0.996264,-0.05451091,0.0591394,0.03145095
274952,0.0166657,66.6371699906886,1.185025,0.4112213,-0.4329526,0.4541178,-0.3940331,0.7865855,0.1407065,0,0.105103179812431,0.4587021,0.1465426,0.08741494,0.996264,-0.05451091,0.0591394,0.03145095
274952,0.0166674,66.653837390244,1.185025,0.4112213,-0.4329526,0.4541178,-0.3940331,0.7865855,0.1407065,0,0.105103179812431,0.4587021,0.1465426,0.08741494,0.996264,-0.05451091,0.0591394,0.03145095
274952,0.0166663,66.6705036908388,1.185025,0.4112213,-0.4329526,0.4541178,-0.3940331,0.7865855,0.1407065,0,0.105103179812431,0.4587021,0.1465426,0.08741494,0.996264,-0.05451091,0.0591394,0.03145095
274952,0.0166678,66.687171490863,1.185025,0.4112213,-0.4329526,0.4541178,-0.3940331,0.7865855,0.1407065,0,0.105103179812431,0.4587021,0.1465426,0.08741494,0.996264,-0.05451091,0.0591394,0.03145095
275012,0.0166667,66.7038381900638,1.185025,0.4112213,-0.4329526,0.4541178,-0.3940331,0.7865855,0.1407065,0,0.105103179812431,0.4587021,0.1465426,0.08741494,0.996264,-0.05451091,0.0591394,0.03145095
275012,0.0166674,66.7205055896193,1.185025,0.4112213,-0.4329526,0.4541178,-0.3940331,0.7865855,0.1407065,0,0.105103179812431,0.4587021,0.1465426,0.08741494,0.996264,-0.05451091,0.0591394,0.03145095
275012,0.0166663,66.7371718902141,1.185025,0.4112213,-0.4329526,0.4541178,-0.3940331,0.7865855,0.1407065,0,0.105103179812431,0.4587021,0.1465426,0.08741494,0.996264,-0.05451091,0.0591394,0.03145095
275012,0.016666,66.753837890923,1.185025,0.4112213,-0.4329526,0.4541178,-0.3940331,0.7865855,0.1407065,0,0.105103179812431,0.4587021,0.1465426,0.08741494,0.996264,-0.05451091,0.0591394,0.03145095
275012,0.018812,66.7726498916745,1.185025,0.4112213,-0.4329526,0.4541178,-0.3940331,0.7865855,0.1407065,0,0.105103179812431,0.4587021,0.1465426,0.08741494,0.996264,-0.05451091,0.0591394,0.03145095
275012,0.0166684,66.7893182914704,1.185025,0.4112213,-0.4329526,0.4541178,-0.3940331,0.7865855,0.1407065,0,0.105103179812431,0.4587021,0.1465426,0.08741494,0.996264,-0.05451091,0.0591394,0.03145095
275012,0.0166665,66.8059847913682,1.185025,0.4112213,-0.4329526,0.4541178,-0.3940331,0.7865855,0.1407065,0,0.105103179812431,0.4587021,0.1465426,0.08741494,0.996264,-0.05451091,0.0591394,0.03145095
275034,0.0166669,66.8226516917348,1.185025,0.4112213,-0.4329526,0.4541178,-0.3940331,0.7865855,0.1407065,0,0.105103179812431,0.4587021,0.1465426,0.08741494,0.996264,-0.05451091,0.0591394,0.03145095
275034,0.0166667,66.8393183909357,1.185025,0.4112213,-0.4329526,0.4541178,-0.3940331,0.7865855,0.1407065,0,0.105103179812431,0.4587021,0.1465426,0.08741494,0.996264,-0.05451091,0.0591394,0.03145095
275034,0.0166673,66.8559856917709,1.185025,0.4112213,-0.4329526,0.4541178,-0.3940331,0.7865855,0.1407065,0,0.105103179812431,0.4587021,0.1465426,0.08741494,0.996264,-0.05451091,0.0591394,0.03145095
275034,0.0166669,66.8726525921375,1.185025,0.4112213,-0.4329526,0.4541178,-0.3940331,0.7865855,0.1407065,0,0.105103179812431,0.4587021,0.1465426,0.08741494,0.996264,-0.05451091,0.0591394,0.03145095
275034,0.0166668,66.8893193919212,1.185025,0.4112213,-0.4329526,0.4541178,-0.3940331,0.7865855,0.1407065,0,0.105103179812431,0.4587021,0.1465426,0.08741494,0.996264,-0.05451091,0.0591394,0.03145095
275052,0.0166664,66.9059857912362,1.185025,0.4112213,-0.4329526,0.4541178,-0.3940331,0.7865855,0.1407065,0,0.105103179812431,0.4587021,0.1465426,0.08741494,0.996264,-0.05451091,0.0591394,0.03145095
275052,0.0166673,66.9226530920714,1.185025,0.4112213,-0.4329526,0.4541178,-0.3940331,0.7865855,0.1407065,0,0.105103179812431,0.4587021,0.1465426,0.08741494,0.996264,-0.05451091,0.0591394,0.03145095
275052,0.0166673,66.9393203929067,1.185025,0.4112213,-0.4329526,0.4541178,-0.3940331,0.7865855,0.1407065,0,0.105103179812431,0.4587021,0.1465426,0.08741494,0.996264,-0.05451091,0.0591394,0.03145095
275052,0.0166667,66.9559870921075,1.185025,0.4112213,-0.4329526,0.4541178,-0.3940331,0.7865855,0.1407065,0,0.105103179812431,0.4587021,0.1465426,0.08741494,0.996264,-0.05451091,0.0591394,0.03145095
275052,0.0166679,66.9726549927145,1.185025,0.4112213,-0.4329526,0.4541178,-0.3940331,0.7865855,0.1407065,0,0.105103179812431,0.4587021,0.1465426,0.08741494,0.996264,-0.05451091,0.0591394,0.03145095
275052,0.0166659,66.9893208928406,1.185025,0.4112213,-0.4329526,0.4541178,-0.3940331,0.7865855,0.1407065,0,0.105103179812431,0.4587021,0.1465426,0.08741494,0.996264,-0.05451091,0.0591394,0.03145095
275052,0.0166675,67.0059883929789,1.185025,0.4112213,-0.4329526,0.4541178,-0.3940331,0.7865855,0.1407065,0,0.105103179812431,0.4587021,0.1465426,0.08741494,0.996264,-0.05451091,0.0591394,0.03145095
275052,0.0166668,67.0226551927626,1.185025,0.4112213,-0.4329526,0.4541178,-0.3940331,0.7865855,0.1407065,0,0.105103179812431,0.4587021,0.1465426,0.08741494,0.996264,-0.05451091,0.0591394,0.03145095
275052,0.0166668,67.0393219925463,1.185025,0.4112213,-0.4329526,0.4541178,-0.3940331,0.7865855,0.1407065,0,0.105103179812431,0.4587021,0.1465426,0.08741494,0.996264,-0.05451091,0.0591394,0.03145095
275052,0.0166668,67.05598879233,1.185025,0.4112213,-0.4329526,0.4541178,-0.3940331,0.7865855,0.1407065,0,0.105103179812431,0.4587021,0.1465426,0.08741494,0.996264,-0.05451091,0.0591394,0.03145095
275052,0.0166685,67.0726572927088,1.185025,0.4112213,-0.4329526,0.4541178,-0.3940331,0.7865855,0.1407065,0,0.105103179812431,0.4587021,0.1465426,0.08741494,0.996264,-0.05451091,0.0591394,0.03145095
275052,0.0166651,67.0893223918974,1.185025,0.4112213,-0.4329526,0.4541178,-0.3940331,0.7865855,0.1407065,0,0.105103179812431,0.4587021,0.1465426,0.08741494,0.996264,-0.05451091,0.0591394,0.03145095
275052,0.016667,67.1059893909842,1.185025,0.4112213,-0.4329526,0.4541178,-0.3940331,0.7865855,0.1407065,0,0.105103179812431,0.4587021,0.1465426,0.08741494,0.996264,-0.05451091,0.0591394,0.03145095
275052,0.0166668,67.1226561907679,1.185025,0.4112213,-0.4329526,0.4541178,-0.3940331,0.7865855,0.1407065,0,0.105103179812431,0.4587021,0.1465426,0.08741494,0.996264,-0.05451091,0.0591394,0.03145095
275052,0.0166744,67.1393305901438,1.185025,0.4112213,-0.4329526,0.4541178,-0.3940331,0.7865855,0.1407065,0,0.105103179812431,0.4587021,0.1465426,0.08741494,0.996264,-0.05451091,0.0591394,0.03145095
275052,0.0166596,67.155990190804,1.185025,0.4112213,-0.4329526,0.4541178,-0.3940331,0.7865855,0.1407065,0,0.105103179812431,0.4587021,0.1465426,0.08741494,0.996264,-0.05451091,0.0591394,0.03145095
275052,0.0166675,67.1726576909423,1.185025,0.4112213,-0.4329526,0.4541178,-0.3940331,0.7865855,0.1407065,0,0.105103179812431,0.4587021,0.1465426,0.08741494,0.996264,-0.05451091,0.0591394,0.03145095
275052,0.0166675,67.1893251910806,1.185025,0.4112213,-0.4329526,0.4541178,-0.3940331,0.7865855,0.1407065,0,0.105103179812431,0.4587021,0.1465426,0.08741494,0.996264,-0.05451091,0.0591394,0.03145095
275112,0.0166662,67.2059913910925,1.185025,0.4112213,-0.4329526,0.4541178,-0.3940331,0.7865855,0.1407065,0,0.105103179812431,0.4587021,0.1465426,0.08741494,0.996264,-0.05451091,0.0591394,0.03145095
275112,0.0166667,67.2226580902934,1.185025,0.4112213,-0.4329526,0.4541178,-0.3940331,0.7865855,0.1407065,0,0.105103179812431,0.4587021,0.1465426,0.08741494,0.996264,-0.05451091,0.0591394,0.03145095
275112,0.0166668,67.2393248900771,1.185025,0.4112213,-0.4329526,0.4541178,-0.3940331,0.7865855,0.1407065,0,0.105103179812431,0.4587021,0.1465426,0.08741494,0.996264,-0.05451091,0.0591394,0.03145095
275112,0.0166667,67.255991589278,1.185025,0.4112213,-0.4329526,0.4541178,-0.3940331,0.7865855,0.1407065,0,0.105103179812431,0.4587021,0.1465426,0.08741494,0.996264,-0.05451091,0.0591394,0.03145095
275112,0.0166673,67.2726588901132,1.185025,0.4112213,-0.4329526,0.4541178,-0.3940331,0.7865855,0.1407065,0,0.105103179812431,0.4587021,0.1465426,0.08741494,0.996264,-0.05451091,0.0591394,0.03145095
275112,0.0166698,67.2893286906183,1.185025,0.4112213,-0.4329526,0.4541178,-0.3940331,0.7865855,0.1407065,0,0.105103179812431,0.4587021,0.1465426,0.08741494,0.996264,-0.05451091,0.0591394,0.03145095
275112,0.0166644,67.305993091315,1.185025,0.4112213,-0.4329526,0.4541178,-0.3940331,0.7865855,0.1407065,0,0.105103179812431,0.4587021,0.1465426,0.08741494,0.996264,-0.05451091,0.0591394,0.03145095
275134,0.0166666,67.3226596917957,1.185025,0.4112213,-0.4329526,0.4541178,-0.3940331,0.7865855,0.1407065,0,0.105103179812431,0.4587021,0.1465426,0.08741494,0.996264,-0.05451091,0.0591394,0.03145095
275134,0.0166681,67.3393277917057,1.185025,0.4112213,-0.4329526,0.4541178,-0.3940331,0.7865855,0.1407065,0,0.105103179812431,0.4587021,0.1465426,0.08741494,0.996264,-0.05451091,0.0591394,0.03145095
275134,0.0166663,67.3559940923005,1.185025,0.4112213,-0.4329526,0.4541178,-0.3940331,0.7865855,0.1407065,0,0.105103179812431,0.4587021,0.1465426,0.08741494,0.996264,-0.05451091,0.0591394,0.03145095
275134,0.0172885,67.3732825927436,1.185025,0.4112213,-0.4329526,0.4541178,-0.3940331,0.7865855,0.1407065,0,0.105103179812431,0.4587021,0.1465426,0.08741494,0.996264,-0.05451091,0.0591394,0.03145095
275134,0.0166668,67.3899493925273,1.185025,0.4112213,-0.4329526,0.4541178,-0.3940331,0.7865855,0.1407065,0,0.105103179812431,0.4587021,0.1465426,0.08741494,0.996264,-0.05451091,0.0591394,0.03145095
275152,0.0166708,67.4066201932728,1.185025,0.4112213,-0.4329526,0.4541178,-0.3940331,0.7865855,0.1407065,0,0.105103179812431,0.4587021,0.1465426,0.08741494,0.996264,-0.05451091,0.0591394,0.03145095
275152,0.0166651,67.4232852924615,1.185025,0.4112213,-0.4329526,0.4541178,-0.3940331,0.7865855,0.1407065,0,0.105103179812431,0.4587021,0.1465426,0.08741494,0.996264,-0.05451091,0.0591394,0.03145095
275152,0.0166644,67.4399496931583,1.185025,0.4112213,-0.4329526,0.4541178,-0.3940331,0.7865855,0.1407065,0,0.105103179812431,0.4587021,0.1465426,0.08741494,0.996264,-0.05451091,0.0591394,0.03145095
275152,0.0166671,67.4566167928278,1.185025,0.4112213,-0.4329526,0.4541178,-0.3940331,0.7865855,0.1407065,0,0.105103179812431,0.4587021,0.1465426,0.08741494,0.996264,-0.05451091,0.0591394,0.03145095
275152,0.0166681,67.4732848927379,1.185025,0.4112213,-0.4329526,0.4541178,-0.3940331,0.7865855,0.1407065,0,0.105103179812431,0.4587021,0.1465426,0.08741494,0.996264,-0.05451091,0.0591394,0.03145095
275152,0.0166663,67.4899511933327,1.185025,0.4112213,-0.4329526,0.4541178,-0.3940331,0.7865855,0.1407065,0,0.105103179812431,0.4587021,0.1465426,0.08741494,0.996264,-0.05451091,0.0591394,0.03145095
275152,0.0166671,67.5066182930022,1.185025,0.4112213,-0.4329526,0.4541178,-0.3940331,0.7865855,0.1407065,0,0.105103179812431,0.4587021,0.1465426,0.08741494,0.996264,-0.05451091,0.0591394,0.03145095
275152,0.0166685,67.523286793381,1.185025,0.4112213,-0.4329526,0.4541178,-0.3940331,0.7865855,0.1407065,0,0.105103179812431,0.4587021,0.1465426,0.08741494,0.996264,-0.05451091,0.0591394,0.03145095
275152,0.0166658,67.5399525929242,1.185025,0.4112213,-0.4329526,0.4541178,-0.3940331,0.7865855,0.1407065,0,0.105103179812431,0.4587021,0.1465426,0.08741494,0.996264,-0.05451091,0.0591394,0.03145095
275152,0.0166658,67.5566183924675,1.185025,0.4112213,-0.4329526,0.4541178,-0.3940331,0.7865855,0.1407065,0,0.105103179812431,0.4587021,0.1465426,0.08741494,0.996264,-0.05451091,0.0591394,0.03145095
275152,0.0166671,67.5732854921371,1.185025,0.4112213,-0.4329526,0.4541178,-0.3940331,0.7865855,0.1407065,0,0.105103179812431,0.4587021,0.1465426,0.08741494,0.996264,-0.05451091,0.0591394,0.03145095
275152,0.0166668,67.5899522919208,1.185025,0.4112213,-0.4329526,0.4541178,-0.3940331,0.7865855,0.1407065,0,0.105103179812431,0.4587021,0.1465426,0.08741494,0.996264,-0.05451091,0.0591394,0.03145095
275152,0.0166673,67.606619592756,1.185025,0.4112213,-0.4329526,0.4541178,-0.3940331,0.7865855,0.1407065,0,0.105103179812431,0.4587021,0.1465426,0.08741494,0.996264,-0.05451091,0.0591394,0.03145095
275152,0.0166674,67.6232869923115,1.185025,0.4112213,-0.4329526,0.4541178,-0.3940331,0.7865855,0.1407065,0,0.105103179812431,0.4587021,0.1465426,0.08741494,0.996264,-0.05451091,0.0591394,0.03145095
275152,0.016667,67.6399539913982,1.185025,0.4112213,-0.4329526,0.4541178,-0.3940331,0.7865855,0.1407065,0,0.105103179812431,0.4587021,0.1465426,0.08741494,0.996264,-0.05451091,0.0591394,0.03145095
275152,0.0166661,67.6566200908273,1.185025,0.4112213,-0.4329526,0.4541178,-0.3940331,0.7865855,0.1407065,0,0.105103179812431,0.4587021,0.1465426,0.08741494,0.996264,-0.05451091,0.0591394,0.03145095
275152,0.0166664,67.6732864901423,1.185025,0.4112213,-0.4329526,0.4541178,-0.3940331,0.7865855,0.1407065,0,0.105103179812431,0.4587021,0.1465426,0.08741494,0.996264,-0.05451091,0.0591394,0.03145095
275152,0.0166673,67.6899537909776,1.185025,0.4112213,-0.4329526,0.4541178,-0.3940331,0.7865855,0.1407065,0,0.105103179812431,0.4587021,0.1465426,0.08741494,0.996264,-0.05451091,0.0591394,0.03145095
275212,0.0166732,67.70662699081,1.185025,0.4112213,-0.4329526,0.4541178,-0.3940331,0.7865855,0.1407065,0,0.105103179812431,0.4587021,0.1465426,0.08741494,0.996264,-0.05451091,0.0591394,0.03145095
275212,0.0166611,67.7232880908996,1.185025,0.4112213,-0.4329526,0.4541178,-0.3940331,0.7865855,0.1407065,0,0.105103179812431,0.4587021,0.1465426,0.08741494,0.996264,-0.05451091,0.0591394,0.03145095
275212,0.0166667,67.7399547901005,1.185025,0.4112213,-0.4329526,0.4541178,-0.3940331,0.7865855,0.1407065,0,0.105103179812431,0.4587021,0.1465426,0.08741494,0.996264,-0.05451091,0.0591394,0.03145095
275212,0.0166669,67.756621690467,1.185025,0.4112213,-0.4329526,0.4541178,-0.3940331,0.7865855,0.1407065,0,0.105103179812431,0.4587021,0.1465426,0.08741494,0.996264,-0.05451091,0.0591394,0.03145095
275212,0.016667,67.7732886895537,1.185025,0.4112213,-0.4329526,0.4541178,-0.3940331,0.7865855,0.1407065,0,0.105103179812431,0.4587021,0.1465426,0.08741494,0.996264,-0.05451091,0.0591394,0.03145095
275212,0.0166671,67.7899557892233,1.185025,0.4112213,-0.4329526,0.4541178,-0.3940331,0.7865855,0.1407065,0,0.105103179812431,0.4587021,0.1465426,0.08741494,0.996264,-0.05451091,0.0591394,0.03145095
275212,0.016667,67.8066227883101,1.185025,0.4112213,-0.4329526,0.4541178,-0.3940331,0.7865855,0.1407065,0,0.105103179812431,0.4587021,0.1465426,0.08741494,0.996264,-0.05451091,0.0591394,0.03145095
275234,0.0166667,67.8232894875109,1.185025,0.4112213,-0.4329526,0.4541178,-0.3940331,0.7865855,0.1407065,0,0.105103179812431,0.4587021,0.1465426,0.08741494,0.996264,-0.05451091,0.0591394,0.03145095
275234,0.0166671,67.8399565871805,1.185025,0.4112213,-0.4329526,0.4541178,-0.3940331,0.7865855,0.1407065,0,0.105103179812431,0.4587021,0.1465426,0.08741494,0.996264,-0.05451091,0.0591394,0.03145095
275234,0.0166667,67.8566232863814,1.185025,0.4112213,-0.4329526,0.4541178,-0.3940331,0.7865855,0.1407065,0,0.105103179812431,0.4587021,0.1465426,0.08741494,0.996264,-0.05451091,0.0591394,0.03145095
275234,0.0166667,67.8732899855822,1.185025,0.4112213,-0.4329526,0.4541178,-0.3940331,0.7865855,0.1407065,0,0.105103179812431,0.4587021,0.1465426,0.08741494,0.996264,-0.05451091,0.0591394,0.03145095
275234,0.0166671,67.8899570852518,1.185025,0.4112213,-0.4329526,0.4541178,-0.3940331,0.7865855,0.1407065,0,0.105103179812431,0.4587021,0.1465426,0.08741494,0.996264,-0.05451091,0.0591394,0.03145095
275252,0.0166667,67.9066237844527,1.185025,0.4112213,-0.4329526,0.4541178,-0.3940331,0.7865855,0.1407065,0,0.105103179812431,0.4587021,0.1465426,0.08741494,0.996264,-0.05451091,0.0591394,0.03145095
275252,0.0166671,67.9232908841223,1.185025,0.4112213,-0.4329526,0.4541178,-0.3940331,0.7865855,0.1407065,0,0.105103179812431,0.4587021,0.1465426,0.08741494,0.996264,-0.05451091,0.0591394,0.03145095
275252,0.0166683,67.9399591833353,1.185025,0.4112213,-0.4329526,0.4541178,-0.3940331,0.7865855,0.1407065,0,0.105103179812431,0.4587021,0.1465426,0.08741494,0.996264,-0.05451091,0.0591394,0.03145095
275252,0.0166658,67.9566249828786,1.185025,0.4112213,-0.4329526,0.4541178,-0.3940331,0.7865855,0.1407065,0,0.105103179812431,0.4587021,0.1465426,0.08741494,0.996264,-0.05451091,0.0591394,0.03145095
275252,0.0166661,67.9732910823077,1.185025,0.4112213,-0.4329526,0.4541178,-0.3940331,0.7865855,0.1407065,0,0.105103179812431,0.4587021,0.1465426,0.08741494,0.996264,-0.05451091,0.0591394,0.03145095
275252,0.0166676,67.9899586830288,1.185025,0.4112213,-0.4329526,0.4541178,-0.3940331,0.7865855,0.1407065,0,0.105103179812431,0.4587021,0.1465426,0.08741494,0.996264,-0.05451091,0.0591394,0.03145095
275252,0.0166662,68.0066248830408,1.185025,0.4112213,-0.4329526,0.4541178,-0.3940331,0.7865855,0.1407065,0,0.105103179812431,0.4587021,0.1465426,0.08741494,0.996264,-0.05451091,0.0591394,0.03145095
275252,0.0166675,68.0232923831791,1.185025,0.4112213,-0.4329526,0.4541178,-0.3940331,0.7865855,0.1407065,0,0.105103179812431,0.4587021,0.1465426,0.08741494,0.996264,-0.05451091,0.0591394,0.03145095
275252,0.0166678,68.0399601832032,1.185025,0.4112213,-0.4329526,0.4541178,-0.3940331,0.7865855,0.1407065,0,0.105103179812431,0.4587021,0.1465426,0.08741494,0.996264,-0.05451091,0.0591394,0.03145095
275252,0.0166655,68.0566256828606,1.185025,0.4112213,-0.4329526,0.4541178,-0.3940331,0.7865855,0.1407065,0,0.105103179812431,0.4587021,0.1465426,0.08741494,0.996264,-0.05451091,0.0591394,0.03145095
275252,0.0166671,68.0732927825302,1.185025,0.4112213,-0.4329526,0.4541178,-0.3940331,0.7865855,0.1407065,0,0.105103179812431,0.4587021,0.1465426,0.08741494,0.996264,-0.05451091,0.0591394,0.03145095
275252,0.0166669,68.0899596828967,1.185025,0.4112213,-0.4329526,0.4541178,-0.3940331,0.7865855,0.1407065,0,0.105103179812431,0.4587021,0.1465426,0.08741494,0.996264,-0.05451091,0.0591394,0.03145095
275252,0.0166671,68.1066267825663,1.185025,0.4112213,-0.4329526,0.4541178,-0.3940331,0.7865855,0.1407065,0,0.105103179812431,0.4587021,0.1465426,0.08741494,0.996264,-0.05451091,0.0591394,0.03145095
275252,0.016668,68.1232947818935,1.185025,0.4112213,-0.4329526,0.4541178,-0.3940331,0.7865855,0.1407065,0,0.105103179812431,0.4587021,0.1465426,0.08741494,0.996264,-0.05451091,0.0591394,0.03145095
275252,0.0166663,68.1399610824883,1.185025,0.4112213,-0.4329526,0.4541178,-0.3940331,0.7865855,0.1407065,0,0.105103179812431,0.4587021,0.1465426,0.08741494,0.996264,-0.05451091,0.0591394,0.03145095
275252,0.0166668,68.156627882272,1.185025,0.4112213,-0.4329526,0.4541178,-0.3940331,0.7865855,0.1407065,0,0.105103179812431,0.4587021,0.1465426,0.08741494,0.996264,-0.05451091,0.0591394,0.03145095
275252,0.0166661,68.1732939817011,1.185025,0.4112213,-0.4329526,0.4541178,-0.3940331,0.7865855,0.1407065,0,0.105103179812431,0.4587021,0.1465426,0.08741494,0.996264,-0.05451091,0.0591394,0.03145095
275252,0.0166673,68.1899612825364,1.185025,0.4112213,-0.4329526,0.4541178,-0.3940331,0.7865855,0.1407065,0,0.105103179812431,0.4587021,0.1465426,0.08741494,0.996264,-0.05451091,0.0591394,0.03145095
275312,0.0166668,68.2066280823201,1.185025,0.4112213,-0.4329526,0.4541178,-0.3940331,0.7865855,0.1407065,0,0.105103179812431,0.4587021,0.1465426,0.08741494,0.996264,-0.05451091,0.0591394,0.03145095
275312,0.0166668,68.2232948821038,1.185025,0.4112213,-0.4329526,0.4541178,-0.3940331,0.7865855,0.1407065,0,0.105103179812431,0.4587021,0.1465426,0.08741494,0.996264,-0.05451091,0.0591394,0.03145095
275312,0.016667,68.2399618811905,1.185025,0.4112213,-0.4329526,0.4541178,-0.3940331,0.7865855,0.1407065,0,0.105103179812431,0.4587021,0.1465426,0.08741494,0.996264,-0.05451091,0.0591394,0.03145095
275312,0.0166702,68.2566320803016,1.185025,0.4112213,-0.4329526,0.4541178,-0.3940331,0.7865855,0.1407065,0,0.105103179812431,0.4587021,0.1465426,0.08741494,0.996264,-0.05451091,0.0591394,0.03145095
275312,0.0166661,68.2732981797308,1.185025,0.4112213,-0.4329526,0.4541178,-0.3940331,0.7865855,0.1407065,0,0.105103179812431,0.4587021,0.1465426,0.08741494,0.996264,-0.05451091,0.0591394,0.03145095
275312,0.0166667,68.2899648789316,1.185025,0.4112213,-0.4329526,0.4541178,-0.3940331,0.7865855,0.1407065,0,0.105103179812431,0.4587021,0.1465426,0.08741494,0.996264,-0.05451091,0.0591394,0.03145095
275312,0.0166671,68.3066319786012,1.185025,0.4112213,-0.4329526,0.4541178,-0.3940331,0.7865855,0.1407065,0,0.105103179812431,0.4587021,0.1465426,0.08741494,0.996264,-0.05451091,0.0591394,0.03145095
275334,0.0166676,68.3232995793223,1.185025,0.4112213,-0.4329526,0.4541178,-0.3940331,0.7865855,0.1407065,0,0.105103179812431,0.4587021,0.1465426,0.08741494,0.996264,-0.05451091,0.0591394,0.03145095
275334,0.0166665,68.3399660792202,1.185025,0.4112213,-0.4329526,0.4541178,-0.3940331,0.7865855,0.1407065,0,0.105103179812431,0.4587021,0.1465426,0.08741494,0.996264,-0.05451091,0.0591394,0.03145095
275334,0.0166667,68.356632778421,1.185025,0.4112213,-0.4329526,0.4541178,-0.3940331,0.7865855,0.1407065,0,0.105103179812431,0.4587021,0.1465426,0.08741494,0.996264,-0.05451091,0.0591394,0.03145095
275334,0.0166674,68.3733001779765,1.185025,0.4112213,-0.4329526,0.4541178,-0.3940331,0.7865855,0.1407065,0,0.105103179812431,0.4587021,0.1465426,0.08741494,0.996264,-0.05451091,0.0591394,0.03145095
275334,0.0166666,68.3899667784572,1.185025,0.4112213,-0.4329526,0.4541178,-0.3940331,0.7865855,0.1407065,0,0.105103179812431,0.4587021,0.1465426,0.08741494,0.996264,-0.05451091,0.0591394,0.03145095
275352,0.0166665,68.406633278355,1.185025,0.4112213,-0.4329526,0.4541178,-0.3940331,0.7865855,0.1407065,0,0.105103179812431,0.4587021,0.1465426,0.08741494,0.996264,-0.05451091,0.0591394,0.03145095
275352,0.0166668,68.4233000781387,1.185025,0.4112213,-0.4329526,0.4541178,-0.3940331,0.7865855,0.1407065,0,0.105103179812431,0.4587021,0.1465426,0.08741494,0.996264,-0.05451091,0.0591394,0.03145095
275352,0.0166669,68.4399669785053,1.185025,0.4112213,-0.4329526,0.4541178,-0.3940331,0.7865855,0.1407065,0,0.105103179812431,0.4587021,0.1465426,0.08741494,0.996264,-0.05451091,0.0591394,0.03145095
275352,0.0166671,68.4566340781748,1.185025,0.4112213,-0.4329526,0.4541178,-0.3940331,0.7865855,0.1407065,0,0.105103179812431,0.4587021,0.1465426,0.08741494,0.996264,-0.05451091,0.0591394,0.03145095
275352,0.0166669,68.4733009785414,1.185025,0.4112213,-0.4329526,0.4541178,-0.3940331,0.7865855,0.1407065,0,0.105103179812431,0.4587021,0.1465426,0.08741494,0.996264,-0.05451091,0.0591394,0.03145095
275352,0.0166674,68.4899683780968,1.185025,0.4112213,-0.4329526,0.4541178,-0.3940331,0.7865855,0.1407065,0,0.105103179812431,0.4587021,0.1465426,0.08741494,0.996264,-0.05451091,0.0591394,0.03145095
275352,0.0166661,68.5066344775259,1.185025,0.4112213,-0.4329526,0.4541178,-0.3940331,0.7865855,0.1407065,0,0.105103179812431,0.4587021,0.1465426,0.08741494,0.996264,-0.05451091,0.0591394,0.03145095
275352,0.0166674,68.5233018770814,1.185025,0.4112213,-0.4329526,0.4541178,-0.3940331,0.7865855,0.1407065,0,0.105103179812431,0.4587021,0.1465426,0.08741494,0.996264,-0.05451091,0.0591394,0.03145095
275352,0.017809,68.5411108769476,1.185025,0.4112213,-0.4329526,0.4541178,-0.3940331,0.7865855,0.1407065,0,0.105103179812431,0.4587021,0.1465426,0.08741494,0.996264,-0.05451091,0.0591394,0.03145095
275352,0.016668,68.5577788762748,1.185025,0.4112213,-0.4329526,0.4541178,-0.3940331,0.7865855,0.1407065,0,0.105103179812431,0.4587021,0.1465426,0.08741494,0.996264,-0.05451091,0.0591394,0.03145095
275352,0.0166668,68.5744456760585,1.185025,0.4112213,-0.4329526,0.4541178,-0.3940331,0.7865855,0.1407065,0,0.105103179812431,0.4587021,0.1465426,0.08741494,0.996264,-0.05451091,0.0591394,0.03145095
275352,0.0166673,68.5911129768938,1.185025,0.4112213,-0.4329526,0.4541178,-0.3940331,0.7865855,0.1407065,0,0.105103179812431,0.4587021,0.1465426,0.08741494,0.996264,-0.05451091,0.0591394,0.03145095
275352,0.0166671,68.6077800765634,1.185025,0.4112213,-0.4329526,0.4541178,-0.3940331,0.7865855,0.1407065,0,0.105103179812431,0.4587021,0.1465426,0.08741494,0.996264,-0.05451091,0.0591394,0.03145095
275352,0.0166661,68.6244461759925,1.185025,0.4112213,-0.4329526,0.4541178,-0.3940331,0.7865855,0.1407065,0,0.105103179812431,0.4587021,0.1465426,0.08741494,0.996264,-0.05451091,0.0591394,0.03145095
275352,0.0166669,68.641113076359,1.185025,0.4112213,-0.4329526,0.4541178,-0.3940331,0.7865855,0.1407065,0,0.105103179812431,0.4587021,0.1465426,0.08741494,0.996264,-0.05451091,0.0591394,0.03145095
275352,0.0166669,68.6577799767256,1.185025,0.4112213,-0.4329526,0.4541178,-0.3940331,0.7865855,0.1407065,0,0.105103179812431,0.4587021,0.1465426,0.08741494,0.996264,-0.05451091,0.0591394,0.03145095
275352,0.0166668,68.6744467765093,1.185025,0.4112213,-0.4329526,0.4541178,-0.3940331,0.7865855,0.1407065,0,0.105103179812431,0.4587021,0.1465426,0.08741494,0.996264,-0.05451091,0.0591394,0.03145095
275352,0.0166672,68.6911139767617,1.185025,0.4112213,-0.4329526,0.4541178,-0.3940331,0.7865855,0.1407065,0,0.105103179812431,0.4587021,0.1465426,0.08741494,0.996264,-0.05451091,0.0591394,0.03145095
275412,0.0166727,68.7077866774052,1.185025,0.4112213,-0.4329526,0.4541178,-0.3940331,0.7865855,0.1407065,0,0.105103179812431,0.4587021,0.1465426,0.08741494,0.996264,-0.05451091,0.0591394,0.03145095
275412,0.0166674,68.7244540769607,1.185025,0.4112213,-0.4329526,0.4541178,-0.3940331,0.7865855,0.1407065,0,0.105103179812431,0.4587021,0.1465426,0.08741494,0.996264,-0.05451091,0.0591394,0.03145095
275412,0.016666,68.7411200776696,1.185025,0.4112213,-0.4329526,0.4541178,-0.3940331,0.7865855,0.1407065,0,0.105103179812431,0.4587021,0.1465426,0.08741494,0.996264,-0.05451091,0.0591394,0.03145095
275412,0.0166671,68.7577871773392,1.185025,0.4112213,-0.4329526,0.4541178,-0.3940331,0.7865855,0.1407065,0,0.105103179812431,0.4587021,0.1465426,0.08741494,0.996264,-0.05451091,0.0591394,0.03145095
275412,0.0166668,68.7744539771229,1.185025,0.4112213,-0.4329526,0.4541178,-0.3940331,0.7865855,0.1407065,0,0.105103179812431,0.4587021,0.1465426,0.08741494,0.996264,-0.05451091,0.0591394,0.03145095
275412,0.0166669,68.7911208774894,1.185025,0.4112213,-0.4329526,0.4541178,-0.3940331,0.7865855,0.1407065,0,0.105103179812431,0.4587021,0.1465426,0.08741494,0.996264,-0.05451091,0.0591394,0.03145095
275412,0.0166673,68.8077881783247,1.185025,0.4112213,-0.4329526,0.4541178,-0.3940331,0.7865855,0.1407065,0,0.105103179812431,0.4587021,0.1465426,0.08741494,0.996264,-0.05451091,0.0591394,0.03145095
275434,0.016667,68.8244551774114,1.185025,0.4112213,-0.4329526,0.4541178,-0.3940331,0.7865855,0.1407065,0,0.105103179812431,0.4587021,0.1465426,0.08741494,0.996264,-0.05451091,0.0591394,0.03145095
275434,0.0166665,68.8411216773093,1.185025,0.4112213,-0.4329526,0.4541178,-0.3940331,0.7865855,0.1407065,0,0.105103179812431,0.4587021,0.1465426,0.08741494,0.996264,-0.05451091,0.0591394,0.03145095
275434,0.0166671,68.8577887769789,1.185025,0.4112213,-0.4329526,0.4541178,-0.3940331,0.7865855,0.1407065,0,0.105103179812431,0.4587021,0.1465426,0.08741494,0.996264,-0.05451091,0.0591394,0.03145095
275434,0.016667,68.8744557760656,1.185025,0.4112213,-0.4329526,0.4541178,-0.3940331,0.7865855,0.1407065,0,0.105103179812431,0.4587021,0.1465426,0.08741494,0.996264,-0.05451091,0.0591394,0.03145095
275434,0.0166664,68.8911221753806,1.185025,0.4112213,-0.4329526,0.4541178,-0.3940331,0.7865855,0.1407065,0,0.105103179812431,0.4587021,0.1465426,0.08741494,0.996264,-0.05451091,0.0591394,0.03145095
275452,0.01667,68.9077921751887,1.185025,0.4112213,-0.4329526,0.4541178,-0.3940331,0.7865855,0.1407065,0,0.105103179812431,0.4587021,0.1465426,0.08741494,0.996264,-0.05451091,0.0591394,0.03145095
275452,0.0166663,68.9244584757835,1.185025,0.4112213,-0.4329526,0.4541178,-0.3940331,0.7865855,0.1407065,0,0.105103179812431,0.4587021,0.1465426,0.08741494,0.996264,-0.05451091,0.0591394,0.03145095
275452,0.0166664,68.9411248750985,1.185025,0.4112213,-0.4329526,0.4541178,-0.3940331,0.7865855,0.1407065,0,0.105103179812431,0.4587021,0.1465426,0.08741494,0.996264,-0.05451091,0.0591394,0.03145095
275452,0.0166672,68.9577920753509,1.185025,0.4112213,-0.4329526,0.4541178,-0.3940331,0.7865855,0.1407065,0,0.105103179812431,0.4587021,0.1465426,0.08741494,0.996264,-0.05451091,0.0591394,0.03145095
275452,0.1193709,69.0771629754454,1.185025,0.4112213,-0.4329526,0.4541178,-0.3940331,0.7865855,0.1407065,0,0.105103179812431,0.4587021,0.1465426,0.08741494,0.996264,-0.05451091,0.0591394,0.03145095
275452,0.0269104,69.1040733754635,1.185025,0.4112213,-0.4329526,0.4541178,-0.3940331,0.7865855,0.1407065,0,0.105103179812431,0.4587021,0.1465426,0.08741494,0.996264,-0.05451091,0.0591394,0.03145095
275452,0.0166682,69.1207415759563,1.185025,0.4112213,-0.4329526,0.4541178,-0.3940331,0.7865855,0.1407065,0,0.105103179812431,0.4587021,0.1465426,0.08741494,0.996264,-0.05451091,0.0591394,0.03145095
275452,0.0166675,69.1374090760946,1.185025,0.4112213,-0.4329526,0.4541178,-0.3940331,0.7865855,0.1407065,0,0.105103179812431,0.4587021,0.1465426,0.08741494,0.996264,-0.05451091,0.0591394,0.03145095
275452,0.0166671,69.1540761757642,1.185025,0.4112213,-0.4329526,0.4541178,-0.3940331,0.7865855,0.1407065,0,0.105103179812431,0.4587021,0.1465426,0.08741494,0.996264,-0.05451091,0.0591394,0.03145095
275452,0.0166669,69.1707430761307,1.185025,0.4112213,-0.4329526,0.4541178,-0.3940331,0.7865855,0.1407065,0,0.105103179812431,0.4587021,0.1465426,0.08741494,0.996264,-0.05451091,0.0591394,0.03145095
275452,0.0166714,69.187414476648,1.185025,0.4112213,-0.4329526,0.4541178,-0.3940331,0.7865855,0.1407065,0,0.105103179812431,0.4587021,0.1465426,0.08741494,0.996264,-0.05451091,0.0591394,0.03145095
275512,0.016663,69.2040774766356,1.185025,0.4112213,-0.4329526,0.4541178,-0.3940331,0.7865855,0.1407065,0,0.105103179812431,0.4587021,0.1465426,0.08741494,0.996264,-0.05451091,0.0591394,0.03145095
275512,0.0166681,69.2207455765456,1.185025,0.4112213,-0.4329526,